[category]
bit_manipulation
[prompt]
In Alice's Wonderland, a secret bit manipulation rule transforms 8-bit binary numbers. The transformation involves operations like bit shifts, rotations, XOR, AND, OR, NOT, and possibly majority or choice functions.

Here are some examples of input -> output:
11000110 -> 11011000
10110110 -> 11010110
11111001 -> 00111111
10010100 -> 10010010
00111111 -> 11100111
00010010 -> 01000010
11010100 -> 10011010
01111000 -> 00001111
01101000 -> 00001101

Now, determine the output for: 10110011
[completion]
We need to deduce the transformation by matching the example outputs.
I will put my final answer inside \boxed{}.

Output 0: 11011000
0 1
1 1
2 0
3 1
4 1
5 0
6 0
7 0

Output 1: 11010110
0 1
1 1
2 0
3 1
4 0
5 1
6 1
7 0

Output 2: 00111111
0 0
1 0
2 1
3 1
4 1
5 1
6 1
7 1

Output 3: 10010010
0 1
1 0
2 0
3 1
4 0
5 0
6 1
7 0

Output 4: 11100111
0 1
1 1
2 1
3 0
4 0
5 1
6 1
7 1

Output 5: 01000010
0 0
1 1
2 0
3 0
4 0
5 0
6 1
7 0

Output 6: 10011010
0 1
1 0
2 0
3 1
4 1
5 0
6 1
7 0

Output 7: 00001111
0 0
1 0
2 0
3 0
4 1
5 1
6 1
7 1

Output 8: 00001101
0 0
1 0
2 0
3 0
4 1
5 1
6 0
7 1

Output bit columns (with bitsum as hash)
0 110110100 5
1 110011000 4
2 001010000 2
3 111100100 5
4 101000111 5
5 011010011 5
6 011111110 7
7 001010011 4

Input 0: 11000110
0 1
1 1
2 0
3 0
4 0
5 1
6 1
7 0

Input 1: 10110110
0 1
1 0
2 1
3 1
4 0
5 1
6 1
7 0

Input 2: 11111001
0 1
1 1
2 1
3 1
4 1
5 0
6 0
7 1

Input 3: 10010100
0 1
1 0
2 0
3 1
4 0
5 1
6 0
7 0

Input 4: 00111111
0 0
1 0
2 1
3 1
4 1
5 1
6 1
7 1

Input 5: 00010010
0 0
1 0
2 0
3 1
4 0
5 0
6 1
7 0

Input 6: 11010100
0 1
1 1
2 0
3 1
4 0
5 1
6 0
7 0

Input 7: 01111000
0 0
1 1
2 1
3 1
4 1
5 0
6 0
7 0

Input 8: 01101000
0 0
1 1
2 1
3 0
4 1
5 0
6 0
7 0

When matching output
x: not in operator
y: wrong position

Identity
0 111100100 5 match 3
1 101000111 5 match 4
2 011010011 5 match 5
3 011111110 7 match 6
4 001010011 4 match 7
5 110110100 5 match 0
6 110011000 4 match 1
7 001010000 2 match 2

Matching output
0 5
1 6
2 7
3 0
4 1
5 2
6 3
7 4

Left
5 6 7 0 1 2 3 4
Best: I5 6 7 0 1 2 3 4: 8

Right
4 3 2 1 0 7 6 5
Best: I4 3 2 1 0 7 6 5: 8

NOT
0 000011011 4
1 010111000 4
2 100101100 4
3 100000001 2
4 110101100 5
5 001001011 4
6 001100111 5
7 110101111 7

Matching output
0 absent
1 absent
2 absent
3 absent
4 absent
5 absent
6 absent
7 absent

Left
none
Best: none

Right
none
Best: none

Constant
0 000000000 a
1 111111111 a

Matching output
0 absent
1 absent
2 absent
3 absent
4 absent
5 absent
6 absent
7 absent

Left
none
Best: none

Right
none
Best: none

AND
01 10 101000100 3
12 21 001000011 3
23 32 011010010 4
34 43 001010010 3
45 54 000010000 1
56 65 110010000 3
67 76 000010000 1
70 07 001000000 1

02 20 011000000 2
13 31 001000110 3
24 42 001010011 4 match 7
35 53 010110100 4
46 64 000010000 1
57 75 000010000 1
60 06 110000000 2
71 17 001000000 1

03 30 011100100 4
14 41 001000011 3
25 52 010010000 2
36 63 010011000 3
47 74 001010000 2 match 2
50 05 110100100 4
61 16 100000000 1
72 27 001010000 2 match 2

04 40 001000000 1
15 51 100000100 2
26 62 010010000 2
37 73 001010000 2 match 2

Matching output
0 absent
1 absent
2 47 74 72 27 37 73
3 absent
4 absent
5 absent
6 absent
7 24 42

Left
none
Best: none

Right
24 13x
42 31x
Best: AND24: 1

OR
01 10 111100111 7
12 21 111010111 7
23 32 011111111 8
34 43 011111111 8
45 54 111110111 8
56 65 110111100 6
67 76 111011000 5
70 07 111110100 6

02 20 111110111 8
13 31 111111111 a
24 42 011010011 5 match 5
35 53 111111110 8
46 64 111011011 7
57 75 111110100 6
60 06 111111100 7
71 17 101010111 6

03 30 111111110 8
14 41 101010111 6
25 52 111110111 8
36 63 111111110 8
47 74 001010011 4 match 7
50 05 111110100 6
61 16 111011111 8
72 27 011010011 5 match 5

04 40 111110111 8
15 51 111110111 8
26 62 111011011 7
37 73 011111110 7 match 6

Matching output
0 absent
1 absent
2 absent
3 absent
4 absent
5 24 42 72 27
6 37 73
7 47 74

Left
none
Best: none

Right
47 36x
74 63x
Best: OR47: 1

XOR
01 10 010100011 4
12 21 110010100 4
23 32 000101101 4
34 43 010101101 5
45 54 111100111 7
56 65 000101100 3
67 76 111001000 4
70 07 110110100 5 match 0

02 20 100110111 6
13 31 110111001 6
24 42 010000000 1
35 53 101001010 4
46 64 111001011 6
57 75 111100100 5 match 3
60 06 001111100 5
71 17 100010111 5

03 30 100011010 4
14 41 100010100 3
25 52 101100111 6
36 63 101100110 5
47 74 000000011 2
50 05 001010000 2 match 2
61 16 011011111 7
72 27 010000011 3

04 40 110110111 7
15 51 011110011 6
26 62 101001011 5
37 73 010101110 5

Matching output
0 70 07
1 absent
2 50 05
3 57 75
4 absent
5 absent
6 absent
7 absent

Left
70 01x
07 10x
Best: XOR70: 1

Right
none
Best: none

AND-NOT
01 010100000 2
12 100000100 2
23 000000001 1
34 010101100 4
45 001000011 3
56 000100100 2
67 110001000 3
70 000010000 1

02 100100100 3
13 100000001 2
24 010000000 1
35 001001010 3
46 001000011 3
57 110100100 4
60 000011000 2
71 000010000 1

03 100000000 1
14 100000100 2
25 001000011 3
36 001100110 4
47 000000011 2
50 000010000 1
61 010011000 3
72 000000000 a

04 110100100 4
15 001000011 3
26 001000011 3
37 010101110 5
40 000010011 3
51 010110000 3
62 100001000 2
73 000000000 a

05 001000000 1
16 001000111 4
27 010000011 3
30 000011010 3
41 000010000 1
52 100100100 3
63 100000000 1
74 000000000 a

06 001100100 3
17 100000111 4
20 000010011 3
31 010111000 4
42 000000000 a
53 100000000 1
64 110001000 3
75 001000000 1

07 110100100 4
10 000000011 2
21 010010000 2
32 000101100 3
43 000000001 1
54 110100100 4
65 000001000 1
76 001000000 1

Matching output
0 absent
1 absent
2 absent
3 absent
4 absent
5 absent
6 absent
7 absent

Left
none
Best: none

Right
none
Best: none

OR-NOT
01 111111100 7
12 101101111 7
23 111010011 6
34 111111110 8
45 001011011 5
56 111110111 8
67 110111111 8
70 001011011 5

02 111101100 6
13 101000111 5 match 4
24 111111111 a
35 011111111 8
46 001110111 6
57 110111111 8
60 110011011 6
71 011111000 5

03 111100101 6
14 111101111 8
25 011011011 6
36 011111111 8
47 111111111 a
50 110111111 8
61 110111000 5
72 101111100 6

04 111101100 6
15 101001111 6
26 011110111 7
37 111111111 a
40 001011011 5
51 110111100 6
62 110111100 6
73 101010001 4

05 111101111 8
16 101100111 6
27 111111111 a
30 011111111 8
41 011111011 7
52 110111100 6
63 110011001 5
74 111111100 7

06 111100111 7
17 111101111 8
20 011011011 6
31 011111110 7 match 6
42 101111111 8
53 110110101 6
64 110111100 6
75 001011011 5

07 111101111 8
10 101011111 7
21 011111011 7
32 111111110 8
43 101010011 5
54 110111100 6
65 111011011 7
76 001110111 6

Matching output
0 absent
1 absent
2 absent
3 absent
4 13
5 absent
6 31
7 absent

Left
none
Best: none

Right
none
Best: none

XOR-NOT
01 101011100 5
12 001101011 5
23 111010010 5
34 101010010 4
45 000011000 2
56 111010011 6
67 000110111 5
70 001001011 4

02 011001000 3
13 001000110 3
24 101111111 8
35 010110101 5
46 000110100 3
57 000011011 4
60 110000011 4
71 011101000 4

03 011100101 5
14 011101011 6
25 010011000 3
36 010011001 4
47 111111100 7
50 110101111 7
61 100100000 2
72 101111100 6

04 001001000 2
15 100001100 3
26 010110100 4
37 101010001 4
40 001001000 2
51 100001100 3
62 010110100 4
73 101010001 4

05 110101111 7
16 100100000 2
27 101111100 6
30 011100101 5
41 011101011 6
52 010011000 3
63 010011001 4
74 111111100 7

06 110000011 4
17 011101000 4
20 011001000 3
31 001000110 3
42 101111111 8
53 010110101 5
64 000110100 3
75 000011011 4

07 001001011 4
10 101011100 5
21 001101011 5
32 111010010 5
43 101010010 4
54 000011000 2
65 111010011 6
76 000110111 5

Matching output
0 absent
1 absent
2 absent
3 absent
4 absent
5 absent
6 absent
7 absent

Left
none
Best: none

Right
none
Best: none

Selecting

Lefts
Identity I5 6 7 0 1 2 3 4: 8
NOT none
Constant none
AND none
OR none
XOR XOR70: 1
AND-NOT none
OR-NOT none
XOR-NOT none

Rights
Identity I4 3 2 1 0 7 6 5: 8
NOT none
Constant none
AND AND24: 1
OR OR47: 1
XOR none
AND-NOT none
OR-NOT none
XOR-NOT none

Left longest: 8
Right longest: 8

Left winner: Identity yes, NOT no, Constant no, AND no, OR no, XOR no, AND-NOT no, OR-NOT no, XOR-NOT no
Right winner: Identity yes, NOT no, Constant no, AND no, OR no, XOR no, AND-NOT no, OR-NOT no, XOR-NOT no

Best left: I5 6 7 0 1 2 3 4: 8
Best right: I4 3 2 1 0 7 6 5: 8

Truncated left: I5 6 7 0 1 2 3 4: 8
Truncated right: none truncated

Tentative from right
7 pending
6 pending
5 pending
4 pending
3 pending
2 pending
1 pending
0 pending

Tentative
0 I5
1 I6
2 I7
3 I0
4 I1
5 I2
6 I3
7 I4

Preferred from left
0 I5
1 I6
2 I7
3 I0
4 I1
5 I2
6 I3
7 I4

Preferred from right
7 I4
6 I3
5 I2
4 I1
3 I0
2 I7
1 I6
0 I5

Preferred
0 I5
1 I6
2 I7
3 I0
4 I1
5 I2
6 I3
7 I4

Matching
0 I5
1 I6
2 I7
3 I0
4 I1
5 I2
6 I3
7 I4

Perfect match
Identity no
NOT no
Constant no
AND no
OR no
XOR no
AND-NOT no
OR-NOT no
XOR-NOT no

Matched
0 I5
1 I6
2 I7
3 I0
4 I1
5 I2
6 I3
7 I4

Selected
0 I5
1 I6
2 I7
3 I0
4 I1
5 I2
6 I3
7 I4

Applying to 10110011
Input
0 1
1 0
2 1
3 1
4 0
5 0
6 1
7 1
Output
0 I5 = 0
1 I6 = 1
2 I7 = 1
3 I0 = 1
4 I1 = 0
5 I2 = 1
6 I3 = 1
7 I4 = 0

I will now return the answer in \boxed{}
The answer in \boxed{–} is \boxed{01110110}
[correct]
true
