[category]
bit_manipulation
[prompt]
In Alice's Wonderland, a secret bit manipulation rule transforms 8-bit binary numbers. The transformation involves operations like bit shifts, rotations, XOR, AND, OR, NOT, and possibly majority or choice functions.

Here are some examples of input -> output:
10001010 -> 00000000
11101110 -> 01100011
11101101 -> 11010010
01011010 -> 00100001
00001110 -> 00000000
00011101 -> 10000000
10101101 -> 11010010
10111011 -> 10010000
10111110 -> 01000010

Now, determine the output for: 10100101
[completion]
We need to deduce the transformation by matching the example outputs.
I will put my final answer inside \boxed{}.

Output 0: 00000000
0 0
1 0
2 0
3 0
4 0
5 0
6 0
7 0

Output 1: 01100011
0 0
1 1
2 1
3 0
4 0
5 0
6 1
7 1

Output 2: 11010010
0 1
1 1
2 0
3 1
4 0
5 0
6 1
7 0

Output 3: 00100001
0 0
1 0
2 1
3 0
4 0
5 0
6 0
7 1

Output 4: 00000000
0 0
1 0
2 0
3 0
4 0
5 0
6 0
7 0

Output 5: 10000000
0 1
1 0
2 0
3 0
4 0
5 0
6 0
7 0

Output 6: 11010010
0 1
1 1
2 0
3 1
4 0
5 0
6 1
7 0

Output 7: 10010000
0 1
1 0
2 0
3 1
4 0
5 0
6 0
7 0

Output 8: 01000010
0 0
1 1
2 0
3 0
4 0
5 0
6 1
7 0

Output bit columns (with bitsum as hash)
0 001001110 4
1 011000101 4
2 010100000 2
3 001000110 3
4 000000000 a
5 000000000 a
6 011000101 4
7 010100000 2

Input 0: 10001010
0 1
1 0
2 0
3 0
4 1
5 0
6 1
7 0

Input 1: 11101110
0 1
1 1
2 1
3 0
4 1
5 1
6 1
7 0

Input 2: 11101101
0 1
1 1
2 1
3 0
4 1
5 1
6 0
7 1

Input 3: 01011010
0 0
1 1
2 0
3 1
4 1
5 0
6 1
7 0

Input 4: 00001110
0 0
1 0
2 0
3 0
4 1
5 1
6 1
7 0

Input 5: 00011101
0 0
1 0
2 0
3 1
4 1
5 1
6 0
7 1

Input 6: 10101101
0 1
1 0
2 1
3 0
4 1
5 1
6 0
7 1

Input 7: 10111011
0 1
1 0
2 1
3 1
4 1
5 0
6 1
7 1

Input 8: 10111110
0 1
1 0
2 1
3 1
4 1
5 1
6 1
7 0

When matching output
x: not in operator
y: wrong position

Identity
0 111000111 6
1 011100000 3
2 011000111 5
3 000101011 4
4 111111111 a
5 011011101 6
6 110110011 6
7 001001110 4 match 0

Matching output
0 7
1 absent
2 absent
3 absent
4 absent
5 absent
6 absent
7 absent

Left
7 0x
Best: I7: 1

Right
none
Best: none

NOT
0 000111000 3
1 100011111 6
2 100111000 4
3 111010100 5
4 000000000 a match 4 5
5 100100010 3
6 001001100 3
7 110110001 5

Matching output
0 absent
1 absent
2 absent
3 absent
4 4
5 4
6 absent
7 absent

Left
none
Best: none

Right
none
Best: none

Constant
0 000000000 a match 4 5
1 111111111 a

Matching output
0 absent
1 absent
2 absent
3 absent
4 C0
5 C0
6 absent
7 absent

Left
none
Best: none

Right
none
Best: none

AND
01 10 011000000 2
12 21 011000000 2
23 32 000000011 2
34 43 000101011 4
45 54 011011101 6
56 65 010010001 3
67 76 000000010 1
70 07 001000110 3 match 3

02 20 011000111 5
13 31 000100000 1
24 42 011000111 5
35 53 000001001 2
46 64 110110011 6
57 75 001001100 3
60 06 110000011 4
71 17 001000000 1

03 30 000000011 2
14 41 011100000 3
25 52 011000101 4 match 1 6
36 63 000100011 3
47 74 001001110 4 match 0
50 05 011000101 4 match 1 6
61 16 010100000 2 match 2 7
72 27 001000110 3 match 3

04 40 111000111 6
15 51 011000000 2
26 62 010000011 3
37 73 000001010 2

Matching output
0 47 74
1 25 52 50 05
2 61 16
3 70 07 72 27
4 absent
5 absent
6 25 52 50 05
7 61 16

Left
47 50 61 72 03x
74 05 16 27 30x
Best: AND47 50 61 72: 4

Right
61 50 47y
16 05 74y
Best: AND61 50: 2

OR
01 10 111100111 7
12 21 011100111 6
23 32 011101111 7
34 43 111111111 a
45 54 111111111 a
56 65 111111111 a
67 76 111111111 a
70 07 111001111 7

02 20 111000111 6
13 31 011101011 6
24 42 111111111 a
35 53 011111111 8
46 64 111111111 a
57 75 011011111 7
60 06 111110111 8
71 17 011101110 6

03 30 111101111 8
14 41 111111111 a
25 52 011011111 7
36 63 110111011 7
47 74 111111111 a
50 05 111011111 8
61 16 111110011 7
72 27 011001111 6

04 40 111111111 a
15 51 011111101 7
26 62 111110111 8
37 73 001101111 6

Matching output
0 absent
1 absent
2 absent
3 absent
4 absent
5 absent
6 absent
7 absent

Left
none
Best: none

Right
none
Best: none

XOR
01 10 100100111 5
12 21 000100111 4
23 32 011101100 5
34 43 111010100 5
45 54 100100010 3
56 65 101101110 6
67 76 111111101 8
70 07 110001001 4

02 20 100000000 1
13 31 011001011 5
24 42 100111000 4
35 53 011110110 6
46 64 001001100 3
57 75 010010011 4
60 06 001110100 4
71 17 010101110 5

03 30 111101100 6
14 41 100011111 6
25 52 000011010 3
36 63 110011000 4
47 74 110110001 5
50 05 100011010 4
61 16 101010011 5
72 27 010001001 3

04 40 000111000 3
15 51 000111101 5
26 62 101110100 5
37 73 001100101 4

Matching output
0 absent
1 absent
2 absent
3 absent
4 absent
5 absent
6 absent
7 absent

Left
none
Best: none

Right
none
Best: none

AND-NOT
01 100000111 4
12 000100000 1
23 011000100 3
34 000000000 a match 4 5
45 100100010 3
56 001001100 3
67 110110001 5
70 000001000 1

02 100000000 1
13 011000000 2
24 000000000 a match 4 5
35 000100010 2
46 001001100 3
57 010010001 3
60 000110000 2
71 000001110 3

03 111000100 4
14 000000000 a match 4 5
25 000000010 1
36 000001000 1
47 110110001 5
50 000011000 2
61 100010011 4
72 000001000 1

04 000000000 a match 4 5
15 000100000 1
26 001000100 2
37 000100001 2
40 000111000 3
51 000011101 4
62 100110000 3
73 001000100 2

05 100000010 2
16 001000000 1
27 010000001 2
30 000101000 2
41 100011111 6
52 000011000 2
63 110010000 3
74 000000000 a match 4 5

06 001000100 2
17 010100000 2 match 2 7
20 000000000 a match 4 5
31 000001011 3
42 100111000 4
53 011010100 4
64 000000000 a match 4 5
75 000000010 1

07 110000001 3
10 000100000 1
21 000000111 3
32 000101000 2
43 111010100 5
54 000000000 a match 4 5
65 100100010 3
76 001001100 3

Matching output
0 absent
1 absent
2 17
3 absent
4 34 24 14 04 74 20 64 54
5 34 24 14 04 74 20 64 54
6 absent
7 17

Left
none
Best: none

Right
17 06x
Best: AND-NOT17: 1

OR-NOT
01 111011111 8
12 111111000 6
23 111010111 7
34 000101011 4
45 111111111 a
56 011011101 6
67 110110011 6
70 001111110 6

02 111111111 a
13 111110100 6
24 011000111 5
35 100101011 5
46 111111111 a
57 111111101 8
60 110111011 7
71 101011111 7

03 111010111 7
14 011100000 3
25 111100111 7
36 001101111 6
47 111111111 a
50 011111101 7
61 110111111 8
72 101111110 7

04 111000111 6
15 111100010 5
26 011001111 6
37 110111011 7
40 111111111 a
51 111011111 8
62 110111011 7
73 111011110 7

05 111100111 7
16 011101100 5
27 111110111 8
30 000111011 5
41 111111111 a
52 111111101 8
63 111110111 8
74 001001110 4 match 0

06 111001111 7
17 111110001 6
20 011111111 8
31 100111111 7
42 111111111 a
53 111011101 7
64 110110011 6
75 101101110 6

07 111110111 8
10 011111000 5
21 111011111 8
32 100111011 6
43 111111111 a
54 011011101 6
65 110110011 6
76 001001110 4 match 0

Matching output
0 74 76
1 absent
2 absent
3 absent
4 absent
5 absent
6 absent
7 absent

Left
74 05x
76 07x
Best: OR-NOT74: 1

Right
none
Best: none

XOR-NOT
01 011011000 4
12 111011000 5
23 100010011 4
34 000101011 4
45 011011101 6
56 010010001 3
67 000000010 1
70 001110110 5

02 011111111 8
13 100110100 4
24 011000111 5
35 100001001 3
46 110110011 6
57 101101100 5
60 110001011 5
71 101010001 4

03 000010011 3
14 011100000 3
25 111100101 6
36 001100111 5
47 001001110 4 match 0
50 011100101 5
61 010101100 4
72 101110110 6

04 111000111 6
15 111000010 4
26 010001011 4
37 110011010 5
40 111000111 6
51 111000010 4
62 010001011 4
73 110011010 5

05 011100101 5
16 010101100 4
27 101110110 6
30 000010011 3
41 011100000 3
52 111100101 6
63 001100111 5
74 001001110 4 match 0

06 110001011 5
17 101010001 4
20 011111111 8
31 100110100 4
42 011000111 5
53 100001001 3
64 110110011 6
75 101101100 5

07 001110110 5
10 011011000 4
21 111011000 5
32 100010011 4
43 000101011 4
54 011011101 6
65 010010001 3
76 000000010 1

Matching output
0 47 74
1 absent
2 absent
3 absent
4 absent
5 absent
6 absent
7 absent

Left
47 50x
74 05x
Best: XOR-NOT47: 1

Right
none
Best: none

Selecting

Lefts
Identity I7: 1
NOT none
Constant none
AND AND47 50 61 72: 4
OR none
XOR none
AND-NOT none
OR-NOT OR-NOT74: 1
XOR-NOT XOR-NOT47: 1

Rights
Identity none
NOT none
Constant none
AND AND61 50: 2
OR none
XOR none
AND-NOT AND-NOT17: 1
OR-NOT none
XOR-NOT none

Left longest: 4
Right longest: 2

Left winner: Identity no, NOT no, Constant no, AND yes, OR no, XOR no, AND-NOT no, OR-NOT no, XOR-NOT no
Right winner: Identity no, NOT no, Constant no, AND yes, OR no, XOR no, AND-NOT no, OR-NOT no, XOR-NOT no

Best left: AND47 50 61 72: 4
Best right: AND61 50: 2

Truncated left: AND47 50 61 72: 4
Truncated right: AND61 50: 2

Tentative from right
7 AND61
6 AND50
5 pending
4 pending
3 pending
2 pending
1 pending
0 pending

Tentative
0 AND47
1 AND50
2 AND61
3 AND72
4 pending
5 pending
6 AND50
7 AND61

Preferred from left
0 AND47
1 AND50
2 AND61
3 AND72
4 ?03
5 ?14
6 AND50
7 AND61

Preferred from right
7 AND61
6 AND50
5 ?14
4 ?03
3 AND72
2 AND61
1 AND50
0 AND47

Preferred
0 AND47
1 AND50
2 AND61
3 AND72
4 ?03 ?30
5 ?14 ?41
6 AND50
7 AND61

Matching
0 AND47
1 AND50
2 AND61
3 AND72
4 ?03 ?30 - Identity absent, NOT absent, Constant C0, AND absent, OR absent, XOR absent, AND-NOT absent, OR-NOT absent, XOR-NOT absent
5 ?14 ?41 - Identity absent, NOT NOT4, Constant C0, AND absent, OR absent, XOR absent, AND-NOT14, OR-NOT absent, XOR-NOT absent
6 AND50
7 AND61

Perfect match
Identity no
NOT no
Constant yes
AND no
OR no
XOR no
AND-NOT no
OR-NOT no
XOR-NOT no

Matched
0 AND47
1 AND50
2 AND61
3 AND72
4 C0
5 C0
6 AND50
7 AND61

Selected
0 AND47
1 AND50
2 AND61
3 AND72
4 C0
5 C0
6 AND50
7 AND61

Applying to 10100101
Input
0 1
1 0
2 1
3 0
4 0
5 1
6 0
7 1
Output
0 AND47 = AND(0,1) = 0
1 AND50 = AND(1,1) = 1
2 AND61 = AND(0,0) = 0
3 AND72 = AND(1,1) = 1
4 C0 = 0
5 C0 = 0
6 AND50 = AND(1,1) = 1
7 AND61 = AND(0,0) = 0

I will now return the answer in \boxed{}
The answer in \boxed{–} is \boxed{01010010}
[correct]
true
