[category]
bit_manipulation
[prompt]
In Alice's Wonderland, a secret bit manipulation rule transforms 8-bit binary numbers. The transformation involves operations like bit shifts, rotations, XOR, AND, OR, NOT, and possibly majority or choice functions.

Here are some examples of input -> output:
10001010 -> 00101010
00001100 -> 00110000
01101010 -> 10101001
11000110 -> 00011011
00101101 -> 00010100
00000100 -> 00010000
10110100 -> 01010010
11101100 -> 00110011
01010100 -> 01010001
11000011 -> 00001111

Now, determine the output for: 00100011
[completion]
We need to deduce the transformation by matching the example outputs.
I will put my final answer inside \boxed{}.

Output 0: 00101010
0 0
1 0
2 1
3 0
4 1
5 0
6 1
7 0

Output 1: 00110000
0 0
1 0
2 1
3 1
4 0
5 0
6 0
7 0

Output 2: 10101001
0 1
1 0
2 1
3 0
4 1
5 0
6 0
7 1

Output 3: 00011011
0 0
1 0
2 0
3 1
4 1
5 0
6 1
7 1

Output 4: 00010100
0 0
1 0
2 0
3 1
4 0
5 1
6 0
7 0

Output 5: 00010000
0 0
1 0
2 0
3 1
4 0
5 0
6 0
7 0

Output 6: 01010010
0 0
1 1
2 0
3 1
4 0
5 0
6 1
7 0

Output 7: 00110011
0 0
1 0
2 1
3 1
4 0
5 0
6 1
7 1

Output 8: 01010001
0 0
1 1
2 0
3 1
4 0
5 0
6 0
7 1

Output 9: 00001111
0 0
1 0
2 0
3 0
4 1
5 1
6 1
7 1

Output bit columns (with bitsum as hash)
0 0010000000 1
1 0000001010 2
2 1110000100 4
3 0101111110 7
4 1011000001 4
5 0000100001 2
6 1001001101 5
7 0011000111 5

Input 0: 10001010
0 1
1 0
2 0
3 0
4 1
5 0
6 1
7 0

Input 1: 00001100
0 0
1 0
2 0
3 0
4 1
5 1
6 0
7 0

Input 2: 01101010
0 0
1 1
2 1
3 0
4 1
5 0
6 1
7 0

Input 3: 11000110
0 1
1 1
2 0
3 0
4 0
5 1
6 1
7 0

Input 4: 00101101
0 0
1 0
2 1
3 0
4 1
5 1
6 0
7 1

Input 5: 00000100
0 0
1 0
2 0
3 0
4 0
5 1
6 0
7 0

Input 6: 10110100
0 1
1 0
2 1
3 1
4 0
5 1
6 0
7 0

Input 7: 11101100
0 1
1 1
2 1
3 0
4 1
5 1
6 0
7 0

Input 8: 01010100
0 0
1 1
2 0
3 1
4 0
5 1
6 0
7 0

Input 9: 11000011
0 1
1 1
2 0
3 0
4 0
5 0
6 1
7 1

When matching output
x: not in operator
y: wrong position

Identity
0 1001001101 5 match 6
1 0011000111 5 match 7
2 0010101100 4
3 0000001010 2 match 1
4 1110100100 5
5 0101111110 7 match 3
6 1011000001 4 match 4
7 0000100001 2 match 5

Matching output
0 absent
1 3
2 absent
3 5
4 6
5 7
6 0
7 1

Left
none
Best: none

Right
1 0 7 6 5 4x
Best: I1 0 7 6 5: 5

NOT
0 0110110010 5
1 1100111000 5
2 1101010011 6
3 1111110101 8
4 0001011011 5
5 1010000001 3
6 0100111110 6
7 1111011110 8

Matching output
0 absent
1 absent
2 absent
3 absent
4 absent
5 absent
6 absent
7 absent

Left
none
Best: none

Right
none
Best: none

Constant
0 0000000000 a
1 1111111111 a

Matching output
0 absent
1 absent
2 absent
3 absent
4 absent
5 absent
6 absent
7 absent

Left
none
Best: none

Right
none
Best: none

AND
01 10 0001000101 3
12 21 0010000100 2
23 32 0000001000 1
34 43 0000000000 a
45 54 0100100100 3
56 65 0001000000 1
67 76 0000000001 1
70 07 0000000001 1

02 20 0000001100 2
13 31 0000000010 1
24 42 0010100100 3
35 53 0000001010 2 match 1
46 64 1010000000 2
57 75 0000100000 1
60 06 1001000001 3
71 17 0000000001 1

03 30 0000001000 1
14 41 0010000100 2
25 52 0000101100 3
36 63 0000000000 a
47 74 0000100000 1
50 05 0001001100 3
61 16 0011000001 3
72 27 0000100000 1

04 40 1000000100 2
15 51 0001000110 3
26 62 0010000000 1 match 0
37 73 0000000000 a

Matching output
0 26 62
1 35 53
2 absent
3 absent
4 absent
5 absent
6 absent
7 absent

Left
26 37x
62 73x
Best: AND26: 1

Right
none
Best: none

OR
01 10 1011001111 7
12 21 0011101111 7
23 32 0010101110 5
34 43 1110101110 7
45 54 1111111110 9
56 65 1111111111 a
67 76 1011100001 5
70 07 1001101101 6

02 20 1011101101 7
13 31 0011001111 6
24 42 1110101100 6
35 53 0101111110 7 match 3
46 64 1111100101 7
57 75 0101111111 8
60 06 1011001101 6
71 17 0011100111 6

03 30 1001001111 6
14 41 1111100111 8
25 52 0111111110 8
36 63 1011001011 6
47 74 1110100101 6
50 05 1101111111 9
61 16 1011000111 6
72 27 0010101101 5

04 40 1111101101 8
15 51 0111111111 9
26 62 1011101101 7
37 73 0000101011 4

Matching output
0 absent
1 absent
2 absent
3 35 53
4 absent
5 absent
6 absent
7 absent

Left
none
Best: none

Right
none
Best: none

XOR
01 10 1010001010 4
12 21 0001101011 5
23 32 0010100110 4
34 43 1110101110 7
45 54 1011011010 6
56 65 1110111111 9
67 76 1011100000 4
70 07 1001101100 5

02 20 1011100001 5
13 31 0011001101 5
24 42 1100001000 3
35 53 0101110100 5
46 64 0101100101 5
57 75 0101011111 7
60 06 0010001100 3
71 17 0011100110 5

03 30 1001000111 5
14 41 1101100011 6
25 52 0111010010 5
36 63 1011001011 6
47 74 1110000101 5
50 05 1100110011 6
61 16 1000000110 3
72 27 0010001101 4

04 40 0111101001 6
15 51 0110111001 6
26 62 1001101101 6
37 73 0000101011 4

Matching output
0 absent
1 absent
2 absent
3 absent
4 absent
5 absent
6 absent
7 absent

Left
none
Best: none

Right
none
Best: none

AND-NOT
01 1000001000 2
12 0001000011 3
23 0010100100 3
34 0000001010 2 match 1
45 1010000000 2
56 0100111110 6
67 1011000000 3
70 0000100000 1

02 1001000001 3
13 0011000101 4
24 0000001000 1
35 0000000000 a
46 0100100100 3
57 0101011110 6
60 0010000000 1 match 0
71 0000100000 1

03 1001000101 4
14 0001000011 3
25 0010000000 1 match 0
36 0000001010 2 match 1
47 1110000100 4 match 2
50 0100110010 4
61 1000000000 1
72 0000000001 1

04 0001001001 3
15 0010000001 2
26 0000101100 3
37 0000001010 2 match 1
40 0110100000 3
51 0100111000 4
62 1001000001 3
73 0000100001 2 match 5

05 1000000001 2
16 0000000110 2
27 0010001100 3
30 0000000010 1
41 1100100000 3
52 0101010010 4
63 1011000001 4 match 4
74 0000000001 1

06 0000001100 2
17 0011000110 4
20 0010100000 2
31 0000001000 1
42 1100000000 2
53 0101110100 5
64 0001000001 2
75 0000000001 1

07 1001001100 4
10 0010000010 2
21 0000101000 2
32 0000000010 1
43 1110100100 5
54 0001011010 4
65 1010000001 3
76 0000100000 1

Matching output
0 60 25
1 34 36 37
2 47
3 absent
4 63
5 73
6 absent
7 absent

Left
60 71x
25 36 47 50x
Best: AND-NOT25 36 47: 3

Right
none
Best: none

OR-NOT
01 1101111101 8
12 1111010111 8
23 1111111101 9
34 0001011011 5
45 1110100101 6
56 0101111110 7 match 3
67 1111011111 9
70 0110110011 6

02 1101011111 8
13 1111110111 9
24 0011111111 8
35 1010001011 5
46 1110111110 8
57 1111111110 9
60 1111110011 8
71 1100111001 6

03 1111111101 9
14 0011011111 7
25 1010101101 6
36 0100111110 6
47 1111111110 9
50 0111111110 8
61 1111111001 8
72 1101110011 7

04 1001011111 7
15 1011000111 6
26 0110111110 7
37 1111011110 8
40 1110110110 7
51 1101111110 8
62 1111010011 7
73 1111110101 8

05 1011001101 6
16 0111111111 9
27 1111111110 9
30 0110111010 6
41 1110111100 7
52 1101111111 9
63 1111110101 8
74 0001111011 6

06 1101111111 9
17 1111011111 9
20 0110111110 7
31 1100111010 6
42 1111110111 9
53 1111111111 a
64 1011011011 7
75 1010100001 4

07 1111011111 9
10 0111110111 8
21 1110111100 7
32 1101011011 7
43 1111110101 8
54 0101111111 8
65 1011000001 4 match 4
76 0100111111 7

Matching output
0 absent
1 absent
2 absent
3 56
4 65
5 absent
6 absent
7 absent

Left
none
Best: none

Right
none
Best: none

XOR-NOT
01 0101110101 6
12 1110010100 5
23 1101011001 6
34 0001010001 3
45 0100100101 4
56 0001000000 1
67 0100011111 6
70 0110010011 5

02 0100011110 5
13 1100110010 5
24 0011110111 7
35 1010001011 5
46 1010011010 5
57 1010100000 3
60 1101110011 7
71 1100011001 5

03 0110111000 5
14 0010011100 4
25 1000101101 5
36 0100110100 4
47 0001111010 5
50 0011001100 4
61 0111111001 7
72 1101110010 6

04 1000010110 4
15 1001000110 4
26 0110010010 4
37 1111010100 6
40 1000010110 4
51 1001000110 4
62 0110010010 4
73 1111010100 6

05 0011001100 4
16 0111111001 7
27 1101110010 6
30 0110111000 5
41 0010011100 4
52 1000101101 5
63 0100110100 4
74 0001111010 5

06 1101110011 7
17 1100011001 5
20 0100011110 5
31 1100110010 5
42 0011110111 7
53 1010001011 5
64 1010011010 5
75 1010100000 3

07 0110010011 5
10 0101110101 6
21 1110010100 5
32 1101011001 6
43 0001010001 3
54 0100100101 4
65 0001000000 1
76 0100011111 6

Matching output
0 absent
1 absent
2 absent
3 absent
4 absent
5 absent
6 absent
7 absent

Left
none
Best: none

Right
none
Best: none

Selecting

Lefts
Identity none
NOT none
Constant none
AND AND26: 1
OR none
XOR none
AND-NOT AND-NOT25 36 47: 3
OR-NOT none
XOR-NOT none

Rights
Identity I1 0 7 6 5: 5
NOT none
Constant none
AND none
OR none
XOR none
AND-NOT none
OR-NOT none
XOR-NOT none

Left longest: 3
Right longest: 5

Right winner: Identity yes, NOT no, Constant no, AND no, OR no, XOR no, AND-NOT no, OR-NOT no, XOR-NOT no
Left winner: Identity no, NOT no, Constant no, AND no, OR no, XOR no, AND-NOT yes, OR-NOT no, XOR-NOT no

Best right: I1 0 7 6 5: 5
Best left: AND-NOT25 36 47: 3

Truncated right: I1 0 7 6 5: 5
Truncated left: AND-NOT25 36 47: 3

Tentative from right
7 I1
6 I0
5 I7
4 I6
3 I5
2 pending
1 pending
0 pending

Tentative
0 AND-NOT25
1 AND-NOT36
2 AND-NOT47
3 I5
4 I6
5 I7
6 I0
7 I1

Preferred from right
7 I1
6 I0
5 I7
4 I6
3 I5
2 AND-NOT47
1 AND-NOT36
0 AND-NOT25

Preferred from left
0 AND-NOT25
1 AND-NOT36
2 AND-NOT47
3 I5
4 I6
5 I7
6 I0
7 I1

Preferred
0 AND-NOT25
1 AND-NOT36
2 AND-NOT47
3 I5
4 I6
5 I7
6 I0
7 I1

Matching
0 AND-NOT25
1 AND-NOT36
2 AND-NOT47
3 I5
4 I6
5 I7
6 I0
7 I1

Perfect match
Identity no
NOT no
Constant no
AND no
OR no
XOR no
AND-NOT no
OR-NOT no
XOR-NOT no

Matched
0 AND-NOT25
1 AND-NOT36
2 AND-NOT47
3 I5
4 I6
5 I7
6 I0
7 I1

Selected
0 AND-NOT25
1 AND-NOT36
2 AND-NOT47
3 I5
4 I6
5 I7
6 I0
7 I1

Applying to 00100011
Input
0 0
1 0
2 1
3 0
4 0
5 0
6 1
7 1
Output
0 AND-NOT25 = AND(1,NOT(0)) = 1
1 AND-NOT36 = AND(0,NOT(1)) = 0
2 AND-NOT47 = AND(0,NOT(1)) = 0
3 I5 = 0
4 I6 = 1
5 I7 = 1
6 I0 = 0
7 I1 = 0

I will now return the answer in \boxed{}
The answer in \boxed{–} is \boxed{10001100}
[correct]
true
