[category]
bit_manipulation
[prompt]
In Alice's Wonderland, a secret bit manipulation rule transforms 8-bit binary numbers. The transformation involves operations like bit shifts, rotations, XOR, AND, OR, NOT, and possibly majority or choice functions.

Here are some examples of input -> output:
00001111 -> 10000000
01011000 -> 00000000
01001101 -> 00000000
01000111 -> 10000000
11100101 -> 01000000
00001000 -> 00000000
00101101 -> 00000000
00000100 -> 00000000
01000001 -> 00000000

Now, determine the output for: 10001000
[completion]
We need to deduce the transformation by matching the example outputs.
I will put my final answer inside \boxed{}.

Output 0: 10000000
0 1
1 0
2 0
3 0
4 0
5 0
6 0
7 0

Output 1: 00000000
0 0
1 0
2 0
3 0
4 0
5 0
6 0
7 0

Output 2: 00000000
0 0
1 0
2 0
3 0
4 0
5 0
6 0
7 0

Output 3: 10000000
0 1
1 0
2 0
3 0
4 0
5 0
6 0
7 0

Output 4: 01000000
0 0
1 1
2 0
3 0
4 0
5 0
6 0
7 0

Output 5: 00000000
0 0
1 0
2 0
3 0
4 0
5 0
6 0
7 0

Output 6: 00000000
0 0
1 0
2 0
3 0
4 0
5 0
6 0
7 0

Output 7: 00000000
0 0
1 0
2 0
3 0
4 0
5 0
6 0
7 0

Output 8: 00000000
0 0
1 0
2 0
3 0
4 0
5 0
6 0
7 0

Output bit columns (with bitsum as hash)
0 100100000 2
1 000010000 1
2 000000000 a
3 000000000 a
4 000000000 a
5 000000000 a
6 000000000 a
7 000000000 a

Input 0: 00001111
0 0
1 0
2 0
3 0
4 1
5 1
6 1
7 1

Input 1: 01011000
0 0
1 1
2 0
3 1
4 1
5 0
6 0
7 0

Input 2: 01001101
0 0
1 1
2 0
3 0
4 1
5 1
6 0
7 1

Input 3: 01000111
0 0
1 1
2 0
3 0
4 0
5 1
6 1
7 1

Input 4: 11100101
0 1
1 1
2 1
3 0
4 0
5 1
6 0
7 1

Input 5: 00001000
0 0
1 0
2 0
3 0
4 1
5 0
6 0
7 0

Input 6: 00101101
0 0
1 0
2 1
3 0
4 1
5 1
6 0
7 1

Input 7: 00000100
0 0
1 0
2 0
3 0
4 0
5 1
6 0
7 0

Input 8: 01000001
0 0
1 1
2 0
3 0
4 0
5 0
6 0
7 1

When matching output
x: not in operator
y: wrong position

Identity
0 000010000 1 match 1
1 011110001 5
2 000010100 2
3 010000000 1
4 111001100 5
5 101110110 6
6 100100000 2 match 0
7 101110101 6

Matching output
0 6
1 0
2 absent
3 absent
4 absent
5 absent
6 absent
7 absent

Left
6 7x
Best: I6: 1

Right
none
Best: none

NOT
0 111101111 8
1 100001110 4
2 111101011 7
3 101111111 8
4 000110011 4
5 010001001 3
6 011011111 7
7 010001010 3

Matching output
0 absent
1 absent
2 absent
3 absent
4 absent
5 absent
6 absent
7 absent

Left
none
Best: none

Right
none
Best: none

Constant
0 000000000 a match 2 3 4 5 6 7
1 111111111 a

Matching output
0 absent
1 absent
2 C0
3 C0
4 C0
5 C0
6 C0
7 C0

Left
none
Best: none

Right
0 0 0 0 0 0
Best: C0 0 0 0 0 0: 6

AND
01 10 000010000 1 match 1
12 21 000010000 1 match 1
23 32 000000000 a match 2 3 4 5 6 7
34 43 010000000 1
45 54 101000100 3
56 65 100100000 2 match 0
67 76 100100000 2 match 0
70 07 000010000 1 match 1

02 20 000010000 1 match 1
13 31 010000000 1
24 42 000000100 1
35 53 000000000 a match 2 3 4 5 6 7
46 64 100000000 1
57 75 101110100 5
60 06 000000000 a match 2 3 4 5 6 7
71 17 001110001 4

03 30 000000000 a match 2 3 4 5 6 7
14 41 011000000 2
25 52 000010100 2
36 63 000000000 a match 2 3 4 5 6 7
47 74 101000100 3
50 05 000010000 1 match 1
61 16 000100000 1
72 27 000010100 2

04 40 000000000 a match 2 3 4 5 6 7
15 51 001110000 3
26 62 000000000 a match 2 3 4 5 6 7
37 73 000000000 a match 2 3 4 5 6 7

Matching output
0 56 65 67 76
1 01 10 12 21 70 07 02 20 50 05
2 23 32 35 53 60 06 03 30 36 63 04 40 26 62 37 73
3 23 32 35 53 60 06 03 30 36 63 04 40 26 62 37 73
4 23 32 35 53 60 06 03 30 36 63 04 40 26 62 37 73
5 23 32 35 53 60 06 03 30 36 63 04 40 26 62 37 73
6 23 32 35 53 60 06 03 30 36 63 04 40 26 62 37 73
7 23 32 35 53 60 06 03 30 36 63 04 40 26 62 37 73

Left
56 67y
65 76y
67 70 01y
76 07 10y
Best: AND67 70: 2

Right
23 12y
32 21y
35 24x
53 42x
60 57x
06 75x
03 72x
30 27x
36 25x
63 52x
04 73 62 51x
40 37 26 15x
26 15x
62 51x
37 26 15x
73 62 51x
Best: AND04 73 62: 3

OR
01 10 011110001 5
12 21 011110101 6
23 32 010010100 3
34 43 111001100 5
45 54 111111110 8
56 65 101110110 6
67 76 101110101 6
70 07 101110101 6

02 20 000010100 2
13 31 011110001 5
24 42 111011100 6
35 53 111110110 7
46 64 111101100 6
57 75 101110111 7
60 06 100110000 3
71 17 111110101 7

03 30 010010000 2
14 41 111111101 8
25 52 101110110 6
36 63 110100000 3
47 74 111111101 8
50 05 101110110 6
61 16 111110001 6
72 27 101110101 6

04 40 111011100 6
15 51 111110111 8
26 62 100110100 4
37 73 111110101 7

Matching output
0 absent
1 absent
2 absent
3 absent
4 absent
5 absent
6 absent
7 absent

Left
none
Best: none

Right
none
Best: none

XOR
01 10 011100001 4
12 21 011100101 5
23 32 010010100 3
34 43 101001100 4
45 54 010111010 5
56 65 001010110 4
67 76 001010101 4
70 07 101100101 5

02 20 000000100 1
13 31 001110001 4
24 42 111011000 5
35 53 111110110 7
46 64 011101100 5
57 75 000000011 2
60 06 100110000 3
71 17 110000100 3

03 30 010010000 2
14 41 100111101 6
25 52 101100010 4
36 63 110100000 3
47 74 010111001 5
50 05 101100110 5
61 16 111010001 5
72 27 101100001 4

04 40 111011100 6
15 51 110000111 5
26 62 100110100 4
37 73 111110101 7

Matching output
0 absent
1 absent
2 absent
3 absent
4 absent
5 absent
6 absent
7 absent

Left
none
Best: none

Right
none
Best: none

AND-NOT
01 000000000 a match 2 3 4 5 6 7
12 011100001 4
23 000010100 2
34 000000000 a match 2 3 4 5 6 7
45 010001000 2
56 001010110 4
67 000000000 a match 2 3 4 5 6 7
70 101100101 5

02 000000000 a match 2 3 4 5 6 7
13 001110001 4
24 000010000 1 match 1
35 010000000 1
46 011001100 4
57 000000010 1
60 100100000 2 match 0
71 100000100 2

03 000010000 1 match 1
14 000110001 3
25 000000000 a match 2 3 4 5 6 7
36 010000000 1
47 010001000 2
50 101100110 5
61 100000000 1
72 101100001 4

04 000010000 1 match 1
15 010000001 2
26 000010100 2
37 010000000 1
40 111001100 5
51 100000110 3
62 100100000 2 match 0
73 101110101 6

05 000000000 a match 2 3 4 5 6 7
16 011010001 4
27 000000000 a match 2 3 4 5 6 7
30 010000000 1
41 100001100 3
52 101100010 4
63 100100000 2 match 0
74 000110001 3

06 000010000 1 match 1
17 010000000 1
20 000000100 1
31 000000000 a match 2 3 4 5 6 7
42 111001000 4
53 101110110 6
64 000100000 1
75 000000001 1

07 000000000 a match 2 3 4 5 6 7
10 011100001 4
21 000000100 1
32 010000000 1
43 101001100 4
54 000110010 3
65 000000000 a match 2 3 4 5 6 7
76 001010101 4

Matching output
0 60 62 63
1 24 03 04 06
2 01 34 67 02 25 05 27 31 07 65
3 01 34 67 02 25 05 27 31 07 65
4 01 34 67 02 25 05 27 31 07 65
5 01 34 67 02 25 05 27 31 07 65
6 01 34 67 02 25 05 27 31 07 65
7 01 34 67 02 25 05 27 31 07 65

Left
60 71x
62 73x
63 74x
Best: AND-NOT60: 1

Right
01 70x
34 23x
67 56x
02 71x
25 14x
05 74x
27 16x
31 20x
07 76x
65 54x
Best: AND-NOT01: 1

OR-NOT
01 100011110 5
12 111111011 8
23 101111111 8
34 010110011 5
45 111001101 6
56 111111111 a
67 110101010 5
70 111111111 a

02 111111011 8
13 111111111 a
24 000110111 5
35 010001001 3
46 111011111 8
57 111111110 8
60 111101111 8
71 101111111 8

03 101111111 8
14 011110011 6
25 010011101 5
36 011011111 7
47 111001110 6
50 111111111 a
61 100101110 5
72 111111111 a

04 000110011 4
15 011111001 6
26 011011111 7
37 010001010 3
40 111101111 8
51 101111110 7
62 111101011 7
73 101111111 8

05 010011001 4
16 011111111 8
27 010011110 5
30 111101111 8
41 111001110 6
52 111111111 a
63 101111111 8
74 101110111 7

06 011011111 7
17 011111011 7
20 111111111 a
31 110001110 5
42 111101111 8
53 101111111 8
64 100110011 5
75 111111101 8

07 010011010 4
10 111111111 a
21 100011110 5
32 111101011 7
43 111111111 a
54 101110111 7
65 110101001 5
76 111111111 a

Matching output
0 absent
1 absent
2 absent
3 absent
4 absent
5 absent
6 absent
7 absent

Left
none
Best: none

Right
none
Best: none

XOR-NOT
01 100011110 5
12 100011010 4
23 101101011 6
34 010110011 5
45 101000101 4
56 110101001 5
67 110101010 5
70 010011010 4

02 111111011 8
13 110001110 5
24 000100111 4
35 000001001 2
46 100010011 4
57 111111100 7
60 011001111 6
71 001111011 6

03 101101111 7
14 011000010 3
25 010011101 5
36 001011111 6
47 101000110 4
50 010011001 4
61 000101110 4
72 010011110 5

04 000100011 3
15 001111000 4
26 011001011 5
37 000001010 2
40 000100011 3
51 001111000 4
62 011001011 5
73 000001010 2

05 010011001 4
16 000101110 4
27 010011110 5
30 101101111 7
41 011000010 3
52 010011101 5
63 001011111 6
74 101000110 4

06 011001111 6
17 001111011 6
20 111111011 8
31 110001110 5
42 000100111 4
53 000001001 2
64 100010011 4
75 111111100 7

07 010011010 4
10 100011110 5
21 100011010 4
32 101101011 6
43 010110011 5
54 101000101 4
65 110101001 5
76 110101010 5

Matching output
0 absent
1 absent
2 absent
3 absent
4 absent
5 absent
6 absent
7 absent

Left
none
Best: none

Right
none
Best: none

Selecting

Lefts
Identity I6: 1
NOT none
Constant none
AND AND67 70: 2
OR none
XOR none
AND-NOT AND-NOT60: 1
OR-NOT none
XOR-NOT none

Rights
Identity none
NOT none
Constant C0 0 0 0 0 0: 6
AND AND04 73 62: 3
OR none
XOR none
AND-NOT AND-NOT01: 1
OR-NOT none
XOR-NOT none

Left longest: 2
Right longest: 6

Right winner: Identity no, NOT no, Constant yes, AND no, OR no, XOR no, AND-NOT no, OR-NOT no, XOR-NOT no
Left winner: Identity no, NOT no, Constant no, AND yes, OR no, XOR no, AND-NOT no, OR-NOT no, XOR-NOT no

Best right: C0 0 0 0 0 0: 6
Best left: AND67 70: 2

Truncated right: C0 0 0 0 0 0: 6
Truncated left: AND67 70: 2

Tentative from right
7 C0
6 C0
5 C0
4 C0
3 C0
2 C0
1 pending
0 pending

Tentative
0 AND67
1 AND70
2 C0
3 C0
4 C0
5 C0
6 C0
7 C0

Preferred from right
7 C0
6 C0
5 C0
4 C0
3 C0
2 C0
1 AND70
0 AND67

Preferred from left
0 AND67
1 AND70
2 C0
3 C0
4 C0
5 C0
6 C0
7 C0

Preferred
0 AND67
1 AND70
2 C0
3 C0
4 C0
5 C0
6 C0
7 C0

Matching
0 AND67
1 AND70
2 C0
3 C0
4 C0
5 C0
6 C0
7 C0

Perfect match
Identity no
NOT no
Constant no
AND no
OR no
XOR no
AND-NOT no
OR-NOT no
XOR-NOT no

Matched
0 AND67
1 AND70
2 C0
3 C0
4 C0
5 C0
6 C0
7 C0

Selected
0 AND67
1 AND70
2 C0
3 C0
4 C0
5 C0
6 C0
7 C0

Applying to 10001000
Input
0 1
1 0
2 0
3 0
4 1
5 0
6 0
7 0
Output
0 AND67 = AND(0,0) = 0
1 AND70 = AND(0,1) = 0
2 C0 = 0
3 C0 = 0
4 C0 = 0
5 C0 = 0
6 C0 = 0
7 C0 = 0

I will now return the answer in \boxed{}
The answer in \boxed{–} is \boxed{00000000}
[correct]
true
