[category]
bit_manipulation
[prompt]
In Alice's Wonderland, a secret bit manipulation rule transforms 8-bit binary numbers. The transformation involves operations like bit shifts, rotations, XOR, AND, OR, NOT, and possibly majority or choice functions.

Here are some examples of input -> output:
01010010 -> 00101111
01000100 -> 01101110
00010010 -> 00111011
00010101 -> 00011011
10110011 -> 01111011
11000111 -> 11101110
00000001 -> 10011111
11101101 -> 00101110
11110100 -> 01001111

Now, determine the output for: 10110100
[completion]
We need to deduce the transformation by matching the example outputs.
I will put my final answer inside \boxed{}.

Output 0: 00101111
0 0
1 0
2 1
3 0
4 1
5 1
6 1
7 1

Output 1: 01101110
0 0
1 1
2 1
3 0
4 1
5 1
6 1
7 0

Output 2: 00111011
0 0
1 0
2 1
3 1
4 1
5 0
6 1
7 1

Output 3: 00011011
0 0
1 0
2 0
3 1
4 1
5 0
6 1
7 1

Output 4: 01111011
0 0
1 1
2 1
3 1
4 1
5 0
6 1
7 1

Output 5: 11101110
0 1
1 1
2 1
3 0
4 1
5 1
6 1
7 0

Output 6: 10011111
0 1
1 0
2 0
3 1
4 1
5 1
6 1
7 1

Output 7: 00101110
0 0
1 0
2 1
3 0
4 1
5 1
6 1
7 0

Output 8: 01001111
0 0
1 1
2 0
3 0
4 1
5 1
6 1
7 1

Output bit columns (with bitsum as hash)
0 000001100 2
1 010011001 4
2 111011010 6
3 001110100 4
4 111111111 a
5 110001111 6
6 111111111 a
7 101110101 6

Input 0: 01010010
0 0
1 1
2 0
3 1
4 0
5 0
6 1
7 0

Input 1: 01000100
0 0
1 1
2 0
3 0
4 0
5 1
6 0
7 0

Input 2: 00010010
0 0
1 0
2 0
3 1
4 0
5 0
6 1
7 0

Input 3: 00010101
0 0
1 0
2 0
3 1
4 0
5 1
6 0
7 1

Input 4: 10110011
0 1
1 0
2 1
3 1
4 0
5 0
6 1
7 1

Input 5: 11000111
0 1
1 1
2 0
3 0
4 0
5 1
6 1
7 1

Input 6: 00000001
0 0
1 0
2 0
3 0
4 0
5 0
6 0
7 1

Input 7: 11101101
0 1
1 1
2 1
3 0
4 1
5 1
6 0
7 1

Input 8: 11110100
0 1
1 1
2 1
3 1
4 0
5 1
6 0
7 0

When matching output
x: not in operator
y: wrong position

Identity
0 000011011 4
1 110001011 5
2 000010011 3
3 101110001 5
4 000000010 1
5 010101011 5
6 101011000 4
7 000111110 5

Matching output
0 absent
1 absent
2 absent
3 absent
4 absent
5 absent
6 absent
7 absent

Left
none
Best: none

Right
none
Best: none

NOT
0 111100100 5
1 001110100 4 match 3
2 111101100 6
3 010001110 4
4 111111101 8
5 101010100 4
6 010100111 5
7 111000001 4

Matching output
0 absent
1 absent
2 absent
3 1
4 absent
5 absent
6 absent
7 absent

Left
none
Best: none

Right
none
Best: none

Constant
0 000000000 a
1 111111111 a match 4 6

Matching output
0 absent
1 absent
2 absent
3 absent
4 C1
5 absent
6 C1
7 absent

Left
none
Best: none

Right
none
Best: none

AND
01 10 000001011 3
12 21 000000011 2
23 32 000010001 2
34 43 000000000 a
45 54 000000010 1
56 65 000001000 1
67 76 000011000 2
70 07 000011010 3

02 20 000010011 3
13 31 100000001 2
24 42 000000010 1
35 53 000100001 2
46 64 000000000 a
57 75 000101010 3
60 06 000011000 2
71 17 000001010 2

03 30 000010001 2
14 41 000000010 1
25 52 000000011 2
36 63 101010000 3
47 74 000000010 1
50 05 000001011 3
61 16 100001000 2
72 27 000010010 2

04 40 000000010 1
15 51 010001011 4
26 62 000010000 1
37 73 000110000 2

Matching output
0 absent
1 absent
2 absent
3 absent
4 absent
5 absent
6 absent
7 absent

Left
none
Best: none

Right
none
Best: none

OR
01 10 110011011 6
12 21 110011011 6
23 32 101110011 6
34 43 101110011 6
45 54 010101011 5
56 65 111111011 8
67 76 101111110 7
70 07 000111111 6

02 20 000011011 4
13 31 111111011 8
24 42 000010011 3
35 53 111111011 8
46 64 101011010 5
57 75 010111111 7
60 06 101011011 6
71 17 110111111 8

03 30 101111011 7
14 41 110001011 5
25 52 010111011 6
36 63 101111001 6
47 74 000111110 5
50 05 010111011 6
61 16 111011011 7
72 27 000111111 6

04 40 000011011 4
15 51 110101011 6
26 62 101011011 6
37 73 101111111 8

Matching output
0 absent
1 absent
2 absent
3 absent
4 absent
5 absent
6 absent
7 absent

Left
none
Best: none

Right
none
Best: none

XOR
01 10 110010000 3
12 21 110011000 4
23 32 101100010 4
34 43 101110011 6
45 54 010101001 4
56 65 111110011 7
67 76 101100110 5
70 07 000100101 3

02 20 000001000 1
13 31 011111010 6
24 42 000010001 2
35 53 111011010 6 match 2
46 64 101011010 5
57 75 010010101 4
60 06 101000011 4
71 17 110110101 6

03 30 101101010 5
14 41 110001001 4
25 52 010111000 4
36 63 000101001 3
47 74 000111100 4
50 05 010110000 3
61 16 011010011 5
72 27 000101101 4

04 40 000011001 3
15 51 100100000 2
26 62 101001011 5
37 73 101001111 6

Matching output
0 absent
1 absent
2 35 53
3 absent
4 absent
5 absent
6 absent
7 absent

Left
none
Best: none

Right
none
Best: none

AND-NOT
01 000010000 1
12 110001000 3
23 000000010 1
34 101110001 5
45 000000000 a
56 010100011 4
67 101000000 2
70 000100100 2

02 000001000 1
13 010001010 3
24 000010001 2
35 101010000 3
46 000000010 1
57 010000001 2
60 101000000 2
71 000110100 3

03 000001010 2
14 110001001 4
25 000010000 1
36 000100001 2
47 000000000 a
50 010100000 2
61 001010000 2
72 000101100 3

04 000011001 3
15 100000000 1
26 000000011 2
37 101000001 3
40 000000000 a
51 000100000 1
62 101001000 3
73 000001110 3

05 000010000 1
16 010000011 3
27 000000001 1
30 101100000 3
41 000000000 a
52 010101000 3
63 000001000 1
74 000111100 4

06 000000011 2
17 110000001 3
20 000000000 a
31 001110000 3
42 000000000 a
53 010001010 3
64 101011000 4
75 000010100 2

07 000000001 1
10 110000000 2
21 000010000 1
32 101100000 3
43 000000010 1
54 010101001 4
65 101010000 3
76 000100110 3

Matching output
0 absent
1 absent
2 absent
3 absent
4 absent
5 absent
6 absent
7 absent

Left
none
Best: none

Right
none
Best: none

OR-NOT
01 001111111 7
12 111101111 8
23 010011111 6
34 111111101 8
45 101010110 5
56 010101111 6
67 111011001 6
70 111111110 8

02 111111111 a match 4 6
13 110001111 6 match 5
24 111111111 a match 4 6
35 101110101 6 match 7
46 010100111 5
57 111101011 7
60 111111100 7
71 001111110 6

03 010011111 6
14 111111111 a match 4 6
25 101010111 6
36 111110111 8
47 111000011 5
50 111101111 8
61 101111100 6
72 111111110 8

04 111111111 a match 4 6
15 111011111 8
26 010110111 6
37 111110001 6
40 111100110 6
51 011111111 8
62 111111100 7
73 010111110 6

05 101011111 7
16 110101111 7
27 111010011 6
30 111110101 7
41 001110110 5
52 111101111 8
63 111011110 7
74 111111111 a match 4 6

06 010111111 7
17 111001011 6
20 111110111 8
31 101110101 6 match 7
42 111101110 7
53 010101111 6
64 111111101 8
75 101111110 7

07 111011011 7
10 111101111 8
21 001110111 6
32 111111101 8
43 010001110 4
54 111111111 a match 4 6
65 101011100 5
76 010111111 7

Matching output
0 absent
1 absent
2 absent
3 absent
4 02 24 14 04 74 54
5 13
6 02 24 14 04 74 54
7 35 31

Left
none
Best: none

Right
35 24 13 02 71x
31 20x
Best: OR-NOT35 24 13 02: 4

XOR-NOT
01 001101111 6
12 001100111 5
23 010011101 5
34 010001100 3
45 101010110 5
56 000001100 2 match 0
67 010011001 4 match 1
70 111011010 6 match 2

02 111110111 8
13 100000101 3
24 111101110 7
35 000100101 3
46 010100101 4
57 101101010 5
60 010111100 5
71 001001010 3

03 010010101 4
14 001110110 5
25 101000111 5
36 111010110 6
47 111000011 5
50 101001111 6
61 100101100 4
72 111010010 5

04 111100110 6
15 011011111 7
26 010110100 4
37 010110000 3
40 111100110 6
51 011011111 7
62 010110100 4
73 010110000 3

05 101001111 6
16 100101100 4
27 111010010 5
30 010010101 4
41 001110110 5
52 101000111 5
63 111010110 6
74 111000011 5

06 010111100 5
17 001001010 3
20 111110111 8
31 100000101 3
42 111101110 7
53 000100101 3
64 010100101 4
75 101101010 5

07 111011010 6 match 2
10 001101111 6
21 001100111 5
32 010011101 5
43 010001100 3
54 101010110 5
65 000001100 2 match 0
76 010011001 4 match 1

Matching output
0 56 65
1 67 76
2 70 07
3 absent
4 absent
5 absent
6 absent
7 absent

Left
56 67 70 01x
65 76 07 10x
Best: XOR-NOT56 67 70: 3

Right
none
Best: none

Selecting

Lefts
Identity none
NOT none
Constant none
AND none
OR none
XOR none
AND-NOT none
OR-NOT none
XOR-NOT XOR-NOT56 67 70: 3

Rights
Identity none
NOT none
Constant none
AND none
OR none
XOR none
AND-NOT none
OR-NOT OR-NOT35 24 13 02: 4
XOR-NOT none

Left longest: 3
Right longest: 4

Right winner: Identity no, NOT no, Constant no, AND no, OR no, XOR no, AND-NOT no, OR-NOT yes, XOR-NOT no
Left winner: Identity no, NOT no, Constant no, AND no, OR no, XOR no, AND-NOT no, OR-NOT no, XOR-NOT yes

Best right: OR-NOT35 24 13 02: 4
Best left: XOR-NOT56 67 70: 3

Truncated right: OR-NOT35 24 13 02: 4
Truncated left: XOR-NOT56 67 70: 3

Tentative from right
7 OR-NOT35
6 OR-NOT24
5 OR-NOT13
4 OR-NOT02
3 pending
2 pending
1 pending
0 pending

Tentative
0 XOR-NOT56
1 XOR-NOT67
2 XOR-NOT70
3 pending
4 OR-NOT02
5 OR-NOT13
6 OR-NOT24
7 OR-NOT35

Preferred from right
7 OR-NOT35
6 OR-NOT24
5 OR-NOT13
4 OR-NOT02
3 ?71
2 XOR-NOT70
1 XOR-NOT67
0 XOR-NOT56

Preferred from left
0 XOR-NOT56
1 XOR-NOT67
2 XOR-NOT70
3 ?71
4 OR-NOT02
5 OR-NOT13
6 OR-NOT24
7 OR-NOT35

Preferred
0 XOR-NOT56
1 XOR-NOT67
2 XOR-NOT70
3 ?71 ?17
4 OR-NOT02
5 OR-NOT13
6 OR-NOT24
7 OR-NOT35

Matching
0 XOR-NOT56
1 XOR-NOT67
2 XOR-NOT70
3 ?71 ?17 - Identity absent, NOT NOT1, Constant absent, AND absent, OR absent, XOR absent, AND-NOT absent, OR-NOT absent, XOR-NOT absent
4 OR-NOT02
5 OR-NOT13
6 OR-NOT24
7 OR-NOT35

Perfect match
Identity no
NOT yes
Constant no
AND no
OR no
XOR no
AND-NOT no
OR-NOT no
XOR-NOT no

Matched
0 XOR-NOT56
1 XOR-NOT67
2 XOR-NOT70
3 NOT1
4 OR-NOT02
5 OR-NOT13
6 OR-NOT24
7 OR-NOT35

Selected
0 XOR-NOT56
1 XOR-NOT67
2 XOR-NOT70
3 NOT1
4 OR-NOT02
5 OR-NOT13
6 OR-NOT24
7 OR-NOT35

Applying to 10110100
Input
0 1
1 0
2 1
3 1
4 0
5 1
6 0
7 0
Output
0 XOR-NOT56 = XOR(1,NOT(0)) = 0
1 XOR-NOT67 = XOR(0,NOT(0)) = 1
2 XOR-NOT70 = XOR(0,NOT(1)) = 0
3 NOT1 = NOT(0) = 1
4 OR-NOT02 = OR(1,NOT(1)) = 1
5 OR-NOT13 = OR(0,NOT(1)) = 0
6 OR-NOT24 = OR(1,NOT(0)) = 1
7 OR-NOT35 = OR(1,NOT(1)) = 1

I will now return the answer in \boxed{}
The answer in \boxed{–} is \boxed{01011011}
[correct]
true
