[category]
bit_manipulation
[prompt]
In Alice's Wonderland, a secret bit manipulation rule transforms 8-bit binary numbers. The transformation involves operations like bit shifts, rotations, XOR, AND, OR, NOT, and possibly majority or choice functions.

Here are some examples of input -> output:
00100010 -> 00000000
01001110 -> 00000000
11011101 -> 00000000
01011000 -> 00000000
01101110 -> 00000000
00111011 -> 10000000
11111010 -> 00000000
11001000 -> 00000000
11101011 -> 10000000
00001010 -> 00000000

Now, determine the output for: 10101011
[completion]
We need to deduce the transformation by matching the example outputs.
I will put my final answer inside \boxed{}.

Output 0: 00000000
0 0
1 0
2 0
3 0
4 0
5 0
6 0
7 0

Output 1: 00000000
0 0
1 0
2 0
3 0
4 0
5 0
6 0
7 0

Output 2: 00000000
0 0
1 0
2 0
3 0
4 0
5 0
6 0
7 0

Output 3: 00000000
0 0
1 0
2 0
3 0
4 0
5 0
6 0
7 0

Output 4: 00000000
0 0
1 0
2 0
3 0
4 0
5 0
6 0
7 0

Output 5: 10000000
0 1
1 0
2 0
3 0
4 0
5 0
6 0
7 0

Output 6: 00000000
0 0
1 0
2 0
3 0
4 0
5 0
6 0
7 0

Output 7: 00000000
0 0
1 0
2 0
3 0
4 0
5 0
6 0
7 0

Output 8: 10000000
0 1
1 0
2 0
3 0
4 0
5 0
6 0
7 0

Output 9: 00000000
0 0
1 0
2 0
3 0
4 0
5 0
6 0
7 0

Output bit columns (with bitsum as hash)
0 0000010010 2
1 0000000000 a
2 0000000000 a
3 0000000000 a
4 0000000000 a
5 0000000000 a
6 0000000000 a
7 0000000000 a

Input 0: 00100010
0 0
1 0
2 1
3 0
4 0
5 0
6 1
7 0

Input 1: 01001110
0 0
1 1
2 0
3 0
4 1
5 1
6 1
7 0

Input 2: 11011101
0 1
1 1
2 0
3 1
4 1
5 1
6 0
7 1

Input 3: 01011000
0 0
1 1
2 0
3 1
4 1
5 0
6 0
7 0

Input 4: 01101110
0 0
1 1
2 1
3 0
4 1
5 1
6 1
7 0

Input 5: 00111011
0 0
1 0
2 1
3 1
4 1
5 0
6 1
7 1

Input 6: 11111010
0 1
1 1
2 1
3 1
4 1
5 0
6 1
7 0

Input 7: 11001000
0 1
1 1
2 0
3 0
4 1
5 0
6 0
7 0

Input 8: 11101011
0 1
1 1
2 1
3 0
4 1
5 0
6 1
7 1

Input 9: 00001010
0 0
1 0
2 0
3 0
4 1
5 0
6 1
7 0

When matching output
x: not in operator
y: wrong position

Identity
0 0010001110 4
1 0111101110 7
2 1000111010 5
3 0011011000 4
4 0111111111 9
5 0110100000 3
6 1100111011 7
7 0010010010 3

Matching output
0 absent
1 absent
2 absent
3 absent
4 absent
5 absent
6 absent
7 absent

Left
none
Best: none

Right
none
Best: none

NOT
0 1101110001 6
1 1000010001 3
2 0111000101 5
3 1100100111 6
4 1000000000 1
5 1001011111 7
6 0011000100 3
7 1101101101 7

Matching output
0 absent
1 absent
2 absent
3 absent
4 absent
5 absent
6 absent
7 absent

Left
none
Best: none

Right
none
Best: none

Constant
0 0000000000 a match 1 2 3 4 5 6 7
1 1111111111 a

Matching output
0 absent
1 C0
2 C0
3 C0
4 C0
5 C0
6 C0
7 C0

Left
none
Best: none

Right
0 0 0 0 0 0 0
Best: C0 0 0 0 0 0 0: 7

AND
01 10 0010001110 4
12 21 0000101010 3
23 32 0000011000 2
34 43 0011011000 4
45 54 0110100000 3
56 65 0100100000 2
67 76 0000010010 2 match 0
70 07 0010000010 2

02 20 0000001010 2
13 31 0011001000 3
24 42 0000111010 4
35 53 0010000000 1
46 64 0100111011 6
57 75 0010000000 1
60 06 0000001010 2
71 17 0010000010 2

03 30 0010001000 2
14 41 0111101110 7
25 52 0000100000 1
36 63 0000011000 2
47 74 0010010010 3
50 05 0010000000 1
61 16 0100101010 4
72 27 0000010010 2 match 0

04 40 0010001110 4
15 51 0110100000 3
26 62 1000111010 5
37 73 0010010000 2

Matching output
0 67 76 72 27
1 absent
2 absent
3 absent
4 absent
5 absent
6 absent
7 absent

Left
67 70x
76 07x
72 03x
27 30x
Best: AND67: 1

Right
none
Best: none

OR
01 10 0111101110 7
12 21 1111111110 9
23 32 1011111010 7
34 43 0111111111 9
45 54 0111111111 9
56 65 1110111011 8
67 76 1110111011 8
70 07 0010011110 5

02 20 1010111110 7
13 31 0111111110 8
24 42 1111111111 a
35 53 0111111000 6
46 64 1111111111 a
57 75 0110110010 5
60 06 1110111111 9
71 17 0111111110 8

03 30 0011011110 6
14 41 0111111111 9
25 52 1110111010 7
36 63 1111111011 9
47 74 0111111111 9
50 05 0110101110 6
61 16 1111111111 a
72 27 1010111010 6

04 40 0111111111 9
15 51 0111101110 7
26 62 1100111011 7
37 73 0011011010 5

Matching output
0 absent
1 absent
2 absent
3 absent
4 absent
5 absent
6 absent
7 absent

Left
none
Best: none

Right
none
Best: none

XOR
01 10 0101100000 3
12 21 1111010100 6
23 32 1011100010 5
34 43 0100100111 5
45 54 0001011111 6
56 65 1010011011 6
67 76 1110101001 6
70 07 0000011100 3

02 20 1010110100 5
13 31 0100110110 5
24 42 1111000101 6
35 53 0101111000 5
46 64 1011000100 4
57 75 0100110010 4
60 06 1110110101 7
71 17 0101111100 6

03 30 0001010110 4
14 41 0000010001 2
25 52 1110011010 6
36 63 1111100011 7
47 74 0101101101 6
50 05 0100101110 5
61 16 1011010101 6
72 27 1010101000 4

04 40 0101110001 5
15 51 0001001110 4
26 62 0100000001 2
37 73 0001001010 3

Matching output
0 absent
1 absent
2 absent
3 absent
4 absent
5 absent
6 absent
7 absent

Left
none
Best: none

Right
none
Best: none

AND-NOT
01 0000000000 a match 1 2 3 4 5 6 7
12 0111000100 4
23 1000100010 3
34 0000000000 a match 1 2 3 4 5 6 7
45 0001011111 6
56 0010000000 1
67 1100101001 5
70 0000010000 1

02 0010000100 2
13 0100100110 4
24 1000000000 1
35 0001011000 3
46 0011000100 3
57 0100100000 2
60 1100110001 5
71 0000010000 1

03 0000000110 2
14 0000000000 a match 1 2 3 4 5 6 7
25 1000011010 4
36 0011000000 2
47 0101101101 6
50 0100100000 2
61 1000010001 3
72 0010000000 1

04 0000000000 a match 1 2 3 4 5 6 7
15 0001001110 4
26 0000000000 a match 1 2 3 4 5 6 7
37 0001001000 2
40 0101110001 5
51 0000000000 a match 1 2 3 4 5 6 7
62 0100000001 2
73 0000000010 1

05 0000001110 3
16 0011000100 3
27 1000101000 3
30 0001010000 2
41 0000010001 2
52 0110000000 2
63 1100100011 5
74 0000000000 a match 1 2 3 4 5 6 7

06 0010000100 2
17 0101101100 5
20 1000110000 3
31 0000010000 1
42 0111000101 5
53 0100100000 2
64 1000000000 1
75 0000010010 2 match 0

07 0000001100 2
10 0101100000 3
21 1000010000 2
32 0011000000 2
43 0100100111 5
54 0000000000 a match 1 2 3 4 5 6 7
65 1000011011 5
76 0010000000 1

Matching output
0 75
1 01 34 14 04 26 51 74 54
2 01 34 14 04 26 51 74 54
3 01 34 14 04 26 51 74 54
4 01 34 14 04 26 51 74 54
5 01 34 14 04 26 51 74 54
6 01 34 14 04 26 51 74 54
7 01 34 14 04 26 51 74 54

Left
75 06x
Best: AND-NOT75: 1

Right
01 70x
34 23x
14 03x
04 73x
26 15x
51 40x
74 63x
54 43x
Best: AND-NOT01: 1

OR-NOT
01 1010011111 7
12 0111101111 8
23 1100111111 8
34 1011011000 5
45 1111111111 a
56 0111100100 5
67 1101111111 9
70 1111110011 8

02 0111001111 7
13 1111101111 9
24 1000111010 5
35 1011011111 8
46 0111111111 9
57 1111101101 8
60 1101111011 8
71 1010010011 5

03 1110101111 8
14 1111101110 8
25 1001111111 8
36 0011011100 5
47 1111111111 a
50 1111110001 7
61 1100111011 7
72 0111010111 7

04 1010001110 5
15 1111111111 a
26 1011111110 8
37 1111111101 9
40 1111111111 a
51 1110110001 6
62 1111111111 a
73 1110110111 8

05 1011011111 8
16 0111101110 7
27 1101111111 9
30 1111111001 8
41 1111111111 a
52 0111100101 6
63 1100111111 8
74 1010010010 4

06 0011001110 5
17 1111101111 9
20 1101111011 8
31 1011011001 6
42 0111111111 9
53 1110100111 7
64 1100111011 7
75 1011011111 8

07 1111101111 9
10 1111111111 a
21 1000111011 6
32 0111011101 7
43 1111111111 a
54 1110100000 4
65 1101111111 9
76 0011010110 5

Matching output
0 absent
1 absent
2 absent
3 absent
4 absent
5 absent
6 absent
7 absent

Left
none
Best: none

Right
none
Best: none

XOR-NOT
01 1010011111 7
12 0000101011 4
23 0100011101 5
34 1011011000 5
45 1110100000 4
56 0101100100 4
67 0001010110 4
70 1111100011 7

02 0101001011 5
13 1011001001 5
24 0000111010 4
35 1010000111 5
46 0100111011 6
57 1011001101 6
60 0001001010 3
71 1010000011 4

03 1110101001 6
14 1111101110 8
25 0001100101 4
36 0000011100 3
47 1010010010 4
50 1011010001 5
61 0100101010 4
72 0101010111 6

04 1010001110 5
15 1110110001 6
26 1011111110 8
37 1110110101 7
40 1010001110 5
51 1110110001 6
62 1011111110 8
73 1110110101 7

05 1011010001 5
16 0100101010 4
27 0101010111 6
30 1110101001 6
41 1111101110 8
52 0001100101 4
63 0000011100 3
74 1010010010 4

06 0001001010 3
17 1010000011 4
20 0101001011 5
31 1011001001 5
42 0000111010 4
53 1010000111 5
64 0100111011 6
75 1011001101 6

07 1111100011 7
10 1010011111 7
21 0000101011 4
32 0100011101 5
43 1011011000 5
54 1110100000 4
65 0101100100 4
76 0001010110 4

Matching output
0 absent
1 absent
2 absent
3 absent
4 absent
5 absent
6 absent
7 absent

Left
none
Best: none

Right
none
Best: none

Selecting

Lefts
Identity none
NOT none
Constant none
AND AND67: 1
OR none
XOR none
AND-NOT AND-NOT75: 1
OR-NOT none
XOR-NOT none

Rights
Identity none
NOT none
Constant C0 0 0 0 0 0 0: 7
AND none
OR none
XOR none
AND-NOT AND-NOT01: 1
OR-NOT none
XOR-NOT none

Left longest: 1
Right longest: 7

Right winner: Identity no, NOT no, Constant yes, AND no, OR no, XOR no, AND-NOT no, OR-NOT no, XOR-NOT no
Left winner: Identity no, NOT no, Constant no, AND yes, OR no, XOR no, AND-NOT no, OR-NOT no, XOR-NOT no

Best right: C0 0 0 0 0 0 0: 7
Best left: AND67: 1

Truncated right: C0 0 0 0 0 0 0: 7
Truncated left: AND67: 1

Tentative from right
7 C0
6 C0
5 C0
4 C0
3 C0
2 C0
1 C0
0 pending

Tentative
0 AND67
1 C0
2 C0
3 C0
4 C0
5 C0
6 C0
7 C0

Preferred from right
7 C0
6 C0
5 C0
4 C0
3 C0
2 C0
1 C0
0 AND67

Preferred from left
0 AND67
1 C0
2 C0
3 C0
4 C0
5 C0
6 C0
7 C0

Preferred
0 AND67
1 C0
2 C0
3 C0
4 C0
5 C0
6 C0
7 C0

Matching
0 AND67
1 C0
2 C0
3 C0
4 C0
5 C0
6 C0
7 C0

Perfect match
Identity no
NOT no
Constant no
AND no
OR no
XOR no
AND-NOT no
OR-NOT no
XOR-NOT no

Matched
0 AND67
1 C0
2 C0
3 C0
4 C0
5 C0
6 C0
7 C0

Selected
0 AND67
1 C0
2 C0
3 C0
4 C0
5 C0
6 C0
7 C0

Applying to 10101011
Input
0 1
1 0
2 1
3 0
4 1
5 0
6 1
7 1
Output
0 AND67 = AND(1,1) = 1
1 C0 = 0
2 C0 = 0
3 C0 = 0
4 C0 = 0
5 C0 = 0
6 C0 = 0
7 C0 = 0

I will now return the answer in \boxed{}
The answer in \boxed{–} is \boxed{10000000}
[correct]
true
