[category]
bit_manipulation
[prompt]
In Alice's Wonderland, a secret bit manipulation rule transforms 8-bit binary numbers. The transformation involves operations like bit shifts, rotations, XOR, AND, OR, NOT, and possibly majority or choice functions.

Here are some examples of input -> output:
10001111 -> 01001110
00000011 -> 00001100
10001110 -> 01011010
00110000 -> 11000000
00111010 -> 01001000
11011110 -> 01111011
00100000 -> 10000000
00110111 -> 10011100

Now, determine the output for: 01010100
[completion]
We need to deduce the transformation by matching the example outputs.
I will put my final answer inside \boxed{}.

Output 0: 01001110
0 0
1 1
2 0
3 0
4 1
5 1
6 1
7 0

Output 1: 00001100
0 0
1 0
2 0
3 0
4 1
5 1
6 0
7 0

Output 2: 01011010
0 0
1 1
2 0
3 1
4 1
5 0
6 1
7 0

Output 3: 11000000
0 1
1 1
2 0
3 0
4 0
5 0
6 0
7 0

Output 4: 01001000
0 0
1 1
2 0
3 0
4 1
5 0
6 0
7 0

Output 5: 01111011
0 0
1 1
2 1
3 1
4 1
5 0
6 1
7 1

Output 6: 10000000
0 1
1 0
2 0
3 0
4 0
5 0
6 0
7 0

Output 7: 10011100
0 1
1 0
2 0
3 1
4 1
5 1
6 0
7 0

Output bit columns (with bitsum as hash)
0 00010011 3
1 10111100 5
2 00000100 1
3 00100101 3
4 11101101 6
5 11000001 3
6 10100100 3
7 00000100 1

Input 0: 10001111
0 1
1 0
2 0
3 0
4 1
5 1
6 1
7 1

Input 1: 00000011
0 0
1 0
2 0
3 0
4 0
5 0
6 1
7 1

Input 2: 10001110
0 1
1 0
2 0
3 0
4 1
5 1
6 1
7 0

Input 3: 00110000
0 0
1 0
2 1
3 1
4 0
5 0
6 0
7 0

Input 4: 00111010
0 0
1 0
2 1
3 1
4 1
5 0
6 1
7 0

Input 5: 11011110
0 1
1 1
2 0
3 1
4 1
5 1
6 1
7 0

Input 6: 00100000
0 0
1 0
2 1
3 0
4 0
5 0
6 0
7 0

Input 7: 00110111
0 0
1 0
2 1
3 1
4 0
5 1
6 1
7 1

When matching output
x: not in operator
y: wrong position

Identity
0 10100100 3 match 6
1 00000100 1 match 2 7
2 00011011 4
3 00011101 4
4 10101100 4
5 10100101 4
6 11101101 6 match 4
7 11000001 3 match 5

Matching output
0 absent
1 absent
2 1
3 absent
4 6
5 7
6 0
7 1

Left
none
Best: none

Right
1 0 7 6 5x
Best: I1 0 7 6: 4

NOT
0 01011011 5
1 11111011 7
2 11100100 4
3 11100010 4
4 01010011 4
5 01011010 4
6 00010010 2
7 00111110 5

Matching output
0 absent
1 absent
2 absent
3 absent
4 absent
5 absent
6 absent
7 absent

Left
none
Best: none

Right
none
Best: none

Constant
0 00000000 a
1 11111111 a

Matching output
0 absent
1 absent
2 absent
3 absent
4 absent
5 absent
6 absent
7 absent

Left
none
Best: none

Right
none
Best: none

AND
01 10 00000100 1 match 2 7
12 21 00000000 a
23 32 00011001 3
34 43 00001100 2
45 54 10100100 3 match 6
56 65 10100101 4
67 76 11000001 3 match 5
70 07 10000000 1

02 20 00000000 a
13 31 00000100 1 match 2 7
24 42 00001000 1
35 53 00000101 2
46 64 10101100 4
57 75 10000001 2
60 06 10100100 3 match 6
71 17 00000000 a

03 30 00000100 1 match 2 7
14 41 00000100 1 match 2 7
25 52 00000001 1
36 63 00001101 3
47 74 10000000 1
50 05 10100100 3 match 6
61 16 00000100 1 match 2 7
72 27 00000001 1

04 40 10100100 3 match 6
15 51 00000100 1 match 2 7
26 62 00001001 2
37 73 00000001 1

Matching output
0 absent
1 absent
2 01 10 13 31 03 30 14 41 61 16 15 51
3 absent
4 absent
5 67 76
6 45 54 60 06 50 05 04 40
7 01 10 13 31 03 30 14 41 61 16 15 51

Left
none
Best: none

Right
01 70x
10 07x
13 02x
31 20x
03 72x
30 27x
14 03y
41 30y
61 50 47x
16 05 74x
15 04 73x
51 40 37x
Best: AND61 50: 2

OR
01 10 10100100 3 match 6
12 21 00011111 5
23 32 00011111 5
34 43 10111101 6
45 54 10101101 5
56 65 11101101 6 match 4
67 76 11101101 6 match 4
70 07 11100101 5

02 20 10111111 7
13 31 00011101 4
24 42 10111111 7
35 53 10111101 6
46 64 11101101 6 match 4
57 75 11100101 5
60 06 11101101 6 match 4
71 17 11000101 4

03 30 10111101 6
14 41 10101100 4
25 52 10111111 7
36 63 11111101 7
47 74 11101101 6 match 4
50 05 10100101 4
61 16 11101101 6 match 4
72 27 11011011 6

04 40 10101100 4
15 51 10100101 4
26 62 11111111 a
37 73 11011101 6

Matching output
0 absent
1 absent
2 absent
3 absent
4 56 65 67 76 46 64 60 06 47 74 61 16
5 absent
6 01 10
7 absent

Left
none
Best: none

Right
none
Best: none

XOR
01 10 10100000 2
12 21 00011111 5
23 32 00000110 2
34 43 10110001 4
45 54 00001001 2
56 65 01001000 2
67 76 00101100 3
70 07 01100101 4

02 20 10111111 7
13 31 00011001 3
24 42 10110111 6
35 53 10111000 4
46 64 01000001 2
57 75 01100100 3
60 06 01001001 3
71 17 11000101 4

03 30 10111001 5
14 41 10101000 3
25 52 10111110 6
36 63 11110000 4
47 74 01101101 5
50 05 00000001 1
61 16 11101001 5
72 27 11011010 5

04 40 00001000 1
15 51 10100001 3
26 62 11110110 6
37 73 11011100 5

Matching output
0 absent
1 absent
2 absent
3 absent
4 absent
5 absent
6 absent
7 absent

Left
none
Best: none

Right
none
Best: none

AND-NOT
01 10100000 2
12 00000100 1 match 2 7
23 00000010 1
34 00010001 2
45 00001000 1
56 00000000 a
67 00101100 3
70 01000001 2

02 10100100 3 match 6
13 00000000 a
24 00010011 3 match 0
35 00011000 2
46 00000000 a
57 00100100 2
60 01001001 3
71 11000001 3 match 5

03 10100000 2
14 00000000 a
25 00011010 3
36 00010000 1
47 00101100 3
50 00000001 1
61 11101001 5
72 11000000 2

04 00000000 a
15 00000000 a
26 00010010 2
37 00011100 3
40 00001000 1
51 10100001 3
62 11100100 4
73 11000000 2

05 00000000 a
16 00000000 a
27 00011010 3
30 00011001 3
41 10101000 3
52 10100100 3 match 6
63 11100000 3
74 01000001 2

06 00000000 a
17 00000100 1 match 2 7
20 00011011 4
31 00011001 3
42 10100100 3 match 6
53 10100000 2
64 01000001 2
75 01000000 1

07 00100100 2
10 00000000 a
21 00011011 4
32 00000100 1 match 2 7
43 10100000 2
54 00000001 1
65 01001000 2
76 00000000 a

Matching output
0 24
1 absent
2 12 17 32
3 absent
4 absent
5 71
6 02 52 42
7 12 17 32

Left
24 35x
Best: AND-NOT24: 1

Right
12 01x
17 06x
32 21x
Best: AND-NOT12: 1

OR-NOT
01 11111111 a
12 11100100 4
23 11111011 7
34 01011111 6
45 11111110 7
56 10110111 6
67 11111111 a
70 11011011 6

02 11100100 4
13 11100110 5
24 01011011 5
35 01011111 6
46 10111110 6
57 10111111 7
60 11111111 a
71 11111011 7

03 11100110 5
14 01010111 5
25 01011011 5
36 00011111 5
47 10111110 6
50 11111111 a
61 11111111 a
72 11100101 5

04 11110111 7
15 01011110 5
26 00011011 4
37 00111111 6
40 11111111 a
51 11111111 a
62 11101101 6 match 4
73 11100011 5

05 11111110 7
16 00010110 3
27 00111111 6
30 01011111 6
41 11111111 a
52 11100101 5
63 11101111 7
74 11010011 5

06 10110110 5
17 00111110 5
20 01011011 5
31 11111111 a
42 11101100 5
53 11100111 6
64 11111111 a
75 11011011 6

07 10111110 6
10 01011111 6
21 11111011 7
32 11111101 7
43 11101110 6
54 11110111 7
65 11111111 a
76 11010011 5

Matching output
0 absent
1 absent
2 absent
3 absent
4 62
5 absent
6 absent
7 absent

Left
none
Best: none

Right
none
Best: none

XOR-NOT
01 01011111 6
12 11100000 3
23 11111001 6
34 01001110 4
45 11110110 6
56 10110111 6
67 11010011 5
70 10011010 4

02 01000000 1
13 11100110 5
24 01001000 2
35 01000111 4
46 10111110 6
57 10011011 5
60 10110110 5
71 00111010 4

03 01000110 3
14 01010111 5
25 01000001 2
36 00001111 4
47 10010010 3
50 11111110 7
61 00010110 3
72 00100101 3 match 3

04 11110111 7
15 01011110 5
26 00001001 2
37 00100011 3
40 11110111 7
51 01011110 5
62 00001001 2
73 00100011 3

05 11111110 7
16 00010110 3
27 00100101 3 match 3
30 01000110 3
41 01010111 5
52 01000001 2
63 00001111 4
74 10010010 3

06 10110110 5
17 00111010 4
20 01000000 1
31 11100110 5
42 01001000 2
53 01000111 4
64 10111110 6
75 10011011 5

07 10011010 4
10 01011111 6
21 11100000 3
32 11111001 6
43 01001110 4
54 11110110 6
65 10110111 6
76 11010011 5

Matching output
0 absent
1 absent
2 absent
3 72 27
4 absent
5 absent
6 absent
7 absent

Left
none
Best: none

Right
none
Best: none

Selecting

Lefts
Identity none
NOT none
Constant none
AND none
OR none
XOR none
AND-NOT AND-NOT24: 1
OR-NOT none
XOR-NOT none

Rights
Identity I1 0 7 6: 4
NOT none
Constant none
AND AND61 50: 2
OR none
XOR none
AND-NOT AND-NOT12: 1
OR-NOT none
XOR-NOT none

Left longest: 1
Right longest: 4

Right winner: Identity yes, NOT no, Constant no, AND no, OR no, XOR no, AND-NOT no, OR-NOT no, XOR-NOT no
Left winner: Identity no, NOT no, Constant no, AND no, OR no, XOR no, AND-NOT yes, OR-NOT no, XOR-NOT no

Best right: I1 0 7 6: 4
Best left: AND-NOT24: 1

Truncated right: I1 0 7 6: 4
Truncated left: AND-NOT24: 1

Tentative from right
7 I1
6 I0
5 I7
4 I6
3 pending
2 pending
1 pending
0 pending

Tentative
0 AND-NOT24
1 pending
2 pending
3 pending
4 I6
5 I7
6 I0
7 I1

Preferred from right
7 I1
6 I0
5 I7
4 I6
3 ??5
2 ??4
1 ??3
0 AND-NOT24

Preferred from left
0 AND-NOT24
1 ??3
2 ??4
3 ??5
4 I6
5 I7
6 I0
7 I1

Preferred
0 AND-NOT24
1 ??3
2 ??4
3 ??5
4 I6
5 I7
6 I0
7 I1

Matching
0 AND-NOT24
1 ??3 - Identity absent, NOT absent, Constant absent, AND absent, OR absent, XOR absent, AND-NOT absent, OR-NOT absent, XOR-NOT absent
2 ??4 - Identity absent, NOT absent, Constant absent, AND14, OR absent, XOR absent, AND-NOT absent, OR-NOT absent, XOR-NOT absent
3 ??5 - Identity absent, NOT absent, Constant absent, AND absent, OR absent, XOR absent, AND-NOT absent, OR-NOT absent, XOR-NOT absent
4 I6
5 I7
6 I0
7 I1

Perfect match
Identity no
NOT no
Constant no
AND no
OR no
XOR no
AND-NOT no
OR-NOT no
XOR-NOT no

Matched
0 AND-NOT24
1 none
2 AND14
3 none
4 I6
5 I7
6 I0
7 I1

Selected
0 AND-NOT24
1 default 1
2 AND14
3 default 1
4 I6
5 I7
6 I0
7 I1

Applying to 01010100
Input
0 0
1 1
2 0
3 1
4 0
5 1
6 0
7 0
Output
0 AND-NOT24 = AND(0,NOT(0)) = 0
1 default 1 = 1
2 AND14 = AND(1,0) = 0
3 default 1 = 1
4 I6 = 0
5 I7 = 0
6 I0 = 0
7 I1 = 1

I will now return the answer in \boxed{}
The answer in \boxed{–} is \boxed{01010001}
[correct]
false
