[category]
bit_manipulation
[prompt]
In Alice's Wonderland, a secret bit manipulation rule transforms 8-bit binary numbers. The transformation involves operations like bit shifts, rotations, XOR, AND, OR, NOT, and possibly majority or choice functions.

Here are some examples of input -> output:
11100000 -> 00011100
01100011 -> 00111100
10101101 -> 11000101
01101110 -> 11101101
00000011 -> 00110000
10100100 -> 01010100
10011000 -> 10010011
10101100 -> 11010101
00011011 -> 10110011
10000000 -> 00010000

Now, determine the output for: 11101001
[completion]
We need to deduce the transformation by matching the example outputs.
I will put my final answer inside \boxed{}.

Output 0: 00011100
0 0
1 0
2 0
3 1
4 1
5 1
6 0
7 0

Output 1: 00111100
0 0
1 0
2 1
3 1
4 1
5 1
6 0
7 0

Output 2: 11000101
0 1
1 1
2 0
3 0
4 0
5 1
6 0
7 1

Output 3: 11101101
0 1
1 1
2 1
3 0
4 1
5 1
6 0
7 1

Output 4: 00110000
0 0
1 0
2 1
3 1
4 0
5 0
6 0
7 0

Output 5: 01010100
0 0
1 1
2 0
3 1
4 0
5 1
6 0
7 0

Output 6: 10010011
0 1
1 0
2 0
3 1
4 0
5 0
6 1
7 1

Output 7: 11010101
0 1
1 1
2 0
3 1
4 0
5 1
6 0
7 1

Output 8: 10110011
0 1
1 0
2 1
3 1
4 0
5 0
6 1
7 1

Output 9: 00010000
0 0
1 0
2 0
3 1
4 0
5 0
6 0
7 0

Output bit columns (with bitsum as hash)
0 0011001110 5
1 0011010100 4
2 0101100010 4
3 1100111111 8
4 1101000000 3
5 1111010100 6
6 0000001010 2
7 0011001110 5

Input 0: 11100000
0 1
1 1
2 1
3 0
4 0
5 0
6 0
7 0

Input 1: 01100011
0 0
1 1
2 1
3 0
4 0
5 0
6 1
7 1

Input 2: 10101101
0 1
1 0
2 1
3 0
4 1
5 1
6 0
7 1

Input 3: 01101110
0 0
1 1
2 1
3 0
4 1
5 1
6 1
7 0

Input 4: 00000011
0 0
1 0
2 0
3 0
4 0
5 0
6 1
7 1

Input 5: 10100100
0 1
1 0
2 1
3 0
4 0
5 1
6 0
7 0

Input 6: 10011000
0 1
1 0
2 0
3 1
4 1
5 0
6 0
7 0

Input 7: 10101100
0 1
1 0
2 1
3 0
4 1
5 1
6 0
7 0

Input 8: 00011011
0 0
1 0
2 0
3 1
4 1
5 0
6 1
7 1

Input 9: 10000000
0 1
1 0
2 0
3 0
4 0
5 0
6 0
7 0

When matching output
x: not in operator
y: wrong position

Identity
0 1010011101 6
1 1101000000 3 match 4
2 1111010100 6 match 5
3 0000001010 2 match 6
4 0011001110 5 match 0 7
5 0011010100 4 match 1
6 0101100010 4 match 2
7 0110100010 4

Matching output
0 4
1 5
2 6
3 absent
4 1
5 2
6 3
7 4

Left
4 5 6 7x
Best: I4 5 6: 3

Right
4 3 2 1 0x
Best: I4 3 2 1: 4

NOT
0 0101100010 4 match 2
1 0010111111 7
2 0000101011 4
3 1111110101 8
4 1100110001 5
5 1100101011 6
6 1010011101 6
7 1001011101 6

Matching output
0 absent
1 absent
2 0
3 absent
4 absent
5 absent
6 absent
7 absent

Left
none
Best: none

Right
none
Best: none

Constant
0 0000000000 a
1 1111111111 a

Matching output
0 absent
1 absent
2 absent
3 absent
4 absent
5 absent
6 absent
7 absent

Left
none
Best: none

Right
none
Best: none

AND
01 10 1000000000 1
12 21 1101000000 3 match 4
23 32 0000000000 a
34 43 0000001010 2 match 6
45 54 0011000100 3
56 65 0001000000 1
67 76 0100100010 3
70 07 0010000000 1

02 20 1010010100 4
13 31 0000000000 a
24 42 0011000100 3
35 53 0000000000 a
46 64 0001000010 2
57 75 0010000000 1
60 06 0000000000 a
71 17 0100000000 1

03 30 0000001000 1
14 41 0001000000 1
25 52 0011010100 4 match 1
36 63 0000000010 1
47 74 0010000010 2
50 05 0010010100 3
61 16 0101000000 2
72 27 0110000000 2

04 40 0010001100 3
15 51 0001000000 1
26 62 0101000000 2
37 73 0000000010 1

Matching output
0 absent
1 25 52
2 absent
3 absent
4 12 21
5 absent
6 34 43
7 absent

Left
none
Best: none

Right
none
Best: none

OR
01 10 1111011101 8
12 21 1111010100 6 match 5
23 32 1111011110 8
34 43 0011001110 5 match 0 7
45 54 0011011110 6
56 65 0111110110 7
67 76 0111100010 5
70 07 1110111111 9

02 20 1111011101 8
13 31 1101001010 5
24 42 1111011110 8
35 53 0011011110 6
46 64 0111101110 7
57 75 0111110110 7
60 06 1111111111 a
71 17 1111100010 6

03 30 1010011111 7
14 41 1111001110 7
25 52 1111010100 6 match 5
36 63 0101101010 5
47 74 0111101110 7
50 05 1011011101 7
61 16 1101100010 5
72 27 1111110110 8

04 40 1011011111 8
15 51 1111010100 6 match 5
26 62 1111110110 8
37 73 0110101010 5

Matching output
0 34 43
1 absent
2 absent
3 absent
4 absent
5 12 21 25 52 15 51
6 absent
7 34 43

Left
34 45x
43 54x
Best: OR34: 1

Right
34 23x
43 32x
Best: OR34: 1

XOR
01 10 0111011101 7
12 21 0010010100 3
23 32 1111011110 8
34 43 0011000100 3
45 54 0000011010 3
56 65 0110110110 6
67 76 0011000000 2
70 07 1100111111 8 match 3

02 20 0101001001 4
13 31 1101001010 5
24 42 1100011010 5
35 53 0011011110 6
46 64 0110101100 5
57 75 0101110110 6
60 06 1111111111 a
71 17 1011100010 5

03 30 1010010111 6
14 41 1110001110 6
25 52 1100000000 2
36 63 0101101000 4
47 74 0101101100 5
50 05 1001001001 4
61 16 1000100010 3
72 27 1001110110 6

04 40 1001010011 5
15 51 1110010100 5
26 62 1010110110 6
37 73 0110101000 4

Matching output
0 absent
1 absent
2 absent
3 70 07
4 absent
5 absent
6 absent
7 absent

Left
none
Best: none

Right
none
Best: none

AND-NOT
01 0010011101 5
12 0000000000 a
23 1111010100 6 match 5
34 0000000000 a
45 0000001010 2 match 6
56 0010010100 3
67 0001000000 1
70 0100100010 3

02 0000001001 2
13 1101000000 3 match 4
24 1100010000 3
35 0000001010 2 match 6
46 0010001100 3
57 0001010100 3
60 0101100010 4 match 2
71 0010100010 3

03 1010010101 5
14 1100000000 2
25 1100000000 2
36 0000001000 1
47 0001001100 3
50 0001000000 1
61 0000100010 2
72 0000100010 2

04 1000010001 3
15 1100000000 2
26 1010010100 4
37 0000001000 1
40 0001000010 2
51 0010010100 3
62 0000100010 2
73 0110100000 3

05 1000001001 3
16 1000000000 1
27 1001010100 4
30 0000000010 1
41 0010001110 4
52 0000000000 a
63 0101100000 3
74 0100100000 2

06 1010011101 6
17 1001000000 2
20 0101000000 2
31 0000001010 2 match 6
42 0000001010 2 match 6
53 0011010100 4 match 1
64 0100100000 2
75 0100100010 3

07 1000011101 5
10 0101000000 2
21 0010010100 3
32 0000001010 2 match 6
43 0011000100 3
54 0000010000 1
65 0100100010 3
76 0010000000 1

Matching output
0 absent
1 53
2 60
3 absent
4 13
5 23
6 45 35 31 42 32
7 absent

Left
none
Best: none

Right
none
Best: none

OR-NOT
01 1010111111 8
12 1101101011 7
23 1111110101 8
34 1100111011 7
45 1111101111 9
56 1011011101 7
67 1101111111 9
70 0111100010 5

02 1010111111 8
13 1111110101 8
24 1111110101 8
35 1100101011 6
46 1011011111 8
57 1011011101 7
60 0101100010 4 match 2
71 0110111111 8

03 1111111101 9
14 1101110001 6
25 1111111111 a
36 1010011111 7
47 1011011111 8
50 0111110110 7
61 0111111111 9
72 0110101011 6

04 1110111101 8
15 1101101011 7
26 1111011101 8
37 1001011111 7
40 0111101110 7
51 0011111111 8
62 0101101011 6
73 1111110111 9

05 1110111111 9
16 1111011101 8
27 1111011101 8
30 0101101010 5
41 0011111111 8
52 0011111111 8
63 1111110111 9
74 1110110011 7

06 1010011101 6
17 1101011101 7
20 1111110110 8
31 0010111111 7
42 0011101111 7
53 1111110101 8
64 1101110011 7
75 1110101011 7

07 1011011101 7
10 1101100010 5
21 1111111111 a
32 0000101011 4
43 1111111111 a
54 1111110101 8
65 1101101011 7
76 1110111111 9

Matching output
0 absent
1 absent
2 60
3 absent
4 absent
5 absent
6 absent
7 absent

Left
none
Best: none

Right
none
Best: none

XOR-NOT
01 1000100010 3
12 1101101011 7
23 0000100001 2
34 1100111011 7
45 1111100101 7
56 1001001001 4
67 1100111111 8 match 3
70 0011000000 2

02 1010110110 6
13 0010110101 5
24 0011100101 5
35 1100100001 4
46 1001010011 5
57 1010001001 4
60 0000000000 a
71 0100011101 5

03 0101101000 4
14 0001110001 4
25 0011111111 8
36 1010010111 6
47 1010010011 5
50 0110110110 6
61 0111011101 7
72 0110001001 4

04 0110101100 5
15 0001101011 5
26 0101001001 4
37 1001010111 6
40 0110101100 5
51 0001101011 5
62 0101001001 4
73 1001010111 6

05 0110110110 6
16 0111011101 7
27 0110001001 4
30 0101101000 4
41 0001110001 4
52 0011111111 8
63 1010010111 6
74 1010010011 5

06 0000000000 a
17 0100011101 5
20 1010110110 6
31 0010110101 5
42 0011100101 5
53 1100100001 4
64 1001010011 5
75 1010001001 4

07 0011000000 2
10 1000100010 3
21 1101101011 7
32 0000100001 2
43 1100111011 7
54 1111100101 7
65 1001001001 4
76 1100111111 8 match 3

Matching output
0 absent
1 absent
2 absent
3 67 76
4 absent
5 absent
6 absent
7 absent

Left
none
Best: none

Right
none
Best: none

Selecting

Lefts
Identity I4 5 6: 3
NOT none
Constant none
AND none
OR OR34: 1
XOR none
AND-NOT none
OR-NOT none
XOR-NOT none

Rights
Identity I4 3 2 1: 4
NOT none
Constant none
AND none
OR OR34: 1
XOR none
AND-NOT none
OR-NOT none
XOR-NOT none

Left longest: 3
Right longest: 4

Right winner: Identity yes, NOT no, Constant no, AND no, OR no, XOR no, AND-NOT no, OR-NOT no, XOR-NOT no
Left winner: Identity yes, NOT no, Constant no, AND no, OR no, XOR no, AND-NOT no, OR-NOT no, XOR-NOT no

Best right: I4 3 2 1: 4
Best left: I4 5 6: 3

Truncated right: I4 3 2 1: 4
Truncated left: I4 5 6: 3

Tentative from right
7 I4
6 I3
5 I2
4 I1
3 pending
2 pending
1 pending
0 pending

Tentative
0 I4
1 I5
2 I6
3 pending
4 I1
5 I2
6 I3
7 I4

Preferred from right
7 I4
6 I3
5 I2
4 I1
3 ??0
2 I6
1 I5
0 I4

Preferred from left
0 I4
1 I5
2 I6
3 ?70
4 I1
5 I2
6 I3
7 I4

Preferred
0 I4
1 I5
2 I6
3 ?70 ?07
4 I1
5 I2
6 I3
7 I4

Matching
0 I4
1 I5
2 I6
3 ?70 ?07 - Identity absent, NOT absent, Constant absent, AND absent, OR absent, XOR70, AND-NOT absent, OR-NOT absent, XOR-NOT absent
4 I1
5 I2
6 I3
7 I4

Perfect match
Identity no
NOT no
Constant no
AND no
OR no
XOR yes
AND-NOT no
OR-NOT no
XOR-NOT no

Matched
0 I4
1 I5
2 I6
3 XOR70
4 I1
5 I2
6 I3
7 I4

Selected
0 I4
1 I5
2 I6
3 XOR70
4 I1
5 I2
6 I3
7 I4

Applying to 11101001
Input
0 1
1 1
2 1
3 0
4 1
5 0
6 0
7 1
Output
0 I4 = 1
1 I5 = 0
2 I6 = 0
3 XOR70 = XOR(1,1) = 0
4 I1 = 1
5 I2 = 1
6 I3 = 0
7 I4 = 1

I will now return the answer in \boxed{}
The answer in \boxed{–} is \boxed{10001101}
[correct]
true
