[category]
bit_manipulation
[prompt]
In Alice's Wonderland, a secret bit manipulation rule transforms 8-bit binary numbers. The transformation involves operations like bit shifts, rotations, XOR, AND, OR, NOT, and possibly majority or choice functions.

Here are some examples of input -> output:
10100100 -> 00000001
00001010 -> 00000000
11000110 -> 00000000
10001111 -> 00000000
00101010 -> 00000000
01110001 -> 00000000
00010111 -> 00000000
01000111 -> 00000000

Now, determine the output for: 01110011
[completion]
We need to deduce the transformation by matching the example outputs.
I will put my final answer inside \boxed{}.

Output 0: 00000001
0 0
1 0
2 0
3 0
4 0
5 0
6 0
7 1

Output 1: 00000000
0 0
1 0
2 0
3 0
4 0
5 0
6 0
7 0

Output 2: 00000000
0 0
1 0
2 0
3 0
4 0
5 0
6 0
7 0

Output 3: 00000000
0 0
1 0
2 0
3 0
4 0
5 0
6 0
7 0

Output 4: 00000000
0 0
1 0
2 0
3 0
4 0
5 0
6 0
7 0

Output 5: 00000000
0 0
1 0
2 0
3 0
4 0
5 0
6 0
7 0

Output 6: 00000000
0 0
1 0
2 0
3 0
4 0
5 0
6 0
7 0

Output 7: 00000000
0 0
1 0
2 0
3 0
4 0
5 0
6 0
7 0

Output bit columns (with bitsum as hash)
0 00000000 a
1 00000000 a
2 00000000 a
3 00000000 a
4 00000000 a
5 00000000 a
6 00000000 a
7 10000000 1

Input 0: 10100100
0 1
1 0
2 1
3 0
4 0
5 1
6 0
7 0

Input 1: 00001010
0 0
1 0
2 0
3 0
4 1
5 0
6 1
7 0

Input 2: 11000110
0 1
1 1
2 0
3 0
4 0
5 1
6 1
7 0

Input 3: 10001111
0 1
1 0
2 0
3 0
4 1
5 1
6 1
7 1

Input 4: 00101010
0 0
1 0
2 1
3 0
4 1
5 0
6 1
7 0

Input 5: 01110001
0 0
1 1
2 1
3 1
4 0
5 0
6 0
7 1

Input 6: 00010111
0 0
1 0
2 0
3 1
4 0
5 1
6 1
7 1

Input 7: 01000111
0 0
1 1
2 0
3 0
4 0
5 1
6 1
7 1

When matching output
x: not in operator
y: wrong position

Identity
0 10110000 3
1 00100101 3
2 10001100 3
3 00000110 2
4 01011000 3
5 10110011 5
6 01111011 6
7 00010111 4

Matching output
0 absent
1 absent
2 absent
3 absent
4 absent
5 absent
6 absent
7 absent

Left
none
Best: none

Right
none
Best: none

NOT
0 01001111 5
1 11011010 5
2 01110011 5
3 11111001 6
4 10100111 5
5 01001100 3
6 10000100 2
7 11101000 4

Matching output
0 absent
1 absent
2 absent
3 absent
4 absent
5 absent
6 absent
7 absent

Left
none
Best: none

Right
none
Best: none

Constant
0 00000000 a match 0 1 2 3 4 5 6
1 11111111 a

Matching output
0 C0
1 C0
2 C0
3 C0
4 C0
5 C0
6 C0
7 absent

Left
0 0 0 0 0 0 0
Best: C0 0 0 0 0 0 0: 7

Right
none
Best: none

AND
01 10 00100000 1
12 21 00000100 1
23 32 00000100 1
34 43 00000000 a match 0 1 2 3 4 5 6
45 54 00010000 1
56 65 00110011 4
67 76 00010011 3
70 07 00010000 1

02 20 10000000 1 match 7
13 31 00000100 1
24 42 00001000 1
35 53 00000010 1
46 64 01011000 3
57 75 00010011 3
60 06 00110000 2
71 17 00000101 2

03 30 00000000 a match 0 1 2 3 4 5 6
14 41 00000000 a match 0 1 2 3 4 5 6
25 52 10000000 1 match 7
36 63 00000010 1
47 74 00010000 1
50 05 10110000 3
61 16 00100001 2
72 27 00000100 1

04 40 00010000 1
15 51 00100001 2
26 62 00001000 1
37 73 00000110 2

Matching output
0 34 43 03 30 14 41
1 34 43 03 30 14 41
2 34 43 03 30 14 41
3 34 43 03 30 14 41
4 34 43 03 30 14 41
5 34 43 03 30 14 41
6 34 43 03 30 14 41
7 02 20 25 52

Left
34 45x
43 54x
03 14 25y
30 41 52y
14 25y
41 52y
Best: AND03 14: 2

Right
02 71x
20 17x
25 14 03 72x
52 41 30 27x
Best: AND25 14 03: 3

OR
01 10 10110101 5
12 21 10101101 5
23 32 10001110 4
34 43 01011110 5
45 54 11111011 7
56 65 11111011 7
67 76 01111111 7
70 07 10110111 6

02 20 10111100 5
13 31 00100111 4
24 42 11011100 5
35 53 10110111 6
46 64 01111011 6
57 75 10110111 6
60 06 11111011 7
71 17 00110111 5

03 30 10110110 5
14 41 01111101 6
25 52 10111111 7
36 63 01111111 7
47 74 01011111 6
50 05 10110011 5
61 16 01111111 7
72 27 10011111 6

04 40 11111000 5
15 51 10110111 6
26 62 11111111 a
37 73 00010111 4

Matching output
0 absent
1 absent
2 absent
3 absent
4 absent
5 absent
6 absent
7 absent

Left
none
Best: none

Right
none
Best: none

XOR
01 10 10010101 4
12 21 10101001 4
23 32 10001010 3
34 43 01011110 5
45 54 11101011 6
56 65 11001000 3
67 76 01101100 4
70 07 10100111 5

02 20 00111100 4
13 31 00100011 3
24 42 11010100 4
35 53 10110101 5
46 64 00100011 3
57 75 10100100 3
60 06 11001011 5
71 17 00110010 3

03 30 10110110 5
14 41 01111101 6
25 52 00111111 6
36 63 01111101 6
47 74 01001111 5
50 05 00000011 2
61 16 01011110 5
72 27 10011011 5

04 40 11101000 4
15 51 10010110 4
26 62 11110111 7
37 73 00010001 2

Matching output
0 absent
1 absent
2 absent
3 absent
4 absent
5 absent
6 absent
7 absent

Left
none
Best: none

Right
none
Best: none

AND-NOT
01 10010000 2
12 00100001 2
23 10001000 2
34 00000110 2
45 01001000 2
56 10000000 1 match 7
67 01101000 3
70 00000111 3

02 00110000 2
13 00100001 2
24 10000100 2
35 00000100 1
46 00000000 a match 0 1 2 3 4 5 6
57 10100000 2
60 01001011 4
71 00010010 2

03 10110000 3
14 00100101 3
25 00001100 2
36 00000100 1
47 01001000 2
50 00000011 2
61 01011010 4
72 00010011 3

04 10100000 2
15 00000100 1
26 10000100 2
37 00000000 a match 0 1 2 3 4 5 6
40 01001000 2
51 10010010 3
62 01110011 5
73 00010001 2

05 00000000 a match 0 1 2 3 4 5 6
16 00000100 1
27 10001000 2
30 00000110 2
41 01011000 3
52 00110011 4
63 01111001 5
74 00000111 3

06 10000000 1 match 7
17 00100000 1
20 00001100 2
31 00000010 1
42 01010000 2
53 10110001 4
64 00100011 3
75 00000100 1

07 10100000 2
10 00000101 2
21 10001000 2
32 00000010 1
43 01011000 3
54 10100011 4
65 01001000 2
76 00000100 1

Matching output
0 46 37 05
1 46 37 05
2 46 37 05
3 46 37 05
4 46 37 05
5 46 37 05
6 46 37 05
7 56 06

Left
46 57x
37 40x
05 16x
Best: AND-NOT46: 1

Right
56 45x
06 75x
Best: AND-NOT56: 1

OR-NOT
01 11111010 6
12 01110111 6
23 11111101 7
34 10100111 5
45 01011100 4
56 10110111 6
67 11111011 7
70 01011111 6

02 11110011 6
13 11111101 7
24 10101111 6
35 01001110 4
46 11011100 5
57 11111011 7
60 01111111 7
71 11011111 7

03 11111001 6
14 10100111 5
25 11001100 4
36 10000110 3
47 11111000 5
50 11111111 a
61 11111011 7
72 01110111 6

04 10110111 6
15 01101101 5
26 10001100 3
37 11101110 6
40 01011111 6
51 11111011 7
62 01111011 6
73 11111111 a

05 11111100 6
16 10100101 4
27 11101100 5
30 01001111 5
41 11011010 5
52 11110011 6
63 11111011 7
74 10110111 6

06 10110100 4
17 11101101 6
20 11001111 6
31 11011110 6
42 01111011 6
53 11111011 7
64 11111111 a
75 01011111 6

07 11111000 5
10 01101111 6
21 11011110 6
32 01110111 6
43 11111001 6
54 10110111 6
65 01111111 7
76 10010111 5

Matching output
0 absent
1 absent
2 absent
3 absent
4 absent
5 absent
6 absent
7 absent

Left
none
Best: none

Right
none
Best: none

XOR-NOT
01 01101010 4
12 01010110 4
23 01110101 5
34 10100001 3
45 00010100 2
56 00110111 5
67 10010011 4
70 01011000 3

02 11000011 4
13 11011100 5
24 00101011 4
35 01001010 3
46 11011100 5
57 01011011 5
60 00110100 3
71 11001101 5

03 01001001 3
14 10000010 2
25 11000000 2
36 10000010 2
47 10110000 3
50 11111100 6
61 10100001 3
72 01100100 3

04 00010111 4
15 01101001 4
26 00001000 1
37 11101110 6
40 00010111 4
51 01101001 4
62 00001000 1
73 11101110 6

05 11111100 6
16 10100001 3
27 01100100 3
30 01001001 3
41 10000010 2
52 11000000 2
63 10000010 2
74 10110000 3

06 00110100 3
17 11001101 5
20 11000011 4
31 11011100 5
42 00101011 4
53 01001010 3
64 11011100 5
75 01011011 5

07 01011000 3
10 01101010 4
21 01010110 4
32 01110101 5
43 10100001 3
54 00010100 2
65 00110111 5
76 10010011 4

Matching output
0 absent
1 absent
2 absent
3 absent
4 absent
5 absent
6 absent
7 absent

Left
none
Best: none

Right
none
Best: none

Selecting

Lefts
Identity none
NOT none
Constant C0 0 0 0 0 0 0: 7
AND AND03 14: 2
OR none
XOR none
AND-NOT AND-NOT46: 1
OR-NOT none
XOR-NOT none

Rights
Identity none
NOT none
Constant none
AND AND25 14 03: 3
OR none
XOR none
AND-NOT AND-NOT56: 1
OR-NOT none
XOR-NOT none

Left longest: 7
Right longest: 3

Left winner: Identity no, NOT no, Constant yes, AND no, OR no, XOR no, AND-NOT no, OR-NOT no, XOR-NOT no
Right winner: Identity no, NOT no, Constant no, AND yes, OR no, XOR no, AND-NOT no, OR-NOT no, XOR-NOT no

Best left: C0 0 0 0 0 0 0: 7
Best right: AND25 14 03: 3

Truncated left: C0 0 0 0 0 0 0: 7
Truncated right: AND25: 1 truncated

Tentative from right
7 AND25
6 pending
5 pending
4 pending
3 pending
2 pending
1 pending
0 pending

Tentative
0 C0
1 C0
2 C0
3 C0
4 C0
5 C0
6 C0
7 AND25

Preferred from left
0 C0
1 C0
2 C0
3 C0
4 C0
5 C0
6 C0
7 AND25

Preferred from right
7 AND25
6 C0
5 C0
4 C0
3 C0
2 C0
1 C0
0 C0

Preferred
0 C0
1 C0
2 C0
3 C0
4 C0
5 C0
6 C0
7 AND25

Matching
0 C0
1 C0
2 C0
3 C0
4 C0
5 C0
6 C0
7 AND25

Perfect match
Identity no
NOT no
Constant no
AND no
OR no
XOR no
AND-NOT no
OR-NOT no
XOR-NOT no

Matched
0 C0
1 C0
2 C0
3 C0
4 C0
5 C0
6 C0
7 AND25

Selected
0 C0
1 C0
2 C0
3 C0
4 C0
5 C0
6 C0
7 AND25

Applying to 01110011
Input
0 0
1 1
2 1
3 1
4 0
5 0
6 1
7 1
Output
0 C0 = 0
1 C0 = 0
2 C0 = 0
3 C0 = 0
4 C0 = 0
5 C0 = 0
6 C0 = 0
7 AND25 = AND(1,0) = 0

I will now return the answer in \boxed{}
The answer in \boxed{–} is \boxed{00000000}
[correct]
true
