[category]
bit_manipulation
[prompt]
In Alice's Wonderland, a secret bit manipulation rule transforms 8-bit binary numbers. The transformation involves operations like bit shifts, rotations, XOR, AND, OR, NOT, and possibly majority or choice functions.

Here are some examples of input -> output:
11101111 -> 10000110
11111110 -> 00011111
00110111 -> 11001011
00000100 -> 01100000
01000101 -> 01111100
01001011 -> 11101100
00111010 -> 01110011
11111010 -> 01111111
01111001 -> 01011111

Now, determine the output for: 10010111
[completion]
We need to deduce the transformation by matching the example outputs.
I will put my final answer inside \boxed{}.

Output 0: 10000110
0 1
1 0
2 0
3 0
4 0
5 1
6 1
7 0

Output 1: 00011111
0 0
1 0
2 0
3 1
4 1
5 1
6 1
7 1

Output 2: 11001011
0 1
1 1
2 0
3 0
4 1
5 0
6 1
7 1

Output 3: 01100000
0 0
1 1
2 1
3 0
4 0
5 0
6 0
7 0

Output 4: 01111100
0 0
1 1
2 1
3 1
4 1
5 1
6 0
7 0

Output 5: 11101100
0 1
1 1
2 1
3 0
4 1
5 1
6 0
7 0

Output 6: 01110011
0 0
1 1
2 1
3 1
4 0
5 0
6 1
7 1

Output 7: 01111111
0 0
1 1
2 1
3 1
4 1
5 1
6 1
7 1

Output 8: 01011111
0 0
1 1
2 0
3 1
4 1
5 1
6 1
7 1

Output bit columns (with bitsum as hash)
0 101001000 3
1 001111111 7
2 000111110 5
3 010010111 5
4 011011011 6
5 110011011 6
6 111000111 6
7 011000111 5

Input 0: 11101111
0 1
1 1
2 1
3 0
4 1
5 1
6 1
7 1

Input 1: 11111110
0 1
1 1
2 1
3 1
4 1
5 1
6 1
7 0

Input 2: 00110111
0 0
1 0
2 1
3 1
4 0
5 1
6 1
7 1

Input 3: 00000100
0 0
1 0
2 0
3 0
4 0
5 1
6 0
7 0

Input 4: 01000101
0 0
1 1
2 0
3 0
4 0
5 1
6 0
7 1

Input 5: 01001011
0 0
1 1
2 0
3 0
4 1
5 0
6 1
7 1

Input 6: 00111010
0 0
1 0
2 1
3 1
4 1
5 0
6 1
7 0

Input 7: 11111010
0 1
1 1
2 1
3 1
4 1
5 0
6 1
7 0

Input 8: 01111001
0 0
1 1
2 1
3 1
4 1
5 0
6 0
7 1

When matching output
x: not in operator
y: wrong position

Identity
0 110000010 3
1 110011011 6 match 5
2 111000111 6 match 6
3 011000111 5 match 7
4 110001111 6
5 111110000 5
6 111001110 6
7 101011001 5

Matching output
0 absent
1 absent
2 absent
3 absent
4 absent
5 1
6 2
7 3

Left
none
Best: none

Right
3 2 1 0x
Best: I3 2 1: 3

NOT
0 001111101 6
1 001100100 3
2 000111000 3
3 100111000 4
4 001110000 3
5 000001111 4
6 000110001 3
7 010100110 4

Matching output
0 absent
1 absent
2 absent
3 absent
4 absent
5 absent
6 absent
7 absent

Left
none
Best: none

Right
none
Best: none

Constant
0 000000000 a
1 111111111 a

Matching output
0 absent
1 absent
2 absent
3 absent
4 absent
5 absent
6 absent
7 absent

Left
none
Best: none

Right
none
Best: none

AND
01 10 110000010 3
12 21 110000011 4
23 32 011000111 5 match 7
34 43 010000111 4
45 54 110000000 2
56 65 111000000 3
67 76 101001000 3 match 0
70 07 100000000 1

02 20 110000010 3
13 31 010000011 3
24 42 110000111 5
35 53 011000000 2
46 64 110001110 5
57 75 101010000 3
60 06 110000010 3
71 17 100011001 4

03 30 010000010 2
14 41 110001011 5
25 52 111000000 3
36 63 011000110 4
47 74 100001001 3
50 05 110000000 2
61 16 110001010 4
72 27 101000001 3

04 40 110000010 3
15 51 110010000 3
26 62 111000110 5
37 73 001000001 2

Matching output
0 67 76
1 absent
2 absent
3 absent
4 absent
5 absent
6 absent
7 23 32

Left
67 70x
76 07x
Best: AND67: 1

Right
23 12x
32 21x
Best: AND23: 1

OR
01 10 110011011 6 match 5
12 21 111011111 8
23 32 111000111 6 match 6
34 43 111001111 7
45 54 111111111 a
56 65 111111110 8
67 76 111011111 8
70 07 111011011 7

02 20 111000111 6 match 6
13 31 111011111 8
24 42 111001111 7
35 53 111110111 8
46 64 111001111 7
57 75 111111001 7
60 06 111001110 6
71 17 111011011 7

03 30 111000111 6 match 6
14 41 110011111 7
25 52 111110111 8
36 63 111001111 7
47 74 111011111 8
50 05 111110010 6
61 16 111011111 8
72 27 111011111 8

04 40 110001111 6
15 51 111111011 8
26 62 111001111 7
37 73 111011111 8

Matching output
0 absent
1 absent
2 absent
3 absent
4 absent
5 01 10
6 23 32 02 20 03 30
7 absent

Left
none
Best: none

Right
none
Best: none

XOR
01 10 000011001 3
12 21 001011100 4
23 32 100000000 1
34 43 101001000 3 match 0
45 54 001111111 7 match 1
56 65 000111110 5 match 2
67 76 010010111 5 match 3
70 07 011011011 6 match 4

02 20 001000101 3
13 31 101011100 5
24 42 001001000 2
35 53 100110111 6
46 64 001000001 2
57 75 010101001 4
60 06 001001100 3
71 17 011000010 3

03 30 101000101 4
14 41 000010100 2
25 52 000110111 5
36 63 100001001 3
47 74 011010110 5
50 05 001110010 4
61 16 001010101 4
72 27 010011110 5

04 40 000001101 3
15 51 001101011 5
26 62 000001001 2
37 73 110011110 6

Matching output
0 34 43
1 45 54
2 56 65
3 67 76
4 70 07
5 absent
6 absent
7 absent

Left
34 45 56 67 70 01x
43 54 65 76 07 10x
Best: XOR34 45 56 67 70: 5

Right
none
Best: none

AND-NOT
01 000000000 a
12 000011000 2
23 100000000 1
34 001000000 1
45 000001111 4
56 000110000 2
67 010000110 3
70 001011001 4

02 000000000 a
13 100011000 3
24 001000000 1
35 000000111 3
46 000000001 1
57 010100000 2
60 001001100 3
71 001000000 1

03 100000000 1
14 000010000 1
25 000000111 3
36 000000001 1
47 010000110 3
50 001110000 3
61 001000100 2
72 000011000 2

04 000000000 a
15 000001011 3
26 000000001 1
37 010000110 3
40 000001101 3
51 001100000 2
62 000001000 1
73 100011000 3

05 000000010 1
16 000010001 2
27 010000110 3
30 001000101 3
41 000000100 1
52 000110000 2
63 100001000 2
74 001010000 2

06 000000000 a
17 010000010 2
20 001000101 3
31 001000100 2
42 000001000 1
53 100110000 3
64 001000000 1
75 000001001 2

07 010000010 2
10 000011001 3
21 001000100 2
32 000000000 a
43 100001000 2
54 001110000 3
65 000001110 3
76 000010001 2

Matching output
0 absent
1 absent
2 absent
3 absent
4 absent
5 absent
6 absent
7 absent

Left
none
Best: none

Right
none
Best: none

OR-NOT
01 111100110 6
12 110111011 7
23 111111111 a
34 011110111 7
45 110001111 6
56 111110001 6
67 111101110 7
70 101111101 7

02 110111010 6
13 110111011 7
24 111110111 8
35 011001111 6
46 110111111 8
57 111110110 7
60 111111111 a
71 101111101 7

03 110111010 6
14 111111011 8
25 111001111 7
36 011110111 7
47 110101111 7
50 111111101 8
61 111101110 7
72 101111001 6

04 111110010 6
15 110011111 7
26 111110111 8
37 011100111 6
40 111111111 a
51 111110100 6
62 111111110 8
73 101111001 6

05 110001111 6
16 110111011 7
27 111100111 7
30 011111111 8
41 111101111 8
52 111111000 6
63 111111110 8
74 101111001 6

06 110110011 6
17 110111111 8
20 111111111 a
31 011100111 6
42 110111111 8
53 111111000 6
64 111111110 8
75 101011111 7

07 110100110 5
10 111111111 a
21 111100111 7
32 011111111 8
43 110111111 8
54 111110000 5
65 111001111 7
76 101111001 6

Matching output
0 absent
1 absent
2 absent
3 absent
4 absent
5 absent
6 absent
7 absent

Left
none
Best: none

Right
none
Best: none

XOR-NOT
01 111100110 6
12 110100011 5
23 011111111 8
34 010110111 6
45 110000000 2
56 111000001 4
67 101101000 4
70 100100100 3

02 110111010 6
13 010100011 4
24 110110111 7
35 011001000 3
46 110111110 7
57 101010110 5
60 110110011 6
71 100111101 6

03 010111010 5
14 111101011 7
25 111001000 4
36 011110110 6
47 100101001 4
50 110001101 5
61 110101010 5
72 101100001 4

04 111110010 6
15 110010100 4
26 111110110 7
37 001100001 3
40 111110010 6
51 110010100 4
62 111110110 7
73 001100001 3

05 110001101 5
16 110101010 5
27 101100001 4
30 010111010 5
41 111101011 7
52 111001000 4
63 011110110 6
74 100101001 4

06 110110011 6
17 100111101 6
20 110111010 6
31 010100011 4
42 110110111 7
53 011001000 3
64 110111110 7
75 101010110 5

07 100100100 3
10 111100110 6
21 110100011 5
32 011111111 8
43 010110111 6
54 110000000 2
65 111000001 4
76 101101000 4

Matching output
0 absent
1 absent
2 absent
3 absent
4 absent
5 absent
6 absent
7 absent

Left
none
Best: none

Right
none
Best: none

Selecting

Lefts
Identity none
NOT none
Constant none
AND AND67: 1
OR none
XOR XOR34 45 56 67 70: 5
AND-NOT none
OR-NOT none
XOR-NOT none

Rights
Identity I3 2 1: 3
NOT none
Constant none
AND AND23: 1
OR none
XOR none
AND-NOT none
OR-NOT none
XOR-NOT none

Left longest: 5
Right longest: 3

Left winner: Identity no, NOT no, Constant no, AND no, OR no, XOR yes, AND-NOT no, OR-NOT no, XOR-NOT no
Right winner: Identity yes, NOT no, Constant no, AND no, OR no, XOR no, AND-NOT no, OR-NOT no, XOR-NOT no

Best left: XOR34 45 56 67 70: 5
Best right: I3 2 1: 3

Truncated left: XOR34 45 56 67 70: 5
Truncated right: I3 2 1: 3

Tentative from right
7 I3
6 I2
5 I1
4 pending
3 pending
2 pending
1 pending
0 pending

Tentative
0 XOR34
1 XOR45
2 XOR56
3 XOR67
4 XOR70
5 I1
6 I2
7 I3

Preferred from left
0 XOR34
1 XOR45
2 XOR56
3 XOR67
4 XOR70
5 I1
6 I2
7 I3

Preferred from right
7 I3
6 I2
5 I1
4 XOR70
3 XOR67
2 XOR56
1 XOR45
0 XOR34

Preferred
0 XOR34
1 XOR45
2 XOR56
3 XOR67
4 XOR70
5 I1
6 I2
7 I3

Matching
0 XOR34
1 XOR45
2 XOR56
3 XOR67
4 XOR70
5 I1
6 I2
7 I3

Perfect match
Identity no
NOT no
Constant no
AND no
OR no
XOR no
AND-NOT no
OR-NOT no
XOR-NOT no

Matched
0 XOR34
1 XOR45
2 XOR56
3 XOR67
4 XOR70
5 I1
6 I2
7 I3

Selected
0 XOR34
1 XOR45
2 XOR56
3 XOR67
4 XOR70
5 I1
6 I2
7 I3

Applying to 10010111
Input
0 1
1 0
2 0
3 1
4 0
5 1
6 1
7 1
Output
0 XOR34 = XOR(1,0) = 1
1 XOR45 = XOR(0,1) = 1
2 XOR56 = XOR(1,1) = 0
3 XOR67 = XOR(1,1) = 0
4 XOR70 = XOR(1,1) = 0
5 I1 = 0
6 I2 = 0
7 I3 = 1

I will now return the answer in \boxed{}
The answer in \boxed{–} is \boxed{11000001}
[correct]
true
