[category]
bit_manipulation
[prompt]
In Alice's Wonderland, a secret bit manipulation rule transforms 8-bit binary numbers. The transformation involves operations like bit shifts, rotations, XOR, AND, OR, NOT, and possibly majority or choice functions.

Here are some examples of input -> output:
00000000 -> 00000000
00001110 -> 10000011
10111010 -> 10001100
10011000 -> 00000100
10001000 -> 00000000
11001100 -> 00100010
11111000 -> 00111100

Now, determine the output for: 10000100
[completion]
We need to deduce the transformation by matching the example outputs.
I will put my final answer inside \boxed{}.

Output 0: 00000000
0 0
1 0
2 0
3 0
4 0
5 0
6 0
7 0

Output 1: 10000011
0 1
1 0
2 0
3 0
4 0
5 0
6 1
7 1

Output 2: 10001100
0 1
1 0
2 0
3 0
4 1
5 1
6 0
7 0

Output 3: 00000100
0 0
1 0
2 0
3 0
4 0
5 1
6 0
7 0

Output 4: 00000000
0 0
1 0
2 0
3 0
4 0
5 0
6 0
7 0

Output 5: 00100010
0 0
1 0
2 1
3 0
4 0
5 0
6 1
7 0

Output 6: 00111100
0 0
1 0
2 1
3 1
4 1
5 1
6 0
7 0

Output bit columns (with bitsum as hash)
0 0110000 2
1 0000000 a
2 0000011 2
3 0000001 1
4 0010001 2
5 0011001 3
6 0100010 2
7 0100000 1

Input 0: 00000000
0 0
1 0
2 0
3 0
4 0
5 0
6 0
7 0

Input 1: 00001110
0 0
1 0
2 0
3 0
4 1
5 1
6 1
7 0

Input 2: 10111010
0 1
1 0
2 1
3 1
4 1
5 0
6 1
7 0

Input 3: 10011000
0 1
1 0
2 0
3 1
4 1
5 0
6 0
7 0

Input 4: 10001000
0 1
1 0
2 0
3 0
4 1
5 0
6 0
7 0

Input 5: 11001100
0 1
1 1
2 0
3 0
4 1
5 1
6 0
7 0

Input 6: 11111000
0 1
1 1
2 1
3 1
4 1
5 0
6 0
7 0

When matching output
x: not in operator
y: wrong position

Identity
0 0011111 5
1 0000011 2 match 2
2 0010001 2 match 4
3 0011001 3 match 5
4 0111111 6
5 0100010 2 match 6
6 0110000 2 match 0
7 0000000 a match 1

Matching output
0 6
1 7
2 1
3 absent
4 2
5 3
6 5
7 absent

Left
6 7 0x
Best: I6 7: 2

Right
none
Best: none

NOT
0 1100000 2
1 1111100 5
2 1101110 5
3 1100110 4
4 1000000 1
5 1011101 5
6 1001111 5
7 1111111 a

Matching output
0 absent
1 absent
2 absent
3 absent
4 absent
5 absent
6 absent
7 absent

Left
none
Best: none

Right
none
Best: none

Constant
0 0000000 a match 1
1 1111111 a

Matching output
0 absent
1 C0
2 absent
3 absent
4 absent
5 absent
6 absent
7 absent

Left
none
Best: none

Right
none
Best: none

AND
01 10 0000011 2 match 2
12 21 0000001 1 match 3
23 32 0010001 2 match 4
34 43 0011001 3 match 5
45 54 0100010 2 match 6
56 65 0100000 1 match 7
67 76 0000000 a match 1
70 07 0000000 a match 1

02 20 0010001 2 match 4
13 31 0000001 1 match 3
24 42 0010001 2 match 4
35 53 0000000 a match 1
46 64 0110000 2 match 0
57 75 0000000 a match 1
60 06 0010000 1
71 17 0000000 a match 1

03 30 0011001 3 match 5
14 41 0000011 2 match 2
25 52 0000000 a match 1
36 63 0010000 1
47 74 0000000 a match 1
50 05 0000010 1
61 16 0000000 a match 1
72 27 0000000 a match 1

04 40 0011111 5
15 51 0000010 1
26 62 0010000 1
37 73 0000000 a match 1

Matching output
0 46 64
1 67 76 70 07 35 53 57 75 71 17 25 52 47 74 61 16 72 27 37 73
2 01 10 14 41
3 12 21 13 31
4 23 32 02 20 24 42
5 34 43 03 30
6 45 54
7 56 65

Left
46 57 60x
64 75 06x
Best: AND46 57: 2

Right
56 45 34 23 12 01 70 67y
65 54 43 32 21 10 07 76y
Best: AND56 45 34 23 12 01 70: 7

OR
01 10 0011111 5
12 21 0010011 3
23 32 0011001 3 match 5
34 43 0111111 6
45 54 0111111 6
56 65 0110010 3
67 76 0110000 2 match 0
70 07 0011111 5

02 20 0011111 5
13 31 0011011 4
24 42 0111111 6
35 53 0111011 5
46 64 0111111 6
57 75 0100010 2 match 6
60 06 0111111 6
71 17 0000011 2 match 2

03 30 0011111 5
14 41 0111111 6
25 52 0110011 4
36 63 0111001 4
47 74 0111111 6
50 05 0111111 6
61 16 0110011 4
72 27 0010001 2 match 4

04 40 0111111 6
15 51 0100011 3
26 62 0110001 3
37 73 0011001 3 match 5

Matching output
0 67 76
1 absent
2 71 17
3 absent
4 72 27
5 23 32 37 73
6 57 75
7 absent

Left
67 70x
76 07x
Best: OR67: 1

Right
none
Best: none

XOR
01 10 0011100 3
12 21 0010010 2
23 32 0001000 1
34 43 0100110 3
45 54 0011101 4
56 65 0010010 2
67 76 0110000 2 match 0
70 07 0011111 5

02 20 0001110 3
13 31 0011010 3
24 42 0101110 4
35 53 0111011 5
46 64 0001111 4
57 75 0100010 2 match 6
60 06 0101111 5
71 17 0000011 2 match 2

03 30 0000110 2
14 41 0111100 4
25 52 0110011 4
36 63 0101001 3
47 74 0111111 6
50 05 0111101 5
61 16 0110011 4
72 27 0010001 2 match 4

04 40 0100000 1 match 7
15 51 0100001 2
26 62 0100001 2
37 73 0011001 3 match 5

Matching output
0 67 76
1 absent
2 71 17
3 absent
4 72 27
5 37 73
6 57 75
7 04 40

Left
67 70x
76 07x
Best: XOR67: 1

Right
04 73y
40 37y
Best: XOR04: 1

AND-NOT
01 0011100 3
12 0000010 1
23 0000000 a match 1
34 0000000 a match 1
45 0011101 4
56 0000010 1
67 0110000 2 match 0
70 0000000 a match 1

02 0001110 3
13 0000010 1
24 0000000 a match 1
35 0011001 3 match 5
46 0001111 4
57 0100010 2 match 6
60 0100000 1 match 7
71 0000000 a match 1

03 0000110 2
14 0000000 a match 1
25 0010001 2 match 4
36 0001001 2
47 0111111 6
50 0100000 1 match 7
61 0110000 2 match 0
72 0000000 a match 1

04 0000000 a match 1
15 0000001 1 match 3
26 0000001 1 match 3
37 0011001 3 match 5
40 0100000 1 match 7
51 0100000 1 match 7
62 0100000 1 match 7
73 0000000 a match 1

05 0011101 4
16 0000011 2 match 2
27 0010001 2 match 4
30 0000000 a match 1
41 0111100 4
52 0100010 2 match 6
63 0100000 1 match 7
74 0000000 a match 1

06 0001111 4
17 0000011 2 match 2
20 0000000 a match 1
31 0011000 2
42 0101110 4
53 0100010 2 match 6
64 0000000 a match 1
75 0000000 a match 1

07 0011111 5
10 0000000 a match 1
21 0010000 1
32 0001000 1
43 0100110 3
54 0000000 a match 1
65 0010000 1
76 0000000 a match 1

Matching output
0 67 61
1 23 34 70 24 71 14 72 04 73 30 74 20 64 75 10 54 76
2 16 17
3 15 26
4 25 27
5 35 37
6 57 52 53
7 60 50 40 51 62 63

Left
67 70 01x
61 72 03x
Best: AND-NOT67 70: 2

Right
60 57 46x
50 47x
40 37y
51 40y
62 51y
63 52 41x
Best: AND-NOT60 57: 2

OR-NOT
01 1111111 a
12 1101111 6
23 1110111 6
34 1011001 4
45 1111111 a
56 1101111 6
67 1111111 a
70 1100000 2

02 1111111 a
13 1100111 5
24 1010001 3
35 1011101 5
46 1111111 a
57 1111111 a
60 1110000 3
71 1111100 5

03 1111111 a
14 1000011 3
25 1011101 5
36 1011111 6
47 1111111 a
50 1100010 3
61 1111100 5
72 1101110 5

04 1011111 6
15 1011111 6
26 1011111 6
37 1111111 a
40 1111111 a
51 1111110 6
62 1111110 6
73 1100110 4

05 1011111 6
16 1001111 5
27 1111111 a
30 1111001 5
41 1111111 a
52 1101110 5
63 1110110 5
74 1000000 1

06 1011111 6
17 1111111 a
20 1110001 4
31 1111101 6
42 1111111 a
53 1100110 4
64 1110000 3
75 1011101 5

07 1111111 a
10 1100011 4
21 1111101 6
32 1111111 a
43 1111111 a
54 1100010 3
65 1111101 6
76 1001111 5

Matching output
0 absent
1 absent
2 absent
3 absent
4 absent
5 absent
6 absent
7 absent

Left
none
Best: none

Right
none
Best: none

XOR-NOT
01 1100011 4
12 1101101 5
23 1110111 6
34 1011001 4
45 1100010 3
56 1101101 5
67 1001111 5
70 1100000 2

02 1110001 4
13 1100101 4
24 1010001 3
35 1000100 2
46 1110000 3
57 1011101 5
60 1010000 2
71 1111100 5

03 1111001 5
14 1000011 3
25 1001100 3
36 1010110 4
47 1000000 1
50 1000010 2
61 1001100 3
72 1101110 5

04 1011111 6
15 1011110 5
26 1011110 5
37 1100110 4
40 1011111 6
51 1011110 5
62 1011110 5
73 1100110 4

05 1000010 2
16 1001100 3
27 1101110 5
30 1111001 5
41 1000011 3
52 1001100 3
63 1010110 4
74 1000000 1

06 1010000 2
17 1111100 5
20 1110001 4
31 1100101 4
42 1010001 3
53 1000100 2
64 1110000 3
75 1011101 5

07 1100000 2
10 1100011 4
21 1101101 5
32 1110111 6
43 1011001 4
54 1100010 3
65 1101101 5
76 1001111 5

Matching output
0 absent
1 absent
2 absent
3 absent
4 absent
5 absent
6 absent
7 absent

Left
none
Best: none

Right
none
Best: none

Selecting

Lefts
Identity I6 7: 2
NOT none
Constant none
AND AND46 57: 2
OR OR67: 1
XOR XOR67: 1
AND-NOT AND-NOT67 70: 2
OR-NOT none
XOR-NOT none

Rights
Identity none
NOT none
Constant none
AND AND56 45 34 23 12 01 70: 7
OR none
XOR XOR04: 1
AND-NOT AND-NOT60 57: 2
OR-NOT none
XOR-NOT none

Left longest: 2
Right longest: 7

Right winner: Identity no, NOT no, Constant no, AND yes, OR no, XOR no, AND-NOT no, OR-NOT no, XOR-NOT no
Left winner: Identity yes, NOT no, Constant no, AND no, OR no, XOR no, AND-NOT no, OR-NOT no, XOR-NOT no

Best right: AND56 45 34 23 12 01 70: 7
Best left: I6 7: 2

Truncated right: AND56 45 34 23 12 01 70: 7
Truncated left: I6: 1 truncated

Tentative from right
7 AND56
6 AND45
5 AND34
4 AND23
3 AND12
2 AND01
1 AND70
0 pending

Tentative
0 I6
1 AND70
2 AND01
3 AND12
4 AND23
5 AND34
6 AND45
7 AND56

Preferred from right
7 AND56
6 AND45
5 AND34
4 AND23
3 AND12
2 AND01
1 AND70
0 I6

Preferred from left
0 I6
1 AND70
2 AND01
3 AND12
4 AND23
5 AND34
6 AND45
7 AND56

Preferred
0 I6
1 AND70
2 AND01
3 AND12
4 AND23
5 AND34
6 AND45
7 AND56

Matching
0 I6
1 AND70
2 AND01
3 AND12
4 AND23
5 AND34
6 AND45
7 AND56

Perfect match
Identity no
NOT no
Constant no
AND no
OR no
XOR no
AND-NOT no
OR-NOT no
XOR-NOT no

Matched
0 I6
1 AND70
2 AND01
3 AND12
4 AND23
5 AND34
6 AND45
7 AND56

Selected
0 I6
1 AND70
2 AND01
3 AND12
4 AND23
5 AND34
6 AND45
7 AND56

Applying to 10000100
Input
0 1
1 0
2 0
3 0
4 0
5 1
6 0
7 0
Output
0 I6 = 0
1 AND70 = AND(0,1) = 0
2 AND01 = AND(1,0) = 0
3 AND12 = AND(0,0) = 0
4 AND23 = AND(0,0) = 0
5 AND34 = AND(0,0) = 0
6 AND45 = AND(0,1) = 0
7 AND56 = AND(1,0) = 0

I will now return the answer in \boxed{}
The answer in \boxed{–} is \boxed{00000000}
[correct]
true
