[category]
bit_manipulation
[prompt]
In Alice's Wonderland, a secret bit manipulation rule transforms 8-bit binary numbers. The transformation involves operations like bit shifts, rotations, XOR, AND, OR, NOT, and possibly majority or choice functions.

Here are some examples of input -> output:
00111110 -> 00000111
11010010 -> 00101001
10111100 -> 00011110
00111111 -> 00000111
11101001 -> 01010100
10000000 -> 01000000
00011100 -> 00001110
01100000 -> 00110000
00000001 -> 10000000

Now, determine the output for: 00011001
[completion]
We need to deduce the transformation by matching the example outputs.
I will put my final answer inside \boxed{}.

Output 0: 00000111
0 0
1 0
2 0
3 0
4 0
5 1
6 1
7 1

Output 1: 00101001
0 0
1 0
2 1
3 0
4 1
5 0
6 0
7 1

Output 2: 00011110
0 0
1 0
2 0
3 1
4 1
5 1
6 1
7 0

Output 3: 00000111
0 0
1 0
2 0
3 0
4 0
5 1
6 1
7 1

Output 4: 01010100
0 0
1 1
2 0
3 1
4 0
5 1
6 0
7 0

Output 5: 01000000
0 0
1 1
2 0
3 0
4 0
5 0
6 0
7 0

Output 6: 00001110
0 0
1 0
2 0
3 0
4 1
5 1
6 1
7 0

Output 7: 00110000
0 0
1 0
2 1
3 1
4 0
5 0
6 0
7 0

Output 8: 10000000
0 1
1 0
2 0
3 0
4 0
5 0
6 0
7 0

Output bit columns (with bitsum as hash)
0 000000001 1
1 000011000 2
2 010000010 2
3 001010010 3
4 011000100 3
5 101110100 5
6 101100100 4
7 110100000 3

Input 0: 00111110
0 0
1 0
2 1
3 1
4 1
5 1
6 1
7 0

Input 1: 11010010
0 1
1 1
2 0
3 1
4 0
5 0
6 1
7 0

Input 2: 10111100
0 1
1 0
2 1
3 1
4 1
5 1
6 0
7 0

Input 3: 00111111
0 0
1 0
2 1
3 1
4 1
5 1
6 1
7 1

Input 4: 11101001
0 1
1 1
2 1
3 0
4 1
5 0
6 0
7 1

Input 5: 10000000
0 1
1 0
2 0
3 0
4 0
5 0
6 0
7 0

Input 6: 00011100
0 0
1 0
2 0
3 1
4 1
5 1
6 0
7 0

Input 7: 01100000
0 0
1 1
2 1
3 0
4 0
5 0
6 0
7 0

Input 8: 00000001
0 0
1 0
2 0
3 0
4 0
5 0
6 0
7 1

When matching output
x: not in operator
y: wrong position

Identity
0 011011000 4
1 010010010 3
2 101110010 5
3 111100100 5
4 101110100 5 match 5
5 101100100 4 match 6
6 110100000 3 match 7
7 000110001 3

Matching output
0 absent
1 absent
2 absent
3 absent
4 absent
5 4
6 5
7 6

Left
none
Best: none

Right
6 5 4 3x
Best: I6 5 4: 3

NOT
0 100100111 5
1 101101101 6
2 010001101 4
3 000011011 4
4 010001011 4
5 010011011 5
6 001011111 6
7 111001110 6

Matching output
0 absent
1 absent
2 absent
3 absent
4 absent
5 absent
6 absent
7 absent

Left
none
Best: none

Right
none
Best: none

Constant
0 000000000 a
1 111111111 a

Matching output
0 absent
1 absent
2 absent
3 absent
4 absent
5 absent
6 absent
7 absent

Left
none
Best: none

Right
none
Best: none

AND
01 10 010010000 2
12 21 000010010 2
23 32 101100000 3
34 43 101100100 4 match 6
45 54 101100100 4 match 6
56 65 100100000 2
67 76 000100000 1
70 07 000010000 1

02 20 001010000 2
13 31 010000000 1
24 42 101110000 4
35 53 101100100 4 match 6
46 64 100100000 2
57 75 000100000 1
60 06 010000000 1
71 17 000010000 1

03 30 011000000 2
14 41 000010000 1
25 52 101100000 3
36 63 110100000 3 match 7
47 74 000110000 2
50 05 001000000 1
61 16 010000000 1
72 27 000110000 2

04 40 001010000 2
15 51 000000000 a
26 62 100100000 2
37 73 000100000 1

Matching output
0 absent
1 absent
2 absent
3 absent
4 absent
5 absent
6 34 43 45 54 35 53
7 36 63

Left
none
Best: none

Right
36 25x
63 52x
Best: AND36: 1

OR
01 10 011011010 5
12 21 111110010 6
23 32 111110110 7
34 43 111110100 6
45 54 101110100 5 match 5
56 65 111100100 5
67 76 110110001 5
70 07 011111001 6

02 20 111111010 7
13 31 111110110 7
24 42 101110110 6
35 53 111100100 5
46 64 111110100 6
57 75 101110101 6
60 06 111111000 6
71 17 010110011 5

03 30 111111100 7
14 41 111110110 7
25 52 101110110 6
36 63 111100100 5
47 74 101110101 6
50 05 111111100 7
61 16 110110010 5
72 27 101110011 6

04 40 111111100 7
15 51 111110110 7
26 62 111110010 6
37 73 111110101 7

Matching output
0 absent
1 absent
2 absent
3 absent
4 absent
5 45 54
6 absent
7 absent

Left
none
Best: none

Right
none
Best: none

XOR
01 10 001001010 3
12 21 111100000 4
23 32 010010110 4
34 43 010010000 2
45 54 000010000 1
56 65 011000100 3 match 4
67 76 110010001 4
70 07 011101001 5

02 20 110101010 5
13 31 101110110 6
24 42 000000110 2
35 53 010000000 1
46 64 011010100 4
57 75 101010101 5
60 06 101111000 5
71 17 010100011 4

03 30 100111100 5
14 41 111100110 6
25 52 000010110 3
36 63 001000100 2
47 74 101000101 4
50 05 110111100 6
61 16 100110010 4
72 27 101000011 4

04 40 110101100 5
15 51 111110110 7
26 62 011010010 4
37 73 111010101 6

Matching output
0 absent
1 absent
2 absent
3 absent
4 56 65
5 absent
6 absent
7 absent

Left
none
Best: none

Right
none
Best: none

AND-NOT
01 001001000 2
12 010000000 1
23 000010010 2
34 010000000 1
45 000010000 1
56 001000100 2
67 110000000 2
70 000100001 2

02 010001000 2
13 000010010 2
24 000000010 1
35 010000000 1
46 001010100 3
57 101000100 3
60 100100000 2
71 000100001 2

03 000011000 2 match 1
14 010000010 2 match 2
25 000010010 2
36 001000100 2
47 101000100 3
50 100100100 3
61 100100000 2
72 000000001 1 match 0

04 010001000 2
15 010010010 3
26 001010010 3 match 3
37 111000100 4
40 100100100 3
51 101100100 4 match 6
62 010000000 1
73 000010001 2

05 010011000 3
16 000010010 2
27 101000010 3
30 100100100 3
41 101100100 4 match 6
52 000000100 1
63 000000000 a
74 000000001 1 match 0

06 001011000 3
17 010000010 2 match 2
20 100100010 3
31 101100100 4 match 6
42 000000100 1
53 000000000 a
64 010000000 1
75 000010001 2

07 011001000 3
10 000000010 1
21 101100000 3
32 010000100 2
43 000010000 1
54 000000000 a
65 010000000 1
76 000010001 2

Matching output
0 72 74
1 03
2 14 17
3 26
4 absent
5 absent
6 51 41 31
7 absent

Left
72 03 14 25x
74 05x
Best: AND-NOT72 03 14: 3

Right
none
Best: none

OR-NOT
01 111111101 8
12 010011111 6
23 101111011 7
34 111101111 8
45 111111111 a
56 101111111 8
67 111101110 7
70 100110111 6

02 011011101 6
13 010011011 5
24 111111011 8
35 111111111 a
46 101111111 8
57 111101110 7
60 110100111 6
71 101111101 7

03 011011011 6
14 010011011 5
25 111111011 8
36 111111111 a
47 111111110 8
50 101100111 6
61 111101101 7
72 010111101 6

04 011011011 6
15 010011011 5
26 101111111 8
37 111101110 7
40 101110111 7
51 101101101 6
62 110101101 6
73 000111011 5

05 011011011 6
16 011011111 7
27 111111110 8
30 111100111 7
41 101111101 7
52 111101101 7
63 110111011 7
74 010111011 6

06 011011111 7
17 111011110 7
20 101110111 7
31 111101101 7
42 111111101 8
53 101111111 8
64 110101011 6
75 010111011 6

07 111011110 7
10 110110111 7
21 101111111 8
32 111101101 7
43 101111111 8
54 111101111 8
65 110111011 7
76 001111111 7

Matching output
0 absent
1 absent
2 absent
3 absent
4 absent
5 absent
6 absent
7 absent

Left
none
Best: none

Right
none
Best: none

XOR-NOT
01 110110101 6
12 000011111 5
23 101101001 5
34 101101111 7
45 111101111 8
56 100111011 6
67 001101110 5
70 100010110 4

02 001010101 4
13 010001001 3
24 111111001 7
35 101111111 8
46 100101011 5
57 010101010 4
60 010000111 4
71 101011100 5

03 011000011 4
14 000011001 3
25 111101001 6
36 110111011 7
47 010111010 5
50 001000011 3
61 011001101 5
72 010111100 5

04 001010011 4
15 000001001 2
26 100101101 5
37 000101010 3
40 001010011 4
51 000001001 2
62 100101101 5
73 000101010 3

05 001000011 3
16 011001101 5
27 010111100 5
30 011000011 4
41 000011001 3
52 111101001 6
63 110111011 7
74 010111010 5

06 010000111 4
17 101011100 5
20 001010101 4
31 010001001 3
42 111111001 7
53 101111111 8
64 100101011 5
75 010101010 4

07 100010110 4
10 110110101 6
21 000011111 5
32 101101001 5
43 101101111 7
54 111101111 8
65 100111011 6
76 001101110 5

Matching output
0 absent
1 absent
2 absent
3 absent
4 absent
5 absent
6 absent
7 absent

Left
none
Best: none

Right
none
Best: none

Selecting

Lefts
Identity none
NOT none
Constant none
AND none
OR none
XOR none
AND-NOT AND-NOT72 03 14: 3
OR-NOT none
XOR-NOT none

Rights
Identity I6 5 4: 3
NOT none
Constant none
AND AND36: 1
OR none
XOR none
AND-NOT none
OR-NOT none
XOR-NOT none

Left longest: 3
Right longest: 3

Left winner: Identity no, NOT no, Constant no, AND no, OR no, XOR no, AND-NOT yes, OR-NOT no, XOR-NOT no
Right winner: Identity yes, NOT no, Constant no, AND no, OR no, XOR no, AND-NOT no, OR-NOT no, XOR-NOT no

Best left: AND-NOT72 03 14: 3
Best right: I6 5 4: 3

Truncated left: AND-NOT72 03 14: 3
Truncated right: I6 5 4: 3

Tentative from right
7 I6
6 I5
5 I4
4 pending
3 pending
2 pending
1 pending
0 pending

Tentative
0 AND-NOT72
1 AND-NOT03
2 AND-NOT14
3 pending
4 pending
5 I4
6 I5
7 I6

Preferred from left
0 AND-NOT72
1 AND-NOT03
2 AND-NOT14
3 ?25
4 ?36
5 I4
6 I5
7 I6

Preferred from right
7 I6
6 I5
5 I4
4 ?36
3 ?25
2 AND-NOT14
1 AND-NOT03
0 AND-NOT72

Preferred
0 AND-NOT72
1 AND-NOT03
2 AND-NOT14
3 ?25 ?52
4 ?36 ?63
5 I4
6 I5
7 I6

Matching
0 AND-NOT72
1 AND-NOT03
2 AND-NOT14
3 ?25 ?52 - Identity absent, NOT absent, Constant absent, AND absent, OR absent, XOR absent, AND-NOT absent, OR-NOT absent, XOR-NOT absent
4 ?36 ?63 - Identity absent, NOT absent, Constant absent, AND absent, OR absent, XOR absent, AND-NOT absent, OR-NOT absent, XOR-NOT absent
5 I4
6 I5
7 I6

Perfect match
Identity no
NOT no
Constant no
AND no
OR no
XOR no
AND-NOT no
OR-NOT no
XOR-NOT no

Matched
0 AND-NOT72
1 AND-NOT03
2 AND-NOT14
3 none
4 none
5 I4
6 I5
7 I6

Selected
0 AND-NOT72
1 AND-NOT03
2 AND-NOT14
3 default 1
4 default 1
5 I4
6 I5
7 I6

Applying to 00011001
Input
0 0
1 0
2 0
3 1
4 1
5 0
6 0
7 1
Output
0 AND-NOT72 = AND(1,NOT(0)) = 1
1 AND-NOT03 = AND(0,NOT(1)) = 0
2 AND-NOT14 = AND(0,NOT(1)) = 0
3 default 1 = 1
4 default 1 = 1
5 I4 = 1
6 I5 = 0
7 I6 = 0

I will now return the answer in \boxed{}
The answer in \boxed{–} is \boxed{10011100}
[correct]
false
