[category]
bit_manipulation
[prompt]
In Alice's Wonderland, a secret bit manipulation rule transforms 8-bit binary numbers. The transformation involves operations like bit shifts, rotations, XOR, AND, OR, NOT, and possibly majority or choice functions.

Here are some examples of input -> output:
01001101 -> 01010011
00011111 -> 11000111
00100010 -> 10001000
00000000 -> 00000000
01100110 -> 10011001
00100001 -> 01001000
00000100 -> 00000001

Now, determine the output for: 00001000
[completion]
We need to deduce the transformation by matching the example outputs.
I will put my final answer inside \boxed{}.

Output 0: 01010011
0 0
1 1
2 0
3 1
4 0
5 0
6 1
7 1

Output 1: 11000111
0 1
1 1
2 0
3 0
4 0
5 1
6 1
7 1

Output 2: 10001000
0 1
1 0
2 0
3 0
4 1
5 0
6 0
7 0

Output 3: 00000000
0 0
1 0
2 0
3 0
4 0
5 0
6 0
7 0

Output 4: 10011001
0 1
1 0
2 0
3 1
4 1
5 0
6 0
7 1

Output 5: 01001000
0 0
1 1
2 0
3 0
4 1
5 0
6 0
7 0

Output 6: 00000001
0 0
1 0
2 0
3 0
4 0
5 0
6 0
7 1

Output bit columns (with bitsum as hash)
0 0110100 3
1 1100010 3
2 0000000 a
3 1000100 2
4 0010110 3
5 0100000 1
6 1100000 2
7 1100101 4

Input 0: 01001101
0 0
1 1
2 0
3 0
4 1
5 1
6 0
7 1

Input 1: 00011111
0 0
1 0
2 0
3 1
4 1
5 1
6 1
7 1

Input 2: 00100010
0 0
1 0
2 1
3 0
4 0
5 0
6 1
7 0

Input 3: 00000000
0 0
1 0
2 0
3 0
4 0
5 0
6 0
7 0

Input 4: 01100110
0 0
1 1
2 1
3 0
4 0
5 1
6 1
7 0

Input 5: 00100001
0 0
1 0
2 1
3 0
4 0
5 0
6 0
7 1

Input 6: 00000100
0 0
1 0
2 0
3 0
4 0
5 1
6 0
7 0

When matching output
x: not in operator
y: wrong position

Identity
0 0000000 a match 2
1 1000100 2 match 3
2 0010110 3 match 4
3 0100000 1 match 5
4 1100000 2 match 6
5 1100101 4 match 7
6 0110100 3 match 0
7 1100010 3 match 1

Matching output
0 6
1 7
2 0
3 1
4 2
5 3
6 4
7 5

Left
6 7 0 1 2 3 4 5
Best: I6 7 0 1 2 3 4 5: 8

Right
5 4 3 2 1 0 7 6
Best: I5 4 3 2 1 0 7 6: 8

NOT
0 1111111 a
1 0111011 5
2 1101001 4
3 1011111 6
4 0011111 5
5 0011010 3
6 1001011 4
7 0011101 4

Matching output
0 absent
1 absent
2 absent
3 absent
4 absent
5 absent
6 absent
7 absent

Left
none
Best: none

Right
none
Best: none

Constant
0 0000000 a match 2
1 1111111 a

Matching output
0 absent
1 absent
2 C0
3 absent
4 absent
5 absent
6 absent
7 absent

Left
none
Best: none

Right
none
Best: none

AND
01 10 0000000 a match 2
12 21 0000100 1
23 32 0000000 a match 2
34 43 0100000 1 match 5
45 54 1100000 2 match 6
56 65 0100100 2
67 76 0100000 1 match 5
70 07 0000000 a match 2

02 20 0000000 a match 2
13 31 0000000 a match 2
24 42 0000000 a match 2
35 53 0100000 1 match 5
46 64 0100000 1 match 5
57 75 1100000 2 match 6
60 06 0000000 a match 2
71 17 1000000 1

03 30 0000000 a match 2
14 41 1000000 1
25 52 0000100 1
36 63 0100000 1 match 5
47 74 1100000 2 match 6
50 05 0000000 a match 2
61 16 0000100 1
72 27 0000010 1

04 40 0000000 a match 2
15 51 1000100 2 match 3
26 62 0010100 2
37 73 0100000 1 match 5

Matching output
0 absent
1 absent
2 01 10 23 32 70 07 02 20 13 31 24 42 60 06 03 30 50 05 04 40
3 15 51
4 absent
5 34 43 67 76 35 53 46 64 36 63 37 73
6 45 54 57 75 47 74
7 absent

Left
none
Best: none

Right
none
Best: none

OR
01 10 1000100 2 match 3
12 21 1010110 4
23 32 0110110 4
34 43 1100000 2 match 6
45 54 1100101 4 match 7
56 65 1110101 5
67 76 1110110 5
70 07 1100010 3 match 1

02 20 0010110 3 match 4
13 31 1100100 3
24 42 1110110 5
35 53 1100101 4 match 7
46 64 1110100 4
57 75 1100111 5
60 06 0110100 3 match 0
71 17 1100110 4

03 30 0100000 1 match 5
14 41 1100100 3
25 52 1110111 6
36 63 0110100 3 match 0
47 74 1100010 3 match 1
50 05 1100101 4 match 7
61 16 1110100 4
72 27 1110110 5

04 40 1100000 2 match 6
15 51 1100101 4 match 7
26 62 0110110 4
37 73 1100010 3 match 1

Matching output
0 60 06 36 63
1 70 07 47 74 37 73
2 absent
3 01 10
4 02 20
5 03 30
6 34 43 04 40
7 45 54 35 53 50 05 15 51

Left
60 71x
06 17x
36 47 50y
63 74 05y
Best: OR36 47: 2

Right
45 34 23x
54 43 32x
35 24x
53 42x
50 47y
05 74y
15 04 73y
51 40 37y
Best: OR45 34: 2

XOR
01 10 1000100 2 match 3
12 21 1010010 3
23 32 0110110 4
34 43 1000000 1
45 54 0000101 2
56 65 1010001 3
67 76 1010110 4
70 07 1100010 3 match 1

02 20 0010110 3 match 4
13 31 1100100 3
24 42 1110110 5
35 53 1000101 3
46 64 1010100 3
57 75 0000111 3
60 06 0110100 3 match 0
71 17 0100110 3

03 30 0100000 1 match 5
14 41 0100100 2
25 52 1110011 5
36 63 0010100 2
47 74 0000010 1
50 05 1100101 4 match 7
61 16 1110000 3
72 27 1110100 4

04 40 1100000 2 match 6
15 51 0100001 2
26 62 0100010 2
37 73 1000010 2

Matching output
0 60 06
1 70 07
2 absent
3 01 10
4 02 20
5 03 30
6 04 40
7 50 05

Left
60 71x
06 17x
Best: XOR60: 1

Right
50 47x
05 74x
Best: XOR50: 1

AND-NOT
01 0000000 a match 2
12 1000000 1
23 0010110 3 match 4
34 0000000 a match 2
45 0000000 a match 2
56 1000001 2
67 0010100 2
70 1100010 3 match 1

02 0000000 a match 2
13 1000100 2 match 3
24 0010110 3 match 4
35 0000000 a match 2
46 1000000 1
57 0000101 2
60 0110100 3 match 0
71 0100010 2

03 0000000 a match 2
14 0000100 1
25 0010010 2
36 0000000 a match 2
47 0000000 a match 2
50 1100101 4 match 7
61 0110000 2
72 1100000 2 match 6

04 0000000 a match 2
15 0000000 a match 2
26 0000010 1
37 0000000 a match 2
40 1100000 2 match 6
51 0100001 2
62 0100000 1 match 5
73 1000010 2

05 0000000 a match 2
16 1000000 1
27 0010100 2
30 0100000 1 match 5
41 0100000 1 match 5
52 1100001 3
63 0010100 2
74 0000010 1

06 0000000 a match 2
17 0000100 1
20 0010110 3 match 4
31 0100000 1 match 5
42 1100000 2 match 6
53 1000101 3
64 0010100 2
75 0000010 1

07 0000000 a match 2
10 1000100 2 match 3
21 0010010 2
32 0100000 1 match 5
43 1000000 1
54 0000101 2
65 0010000 1
76 1000010 2

Matching output
0 60
1 70
2 01 34 45 02 35 03 36 47 04 15 37 05 06 07
3 13 10
4 23 24 20
5 62 30 41 31 32
6 72 40 42
7 50

Left
60 71x
Best: AND-NOT60: 1

Right
50 47y
Best: AND-NOT50: 1

OR-NOT
01 0111011 5
12 1101101 5
23 1011111 6
34 0111111 6
45 1111010 5
56 1101111 6
67 0111101 5
70 1111111 a

02 1101001 4
13 1011111 6
24 0011111 5
35 0111010 4
46 1101011 5
57 1111101 6
60 1111111 a
71 1111011 6

03 1011111 6
14 1011111 6
25 0011110 4
36 1101011 5
47 1111101 6
50 1111111 a
61 0111111 6
72 1101011 5

04 0011111 5
15 1011110 5
26 1011111 6
37 0111101 5
40 1111111 a
51 1111111 a
62 1111101 6
73 1111111 a

05 0011010 3
16 1001111 5
27 0011111 5
30 1111111 a
41 1111011 6
52 1101101 5
63 1111111 a
74 1111111 a

06 1001011 4
17 1011101 5
20 1111111 a
31 0111011 5
42 1101001 4
53 1111111 a
64 0111111 6
75 1111010 5

07 0011101 4
10 1111111 a
21 0111111 6
32 1101001 4
43 1111111 a
54 1111111 a
65 0111110 5
76 1101011 5

Matching output
0 absent
1 absent
2 absent
3 absent
4 absent
5 absent
6 absent
7 absent

Left
none
Best: none

Right
none
Best: none

XOR-NOT
01 0111011 5
12 0101101 4
23 1001001 3
34 0111111 6
45 1111010 5
56 0101110 4
67 0101001 3
70 0011101 4

02 1101001 4
13 0011011 4
24 0001001 2
35 0111010 4
46 0101011 4
57 1111000 4
60 1001011 4
71 1011001 4

03 1011111 6
14 1011011 5
25 0001100 2
36 1101011 5
47 1111101 6
50 0011010 3
61 0001111 4
72 0001011 3

04 0011111 5
15 1011110 5
26 1011101 5
37 0111101 5
40 0011111 5
51 1011110 5
62 1011101 5
73 0111101 5

05 0011010 3
16 0001111 4
27 0001011 3
30 1011111 6
41 1011011 5
52 0001100 2
63 1101011 5
74 1111101 6

06 1001011 4
17 1011001 4
20 1101001 4
31 0011011 4
42 0001001 2
53 0111010 4
64 0101011 4
75 1111000 4

07 0011101 4
10 0111011 5
21 0101101 4
32 1001001 3
43 0111111 6
54 1111010 5
65 0101110 4
76 0101001 3

Matching output
0 absent
1 absent
2 absent
3 absent
4 absent
5 absent
6 absent
7 absent

Left
none
Best: none

Right
none
Best: none

Selecting

Lefts
Identity I6 7 0 1 2 3 4 5: 8
NOT none
Constant none
AND none
OR OR36 47: 2
XOR XOR60: 1
AND-NOT AND-NOT60: 1
OR-NOT none
XOR-NOT none

Rights
Identity I5 4 3 2 1 0 7 6: 8
NOT none
Constant none
AND none
OR OR45 34: 2
XOR XOR50: 1
AND-NOT AND-NOT50: 1
OR-NOT none
XOR-NOT none

Left longest: 8
Right longest: 8

Left winner: Identity yes, NOT no, Constant no, AND no, OR no, XOR no, AND-NOT no, OR-NOT no, XOR-NOT no
Right winner: Identity yes, NOT no, Constant no, AND no, OR no, XOR no, AND-NOT no, OR-NOT no, XOR-NOT no

Best left: I6 7 0 1 2 3 4 5: 8
Best right: I5 4 3 2 1 0 7 6: 8

Truncated left: I6 7 0 1 2 3 4 5: 8
Truncated right: none truncated

Tentative from right
7 pending
6 pending
5 pending
4 pending
3 pending
2 pending
1 pending
0 pending

Tentative
0 I6
1 I7
2 I0
3 I1
4 I2
5 I3
6 I4
7 I5

Preferred from left
0 I6
1 I7
2 I0
3 I1
4 I2
5 I3
6 I4
7 I5

Preferred from right
7 I5
6 I4
5 I3
4 I2
3 I1
2 I0
1 I7
0 I6

Preferred
0 I6
1 I7
2 I0
3 I1
4 I2
5 I3
6 I4
7 I5

Matching
0 I6
1 I7
2 I0
3 I1
4 I2
5 I3
6 I4
7 I5

Perfect match
Identity no
NOT no
Constant no
AND no
OR no
XOR no
AND-NOT no
OR-NOT no
XOR-NOT no

Matched
0 I6
1 I7
2 I0
3 I1
4 I2
5 I3
6 I4
7 I5

Selected
0 I6
1 I7
2 I0
3 I1
4 I2
5 I3
6 I4
7 I5

Applying to 00001000
Input
0 0
1 0
2 0
3 0
4 1
5 0
6 0
7 0
Output
0 I6 = 0
1 I7 = 0
2 I0 = 0
3 I1 = 0
4 I2 = 0
5 I3 = 0
6 I4 = 1
7 I5 = 0

I will now return the answer in \boxed{}
The answer in \boxed{–} is \boxed{00000010}
[correct]
true
