[category]
bit_manipulation
[prompt]
In Alice's Wonderland, a secret bit manipulation rule transforms 8-bit binary numbers. The transformation involves operations like bit shifts, rotations, XOR, AND, OR, NOT, and possibly majority or choice functions.

Here are some examples of input -> output:
00001010 -> 10100000
01101011 -> 00100010
10111001 -> 10001001
10010101 -> 01010001
10011000 -> 10001001
00011001 -> 10000001
01010111 -> 01010011
11100000 -> 00001110
01011001 -> 00000111

Now, determine the output for: 11000101
[completion]
We need to deduce the transformation by matching the example outputs.
I will put my final answer inside \boxed{}.

Output 0: 10100000
0 1
1 0
2 1
3 0
4 0
5 0
6 0
7 0

Output 1: 00100010
0 0
1 0
2 1
3 0
4 0
5 0
6 1
7 0

Output 2: 10001001
0 1
1 0
2 0
3 0
4 1
5 0
6 0
7 1

Output 3: 01010001
0 0
1 1
2 0
3 1
4 0
5 0
6 0
7 1

Output 4: 10001001
0 1
1 0
2 0
3 0
4 1
5 0
6 0
7 1

Output 5: 10000001
0 1
1 0
2 0
3 0
4 0
5 0
6 0
7 1

Output 6: 01010011
0 0
1 1
2 0
3 1
4 0
5 0
6 1
7 1

Output 7: 00001110
0 0
1 0
2 0
3 0
4 1
5 1
6 1
7 0

Output 8: 00000111
0 0
1 0
2 0
3 0
4 0
5 1
6 1
7 1

Output bit columns (with bitsum as hash)
0 101011000 4
1 000100100 2
2 110000000 2
3 000100100 2
4 001010010 3
5 000000011 2
6 010000111 4
7 001111101 6

Input 0: 00001010
0 0
1 0
2 0
3 0
4 1
5 0
6 1
7 0

Input 1: 01101011
0 0
1 1
2 1
3 0
4 1
5 0
6 1
7 1

Input 2: 10111001
0 1
1 0
2 1
3 1
4 1
5 0
6 0
7 1

Input 3: 10010101
0 1
1 0
2 0
3 1
4 0
5 1
6 0
7 1

Input 4: 10011000
0 1
1 0
2 0
3 1
4 1
5 0
6 0
7 0

Input 5: 00011001
0 0
1 0
2 0
3 1
4 1
5 0
6 0
7 1

Input 6: 01010111
0 0
1 1
2 0
3 1
4 0
5 1
6 1
7 1

Input 7: 11100000
0 1
1 1
2 1
3 0
4 0
5 0
6 0
7 0

Input 8: 01011001
0 0
1 1
2 0
3 1
4 1
5 0
6 0
7 1

When matching output
x: not in operator
y: wrong position

Identity
0 001110010 4
1 010000111 4 match 6
2 011000010 3
3 001111101 6 match 7
4 111011001 6
5 000100100 2 match 1 3
6 110000100 3
7 011101101 6

Matching output
0 absent
1 5
2 absent
3 5
4 absent
5 absent
6 1
7 3

Left
none
Best: none

Right
3 2x
Best: I3: 1

NOT
0 110001101 5
1 101111000 5
2 100111101 6
3 110000010 3
4 000100110 3
5 111011011 7
6 001111011 6
7 100010010 3

Matching output
0 absent
1 absent
2 absent
3 absent
4 absent
5 absent
6 absent
7 absent

Left
none
Best: none

Right
none
Best: none

Constant
0 000000000 a
1 111111111 a

Matching output
0 absent
1 absent
2 absent
3 absent
4 absent
5 absent
6 absent
7 absent

Left
none
Best: none

Right
none
Best: none

AND
01 10 000000010 1
12 21 010000010 2
23 32 001000000 1
34 43 001011001 4
45 54 000000000 a
56 65 000000100 1
67 76 010000100 2
70 07 001100000 2

02 20 001000010 2
13 31 000000101 2
24 42 011000000 2
35 53 000100100 2 match 1 3
46 64 110000000 2 match 2
57 75 000100100 2 match 1 3
60 06 000000000 a
71 17 010000101 3

03 30 001110000 3
14 41 010000001 2
25 52 000000000 a
36 63 000000100 1
47 74 011001001 4
50 05 000100000 1
61 16 010000100 2
72 27 011000000 2

04 40 001010000 2
15 51 000000100 1
26 62 010000000 1
37 73 001101101 5

Matching output
0 absent
1 35 53 57 75
2 46 64
3 35 53 57 75
4 absent
5 absent
6 absent
7 absent

Left
none
Best: none

Right
none
Best: none

OR
01 10 011110111 7
12 21 011000111 5
23 32 011111111 8
34 43 111111101 8
45 54 111111101 8
56 65 110100100 4
67 76 111101101 7
70 07 011111111 8

02 20 011110010 5
13 31 011111111 8
24 42 111011011 7
35 53 001111101 6 match 7
46 64 111011101 7
57 75 011101101 6
60 06 111110110 7
71 17 011101111 7

03 30 001111111 7
14 41 111011111 8
25 52 011100110 5
36 63 111111101 8
47 74 111111101 8
50 05 001110110 5
61 16 110000111 5
72 27 011101111 7

04 40 111111011 8
15 51 010100111 5
26 62 111000110 5
37 73 011111101 7

Matching output
0 absent
1 absent
2 absent
3 absent
4 absent
5 absent
6 absent
7 35 53

Left
none
Best: none

Right
35 24x
53 42x
Best: OR35: 1

XOR
01 10 011110101 6
12 21 001000101 3
23 32 010111111 7
34 43 110100100 4
45 54 111111101 8
56 65 110100000 3
67 76 101101001 5
70 07 010011111 6

02 20 010110000 3
13 31 011111010 6
24 42 100011011 5
35 53 001011001 4
46 64 001011101 5
57 75 011001001 4
60 06 111110110 7
71 17 001101010 4

03 30 000001111 4
14 41 101011110 6
25 52 011100110 5
36 63 111111001 7
47 74 100110100 4
50 05 001010110 4
61 16 100000011 3
72 27 000101111 5

04 40 110101011 6
15 51 010100011 4
26 62 101000110 4
37 73 010010000 2

Matching output
0 absent
1 absent
2 absent
3 absent
4 absent
5 absent
6 absent
7 absent

Left
none
Best: none

Right
none
Best: none

AND-NOT
01 001110000 3
12 000000101 2
23 010000010 2
34 000100100 2 match 1 3
45 111011001 6
56 000100000 1
67 100000000 1
70 010001101 4

02 000110000 2
13 010000010 2
24 000000010 1
35 001011001 4
46 001011001 4
57 000000000 a
60 110000100 3
71 001101000 3

03 000000010 1
14 000000110 2
25 011000010 3
36 001111001 5
47 100010000 2
50 000000100 1
61 100000000 1
72 000101101 4

04 000100010 2
15 010000011 3
26 001000010 2
37 000010000 1
40 110001001 4
51 000100000 1
62 100000100 2
73 010000000 1

05 001010010 3 match 4
16 000000011 2 match 5
27 000000010 1
30 000001101 3
41 101011000 4 match 0
52 000100100 2 match 1 3
63 110000000 2 match 2
74 000100100 2 match 1 3

06 001110010 4
17 000000010 1
20 010000000 1
31 001111000 4
42 100011001 4
53 000000000 a
64 000000100 1
75 011001001 4

07 000010010 2
10 010000101 3
21 001000000 1
32 000111101 5
43 110000000 2 match 2
54 000100100 2 match 1 3
65 110000000 2 match 2
76 001101001 4

Matching output
0 41
1 34 52 74 54
2 63 43 65
3 34 52 74 54
4 05
5 16
6 absent
7 absent

Left
41 52 63 74 05 16 27x
Best: AND-NOT41 52 63 74 05 16: 6

Right
none
Best: none

OR-NOT
01 101111010 6
12 110111111 8
23 111000010 4
34 001111111 7
45 111011011 7
56 001111111 7
67 110010110 5
70 111101101 7

02 101111111 8
13 110000111 5
24 011100110 5
35 111111111 a
46 111111011 8
57 100110110 5
60 110001101 5
71 111111101 8

03 111110010 6
14 010100111 5
25 111011011 7
36 001111111 7
47 111011011 7
50 110101101 6
61 111111100 7
72 111111101 8

04 001110110 5
15 111011111 8
26 011111011 7
37 101111111 8
40 111011101 7
51 101111100 6
62 110111101 7
73 111101111 8

05 111111011 8
16 011111111 8
27 111010010 5
30 111111101 8
41 111111001 7
52 100111101 6
63 110000110 4
74 011101111 7

06 001111011 6
17 110010111 6
20 111001111 7
31 101111101 7
42 111111101 8
53 110100110 5
64 110100110 5
75 111111111 a

07 101110010 5
10 110001111 6
21 111111010 7
32 101111101 7
43 111011011 7
54 000100110 3
65 111011111 8
76 011111111 8

Matching output
0 absent
1 absent
2 absent
3 absent
4 absent
5 absent
6 absent
7 absent

Left
none
Best: none

Right
none
Best: none

XOR-NOT
01 100001010 3
12 110111010 6
23 101000000 2
34 001011011 5
45 000000010 1
56 001011111 6
67 010010110 4
70 101100000 3

02 101001111 6
13 100000101 3
24 011100100 4
35 110100110 5
46 110100010 4
57 100110110 5
60 000001001 2
71 110010101 5

03 111110000 5
14 010100001 3
25 100011001 4
36 000000110 2
47 011001011 5
50 110101001 5
61 011111100 6
72 111010000 4

04 001010100 3
15 101011100 5
26 010111001 5
37 101101111 7
40 001010100 3
51 101011100 5
62 010111001 5
73 101101111 7

05 110101001 5
16 011111100 6
27 111010000 4
30 111110000 5
41 010100001 3
52 100011001 4
63 000000110 2
74 011001011 5

06 000001001 2
17 110010101 5
20 101001111 6
31 100000101 3
42 011100100 4
53 110100110 5
64 110100010 4
75 100110110 5

07 101100000 3
10 100001010 3
21 110111010 6
32 101000000 2
43 001011011 5
54 000000010 1
65 001011111 6
76 010010110 4

Matching output
0 absent
1 absent
2 absent
3 absent
4 absent
5 absent
6 absent
7 absent

Left
none
Best: none

Right
none
Best: none

Selecting

Lefts
Identity none
NOT none
Constant none
AND none
OR none
XOR none
AND-NOT AND-NOT41 52 63 74 05 16: 6
OR-NOT none
XOR-NOT none

Rights
Identity I3: 1
NOT none
Constant none
AND none
OR OR35: 1
XOR none
AND-NOT none
OR-NOT none
XOR-NOT none

Left longest: 6
Right longest: 1

Left winner: Identity no, NOT no, Constant no, AND no, OR no, XOR no, AND-NOT yes, OR-NOT no, XOR-NOT no
Right winner: Identity yes, NOT no, Constant no, AND no, OR no, XOR no, AND-NOT no, OR-NOT no, XOR-NOT no

Best left: AND-NOT41 52 63 74 05 16: 6
Best right: I3: 1

Truncated left: AND-NOT41 52 63 74 05 16: 6
Truncated right: I3: 1

Tentative from right
7 I3
6 pending
5 pending
4 pending
3 pending
2 pending
1 pending
0 pending

Tentative
0 AND-NOT41
1 AND-NOT52
2 AND-NOT63
3 AND-NOT74
4 AND-NOT05
5 AND-NOT16
6 pending
7 I3

Preferred from left
0 AND-NOT41
1 AND-NOT52
2 AND-NOT63
3 AND-NOT74
4 AND-NOT05
5 AND-NOT16
6 ?27
7 I3

Preferred from right
7 I3
6 ?27
5 AND-NOT16
4 AND-NOT05
3 AND-NOT74
2 AND-NOT63
1 AND-NOT52
0 AND-NOT41

Preferred
0 AND-NOT41
1 AND-NOT52
2 AND-NOT63
3 AND-NOT74
4 AND-NOT05
5 AND-NOT16
6 ?27 ?72
7 I3

Matching
0 AND-NOT41
1 AND-NOT52
2 AND-NOT63
3 AND-NOT74
4 AND-NOT05
5 AND-NOT16
6 ?27 ?72 - Identity absent, NOT absent, Constant absent, AND absent, OR absent, XOR absent, AND-NOT absent, OR-NOT absent, XOR-NOT absent
7 I3

Perfect match
Identity no
NOT no
Constant no
AND no
OR no
XOR no
AND-NOT no
OR-NOT no
XOR-NOT no

Matched
0 AND-NOT41
1 AND-NOT52
2 AND-NOT63
3 AND-NOT74
4 AND-NOT05
5 AND-NOT16
6 none
7 I3

Selected
0 AND-NOT41
1 AND-NOT52
2 AND-NOT63
3 AND-NOT74
4 AND-NOT05
5 AND-NOT16
6 default 1
7 I3

Applying to 11000101
Input
0 1
1 1
2 0
3 0
4 0
5 1
6 0
7 1
Output
0 AND-NOT41 = AND(0,NOT(1)) = 0
1 AND-NOT52 = AND(1,NOT(0)) = 1
2 AND-NOT63 = AND(0,NOT(0)) = 0
3 AND-NOT74 = AND(1,NOT(0)) = 1
4 AND-NOT05 = AND(1,NOT(1)) = 0
5 AND-NOT16 = AND(1,NOT(0)) = 1
6 default 1 = 1
7 I3 = 0

I will now return the answer in \boxed{}
The answer in \boxed{–} is \boxed{01010110}
[correct]
true
