[category]
bit_manipulation
[prompt]
In Alice's Wonderland, a secret bit manipulation rule transforms 8-bit binary numbers. The transformation involves operations like bit shifts, rotations, XOR, AND, OR, NOT, and possibly majority or choice functions.

Here are some examples of input -> output:
11111011 -> 11011111
10110100 -> 10100001
11100000 -> 00000110
00010111 -> 10111000
00011111 -> 11111000
11000110 -> 00110100
01010100 -> 10100000
01011001 -> 11001000
11110011 -> 10011111

Now, determine the output for: 10101100
[completion]
We need to deduce the transformation by matching the example outputs.
I will put my final answer inside \boxed{}.

Output 0: 11011111
0 1
1 1
2 0
3 1
4 1
5 1
6 1
7 1

Output 1: 10100001
0 1
1 0
2 1
3 0
4 0
5 0
6 0
7 1

Output 2: 00000110
0 0
1 0
2 0
3 0
4 0
5 1
6 1
7 0

Output 3: 10111000
0 1
1 0
2 1
3 1
4 1
5 0
6 0
7 0

Output 4: 11111000
0 1
1 1
2 1
3 1
4 1
5 0
6 0
7 0

Output 5: 00110100
0 0
1 0
2 1
3 1
4 0
5 1
6 0
7 0

Output 6: 10100000
0 1
1 0
2 1
3 0
4 0
5 0
6 0
7 0

Output 7: 11001000
0 1
1 1
2 0
3 0
4 1
5 0
6 0
7 0

Output 8: 10011111
0 1
1 0
2 0
3 1
4 1
5 1
6 1
7 1

Output bit columns (with bitsum as hash)
0 110110111 7
1 100010010 3
2 010111100 5
3 100111001 5
4 100110011 5
5 101001001 4
6 101000001 3
7 110000001 3

Input 0: 11111011
0 1
1 1
2 1
3 1
4 1
5 0
6 1
7 1

Input 1: 10110100
0 1
1 0
2 1
3 1
4 0
5 1
6 0
7 0

Input 2: 11100000
0 1
1 1
2 1
3 0
4 0
5 0
6 0
7 0

Input 3: 00010111
0 0
1 0
2 0
3 1
4 0
5 1
6 1
7 1

Input 4: 00011111
0 0
1 0
2 0
3 1
4 1
5 1
6 1
7 1

Input 5: 11000110
0 1
1 1
2 0
3 0
4 0
5 1
6 1
7 0

Input 6: 01010100
0 0
1 1
2 0
3 1
4 0
5 1
6 0
7 0

Input 7: 01011001
0 0
1 1
2 0
3 1
4 1
5 0
6 0
7 1

Input 8: 11110011
0 1
1 1
2 1
3 1
4 0
5 0
6 1
7 1

When matching output
x: not in operator
y: wrong position

Identity
0 111001001 5
1 101001111 6
2 111000001 4
3 110110111 7 match 0
4 100010010 3 match 1
5 010111100 5 match 2
6 100111001 5 match 3
7 100110011 5 match 4

Matching output
0 3
1 4
2 5
3 6
4 7
5 absent
6 absent
7 absent

Left
3 4 5 6 7 0x
Best: I3 4 5 6 7: 5

Right
none
Best: none

NOT
0 000110110 4
1 010110000 3
2 000111110 5
3 001001000 2
4 011101101 6
5 101000011 4
6 011000110 4
7 011001100 4

Matching output
0 absent
1 absent
2 absent
3 absent
4 absent
5 absent
6 absent
7 absent

Left
none
Best: none

Right
none
Best: none

Constant
0 000000000 a
1 111111111 a

Matching output
0 absent
1 absent
2 absent
3 absent
4 absent
5 absent
6 absent
7 absent

Left
none
Best: none

Right
none
Best: none

AND
01 10 101001001 4 match 5
12 21 101000001 3 match 6
23 32 110000001 3 match 7
34 43 100010010 3 match 1
45 54 000010000 1
56 65 000111000 3
67 76 100110001 4
70 07 100000001 2

02 20 111000001 4
13 31 100000111 4
24 42 100000000 1
35 53 010110100 4
46 64 100010000 2
57 75 000110000 2
60 06 100001001 3
71 17 100000011 3

03 30 110000001 3 match 7
14 41 100000010 2
25 52 010000000 1
36 63 100110001 4
47 74 100010010 3 match 1
50 05 010001000 2
61 16 100001001 3
72 27 100000001 2

04 40 100000000 1
15 51 000001100 2
26 62 100000001 2
37 73 100110011 5 match 4

Matching output
0 absent
1 34 43 47 74
2 absent
3 absent
4 37 73
5 01 10
6 12 21
7 23 32 03 30

Left
none
Best: none

Right
23 12 01 70x
32 21 10 07x
03 72x
30 27x
Best: AND23 12 01: 3

OR
01 10 111001111 7
12 21 111001111 7
23 32 111110111 8
34 43 110110111 7 match 0
45 54 110111110 7
56 65 110111101 7
67 76 100111011 6
70 07 111111011 8

02 20 111001001 5
13 31 111111111 a
24 42 111010011 6
35 53 110111111 8
46 64 100111011 6
57 75 110111111 8
60 06 111111001 7
71 17 101111111 8

03 30 111111111 a
14 41 101011111 7
25 52 111111101 8
36 63 110111111 8
47 74 100110011 5 match 4
50 05 111111101 8
61 16 101111111 8
72 27 111110011 7

04 40 111011011 7
15 51 111111111 a
26 62 111111001 7
37 73 110110111 7 match 0

Matching output
0 34 43 37 73
1 absent
2 absent
3 absent
4 47 74
5 absent
6 absent
7 absent

Left
34 45x
43 54x
37 40x
73 04x
Best: OR34: 1

Right
none
Best: none

XOR
01 10 010000110 3
12 21 010001110 4
23 32 001110110 5
34 43 010100101 4
45 54 110101110 6
56 65 110000101 4
67 76 000001010 2
70 07 011111010 6

02 20 000001000 1
13 31 011111000 5
24 42 011010011 5
35 53 100001011 4
46 64 000101011 4
57 75 110001111 6
60 06 011110000 4
71 17 001111100 5

03 30 001111110 6
14 41 001011101 5
25 52 101111101 7
36 63 010001110 4
47 74 000100001 2
50 05 101110101 6
61 16 001110110 5
72 27 011110010 5

04 40 011011011 6
15 51 111110011 7
26 62 011111000 5
37 73 010000100 2

Matching output
0 absent
1 absent
2 absent
3 absent
4 absent
5 absent
6 absent
7 absent

Left
none
Best: none

Right
none
Best: none

AND-NOT
01 010000000 1
12 000001110 3
23 001000000 1
34 010100101 4
45 100000010 2
56 010000100 2
67 000001000 1
70 000110010 3

02 000001000 1
13 001001000 2
24 011000001 3
35 100000011 3
46 000000010 1
57 010001100 3
60 000110000 2
71 000110000 2

03 001001000 2
14 001001101 4
25 101000001 3 match 6
36 010000110 3
47 000000000 a
50 000110100 3
61 000110000 2
72 000110010 3

04 011001001 4
15 101000011 4
26 011000000 2
37 010000100 2
40 000010010 2
51 010110000 3
62 000111000 3
73 000000000 a

05 101000001 3 match 6
16 001000110 3
27 011000000 2
30 000110110 4
41 000010000 1
52 000111100 4
63 000001000 1
74 000100001 2

06 011000000 2
17 001001100 3
20 000000000 a
31 010110000 3
42 000010010 2
53 000001000 1
64 000101001 3
75 100000011 3

07 011001000 3
10 000000110 2
21 010000000 1
32 000110110 4
43 000000000 a
54 010101100 4
65 100000001 2
76 000000010 1

Matching output
0 absent
1 absent
2 absent
3 absent
4 absent
5 absent
6 25 05
7 absent

Left
none
Best: none

Right
none
Best: none

OR-NOT
01 111111001 7
12 101111111 8
23 111001001 5
34 111111111 a
45 101010011 5
56 011111110 7
67 111111101 8
70 100110111 6

02 111111111 a
13 101001111 6
24 111101101 7
35 111110111 8
46 111010110 6
57 011111100 6
60 100111111 7
71 110110011 6

03 111001001 5
14 111101111 8
25 111000011 5
36 111110111 8
47 111011110 7
50 010111110 6
61 110111001 6
72 100111111 7

04 111101101 7
15 101001111 6
26 111000111 6
37 111111111 a
40 100110110 5
51 010111100 5 match 2
62 100111111 7
73 101111011 7

05 111001011 6
16 111001111 7
27 111001101 6
30 110110111 7 match 0
41 110110010 5
52 010111110 6
63 101111001 6
74 111111111 a

06 111001111 7
17 111001111 7
20 111110111 8
31 110110111 7 match 0
42 100111110 6
53 011111100 6
64 111111101 8
75 101110011 6

07 111001101 6
10 101111111 8
21 111110001 6
32 110111111 8
43 101011010 5
54 011111101 7
65 101111011 7
76 111110111 8

Matching output
0 30 31
1 absent
2 51
3 absent
4 absent
5 absent
6 absent
7 absent

Left
30 41x
31 42x
Best: OR-NOT30: 1

Right
none
Best: none

XOR-NOT
01 101111001 6
12 101110001 5
23 110001001 4
34 101011010 5
45 001010001 3
56 001111010 5
67 111110101 7
70 100000101 3

02 111110111 8
13 100000111 4
24 100101100 4
35 011110100 5
46 111010100 5
57 001110000 3
60 100001111 5
71 110000011 4

03 110000001 3 match 7
14 110100010 4
25 010000010 2
36 101110001 5
47 111011110 7
50 010001010 3
61 110001001 4
72 100001101 4

04 100100100 3
15 000001100 2
26 100000111 4
37 101111011 7
40 100100100 3
51 000001100 2
62 100000111 4
73 101111011 7

05 010001010 3
16 110001001 4
27 100001101 4
30 110000001 3 match 7
41 110100010 4
52 010000010 2
63 101110001 5
74 111011110 7

06 100001111 5
17 110000011 4
20 111110111 8
31 100000111 4
42 100101100 4
53 011110100 5
64 111010100 5
75 001110000 3

07 100000101 3
10 101111001 6
21 101110001 5
32 110001001 4
43 101011010 5
54 001010001 3
65 001111010 5
76 111110101 7

Matching output
0 absent
1 absent
2 absent
3 absent
4 absent
5 absent
6 absent
7 03 30

Left
none
Best: none

Right
03 72x
30 27x
Best: XOR-NOT03: 1

Selecting

Lefts
Identity I3 4 5 6 7: 5
NOT none
Constant none
AND none
OR OR34: 1
XOR none
AND-NOT none
OR-NOT OR-NOT30: 1
XOR-NOT none

Rights
Identity none
NOT none
Constant none
AND AND23 12 01: 3
OR none
XOR none
AND-NOT none
OR-NOT none
XOR-NOT XOR-NOT03: 1

Left longest: 5
Right longest: 3

Left winner: Identity yes, NOT no, Constant no, AND no, OR no, XOR no, AND-NOT no, OR-NOT no, XOR-NOT no
Right winner: Identity no, NOT no, Constant no, AND yes, OR no, XOR no, AND-NOT no, OR-NOT no, XOR-NOT no

Best left: I3 4 5 6 7: 5
Best right: AND23 12 01: 3

Truncated left: I3 4 5 6 7: 5
Truncated right: AND23 12 01: 3

Tentative from right
7 AND23
6 AND12
5 AND01
4 pending
3 pending
2 pending
1 pending
0 pending

Tentative
0 I3
1 I4
2 I5
3 I6
4 I7
5 AND01
6 AND12
7 AND23

Preferred from left
0 I3
1 I4
2 I5
3 I6
4 I7
5 AND01
6 AND12
7 AND23

Preferred from right
7 AND23
6 AND12
5 AND01
4 I7
3 I6
2 I5
1 I4
0 I3

Preferred
0 I3
1 I4
2 I5
3 I6
4 I7
5 AND01
6 AND12
7 AND23

Matching
0 I3
1 I4
2 I5
3 I6
4 I7
5 AND01
6 AND12
7 AND23

Perfect match
Identity no
NOT no
Constant no
AND no
OR no
XOR no
AND-NOT no
OR-NOT no
XOR-NOT no

Matched
0 I3
1 I4
2 I5
3 I6
4 I7
5 AND01
6 AND12
7 AND23

Selected
0 I3
1 I4
2 I5
3 I6
4 I7
5 AND01
6 AND12
7 AND23

Applying to 10101100
Input
0 1
1 0
2 1
3 0
4 1
5 1
6 0
7 0
Output
0 I3 = 0
1 I4 = 1
2 I5 = 1
3 I6 = 0
4 I7 = 0
5 AND01 = AND(1,0) = 0
6 AND12 = AND(0,1) = 0
7 AND23 = AND(1,0) = 0

I will now return the answer in \boxed{}
The answer in \boxed{–} is \boxed{01100000}
[correct]
true
