[category]
bit_manipulation
[prompt]
In Alice's Wonderland, a secret bit manipulation rule transforms 8-bit binary numbers. The transformation involves operations like bit shifts, rotations, XOR, AND, OR, NOT, and possibly majority or choice functions.

Here are some examples of input -> output:
10001000 -> 00100100
00001110 -> 00111000
10001100 -> 00110100
11011001 -> 01100010
01011100 -> 01110010
11011101 -> 01110010
01110001 -> 11000111
10110100 -> 11010101
00100000 -> 10000001
00001001 -> 00100100

Now, determine the output for: 00110100
[completion]
We need to deduce the transformation by matching the example outputs.
I will put my final answer inside \boxed{}.

Output 0: 00100100
0 0
1 0
2 1
3 0
4 0
5 1
6 0
7 0

Output 1: 00111000
0 0
1 0
2 1
3 1
4 1
5 0
6 0
7 0

Output 2: 00110100
0 0
1 0
2 1
3 1
4 0
5 1
6 0
7 0

Output 3: 01100010
0 0
1 1
2 1
3 0
4 0
5 0
6 1
7 0

Output 4: 01110010
0 0
1 1
2 1
3 1
4 0
5 0
6 1
7 0

Output 5: 01110010
0 0
1 1
2 1
3 1
4 0
5 0
6 1
7 0

Output 6: 11000111
0 1
1 1
2 0
3 0
4 0
5 1
6 1
7 1

Output 7: 11010101
0 1
1 1
2 0
3 1
4 0
5 1
6 0
7 1

Output 8: 10000001
0 1
1 0
2 0
3 0
4 0
5 0
6 0
7 1

Output 9: 00100100
0 0
1 0
2 1
3 0
4 0
5 1
6 0
7 0

Output bit columns (with bitsum as hash)
0 0000001110 3
1 0001111100 5
2 1111110001 7
3 0110110100 5
4 0100000000 1
5 1010001101 5
6 0001111000 4
7 0000001110 3

Input 0: 10001000
0 1
1 0
2 0
3 0
4 1
5 0
6 0
7 0

Input 1: 00001110
0 0
1 0
2 0
3 0
4 1
5 1
6 1
7 0

Input 2: 10001100
0 1
1 0
2 0
3 0
4 1
5 1
6 0
7 0

Input 3: 11011001
0 1
1 1
2 0
3 1
4 1
5 0
6 0
7 1

Input 4: 01011100
0 0
1 1
2 0
3 1
4 1
5 1
6 0
7 0

Input 5: 11011101
0 1
1 1
2 0
3 1
4 1
5 1
6 0
7 1

Input 6: 01110001
0 0
1 1
2 1
3 1
4 0
5 0
6 0
7 1

Input 7: 10110100
0 1
1 0
2 1
3 1
4 0
5 1
6 0
7 0

Input 8: 00100000
0 0
1 0
2 1
3 0
4 0
5 0
6 0
7 0

Input 9: 00001001
0 0
1 0
2 0
3 0
4 1
5 0
6 0
7 1

When matching output
x: not in operator
y: wrong position

Identity
0 1011010100 5
1 0001111000 4 match 6
2 0000001110 3 match 0 7
3 0001111100 5 match 1
4 1111110001 7 match 2
5 0110110100 5 match 3
6 0100000000 1 match 4
7 0001011001 4

Matching output
0 2
1 3
2 4
3 5
4 6
5 absent
6 1
7 2

Left
2 3 4 5 6 7x
Best: I2 3 4 5 6: 5

Right
2 1 0x
Best: I2 1: 2

NOT
0 0100101011 5
1 1110000111 6
2 1111110001 7 match 2
3 1110000011 5
4 0000001110 3 match 0 7
5 1001001011 5
6 1011111111 9
7 1110100110 6

Matching output
0 4
1 absent
2 2
3 absent
4 absent
5 absent
6 absent
7 4

Left
4 5x
Best: NOT4: 1

Right
4 3x
Best: NOT4: 1

Constant
0 0000000000 a
1 1111111111 a

Matching output
0 absent
1 absent
2 absent
3 absent
4 absent
5 absent
6 absent
7 absent

Left
none
Best: none

Right
none
Best: none

AND
01 10 0001010000 2
12 21 0000001000 1
23 32 0000001100 2
34 43 0001110000 3
45 54 0110110000 4
56 65 0100000000 1 match 4
67 76 0000000000 a
70 07 0001010000 2

02 20 0000000100 1
13 31 0001111000 4 match 6
24 42 0000000000 a
35 53 0000110100 3
46 64 0100000000 1 match 4
57 75 0000010000 1
60 06 0000000000 a
71 17 0001011000 3

03 30 0001010100 3
14 41 0001110000 3
25 52 0000000100 1
36 63 0000000000 a
47 74 0001010001 3
50 05 0010010100 3
61 16 0000000000 a
72 27 0000001000 1

04 40 1011010000 4
15 51 0000110000 2
26 62 0000000000 a
37 73 0001011000 3

Matching output
0 absent
1 absent
2 absent
3 absent
4 56 65 46 64
5 absent
6 13 31
7 absent

Left
none
Best: none

Right
none
Best: none

OR
01 10 1011111100 7
12 21 0001111110 6
23 32 0001111110 6
34 43 1111111101 9
45 54 1111110101 8
56 65 0110110100 5 match 3
67 76 0101011001 5
70 07 1011011101 7

02 20 1011011110 7
13 31 0001111100 5 match 1
24 42 1111111111 a
35 53 0111111100 7
46 64 1111110001 7 match 2
57 75 0111111101 8
60 06 1111010100 6
71 17 0001111001 5

03 30 1011111100 7
14 41 1111111001 8
25 52 0110111110 7
36 63 0101111100 6
47 74 1111111001 8
50 05 1111110100 7
61 16 0101111000 5
72 27 0001011111 6

04 40 1111110101 8
15 51 0111111100 7
26 62 0100001110 4
37 73 0001111101 6

Matching output
0 absent
1 13 31
2 46 64
3 56 65
4 absent
5 absent
6 absent
7 absent

Left
none
Best: none

Right
none
Best: none

XOR
01 10 1010101100 5
12 21 0001110110 5
23 32 0001110010 4
34 43 1110001101 6
45 54 1001000101 4
56 65 0010110100 4
67 76 0101011001 5
70 07 1010001101 5 match 5

02 20 1011011010 6
13 31 0000000100 1
24 42 1111111111 a
35 53 0111001000 4
46 64 1011110001 6
57 75 0111101101 7
60 06 1111010100 6
71 17 0000100001 2

03 30 1010101000 4
14 41 1110001001 5
25 52 0110111010 6
36 63 0101111100 6
47 74 1110101000 5
50 05 1101100000 4
61 16 0101111000 5
72 27 0001010111 5

04 40 0100100101 4
15 51 0111001100 5
26 62 0100001110 4
37 73 0000100101 3

Matching output
0 absent
1 absent
2 absent
3 absent
4 absent
5 70 07
6 absent
7 absent

Left
none
Best: none

Right
none
Best: none

AND-NOT
01 1010000100 3
12 0001110000 3
23 0000000010 1
34 0000001100 2
45 1001000001 3
56 0010110100 4
67 0100000000 1 match 4
70 0000001001 2

02 1011010000 4
13 0000000000 a
24 0000001110 3 match 0 7
35 0001001000 2
46 1011110001 6
57 0110100100 4
60 0100000000 1 match 4
71 0000000001 1

03 1010000000 2
14 0000001000 1
25 0000001010 2
36 0001111100 5 match 1
47 1110100000 4
50 0100100000 2
61 0100000000 1 match 4
72 0001010001 3

04 0000000100 1
15 0001001000 2
26 0000001110 3 match 0 7
37 0000100100 2
40 0100100001 3
51 0110000100 3
62 0100000000 1 match 4
73 0000000001 1

05 1001000000 2
16 0001111000 4 match 6
27 0000000110 2
30 0000101000 2
41 1110000001 4
52 0110110000 4
63 0100000000 1 match 4
74 0000001000 1

06 1011010100 5
17 0000100000 1
20 0000001010 2
31 0000000100 1
42 1111110001 7 match 2
53 0110000000 2
64 0000000000 a
75 0001001001 3

07 1010000100 3
10 0000101000 2
21 0000000110 2
32 0001110000 3
43 1110000001 4
54 0000000100 1
65 0000000000 a
76 0001011001 4

Matching output
0 24 26
1 36
2 42
3 absent
4 67 60 61 62 63
5 absent
6 16
7 24 26

Left
24 35x
26 37x
Best: AND-NOT24: 1

Right
24 13x
26 15x
Best: AND-NOT24: 1

OR-NOT
01 1111010111 8
12 1111111001 8
23 1110001111 7
34 0001111110 6
45 1111111011 9
56 1111111111 a
67 1110100110 6
70 0101111011 7

02 1111110101 8
13 1111111011 9
24 0000001110 3 match 0 7
35 1001111111 8
46 1111111111 a
57 1110110110 7
60 0100101011 5
71 1111011111 9

03 1111010111 8
14 0001111110 6
25 1001001111 6
36 1011111111 9
47 1111110111 9
50 0110111111 8
61 1110000111 6
72 1111111001 8

04 1011011110 7
15 1001111011 7
26 1011111111 9
37 1111111110 9
40 1111111011 9
51 1110110111 8
62 1111110001 7 match 2
73 1111011011 8

05 1011011111 8
16 1011111111 9
27 1110101110 7
30 0101111111 8
41 1111110111 9
52 1111110101 8
63 1110000011 5
74 0001011111 6

06 1011111111 9
17 1111111110 9
20 0100101111 6
31 1111111111 a
42 1111110001 7 match 2
53 1110110111 8
64 0100001110 4
75 1001011011 6

07 1111110110 8
10 0101111011 7
21 1110001111 7
32 1111111101 9
43 1111110011 8
54 0110111110 7
65 1101001011 6
76 1011111111 9

Matching output
0 24
1 absent
2 62 42
3 absent
4 absent
5 absent
6 absent
7 24

Left
24 35x
Best: OR-NOT24: 1

Right
24 13x
Best: OR-NOT24: 1

XOR-NOT
01 0101010011 5
12 1110001001 5
23 1110001101 6
34 0001110010 4
45 0110111010 6
56 1101001011 6
67 1010100110 5
70 0101110010 5

02 0100100101 4
13 1111111011 9
24 0000000000 a
35 1000110111 6
46 0100001110 4
57 1000010010 3
60 0000101011 4
71 1111011110 8

03 0101010111 6
14 0001110110 5
25 1001000101 4
36 1010000011 4
47 0001010111 5
50 0010011111 6
61 1010000111 5
72 1110101000 5

04 1011011010 6
15 1000110011 5
26 1011110001 6
37 1111011010 7
40 1011011010 6
51 1000110011 5
62 1011110001 6
73 1111011010 7

05 0010011111 6
16 1010000111 5
27 1110101000 5
30 0101010111 6
41 0001110110 5
52 1001000101 4
63 1010000011 4
74 0001010111 5

06 0000101011 4
17 1111011110 8
20 0100100101 4
31 1111111011 9
42 0000000000 a
53 1000110111 6
64 0100001110 4
75 1000010010 3

07 0101110010 5
10 0101010011 5
21 1110001001 5
32 1110001101 6
43 0001110010 4
54 0110111010 6
65 1101001011 6
76 1010100110 5

Matching output
0 absent
1 absent
2 absent
3 absent
4 absent
5 absent
6 absent
7 absent

Left
none
Best: none

Right
none
Best: none

Selecting

Lefts
Identity I2 3 4 5 6: 5
NOT NOT4: 1
Constant none
AND none
OR none
XOR none
AND-NOT AND-NOT24: 1
OR-NOT OR-NOT24: 1
XOR-NOT none

Rights
Identity I2 1: 2
NOT NOT4: 1
Constant none
AND none
OR none
XOR none
AND-NOT AND-NOT24: 1
OR-NOT OR-NOT24: 1
XOR-NOT none

Left longest: 5
Right longest: 2

Left winner: Identity yes, NOT no, Constant no, AND no, OR no, XOR no, AND-NOT no, OR-NOT no, XOR-NOT no
Right winner: Identity yes, NOT no, Constant no, AND no, OR no, XOR no, AND-NOT no, OR-NOT no, XOR-NOT no

Best left: I2 3 4 5 6: 5
Best right: I2 1: 2

Truncated left: I2 3 4 5 6: 5
Truncated right: I2 1: 2

Tentative from right
7 I2
6 I1
5 pending
4 pending
3 pending
2 pending
1 pending
0 pending

Tentative
0 I2
1 I3
2 I4
3 I5
4 I6
5 pending
6 I1
7 I2

Preferred from left
0 I2
1 I3
2 I4
3 I5
4 I6
5 ?7?
6 I1
7 I2

Preferred from right
7 I2
6 I1
5 ?70
4 I6
3 I5
2 I4
1 I3
0 I2

Preferred
0 I2
1 I3
2 I4
3 I5
4 I6
5 ?70 ?07
6 I1
7 I2

Matching
0 I2
1 I3
2 I4
3 I5
4 I6
5 ?70 ?07 - Identity absent, NOT absent, Constant absent, AND absent, OR absent, XOR70, AND-NOT absent, OR-NOT absent, XOR-NOT absent
6 I1
7 I2

Perfect match
Identity no
NOT no
Constant no
AND no
OR no
XOR yes
AND-NOT no
OR-NOT no
XOR-NOT no

Matched
0 I2
1 I3
2 I4
3 I5
4 I6
5 XOR70
6 I1
7 I2

Selected
0 I2
1 I3
2 I4
3 I5
4 I6
5 XOR70
6 I1
7 I2

Applying to 00110100
Input
0 0
1 0
2 1
3 1
4 0
5 1
6 0
7 0
Output
0 I2 = 1
1 I3 = 1
2 I4 = 0
3 I5 = 1
4 I6 = 0
5 XOR70 = XOR(0,0) = 0
6 I1 = 0
7 I2 = 1

I will now return the answer in \boxed{}
The answer in \boxed{–} is \boxed{11010001}
[correct]
true
