[category]
bit_manipulation
[prompt]
In Alice's Wonderland, a secret bit manipulation rule transforms 8-bit binary numbers. The transformation involves operations like bit shifts, rotations, XOR, AND, OR, NOT, and possibly majority or choice functions.

Here are some examples of input -> output:
01100000 -> 11011111
01110010 -> 11011110
00011100 -> 11110111
11010101 -> 10110101
00011000 -> 11110111
11000110 -> 10111101
01000011 -> 11011110
00011001 -> 11110111

Now, determine the output for: 00111001
[completion]
We need to deduce the transformation by matching the example outputs.
I will put my final answer inside \boxed{}.

Output 0: 11011111
0 1
1 1
2 0
3 1
4 1
5 1
6 1
7 1

Output 1: 11011110
0 1
1 1
2 0
3 1
4 1
5 1
6 1
7 0

Output 2: 11110111
0 1
1 1
2 1
3 1
4 0
5 1
6 1
7 1

Output 3: 10110101
0 1
1 0
2 1
3 1
4 0
5 1
6 0
7 1

Output 4: 11110111
0 1
1 1
2 1
3 1
4 0
5 1
6 1
7 1

Output 5: 10111101
0 1
1 0
2 1
3 1
4 1
5 1
6 0
7 1

Output 6: 11011110
0 1
1 1
2 0
3 1
4 1
5 1
6 1
7 0

Output 7: 11110111
0 1
1 1
2 1
3 1
4 0
5 1
6 1
7 1

Output bit columns (with bitsum as hash)
0 11111111 a
1 11101011 6
2 00111101 5
3 11111111 a
4 11000110 4
5 11111111 a
6 11101011 6
7 10111101 6

Input 0: 01100000
0 0
1 1
2 1
3 0
4 0
5 0
6 0
7 0

Input 1: 01110010
0 0
1 1
2 1
3 1
4 0
5 0
6 1
7 0

Input 2: 00011100
0 0
1 0
2 0
3 1
4 1
5 1
6 0
7 0

Input 3: 11010101
0 1
1 1
2 0
3 1
4 0
5 1
6 0
7 1

Input 4: 00011000
0 0
1 0
2 0
3 1
4 1
5 0
6 0
7 0

Input 5: 11000110
0 1
1 1
2 0
3 0
4 0
5 1
6 1
7 0

Input 6: 01000011
0 0
1 1
2 0
3 0
4 0
5 0
6 1
7 1

Input 7: 00011001
0 0
1 0
2 0
3 1
4 1
5 0
6 0
7 1

When matching output
x: not in operator
y: wrong position

Identity
0 00010100 2
1 11010110 5
2 11000000 2
3 01111001 5
4 00101001 3
5 00110100 3
6 01000110 3
7 00010011 3

Matching output
0 absent
1 absent
2 absent
3 absent
4 absent
5 absent
6 absent
7 absent

Left
none
Best: none

Right
none
Best: none

NOT
0 11101011 6 match 1 6
1 00101001 3
2 00111111 6
3 10000110 3
4 11010110 5
5 11001011 5
6 10111001 5
7 11101100 5

Matching output
0 absent
1 0
2 absent
3 absent
4 absent
5 absent
6 0
7 absent

Left
none
Best: none

Right
none
Best: none

Constant
0 00000000 a
1 11111111 a match 0 3 5

Matching output
0 C1
1 absent
2 absent
3 C1
4 absent
5 C1
6 absent
7 absent

Left
1
Best: C1: 1

Right
none
Best: none

AND
01 10 00010100 2
12 21 11000000 2
23 32 01000000 1
34 43 00101001 3
45 54 00100000 1
56 65 00000100 1
67 76 00000010 1
70 07 00010000 1

02 20 00000000 a
13 31 01010000 2
24 42 00000000 a
35 53 00110000 2
46 64 00000000 a
57 75 00010000 1
60 06 00000100 1
71 17 00010010 2

03 30 00010000 1
14 41 00000000 a
25 52 00000000 a
36 63 01000000 1
47 74 00000001 1
50 05 00010100 2
61 16 01000110 3
72 27 00000000 a

04 40 00000000 a
15 51 00010100 2
26 62 01000000 1
37 73 00010001 2

Matching output
0 absent
1 absent
2 absent
3 absent
4 absent
5 absent
6 absent
7 absent

Left
none
Best: none

Right
none
Best: none

OR
01 10 11010110 5
12 21 11010110 5
23 32 11111001 6
34 43 01111001 5
45 54 00111101 5 match 2
56 65 01110110 5
67 76 01010111 5
70 07 00010111 4

02 20 11010100 4
13 31 11111111 a match 0 3 5
24 42 11101001 5
35 53 01111101 6
46 64 01101111 6
57 75 00110111 5
60 06 01010110 4
71 17 11010111 6

03 30 01111101 6
14 41 11111111 a match 0 3 5
25 52 11110100 5
36 63 01111111 7
47 74 00111011 5
50 05 00110100 3
61 16 11010110 5
72 27 11010011 5

04 40 00111101 5 match 2
15 51 11110110 6
26 62 11000110 4 match 4
37 73 01111011 6

Matching output
0 13 31 14 41
1 absent
2 45 54 04 40
3 13 31 14 41
4 26 62
5 13 31 14 41
6 absent
7 absent

Left
13 24x
31 42x
14 25x
41 52x
Best: OR13: 1

Right
none
Best: none

XOR
01 10 11000010 3
12 21 00010110 3
23 32 10111001 5
34 43 01010000 2
45 54 00011101 4
56 65 01110010 4
67 76 01010101 4
70 07 00000111 3

02 20 11010100 4
13 31 10101111 6
24 42 11101001 5
35 53 01001101 4
46 64 01101111 6
57 75 00100111 4
60 06 01010010 3
71 17 11000101 4

03 30 01101101 5
14 41 11111111 a match 0 3 5
25 52 11110100 5
36 63 00111111 6
47 74 00111010 4
50 05 00100000 1
61 16 10010000 2
72 27 11010011 5

04 40 00111101 5 match 2
15 51 11100010 4
26 62 10000110 3
37 73 01101010 4

Matching output
0 14 41
1 absent
2 04 40
3 14 41
4 absent
5 14 41
6 absent
7 absent

Left
14 25x
41 52x
Best: XOR14: 1

Right
none
Best: none

AND-NOT
01 00000000 a
12 00010110 3
23 10000000 1
34 01010000 2
45 00001001 2
56 00110000 2
67 01000100 2
70 00000011 2

02 00010100 2
13 10000110 3
24 11000000 2
35 01001001 3
46 00101001 3
57 00100100 2
60 01000010 2
71 00000001 1

03 00000100 1
14 11010110 5
25 11000000 2
36 00111001 4
47 00101000 2
50 00100000 1
61 00000000 a
72 00010011 3

04 00010100 2
15 11000010 3
26 10000000 1
37 01101000 3
40 00101001 3
51 00100000 1
62 00000110 2
73 00000010 1

05 00000000 a
16 10010000 2
27 11000000 2
30 01101001 4
41 00101001 3
52 00110100 3
63 00000110 2
74 00010010 2

06 00010000 1
17 11000100 3
20 11000000 2
31 00101001 3
42 00101001 3
53 00000100 1
64 01000110 3
75 00000011 2

07 00000100 1
10 11000010 3
21 00000000 a
32 00111001 4
43 00000000 a
54 00010100 2
65 01000010 2
76 00010001 2

Matching output
0 absent
1 absent
2 absent
3 absent
4 absent
5 absent
6 absent
7 absent

Left
none
Best: none

Right
none
Best: none

OR-NOT
01 00111101 5 match 2
12 11111111 a match 0 3 5
23 11000110 4 match 4
34 11111111 a match 0 3 5
45 11101011 6 match 1 6
56 10111101 6 match 7
67 11101110 6
70 11111011 7

02 00111111 6
13 11010110 5
24 11010110 5
35 11111011 7
46 10111001 5
57 11111100 6
60 11101111 7
71 00111011 5

03 10010110 4
14 11010110 5
25 11001011 5
36 11111001 6
47 11101101 6
50 11111111 a match 0 3 5
61 01101111 6
72 00111111 6

04 11010110 5
15 11011111 7
26 11111001 6
37 11111101 7
40 11101011 6 match 1 6
51 00111101 5 match 2
62 01111111 7
73 10010111 5

05 11011111 7
16 11111111 a match 0 3 5
27 11101100 5
30 11111011 7
41 00101001 3
52 00111111 6
63 11000110 4 match 4
74 11010111 6

06 10111101 6 match 7
17 11111110 7
20 11101011 6 match 1 6
31 01111001 5
42 00111111 6
53 10110110 5
64 11010110 5
75 11011011 6

07 11111100 6
10 11111111 a match 0 3 5
21 11101001 5
32 01111111 7
43 10101111 6
54 11110110 6
65 11001111 6
76 10111011 6

Matching output
0 12 34 50 16 10
1 45 40 20
2 01 51
3 12 34 50 16 10
4 23 63
5 12 34 50 16 10
6 45 40 20
7 56 06

Left
12 23y
34 45 56y
50 61x
16 27x
10 21x
Best: OR-NOT34 45: 2

Right
56 45 34 23 12 01 70x
06 75x
Best: OR-NOT56 45 34 23 12 01: 6

XOR-NOT
01 00111101 5 match 2
12 11101001 5
23 01000110 3
34 10101111 6
45 11100010 4
56 10001101 4
67 10101010 4
70 11111000 5

02 00101011 4
13 01010000 2
24 00010110 3
35 10110010 4
46 10010000 2
57 11011000 4
60 10101101 5
71 00111010 4

03 10010010 3
14 00000000 a
25 00001011 3
36 11000000 2
47 11000101 4
50 11011111 7
61 01101111 6
72 00101100 3

04 11000010 3
15 00011101 4
26 01111001 5
37 10010101 4
40 11000010 3
51 00011101 4
62 01111001 5
73 10010101 4

05 11011111 7
16 01101111 6
27 00101100 3
30 10010010 3
41 00000000 a
52 00001011 3
63 11000000 2
74 11000101 4

06 10101101 5
17 00111010 4
20 00101011 4
31 01010000 2
42 00010110 3
53 10110010 4
64 10010000 2
75 11011000 4

07 11111000 5
10 00111101 5 match 2
21 11101001 5
32 01000110 3
43 10101111 6
54 11100010 4
65 10001101 4
76 10101010 4

Matching output
0 absent
1 absent
2 01 10
3 absent
4 absent
5 absent
6 absent
7 absent

Left
none
Best: none

Right
none
Best: none

Selecting

Lefts
Identity none
NOT none
Constant C1: 1
AND none
OR OR13: 1
XOR XOR14: 1
AND-NOT none
OR-NOT OR-NOT34 45: 2
XOR-NOT none

Rights
Identity none
NOT none
Constant none
AND none
OR none
XOR none
AND-NOT none
OR-NOT OR-NOT56 45 34 23 12 01: 6
XOR-NOT none

Left longest: 2
Right longest: 6

Right winner: Identity no, NOT no, Constant no, AND no, OR no, XOR no, AND-NOT no, OR-NOT yes, XOR-NOT no
Left winner: Identity no, NOT no, Constant no, AND no, OR no, XOR no, AND-NOT no, OR-NOT yes, XOR-NOT no

Best right: OR-NOT56 45 34 23 12 01: 6
Best left: OR-NOT34 45: 2

Truncated right: OR-NOT56 45 34 23 12 01: 6
Truncated left: OR-NOT34 45: 2

Tentative from right
7 OR-NOT56
6 OR-NOT45
5 OR-NOT34
4 OR-NOT23
3 OR-NOT12
2 OR-NOT01
1 pending
0 pending

Tentative
0 OR-NOT34
1 OR-NOT45
2 OR-NOT01
3 OR-NOT12
4 OR-NOT23
5 OR-NOT34
6 OR-NOT45
7 OR-NOT56

Preferred from right
7 OR-NOT56
6 OR-NOT45
5 OR-NOT34
4 OR-NOT23
3 OR-NOT12
2 OR-NOT01
1 OR-NOT45
0 OR-NOT34

Preferred from left
0 OR-NOT34
1 OR-NOT45
2 OR-NOT01
3 OR-NOT12
4 OR-NOT23
5 OR-NOT34
6 OR-NOT45
7 OR-NOT56

Preferred
0 OR-NOT34
1 OR-NOT45
2 OR-NOT01
3 OR-NOT12
4 OR-NOT23
5 OR-NOT34
6 OR-NOT45
7 OR-NOT56

Matching
0 OR-NOT34
1 OR-NOT45
2 OR-NOT01
3 OR-NOT12
4 OR-NOT23
5 OR-NOT34
6 OR-NOT45
7 OR-NOT56

Perfect match
Identity no
NOT no
Constant no
AND no
OR no
XOR no
AND-NOT no
OR-NOT no
XOR-NOT no

Matched
0 OR-NOT34
1 OR-NOT45
2 OR-NOT01
3 OR-NOT12
4 OR-NOT23
5 OR-NOT34
6 OR-NOT45
7 OR-NOT56

Selected
0 OR-NOT34
1 OR-NOT45
2 OR-NOT01
3 OR-NOT12
4 OR-NOT23
5 OR-NOT34
6 OR-NOT45
7 OR-NOT56

Applying to 00111001
Input
0 0
1 0
2 1
3 1
4 1
5 0
6 0
7 1
Output
0 OR-NOT34 = OR(1,NOT(1)) = 1
1 OR-NOT45 = OR(1,NOT(0)) = 1
2 OR-NOT01 = OR(0,NOT(0)) = 1
3 OR-NOT12 = OR(0,NOT(1)) = 0
4 OR-NOT23 = OR(1,NOT(1)) = 1
5 OR-NOT34 = OR(1,NOT(1)) = 1
6 OR-NOT45 = OR(1,NOT(0)) = 1
7 OR-NOT56 = OR(0,NOT(0)) = 1

I will now return the answer in \boxed{}
The answer in \boxed{–} is \boxed{11101111}
[correct]
true
