[category]
bit_manipulation
[prompt]
In Alice's Wonderland, a secret bit manipulation rule transforms 8-bit binary numbers. The transformation involves operations like bit shifts, rotations, XOR, AND, OR, NOT, and possibly majority or choice functions.

Here are some examples of input -> output:
11010011 -> 00101010
11000000 -> 00011000
10111001 -> 10000111
11110011 -> 00101110
01110000 -> 00001110
00000110 -> 01100000
01001111 -> 11111001
01011101 -> 11011011
10101111 -> 11100101

Now, determine the output for: 10110110
[completion]
We need to deduce the transformation by matching the example outputs.
I will put my final answer inside \boxed{}.

Output 0: 00101010
0 0
1 0
2 1
3 0
4 1
5 0
6 1
7 0

Output 1: 00011000
0 0
1 0
2 0
3 1
4 1
5 0
6 0
7 0

Output 2: 10000111
0 1
1 0
2 0
3 0
4 0
5 1
6 1
7 1

Output 3: 00101110
0 0
1 0
2 1
3 0
4 1
5 1
6 1
7 0

Output 4: 00001110
0 0
1 0
2 0
3 0
4 1
5 1
6 1
7 0

Output 5: 01100000
0 0
1 1
2 1
3 0
4 0
5 0
6 0
7 0

Output 6: 11111001
0 1
1 1
2 1
3 1
4 1
5 0
6 0
7 1

Output 7: 11011011
0 1
1 1
2 0
3 1
4 1
5 0
6 1
7 1

Output 8: 11100101
0 1
1 1
2 1
3 0
4 0
5 1
6 0
7 1

Output bit columns (with bitsum as hash)
0 001000111 4
1 000001111 4
2 100101101 5
3 010000110 3
4 110110110 6
5 001110001 4
6 101110010 5
7 001000111 4

Input 0: 11010011
0 1
1 1
2 0
3 1
4 0
5 0
6 1
7 1

Input 1: 11000000
0 1
1 1
2 0
3 0
4 0
5 0
6 0
7 0

Input 2: 10111001
0 1
1 0
2 1
3 1
4 1
5 0
6 0
7 1

Input 3: 11110011
0 1
1 1
2 1
3 1
4 0
5 0
6 1
7 1

Input 4: 01110000
0 0
1 1
2 1
3 1
4 0
5 0
6 0
7 0

Input 5: 00000110
0 0
1 0
2 0
3 0
4 0
5 1
6 1
7 0

Input 6: 01001111
0 0
1 1
2 0
3 0
4 1
5 1
6 1
7 1

Input 7: 01011101
0 0
1 1
2 0
3 1
4 1
5 1
6 0
7 1

Input 8: 10101111
0 1
1 0
2 1
3 0
4 1
5 1
6 1
7 1

When matching output
x: not in operator
y: wrong position

Identity
0 111100001 5
1 110110110 6 match 4
2 001110001 4 match 5
3 101110010 5 match 6
4 001000111 4 match 0 7
5 000001111 4 match 1
6 100101101 5 match 2
7 101100111 6

Matching output
0 4
1 5
2 6
3 absent
4 1
5 2
6 3
7 4

Left
4 5 6 7x
Best: I4 5 6: 3

Right
4 3 2 1 0x
Best: I4 3 2 1: 4

NOT
0 000011110 4
1 001001001 3
2 110001110 5
3 010001101 4
4 110111000 5
5 111110000 5
6 011010010 4
7 010011000 3

Matching output
0 absent
1 absent
2 absent
3 absent
4 absent
5 absent
6 absent
7 absent

Left
none
Best: none

Right
none
Best: none

Constant
0 000000000 a
1 111111111 a

Matching output
0 absent
1 absent
2 absent
3 absent
4 absent
5 absent
6 absent
7 absent

Left
none
Best: none

Right
none
Best: none

AND
01 10 110100000 3
12 21 000110000 2
23 32 001110000 3
34 43 001000010 2
45 54 000000111 3
56 65 000001101 3
67 76 100100101 4
70 07 101100001 4

02 20 001100001 3
13 31 100110010 4
24 42 001000001 2
35 53 000000010 1
46 64 000000101 2
57 75 000000111 3
60 06 100100001 3
71 17 100100110 4

03 30 101100000 3
14 41 000000110 2
25 52 000000001 1
36 63 100100000 2
47 74 001000111 4 match 0 7
50 05 000000001 1
61 16 100100100 3
72 27 001100001 3

04 40 001000001 2
15 51 000000110 2
26 62 000100001 2
37 73 101100010 4

Matching output
0 47 74
1 absent
2 absent
3 absent
4 absent
5 absent
6 absent
7 47 74

Left
47 50x
74 05x
Best: AND47: 1

Right
47 36x
74 63x
Best: AND47: 1

OR
01 10 111110111 8
12 21 111110111 8
23 32 101110011 6
34 43 101110111 7
45 54 001001111 5
56 65 100101111 6
67 76 101101111 7
70 07 111100111 7

02 20 111110001 6
13 31 111110110 7
24 42 001110111 6
35 53 101111111 8
46 64 101101111 7
57 75 101101111 7
60 06 111101101 7
71 17 111110111 8

03 30 111110011 7
14 41 111110111 8
25 52 001111111 7
36 63 101111111 8
47 74 101100111 6
50 05 111101111 8
61 16 110111111 8
72 27 101110111 7

04 40 111100111 7
15 51 110111111 8
26 62 101111101 7
37 73 101110111 7

Matching output
0 absent
1 absent
2 absent
3 absent
4 absent
5 absent
6 absent
7 absent

Left
none
Best: none

Right
none
Best: none

XOR
01 10 001010111 5
12 21 111000111 6
23 32 100000011 3
34 43 100110101 5
45 54 001001000 2
56 65 100100010 3
67 76 001001010 3
70 07 010000110 3 match 3

02 20 110010000 3
13 31 011000100 3
24 42 000110110 4
35 53 101111101 7
46 64 101101010 5
57 75 101101000 4
60 06 011001100 4
71 17 011010001 4

03 30 010010011 4
14 41 111110001 6
25 52 001111110 6
36 63 001011111 6
47 74 100100000 2
50 05 111101110 7
61 16 010011011 5
72 27 100010110 4

04 40 110100110 5
15 51 110111001 6
26 62 101011100 5
37 73 000010101 3

Matching output
0 absent
1 absent
2 absent
3 70 07
4 absent
5 absent
6 absent
7 absent

Left
none
Best: none

Right
none
Best: none

AND-NOT
01 001000001 2
12 110000110 4
23 000000001 1
34 100110000 3
45 001000000 1
56 000000010 1
67 000001000 1
70 000000110 2

02 110000000 2
13 010000100 2
24 000110000 2
35 101110000 4
46 001000010 2
57 000001000 1
60 000001100 2
71 001000001 2

03 010000001 2
14 110110000 4
25 001110000 3
36 001010010 3
47 000000000 a
50 000001110 3
61 000001001 2
72 100000110 3

04 110100000 3
15 110110000 4
26 001010000 2
37 000010000 1
40 000000110 2
51 000001001 2
62 100001100 3
73 000000101 2

05 111100000 4
16 010010010 3
27 000010000 1
30 000010010 2
41 001000001 2
52 000001110 3
63 000001101 3
74 100100000 2

06 011000000 2
17 010010000 2
20 000010000 1
31 001000000 1
42 000000110 2
53 000001101 3
64 100101000 3
75 101100000 3

07 010000000 1
10 000010110 3
21 001000001 2
32 100000010 2
43 000000101 2
54 000001000 1
65 100100000 2
76 001000010 2

Matching output
0 absent
1 absent
2 absent
3 absent
4 absent
5 absent
6 absent
7 absent

Left
none
Best: none

Right
none
Best: none

OR-NOT
01 111101001 6
12 110111110 7
23 011111101 7
34 111111010 7
45 111110111 8
56 011011111 7
67 110111101 7
70 101111111 8

02 111101111 8
13 110111111 8
24 111111001 7
35 111110010 6
46 011010111 6
57 010011111 6
60 100111111 7
71 101101111 7

03 111101101 7
14 110111110 7
25 111110001 6
36 111110010 6
47 011011111 7
50 000011111 5
61 101101101 6
72 111101111 8

04 111111001 7
15 111110110 7
26 011110011 6
37 111111010 7
40 001011111 6
51 001001111 5
62 110101111 7
73 111101111 8

05 111110001 6
16 111110110 7
27 011111001 6
30 101111110 7
41 001001111 5
52 110001111 6
63 110101101 6
74 111111111 a

06 111110011 7
17 110111110 7
20 001111111 7
31 101111011 7
42 111001111 7
53 010001111 5
64 110111101 7
75 111110111 8

07 111111001 7
10 110111110 7
21 001111001 5
32 111111110 8
43 011001111 6
54 110111111 8
65 111111101 8
76 111110111 8

Matching output
0 absent
1 absent
2 absent
3 absent
4 absent
5 absent
6 absent
7 absent

Left
none
Best: none

Right
none
Best: none

XOR-NOT
01 110101000 4
12 000111000 3
23 011111100 6
34 011001010 4
45 110110111 7
56 011011101 6
67 110110101 6
70 101111001 6

02 001101111 6
13 100111011 6
24 111001001 5
35 010000010 2
46 010010101 4
57 010010111 5
60 100110011 5
71 100101110 5

03 101101100 5
14 000001110 3
25 110000001 3
36 110100000 3
47 011011111 7
50 000010001 2
61 101100100 4
72 011101001 5

04 001011001 4
15 001000110 3
26 010100011 4
37 111101010 6
40 001011001 4
51 001000110 3
62 010100011 4
73 111101010 6

05 000010001 2
16 101100100 4
27 011101001 5
30 101101100 5
41 000001110 3
52 110000001 3
63 110100000 3
74 011011111 7

06 100110011 5
17 100101110 5
20 001101111 6
31 100111011 6
42 111001001 5
53 010000010 2
64 010010101 4
75 010010111 5

07 101111001 6
10 110101000 4
21 000111000 3
32 011111100 6
43 011001010 4
54 110110111 7
65 011011101 6
76 110110101 6

Matching output
0 absent
1 absent
2 absent
3 absent
4 absent
5 absent
6 absent
7 absent

Left
none
Best: none

Right
none
Best: none

Selecting

Lefts
Identity I4 5 6: 3
NOT none
Constant none
AND AND47: 1
OR none
XOR none
AND-NOT none
OR-NOT none
XOR-NOT none

Rights
Identity I4 3 2 1: 4
NOT none
Constant none
AND AND47: 1
OR none
XOR none
AND-NOT none
OR-NOT none
XOR-NOT none

Left longest: 3
Right longest: 4

Right winner: Identity yes, NOT no, Constant no, AND no, OR no, XOR no, AND-NOT no, OR-NOT no, XOR-NOT no
Left winner: Identity yes, NOT no, Constant no, AND no, OR no, XOR no, AND-NOT no, OR-NOT no, XOR-NOT no

Best right: I4 3 2 1: 4
Best left: I4 5 6: 3

Truncated right: I4 3 2 1: 4
Truncated left: I4 5 6: 3

Tentative from right
7 I4
6 I3
5 I2
4 I1
3 pending
2 pending
1 pending
0 pending

Tentative
0 I4
1 I5
2 I6
3 pending
4 I1
5 I2
6 I3
7 I4

Preferred from right
7 I4
6 I3
5 I2
4 I1
3 ??0
2 I6
1 I5
0 I4

Preferred from left
0 I4
1 I5
2 I6
3 ?70
4 I1
5 I2
6 I3
7 I4

Preferred
0 I4
1 I5
2 I6
3 ?70 ?07
4 I1
5 I2
6 I3
7 I4

Matching
0 I4
1 I5
2 I6
3 ?70 ?07 - Identity absent, NOT absent, Constant absent, AND absent, OR absent, XOR70, AND-NOT absent, OR-NOT absent, XOR-NOT absent
4 I1
5 I2
6 I3
7 I4

Perfect match
Identity no
NOT no
Constant no
AND no
OR no
XOR yes
AND-NOT no
OR-NOT no
XOR-NOT no

Matched
0 I4
1 I5
2 I6
3 XOR70
4 I1
5 I2
6 I3
7 I4

Selected
0 I4
1 I5
2 I6
3 XOR70
4 I1
5 I2
6 I3
7 I4

Applying to 10110110
Input
0 1
1 0
2 1
3 1
4 0
5 1
6 1
7 0
Output
0 I4 = 0
1 I5 = 1
2 I6 = 1
3 XOR70 = XOR(0,1) = 1
4 I1 = 0
5 I2 = 1
6 I3 = 1
7 I4 = 0

I will now return the answer in \boxed{}
The answer in \boxed{–} is \boxed{01110110}
[correct]
true
