[category]
bit_manipulation
[prompt]
In Alice's Wonderland, a secret bit manipulation rule transforms 8-bit binary numbers. The transformation involves operations like bit shifts, rotations, XOR, AND, OR, NOT, and possibly majority or choice functions.

Here are some examples of input -> output:
11101100 -> 00000011
01110110 -> 10000001
00101111 -> 10000000
10100100 -> 00000010
00010100 -> 00000000
11011000 -> 00000011
00000110 -> 00000000
00100000 -> 00000000
00011010 -> 00000000
10100001 -> 00000010

Now, determine the output for: 10011100
[completion]
We need to deduce the transformation by matching the example outputs.
I will put my final answer inside \boxed{}.

Output 0: 00000011
0 0
1 0
2 0
3 0
4 0
5 0
6 1
7 1

Output 1: 10000001
0 1
1 0
2 0
3 0
4 0
5 0
6 0
7 1

Output 2: 10000000
0 1
1 0
2 0
3 0
4 0
5 0
6 0
7 0

Output 3: 00000010
0 0
1 0
2 0
3 0
4 0
5 0
6 1
7 0

Output 4: 00000000
0 0
1 0
2 0
3 0
4 0
5 0
6 0
7 0

Output 5: 00000011
0 0
1 0
2 0
3 0
4 0
5 0
6 1
7 1

Output 6: 00000000
0 0
1 0
2 0
3 0
4 0
5 0
6 0
7 0

Output 7: 00000000
0 0
1 0
2 0
3 0
4 0
5 0
6 0
7 0

Output 8: 00000000
0 0
1 0
2 0
3 0
4 0
5 0
6 0
7 0

Output 9: 00000010
0 0
1 0
2 0
3 0
4 0
5 0
6 1
7 0

Output bit columns (with bitsum as hash)
0 0110000000 2
1 0000000000 a
2 0000000000 a
3 0000000000 a
4 0000000000 a
5 0000000000 a
6 1001010001 4
7 1100010000 3

Input 0: 11101100
0 1
1 1
2 1
3 0
4 1
5 1
6 0
7 0

Input 1: 01110110
0 0
1 1
2 1
3 1
4 0
5 1
6 1
7 0

Input 2: 00101111
0 0
1 0
2 1
3 0
4 1
5 1
6 1
7 1

Input 3: 10100100
0 1
1 0
2 1
3 0
4 0
5 1
6 0
7 0

Input 4: 00010100
0 0
1 0
2 0
3 1
4 0
5 1
6 0
7 0

Input 5: 11011000
0 1
1 1
2 0
3 1
4 1
5 0
6 0
7 0

Input 6: 00000110
0 0
1 0
2 0
3 0
4 0
5 1
6 1
7 0

Input 7: 00100000
0 0
1 0
2 1
3 0
4 0
5 0
6 0
7 0

Input 8: 00011010
0 0
1 0
2 0
3 1
4 1
5 0
6 1
7 0

Input 9: 10100001
0 1
1 0
2 1
3 0
4 0
5 0
6 0
7 1

When matching output
x: not in operator
y: wrong position

Identity
0 1001010001 4 match 6
1 1100010000 3 match 7
2 1111000101 6
3 0100110010 4
4 1010010010 4
5 1111101000 6
6 0110001010 4
7 0010000001 2

Matching output
0 absent
1 absent
2 absent
3 absent
4 absent
5 absent
6 0
7 1

Left
none
Best: none

Right
1 0 7x
Best: I1 0: 2

NOT
0 0110101110 6
1 0011101111 7
2 0000111010 4
3 1011001101 6
4 0101101101 6
5 0000010111 4
6 1001110101 6
7 1101111110 8

Matching output
0 absent
1 absent
2 absent
3 absent
4 absent
5 absent
6 absent
7 absent

Left
none
Best: none

Right
none
Best: none

Constant
0 0000000000 a match 1 2 3 4 5
1 1111111111 a

Matching output
0 absent
1 C0
2 C0
3 C0
4 C0
5 C0
6 absent
7 absent

Left
none
Best: none

Right
none
Best: none

AND
01 10 1000010000 2
12 21 1100000000 2
23 32 0100000000 1
34 43 0000010010 2
45 54 1010000000 2
56 65 0110001000 3
67 76 0010000000 1
70 07 0000000001 1

02 20 1001000001 3
13 31 0100010000 2
24 42 1010000000 2
35 53 0100100000 2
46 64 0010000010 2
57 75 0010000000 1
60 06 0000000000 a match 1 2 3 4 5
71 17 0000000000 a match 1 2 3 4 5

03 30 0000010000 1
14 41 1000010000 2
25 52 1111000000 4
36 63 0100000010 2
47 74 0010000000 1
50 05 1001000000 2
61 16 0100000000 1
72 27 0010000001 2

04 40 1000010000 2
15 51 1100000000 2
26 62 0110000000 2 match 0
37 73 0000000000 a match 1 2 3 4 5

Matching output
0 26 62
1 60 06 71 17 37 73
2 60 06 71 17 37 73
3 60 06 71 17 37 73
4 60 06 71 17 37 73
5 60 06 71 17 37 73
6 absent
7 absent

Left
26 37 40x
62 73 04x
Best: AND26 37: 2

Right
none
Best: none

OR
01 10 1101010001 5
12 21 1111010101 7
23 32 1111110111 9
34 43 1110110010 6
45 54 1111111010 8
56 65 1111101010 7
67 76 0110001011 5
70 07 1011010001 5

02 20 1111010101 7
13 31 1100110010 5
24 42 1111010111 8
35 53 1111111010 8
46 64 1110011010 6
57 75 1111101001 7
60 06 1111011011 8
71 17 1110010001 5

03 30 1101110011 7
14 41 1110010010 5
25 52 1111101101 8
36 63 0110111010 6
47 74 1010010011 5
50 05 1111111001 8
61 16 1110011010 6
72 27 1111000101 6

04 40 1011010011 6
15 51 1111111000 7
26 62 1111001111 8
37 73 0110110011 6

Matching output
0 absent
1 absent
2 absent
3 absent
4 absent
5 absent
6 absent
7 absent

Left
none
Best: none

Right
none
Best: none

XOR
01 10 0101000001 3
12 21 0011010101 5
23 32 1011110111 8
34 43 1110100000 4
45 54 0101111010 6
56 65 1001100010 4
67 76 0100001011 4
70 07 1011010000 4

02 20 0110010100 4
13 31 1000100010 3
24 42 0101010111 6
35 53 1011011010 6
46 64 1100011000 4
57 75 1101101001 6
60 06 1111011011 8
71 17 1110010001 5

03 30 1101100011 6
14 41 0110000010 3
25 52 0000101101 4
36 63 0010111000 4
47 74 1000010011 4
50 05 0110111001 6
61 16 1010011010 5
72 27 1101000100 4

04 40 0011000011 4
15 51 0011111000 5
26 62 1001001111 6
37 73 0110110011 6

Matching output
0 absent
1 absent
2 absent
3 absent
4 absent
5 absent
6 absent
7 absent

Left
none
Best: none

Right
none
Best: none

AND-NOT
01 0001000001 2
12 0000010000 1
23 1011000101 5
34 0100100000 2
45 0000010010 2
56 1001100000 3
67 0100001010 3
70 0010000000 1

02 0000010000 1
13 1000000000 1
24 0101000101 4
35 0000010010 2
46 1000010000 2
57 1101101000 5
60 0110001010 4
71 0010000001 2

03 1001000001 3
14 0100000000 1
25 0000000101 2
36 0000110000 2
47 1000010010 3
50 0110101000 4
61 0010001010 3
72 0000000000 a match 1 2 3 4 5

04 0001000001 2
15 0000010000 1
26 1001000101 4
37 0100110010 4
40 0010000010 2
51 0011101000 4
62 0000001010 2
73 0010000001 2

05 0000010001 2
16 1000010000 2
27 1101000100 4
30 0100100010 3
41 0010000010 2
52 0000101000 2
63 0010001000 2
74 0000000001 1

06 1001010001 4 match 6
17 1100010000 3 match 7
20 0110000100 3
31 0000100010 2
42 0000010010 2
53 1011001000 4
64 0100001000 2
75 0000000001 1

07 1001010000 3
10 0100000000 1
21 0011000101 4
32 0000110010 3
43 1010000000 2
54 0101101000 4
65 0000000010 1
76 0000000001 1

Matching output
0 absent
1 72
2 72
3 72
4 72
5 72
6 06
7 17

Left
none
Best: none

Right
17 06 75x
Best: AND-NOT17 06: 2

OR-NOT
01 1011111111 9
12 1100111010 6
23 1111001101 7
34 0101111111 8
45 1010010111 6
56 1111111101 9
67 1111111110 9
70 0110101111 7

02 1001111011 7
13 1111011101 8
24 1111101101 8
35 0100110111 6
46 1011110111 8
57 1111111110 9
60 0110101110 6
71 0011101111 7

03 1011011101 7
14 1101111101 8
25 1111010111 8
36 1101110111 8
47 1111111110 9
50 1111101110 8
61 0111101111 8
72 0010111011 6

04 1101111101 8
15 1100010111 6
26 1111110101 8
37 1101111110 8
40 1110111110 8
51 1111101111 9
62 0110111010 6
73 1011001101 6

05 1001010111 6
16 1101110101 7
27 1111111111 a
30 0110111110 7
41 1011111111 9
52 1111111010 8
63 1111001111 8
74 0111101101 7

06 1001110101 6
17 1101111110 8
20 1111101111 9
31 0111111111 9
42 1010111010 6
53 1111101101 8
64 0111101111 8
75 0010010111 5

07 1101111111 9
10 1110111110 8
21 1111101111 9
32 0100111010 5
43 1011011111 8
54 1111101101 8
65 0110011111 7
76 1011110101 7

Matching output
0 absent
1 absent
2 absent
3 absent
4 absent
5 absent
6 absent
7 absent

Left
none
Best: none

Right
none
Best: none

XOR-NOT
01 1010111110 7
12 1100101010 5
23 0100001000 2
34 0001011111 6
45 1010000101 4
56 0110011101 6
67 1011110100 6
70 0100101111 6

02 1001101011 6
13 0111011101 7
24 1010101000 4
35 0100100101 4
46 0011100111 6
57 0010010110 4
60 0000100100 2
71 0001101110 5

03 0010011100 4
14 1001111101 7
25 1111010010 6
36 1101000111 6
47 0111101100 6
50 1001000110 4
61 0101100101 5
72 0010111011 6

04 1100111100 6
15 1100000111 5
26 0110110000 4
37 1001001100 4
40 1100111100 6
51 1100000111 5
62 0110110000 4
73 1001001100 4

05 1001000110 4
16 0101100101 5
27 0010111011 6
30 0010011100 4
41 1001111101 7
52 1111010010 6
63 1101000111 6
74 0111101100 6

06 0000100100 2
17 0001101110 5
20 1001101011 6
31 0111011101 7
42 1010101000 4
53 0100100101 4
64 0011100111 6
75 0010010110 4

07 0100101111 6
10 1010111110 7
21 1100101010 5
32 0100001000 2
43 0001011111 6
54 1010000101 4
65 0110011101 6
76 1011110100 6

Matching output
0 absent
1 absent
2 absent
3 absent
4 absent
5 absent
6 absent
7 absent

Left
none
Best: none

Right
none
Best: none

Selecting

Lefts
Identity none
NOT none
Constant none
AND AND26 37: 2
OR none
XOR none
AND-NOT none
OR-NOT none
XOR-NOT none

Rights
Identity I1 0: 2
NOT none
Constant none
AND none
OR none
XOR none
AND-NOT AND-NOT17 06: 2
OR-NOT none
XOR-NOT none

Left longest: 2
Right longest: 2

Left winner: Identity no, NOT no, Constant no, AND yes, OR no, XOR no, AND-NOT no, OR-NOT no, XOR-NOT no
Right winner: Identity yes, NOT no, Constant no, AND no, OR no, XOR no, AND-NOT no, OR-NOT no, XOR-NOT no

Best left: AND26 37: 2
Best right: I1 0: 2

Truncated left: AND26 37: 2
Truncated right: I1 0: 2

Tentative from right
7 I1
6 I0
5 pending
4 pending
3 pending
2 pending
1 pending
0 pending

Tentative
0 AND26
1 AND37
2 pending
3 pending
4 pending
5 pending
6 I0
7 I1

Preferred from left
0 AND26
1 AND37
2 ?40
3 ?51
4 ?62
5 ?73
6 I0
7 I1

Preferred from right
7 I1
6 I0
5 ?73
4 ?62
3 ?51
2 ?40
1 AND37
0 AND26

Preferred
0 AND26
1 AND37
2 ?40 ?04
3 ?51 ?15
4 ?62 ?26
5 ?73 ?37
6 I0
7 I1

Matching
0 AND26
1 AND37
2 ?40 ?04 - Identity absent, NOT absent, Constant C0, AND absent, OR absent, XOR absent, AND-NOT absent, OR-NOT absent, XOR-NOT absent
3 ?51 ?15 - Identity absent, NOT absent, Constant C0, AND absent, OR absent, XOR absent, AND-NOT absent, OR-NOT absent, XOR-NOT absent
4 ?62 ?26 - Identity absent, NOT absent, Constant C0, AND absent, OR absent, XOR absent, AND-NOT absent, OR-NOT absent, XOR-NOT absent
5 ?73 ?37 - Identity absent, NOT absent, Constant C0, AND73, OR absent, XOR absent, AND-NOT absent, OR-NOT absent, XOR-NOT absent
6 I0
7 I1

Perfect match
Identity no
NOT no
Constant yes
AND no
OR no
XOR no
AND-NOT no
OR-NOT no
XOR-NOT no

Matched
0 AND26
1 AND37
2 C0
3 C0
4 C0
5 C0
6 I0
7 I1

Selected
0 AND26
1 AND37
2 C0
3 C0
4 C0
5 C0
6 I0
7 I1

Applying to 10011100
Input
0 1
1 0
2 0
3 1
4 1
5 1
6 0
7 0
Output
0 AND26 = AND(0,0) = 0
1 AND37 = AND(1,0) = 0
2 C0 = 0
3 C0 = 0
4 C0 = 0
5 C0 = 0
6 I0 = 1
7 I1 = 0

I will now return the answer in \boxed{}
The answer in \boxed{–} is \boxed{00000010}
[correct]
true
