[category]
bit_manipulation
[prompt]
In Alice's Wonderland, a secret bit manipulation rule transforms 8-bit binary numbers. The transformation involves operations like bit shifts, rotations, XOR, AND, OR, NOT, and possibly majority or choice functions.

Here are some examples of input -> output:
01110111 -> 00110101
10101001 -> 10111011
01001001 -> 11001011
10011011 -> 10000010
11100111 -> 01111111
00011011 -> 11000010
01101110 -> 00101001
10011110 -> 01010010
00000011 -> 01001110
10100001 -> 00111111

Now, determine the output for: 11010000
[completion]
We need to deduce the transformation by matching the example outputs.
I will put my final answer inside \boxed{}.

Output 0: 00110101
0 0
1 0
2 1
3 1
4 0
5 1
6 0
7 1

Output 1: 10111011
0 1
1 0
2 1
3 1
4 1
5 0
6 1
7 1

Output 2: 11001011
0 1
1 1
2 0
3 0
4 1
5 0
6 1
7 1

Output 3: 10000010
0 1
1 0
2 0
3 0
4 0
5 0
6 1
7 0

Output 4: 01111111
0 0
1 1
2 1
3 1
4 1
5 1
6 1
7 1

Output 5: 11000010
0 1
1 1
2 0
3 0
4 0
5 0
6 1
7 0

Output 6: 00101001
0 0
1 0
2 1
3 0
4 1
5 0
6 0
7 1

Output 7: 01010010
0 0
1 1
2 0
3 1
4 0
5 0
6 1
7 0

Output 8: 01001110
0 0
1 1
2 0
3 0
4 1
5 1
6 1
7 0

Output 9: 00111111
0 0
1 0
2 1
3 1
4 1
5 1
6 1
7 1

Output bit columns (with bitsum as hash)
0 0111010000 4
1 0010110110 5
2 1100101001 5
3 1100100101 5
4 0110101011 6
5 1000100011 4
6 0111110111 8
7 1110101001 6

Input 0: 01110111
0 0
1 1
2 1
3 1
4 0
5 1
6 1
7 1

Input 1: 10101001
0 1
1 0
2 1
3 0
4 1
5 0
6 0
7 1

Input 2: 01001001
0 0
1 1
2 0
3 0
4 1
5 0
6 0
7 1

Input 3: 10011011
0 1
1 0
2 0
3 1
4 1
5 0
6 1
7 1

Input 4: 11100111
0 1
1 1
2 1
3 0
4 0
5 1
6 1
7 1

Input 5: 00011011
0 0
1 0
2 0
3 1
4 1
5 0
6 1
7 1

Input 6: 01101110
0 0
1 1
2 1
3 0
4 1
5 1
6 1
7 0

Input 7: 10011110
0 1
1 0
2 0
3 1
4 1
5 1
6 1
7 0

Input 8: 00000011
0 0
1 0
2 0
3 0
4 0
5 0
6 1
7 1

Input 9: 10100001
0 1
1 0
2 1
3 0
4 0
5 0
6 0
7 1

When matching output
x: not in operator
y: wrong position

Identity
0 0101100101 5
1 1010101000 4
2 1100101001 5 match 2
3 1001010100 4
4 0111011100 6
5 1000101100 4
6 1001111110 7
7 1111110011 8

Matching output
0 absent
1 absent
2 2
3 absent
4 absent
5 absent
6 absent
7 absent

Left
none
Best: none

Right
none
Best: none

NOT
0 1010011010 5
1 0101010111 6
2 0011010110 5
3 0110101011 6 match 4
4 1000100011 4 match 5
5 0111010011 6
6 0110000001 3
7 0000001100 2

Matching output
0 absent
1 absent
2 absent
3 absent
4 3
5 4
6 absent
7 absent

Left
none
Best: none

Right
none
Best: none

Constant
0 0000000000 a
1 1111111111 a

Matching output
0 absent
1 absent
2 absent
3 absent
4 absent
5 absent
6 absent
7 absent

Left
none
Best: none

Right
none
Best: none

AND
01 10 0000100000 1
12 21 1000101000 3
23 32 1000000000 1
34 43 0001010100 3
45 54 0000001100 2
56 65 1000101100 4
67 76 1001110010 5
70 07 0101100001 4

02 20 0100100001 3
13 31 1000000000 1
24 42 0100001000 2
35 53 1000000100 2
46 64 0001011100 4
57 75 1000100000 2
60 06 0001100100 3
71 17 1010100000 3

03 30 0001000100 2
14 41 0010001000 2
25 52 1000101000 3
36 63 1001010100 4
47 74 0111010000 4 match 0
50 05 0000100100 2
61 16 1000101000 3
72 27 1100100001 4

04 40 0101000100 3
15 51 1000101000 3
26 62 1000101000 3
37 73 1001010000 3

Matching output
0 47 74
1 absent
2 absent
3 absent
4 absent
5 absent
6 absent
7 absent

Left
47 50x
74 05x
Best: AND47: 1

Right
none
Best: none

OR
01 10 1111101101 8
12 21 1110101001 6 match 7
23 32 1101111101 8
34 43 1111011100 7
45 54 1111111100 8
56 65 1001111110 7
67 76 1111111111 a
70 07 1111110111 9

02 20 1101101101 7
13 31 1011111100 7
24 42 1111111101 9
35 53 1001111100 6
46 64 1111111110 9
57 75 1111111111 a
60 06 1101111111 9
71 17 1111111011 9

03 30 1101110101 7
14 41 1111111100 8
25 52 1100101101 6
36 63 1001111110 7
47 74 1111111111 a
50 05 1101101101 7
61 16 1011111110 8
72 27 1111111011 9

04 40 0111111101 8
15 51 1010101100 5
26 62 1101111111 9
37 73 1111110111 9

Matching output
0 absent
1 absent
2 absent
3 absent
4 absent
5 absent
6 absent
7 12 21

Left
none
Best: none

Right
12 01x
21 10x
Best: OR12: 1

XOR
01 10 1111001101 7
12 21 0110000001 3
23 32 0101111101 7
34 43 1110001000 4
45 54 1111110000 6
56 65 0001010010 3
67 76 0110001101 5
70 07 1010010110 5

02 20 1001001100 4
13 31 0011111100 6
24 42 1011110101 7
35 53 0001111000 4
46 64 1110100010 5
57 75 0111011111 8
60 06 1100011011 6
71 17 0101011011 6

03 30 1100110001 5
14 41 1101110100 6
25 52 0100000101 3
36 63 0000101010 3
47 74 1000101111 6
50 05 1101001001 5
61 16 0011010110 5
72 27 0011011010 5

04 40 0010111001 5
15 51 0010000100 2
26 62 0101010111 6
37 73 0110100111 6

Matching output
0 absent
1 absent
2 absent
3 absent
4 absent
5 absent
6 absent
7 absent

Left
none
Best: none

Right
none
Best: none

AND-NOT
01 0101000101 4
12 0010000000 1
23 0100101001 4
34 1000000000 1
45 0111010000 4 match 0
56 0000000000 a
67 0000001100 2
70 1010010010 4

02 0001000100 2
13 0010101000 3
24 1000100001 3
35 0001010000 2
46 0110000000 2
57 0000001100 2
60 1000011010 4
71 0101010011 5

03 0100100001 3
14 1000100000 2
25 0100000001 2
36 0000000000 a
47 0000001100 2
50 1000001000 2
61 0001010110 4
72 0011010010 4

04 0000100001 2
15 0010000000 1
26 0100000001 2
37 0000000100 1
40 0010011000 3
51 0000000100 1
62 0001010110 4
73 0110100011 5

05 0101000001 3
16 0010000000 1
27 0000001000 1
30 1000010000 2
41 0101010100 4
52 0000000100 1
63 0000101010 3
74 1000100011 4 match 5

06 0100000001 2
17 0000001000 1
20 1000001000 2
31 0001010100 3
42 0011010100 4
53 0000101000 2
64 1000100010 3
75 0111010011 6

07 0000000100 1
10 1010001000 3
21 0100000001 2
32 0001010100 3
43 0110001000 3
54 1000100000 2
65 0001010010 3
76 0110000001 3

Matching output
0 45
1 absent
2 absent
3 absent
4 absent
5 74
6 absent
7 absent

Left
45 56x
Best: AND-NOT45: 1

Right
none
Best: none

OR-NOT
01 0101110111 7
12 1011111110 8
23 1110101011 7
34 1001110111 7
45 0111011111 8
56 1110101101 7
67 1001111110 7
70 1111111011 9

02 0111110111 8 match 6
13 1110101011 7
24 1100101011 6
35 1111010111 8
46 0111011101 7
57 1000101100 4
60 1011111110 8
71 1111110111 9

03 0111101111 8
14 1010101011 6
25 1111111011 9
36 1111010101 7
47 0111011100 6
50 1010111110 7
61 1101111111 9
72 1111110111 9

04 1101100111 7
15 1111111011 9
26 1110101001 6 match 7
37 1001011100 5
40 1111011110 8
51 1101111111 9
62 1011111110 8
73 1111111011 9

05 0111110111 8 match 6
16 1110101001 6 match 7
27 1100101101 6
30 1011011110 7
41 0111011111 8
52 1011111110 8
63 1111111111 a
74 1111110011 8

06 0111100101 6
17 1010101100 5
20 1110111011 8
31 1101010111 7
42 0111011110 7
53 1110101111 8
64 1001111111 8
75 1111110011 8

07 0101101101 6
10 1010111010 6
21 1101111111 9
32 1011010110 6
43 0111111111 9
54 1000101111 6
65 1111111111 a
76 1111110011 8

Matching output
0 absent
1 absent
2 absent
3 absent
4 absent
5 absent
6 02 05
7 26 16

Left
none
Best: none

Right
26 15x
16 05 74x
Best: OR-NOT16 05: 2

XOR-NOT
01 0000110010 3
12 1001111110 7
23 1010000010 3
34 0001110111 6
45 0000001111 4
56 1110101101 7
67 1001110010 5
70 0101101001 5

02 0110110011 6
13 1100000011 4
24 0100001010 3
35 1110000111 6
46 0001011101 5
57 1000100000 2
60 0011100100 4
71 1010100100 4

03 0011001110 5
14 0010001011 4
25 1011111010 7
36 1111010101 7
47 0111010000 4 match 0
50 0010110110 5 match 1
61 1100101001 5 match 2
72 1100100101 5 match 3

04 1101000110 5
15 1101111011 8
26 1010101000 4
37 1001011000 4
40 1101000110 5
51 1101111011 8
62 1010101000 4
73 1001011000 4

05 0010110110 5 match 1
16 1100101001 5 match 2
27 1100100101 5 match 3
30 0011001110 5
41 0010001011 4
52 1011111010 7
63 1111010101 7
74 0111010000 4 match 0

06 0011100100 4
17 1010100100 4
20 0110110011 6
31 1100000011 4
42 0100001010 3
53 1110000111 6
64 0001011101 5
75 1000100000 2

07 0101101001 5
10 0000110010 3
21 1001111110 7
32 1010000010 3
43 0001110111 6
54 0000001111 4
65 1110101101 7
76 1001110010 5

Matching output
0 47 74
1 50 05
2 61 16
3 72 27
4 absent
5 absent
6 absent
7 absent

Left
47 50 61 72 03x
74 05 16 27 30x
Best: XOR-NOT47 50 61 72: 4

Right
none
Best: none

Selecting

Lefts
Identity none
NOT none
Constant none
AND AND47: 1
OR none
XOR none
AND-NOT AND-NOT45: 1
OR-NOT none
XOR-NOT XOR-NOT47 50 61 72: 4

Rights
Identity none
NOT none
Constant none
AND none
OR OR12: 1
XOR none
AND-NOT none
OR-NOT OR-NOT16 05: 2
XOR-NOT none

Left longest: 4
Right longest: 2

Left winner: Identity no, NOT no, Constant no, AND no, OR no, XOR no, AND-NOT no, OR-NOT no, XOR-NOT yes
Right winner: Identity no, NOT no, Constant no, AND no, OR no, XOR no, AND-NOT no, OR-NOT yes, XOR-NOT no

Best left: XOR-NOT47 50 61 72: 4
Best right: OR-NOT16 05: 2

Truncated left: XOR-NOT47 50 61 72: 4
Truncated right: OR-NOT16 05: 2

Tentative from right
7 OR-NOT16
6 OR-NOT05
5 pending
4 pending
3 pending
2 pending
1 pending
0 pending

Tentative
0 XOR-NOT47
1 XOR-NOT50
2 XOR-NOT61
3 XOR-NOT72
4 pending
5 pending
6 OR-NOT05
7 OR-NOT16

Preferred from left
0 XOR-NOT47
1 XOR-NOT50
2 XOR-NOT61
3 XOR-NOT72
4 ?03
5 ?14
6 OR-NOT05
7 OR-NOT16

Preferred from right
7 OR-NOT16
6 OR-NOT05
5 ?14
4 ?03
3 XOR-NOT72
2 XOR-NOT61
1 XOR-NOT50
0 XOR-NOT47

Preferred
0 XOR-NOT47
1 XOR-NOT50
2 XOR-NOT61
3 XOR-NOT72
4 ?03 ?30
5 ?14 ?41
6 OR-NOT05
7 OR-NOT16

Matching
0 XOR-NOT47
1 XOR-NOT50
2 XOR-NOT61
3 XOR-NOT72
4 ?03 ?30 - Identity absent, NOT NOT3, Constant absent, AND absent, OR absent, XOR absent, AND-NOT absent, OR-NOT absent, XOR-NOT absent
5 ?14 ?41 - Identity absent, NOT NOT4, Constant absent, AND absent, OR absent, XOR absent, AND-NOT absent, OR-NOT absent, XOR-NOT absent
6 OR-NOT05
7 OR-NOT16

Perfect match
Identity no
NOT yes
Constant no
AND no
OR no
XOR no
AND-NOT no
OR-NOT no
XOR-NOT no

Matched
0 XOR-NOT47
1 XOR-NOT50
2 XOR-NOT61
3 XOR-NOT72
4 NOT3
5 NOT4
6 OR-NOT05
7 OR-NOT16

Selected
0 XOR-NOT47
1 XOR-NOT50
2 XOR-NOT61
3 XOR-NOT72
4 NOT3
5 NOT4
6 OR-NOT05
7 OR-NOT16

Applying to 11010000
Input
0 1
1 1
2 0
3 1
4 0
5 0
6 0
7 0
Output
0 XOR-NOT47 = XOR(0,NOT(0)) = 1
1 XOR-NOT50 = XOR(0,NOT(1)) = 0
2 XOR-NOT61 = XOR(0,NOT(1)) = 0
3 XOR-NOT72 = XOR(0,NOT(0)) = 1
4 NOT3 = NOT(1) = 0
5 NOT4 = NOT(0) = 1
6 OR-NOT05 = OR(1,NOT(0)) = 1
7 OR-NOT16 = OR(1,NOT(0)) = 1

I will now return the answer in \boxed{}
The answer in \boxed{–} is \boxed{10010111}
[correct]
true
