[category]
bit_manipulation
[prompt]
In Alice's Wonderland, a secret bit manipulation rule transforms 8-bit binary numbers. The transformation involves operations like bit shifts, rotations, XOR, AND, OR, NOT, and possibly majority or choice functions.

Here are some examples of input -> output:
01000010 -> 00010000
10100010 -> 00010000
00100001 -> 00001000
00100111 -> 00111000
10001110 -> 01110000
11101010 -> 01010110
01110111 -> 10111011

Now, determine the output for: 01110100
[completion]
We need to deduce the transformation by matching the example outputs.
I will put my final answer inside \boxed{}.

Output 0: 00010000
0 0
1 0
2 0
3 1
4 0
5 0
6 0
7 0

Output 1: 00010000
0 0
1 0
2 0
3 1
4 0
5 0
6 0
7 0

Output 2: 00001000
0 0
1 0
2 0
3 0
4 1
5 0
6 0
7 0

Output 3: 00111000
0 0
1 0
2 1
3 1
4 1
5 0
6 0
7 0

Output 4: 01110000
0 0
1 1
2 1
3 1
4 0
5 0
6 0
7 0

Output 5: 01010110
0 0
1 1
2 0
3 1
4 0
5 1
6 1
7 0

Output 6: 10111011
0 1
1 0
2 1
3 1
4 1
5 0
6 1
7 1

Output bit columns (with bitsum as hash)
0 0000001 1
1 0000110 2
2 0001101 3
3 1101111 6
4 0011001 3
5 0000010 1
6 0000011 2
7 0000001 1

Input 0: 01000010
0 0
1 1
2 0
3 0
4 0
5 0
6 1
7 0

Input 1: 10100010
0 1
1 0
2 1
3 0
4 0
5 0
6 1
7 0

Input 2: 00100001
0 0
1 0
2 1
3 0
4 0
5 0
6 0
7 1

Input 3: 00100111
0 0
1 0
2 1
3 0
4 0
5 1
6 1
7 1

Input 4: 10001110
0 1
1 0
2 0
3 0
4 1
5 1
6 1
7 0

Input 5: 11101010
0 1
1 1
2 1
3 0
4 1
5 0
6 1
7 0

Input 6: 01110111
0 0
1 1
2 1
3 1
4 0
5 1
6 1
7 1

When matching output
x: not in operator
y: wrong position

Identity
0 0100110 3
1 1000011 3
2 0111011 5
3 0000001 1 match 0 7
4 0000110 2 match 1
5 0001101 3 match 2
6 1101111 6 match 3
7 0011001 3 match 4

Matching output
0 3
1 4
2 5
3 6
4 7
5 absent
6 absent
7 3

Left
3 4 5 6 7 0x
Best: I3 4 5 6 7: 5

Right
3 2x
Best: I3: 1

NOT
0 1011001 4
1 0111100 4
2 1000100 2
3 1111110 6
4 1111001 5
5 1110010 4
6 0010000 1
7 1100110 4

Matching output
0 absent
1 absent
2 absent
3 absent
4 absent
5 absent
6 absent
7 absent

Left
none
Best: none

Right
none
Best: none

Constant
0 0000000 a
1 1111111 a

Matching output
0 absent
1 absent
2 absent
3 absent
4 absent
5 absent
6 absent
7 absent

Left
none
Best: none

Right
none
Best: none

AND
01 10 0000010 1 match 5
12 21 0000011 2 match 6
23 32 0000001 1 match 0 7
34 43 0000000 a
45 54 0000100 1
56 65 0001101 3 match 2
67 76 0001001 2
70 07 0000000 a

02 20 0100010 2
13 31 0000001 1 match 0 7
24 42 0000010 1 match 5
35 53 0000001 1 match 0 7
46 64 0000110 2 match 1
57 75 0001001 2
60 06 0100110 3
71 17 0000001 1 match 0 7

03 30 0000000 a
14 41 0000010 1 match 5
25 52 0001001 2
36 63 0000001 1 match 0 7
47 74 0000000 a
50 05 0000100 1
61 16 1000011 3
72 27 0011001 3 match 4

04 40 0000110 2 match 1
15 51 0000001 1 match 0 7
26 62 0101011 4
37 73 0000001 1 match 0 7

Matching output
0 23 32 13 31 35 53 71 17 36 63 15 51 37 73
1 46 64 04 40
2 56 65
3 absent
4 72 27
5 01 10 24 42 14 41
6 12 21
7 23 32 13 31 35 53 71 17 36 63 15 51 37 73

Left
23 34x
32 43x
13 24y
31 42y
35 46 57x
53 64 75x
71 02x
17 20x
36 47x
63 74x
15 26x
51 62x
37 40 51y
73 04 15y
Best: AND35 46: 2

Right
23 12 01 70x
32 21 10 07x
13 02x
31 20x
35 24y
53 42y
71 60x
17 06x
36 25x
63 52x
15 04y
51 40y
37 26x
73 62x
Best: AND23 12 01: 3

OR
01 10 1100111 5
12 21 1111011 6
23 32 0111011 5
34 43 0000111 3
45 54 0001111 4
56 65 1101111 6 match 3
67 76 1111111 a
70 07 0111111 6

02 20 0111111 6
13 31 1000011 3
24 42 0111111 6
35 53 0001101 3 match 2
46 64 1101111 6 match 3
57 75 0011101 4
60 06 1101111 6 match 3
71 17 1011011 5

03 30 0100111 4
14 41 1000111 4
25 52 0111111 6
36 63 1101111 6 match 3
47 74 0011111 5
50 05 0101111 5
61 16 1101111 6 match 3
72 27 0111011 5

04 40 0100110 3
15 51 1001111 5
26 62 1111111 a
37 73 0011001 3 match 4

Matching output
0 absent
1 absent
2 35 53
3 56 65 46 64 60 06 36 63 61 16
4 37 73
5 absent
6 absent
7 absent

Left
none
Best: none

Right
none
Best: none

XOR
01 10 1100101 4
12 21 1111000 4
23 32 0111010 4
34 43 0000111 3
45 54 0001011 3
56 65 1100010 3
67 76 1110110 5
70 07 0111111 6

02 20 0011101 4
13 31 1000010 2
24 42 0111101 5
35 53 0001100 2
46 64 1101001 4
57 75 0010100 2
60 06 1001001 3
71 17 1011010 4

03 30 0100111 4
14 41 1000101 3
25 52 0110110 4
36 63 1101110 5
47 74 0011111 5
50 05 0101011 4
61 16 0101100 3
72 27 0100010 2

04 40 0100000 1
15 51 1001110 4
26 62 1010100 3
37 73 0011000 2

Matching output
0 absent
1 absent
2 absent
3 absent
4 absent
5 absent
6 absent
7 absent

Left
none
Best: none

Right
none
Best: none

AND-NOT
01 0100100 2
12 1000000 1
23 0111010 4
34 0000001 1 match 0 7
45 0000010 1 match 5
56 0000000 a
67 1100110 4
70 0011001 3 match 4

02 0000100 1
13 1000010 2
24 0111001 4
35 0000000 a
46 0000000 a
57 0000100 1
60 1001001 3
71 0011000 2

03 0100110 3
14 1000001 2
25 0110010 3
36 0000000 a
47 0000110 2 match 1
50 0001001 2
61 0101100 3
72 0000000 a

04 0100000 1
15 1000010 2
26 0010000 1
37 0000000 a
40 0000000 a
51 0001100 2
62 1000100 2
73 0011000 2

05 0100010 2
16 0000000 a
27 0100010 2
30 0000001 1 match 0 7
41 0000100 1
52 0000100 1
63 1101110 5
74 0011001 3 match 4

06 0000000 a
17 1000010 2
20 0011001 3 match 4
31 0000000 a
42 0000100 1
53 0001100 2
64 1101001 4
75 0010000 1

07 0100110 3
10 1000001 2
21 0111000 3
32 0000000 a
43 0000110 2 match 1
54 0001001 2
65 1100010 3
76 0010000 1

Matching output
0 34 30
1 47 43
2 absent
3 absent
4 70 74 20
5 45
6 absent
7 34 30

Left
34 45y
30 41x
Best: AND-NOT34: 1

Right
34 23x
30 27x
Best: AND-NOT34: 1

OR-NOT
01 0111110 5
12 1000111 4
23 1111111 a
34 1111001 5
45 1110110 5
56 0011101 4
67 1101111 6 match 3
70 1011001 4

02 1100110 4
13 1111111 a
24 1111011 6
35 1110011 5
46 0010110 3
57 1101111 6 match 3
60 1111111 a
71 0111101 5

03 1111110 6
14 1111011 6
25 1111011 6
36 0010001 2
47 1100110 4
50 1011101 5
61 1111111 a
72 1011101 5

04 1111111 a
15 1110011 5
26 0111011 5
37 1100111 5
40 1011111 6
51 0111101 5
62 1101111 6 match 3
73 1111111 a

05 1110110 5
16 1010011 4
27 1111111 a
30 1011001 4
41 0111110 5
52 1001101 4
63 1111111 a
74 1111001 5

06 0110110 4
17 1100111 5
20 1111011 6
31 0111101 5
42 1000110 3
53 1111111 a
64 1111111 a
75 1111011 6

07 1100110 4
10 1011011 5
21 0111111 6
32 1000101 3
43 1111110 6
54 1111101 6
65 1111111 a
76 0011001 3 match 4

Matching output
0 absent
1 absent
2 absent
3 67 57 62
4 76
5 absent
6 absent
7 absent

Left
none
Best: none

Right
none
Best: none

XOR-NOT
01 0011010 3
12 0000111 3
23 1000101 3
34 1111000 4
45 1110100 4
56 0011101 4
67 0001001 2
70 1000000 1

02 1100010 3
13 0111101 5
24 1000010 2
35 1110011 5
46 0010110 3
57 1101011 5
60 0110110 4
71 0100101 3

03 1011000 3
14 0111010 4
25 1001001 3
36 0010001 2
47 1100000 2
50 1010100 3
61 1010011 4
72 1011101 5

04 1011111 6
15 0110001 3
26 0101011 4
37 1100111 5
40 1011111 6
51 0110001 3
62 0101011 4
73 1100111 5

05 1010100 3
16 1010011 4
27 1011101 5
30 1011000 3
41 0111010 4
52 1001001 3
63 0010001 2
74 1100000 2

06 0110110 4
17 0100101 3
20 1100010 3
31 0111101 5
42 1000010 2
53 1110011 5
64 0010110 3
75 1101011 5

07 1000000 1
10 0011010 3
21 0000111 3
32 1000101 3
43 1111000 4
54 1110100 4
65 0011101 4
76 0001001 2

Matching output
0 absent
1 absent
2 absent
3 absent
4 absent
5 absent
6 absent
7 absent

Left
none
Best: none

Right
none
Best: none

Selecting

Lefts
Identity I3 4 5 6 7: 5
NOT none
Constant none
AND AND35 46: 2
OR none
XOR none
AND-NOT AND-NOT34: 1
OR-NOT none
XOR-NOT none

Rights
Identity I3: 1
NOT none
Constant none
AND AND23 12 01: 3
OR none
XOR none
AND-NOT AND-NOT34: 1
OR-NOT none
XOR-NOT none

Left longest: 5
Right longest: 3

Left winner: Identity yes, NOT no, Constant no, AND no, OR no, XOR no, AND-NOT no, OR-NOT no, XOR-NOT no
Right winner: Identity no, NOT no, Constant no, AND yes, OR no, XOR no, AND-NOT no, OR-NOT no, XOR-NOT no

Best left: I3 4 5 6 7: 5
Best right: AND23 12 01: 3

Truncated left: I3 4 5 6 7: 5
Truncated right: AND23 12 01: 3

Tentative from right
7 AND23
6 AND12
5 AND01
4 pending
3 pending
2 pending
1 pending
0 pending

Tentative
0 I3
1 I4
2 I5
3 I6
4 I7
5 AND01
6 AND12
7 AND23

Preferred from left
0 I3
1 I4
2 I5
3 I6
4 I7
5 AND01
6 AND12
7 AND23

Preferred from right
7 AND23
6 AND12
5 AND01
4 I7
3 I6
2 I5
1 I4
0 I3

Preferred
0 I3
1 I4
2 I5
3 I6
4 I7
5 AND01
6 AND12
7 AND23

Matching
0 I3
1 I4
2 I5
3 I6
4 I7
5 AND01
6 AND12
7 AND23

Perfect match
Identity no
NOT no
Constant no
AND no
OR no
XOR no
AND-NOT no
OR-NOT no
XOR-NOT no

Matched
0 I3
1 I4
2 I5
3 I6
4 I7
5 AND01
6 AND12
7 AND23

Selected
0 I3
1 I4
2 I5
3 I6
4 I7
5 AND01
6 AND12
7 AND23

Applying to 01110100
Input
0 0
1 1
2 1
3 1
4 0
5 1
6 0
7 0
Output
0 I3 = 1
1 I4 = 0
2 I5 = 1
3 I6 = 0
4 I7 = 0
5 AND01 = AND(0,1) = 0
6 AND12 = AND(1,1) = 1
7 AND23 = AND(1,1) = 1

I will now return the answer in \boxed{}
The answer in \boxed{–} is \boxed{10100011}
[correct]
true
