[category]
bit_manipulation
[prompt]
In Alice's Wonderland, a secret bit manipulation rule transforms 8-bit binary numbers. The transformation involves operations like bit shifts, rotations, XOR, AND, OR, NOT, and possibly majority or choice functions.

Here are some examples of input -> output:
11101111 -> 00000000
00010000 -> 00000000
00010001 -> 00000000
01011110 -> 00000000
10010101 -> 00000001
11100101 -> 00000000
00000001 -> 00000000
01100001 -> 00000000

Now, determine the output for: 01100000
[completion]
We need to deduce the transformation by matching the example outputs.
I will put my final answer inside \boxed{}.

Output 0: 00000000
0 0
1 0
2 0
3 0
4 0
5 0
6 0
7 0

Output 1: 00000000
0 0
1 0
2 0
3 0
4 0
5 0
6 0
7 0

Output 2: 00000000
0 0
1 0
2 0
3 0
4 0
5 0
6 0
7 0

Output 3: 00000000
0 0
1 0
2 0
3 0
4 0
5 0
6 0
7 0

Output 4: 00000001
0 0
1 0
2 0
3 0
4 0
5 0
6 0
7 1

Output 5: 00000000
0 0
1 0
2 0
3 0
4 0
5 0
6 0
7 0

Output 6: 00000000
0 0
1 0
2 0
3 0
4 0
5 0
6 0
7 0

Output 7: 00000000
0 0
1 0
2 0
3 0
4 0
5 0
6 0
7 0

Output bit columns (with bitsum as hash)
0 00000000 a
1 00000000 a
2 00000000 a
3 00000000 a
4 00000000 a
5 00000000 a
6 00000000 a
7 00001000 1

Input 0: 11101111
0 1
1 1
2 1
3 0
4 1
5 1
6 1
7 1

Input 1: 00010000
0 0
1 0
2 0
3 1
4 0
5 0
6 0
7 0

Input 2: 00010001
0 0
1 0
2 0
3 1
4 0
5 0
6 0
7 1

Input 3: 01011110
0 0
1 1
2 0
3 1
4 1
5 1
6 1
7 0

Input 4: 10010101
0 1
1 0
2 0
3 1
4 0
5 1
6 0
7 1

Input 5: 11100101
0 1
1 1
2 1
3 0
4 0
5 1
6 0
7 1

Input 6: 00000001
0 0
1 0
2 0
3 0
4 0
5 0
6 0
7 1

Input 7: 01100001
0 0
1 1
2 1
3 0
4 0
5 0
6 0
7 1

When matching output
x: not in operator
y: wrong position

Identity
0 10001100 3
1 10010101 4
2 10000101 3
3 01111000 4
4 10010000 2
5 10011100 4
6 10010000 2
7 10101111 6

Matching output
0 absent
1 absent
2 absent
3 absent
4 absent
5 absent
6 absent
7 absent

Left
none
Best: none

Right
none
Best: none

NOT
0 01110011 5
1 01101010 4
2 01111010 5
3 10000111 4
4 01101111 6
5 01100011 4
6 01101111 6
7 01010000 2

Matching output
0 absent
1 absent
2 absent
3 absent
4 absent
5 absent
6 absent
7 absent

Left
none
Best: none

Right
none
Best: none

Constant
0 00000000 a match 0 1 2 3 4 5 6
1 11111111 a

Matching output
0 C0
1 C0
2 C0
3 C0
4 C0
5 C0
6 C0
7 absent

Left
0 0 0 0 0 0 0
Best: C0 0 0 0 0 0 0: 7

Right
none
Best: none

AND
01 10 10000100 2
12 21 10000101 3
23 32 00000000 a match 0 1 2 3 4 5 6
34 43 00010000 1
45 54 10010000 2
56 65 10010000 2
67 76 10000000 1
70 07 10001100 3

02 20 10000100 2
13 31 00010000 1
24 42 10000000 1
35 53 00011000 2
46 64 10010000 2
57 75 10001100 3
60 06 10000000 1
71 17 10000101 3

03 30 00001000 1 match 7
14 41 10010000 2
25 52 10000100 2
36 63 00010000 1
47 74 10000000 1
50 05 10001100 3
61 16 10010000 2
72 27 10000101 3

04 40 10000000 1
15 51 10010100 3
26 62 10000000 1
37 73 00101000 2

Matching output
0 23 32
1 23 32
2 23 32
3 23 32
4 23 32
5 23 32
6 23 32
7 03 30

Left
23 34x
32 43x
Best: AND23: 1

Right
03 72x
30 27x
Best: AND03: 1

OR
01 10 10011101 5
12 21 10010101 4
23 32 11111101 7
34 43 11111000 5
45 54 10011100 4
56 65 10011100 4
67 76 10111111 7
70 07 10101111 6

02 20 10001101 4
13 31 11111101 7
24 42 10010101 4
35 53 11111100 6
46 64 10010000 2
57 75 10111111 7
60 06 10011100 4
71 17 10111111 7

03 30 11111100 6
14 41 10010101 4
25 52 10011101 5
36 63 11111000 5
47 74 10111111 7
50 05 10011100 4
61 16 10010101 4
72 27 10101111 6

04 40 10011100 4
15 51 10011101 5
26 62 10010101 4
37 73 11111111 a

Matching output
0 absent
1 absent
2 absent
3 absent
4 absent
5 absent
6 absent
7 absent

Left
none
Best: none

Right
none
Best: none

XOR
01 10 00011001 3
12 21 00010000 1
23 32 11111101 7
34 43 11101000 4
45 54 00001100 2
56 65 00001100 2
67 76 00111111 6
70 07 00100011 3

02 20 00001001 2
13 31 11101101 6
24 42 00010101 3
35 53 11100100 4
46 64 00000000 a match 0 1 2 3 4 5 6
57 75 00110011 4
60 06 00011100 3
71 17 00111010 4

03 30 11110100 5
14 41 00000101 2
25 52 00011001 3
36 63 11101000 4
47 74 00111111 6
50 05 00010000 1
61 16 00000101 2
72 27 00101010 3

04 40 00011100 3
15 51 00001001 2
26 62 00010101 3
37 73 11010111 6

Matching output
0 46 64
1 46 64
2 46 64
3 46 64
4 46 64
5 46 64
6 46 64
7 absent

Left
46 57x
64 75x
Best: XOR46: 1

Right
none
Best: none

AND-NOT
01 00001000 1 match 7
12 00010000 1
23 10000101 3
34 01101000 3
45 00000000 a match 0 1 2 3 4 5 6
56 00001100 2
67 00010000 1
70 00100011 3

02 00001000 1 match 7
13 10000101 3
24 00000101 2
35 01100000 2
46 00000000 a match 0 1 2 3 4 5 6
57 00010000 1
60 00010000 1
71 00101010 3

03 10000100 2
14 00000101 2
25 00000001 1
36 01101000 3
47 00010000 1
50 00010000 1
61 00000000 a match 0 1 2 3 4 5 6
72 00101010 3

04 00001100 2
15 00000001 1
26 00000101 2
37 01010000 2
40 00010000 1
51 00001000 1 match 7
62 00010000 1
73 10000111 4

05 00000000 a match 0 1 2 3 4 5 6
16 00000101 2
27 00000000 a match 0 1 2 3 4 5 6
30 01110000 3
41 00000000 a match 0 1 2 3 4 5 6
52 00011000 2
63 10000000 1
74 00101111 5

06 00001100 2
17 00010000 1
20 00000001 1
31 01101000 3
42 00010000 1
53 10000100 2
64 00000000 a match 0 1 2 3 4 5 6
75 00100011 3

07 00000000 a match 0 1 2 3 4 5 6
10 00010001 2
21 00000000 a match 0 1 2 3 4 5 6
32 01111000 4
43 10000000 1
54 00001100 2
65 00000000 a match 0 1 2 3 4 5 6
76 00101111 5

Matching output
0 45 46 61 05 27 41 64 07 21 65
1 45 46 61 05 27 41 64 07 21 65
2 45 46 61 05 27 41 64 07 21 65
3 45 46 61 05 27 41 64 07 21 65
4 45 46 61 05 27 41 64 07 21 65
5 45 46 61 05 27 41 64 07 21 65
6 45 46 61 05 27 41 64 07 21 65
7 01 02 51

Left
45 56x
46 57x
61 72x
05 16x
27 30x
41 52x
64 75x
07 10x
21 32x
65 76x
Best: AND-NOT45: 1

Right
01 70x
02 71x
51 40x
Best: AND-NOT01: 1

OR-NOT
01 11101110 6
12 11111111 a
23 10000111 4
34 01111111 7
45 11110011 6
56 11111111 a
67 11010000 3
70 11111111 a

02 11111110 7
13 10010111 5
24 11101111 7
35 01111011 6
46 11111111 a
57 11011100 5
60 11110011 6
71 11101111 7

03 10001111 5
14 11111111 a
25 11100111 6
36 01111111 7
47 11010000 3
50 11111111 a
61 11111010 6
72 11111111 a

04 11101111 7
15 11110111 7
26 11101111 7
37 01111000 4
40 11110011 6
51 11111110 7
62 11111010 6
73 10101111 6

05 11101111 7
16 11111111 a
27 11010101 5
30 01111011 6
41 11111010 6
52 11111110 7
63 10010111 5
74 11101111 7

06 11101111 7
17 11010101 5
20 11110111 7
31 01111010 5
42 11111010 6
53 10011111 6
64 11111111 a
75 11101111 7

07 11011100 5
10 11110111 7
21 11101111 7
32 01111010 5
43 10010111 5
54 11111111 a
65 11110011 6
76 11101111 7

Matching output
0 absent
1 absent
2 absent
3 absent
4 absent
5 absent
6 absent
7 absent

Left
none
Best: none

Right
none
Best: none

XOR-NOT
01 11100110 5
12 11101111 7
23 00000010 1
34 00010111 4
45 11110011 6
56 11110011 6
67 11000000 2
70 11011100 5

02 11110110 6
13 00010010 2
24 11101010 5
35 00011011 4
46 11111111 a
57 11001100 4
60 11100011 5
71 11000101 4

03 00001011 3
14 11111010 6
25 11100110 5
36 00010111 4
47 11000000 2
50 11101111 7
61 11111010 6
72 11010101 5

04 11100011 5
15 11110110 6
26 11101010 5
37 00101000 2
40 11100011 5
51 11110110 6
62 11101010 5
73 00101000 2

05 11101111 7
16 11111010 6
27 11010101 5
30 00001011 3
41 11111010 6
52 11100110 5
63 00010111 4
74 11000000 2

06 11100011 5
17 11000101 4
20 11110110 6
31 00010010 2
42 11101010 5
53 00011011 4
64 11111111 a
75 11001100 4

07 11011100 5
10 11100110 5
21 11101111 7
32 00000010 1
43 00010111 4
54 11110011 6
65 11110011 6
76 11000000 2

Matching output
0 absent
1 absent
2 absent
3 absent
4 absent
5 absent
6 absent
7 absent

Left
none
Best: none

Right
none
Best: none

Selecting

Lefts
Identity none
NOT none
Constant C0 0 0 0 0 0 0: 7
AND AND23: 1
OR none
XOR XOR46: 1
AND-NOT AND-NOT45: 1
OR-NOT none
XOR-NOT none

Rights
Identity none
NOT none
Constant none
AND AND03: 1
OR none
XOR none
AND-NOT AND-NOT01: 1
OR-NOT none
XOR-NOT none

Left longest: 7
Right longest: 1

Left winner: Identity no, NOT no, Constant yes, AND no, OR no, XOR no, AND-NOT no, OR-NOT no, XOR-NOT no
Right winner: Identity no, NOT no, Constant no, AND yes, OR no, XOR no, AND-NOT no, OR-NOT no, XOR-NOT no

Best left: C0 0 0 0 0 0 0: 7
Best right: AND03: 1

Truncated left: C0 0 0 0 0 0 0: 7
Truncated right: AND03: 1

Tentative from right
7 AND03
6 pending
5 pending
4 pending
3 pending
2 pending
1 pending
0 pending

Tentative
0 C0
1 C0
2 C0
3 C0
4 C0
5 C0
6 C0
7 AND03

Preferred from left
0 C0
1 C0
2 C0
3 C0
4 C0
5 C0
6 C0
7 AND03

Preferred from right
7 AND03
6 C0
5 C0
4 C0
3 C0
2 C0
1 C0
0 C0

Preferred
0 C0
1 C0
2 C0
3 C0
4 C0
5 C0
6 C0
7 AND03

Matching
0 C0
1 C0
2 C0
3 C0
4 C0
5 C0
6 C0
7 AND03

Perfect match
Identity no
NOT no
Constant no
AND no
OR no
XOR no
AND-NOT no
OR-NOT no
XOR-NOT no

Matched
0 C0
1 C0
2 C0
3 C0
4 C0
5 C0
6 C0
7 AND03

Selected
0 C0
1 C0
2 C0
3 C0
4 C0
5 C0
6 C0
7 AND03

Applying to 01100000
Input
0 0
1 1
2 1
3 0
4 0
5 0
6 0
7 0
Output
0 C0 = 0
1 C0 = 0
2 C0 = 0
3 C0 = 0
4 C0 = 0
5 C0 = 0
6 C0 = 0
7 AND03 = AND(0,0) = 0

I will now return the answer in \boxed{}
The answer in \boxed{–} is \boxed{00000000}
[correct]
true
