[category]
bit_manipulation
[prompt]
In Alice's Wonderland, a secret bit manipulation rule transforms 8-bit binary numbers. The transformation involves operations like bit shifts, rotations, XOR, AND, OR, NOT, and possibly majority or choice functions.

Here are some examples of input -> output:
11000000 -> 00001100
00000101 -> 00000000
01110111 -> 00000111
00100010 -> 00000010
10011001 -> 10001001
00010111 -> 00000001
11011001 -> 10001101
10111110 -> 00001011
10101100 -> 00001010
00001001 -> 10000000

Now, determine the output for: 01001001
[completion]
We need to deduce the transformation by matching the example outputs.
I will put my final answer inside \boxed{}.

Output 0: 00001100
0 0
1 0
2 0
3 0
4 1
5 1
6 0
7 0

Output 1: 00000000
0 0
1 0
2 0
3 0
4 0
5 0
6 0
7 0

Output 2: 00000111
0 0
1 0
2 0
3 0
4 0
5 1
6 1
7 1

Output 3: 00000010
0 0
1 0
2 0
3 0
4 0
5 0
6 1
7 0

Output 4: 10001001
0 1
1 0
2 0
3 0
4 1
5 0
6 0
7 1

Output 5: 00000001
0 0
1 0
2 0
3 0
4 0
5 0
6 0
7 1

Output 6: 10001101
0 1
1 0
2 0
3 0
4 1
5 1
6 0
7 1

Output 7: 00001011
0 0
1 0
2 0
3 0
4 1
5 0
6 1
7 1

Output 8: 00001010
0 0
1 0
2 0
3 0
4 1
5 0
6 1
7 0

Output 9: 10000000
0 1
1 0
2 0
3 0
4 0
5 0
6 0
7 0

Output bit columns (with bitsum as hash)
0 0000101001 3
1 0000000000 a
2 0000000000 a
3 0000000000 a
4 1000101110 5
5 1010001000 3
6 0011000110 4
7 0010111100 5

Input 0: 11000000
0 1
1 1
2 0
3 0
4 0
5 0
6 0
7 0

Input 1: 00000101
0 0
1 0
2 0
3 0
4 0
5 1
6 0
7 1

Input 2: 01110111
0 0
1 1
2 1
3 1
4 0
5 1
6 1
7 1

Input 3: 00100010
0 0
1 0
2 1
3 0
4 0
5 0
6 1
7 0

Input 4: 10011001
0 1
1 0
2 0
3 1
4 1
5 0
6 0
7 1

Input 5: 00010111
0 0
1 0
2 0
3 1
4 0
5 1
6 1
7 1

Input 6: 11011001
0 1
1 1
2 0
3 1
4 1
5 0
6 0
7 1

Input 7: 10111110
0 1
1 0
2 1
3 1
4 1
5 1
6 1
7 0

Input 8: 10101100
0 1
1 0
2 1
3 0
4 1
5 1
6 0
7 0

Input 9: 00001001
0 0
1 0
2 0
3 0
4 1
5 0
6 0
7 1

When matching output
x: not in operator
y: wrong position

Identity
0 1000101110 5 match 4
1 1010001000 3 match 5
2 0011000110 4 match 6
3 0010111100 5 match 7
4 0000101111 5
5 0110010110 5
6 0011010100 4
7 0110111001 6

Matching output
0 absent
1 absent
2 absent
3 absent
4 0
5 1
6 2
7 3

Left
none
Best: none

Right
3 2 1 0 7x
Best: I3 2 1 0: 4

NOT
0 0111010001 5
1 0101110111 7
2 1100111001 6
3 1101000011 5
4 1111010000 5
5 1001101001 5
6 1100101011 6
7 1001000110 4

Matching output
0 absent
1 absent
2 absent
3 absent
4 absent
5 absent
6 absent
7 absent

Left
none
Best: none

Right
none
Best: none

Constant
0 0000000000 a match 1 2 3
1 1111111111 a

Matching output
0 absent
1 C0
2 C0
3 C0
4 absent
5 absent
6 absent
7 absent

Left
none
Best: none

Right
none
Best: none

AND
01 10 1000001000 2
12 21 0010000000 1
23 32 0010000100 2
34 43 0000101100 3
45 54 0000000110 2
56 65 0010010100 3
67 76 0010010000 2
70 07 0000101000 2

02 20 0000000110 2
13 31 0010001000 2
24 42 0000000110 2
35 53 0010010100 3
46 64 0000000100 1
57 75 0110010000 3
60 06 0000000100 1
71 17 0010001000 2

03 30 0000101100 3
14 41 0000001000 1
25 52 0010000110 3
36 63 0010010100 3
47 74 0000101001 3 match 0
50 05 0000000110 2
61 16 0010000000 1
72 27 0010000000 1

04 40 0000101110 4
15 51 0010000000 1
26 62 0011000100 3
37 73 0010111000 4

Matching output
0 47 74
1 absent
2 absent
3 absent
4 absent
5 absent
6 absent
7 absent

Left
47 50x
74 05x
Best: AND47: 1

Right
none
Best: none

OR
01 10 1010101110 6
12 21 1011001110 6
23 32 0011111110 7
34 43 0010111111 7
45 54 0110111111 8
56 65 0111010110 6
67 76 0111111101 8
70 07 1110111111 9

02 20 1011101110 7
13 31 1010111100 6
24 42 0011101111 7
35 53 0110111110 7
46 64 0011111111 8
57 75 0110111111 8
60 06 1011111110 8
71 17 1110111001 7

03 30 1010111110 7
14 41 1010101111 7
25 52 0111010110 6
36 63 0011111100 6
47 74 0110111111 8
50 05 1110111110 8
61 16 1011011100 6
72 27 0111111111 9

04 40 1000101111 6
15 51 1110011110 7
26 62 0011010110 5
37 73 0110111101 7

Matching output
0 absent
1 absent
2 absent
3 absent
4 absent
5 absent
6 absent
7 absent

Left
none
Best: none

Right
none
Best: none

XOR
01 10 0010100110 4
12 21 1001001110 5
23 32 0001111010 5
34 43 0010010011 4
45 54 0110111001 6
56 65 0101000010 3
67 76 0101101101 6
70 07 1110010111 7

02 20 1011101000 5
13 31 1000110100 4
24 42 0011101001 5
35 53 0100101010 4
46 64 0011111011 7
57 75 0000101111 5
60 06 1011111010 7
71 17 1100110001 5

03 30 1010010010 4
14 41 1010100111 6
25 52 0101010000 3
36 63 0001101000 3
47 74 0110010110 5
50 05 1110111000 6
61 16 1001011100 5
72 27 0101111111 8

04 40 1000000001 2
15 51 1100011110 6
26 62 0000010010 2
37 73 0100000101 3

Matching output
0 absent
1 absent
2 absent
3 absent
4 absent
5 absent
6 absent
7 absent

Left
none
Best: none

Right
none
Best: none

AND-NOT
01 0000100110 3
12 1000001000 2
23 0001000010 2
34 0010010000 2
45 0000101001 3 match 0
56 0100000010 2
67 0001000100 2
70 0110010001 4

02 1000101000 3
13 1000000000 1
24 0011000000 2
35 0000101000 2
46 0000101011 4
57 0000000110 2
60 0011010000 3
71 0100110001 4

03 1000000010 2
14 1010000000 2
25 0001000000 1
36 0000101000 2
47 0000000110 2
50 0110010000 3
61 0001010100 3
72 0100111001 5

04 1000000000 1
15 1000001000 2
26 0000000010 1
37 0000000100 1
40 0000000001 1
51 0100010110 4
62 0000010000 1
73 0100000001 2

05 1000101000 3
16 1000001000 2
27 0001000110 3
30 0010010000 2
41 0000100111 4
52 0100010000 2
63 0001000000 1
74 0110010000 3

06 1000101010 4
17 1000000000 1
20 0011000000 2
31 0000110100 3
42 0000101001 3 match 0
53 0100000010 2
64 0011010000 3
75 0000101001 3 match 0

07 1000000110 3
10 0010000000 1
21 0001000110 3
32 0000111000 3
43 0000000011 2
54 0110010000 3
65 0001000000 1
76 0100101001 4

Matching output
0 45 42 75
1 absent
2 absent
3 absent
4 absent
5 absent
6 absent
7 absent

Left
45 56x
42 53x
75 06x
Best: AND-NOT45: 1

Right
none
Best: none

OR-NOT
01 1101111111 9
12 1110111001 7
23 1111000111 7
34 1111111100 8
45 1001101111 7
56 1110111111 9
67 1011010110 6
70 0111111001 7

02 1100111111 8
13 1111001011 7
24 1111010110 7
35 1011111101 8
46 1100101111 7
57 1111010110 7
60 0111010101 6
71 0111111111 9

03 1101101111 8
14 1111011000 6
25 1011101111 8
36 1110111111 9
47 1001101111 7
50 0111010111 7
61 0111110111 8
72 1110111001 7

04 1111111110 9
15 1011101001 6
26 1111101111 9
37 1011111110 8
40 0111111111 9
51 0111110111 8
62 1111111101 9
73 1111111011 9

05 1001101111 7
16 1110101011 7
27 1011000110 5
30 0111111101 8
41 0101111111 8
52 1110111111 9
63 1111010111 8
74 1111111001 8

06 1100101111 7
17 1011001110 6
20 0111010111 7
31 0111111111 9
42 1100111111 8
53 1111010111 8
64 1111010100 6
75 1111111001 8

07 1001101110 6
10 1111011001 7
21 0111110111 8
32 1110111101 8
43 1101101111 8
54 1111010110 7
65 1011111101 8
76 1110111011 8

Matching output
0 absent
1 absent
2 absent
3 absent
4 absent
5 absent
6 absent
7 absent

Left
none
Best: none

Right
none
Best: none

XOR-NOT
01 1101011001 6
12 0110110001 5
23 1110000101 5
34 1101101100 6
45 1001000110 4
56 1010111101 7
67 1010010010 4
70 0001101000 3

02 0100010111 5
13 0111001011 6
24 1100010110 5
35 1011010101 6
46 1100000100 3
57 1111010000 5
60 0100000101 3
71 0011001110 5

03 0101101101 6
14 0101011000 4
25 1010101111 7
36 1110010111 7
47 1001101001 5
50 0001000111 4
61 0110100011 5
72 1010000000 2

04 0111111110 8
15 0011100001 4
26 1111101101 8
37 1011111010 7
40 0111111110 8
51 0011100001 4
62 1111101101 8
73 1011111010 7

05 0001000111 4
16 0110100011 5
27 1010000000 2
30 0101101101 6
41 0101011000 4
52 1010101111 7
63 1110010111 7
74 1001101001 5

06 0100000101 3
17 0011001110 5
20 0100010111 5
31 0111001011 6
42 1100010110 5
53 1011010101 6
64 1100000100 3
75 1111010000 5

07 0001101000 3
10 1101011001 6
21 0110110001 5
32 1110000101 5
43 1101101100 6
54 1001000110 4
65 1010111101 7
76 1010010010 4

Matching output
0 absent
1 absent
2 absent
3 absent
4 absent
5 absent
6 absent
7 absent

Left
none
Best: none

Right
none
Best: none

Selecting

Lefts
Identity none
NOT none
Constant none
AND AND47: 1
OR none
XOR none
AND-NOT AND-NOT45: 1
OR-NOT none
XOR-NOT none

Rights
Identity I3 2 1 0: 4
NOT none
Constant none
AND none
OR none
XOR none
AND-NOT none
OR-NOT none
XOR-NOT none

Left longest: 1
Right longest: 4

Right winner: Identity yes, NOT no, Constant no, AND no, OR no, XOR no, AND-NOT no, OR-NOT no, XOR-NOT no
Left winner: Identity no, NOT no, Constant no, AND yes, OR no, XOR no, AND-NOT no, OR-NOT no, XOR-NOT no

Best right: I3 2 1 0: 4
Best left: AND47: 1

Truncated right: I3 2 1 0: 4
Truncated left: AND47: 1

Tentative from right
7 I3
6 I2
5 I1
4 I0
3 pending
2 pending
1 pending
0 pending

Tentative
0 AND47
1 pending
2 pending
3 pending
4 I0
5 I1
6 I2
7 I3

Preferred from right
7 I3
6 I2
5 I1
4 I0
3 ??7
2 ??6
1 ??5
0 AND47

Preferred from left
0 AND47
1 ??5
2 ??6
3 ??7
4 I0
5 I1
6 I2
7 I3

Preferred
0 AND47
1 ??5
2 ??6
3 ??7
4 I0
5 I1
6 I2
7 I3

Matching
0 AND47
1 ??5 - Identity absent, NOT absent, Constant C0, AND absent, OR absent, XOR absent, AND-NOT absent, OR-NOT absent, XOR-NOT absent
2 ??6 - Identity absent, NOT absent, Constant C0, AND absent, OR absent, XOR absent, AND-NOT absent, OR-NOT absent, XOR-NOT absent
3 ??7 - Identity absent, NOT absent, Constant C0, AND absent, OR absent, XOR absent, AND-NOT absent, OR-NOT absent, XOR-NOT absent
4 I0
5 I1
6 I2
7 I3

Perfect match
Identity no
NOT no
Constant yes
AND no
OR no
XOR no
AND-NOT no
OR-NOT no
XOR-NOT no

Matched
0 AND47
1 C0
2 C0
3 C0
4 I0
5 I1
6 I2
7 I3

Selected
0 AND47
1 C0
2 C0
3 C0
4 I0
5 I1
6 I2
7 I3

Applying to 01001001
Input
0 0
1 1
2 0
3 0
4 1
5 0
6 0
7 1
Output
0 AND47 = AND(1,1) = 1
1 C0 = 0
2 C0 = 0
3 C0 = 0
4 I0 = 0
5 I1 = 1
6 I2 = 0
7 I3 = 0

I will now return the answer in \boxed{}
The answer in \boxed{–} is \boxed{10000100}
[correct]
true
