[category]
bit_manipulation
[prompt]
In Alice's Wonderland, a secret bit manipulation rule transforms 8-bit binary numbers. The transformation involves operations like bit shifts, rotations, XOR, AND, OR, NOT, and possibly majority or choice functions.

Here are some examples of input -> output:
00110011 -> 11000000
01000010 -> 00000000
11000110 -> 00001000
01001100 -> 00000000
00010111 -> 01000000
01111001 -> 01000101
11001001 -> 00000100
10110100 -> 00000010
11000001 -> 00000100

Now, determine the output for: 10001011
[completion]
We need to deduce the transformation by matching the example outputs.
I will put my final answer inside \boxed{}.

Output 0: 11000000
0 1
1 1
2 0
3 0
4 0
5 0
6 0
7 0

Output 1: 00000000
0 0
1 0
2 0
3 0
4 0
5 0
6 0
7 0

Output 2: 00001000
0 0
1 0
2 0
3 0
4 1
5 0
6 0
7 0

Output 3: 00000000
0 0
1 0
2 0
3 0
4 0
5 0
6 0
7 0

Output 4: 01000000
0 0
1 1
2 0
3 0
4 0
5 0
6 0
7 0

Output 5: 01000101
0 0
1 1
2 0
3 0
4 0
5 1
6 0
7 1

Output 6: 00000100
0 0
1 0
2 0
3 0
4 0
5 1
6 0
7 0

Output 7: 00000010
0 0
1 0
2 0
3 0
4 0
5 0
6 1
7 0

Output 8: 00000100
0 0
1 0
2 0
3 0
4 0
5 1
6 0
7 0

Output bit columns (with bitsum as hash)
0 100000000 1
1 100011000 3
2 000000000 a
3 000000000 a
4 001000000 1
5 000001101 3
6 000000010 1
7 000001000 1

Input 0: 00110011
0 0
1 0
2 1
3 1
4 0
5 0
6 1
7 1

Input 1: 01000010
0 0
1 1
2 0
3 0
4 0
5 0
6 1
7 0

Input 2: 11000110
0 1
1 1
2 0
3 0
4 0
5 1
6 1
7 0

Input 3: 01001100
0 0
1 1
2 0
3 0
4 1
5 1
6 0
7 0

Input 4: 00010111
0 0
1 0
2 0
3 1
4 0
5 1
6 1
7 1

Input 5: 01111001
0 0
1 1
2 1
3 1
4 1
5 0
6 0
7 1

Input 6: 11001001
0 1
1 1
2 0
3 0
4 1
5 0
6 0
7 1

Input 7: 10110100
0 1
1 0
2 1
3 1
4 0
5 1
6 0
7 0

Input 8: 11000001
0 1
1 1
2 0
3 0
4 0
5 0
6 0
7 1

When matching output
x: not in operator
y: wrong position

Identity
0 001000111 4
1 011101101 6
2 100001010 3
3 100011010 4
4 000101100 3
5 001110010 4
6 111010000 4
7 100011101 5

Matching output
0 absent
1 absent
2 absent
3 absent
4 absent
5 absent
6 absent
7 absent

Left
none
Best: none

Right
none
Best: none

NOT
0 110111000 5
1 100010010 3
2 011110101 6
3 011100101 5
4 111010011 6
5 110001101 5
6 000101111 5
7 011100010 4

Matching output
0 absent
1 absent
2 absent
3 absent
4 absent
5 absent
6 absent
7 absent

Left
none
Best: none

Right
none
Best: none

Constant
0 000000000 a match 2 3
1 111111111 a

Matching output
0 absent
1 absent
2 C0
3 C0
4 absent
5 absent
6 absent
7 absent

Left
none
Best: none

Right
none
Best: none

AND
01 10 001000101 3
12 21 000001000 1 match 7
23 32 100001010 3
34 43 000001000 1 match 7
45 54 000100000 1
56 65 001010000 2
67 76 100010000 2
70 07 000000101 2

02 20 000000010 1 match 6
13 31 000001000 1 match 7
24 42 000001000 1 match 7
35 53 000010010 2
46 64 000000000 a match 2 3
57 75 000010000 1
60 06 001000000 1 match 4
71 17 000001101 3 match 5

03 30 000000010 1 match 6
14 41 000101100 3
25 52 000000010 1 match 6
36 63 100010000 2
47 74 000001100 2
50 05 001000010 2
61 16 011000000 2
72 27 100001000 2

04 40 000000100 1
15 51 001100000 2
26 62 100000000 1 match 0
37 73 100011000 3 match 1

Matching output
0 26 62
1 37 73
2 46 64
3 46 64
4 60 06
5 71 17
6 02 20 03 30 25 52
7 12 21 34 43 13 31 24 42

Left
26 37 40x
62 73 04x
Best: AND26 37: 2

Right
12 01x
21 10x
34 23x
43 32x
13 02 71 60 57x
31 20 17 06 75x
24 13y
42 31y
Best: AND13 02 71 60: 4

OR
01 10 011101111 7
12 21 111101111 8
23 32 100011010 4
34 43 100111110 6
45 54 001111110 6
56 65 111110010 6
67 76 111011101 7
70 07 101011111 7

02 20 101001111 6
13 31 111111111 a
24 42 100101110 5
35 53 101111010 6
46 64 111111100 7
57 75 101111111 8
60 06 111010111 7
71 17 111111101 8

03 30 101011111 7
14 41 011101101 6
25 52 101111010 6
36 63 111011010 6
47 74 100111101 6
50 05 001110111 6
61 16 111111101 8
72 27 100011111 6

04 40 001101111 6
15 51 011111111 8
26 62 111011010 6
37 73 100011111 6

Matching output
0 absent
1 absent
2 absent
3 absent
4 absent
5 absent
6 absent
7 absent

Left
none
Best: none

Right
none
Best: none

XOR
01 10 010101010 4
12 21 111100111 7
23 32 000010000 1
34 43 100110110 5
45 54 001011110 5
56 65 110100010 4
67 76 011001101 5
70 07 101011010 5

02 20 101001101 5
13 31 111110111 8
24 42 100100110 4
35 53 101101000 4
46 64 111111100 7
57 75 101101111 7
60 06 110010111 6
71 17 111110000 5

03 30 101011101 6
14 41 011000001 3
25 52 101111000 5
36 63 011001010 4
47 74 100110001 4
50 05 000110101 4
61 16 100111101 6
72 27 000010111 4

04 40 001101011 5
15 51 010011111 6
26 62 011011010 5
37 73 000000111 3

Matching output
0 absent
1 absent
2 absent
3 absent
4 absent
5 absent
6 absent
7 absent

Left
none
Best: none

Right
none
Best: none

AND-NOT
01 000000010 1 match 6
12 011100101 5
23 000000000 a match 2 3
34 100010010 3
45 000001100 2
56 000100010 2
67 011000000 2
70 100011000 3 match 1

02 001000101 3
13 011100101 5
24 100000010 2
35 100001000 2
46 000101100 3
57 001100010 3
60 110010000 3
71 100010000 2

03 001000101 3
14 011000001 3
25 100001000 2
36 000001010 2
47 000100000 1
50 000110000 2
61 100010000 2
72 000010101 3

04 001000011 3
15 010001101 4
26 000001010 2
37 000000010 1 match 6
40 000101000 2
51 000010010 2
62 011010000 3
73 000000101 2

05 000000101 2
16 000101101 4
27 000000010 1 match 6
30 100011000 3 match 1
41 000000000 a match 2 3
52 001110000 3
63 011000000 2
74 100010001 3

06 000000111 3
17 011100000 3
20 100001000 2
31 100010010 3
42 000100100 2
53 001100000 2
64 111010000 4
75 100001101 4

07 001000010 2
10 010101000 3
21 100000010 2
32 000010000 1
43 000100100 2
54 001010010 3
65 110000000 2
76 000001101 3 match 5

Matching output
0 absent
1 70 30
2 23 41
3 23 41
4 absent
5 76
6 01 37 27
7 absent

Left
none
Best: none

Right
none
Best: none

OR-NOT
01 101010111 6
12 011111101 7
23 111101111 8
34 111011011 7
45 110101101 6
56 001111111 7
67 111110010 6
70 110111101 7

02 011110111 7
13 011101101 6
24 111011011 7
35 110011111 7
46 000101111 5
57 011110010 5
60 111111000 6
71 100011111 6

03 011100111 6
14 111111111 a
25 110001111 6
36 100111111 7
47 011101110 6
50 111111010 7
61 111010010 5
72 111111101 8

04 111010111 7
15 111101101 7
26 100101111 6
37 111111010 7
40 110111100 6
51 101110010 5
62 111110101 7
73 111111101 8

05 111001111 7
16 011101111 7
27 111101010 6
30 110111010 6
41 100111110 6
52 011110111 7
63 111110101 7
74 111011111 8

06 001101111 6
17 011101111 7
20 110111010 6
31 100011010 4
42 011111101 7
53 011110111 7
64 111010011 6
75 110011101 6

07 011100111 6
10 111111101 8
21 100011010 4
32 111111111 a
43 011101101 6
54 111110011 7
65 111011101 7
76 100111111 7

Matching output
0 absent
1 absent
2 absent
3 absent
4 absent
5 absent
6 absent
7 absent

Left
none
Best: none

Right
none
Best: none

XOR-NOT
01 101010101 5
12 000011000 2
23 111101111 8
34 011001001 4
45 110100001 4
56 001011101 5
67 100110010 4
70 010100101 4

02 010110010 4
13 000001000 1 match 7
24 011011001 5
35 010010111 5
46 000000011 2
57 010010000 2
60 001101000 3
71 000001111 4

03 010100010 3
14 100111110 6
25 010000111 4
36 100110101 5
47 011001110 5
50 111001010 5
61 011000010 3
72 111101000 5

04 110010100 4
15 101100000 3
26 100100101 4
37 111111000 6
40 110010100 4
51 101100000 3
62 100100101 4
73 111111000 6

05 111001010 5
16 011000010 3
27 111101000 5
30 010100010 3
41 100111110 6
52 010000111 4
63 100110101 5
74 011001110 5

06 001101000 3
17 000001111 4
20 010110010 4
31 000001000 1 match 7
42 011011001 5
53 010010111 5
64 000000011 2
75 010010000 2

07 010100101 4
10 101010101 5
21 000011000 2
32 111101111 8
43 011001001 4
54 110100001 4
65 001011101 5
76 100110010 4

Matching output
0 absent
1 absent
2 absent
3 absent
4 absent
5 absent
6 absent
7 13 31

Left
none
Best: none

Right
13 02x
31 20x
Best: XOR-NOT13: 1

Selecting

Lefts
Identity none
NOT none
Constant none
AND AND26 37: 2
OR none
XOR none
AND-NOT none
OR-NOT none
XOR-NOT none

Rights
Identity none
NOT none
Constant none
AND AND13 02 71 60: 4
OR none
XOR none
AND-NOT none
OR-NOT none
XOR-NOT XOR-NOT13: 1

Left longest: 2
Right longest: 4

Right winner: Identity no, NOT no, Constant no, AND yes, OR no, XOR no, AND-NOT no, OR-NOT no, XOR-NOT no
Left winner: Identity no, NOT no, Constant no, AND yes, OR no, XOR no, AND-NOT no, OR-NOT no, XOR-NOT no

Best right: AND13 02 71 60: 4
Best left: AND26 37: 2

Truncated right: AND13 02 71 60: 4
Truncated left: AND26 37: 2

Tentative from right
7 AND13
6 AND02
5 AND71
4 AND60
3 pending
2 pending
1 pending
0 pending

Tentative
0 AND26
1 AND37
2 pending
3 pending
4 AND60
5 AND71
6 AND02
7 AND13

Preferred from right
7 AND13
6 AND02
5 AND71
4 AND60
3 ?57
2 ?46
1 AND37
0 AND26

Preferred from left
0 AND26
1 AND37
2 ?46
3 ?57
4 AND60
5 AND71
6 AND02
7 AND13

Preferred
0 AND26
1 AND37
2 ?46 ?64
3 ?57 ?75
4 AND60
5 AND71
6 AND02
7 AND13

Matching
0 AND26
1 AND37
2 ?46 ?64 - Identity absent, NOT absent, Constant C0, AND46, OR absent, XOR absent, AND-NOT absent, OR-NOT absent, XOR-NOT absent
3 ?57 ?75 - Identity absent, NOT absent, Constant C0, AND absent, OR absent, XOR absent, AND-NOT absent, OR-NOT absent, XOR-NOT absent
4 AND60
5 AND71
6 AND02
7 AND13

Perfect match
Identity no
NOT no
Constant yes
AND no
OR no
XOR no
AND-NOT no
OR-NOT no
XOR-NOT no

Matched
0 AND26
1 AND37
2 C0
3 C0
4 AND60
5 AND71
6 AND02
7 AND13

Selected
0 AND26
1 AND37
2 C0
3 C0
4 AND60
5 AND71
6 AND02
7 AND13

Applying to 10001011
Input
0 1
1 0
2 0
3 0
4 1
5 0
6 1
7 1
Output
0 AND26 = AND(0,1) = 0
1 AND37 = AND(0,1) = 0
2 C0 = 0
3 C0 = 0
4 AND60 = AND(1,1) = 1
5 AND71 = AND(1,0) = 0
6 AND02 = AND(1,0) = 0
7 AND13 = AND(0,0) = 0

I will now return the answer in \boxed{}
The answer in \boxed{–} is \boxed{00001000}
[correct]
true
