[category]
bit_manipulation
[prompt]
In Alice's Wonderland, a secret bit manipulation rule transforms 8-bit binary numbers. The transformation involves operations like bit shifts, rotations, XOR, AND, OR, NOT, and possibly majority or choice functions.

Here are some examples of input -> output:
10100000 -> 11010111
10010000 -> 01011111
10000100 -> 11111110
00101001 -> 11111101
00111010 -> 10100001
00001101 -> 11010100
00000000 -> 11111111
11000010 -> 01011111
11110101 -> 00101111
11000001 -> 10000111

Now, determine the output for: 10110011
[completion]
We need to deduce the transformation by matching the example outputs.
I will put my final answer inside \boxed{}.

Output 0: 11010111
0 1
1 1
2 0
3 1
4 0
5 1
6 1
7 1

Output 1: 01011111
0 0
1 1
2 0
3 1
4 1
5 1
6 1
7 1

Output 2: 11111110
0 1
1 1
2 1
3 1
4 1
5 1
6 1
7 0

Output 3: 11111101
0 1
1 1
2 1
3 1
4 1
5 1
6 0
7 1

Output 4: 10100001
0 1
1 0
2 1
3 0
4 0
5 0
6 0
7 1

Output 5: 11010100
0 1
1 1
2 0
3 1
4 0
5 1
6 0
7 0

Output 6: 11111111
0 1
1 1
2 1
3 1
4 1
5 1
6 1
7 1

Output 7: 01011111
0 0
1 1
2 0
3 1
4 1
5 1
6 1
7 1

Output 8: 00101111
0 0
1 0
2 1
3 0
4 1
5 1
6 1
7 1

Output 9: 10000111
0 1
1 0
2 0
3 0
4 0
5 1
6 1
7 1

Output bit columns (with bitsum as hash)
0 1011111001 7
1 1111011100 7
2 0011101010 5
3 1111011100 7
4 0111001110 6
5 1111011111 9
6 1110001111 7
7 1101101111 8

Input 0: 10100000
0 1
1 0
2 1
3 0
4 0
5 0
6 0
7 0

Input 1: 10010000
0 1
1 0
2 0
3 1
4 0
5 0
6 0
7 0

Input 2: 10000100
0 1
1 0
2 0
3 0
4 0
5 1
6 0
7 0

Input 3: 00101001
0 0
1 0
2 1
3 0
4 1
5 0
6 0
7 1

Input 4: 00111010
0 0
1 0
2 1
3 1
4 1
5 0
6 1
7 0

Input 5: 00001101
0 0
1 0
2 0
3 0
4 1
5 1
6 0
7 1

Input 6: 00000000
0 0
1 0
2 0
3 0
4 0
5 0
6 0
7 0

Input 7: 11000010
0 1
1 1
2 0
3 0
4 0
5 0
6 1
7 0

Input 8: 11110101
0 1
1 1
2 1
3 1
4 0
5 1
6 0
7 1

Input 9: 11000001
0 1
1 1
2 0
3 0
4 0
5 0
6 0
7 1

When matching output
x: not in operator
y: wrong position

Identity
0 1110000111 6
1 0000000111 3
2 1001100010 4
3 0100100010 3
4 0001110000 3
5 0010010010 3
6 0000100100 2
7 0001010011 4

Matching output
0 absent
1 absent
2 absent
3 absent
4 absent
5 absent
6 absent
7 absent

Left
none
Best: none

Right
none
Best: none

NOT
0 0001111000 4
1 1111111000 7
2 0110011101 6
3 1011011101 7
4 1110001111 7 match 6
5 1101101101 7
6 1111011011 8
7 1110101100 6

Matching output
0 absent
1 absent
2 absent
3 absent
4 absent
5 absent
6 4
7 absent

Left
none
Best: none

Right
none
Best: none

Constant
0 0000000000 a
1 1111111111 a

Matching output
0 absent
1 absent
2 absent
3 absent
4 absent
5 absent
6 absent
7 absent

Left
none
Best: none

Right
none
Best: none

AND
01 10 0000000111 3
12 21 0000000010 1
23 32 0000100010 2
34 43 0000100000 1
45 54 0000010000 1
56 65 0000000000 a
67 76 0000000000 a
70 07 0000000011 2

02 20 1000000010 2
13 31 0000000010 1
24 42 0001100000 2
35 53 0000000010 1
46 64 0000100000 1
57 75 0000010010 2
60 06 0000000100 1
71 17 0000000011 2

03 30 0100000010 2
14 41 0000000000 a
25 52 0000000010 1
36 63 0000100000 1
47 74 0001010000 2
50 05 0010000010 2
61 16 0000000100 1
72 27 0001000010 2

04 40 0000000000 a
15 51 0000000010 1
26 62 0000100000 1
37 73 0000000010 1

Matching output
0 absent
1 absent
2 absent
3 absent
4 absent
5 absent
6 absent
7 absent

Left
none
Best: none

Right
none
Best: none

OR
01 10 1110000111 6
12 21 1001100111 6
23 32 1101100010 5
34 43 0101110010 5
45 54 0011110010 5
56 65 0010110110 5
67 76 0001110111 6
70 07 1111010111 8

02 20 1111100111 8
13 31 0100100111 5
24 42 1001110010 5
35 53 0110110010 5
46 64 0001110100 4
57 75 0011010011 5
60 06 1110100111 7
71 17 0001010111 5

03 30 1110100111 7
14 41 0001110111 6
25 52 1011110010 6
36 63 0100100110 4
47 74 0001110011 5
50 05 1110010111 7
61 16 0000100111 4
72 27 1001110011 6

04 40 1111110111 9
15 51 0010010111 5
26 62 1001100110 5
37 73 0101110011 6

Matching output
0 absent
1 absent
2 absent
3 absent
4 absent
5 absent
6 absent
7 absent

Left
none
Best: none

Right
none
Best: none

XOR
01 10 1110000000 3
12 21 1001100101 5
23 32 1101000000 3
34 43 0101010010 4
45 54 0011100010 4
56 65 0010110110 5
67 76 0001110111 6
70 07 1111010100 6

02 20 0111100101 6
13 31 0100100101 4
24 42 1000010010 3
35 53 0110110000 4
46 64 0001010100 3
57 75 0011000001 3
60 06 1110100011 6
71 17 0001010100 3

03 30 1010100101 5
14 41 0001110111 6
25 52 1011110000 5
36 63 0100000110 3
47 74 0000100011 3
50 05 1100010101 5
61 16 0000100011 3
72 27 1000110001 4

04 40 1111110111 9
15 51 0010010101 4
26 62 1001000110 4
37 73 0101110001 5

Matching output
0 absent
1 absent
2 absent
3 absent
4 absent
5 absent
6 absent
7 absent

Left
none
Best: none

Right
none
Best: none

AND-NOT
01 1110000000 3
12 0000000101 2
23 1001000000 2
34 0100000010 2
45 0001100000 2
56 0010010010 3
67 0000100100 2
70 0001010000 2

02 0110000101 4
13 0000000101 2
24 1000000010 2
35 0100100000 2
46 0001010000 2
57 0010000000 1
60 0000100000 1
71 0001010000 2

03 1010000101 4
14 0000000111 3
25 1001100000 3
36 0100000010 2
47 0000100000 1
50 0000010000 1
61 0000100000 1
72 0000010001 2

04 1110000111 6
15 0000000101 2
26 1001000010 3
37 0100100000 2
40 0001110000 3
51 0010010000 2
62 0000000100 1
73 0001010001 3

05 1100000101 4
16 0000000011 2
27 1000100000 2
30 0000100000 1
41 0001110000 3
52 0010010000 2
63 0000000100 1
74 0000000011 2

06 1110000011 5
17 0000000100 1
20 0001100000 2
31 0100100000 2
42 0000010000 1
53 0010010000 2
64 0000000100 1
75 0001000001 2

07 1110000100 4
10 0000000000 a
21 1001100000 3
32 0100000000 1
43 0001010000 2
54 0010000010 2
65 0000100100 2
76 0001010011 4

Matching output
0 absent
1 absent
2 absent
3 absent
4 absent
5 absent
6 absent
7 absent

Left
none
Best: none

Right
none
Best: none

OR-NOT
01 1111111111 a
12 0110011111 7
23 1011111111 9
34 1110101111 8
45 1101111101 8
56 1111011011 8
67 1110101100 6
70 0001111011 6

02 1110011111 8
13 1011011111 8
24 1111101111 9
35 1101101111 8 match 7
46 1111111011 9
57 1110111110 8
60 0001111100 5
71 1111111011 9

03 1111011111 9 match 5
14 1110001111 7 match 6
25 1101101111 8 match 7
36 1111111011 9
47 1111111100 8
50 0011111010 6
61 1111111100 8
72 0111011111 8

04 1110001111 7 match 6
15 1101101111 8 match 7
26 1111111011 9
37 1110101110 7
40 0001111000 4
51 1111111010 8
62 0110111101 7
73 1011011111 8

05 1111101111 9
16 1111011111 9 match 5
27 1111101110 8
30 0101111010 6
41 1111111000 7
52 0110011111 7
63 1011111101 8
74 1111011111 9 match 5

06 1111011111 9 match 5
17 1110101111 8
20 1001111010 6
31 1111111010 8
42 0111111101 8
53 1011011111 8
64 1110101111 8
75 1101111111 9

07 1110101111 8
10 0001111111 7
21 1111111010 8
32 0110111111 8
43 1011111101 8
54 1110011111 8
65 1101101101 7
76 1111011011 8

Matching output
0 absent
1 absent
2 absent
3 absent
4 absent
5 03 16 74 06
6 14 04
7 35 25 15

Left
none
Best: none

Right
35 24x
25 14 03 72x
15 04 73x
Best: OR-NOT25 14 03: 3

XOR-NOT
01 0001111111 7
12 0110011010 5
23 0010111111 7
34 1010101101 6
45 1100011101 6
56 1101001001 5
67 1110001000 4
70 0000101011 4

02 1000011010 4
13 1011011010 6
24 0111101101 7
35 1001001111 6
46 1110101011 7
57 1100111110 7
60 0001011100 4
71 1110101011 7

03 0101011010 5
14 1110001000 4
25 0100001111 5
36 1011111001 7 match 0
47 1111011100 7 match 1 3
50 0011101010 5 match 2
61 1111011100 7 match 1 3
72 0111001110 6 match 4

04 0000001000 1
15 1101101010 6
26 0110111001 6
37 1010001110 5
40 0000001000 1
51 1101101010 6
62 0110111001 6
73 1010001110 5

05 0011101010 5 match 2
16 1111011100 7 match 1 3
27 0111001110 6 match 4
30 0101011010 5
41 1110001000 4
52 0100001111 5
63 1011111001 7 match 0
74 1111011100 7 match 1 3

06 0001011100 4
17 1110101011 7
20 1000011010 4
31 1011011010 6
42 0111101101 7
53 1001001111 6
64 1110101011 7
75 1100111110 7

07 0000101011 4
10 0001111111 7
21 0110011010 5
32 0010111111 7
43 1010101101 6
54 1100011101 6
65 1101001001 5
76 1110001000 4

Matching output
0 36 63
1 47 61 16 74
2 50 05
3 47 61 16 74
4 72 27
5 absent
6 absent
7 absent

Left
36 47 50 61 72 03x
63 74 05 16 27 30x
Best: XOR-NOT36 47 50 61 72: 5

Right
none
Best: none

Selecting

Lefts
Identity none
NOT none
Constant none
AND none
OR none
XOR none
AND-NOT none
OR-NOT none
XOR-NOT XOR-NOT36 47 50 61 72: 5

Rights
Identity none
NOT none
Constant none
AND none
OR none
XOR none
AND-NOT none
OR-NOT OR-NOT25 14 03: 3
XOR-NOT none

Left longest: 5
Right longest: 3

Left winner: Identity no, NOT no, Constant no, AND no, OR no, XOR no, AND-NOT no, OR-NOT no, XOR-NOT yes
Right winner: Identity no, NOT no, Constant no, AND no, OR no, XOR no, AND-NOT no, OR-NOT yes, XOR-NOT no

Best left: XOR-NOT36 47 50 61 72: 5
Best right: OR-NOT25 14 03: 3

Truncated left: XOR-NOT36 47 50 61 72: 5
Truncated right: OR-NOT25 14 03: 3

Tentative from right
7 OR-NOT25
6 OR-NOT14
5 OR-NOT03
4 pending
3 pending
2 pending
1 pending
0 pending

Tentative
0 XOR-NOT36
1 XOR-NOT47
2 XOR-NOT50
3 XOR-NOT61
4 XOR-NOT72
5 OR-NOT03
6 OR-NOT14
7 OR-NOT25

Preferred from left
0 XOR-NOT36
1 XOR-NOT47
2 XOR-NOT50
3 XOR-NOT61
4 XOR-NOT72
5 OR-NOT03
6 OR-NOT14
7 OR-NOT25

Preferred from right
7 OR-NOT25
6 OR-NOT14
5 OR-NOT03
4 XOR-NOT72
3 XOR-NOT61
2 XOR-NOT50
1 XOR-NOT47
0 XOR-NOT36

Preferred
0 XOR-NOT36
1 XOR-NOT47
2 XOR-NOT50
3 XOR-NOT61
4 XOR-NOT72
5 OR-NOT03
6 OR-NOT14
7 OR-NOT25

Matching
0 XOR-NOT36
1 XOR-NOT47
2 XOR-NOT50
3 XOR-NOT61
4 XOR-NOT72
5 OR-NOT03
6 OR-NOT14
7 OR-NOT25

Perfect match
Identity no
NOT no
Constant no
AND no
OR no
XOR no
AND-NOT no
OR-NOT no
XOR-NOT no

Matched
0 XOR-NOT36
1 XOR-NOT47
2 XOR-NOT50
3 XOR-NOT61
4 XOR-NOT72
5 OR-NOT03
6 OR-NOT14
7 OR-NOT25

Selected
0 XOR-NOT36
1 XOR-NOT47
2 XOR-NOT50
3 XOR-NOT61
4 XOR-NOT72
5 OR-NOT03
6 OR-NOT14
7 OR-NOT25

Applying to 10110011
Input
0 1
1 0
2 1
3 1
4 0
5 0
6 1
7 1
Output
0 XOR-NOT36 = XOR(1,NOT(1)) = 1
1 XOR-NOT47 = XOR(0,NOT(1)) = 0
2 XOR-NOT50 = XOR(0,NOT(1)) = 0
3 XOR-NOT61 = XOR(1,NOT(0)) = 0
4 XOR-NOT72 = XOR(1,NOT(1)) = 1
5 OR-NOT03 = OR(1,NOT(1)) = 1
6 OR-NOT14 = OR(0,NOT(0)) = 1
7 OR-NOT25 = OR(1,NOT(0)) = 1

I will now return the answer in \boxed{}
The answer in \boxed{–} is \boxed{10001111}
[correct]
true
