[category]
bit_manipulation
[prompt]
In Alice's Wonderland, a secret bit manipulation rule transforms 8-bit binary numbers. The transformation involves operations like bit shifts, rotations, XOR, AND, OR, NOT, and possibly majority or choice functions.

Here are some examples of input -> output:
11011110 -> 00110111
11110010 -> 00111110
11101011 -> 11111010
01111011 -> 10011110
00001111 -> 10111011
01001110 -> 01011011
01101110 -> 01011011
11001000 -> 10111011
10100000 -> 10101111
10111010 -> 00101110

Now, determine the output for: 10011001
[completion]
We need to deduce the transformation by matching the example outputs.
I will put my final answer inside \boxed{}.

Output 0: 00110111
0 0
1 0
2 1
3 1
4 0
5 1
6 1
7 1

Output 1: 00111110
0 0
1 0
2 1
3 1
4 1
5 1
6 1
7 0

Output 2: 11111010
0 1
1 1
2 1
3 1
4 1
5 0
6 1
7 0

Output 3: 10011110
0 1
1 0
2 0
3 1
4 1
5 1
6 1
7 0

Output 4: 10111011
0 1
1 0
2 1
3 1
4 1
5 0
6 1
7 1

Output 5: 01011011
0 0
1 1
2 0
3 1
4 1
5 0
6 1
7 1

Output 6: 01011011
0 0
1 1
2 0
3 1
4 1
5 0
6 1
7 1

Output 7: 10111011
0 1
1 0
2 1
3 1
4 1
5 0
6 1
7 1

Output 8: 10101111
0 1
1 0
2 1
3 0
4 1
5 1
6 1
7 1

Output 9: 00101110
0 0
1 0
2 1
3 0
4 1
5 1
6 1
7 0

Output bit columns (with bitsum as hash)
0 0011100110 5
1 0010011000 3
2 1110100111 7
3 1111111100 8
4 0111111111 9
5 1101000011 5
6 1111111111 a
7 1000111110 6

Input 0: 11011110
0 1
1 1
2 0
3 1
4 1
5 1
6 1
7 0

Input 1: 11110010
0 1
1 1
2 1
3 1
4 0
5 0
6 1
7 0

Input 2: 11101011
0 1
1 1
2 1
3 0
4 1
5 0
6 1
7 1

Input 3: 01111011
0 0
1 1
2 1
3 1
4 1
5 0
6 1
7 1

Input 4: 00001111
0 0
1 0
2 0
3 0
4 1
5 1
6 1
7 1

Input 5: 01001110
0 0
1 1
2 0
3 0
4 1
5 1
6 1
7 0

Input 6: 01101110
0 0
1 1
2 1
3 0
4 1
5 1
6 1
7 0

Input 7: 11001000
0 1
1 1
2 0
3 0
4 1
5 0
6 0
7 0

Input 8: 10100000
0 1
1 0
2 1
3 0
4 0
5 0
6 0
7 0

Input 9: 10111010
0 1
1 0
2 1
3 1
4 1
5 0
6 1
7 0

When matching output
x: not in operator
y: wrong position

Identity
0 1110000111 6
1 1111011100 7
2 0111001011 6
3 1101000001 4
4 1011111101 8
5 1000111000 4
6 1111111001 8
7 0011100000 3

Matching output
0 absent
1 absent
2 absent
3 absent
4 absent
5 absent
6 absent
7 absent

Left
none
Best: none

Right
none
Best: none

NOT
0 0001111000 4
1 0000100011 3
2 1000110100 4
3 0010111110 6
4 0100000010 2
5 0111000111 6
6 0000000110 2
7 1100011111 7

Matching output
0 absent
1 absent
2 absent
3 absent
4 absent
5 absent
6 absent
7 absent

Left
none
Best: none

Right
none
Best: none

Constant
0 0000000000 a
1 1111111111 a match 6

Matching output
0 absent
1 absent
2 absent
3 absent
4 absent
5 absent
6 C1
7 absent

Left
none
Best: none

Right
none
Best: none

AND
01 10 1110000100 4
12 21 0111001000 4
23 32 0101000001 3
34 43 1001000001 3
45 54 1000111000 4
56 65 1000111000 4
67 76 0011100000 3
70 07 0010000000 1

02 20 0110000011 4
13 31 1101000000 3
24 42 0011001001 4
35 53 1000000000 1
46 64 1011111001 7
57 75 0000100000 1
60 06 1110000001 4
71 17 0011000000 2

03 30 1100000001 3
14 41 1011011100 6
25 52 0000001000 1
36 63 1101000001 4
47 74 0011100000 3
50 05 1000000000 1
61 16 1111011000 6
72 27 0011000000 2

04 40 1010000101 4
15 51 1000011000 3
26 62 0111001001 5
37 73 0001000000 1

Matching output
0 absent
1 absent
2 absent
3 absent
4 absent
5 absent
6 absent
7 absent

Left
none
Best: none

Right
none
Best: none

OR
01 10 1111011111 9
12 21 1111011111 9
23 32 1111001011 7
34 43 1111111101 9
45 54 1011111101 8
56 65 1111111001 8
67 76 1111111001 8
70 07 1111100111 8

02 20 1111001111 8
13 31 1111011101 8
24 42 1111111111 a match 6
35 53 1101111001 7
46 64 1111111101 9
57 75 1011111000 6
60 06 1111111111 a match 6
71 17 1111111100 8 match 3

03 30 1111000111 7
14 41 1111111101 9
25 52 1111111011 9
36 63 1111111001 8
47 74 1011111101 8
50 05 1110111111 9
61 16 1111111101 9
72 27 0111101011 7

04 40 1111111111 a match 6
15 51 1111111100 8 match 3
26 62 1111111011 9
37 73 1111100001 6

Matching output
0 absent
1 absent
2 absent
3 71 17 15 51
4 absent
5 absent
6 24 42 60 06 04 40
7 absent

Left
none
Best: none

Right
none
Best: none

XOR
01 10 0001011011 5
12 21 1000010111 5
23 32 1010001010 4
34 43 0110111100 6
45 54 0011000101 4
56 65 0111000001 4
67 76 1100011001 5
70 07 1101100111 7

02 20 1001001100 4
13 31 0010011101 5
24 42 1100110110 6
35 53 0101111001 6
46 64 0100000100 2
57 75 1011011000 5
60 06 0001111110 6
71 17 1100111100 6

03 30 0011000110 4
14 41 0100100001 3
25 52 1111110011 8
36 63 0010111000 4
47 74 1000011101 5
50 05 0110111111 8
61 16 0000100101 3
72 27 0100101011 5

04 40 0101111010 6
15 51 0111100100 5
26 62 1000110010 4
37 73 1110100001 5

Matching output
0 absent
1 absent
2 absent
3 absent
4 absent
5 absent
6 absent
7 absent

Left
none
Best: none

Right
none
Best: none

AND-NOT
01 0000000011 2
12 1000010100 3
23 0010001010 3
34 0100000000 1
45 0011000101 4
56 0000000000 a
67 1100011001 5
70 0001100000 2

02 1000000100 2
13 0010011100 4
24 0100000010 2
35 0101000001 3
46 0000000100 1
57 1000011000 3
60 0001111000 4
71 0000100000 1

03 0010000110 3
14 0100000000 1
25 0111000011 5
36 0000000000 a
47 1000011101 5
50 0000111000 3
61 0000100001 2
72 0000100000 1

04 0100000010 2
15 0111000100 4
26 0000000010 1
37 1100000001 3
40 0001111000 4
51 0000100000 1
62 1000110000 3
73 0010100000 2

05 0110000111 5
16 0000000100 1
27 0100001011 4
30 0001000000 1
41 0000100001 2
52 1000110000 3
63 0010111000 4
74 0000000000 a

06 0000000110 2
17 1100011100 5
20 0001001000 2
31 0000000001 1
42 1000110100 4
53 0000111000 3
64 0100000000 1
75 0011000000 2

07 1100000111 5
10 0001011000 3
21 0000000011 2
32 1000000000 1
43 0010111100 5
54 0000000000 a
65 0111000001 4
76 0000000000 a

Matching output
0 absent
1 absent
2 absent
3 absent
4 absent
5 absent
6 absent
7 absent

Left
none
Best: none

Right
none
Best: none

OR-NOT
01 1110100111 7 match 2
12 1111111100 8 match 3
23 0111111111 9 match 4
34 1101000011 5 match 5
45 1111111111 a match 6
56 1000111110 6 match 7
67 1111111111 a match 6
70 0011111000 5

02 1110110111 8
13 1111111110 9
24 0111001011 6
35 1111000111 7
46 1011111111 9
57 1100111111 8
60 1111111001 8
71 0011100011 5

03 1110111111 9
14 1111011110 8
25 0111001111 7
36 1101000111 6
47 1111111111 a match 6
50 1001111000 5
61 1111111011 9
72 1011110100 6

04 1110000111 6
15 1111011111 9
26 0111001111 7
37 1101011111 8
40 1011111101 8
51 1000111011 6
62 1111111101 9
73 0011111110 7

05 1111000111 7
16 1111011110 8
27 1111011111 9
30 1101111001 7
41 1011111111 9
52 1000111100 5
63 1111111111 a match 6
74 0111100010 5

06 1110000111 6
17 1111011111 9
20 0111111011 8
31 1101100011 6
42 1011111101 8
53 1010111110 7
64 1111111011 9
75 0111100111 7

07 1110011111 8
10 1111111100 8 match 3
21 0111101011 7
32 1101110101 7
43 1011111111 9
54 1100111010 6
65 1111111111 a match 6
76 0011100110 5 match 0

Matching output
0 76
1 absent
2 01
3 12 10
4 23
5 34
6 45 67 47 63 65
7 56

Left
76 07x
Best: OR-NOT76: 1

Right
56 45 34 23 12 01 70x
Best: OR-NOT56 45 34 23 12 01: 6

XOR-NOT
01 1110100100 5
12 0111101000 5
23 0101110101 6
34 1001000011 4
45 1100111010 6
56 1000111110 6 match 7
67 0011100110 5 match 0
70 0010011000 3 match 1

02 0110110011 6
13 1101100010 5
24 0011001001 4
35 1010000110 4
46 1011111011 8
57 0100100111 5
60 1110000001 4
71 0011000011 4

03 1100111001 6
14 1011011110 7
25 0000001100 2
36 1101000111 6
47 0111100010 5
50 1001000000 2
61 1111011010 7
72 1011010100 5

04 1010000101 4
15 1000011011 5
26 0111001101 6
37 0001011110 5
40 1010000101 4
51 1000011011 5
62 0111001101 6
73 0001011110 5

05 1001000000 2
16 1111011010 7
27 1011010100 5
30 1100111001 6
41 1011011110 7
52 0000001100 2
63 1101000111 6
74 0111100010 5

06 1110000001 4
17 0011000011 4
20 0110110011 6
31 1101100010 5
42 0011001001 4
53 1010000110 4
64 1011111011 8
75 0100100111 5

07 0010011000 3 match 1
10 1110100100 5
21 0111101000 5
32 0101110101 6
43 1001000011 4
54 1100111010 6
65 1000111110 6 match 7
76 0011100110 5 match 0

Matching output
0 67 76
1 70 07
2 absent
3 absent
4 absent
5 absent
6 absent
7 56 65

Left
67 70 01x
76 07 10x
Best: XOR-NOT67 70: 2

Right
56 45x
65 54x
Best: XOR-NOT56: 1

Selecting

Lefts
Identity none
NOT none
Constant none
AND none
OR none
XOR none
AND-NOT none
OR-NOT OR-NOT76: 1
XOR-NOT XOR-NOT67 70: 2

Rights
Identity none
NOT none
Constant none
AND none
OR none
XOR none
AND-NOT none
OR-NOT OR-NOT56 45 34 23 12 01: 6
XOR-NOT XOR-NOT56: 1

Left longest: 2
Right longest: 6

Right winner: Identity no, NOT no, Constant no, AND no, OR no, XOR no, AND-NOT no, OR-NOT yes, XOR-NOT no
Left winner: Identity no, NOT no, Constant no, AND no, OR no, XOR no, AND-NOT no, OR-NOT no, XOR-NOT yes

Best right: OR-NOT56 45 34 23 12 01: 6
Best left: XOR-NOT67 70: 2

Truncated right: OR-NOT56 45 34 23 12 01: 6
Truncated left: XOR-NOT67 70: 2

Tentative from right
7 OR-NOT56
6 OR-NOT45
5 OR-NOT34
4 OR-NOT23
3 OR-NOT12
2 OR-NOT01
1 pending
0 pending

Tentative
0 XOR-NOT67
1 XOR-NOT70
2 OR-NOT01
3 OR-NOT12
4 OR-NOT23
5 OR-NOT34
6 OR-NOT45
7 OR-NOT56

Preferred from right
7 OR-NOT56
6 OR-NOT45
5 OR-NOT34
4 OR-NOT23
3 OR-NOT12
2 OR-NOT01
1 XOR-NOT70
0 XOR-NOT67

Preferred from left
0 XOR-NOT67
1 XOR-NOT70
2 OR-NOT01
3 OR-NOT12
4 OR-NOT23
5 OR-NOT34
6 OR-NOT45
7 OR-NOT56

Preferred
0 XOR-NOT67
1 XOR-NOT70
2 OR-NOT01
3 OR-NOT12
4 OR-NOT23
5 OR-NOT34
6 OR-NOT45
7 OR-NOT56

Matching
0 XOR-NOT67
1 XOR-NOT70
2 OR-NOT01
3 OR-NOT12
4 OR-NOT23
5 OR-NOT34
6 OR-NOT45
7 OR-NOT56

Perfect match
Identity no
NOT no
Constant no
AND no
OR no
XOR no
AND-NOT no
OR-NOT no
XOR-NOT no

Matched
0 XOR-NOT67
1 XOR-NOT70
2 OR-NOT01
3 OR-NOT12
4 OR-NOT23
5 OR-NOT34
6 OR-NOT45
7 OR-NOT56

Selected
0 XOR-NOT67
1 XOR-NOT70
2 OR-NOT01
3 OR-NOT12
4 OR-NOT23
5 OR-NOT34
6 OR-NOT45
7 OR-NOT56

Applying to 10011001
Input
0 1
1 0
2 0
3 1
4 1
5 0
6 0
7 1
Output
0 XOR-NOT67 = XOR(0,NOT(1)) = 0
1 XOR-NOT70 = XOR(1,NOT(1)) = 1
2 OR-NOT01 = OR(1,NOT(0)) = 1
3 OR-NOT12 = OR(0,NOT(0)) = 1
4 OR-NOT23 = OR(0,NOT(1)) = 0
5 OR-NOT34 = OR(1,NOT(1)) = 1
6 OR-NOT45 = OR(1,NOT(0)) = 1
7 OR-NOT56 = OR(0,NOT(0)) = 1

I will now return the answer in \boxed{}
The answer in \boxed{–} is \boxed{01110111}
[correct]
true
