[category]
bit_manipulation
[prompt]
In Alice's Wonderland, a secret bit manipulation rule transforms 8-bit binary numbers. The transformation involves operations like bit shifts, rotations, XOR, AND, OR, NOT, and possibly majority or choice functions.

Here are some examples of input -> output:
11111110 -> 11111111
11000100 -> 11111011
00000101 -> 11111111
10011111 -> 11100111
01010111 -> 11111010
10000010 -> 11110111
11011001 -> 11101011
01100101 -> 11111101
00010101 -> 11111110

Now, determine the output for: 10111100
[completion]
We need to deduce the transformation by matching the example outputs.
I will put my final answer inside \boxed{}.

Output 0: 11111111
0 1
1 1
2 1
3 1
4 1
5 1
6 1
7 1

Output 1: 11111011
0 1
1 1
2 1
3 1
4 1
5 0
6 1
7 1

Output 2: 11111111
0 1
1 1
2 1
3 1
4 1
5 1
6 1
7 1

Output 3: 11100111
0 1
1 1
2 1
3 0
4 0
5 1
6 1
7 1

Output 4: 11111010
0 1
1 1
2 1
3 1
4 1
5 0
6 1
7 0

Output 5: 11110111
0 1
1 1
2 1
3 1
4 0
5 1
6 1
7 1

Output 6: 11101011
0 1
1 1
2 1
3 0
4 1
5 0
6 1
7 1

Output 7: 11111101
0 1
1 1
2 1
3 1
4 1
5 1
6 0
7 1

Output 8: 11111110
0 1
1 1
2 1
3 1
4 1
5 1
6 1
7 0

Output bit columns (with bitsum as hash)
0 111111111 a
1 111111111 a
2 111111111 a
3 111011011 7
4 111010111 7
5 101101011 6
6 111111101 8
7 111101110 7

Input 0: 11111110
0 1
1 1
2 1
3 1
4 1
5 1
6 1
7 0

Input 1: 11000100
0 1
1 1
2 0
3 0
4 0
5 1
6 0
7 0

Input 2: 00000101
0 0
1 0
2 0
3 0
4 0
5 1
6 0
7 1

Input 3: 10011111
0 1
1 0
2 0
3 1
4 1
5 1
6 1
7 1

Input 4: 01010111
0 0
1 1
2 0
3 1
4 0
5 1
6 1
7 1

Input 5: 10000010
0 1
1 0
2 0
3 0
4 0
5 0
6 1
7 0

Input 6: 11011001
0 1
1 1
2 0
3 1
4 1
5 0
6 0
7 1

Input 7: 01100101
0 0
1 1
2 1
3 0
4 0
5 1
6 0
7 1

Input 8: 00010101
0 0
1 0
2 0
3 1
4 0
5 1
6 0
7 1

When matching output
x: not in operator
y: wrong position

Identity
0 110101100 5
1 110010110 5
2 100000010 2
3 100110101 5
4 100100100 3
5 111110011 7
6 100111000 4
7 001110111 6

Matching output
0 absent
1 absent
2 absent
3 absent
4 absent
5 absent
6 absent
7 absent

Left
none
Best: none

Right
none
Best: none

NOT
0 001010011 4
1 001101001 4
2 011111101 7
3 011001010 4
4 011011011 6
5 000001100 2
6 011000111 5
7 110001000 3

Matching output
0 absent
1 absent
2 absent
3 absent
4 absent
5 absent
6 absent
7 absent

Left
none
Best: none

Right
none
Best: none

Constant
0 000000000 a
1 111111111 a match 0 1 2

Matching output
0 C1
1 C1
2 C1
3 absent
4 absent
5 absent
6 absent
7 absent

Left
1 1 1
Best: C1 1 1: 3

Right
none
Best: none

AND
01 10 110000100 3
12 21 100000010 2
23 32 100000000 1
34 43 100100100 3
45 54 100100000 2
56 65 100110000 3
67 76 000110000 2
70 07 000100100 2

02 20 100000000 1
13 31 100010100 3
24 42 100000000 1
35 53 100110001 4
46 64 100100000 2
57 75 001110011 5
60 06 100101000 3
71 17 000010110 3

03 30 100100100 3
14 41 100000100 2
25 52 100000010 2
36 63 100110000 3
47 74 000100100 2
50 05 110100000 3
61 16 100010000 2
72 27 000000010 1

04 40 100100100 3
15 51 110010010 4
26 62 100000000 1
37 73 000110101 4

Matching output
0 absent
1 absent
2 absent
3 absent
4 absent
5 absent
6 absent
7 absent

Left
none
Best: none

Right
none
Best: none

OR
01 10 110111110 7
12 21 110010110 5
23 32 100110111 6
34 43 100110101 5
45 54 111110111 8
56 65 111111011 8
67 76 101111111 8
70 07 111111111 a match 0 1 2

02 20 110101110 6
13 31 110110111 7
24 42 100100110 4
35 53 111110111 8
46 64 100111100 5
57 75 111110111 8
60 06 110111100 6
71 17 111110111 8

03 30 110111101 7
14 41 110110110 6
25 52 111110011 7
36 63 100111101 6
47 74 101110111 7
50 05 111111111 a match 0 1 2
61 16 110111110 7
72 27 101110111 7

04 40 110101100 5
15 51 111110111 8
26 62 100111010 5
37 73 101110111 7

Matching output
0 70 07 50 05
1 70 07 50 05
2 70 07 50 05
3 absent
4 absent
5 absent
6 absent
7 absent

Left
70 01x
07 10x
50 61x
05 16x
Best: OR70: 1

Right
none
Best: none

XOR
01 10 000111010 4
12 21 010010100 3
23 32 000110111 5
34 43 000010001 2
45 54 011010111 6
56 65 011001011 5
67 76 101001111 6
70 07 111011011 7 match 3

02 20 010101110 5
13 31 010100011 4
24 42 000100110 3
35 53 011000110 4
46 64 000011100 3
57 75 110000100 3
60 06 010010100 3
71 17 111100001 5

03 30 010011001 4
14 41 010110010 4
25 52 011110001 5
36 63 000001101 3
47 74 101010011 5
50 05 001011111 6
61 16 010101110 5
72 27 101110101 6

04 40 010001000 2
15 51 001100101 4
26 62 000111010 4
37 73 101000010 3

Matching output
0 absent
1 absent
2 absent
3 70 07
4 absent
5 absent
6 absent
7 absent

Left
none
Best: none

Right
none
Best: none

AND-NOT
01 000101000 2
12 010010100 3
23 000000010 1
34 000010001 2
45 000000100 1
56 011000011 4
67 100001000 2
70 001010011 4

02 010101100 4
13 010000010 2
24 000000010 1
35 000000100 1
46 000000100 1
57 110000000 2
60 000010000 1
71 001100001 3

03 010001000 2
14 010010010 3
25 000000000 a
36 000000101 2
47 100000000 1
50 001010011 4
61 000101000 2
72 001110101 5

04 010001000 2
15 000000100 1
26 000000010 1
37 100000000 1
40 000000000 a
51 001100001 3
62 000111000 3
73 001000010 2

05 000001100 2
16 010000110 3
27 100000000 1
30 000010001 2
41 000100000 1
52 011110001 5
63 000001000 1
74 001010011 4

06 010000100 2
17 110000000 2
20 000000010 1
31 000100001 2
42 000100100 2
53 011000010 3
64 000011000 2
75 000000100 1

07 110001000 3
10 000010010 2
21 000000000 a
32 000110101 4
43 000000000 a
54 011010011 5
65 000001000 1
76 001000111 4

Matching output
0 absent
1 absent
2 absent
3 absent
4 absent
5 absent
6 absent
7 absent

Left
none
Best: none

Right
none
Best: none

OR-NOT
01 111101101 7
12 111111111 a match 0 1 2
23 111001010 5
34 111111111 a match 0 1 2
45 100101100 4
56 111110111 8
67 110111000 5
70 001110111 6

02 111111101 8 match 6
13 111011110 7
24 111011011 7 match 3
35 100111101 6
46 111100111 7
57 111111011 8
60 101111011 7
71 001111111 7

03 111101110 7 match 7
14 111011111 8
25 100001110 4
36 111110111 8
47 110101100 5
50 111110011 7
61 101111001 6
72 011111111 8

04 111111111 a match 0 1 2
15 110011110 6
26 111000111 6
37 110111101 7
40 101110111 7
51 111111011 8
62 111111101 8 match 6
73 011111111 8

05 110101100 5
16 111010111 7 match 4
27 110001010 4
30 101110111 7
41 101101101 6
52 111111111 a match 0 1 2
63 111111010 7
74 011111111 8

06 111101111 8
17 110011110 6
20 101010011 5
31 101111101 7
42 111111101 8 match 6
53 111111011 8
64 111111011 8
75 001111111 7

07 110101100 5
10 111010111 7 match 4
21 101101011 6 match 5
32 111111101 8 match 6
43 111101110 7 match 7
54 111111011 8
65 100111100 5
76 011110111 7

Matching output
0 12 34 04 52
1 12 34 04 52
2 12 34 04 52
3 24
4 16 10
5 21
6 02 62 42 32
7 03 43

Left
12 23x
34 45x
04 15x
52 63x
Best: OR-NOT12: 1

Right
03 72x
43 32 21 10 07x
Best: OR-NOT43 32 21 10: 4

XOR-NOT
01 111000101 5
12 101101011 6 match 5
23 111001000 4
34 111101110 7 match 7
45 100101000 3
56 100110100 4
67 010110000 3
70 000100100 2

02 101010001 4
13 101011100 5
24 111011001 6
35 100111001 5
46 111100011 6
57 001111011 6
60 101101011 6 match 5
71 000011110 4

03 101100110 5
14 101001101 5
25 100001110 4
36 111110010 6
47 010101100 4
50 110100000 3
61 101010001 4
72 010001010 3

04 101110111 7
15 110011010 5
26 111000101 5
37 010111101 6
40 101110111 7
51 110011010 5
62 111000101 5
73 010111101 6

05 110100000 3
16 101010001 4
27 010001010 3
30 101100110 5
41 101001101 5
52 100001110 4
63 111110010 6
74 010101100 4

06 101101011 6 match 5
17 000011110 4
20 101010001 4
31 101011100 5
42 111011001 6
53 100111001 5
64 111100011 6
75 001111011 6

07 000100100 2
10 111000101 5
21 101101011 6 match 5
32 111001000 4
43 111101110 7 match 7
54 100101000 3
65 100110100 4
76 010110000 3

Matching output
0 absent
1 absent
2 absent
3 absent
4 absent
5 12 60 06 21
6 absent
7 34 43

Left
none
Best: none

Right
34 23x
43 32x
Best: XOR-NOT34: 1

Selecting

Lefts
Identity none
NOT none
Constant C1 1 1: 3
AND none
OR OR70: 1
XOR none
AND-NOT none
OR-NOT OR-NOT12: 1
XOR-NOT none

Rights
Identity none
NOT none
Constant none
AND none
OR none
XOR none
AND-NOT none
OR-NOT OR-NOT43 32 21 10: 4
XOR-NOT XOR-NOT34: 1

Left longest: 3
Right longest: 4

Right winner: Identity no, NOT no, Constant no, AND no, OR no, XOR no, AND-NOT no, OR-NOT yes, XOR-NOT no
Left winner: Identity no, NOT no, Constant yes, AND no, OR no, XOR no, AND-NOT no, OR-NOT no, XOR-NOT no

Best right: OR-NOT43 32 21 10: 4
Best left: C1 1 1: 3

Truncated right: OR-NOT43 32 21 10: 4
Truncated left: C1 1 1: 3

Tentative from right
7 OR-NOT43
6 OR-NOT32
5 OR-NOT21
4 OR-NOT10
3 pending
2 pending
1 pending
0 pending

Tentative
0 C1
1 C1
2 C1
3 pending
4 OR-NOT10
5 OR-NOT21
6 OR-NOT32
7 OR-NOT43

Preferred from right
7 OR-NOT43
6 OR-NOT32
5 OR-NOT21
4 OR-NOT10
3 ?07
2 C1
1 C1
0 C1

Preferred from left
0 C1
1 C1
2 C1
3 ?07
4 OR-NOT10
5 OR-NOT21
6 OR-NOT32
7 OR-NOT43

Preferred
0 C1
1 C1
2 C1
3 ?07 ?70
4 OR-NOT10
5 OR-NOT21
6 OR-NOT32
7 OR-NOT43

Matching
0 C1
1 C1
2 C1
3 ?07 ?70 - Identity absent, NOT absent, Constant absent, AND absent, OR absent, XOR07, AND-NOT absent, OR-NOT absent, XOR-NOT absent
4 OR-NOT10
5 OR-NOT21
6 OR-NOT32
7 OR-NOT43

Perfect match
Identity no
NOT no
Constant no
AND no
OR no
XOR yes
AND-NOT no
OR-NOT no
XOR-NOT no

Matched
0 C1
1 C1
2 C1
3 XOR07
4 OR-NOT10
5 OR-NOT21
6 OR-NOT32
7 OR-NOT43

Selected
0 C1
1 C1
2 C1
3 XOR07
4 OR-NOT10
5 OR-NOT21
6 OR-NOT32
7 OR-NOT43

Applying to 10111100
Input
0 1
1 0
2 1
3 1
4 1
5 1
6 0
7 0
Output
0 C1 = 1
1 C1 = 1
2 C1 = 1
3 XOR07 = XOR(1,0) = 1
4 OR-NOT10 = OR(0,NOT(1)) = 0
5 OR-NOT21 = OR(1,NOT(0)) = 1
6 OR-NOT32 = OR(1,NOT(1)) = 1
7 OR-NOT43 = OR(1,NOT(1)) = 1

I will now return the answer in \boxed{}
The answer in \boxed{–} is \boxed{11110111}
[correct]
true
