[category]
bit_manipulation
[prompt]
In Alice's Wonderland, a secret bit manipulation rule transforms 8-bit binary numbers. The transformation involves operations like bit shifts, rotations, XOR, AND, OR, NOT, and possibly majority or choice functions.

Here are some examples of input -> output:
01111101 -> 10111011
00111000 -> 10010011
00110001 -> 00000101
10011000 -> 10000011
10000111 -> 00110011
00000100 -> 11110101
10001111 -> 00100111
00100011 -> 00101000
11001010 -> 00001111
10100000 -> 11101111

Now, determine the output for: 01001011
[completion]
We need to deduce the transformation by matching the example outputs.
I will put my final answer inside \boxed{}.

Output 0: 10111011
0 1
1 0
2 1
3 1
4 1
5 0
6 1
7 1

Output 1: 10010011
0 1
1 0
2 0
3 1
4 0
5 0
6 1
7 1

Output 2: 00000101
0 0
1 0
2 0
3 0
4 0
5 1
6 0
7 1

Output 3: 10000011
0 1
1 0
2 0
3 0
4 0
5 0
6 1
7 1

Output 4: 00110011
0 0
1 0
2 1
3 1
4 0
5 0
6 1
7 1

Output 5: 11110101
0 1
1 1
2 1
3 1
4 0
5 1
6 0
7 1

Output 6: 00100111
0 0
1 0
2 1
3 0
4 0
5 1
6 1
7 1

Output 7: 00101000
0 0
1 0
2 1
3 0
4 1
5 0
6 0
7 0

Output 8: 00001111
0 0
1 0
2 0
3 0
4 1
5 1
6 1
7 1

Output 9: 11101111
0 1
1 1
2 1
3 0
4 1
5 1
6 1
7 1

Output bit columns (with bitsum as hash)
0 1101010001 5
1 0000010001 2
2 1000111101 6
3 1100110000 4
4 1000000111 4
5 0010011011 5
6 1101101011 7
7 1111111011 9

Input 0: 01111101
0 0
1 1
2 1
3 1
4 1
5 1
6 0
7 1

Input 1: 00111000
0 0
1 0
2 1
3 1
4 1
5 0
6 0
7 0

Input 2: 00110001
0 0
1 0
2 1
3 1
4 0
5 0
6 0
7 1

Input 3: 10011000
0 1
1 0
2 0
3 1
4 1
5 0
6 0
7 0

Input 4: 10000111
0 1
1 0
2 0
3 0
4 0
5 1
6 1
7 1

Input 5: 00000100
0 0
1 0
2 0
3 0
4 0
5 1
6 0
7 0

Input 6: 10001111
0 1
1 0
2 0
3 0
4 1
5 1
6 1
7 1

Input 7: 00100011
0 0
1 0
2 1
3 0
4 0
5 0
6 1
7 1

Input 8: 11001010
0 1
1 1
2 0
3 0
4 1
5 0
6 1
7 0

Input 9: 10100000
0 1
1 0
2 1
3 0
4 0
5 0
6 0
7 0

When matching output
x: not in operator
y: wrong position

Identity
0 0001101011 5
1 1000000010 2
2 1110000101 5
3 1111000000 4
4 1101001010 5
5 1000111000 4
6 0000101110 4
7 1010101100 5

Matching output
0 absent
1 absent
2 absent
3 absent
4 absent
5 absent
6 absent
7 absent

Left
none
Best: none

Right
none
Best: none

NOT
0 1110010100 5
1 0111111101 8
2 0001111010 5
3 0000111111 6
4 0010110101 5
5 0111000111 6
6 1111010001 6
7 0101010011 5

Matching output
0 absent
1 absent
2 absent
3 absent
4 absent
5 absent
6 absent
7 absent

Left
none
Best: none

Right
none
Best: none

Constant
0 0000000000 a
1 1111111111 a

Matching output
0 absent
1 absent
2 absent
3 absent
4 absent
5 absent
6 absent
7 absent

Left
none
Best: none

Right
none
Best: none

AND
01 10 0000000010 1
12 21 1000000000 1
23 32 1110000000 3
34 43 1101000000 3
45 54 1000001000 2
56 65 0000101000 2
67 76 0000101100 3
70 07 0000101000 2

02 20 0000000001 1
13 31 1000000000 1
24 42 1100000000 2
35 53 1000000000 1
46 64 0000001010 2
57 75 1000101000 3
60 06 0000101010 3
71 17 1000000000 1

03 30 0001000000 1
14 41 1000000010 2
25 52 1000000000 1
36 63 0000000000 a
47 74 1000001000 2
50 05 0000101000 2
61 16 0000000010 1
72 27 1010000100 3

04 40 0001001010 3
15 51 1000000000 1
26 62 0000000100 1
37 73 1010000000 2

Matching output
0 absent
1 absent
2 absent
3 absent
4 absent
5 absent
6 absent
7 absent

Left
none
Best: none

Right
none
Best: none

OR
01 10 1001101011 6
12 21 1110000111 6
23 32 1111000101 6
34 43 1111001010 6
45 54 1101111010 7
56 65 1000111110 6
67 76 1010101110 6
70 07 1011101111 8

02 20 1111101111 9
13 31 1111000010 5
24 42 1111001111 8
35 53 1111111000 7
46 64 1101101110 7
57 75 1010111100 6
60 06 0001101111 6
71 17 1010101110 6

03 30 1111101011 8
14 41 1101001010 5
25 52 1110111101 8
36 63 1111101110 8
47 74 1111101110 8
50 05 1001111011 7
61 16 1000101110 5
72 27 1110101101 7

04 40 1101101011 7 match 6
15 51 1000111010 5
26 62 1110101111 8
37 73 1111101100 7

Matching output
0 absent
1 absent
2 absent
3 absent
4 absent
5 absent
6 04 40
7 absent

Left
none
Best: none

Right
none
Best: none

XOR
01 10 1001101001 5
12 21 0110000111 5
23 32 0001000101 3
34 43 0010001010 3
45 54 0101110010 5
56 65 1000010110 4
67 76 1010000010 3
70 07 1011000111 6

02 20 1111101110 8
13 31 0111000010 4
24 42 0011001111 6
35 53 0111111000 6
46 64 1101100100 5
57 75 0010010100 3
60 06 0001000101 3
71 17 0010101110 5

03 30 1110101011 7
14 41 0101001000 3
25 52 0110111101 7
36 63 1111101110 8
47 74 0111100110 6
50 05 1001010011 5
61 16 1000101100 4
72 27 0100101001 4

04 40 1100100001 4
15 51 0000111010 4
26 62 1110101011 7
37 73 0101101100 5

Matching output
0 absent
1 absent
2 absent
3 absent
4 absent
5 absent
6 absent
7 absent

Left
none
Best: none

Right
none
Best: none

AND-NOT
01 0001101001 4
12 0000000010 1
23 0000000101 2
34 0010000000 1
45 0101000010 3
56 1000010000 2
67 0000000010 1
70 1010000100 3

02 0001101010 4
13 0000000010 1
24 0010000101 3
35 0111000000 3
46 1101000000 3
57 0000010000 1
60 0000000100 1
71 0010101100 4

03 0000101011 4
14 0000000000 a
25 0110000101 4
36 1111000000 4
47 0101000010 3
50 1000010000 2
61 0000101100 3
72 0000101000 2

04 0000100001 2
15 0000000010 1
26 1110000001 4
37 0101000000 2
40 1100000000 2
51 0000111000 3
62 0000101010 3
73 0000101100 3

05 0001000011 3
16 1000000000 1
27 0100000001 2
30 1110000000 3
41 0101001000 3
52 0000111000 3
63 0000101110 4
74 0010100100 3

06 0001000001 2
17 0000000010 1
20 1110000100 4
31 0111000000 3
42 0001001010 3
53 0000111000 3
64 0000100100 2
75 0010000100 2

07 0001000011 3
10 1000000000 1
21 0110000101 4
32 0001000000 1
43 0000001010 2
54 0000110000 2
65 0000000110 2
76 1010000000 2

Matching output
0 absent
1 absent
2 absent
3 absent
4 absent
5 absent
6 absent
7 absent

Left
none
Best: none

Right
none
Best: none

OR-NOT
01 0111111111 9
12 1001111010 6
23 1110111111 9
34 1111110101 8
45 1111001111 8
56 1111111001 8
67 0101111111 8
70 1110111100 7

02 0001111011 6
13 1000111111 7
24 1110110101 7
35 1111000111 7
46 1111011011 8
57 1101111011 8
60 1110111110 8
71 1111111101 9

03 0001111111 7
14 1010110111 7
25 1111000111 7
36 1111010001 6
47 1101011011 7
50 1110111100 7
61 0111111111 9
72 1011111110 8

04 0011111111 8
15 1111000111 7
26 1111010101 7
37 1111010011 7
40 1111011110 8
51 1111111101 9
62 0001111110 6
73 1010111111 8

05 0111101111 8
16 1111010011 7
27 1111010111 8
30 1111010100 6
41 1111111111 a
52 1001111010 6
63 0000111111 6
74 1010111101 7

06 1111111011 9 match 7
17 1101010011 6
20 1110010101 6
31 1111111101 9
42 1101111010 7
53 1000111111 7
64 0010111111 7
75 1111101111 9

07 0101111011 7
10 1110010110 6
21 1111111101 9
32 1111111010 8
43 1101111111 9
54 1010111101 7
65 0111101111 8
76 1111111101 9

Matching output
0 absent
1 absent
2 absent
3 absent
4 absent
5 absent
6 absent
7 06

Left
none
Best: none

Right
06 75x
Best: OR-NOT06: 1

XOR-NOT
01 0110010110 5
12 1001111000 5
23 1110111010 7
34 1101110101 7
45 1010001101 5
56 0111101001 6
67 0101111101 7
70 0100111000 4

02 0000010001 2 match 1
13 1000111101 6 match 2
24 1100110000 4 match 3
35 1000000111 4 match 4
46 0010011011 5 match 5
57 1101101011 7 match 6
60 1110111010 7
71 1101010001 5 match 0

03 0001010100 3
14 1010110111 7
25 1001000010 3
36 0000010001 2 match 1
47 1000011001 4
50 0110101100 5
61 0111010011 6
72 1011010110 6

04 0011011110 6
15 1111000101 6
26 0001010100 3
37 1010010011 5
40 0011011110 6
51 1111000101 6
62 0001010100 3
73 1010010011 5

05 0110101100 5
16 0111010011 6
27 1011010110 6
30 0001010100 3
41 1010110111 7
52 1001000010 3
63 0000010001 2 match 1
74 1000011001 4

06 1110111010 7
17 1101010001 5 match 0
20 0000010001 2 match 1
31 1000111101 6 match 2
42 1100110000 4 match 3
53 1000000111 4 match 4
64 0010011011 5 match 5
75 1101101011 7 match 6

07 0100111000 4
10 0110010110 5
21 1001111000 5
32 1110111010 7
43 1101110101 7
54 1010001101 5
65 0111101001 6
76 0101111101 7

Matching output
0 71 17
1 02 36 63 20
2 13 31
3 24 42
4 35 53
5 46 64
6 57 75
7 absent

Left
71 02 13 24 35 46 57 60x
17 20 31 42 53 64 75 06x
Best: XOR-NOT71 02 13 24 35 46 57: 7

Right
none
Best: none

Selecting

Lefts
Identity none
NOT none
Constant none
AND none
OR none
XOR none
AND-NOT none
OR-NOT none
XOR-NOT XOR-NOT71 02 13 24 35 46 57: 7

Rights
Identity none
NOT none
Constant none
AND none
OR none
XOR none
AND-NOT none
OR-NOT OR-NOT06: 1
XOR-NOT none

Left longest: 7
Right longest: 1

Left winner: Identity no, NOT no, Constant no, AND no, OR no, XOR no, AND-NOT no, OR-NOT no, XOR-NOT yes
Right winner: Identity no, NOT no, Constant no, AND no, OR no, XOR no, AND-NOT no, OR-NOT yes, XOR-NOT no

Best left: XOR-NOT71 02 13 24 35 46 57: 7
Best right: OR-NOT06: 1

Truncated left: XOR-NOT71 02 13 24 35 46 57: 7
Truncated right: OR-NOT06: 1

Tentative from right
7 OR-NOT06
6 pending
5 pending
4 pending
3 pending
2 pending
1 pending
0 pending

Tentative
0 XOR-NOT71
1 XOR-NOT02
2 XOR-NOT13
3 XOR-NOT24
4 XOR-NOT35
5 XOR-NOT46
6 XOR-NOT57
7 OR-NOT06

Preferred from left
0 XOR-NOT71
1 XOR-NOT02
2 XOR-NOT13
3 XOR-NOT24
4 XOR-NOT35
5 XOR-NOT46
6 XOR-NOT57
7 OR-NOT06

Preferred from right
7 OR-NOT06
6 XOR-NOT57
5 XOR-NOT46
4 XOR-NOT35
3 XOR-NOT24
2 XOR-NOT13
1 XOR-NOT02
0 XOR-NOT71

Preferred
0 XOR-NOT71
1 XOR-NOT02
2 XOR-NOT13
3 XOR-NOT24
4 XOR-NOT35
5 XOR-NOT46
6 XOR-NOT57
7 OR-NOT06

Matching
0 XOR-NOT71
1 XOR-NOT02
2 XOR-NOT13
3 XOR-NOT24
4 XOR-NOT35
5 XOR-NOT46
6 XOR-NOT57
7 OR-NOT06

Perfect match
Identity no
NOT no
Constant no
AND no
OR no
XOR no
AND-NOT no
OR-NOT no
XOR-NOT no

Matched
0 XOR-NOT71
1 XOR-NOT02
2 XOR-NOT13
3 XOR-NOT24
4 XOR-NOT35
5 XOR-NOT46
6 XOR-NOT57
7 OR-NOT06

Selected
0 XOR-NOT71
1 XOR-NOT02
2 XOR-NOT13
3 XOR-NOT24
4 XOR-NOT35
5 XOR-NOT46
6 XOR-NOT57
7 OR-NOT06

Applying to 01001011
Input
0 0
1 1
2 0
3 0
4 1
5 0
6 1
7 1
Output
0 XOR-NOT71 = XOR(1,NOT(1)) = 1
1 XOR-NOT02 = XOR(0,NOT(0)) = 1
2 XOR-NOT13 = XOR(1,NOT(0)) = 0
3 XOR-NOT24 = XOR(0,NOT(1)) = 0
4 XOR-NOT35 = XOR(0,NOT(0)) = 1
5 XOR-NOT46 = XOR(1,NOT(1)) = 1
6 XOR-NOT57 = XOR(0,NOT(1)) = 0
7 OR-NOT06 = OR(0,NOT(1)) = 0

I will now return the answer in \boxed{}
The answer in \boxed{–} is \boxed{11001100}
[correct]
true
