[category]
bit_manipulation
[prompt]
In Alice's Wonderland, a secret bit manipulation rule transforms 8-bit binary numbers. The transformation involves operations like bit shifts, rotations, XOR, AND, OR, NOT, and possibly majority or choice functions.

Here are some examples of input -> output:
00110101 -> 11111110
00000100 -> 10111111
01001110 -> 10111111
10001110 -> 11010111
01000010 -> 01111011
01100111 -> 01111011
10101011 -> 11010101
00001101 -> 01101111

Now, determine the output for: 00001010
[completion]
We need to deduce the transformation by matching the example outputs.
I will put my final answer inside \boxed{}.

Output 0: 11111110
0 1
1 1
2 1
3 1
4 1
5 1
6 1
7 0

Output 1: 10111111
0 1
1 0
2 1
3 1
4 1
5 1
6 1
7 1

Output 2: 10111111
0 1
1 0
2 1
3 1
4 1
5 1
6 1
7 1

Output 3: 11010111
0 1
1 1
2 0
3 1
4 0
5 1
6 1
7 1

Output 4: 01111011
0 0
1 1
2 1
3 1
4 1
5 0
6 1
7 1

Output 5: 01111011
0 0
1 1
2 1
3 1
4 1
5 0
6 1
7 1

Output 6: 11010101
0 1
1 1
2 0
3 1
4 0
5 1
6 0
7 1

Output 7: 01101111
0 0
1 1
2 1
3 0
4 1
5 1
6 1
7 1

Output bit columns (with bitsum as hash)
0 11110010 5
1 10011111 6
2 11101101 6
3 11111110 7
4 11101101 6
5 11110011 6
6 11111101 7
7 01111111 7

Input 0: 00110101
0 0
1 0
2 1
3 1
4 0
5 1
6 0
7 1

Input 1: 00000100
0 0
1 0
2 0
3 0
4 0
5 1
6 0
7 0

Input 2: 01001110
0 0
1 1
2 0
3 0
4 1
5 1
6 1
7 0

Input 3: 10001110
0 1
1 0
2 0
3 0
4 1
5 1
6 1
7 0

Input 4: 01000010
0 0
1 1
2 0
3 0
4 0
5 0
6 1
7 0

Input 5: 01100111
0 0
1 1
2 1
3 0
4 0
5 1
6 1
7 1

Input 6: 10101011
0 1
1 0
2 1
3 0
4 1
5 0
6 1
7 1

Input 7: 00001101
0 0
1 0
2 0
3 0
4 1
5 1
6 0
7 1

When matching output
x: not in operator
y: wrong position

Identity
0 00010010 2
1 00101100 3
2 10000110 3
3 10000000 1
4 00110011 4
5 11110101 6
6 00111110 5
7 10000111 4

Matching output
0 absent
1 absent
2 absent
3 absent
4 absent
5 absent
6 absent
7 absent

Left
none
Best: none

Right
none
Best: none

NOT
0 11101101 6 match 2 4
1 11010011 5
2 01111001 5
3 01111111 7 match 7
4 11001100 4
5 00001010 2
6 11000001 3
7 01111000 4

Matching output
0 absent
1 absent
2 0
3 absent
4 0
5 absent
6 absent
7 3

Left
none
Best: none

Right
3 2x
Best: NOT3: 1

Constant
0 00000000 a
1 11111111 a

Matching output
0 absent
1 absent
2 absent
3 absent
4 absent
5 absent
6 absent
7 absent

Left
none
Best: none

Right
none
Best: none

AND
01 10 00000000 a
12 21 00000100 1
23 32 10000000 1
34 43 00000000 a
45 54 00110001 3
56 65 00110100 3
67 76 00000110 2
70 07 00000010 1

02 20 00000010 1
13 31 00000000 a
24 42 00000010 1
35 53 10000000 1
46 64 00110010 3
57 75 10000101 3
60 06 00010010 2
71 17 00000100 1

03 30 00000000 a
14 41 00100000 1
25 52 10000100 2
36 63 00000000 a
47 74 00000011 2
50 05 00010000 1
61 16 00101100 3
72 27 10000110 3

04 40 00010010 2
15 51 00100100 2
26 62 00000110 2
37 73 10000000 1

Matching output
0 absent
1 absent
2 absent
3 absent
4 absent
5 absent
6 absent
7 absent

Left
none
Best: none

Right
none
Best: none

OR
01 10 00111110 5
12 21 10101110 5
23 32 10000110 3
34 43 10110011 5
45 54 11110111 7
56 65 11111111 a
67 76 10111111 7
70 07 10010111 5

02 20 10010110 4
13 31 10101100 4
24 42 10110111 6
35 53 11110101 6
46 64 00111111 6
57 75 11110111 7
60 06 00111110 5
71 17 10101111 6

03 30 10010010 3
14 41 00111111 6
25 52 11110111 7
36 63 10111110 6
47 74 10110111 6
50 05 11110111 7
61 16 00111110 5
72 27 10000111 4

04 40 00110011 4
15 51 11111101 7 match 6
26 62 10111110 6
37 73 10000111 4

Matching output
0 absent
1 absent
2 absent
3 absent
4 absent
5 absent
6 15 51
7 absent

Left
none
Best: none

Right
none
Best: none

XOR
01 10 00111110 5
12 21 10101010 4
23 32 00000110 2
34 43 10110011 5
45 54 11000110 4
56 65 11001011 5
67 76 10111001 5
70 07 10010101 4

02 20 10010100 3
13 31 10101100 4
24 42 10110101 5
35 53 01110101 5
46 64 00001101 3
57 75 01110010 4
60 06 00101100 3
71 17 10101011 5

03 30 10010010 3
14 41 00011111 5
25 52 01110011 5
36 63 10111110 6
47 74 10110100 4
50 05 11100111 6
61 16 00010010 2
72 27 00000001 1

04 40 00100001 2
15 51 11011001 5
26 62 10111000 4
37 73 00000111 3

Matching output
0 absent
1 absent
2 absent
3 absent
4 absent
5 absent
6 absent
7 absent

Left
none
Best: none

Right
none
Best: none

AND-NOT
01 00010010 2
12 00101000 2
23 00000110 2
34 10000000 1
45 00000010 1
56 11000001 3
67 00111000 3
70 10000101 3

02 00010000 1
13 00101100 3
24 10000100 2
35 00000000 a
46 00000001 1
57 01110000 3
60 00101100 3
71 10000011 3

03 00010010 2
14 00001100 2
25 00000010 1
36 10000000 1
47 00110000 2
50 11100101 5
61 00010010 2
72 00000001 1

04 00000000 a
15 00001000 1
26 10000000 1
37 00000000 a
40 00100001 2
51 11010001 4
62 00111000 3
73 00000111 3

05 00000010 1
16 00000000 a
27 00000000 a
30 10000000 1
41 00010011 3
52 01110001 4
63 00111110 5
74 10000100 2

06 00000000 a
17 00101000 2
20 10000100 2
31 10000000 1
42 00110001 3
53 01110101 5
64 00001100 2
75 00000010 1

07 00010000 1
10 00101100 3
21 10000010 2
32 00000000 a
43 00110011 4
54 11000100 3
65 00001010 2
76 10000001 2

Matching output
0 absent
1 absent
2 absent
3 absent
4 absent
5 absent
6 absent
7 absent

Left
none
Best: none

Right
none
Best: none

OR-NOT
01 11010011 5
12 01111101 6
23 11111111 a
34 11001100 4
45 00111011 5
56 11110101 6
67 01111110 6
70 11101111 7

02 01111011 6
13 01111111 7 match 7
24 11001110 5
35 10001010 3
46 11110011 6 match 5
57 11111101 7 match 6
60 11111111 a
71 11010111 6

03 01111111 7 match 7
14 11101100 5
25 10001110 4
36 11000001 3
47 01111011 6
50 11111101 7 match 6
61 11111111 a
72 11111111 a

04 11011110 6
15 00101110 4
26 11000111 5
37 11111000 5
40 11111111 a
51 11110111 7
62 01111111 7 match 7
73 11111111 a

05 00011010 3
16 11101101 6 match 2 4
27 11111110 7 match 3
30 11101101 6 match 2 4
41 11110011 6 match 5
52 11111101 7 match 6
63 01111111 7 match 7
74 11001111 6

06 11010011 5
17 01111100 5
20 11101111 7
31 11010011 5
42 01111011 6
53 11111111 a
64 11111110 7 match 3
75 10001111 5

07 01111010 5
10 11101101 6 match 2 4
21 11010111 6
32 11111001 6
43 01111111 7 match 7
54 11111101 7 match 6
65 00111110 5
76 11000111 5

Matching output
0 absent
1 absent
2 16 30 10
3 27 64
4 16 30 10
5 46 41
6 57 50 52 54
7 13 03 62 63 43

Left
none
Best: none

Right
13 02x
03 72x
62 51x
63 52 41 30 27 16 05x
43 32x
Best: OR-NOT63 52 41 30 27 16: 6

XOR-NOT
01 11000001 3
12 01010101 4
23 11111001 6
34 01001100 3
45 00111001 4
56 00110100 3
67 01000110 3
70 01101010 4

02 01101011 5
13 01010011 4
24 01001010 3
35 10001010 3
46 11110010 5 match 0
57 10001101 4
60 11010011 5
71 01010100 3

03 01101101 5
14 11100000 3
25 10001100 3
36 01000001 2
47 01001011 4
50 00011000 2
61 11101101 6 match 2 4
72 11111110 7 match 3

04 11011110 6
15 00100110 3
26 01000111 4
37 11111000 5
40 11011110 6
51 00100110 3
62 01000111 4
73 11111000 5

05 00011000 2
16 11101101 6 match 2 4
27 11111110 7 match 3
30 01101101 5
41 11100000 3
52 10001100 3
63 01000001 2
74 01001011 4

06 11010011 5
17 01010100 3
20 01101011 5
31 01010011 4
42 01001010 3
53 10001010 3
64 11110010 5 match 0
75 10001101 4

07 01101010 4
10 11000001 3
21 01010101 4
32 11111001 6
43 01001100 3
54 00111001 4
65 00110100 3
76 01000110 3

Matching output
0 46 64
1 absent
2 61 16
3 72 27
4 61 16
5 absent
6 absent
7 absent

Left
46 57x
64 75x
Best: XOR-NOT46: 1

Right
none
Best: none

Selecting

Lefts
Identity none
NOT none
Constant none
AND none
OR none
XOR none
AND-NOT none
OR-NOT none
XOR-NOT XOR-NOT46: 1

Rights
Identity none
NOT NOT3: 1
Constant none
AND none
OR none
XOR none
AND-NOT none
OR-NOT OR-NOT63 52 41 30 27 16: 6
XOR-NOT none

Left longest: 1
Right longest: 6

Right winner: Identity no, NOT no, Constant no, AND no, OR no, XOR no, AND-NOT no, OR-NOT yes, XOR-NOT no
Left winner: Identity no, NOT no, Constant no, AND no, OR no, XOR no, AND-NOT no, OR-NOT no, XOR-NOT yes

Best right: OR-NOT63 52 41 30 27 16: 6
Best left: XOR-NOT46: 1

Truncated right: OR-NOT63 52 41 30 27 16: 6
Truncated left: XOR-NOT46: 1

Tentative from right
7 OR-NOT63
6 OR-NOT52
5 OR-NOT41
4 OR-NOT30
3 OR-NOT27
2 OR-NOT16
1 pending
0 pending

Tentative
0 XOR-NOT46
1 pending
2 OR-NOT16
3 OR-NOT27
4 OR-NOT30
5 OR-NOT41
6 OR-NOT52
7 OR-NOT63

Preferred from right
7 OR-NOT63
6 OR-NOT52
5 OR-NOT41
4 OR-NOT30
3 OR-NOT27
2 OR-NOT16
1 ?05
0 XOR-NOT46

Preferred from left
0 XOR-NOT46
1 ?05
2 OR-NOT16
3 OR-NOT27
4 OR-NOT30
5 OR-NOT41
6 OR-NOT52
7 OR-NOT63

Preferred
0 XOR-NOT46
1 ?05 ?50
2 OR-NOT16
3 OR-NOT27
4 OR-NOT30
5 OR-NOT41
6 OR-NOT52
7 OR-NOT63

Matching
0 XOR-NOT46
1 ?05 ?50 - Identity absent, NOT absent, Constant absent, AND absent, OR absent, XOR absent, AND-NOT absent, OR-NOT absent, XOR-NOT absent
2 OR-NOT16
3 OR-NOT27
4 OR-NOT30
5 OR-NOT41
6 OR-NOT52
7 OR-NOT63

Perfect match
Identity no
NOT no
Constant no
AND no
OR no
XOR no
AND-NOT no
OR-NOT no
XOR-NOT no

Matched
0 XOR-NOT46
1 none
2 OR-NOT16
3 OR-NOT27
4 OR-NOT30
5 OR-NOT41
6 OR-NOT52
7 OR-NOT63

Selected
0 XOR-NOT46
1 default 1
2 OR-NOT16
3 OR-NOT27
4 OR-NOT30
5 OR-NOT41
6 OR-NOT52
7 OR-NOT63

Applying to 00001010
Input
0 0
1 0
2 0
3 0
4 1
5 0
6 1
7 0
Output
0 XOR-NOT46 = XOR(1,NOT(1)) = 1
1 default 1 = 1
2 OR-NOT16 = OR(0,NOT(1)) = 0
3 OR-NOT27 = OR(0,NOT(0)) = 1
4 OR-NOT30 = OR(0,NOT(0)) = 1
5 OR-NOT41 = OR(1,NOT(0)) = 1
6 OR-NOT52 = OR(0,NOT(0)) = 1
7 OR-NOT63 = OR(1,NOT(0)) = 1

I will now return the answer in \boxed{}
The answer in \boxed{–} is \boxed{11011111}
[correct]
true
