[category]
bit_manipulation
[prompt]
In Alice's Wonderland, a secret bit manipulation rule transforms 8-bit binary numbers. The transformation involves operations like bit shifts, rotations, XOR, AND, OR, NOT, and possibly majority or choice functions.

Here are some examples of input -> output:
11100111 -> 00000011
00001000 -> 00000000
11001100 -> 00000011
01000111 -> 00000001
11110011 -> 00000011
00111010 -> 00000000
01001000 -> 00000001

Now, determine the output for: 11111011
[completion]
We need to deduce the transformation by matching the example outputs.
I will put my final answer inside \boxed{}.

Output 0: 00000011
0 0
1 0
2 0
3 0
4 0
5 0
6 1
7 1

Output 1: 00000000
0 0
1 0
2 0
3 0
4 0
5 0
6 0
7 0

Output 2: 00000011
0 0
1 0
2 0
3 0
4 0
5 0
6 1
7 1

Output 3: 00000001
0 0
1 0
2 0
3 0
4 0
5 0
6 0
7 1

Output 4: 00000011
0 0
1 0
2 0
3 0
4 0
5 0
6 1
7 1

Output 5: 00000000
0 0
1 0
2 0
3 0
4 0
5 0
6 0
7 0

Output 6: 00000001
0 0
1 0
2 0
3 0
4 0
5 0
6 0
7 1

Output bit columns (with bitsum as hash)
0 0000000 a
1 0000000 a
2 0000000 a
3 0000000 a
4 0000000 a
5 0000000 a
6 1010100 3
7 1011101 5

Input 0: 11100111
0 1
1 1
2 1
3 0
4 0
5 1
6 1
7 1

Input 1: 00001000
0 0
1 0
2 0
3 0
4 1
5 0
6 0
7 0

Input 2: 11001100
0 1
1 1
2 0
3 0
4 1
5 1
6 0
7 0

Input 3: 01000111
0 0
1 1
2 0
3 0
4 0
5 1
6 1
7 1

Input 4: 11110011
0 1
1 1
2 1
3 1
4 0
5 0
6 1
7 1

Input 5: 00111010
0 0
1 0
2 1
3 1
4 1
5 0
6 1
7 0

Input 6: 01001000
0 0
1 1
2 0
3 0
4 1
5 0
6 0
7 0

When matching output
x: not in operator
y: wrong position

Identity
0 1010100 3 match 6
1 1011101 5 match 7
2 1000110 3
3 0000110 2
4 0110011 4
5 1011000 3
6 1001110 4
7 1001100 3

Matching output
0 absent
1 absent
2 absent
3 absent
4 absent
5 absent
6 0
7 1

Left
none
Best: none

Right
1 0 7x
Best: I1 0: 2

NOT
0 0101011 4
1 0100010 2
2 0111001 4
3 1111001 5
4 1001100 3
5 0100111 4
6 0110001 3
7 0110011 4

Matching output
0 absent
1 absent
2 absent
3 absent
4 absent
5 absent
6 absent
7 absent

Left
none
Best: none

Right
none
Best: none

Constant
0 0000000 a match 0 1 2 3 4 5
1 1111111 a

Matching output
0 C0
1 C0
2 C0
3 C0
4 C0
5 C0
6 absent
7 absent

Left
0 0 0 0 0 0
Best: C0 0 0 0 0 0: 6

Right
none
Best: none

AND
01 10 1010100 3 match 6
12 21 1000100 2
23 32 0000110 2
34 43 0000010 1
45 54 0010000 1
56 65 1001000 2
67 76 1001100 3
70 07 1000100 2

02 20 1000100 2
13 31 0000100 1
24 42 0000010 1
35 53 0000000 a match 0 1 2 3 4 5
46 64 0000010 1
57 75 1001000 2
60 06 1000100 2
71 17 1001100 3

03 30 0000100 1
14 41 0010001 2
25 52 1000000 1
36 63 0000110 2
47 74 0000000 a match 0 1 2 3 4 5
50 05 1010000 2
61 16 1001100 3
72 27 1000100 2

04 40 0010000 1
15 51 1011000 3
26 62 1000110 3
37 73 0000100 1

Matching output
0 35 53 47 74
1 35 53 47 74
2 35 53 47 74
3 35 53 47 74
4 35 53 47 74
5 35 53 47 74
6 01 10
7 absent

Left
35 46x
53 64x
47 50x
74 05x
Best: AND35: 1

Right
none
Best: none

OR
01 10 1011101 5 match 7
12 21 1011111 6
23 32 1000110 3
34 43 0110111 5
45 54 1111011 6
56 65 1011110 5
67 76 1001110 4
70 07 1011100 4

02 20 1010110 4
13 31 1011111 6
24 42 1110111 6
35 53 1011110 5
46 64 1111111 a
57 75 1011100 4
60 06 1011110 5
71 17 1011101 5 match 7

03 30 1010110 4
14 41 1111111 a
25 52 1011110 5
36 63 1001110 4
47 74 1111111 a
50 05 1011100 4
61 16 1011111 6
72 27 1001110 4

04 40 1110111 6
15 51 1011101 5 match 7
26 62 1001110 4
37 73 1001110 4

Matching output
0 absent
1 absent
2 absent
3 absent
4 absent
5 absent
6 absent
7 01 10 71 17 15 51

Left
none
Best: none

Right
01 70x
10 07x
71 60x
17 06x
15 04x
51 40x
Best: OR01: 1

XOR
01 10 0001001 2
12 21 0011011 4
23 32 1000000 1
34 43 0110101 4
45 54 1101011 5
56 65 0010110 3
67 76 0000010 1
70 07 0011000 2

02 20 0010010 2
13 31 1011011 5
24 42 1110101 5
35 53 1011110 5
46 64 1111101 6
57 75 0010100 2
60 06 0011010 3
71 17 0010001 2

03 30 1010010 3
14 41 1101110 5
25 52 0011110 4
36 63 1001000 2
47 74 1111111 a
50 05 0001100 2
61 16 0010011 3
72 27 0001010 2

04 40 1100111 5
15 51 0000101 2
26 62 0001000 1
37 73 1001010 3

Matching output
0 absent
1 absent
2 absent
3 absent
4 absent
5 absent
6 absent
7 absent

Left
none
Best: none

Right
none
Best: none

AND-NOT
01 0000000 a match 0 1 2 3 4 5
12 0011001 3
23 1000000 1
34 0000100 1
45 0100011 3
56 0010000 1
67 0000010 1
70 0001000 1

02 0010000 1
13 1011001 4
24 1000100 2
35 0000110 2
46 0110001 3
57 0010000 1
60 0001010 2
71 0000000 a match 0 1 2 3 4 5

03 1010000 2
14 1001100 3
25 0000110 2
36 0000000 a match 0 1 2 3 4 5
47 0110011 4
50 0001000 1
61 0000010 1
72 0001000 1

04 1000100 2
15 0000101 2
26 0000000 a match 0 1 2 3 4 5
37 0000010 1
40 0100011 3
51 0000000 a match 0 1 2 3 4 5
62 0001000 1
73 1001000 2

05 0000100 1
16 0010001 2
27 0000010 1
30 0000010 1
41 0100010 2
52 0011000 2
63 1001000 2
74 1001100 3

06 0010000 1
17 0010001 2
20 0000010 1
31 0000010 1
42 0110001 3
53 1011000 3
64 1001100 3
75 0000100 1

07 0010000 1
10 0001001 2
21 0000010 1
32 0000000 a match 0 1 2 3 4 5
43 0110001 3
54 1001000 2
65 0000110 2
76 0000000 a match 0 1 2 3 4 5

Matching output
0 01 71 36 26 51 32 76
1 01 71 36 26 51 32 76
2 01 71 36 26 51 32 76
3 01 71 36 26 51 32 76
4 01 71 36 26 51 32 76
5 01 71 36 26 51 32 76
6 absent
7 absent

Left
01 12x
71 02x
36 47x
26 37x
51 62x
32 43x
76 07x
Best: AND-NOT01: 1

Right
none
Best: none

OR-NOT
01 1110110 5
12 1111101 6
23 1111111 a
34 1001110 4
45 0110111 5
56 1111001 5
67 1111111 a
70 1101111 6

02 1111101 6
13 1111101 6
24 1001110 4
35 0100111 4
46 0110011 4
57 1111011 6
60 1101111 6
71 1101110 5

03 1111101 6
14 1011101 5 match 7
25 1100111 5
36 0110111 5
47 0110011 4
50 1111011 6
61 1101110 5
72 1111101 6

04 1011100 4
15 1111111 a
26 1110111 6
37 0110111 5
40 0111011 5
51 1111010 5
62 1111111 a
73 1111101 6

05 1110111 6
16 1111101 6
27 1110111 6
30 0101111 5
41 0110011 4
52 1111001 5
63 1111111 a
74 1001100 3

06 1110101 5
17 1111111 a
20 1101111 6
31 0100110 3
42 0111011 5
53 1111001 5
64 1001110 4
75 1101111 6

07 1110111 6
10 1111111 a
21 1100110 4
32 0111111 6
43 1111011 6
54 1011100 4
65 1101111 6
76 1111101 6

Matching output
0 absent
1 absent
2 absent
3 absent
4 absent
5 absent
6 absent
7 14

Left
none
Best: none

Right
14 03x
Best: OR-NOT14: 1

XOR-NOT
01 1110110 5
12 1100100 3
23 0111111 6
34 1001010 3
45 0010100 2
56 1101001 4
67 1111101 6
70 1100111 5

02 1101101 5
13 0100100 2
24 0001010 2
35 0100001 2
46 0000010 1
57 1101011 5
60 1100101 4
71 1101110 5

03 0101101 4
14 0010001 2
25 1100001 3
36 0110111 5
47 0000000 a match 0 1 2 3 4 5
50 1110011 5
61 1101100 4
72 1110101 5

04 0011000 2
15 1111010 5
26 1110111 6
37 0110101 4
40 0011000 2
51 1111010 5
62 1110111 6
73 0110101 4

05 1110011 5
16 1101100 4
27 1110101 5
30 0101101 4
41 0010001 2
52 1100001 3
63 0110111 5
74 0000000 a match 0 1 2 3 4 5

06 1100101 4
17 1101110 5
20 1101101 5
31 0100100 2
42 0001010 2
53 0100001 2
64 0000010 1
75 1101011 5

07 1100111 5
10 1110110 5
21 1100100 3
32 0111111 6
43 1001010 3
54 0010100 2
65 1101001 4
76 1111101 6

Matching output
0 47 74
1 47 74
2 47 74
3 47 74
4 47 74
5 47 74
6 absent
7 absent

Left
47 50x
74 05x
Best: XOR-NOT47: 1

Right
none
Best: none

Selecting

Lefts
Identity none
NOT none
Constant C0 0 0 0 0 0: 6
AND AND35: 1
OR none
XOR none
AND-NOT AND-NOT01: 1
OR-NOT none
XOR-NOT XOR-NOT47: 1

Rights
Identity I1 0: 2
NOT none
Constant none
AND none
OR OR01: 1
XOR none
AND-NOT none
OR-NOT OR-NOT14: 1
XOR-NOT none

Left longest: 6
Right longest: 2

Left winner: Identity no, NOT no, Constant yes, AND no, OR no, XOR no, AND-NOT no, OR-NOT no, XOR-NOT no
Right winner: Identity yes, NOT no, Constant no, AND no, OR no, XOR no, AND-NOT no, OR-NOT no, XOR-NOT no

Best left: C0 0 0 0 0 0: 6
Best right: I1 0: 2

Truncated left: C0 0 0 0 0 0: 6
Truncated right: I1 0: 2

Tentative from right
7 I1
6 I0
5 pending
4 pending
3 pending
2 pending
1 pending
0 pending

Tentative
0 C0
1 C0
2 C0
3 C0
4 C0
5 C0
6 I0
7 I1

Preferred from left
0 C0
1 C0
2 C0
3 C0
4 C0
5 C0
6 I0
7 I1

Preferred from right
7 I1
6 I0
5 C0
4 C0
3 C0
2 C0
1 C0
0 C0

Preferred
0 C0
1 C0
2 C0
3 C0
4 C0
5 C0
6 I0
7 I1

Matching
0 C0
1 C0
2 C0
3 C0
4 C0
5 C0
6 I0
7 I1

Perfect match
Identity no
NOT no
Constant no
AND no
OR no
XOR no
AND-NOT no
OR-NOT no
XOR-NOT no

Matched
0 C0
1 C0
2 C0
3 C0
4 C0
5 C0
6 I0
7 I1

Selected
0 C0
1 C0
2 C0
3 C0
4 C0
5 C0
6 I0
7 I1

Applying to 11111011
Input
0 1
1 1
2 1
3 1
4 1
5 0
6 1
7 1
Output
0 C0 = 0
1 C0 = 0
2 C0 = 0
3 C0 = 0
4 C0 = 0
5 C0 = 0
6 I0 = 1
7 I1 = 1

I will now return the answer in \boxed{}
The answer in \boxed{–} is \boxed{00000011}
[correct]
true
