[category]
bit_manipulation
[prompt]
In Alice's Wonderland, a secret bit manipulation rule transforms 8-bit binary numbers. The transformation involves operations like bit shifts, rotations, XOR, AND, OR, NOT, and possibly majority or choice functions.

Here are some examples of input -> output:
01001111 -> 11101011
10110100 -> 10010011
11100110 -> 11011011
11110101 -> 10111001
10011010 -> 01010111
00100001 -> 00100101
00100110 -> 11000101

Now, determine the output for: 11111010
[completion]
We need to deduce the transformation by matching the example outputs.
I will put my final answer inside \boxed{}.

Output 0: 11101011
0 1
1 1
2 1
3 0
4 1
5 0
6 1
7 1

Output 1: 10010011
0 1
1 0
2 0
3 1
4 0
5 0
6 1
7 1

Output 2: 11011011
0 1
1 1
2 0
3 1
4 1
5 0
6 1
7 1

Output 3: 10111001
0 1
1 0
2 1
3 1
4 1
5 0
6 0
7 1

Output 4: 01010111
0 0
1 1
2 0
3 1
4 0
5 1
6 1
7 1

Output 5: 00100101
0 0
1 0
2 1
3 0
4 0
5 1
6 0
7 1

Output 6: 11000101
0 1
1 1
2 0
3 0
4 0
5 1
6 0
7 1

Output bit columns (with bitsum as hash)
0 1111001 5
1 1010101 4
2 1001010 3
3 0111100 4
4 1011000 3
5 0000111 3
6 1110100 4
7 1111111 a

Input 0: 01001111
0 0
1 1
2 0
3 0
4 1
5 1
6 1
7 1

Input 1: 10110100
0 1
1 0
2 1
3 1
4 0
5 1
6 0
7 0

Input 2: 11100110
0 1
1 1
2 1
3 0
4 0
5 1
6 1
7 0

Input 3: 11110101
0 1
1 1
2 1
3 1
4 0
5 1
6 0
7 1

Input 4: 10011010
0 1
1 0
2 0
3 1
4 1
5 0
6 1
7 0

Input 5: 00100001
0 0
1 0
2 1
3 0
4 0
5 0
6 0
7 1

Input 6: 00100110
0 0
1 0
2 1
3 0
4 0
5 1
6 1
7 0

When matching output
x: not in operator
y: wrong position

Identity
0 0111100 4 match 3
1 1011000 3 match 4
2 0111011 5
3 0101100 3
4 1000100 2
5 1111001 5 match 0
6 1010101 4 match 1
7 1001010 3 match 2

Matching output
0 5
1 6
2 7
3 0
4 1
5 absent
6 absent
7 absent

Left
5 6 7 0 1 2x
Best: I5 6 7 0 1: 5

Right
none
Best: none

NOT
0 1000011 3
1 0100111 4
2 1000100 2
3 1010011 4
4 0111011 5
5 0000110 2
6 0101010 3
7 0110101 4

Matching output
0 absent
1 absent
2 absent
3 absent
4 absent
5 absent
6 absent
7 absent

Left
none
Best: none

Right
none
Best: none

Constant
0 0000000 a
1 1111111 a match 7

Matching output
0 absent
1 absent
2 absent
3 absent
4 absent
5 absent
6 absent
7 C1

Left
none
Best: none

Right
1
Best: C1: 1

AND
01 10 0011000 2
12 21 0011000 2
23 32 0101000 2
34 43 0000100 1
45 54 1000000 1
56 65 1010001 3
67 76 1000000 1
70 07 0001000 1

02 20 0111000 3
13 31 0001000 1
24 42 0000000 a
35 53 0101000 2
46 64 1000100 2
57 75 1001000 2
60 06 0010100 2
71 17 1001000 2

03 30 0101100 3
14 41 1000000 1
25 52 0111001 4
36 63 0000100 1
47 74 1000000 1
50 05 0111000 3
61 16 1010000 2
72 27 0001010 2

04 40 0000100 1
15 51 1011000 3 match 4
26 62 0010001 2
37 73 0001000 1

Matching output
0 absent
1 absent
2 absent
3 absent
4 15 51
5 absent
6 absent
7 absent

Left
none
Best: none

Right
none
Best: none

OR
01 10 1111100 5
12 21 1111011 6
23 32 0111111 6
34 43 1101100 4
45 54 1111101 6
56 65 1111101 6
67 76 1011111 6
70 07 1111110 6

02 20 0111111 6
13 31 1111100 5
24 42 1111111 a match 7
35 53 1111101 6
46 64 1010101 4 match 1
57 75 1111011 6
60 06 1111101 6
71 17 1011010 4

03 30 0111100 4 match 3
14 41 1011100 4
25 52 1111011 6
36 63 1111101 6
47 74 1001110 4
50 05 1111101 6
61 16 1011101 5
72 27 1111011 6

04 40 1111100 5
15 51 1111001 5 match 0
26 62 1111111 a match 7
37 73 1101110 5

Matching output
0 15 51
1 46 64
2 absent
3 03 30
4 absent
5 absent
6 absent
7 24 42 26 62

Left
15 26y
51 62y
Best: OR15: 1

Right
24 13x
42 31x
26 15y
62 51y
Best: OR24: 1

XOR
01 10 1100100 3
12 21 1100011 4
23 32 0010111 4
34 43 1101000 3
45 54 0111101 5
56 65 0101100 3
67 76 0011111 5
70 07 1110110 5

02 20 0000111 3 match 5
13 31 1110100 4 match 6
24 42 1111111 a match 7
35 53 1010101 4 match 1
46 64 0010001 2
57 75 0110011 4
60 06 1101001 4
71 17 0010010 2

03 30 0010000 1
14 41 0011100 3
25 52 1000010 2
36 63 1111001 5 match 0
47 74 0001110 3
50 05 1000101 3
61 16 0001101 3
72 27 1110001 4

04 40 1111000 4
15 51 0100001 2
26 62 1101110 5
37 73 1100110 4

Matching output
0 36 63
1 35 53
2 absent
3 absent
4 absent
5 02 20
6 13 31
7 24 42

Left
36 47x
63 74x
Best: XOR36: 1

Right
24 13 02 71x
42 31 20 17x
Best: XOR24 13 02: 3

AND-NOT
01 0100100 2
12 1000000 1
23 0010011 3
34 0101000 2
45 0000100 1
56 0101000 2
67 0010101 3
70 1000010 2

02 0000100 1
13 1010000 2
24 0111011 5
35 0000100 1
46 0000000 a
57 0110001 3
60 1000001 2
71 0000010 1

03 0010000 1
14 0011000 2
25 0000010 1
36 0101000 2
47 0000100 1
50 1000001 2
61 0000101 2
72 1000000 1

04 0111000 3
15 0000000 a
26 0101010 3
37 0100100 2
40 1000000 1
51 0100001 2
62 1000100 2
73 1000010 2

05 0000100 1
16 0001000 1
27 0110001 3
30 0000000 a
41 0000100 1
52 1000000 1
63 1010001 3
74 0001010 2

06 0101000 2
17 0010000 1
20 0000011 2
31 0100100 2
42 1000100 2
53 1010001 3
64 0010001 2
75 0000010 1

07 0110100 3
10 1000000 1
21 0100011 3
32 0000100 1
43 1000000 1
54 0111001 4
65 0000100 1
76 0001010 2

Matching output
0 absent
1 absent
2 absent
3 absent
4 absent
5 absent
6 absent
7 absent

Left
none
Best: none

Right
none
Best: none

OR-NOT
01 0111111 6
12 1011100 4
23 1111011 6
34 0111111 6
45 1000110 3
56 1111011 6
67 1110101 5
70 1001011 4

02 1111100 5
13 1011011 5
24 0111011 5
35 0101110 4
46 1101110 5
57 1111101 6
60 1010111 5
71 1101111 6

03 1111111 a match 7
14 1111011 6
25 0111111 6
36 0101110 4
47 1110101 5
50 1111011 6
61 1110111 6
72 1001110 4

04 0111111 6
15 1011110 5
26 0111011 5
37 0111101 5
40 1000111 4
51 1111111 a match 7
62 1010101 4 match 1
73 1011011 5

05 0111110 5
16 1111010 5
27 0111111 6
30 1101111 6
41 1100111 5
52 1111101 6
63 1010111 5
74 1111011 6

06 0111110 5
17 1111101 6
20 1111011 6
31 0101111 5
42 1000100 2
53 1111011 6
64 1111111 a match 7
75 1001110 4

07 0111101 5
10 1011011 5
21 0111111 6
32 1101100 4
43 1010111 5
54 1111011 6
65 1010111 5
76 1101010 4

Matching output
0 absent
1 62
2 absent
3 absent
4 absent
5 absent
6 absent
7 03 51 64

Left
none
Best: none

Right
03 72x
51 40x
64 53x
Best: OR-NOT03: 1

XOR-NOT
01 0011011 4
12 0011100 3
23 1101000 3
34 0010111 4
45 1000010 2
56 1010011 4
67 1100000 2
70 0001001 2

02 1111000 4
13 0001011 3
24 0000000 a
35 0101010 3
46 1101110 5
57 1001100 3
60 0010110 3
71 1101101 5

03 1101111 6
14 1100011 4
25 0111101 5
36 0000110 2
47 1110001 4
50 0111010 4
61 1110010 4
72 0001110 3

04 0000111 3 match 5
15 1011110 5
26 0010001 2
37 0011001 3
40 0000111 3 match 5
51 1011110 5
62 0010001 2
73 0011001 3

05 0111010 4
16 1110010 4
27 0001110 3
30 1101111 6
41 1100011 4
52 0111101 5
63 0000110 2
74 1110001 4

06 0010110 3
17 1101101 5
20 1111000 4
31 0001011 3
42 0000000 a
53 0101010 3
64 1101110 5
75 1001100 3

07 0001001 2
10 0011011 4
21 0011100 3
32 1101000 3
43 0010111 4
54 1000010 2
65 1010011 4
76 1100000 2

Matching output
0 absent
1 absent
2 absent
3 absent
4 absent
5 04 40
6 absent
7 absent

Left
none
Best: none

Right
none
Best: none

Selecting

Lefts
Identity I5 6 7 0 1: 5
NOT none
Constant none
AND none
OR OR15: 1
XOR XOR36: 1
AND-NOT none
OR-NOT none
XOR-NOT none

Rights
Identity none
NOT none
Constant C1: 1
AND none
OR OR24: 1
XOR XOR24 13 02: 3
AND-NOT none
OR-NOT OR-NOT03: 1
XOR-NOT none

Left longest: 5
Right longest: 3

Left winner: Identity yes, NOT no, Constant no, AND no, OR no, XOR no, AND-NOT no, OR-NOT no, XOR-NOT no
Right winner: Identity no, NOT no, Constant no, AND no, OR no, XOR yes, AND-NOT no, OR-NOT no, XOR-NOT no

Best left: I5 6 7 0 1: 5
Best right: XOR24 13 02: 3

Truncated left: I5 6 7 0 1: 5
Truncated right: XOR24 13 02: 3

Tentative from right
7 XOR24
6 XOR13
5 XOR02
4 pending
3 pending
2 pending
1 pending
0 pending

Tentative
0 I5
1 I6
2 I7
3 I0
4 I1
5 XOR02
6 XOR13
7 XOR24

Preferred from left
0 I5
1 I6
2 I7
3 I0
4 I1
5 XOR02
6 XOR13
7 XOR24

Preferred from right
7 XOR24
6 XOR13
5 XOR02
4 I1
3 I0
2 I7
1 I6
0 I5

Preferred
0 I5
1 I6
2 I7
3 I0
4 I1
5 XOR02
6 XOR13
7 XOR24

Matching
0 I5
1 I6
2 I7
3 I0
4 I1
5 XOR02
6 XOR13
7 XOR24

Perfect match
Identity no
NOT no
Constant no
AND no
OR no
XOR no
AND-NOT no
OR-NOT no
XOR-NOT no

Matched
0 I5
1 I6
2 I7
3 I0
4 I1
5 XOR02
6 XOR13
7 XOR24

Selected
0 I5
1 I6
2 I7
3 I0
4 I1
5 XOR02
6 XOR13
7 XOR24

Applying to 11111010
Input
0 1
1 1
2 1
3 1
4 1
5 0
6 1
7 0
Output
0 I5 = 0
1 I6 = 1
2 I7 = 0
3 I0 = 1
4 I1 = 1
5 XOR02 = XOR(1,1) = 0
6 XOR13 = XOR(1,1) = 0
7 XOR24 = XOR(1,1) = 0

I will now return the answer in \boxed{}
The answer in \boxed{–} is \boxed{01011000}
[correct]
true
