[category]
bit_manipulation
[prompt]
In Alice's Wonderland, a secret bit manipulation rule transforms 8-bit binary numbers. The transformation involves operations like bit shifts, rotations, XOR, AND, OR, NOT, and possibly majority or choice functions.

Here are some examples of input -> output:
10001011 -> 01110001
11010101 -> 10111010
00001001 -> 00100001
10000101 -> 10110000
10110110 -> 11010110
01101100 -> 10001101
00010001 -> 00100010
00010010 -> 01000010

Now, determine the output for: 00010100
[completion]
We need to deduce the transformation by matching the example outputs.
I will put my final answer inside \boxed{}.

Output 0: 01110001
0 0
1 1
2 1
3 1
4 0
5 0
6 0
7 1

Output 1: 10111010
0 1
1 0
2 1
3 1
4 1
5 0
6 1
7 0

Output 2: 00100001
0 0
1 0
2 1
3 0
4 0
5 0
6 0
7 1

Output 3: 10110000
0 1
1 0
2 1
3 1
4 0
5 0
6 0
7 0

Output 4: 11010110
0 1
1 1
2 0
3 1
4 0
5 1
6 1
7 0

Output 5: 10001101
0 1
1 0
2 0
3 0
4 1
5 1
6 0
7 1

Output 6: 00100010
0 0
1 0
2 1
3 0
4 0
5 0
6 1
7 0

Output 7: 01000010
0 0
1 1
2 0
3 0
4 0
5 0
6 1
7 0

Output bit columns (with bitsum as hash)
0 01011100 4
1 10001001 3
2 11110010 5
3 11011000 4
4 01000100 2
5 00001100 2
6 01001011 4
7 10100100 3

Input 0: 10001011
0 1
1 0
2 0
3 0
4 1
5 0
6 1
7 1

Input 1: 11010101
0 1
1 1
2 0
3 1
4 0
5 1
6 0
7 1

Input 2: 00001001
0 0
1 0
2 0
3 0
4 1
5 0
6 0
7 1

Input 3: 10000101
0 1
1 0
2 0
3 0
4 0
5 1
6 0
7 1

Input 4: 10110110
0 1
1 0
2 1
3 1
4 0
5 1
6 1
7 0

Input 5: 01101100
0 0
1 1
2 1
3 0
4 1
5 1
6 0
7 0

Input 6: 00010001
0 0
1 0
2 0
3 1
4 0
5 0
6 0
7 1

Input 7: 00010010
0 0
1 0
2 0
3 1
4 0
5 0
6 1
7 0

When matching output
x: not in operator
y: wrong position

Identity
0 11011000 4 match 3
1 01000100 2 match 4
2 00001100 2 match 5
3 01001011 4 match 6
4 10100100 3 match 7
5 01011100 4 match 0
6 10001001 3 match 1
7 11110010 5 match 2

Matching output
0 5
1 6
2 7
3 0
4 1
5 2
6 3
7 4

Left
5 6 7 0 1 2 3 4
Best: I5 6 7 0 1 2 3 4: 8

Right
4 3 2 1 0 7 6 5
Best: I4 3 2 1 0 7 6 5: 8

NOT
0 00100111 4
1 10111011 6
2 11110011 6
3 10110100 4
4 01011011 5
5 10100011 4
6 01110110 5
7 00001101 3

Matching output
0 absent
1 absent
2 absent
3 absent
4 absent
5 absent
6 absent
7 absent

Left
none
Best: none

Right
none
Best: none

Constant
0 00000000 a
1 11111111 a

Matching output
0 absent
1 absent
2 absent
3 absent
4 absent
5 absent
6 absent
7 absent

Left
none
Best: none

Right
none
Best: none

AND
01 10 01000000 1
12 21 00000100 1
23 32 00001000 1
34 43 00000000 a
45 54 00000100 1
56 65 00001000 1
67 76 10000000 1
70 07 11010000 3

02 20 00001000 1
13 31 01000000 1
24 42 00000100 1
35 53 01001000 2
46 64 10000000 1
57 75 01010000 2
60 06 10001000 2
71 17 01000000 1

03 30 01001000 2
14 41 00000100 1
25 52 00001100 2 match 5
36 63 00001001 2
47 74 10100000 2
50 05 01011000 3
61 16 00000000 a
72 27 00000000 a

04 40 10000000 1
15 51 01000100 2 match 4
26 62 00001000 1
37 73 01000010 2

Matching output
0 absent
1 absent
2 absent
3 absent
4 15 51
5 25 52
6 absent
7 absent

Left
none
Best: none

Right
none
Best: none

OR
01 10 11011100 5
12 21 01001100 3
23 32 01001111 5
34 43 11101111 7
45 54 11111100 6
56 65 11011101 6
67 76 11111011 7
70 07 11111010 6

02 20 11011100 5
13 31 01001111 5
24 42 10101100 4
35 53 01011111 6
46 64 10101101 5
57 75 11111110 7
60 06 11011001 5
71 17 11110110 6

03 30 11011011 6
14 41 11100100 4
25 52 01011100 4 match 0
36 63 11001011 5
47 74 11110110 6
50 05 11011100 5
61 16 11001101 5
72 27 11111110 7

04 40 11111100 6
15 51 01011100 4 match 0
26 62 10001101 4
37 73 11111011 7

Matching output
0 25 52 15 51
1 absent
2 absent
3 absent
4 absent
5 absent
6 absent
7 absent

Left
25 36x
52 63x
15 26x
51 62x
Best: OR25: 1

Right
none
Best: none

XOR
01 10 10011100 4
12 21 01001000 2
23 32 01000111 4
34 43 11101111 7
45 54 11111000 5
56 65 11010101 5
67 76 01111011 6
70 07 00101010 3

02 20 11010100 4
13 31 00001111 4
24 42 10101000 3
35 53 00010111 4
46 64 00101101 4
57 75 10101110 5
60 06 01010001 3
71 17 10110110 5

03 30 10010011 4
14 41 11100000 3
25 52 01010000 2
36 63 11000010 3
47 74 01010110 4
50 05 10000100 2
61 16 11001101 5
72 27 11111110 7

04 40 01111100 5
15 51 00011000 2
26 62 10000101 3
37 73 10111001 5

Matching output
0 absent
1 absent
2 absent
3 absent
4 absent
5 absent
6 absent
7 absent

Left
none
Best: none

Right
none
Best: none

AND-NOT
01 10011000 3
12 01000000 1
23 00000100 1
34 01001011 4 match 6
45 10100000 2
56 01010100 3
67 00001001 2
70 00100010 2

02 11010000 3
13 00000100 1
24 00001000 1
35 00000011 2
46 00100100 2
57 00001100 2 match 5
60 00000001 1
71 10110010 4

03 10010000 2
14 01000000 1
25 00000000 a
36 01000010 2
47 00000100 1
50 00000100 1
61 10001001 3 match 1
72 11110010 5 match 2

04 01011000 3
15 00000000 a
26 00000100 1
37 00001001 2
40 00100100 2
51 00011000 2
62 10000001 2
73 10110000 3

05 10000000 1
16 01000100 2 match 4
27 00001100 2 match 5
30 00000011 2
41 10100000 2
52 01010000 2
63 10000000 1
74 01010010 3

06 01010000 2
17 00000100 1
20 00000100 1
31 00001011 3
42 10100000 2
53 00010100 2
64 00001001 2
75 10100010 3

07 00001000 1
10 00000100 1
21 00001000 1
32 01000011 3
43 10100100 3 match 7
54 01011000 3
65 10000001 2
76 01110010 4

Matching output
0 absent
1 61
2 72
3 absent
4 16
5 57 27
6 34
7 43

Left
none
Best: none

Right
43 32x
Best: AND-NOT43: 1

OR-NOT
01 11111011 7
12 11110111 7
23 10111100 5
34 01011011 5
45 10100111 5
56 01111110 6
67 10001101 4
70 11110111 7

02 11111011 7
13 11110100 5
24 01011111 6
35 11101011 6
46 11110110 6
57 01011101 5
60 10101111 6
71 11111011 7

03 11111100 6
14 01011111 6
25 10101111 6
36 01111111 7
47 10101101 5
50 01111111 7
61 10111011 6
72 11110011 6

04 11011011 6
15 11100111 6
26 01111110 6
37 01001111 5
40 10100111 5
51 11111111 a
62 11111011 7
73 11110110 6

05 11111011 7
16 01110110 5
27 00001101 3
30 01101111 6
41 10111111 7
52 11111111 a
63 10111101 6
74 11111011 7

06 11111110 7
17 01001101 4
20 00101111 5
31 11111011 7
42 11110111 7
53 11111100 6
64 11011011 6
75 11110011 6

07 11011101 6
10 01100111 5
21 10111111 7
32 11111011 7
43 10110100 4
54 01011111 6
65 10101011 5
76 11110110 6

Matching output
0 absent
1 absent
2 absent
3 absent
4 absent
5 absent
6 absent
7 absent

Left
none
Best: none

Right
none
Best: none

XOR-NOT
01 01100011 4
12 10110111 6
23 10111000 4
34 00010000 1
45 00000111 3
56 00101010 3
67 10000100 2
70 11010101 5

02 00101011 4
13 11110000 4
24 01010111 5
35 11101000 4
46 11010010 4
57 01010001 3
60 10101110 5
71 01001001 3

03 01101100 4
14 00011111 5
25 10101111 6
36 00111101 5
47 10101001 4
50 01111011 6
61 00110010 3
72 00000001 1

04 10000011 3
15 11100111 6
26 01111010 5
37 01000110 3
40 10000011 3
51 11100111 6
62 01111010 5
73 01000110 3

05 01111011 6
16 00110010 3
27 00000001 1
30 01101100 4
41 00011111 5
52 10101111 6
63 00111101 5
74 10101001 4

06 10101110 5
17 01001001 3
20 00101011 4
31 11110000 4
42 01010111 5
53 11101000 4
64 11010010 4
75 01010001 3

07 11010101 5
10 01100011 4
21 10110111 6
32 10111000 4
43 00010000 1
54 00000111 3
65 00101010 3
76 10000100 2

Matching output
0 absent
1 absent
2 absent
3 absent
4 absent
5 absent
6 absent
7 absent

Left
none
Best: none

Right
none
Best: none

Selecting

Lefts
Identity I5 6 7 0 1 2 3 4: 8
NOT none
Constant none
AND none
OR OR25: 1
XOR none
AND-NOT none
OR-NOT none
XOR-NOT none

Rights
Identity I4 3 2 1 0 7 6 5: 8
NOT none
Constant none
AND none
OR none
XOR none
AND-NOT AND-NOT43: 1
OR-NOT none
XOR-NOT none

Left longest: 8
Right longest: 8

Left winner: Identity yes, NOT no, Constant no, AND no, OR no, XOR no, AND-NOT no, OR-NOT no, XOR-NOT no
Right winner: Identity yes, NOT no, Constant no, AND no, OR no, XOR no, AND-NOT no, OR-NOT no, XOR-NOT no

Best left: I5 6 7 0 1 2 3 4: 8
Best right: I4 3 2 1 0 7 6 5: 8

Truncated left: I5 6 7 0 1 2 3 4: 8
Truncated right: none truncated

Tentative from right
7 pending
6 pending
5 pending
4 pending
3 pending
2 pending
1 pending
0 pending

Tentative
0 I5
1 I6
2 I7
3 I0
4 I1
5 I2
6 I3
7 I4

Preferred from left
0 I5
1 I6
2 I7
3 I0
4 I1
5 I2
6 I3
7 I4

Preferred from right
7 I4
6 I3
5 I2
4 I1
3 I0
2 I7
1 I6
0 I5

Preferred
0 I5
1 I6
2 I7
3 I0
4 I1
5 I2
6 I3
7 I4

Matching
0 I5
1 I6
2 I7
3 I0
4 I1
5 I2
6 I3
7 I4

Perfect match
Identity no
NOT no
Constant no
AND no
OR no
XOR no
AND-NOT no
OR-NOT no
XOR-NOT no

Matched
0 I5
1 I6
2 I7
3 I0
4 I1
5 I2
6 I3
7 I4

Selected
0 I5
1 I6
2 I7
3 I0
4 I1
5 I2
6 I3
7 I4

Applying to 00010100
Input
0 0
1 0
2 0
3 1
4 0
5 1
6 0
7 0
Output
0 I5 = 1
1 I6 = 0
2 I7 = 0
3 I0 = 0
4 I1 = 0
5 I2 = 0
6 I3 = 1
7 I4 = 0

I will now return the answer in \boxed{}
The answer in \boxed{–} is \boxed{10000010}
[correct]
true
