[category]
bit_manipulation
[prompt]
In Alice's Wonderland, a secret bit manipulation rule transforms 8-bit binary numbers. The transformation involves operations like bit shifts, rotations, XOR, AND, OR, NOT, and possibly majority or choice functions.

Here are some examples of input -> output:
00101111 -> 00010001
01010011 -> 10001000
00100010 -> 00010001
00100000 -> 00000000
11111110 -> 01110111
00110100 -> 00000000
01000111 -> 00100010
01111000 -> 00000000

Now, determine the output for: 01001101
[completion]
We need to deduce the transformation by matching the example outputs.
I will put my final answer inside \boxed{}.

Output 0: 00010001
0 0
1 0
2 0
3 1
4 0
5 0
6 0
7 1

Output 1: 10001000
0 1
1 0
2 0
3 0
4 1
5 0
6 0
7 0

Output 2: 00010001
0 0
1 0
2 0
3 1
4 0
5 0
6 0
7 1

Output 3: 00000000
0 0
1 0
2 0
3 0
4 0
5 0
6 0
7 0

Output 4: 01110111
0 0
1 1
2 1
3 1
4 0
5 1
6 1
7 1

Output 5: 00000000
0 0
1 0
2 0
3 0
4 0
5 0
6 0
7 0

Output 6: 00100010
0 0
1 0
2 1
3 0
4 0
5 0
6 1
7 0

Output 7: 00000000
0 0
1 0
2 0
3 0
4 0
5 0
6 0
7 0

Output bit columns (with bitsum as hash)
0 01000000 1
1 00001000 1
2 00001010 2
3 10101000 3
4 01000000 1
5 00001000 1
6 00001010 2
7 10101000 3

Input 0: 00101111
0 0
1 0
2 1
3 0
4 1
5 1
6 1
7 1

Input 1: 01010011
0 0
1 1
2 0
3 1
4 0
5 0
6 1
7 1

Input 2: 00100010
0 0
1 0
2 1
3 0
4 0
5 0
6 1
7 0

Input 3: 00100000
0 0
1 0
2 1
3 0
4 0
5 0
6 0
7 0

Input 4: 11111110
0 1
1 1
2 1
3 1
4 1
5 1
6 1
7 0

Input 5: 00110100
0 0
1 0
2 1
3 1
4 0
5 1
6 0
7 0

Input 6: 01000111
0 0
1 1
2 0
3 0
4 0
5 1
6 1
7 1

Input 7: 01111000
0 0
1 1
2 1
3 1
4 1
5 0
6 0
7 0

When matching output
x: not in operator
y: wrong position

Identity
0 00001000 1 match 1 5
1 01001011 4
2 10111101 6
3 01001101 4
4 10001001 3
5 10001110 4
6 11101010 5
7 11000010 3

Matching output
0 absent
1 0
2 absent
3 absent
4 absent
5 0
6 absent
7 absent

Left
none
Best: none

Right
none
Best: none

NOT
0 11110111 7
1 10110100 4
2 01000010 2
3 10110010 4
4 01110110 5
5 01110001 4
6 00010101 3
7 00111101 5

Matching output
0 absent
1 absent
2 absent
3 absent
4 absent
5 absent
6 absent
7 absent

Left
none
Best: none

Right
none
Best: none

Constant
0 00000000 a
1 11111111 a

Matching output
0 absent
1 absent
2 absent
3 absent
4 absent
5 absent
6 absent
7 absent

Left
none
Best: none

Right
none
Best: none

AND
01 10 00001000 1 match 1 5
12 21 00001001 2
23 32 00001101 3
34 43 00001001 2
45 54 10001000 2
56 65 10001010 3
67 76 11000010 3
70 07 00000000 a

02 20 00001000 1 match 1 5
13 31 01001001 3
24 42 10001001 3
35 53 00001100 2
46 64 10001000 2
57 75 10000010 2
60 06 00001000 1 match 1 5
71 17 01000010 2

03 30 00001000 1 match 1 5
14 41 00001001 2
25 52 10001100 3
36 63 01001000 2
47 74 10000000 1
50 05 00001000 1 match 1 5
61 16 01001010 3
72 27 10000000 1

04 40 00001000 1 match 1 5
15 51 00001010 2 match 2 6
26 62 10101000 3 match 3 7
37 73 01000000 1 match 0 4

Matching output
0 37 73
1 01 10 02 20 60 06 03 30 50 05 04 40
2 15 51
3 26 62
4 37 73
5 01 10 02 20 60 06 03 30 50 05 04 40
6 15 51
7 26 62

Left
37 40 51 62 73 04 15 26
73 04 15 26 37 40 51 62
Best: AND37 40 51 62 73 04 15 26: 8

Right
26 15 04 73 62 51 40 37
62 51 40 37 26 15 04 73
Best: AND26 15 04 73 62 51 40 37: 8

OR
01 10 01001011 4
12 21 11111111 a
23 32 11111101 7
34 43 11001101 5
45 54 10001111 5
56 65 11101110 6
67 76 11101010 5
70 07 11001010 4

02 20 10111101 6
13 31 01001111 5
24 42 10111101 6
35 53 11001111 6
46 64 11101011 6
57 75 11001110 5
60 06 11101010 5
71 17 11001011 5

03 30 01001101 4
14 41 11001011 5
25 52 10111111 7
36 63 11101111 7
47 74 11001011 5
50 05 10001110 4
61 16 11101011 6
72 27 11111111 a

04 40 10001001 3
15 51 11001111 6
26 62 11111111 a
37 73 11001111 6

Matching output
0 absent
1 absent
2 absent
3 absent
4 absent
5 absent
6 absent
7 absent

Left
none
Best: none

Right
none
Best: none

XOR
01 10 01000011 3
12 21 11110110 6
23 32 11110000 4
34 43 11000100 3
45 54 00000111 3
56 65 01100100 3
67 76 00101000 2
70 07 11001010 4

02 20 10110101 5
13 31 00000110 2
24 42 00110100 3
35 53 11000011 4
46 64 01100011 4
57 75 01001100 3
60 06 11100010 4
71 17 10001001 3

03 30 01000101 3
14 41 11000010 3
25 52 00110011 4
36 63 10100111 5
47 74 01001011 4
50 05 10000110 3
61 16 10100001 3
72 27 01111111 7

04 40 10000001 2
15 51 11000101 4
26 62 01010111 5
37 73 10001111 5

Matching output
0 absent
1 absent
2 absent
3 absent
4 absent
5 absent
6 absent
7 absent

Left
none
Best: none

Right
none
Best: none

AND-NOT
01 00000000 a
12 01000010 2
23 10110000 3
34 01000100 2
45 00000001 1
56 00000100 1
67 00101000 2
70 11000010 3

02 00000000 a
13 00000010 1
24 00110100 3
35 01000001 2
46 00000001 1
57 00001100 2
60 11100010 4
71 10000000 1

03 00000000 a
14 01000010 2
25 00110001 3
36 00000101 2
47 00001001 2
50 10000110 3
61 10100000 2
72 01000010 2

04 00000000 a
15 01000001 2
26 00010101 3
37 00001101 3
40 10000001 2
51 10000100 2
62 01000010 2
73 10000010 2

05 00000000 a
16 00000001 1
27 00111101 5
30 01000101 3
41 10000000 1
52 00000010 1
63 10100010 3
74 01000010 2

06 00000000 a
17 00001001 2
20 10110101 5
31 00000100 1
42 00000000 a
53 10000010 2
64 01100010 3
75 01000000 1 match 0 4

07 00001000 1 match 1 5
10 01000011 3
21 10110100 4
32 01000000 1 match 0 4
43 10000000 1
54 00000110 2
65 01100000 2
76 00000000 a

Matching output
0 75 32
1 07
2 absent
3 absent
4 75 32
5 07
6 absent
7 absent

Left
75 06x
32 43x
Best: AND-NOT75: 1

Right
none
Best: none

OR-NOT
01 10111100 5
12 01001011 4
23 10111111 7
34 01111111 7
45 11111001 6
56 10011111 6
67 11111111 a
70 11110111 7

02 01001010 3
13 11111011 7
24 11111111 a
35 01111101 6
46 10011101 5
57 10111111 7
60 11111111 a
71 11110110 6

03 10111010 5
14 01111111 7
25 11111101 7
36 01011101 5
47 10111101 6
50 11111111 a
61 11111110 7
72 11000010 3

04 01111110 6
15 01111011 6
26 10111101 6
37 01111101 6
40 11111111 a
51 10111110 6
62 11101010 5
73 11110010 5

05 01111001 5
16 01011111 6
27 10111101 6
30 11111111 a
41 10111101 6
52 11001110 5
63 11111010 6
74 11110110 6

06 00011101 4
17 01111111 7
20 11111111 a
31 11111101 7
42 11001011 5
53 10111110 6
64 11111110 7
75 11110011 6

07 00111101 5
10 11111111 a
21 10111101 6
32 01001111 5
43 10111011 6
54 11111110 7
65 11111011 7
76 11010111 6

Matching output
0 absent
1 absent
2 absent
3 absent
4 absent
5 absent
6 absent
7 absent

Left
none
Best: none

Right
none
Best: none

XOR-NOT
01 10111100 5
12 00001001 2
23 00001111 4
34 00111011 5
45 11111000 5
56 10011011 5
67 11010111 6
70 00110101 4

02 01001010 3
13 11111001 6
24 11001011 5
35 00111100 4
46 10011100 4
57 10110011 5
60 00011101 4
71 01110110 5

03 10111010 5
14 00111101 5
25 11001100 4
36 01011000 3
47 10110100 4
50 01111001 5
61 01011110 5
72 10000000 1

04 01111110 6
15 00111010 4
26 10101000 3 match 3 7
37 01110000 3
40 01111110 6
51 00111010 4
62 10101000 3 match 3 7
73 01110000 3

05 01111001 5
16 01011110 5
27 10000000 1
30 10111010 5
41 00111101 5
52 11001100 4
63 01011000 3
74 10110100 4

06 00011101 4
17 01110110 5
20 01001010 3
31 11111001 6
42 11001011 5
53 00111100 4
64 10011100 4
75 10110011 5

07 00110101 4
10 10111100 5
21 00001001 2
32 00001111 4
43 00111011 5
54 11111000 5
65 10011011 5
76 11010111 6

Matching output
0 absent
1 absent
2 absent
3 26 62
4 absent
5 absent
6 absent
7 26 62

Left
none
Best: none

Right
26 15x
62 51x
Best: XOR-NOT26: 1

Selecting

Lefts
Identity none
NOT none
Constant none
AND AND37 40 51 62 73 04 15 26: 8
OR none
XOR none
AND-NOT AND-NOT75: 1
OR-NOT none
XOR-NOT none

Rights
Identity none
NOT none
Constant none
AND AND26 15 04 73 62 51 40 37: 8
OR none
XOR none
AND-NOT none
OR-NOT none
XOR-NOT XOR-NOT26: 1

Left longest: 8
Right longest: 8

Left winner: Identity no, NOT no, Constant no, AND yes, OR no, XOR no, AND-NOT no, OR-NOT no, XOR-NOT no
Right winner: Identity no, NOT no, Constant no, AND yes, OR no, XOR no, AND-NOT no, OR-NOT no, XOR-NOT no

Best left: AND37 40 51 62 73 04 15 26: 8
Best right: AND26 15 04 73 62 51 40 37: 8

Truncated left: AND37 40 51 62 73 04 15 26: 8
Truncated right: none truncated

Tentative from right
7 pending
6 pending
5 pending
4 pending
3 pending
2 pending
1 pending
0 pending

Tentative
0 AND37
1 AND40
2 AND51
3 AND62
4 AND73
5 AND04
6 AND15
7 AND26

Preferred from left
0 AND37
1 AND40
2 AND51
3 AND62
4 AND73
5 AND04
6 AND15
7 AND26

Preferred from right
7 AND26
6 AND15
5 AND04
4 AND73
3 AND62
2 AND51
1 AND40
0 AND37

Preferred
0 AND37
1 AND40
2 AND51
3 AND62
4 AND73
5 AND04
6 AND15
7 AND26

Matching
0 AND37
1 AND40
2 AND51
3 AND62
4 AND73
5 AND04
6 AND15
7 AND26

Perfect match
Identity no
NOT no
Constant no
AND no
OR no
XOR no
AND-NOT no
OR-NOT no
XOR-NOT no

Matched
0 AND37
1 AND40
2 AND51
3 AND62
4 AND73
5 AND04
6 AND15
7 AND26

Selected
0 AND37
1 AND40
2 AND51
3 AND62
4 AND73
5 AND04
6 AND15
7 AND26

Applying to 01001101
Input
0 0
1 1
2 0
3 0
4 1
5 1
6 0
7 1
Output
0 AND37 = AND(0,1) = 0
1 AND40 = AND(1,0) = 0
2 AND51 = AND(1,1) = 1
3 AND62 = AND(0,0) = 0
4 AND73 = AND(1,0) = 0
5 AND04 = AND(0,1) = 0
6 AND15 = AND(1,1) = 1
7 AND26 = AND(0,0) = 0

I will now return the answer in \boxed{}
The answer in \boxed{–} is \boxed{00100010}
[correct]
true
