[category]
bit_manipulation
[prompt]
In Alice's Wonderland, a secret bit manipulation rule transforms 8-bit binary numbers. The transformation involves operations like bit shifts, rotations, XOR, AND, OR, NOT, and possibly majority or choice functions.

Here are some examples of input -> output:
11100111 -> 10111001
11000110 -> 01110101
10111001 -> 01111111
11111010 -> 10111110
00010111 -> 01100111
01000011 -> 00110010
11010101 -> 11111101
00000110 -> 01100111
10110010 -> 10111101
00011111 -> 01000111

Now, determine the output for: 10111000
[completion]
We need to deduce the transformation by matching the example outputs.
I will put my final answer inside \boxed{}.

Output 0: 10111001
0 1
1 0
2 1
3 1
4 1
5 0
6 0
7 1

Output 1: 01110101
0 0
1 1
2 1
3 1
4 0
5 1
6 0
7 1

Output 2: 01111111
0 0
1 1
2 1
3 1
4 1
5 1
6 1
7 1

Output 3: 10111110
0 1
1 0
2 1
3 1
4 1
5 1
6 1
7 0

Output 4: 01100111
0 0
1 1
2 1
3 0
4 0
5 1
6 1
7 1

Output 5: 00110010
0 0
1 0
2 1
3 1
4 0
5 0
6 1
7 0

Output 6: 11111101
0 1
1 1
2 1
3 1
4 1
5 1
6 0
7 1

Output 7: 01100111
0 0
1 1
2 1
3 0
4 0
5 1
6 1
7 1

Output 8: 10111101
0 1
1 0
2 1
3 1
4 1
5 1
6 0
7 1

Output 9: 01000111
0 0
1 1
2 0
3 0
4 0
5 1
6 1
7 1

Output bit columns (with bitsum as hash)
0 1001001010 4
1 0110101101 6
2 1111111110 9
3 1111011010 7
4 1011001010 5
5 0111101111 8
6 0011110101 6
7 1110101111 8

Input 0: 11100111
0 1
1 1
2 1
3 0
4 0
5 1
6 1
7 1

Input 1: 11000110
0 1
1 1
2 0
3 0
4 0
5 1
6 1
7 0

Input 2: 10111001
0 1
1 0
2 1
3 1
4 1
5 0
6 0
7 1

Input 3: 11111010
0 1
1 1
2 1
3 1
4 1
5 0
6 1
7 0

Input 4: 00010111
0 0
1 0
2 0
3 1
4 0
5 1
6 1
7 1

Input 5: 01000011
0 0
1 1
2 0
3 0
4 0
5 0
6 1
7 1

Input 6: 11010101
0 1
1 1
2 0
3 1
4 0
5 1
6 0
7 1

Input 7: 00000110
0 0
1 0
2 0
3 0
4 0
5 1
6 1
7 0

Input 8: 10110010
0 1
1 0
2 1
3 1
4 0
5 0
6 1
7 0

Input 9: 00011111
0 0
1 0
2 0
3 1
4 1
5 1
6 1
7 1

When matching output
x: not in operator
y: wrong position

Identity
0 1111001010 6
1 1101011000 5
2 1011000010 4
3 0011101011 6
4 0011000001 3
5 1100101101 6
6 1101110111 8
7 1010111001 6

Matching output
0 absent
1 absent
2 absent
3 absent
4 absent
5 absent
6 absent
7 absent

Left
none
Best: none

Right
none
Best: none

NOT
0 0000110101 4
1 0010100111 5
2 0100111101 6
3 1100010100 4
4 1100111110 7
5 0011010010 4
6 0010001000 2
7 0101000110 4

Matching output
0 absent
1 absent
2 absent
3 absent
4 absent
5 absent
6 absent
7 absent

Left
none
Best: none

Right
none
Best: none

Constant
0 0000000000 a
1 1111111111 a

Matching output
0 absent
1 absent
2 absent
3 absent
4 absent
5 absent
6 absent
7 absent

Left
none
Best: none

Right
none
Best: none

AND
01 10 1101001000 4
12 21 1001000000 2
23 32 0011000010 3
34 43 0011000001 3
45 54 0000000001 1
56 65 1100100101 5
67 76 1000110001 4
70 07 1010001000 3

02 20 1011000010 4
13 31 0001001000 2
24 42 0011000000 2
35 53 0000101001 3
46 64 0001000001 2
57 75 1000101001 4
60 06 1101000010 4
71 17 1000011000 3

03 30 0011001010 4
14 41 0001000000 1
25 52 1000000000 1
36 63 0001100011 4
47 74 0010000001 2
50 05 1100001000 3
61 16 1101010000 4
72 27 1010000000 2

04 40 0011000000 2
15 51 1100001000 3
26 62 1001000010 3
37 73 0010101001 4

Matching output
0 absent
1 absent
2 absent
3 absent
4 absent
5 absent
6 absent
7 absent

Left
none
Best: none

Right
none
Best: none

OR
01 10 1111011010 7 match 3
12 21 1111011010 7 match 3
23 32 1011101011 7
34 43 0011101011 6
45 54 1111101101 8
56 65 1101111111 9
67 76 1111111111 a
70 07 1111111011 9

02 20 1111001010 6
13 31 1111111011 9
24 42 1011000011 5
35 53 1111101111 9
46 64 1111110111 9
57 75 1110111101 8
60 06 1111111111 a
71 17 1111111001 8

03 30 1111101011 8
14 41 1111011001 7
25 52 1111101111 9
36 63 1111111111 a
47 74 1011111001 7
50 05 1111101111 9
61 16 1101111111 9
72 27 1011111011 8

04 40 1111001011 7
15 51 1101111101 8
26 62 1111110111 9
37 73 1011111011 8

Matching output
0 absent
1 absent
2 absent
3 01 10 12 21
4 absent
5 absent
6 absent
7 absent

Left
none
Best: none

Right
none
Best: none

XOR
01 10 0010010010 3
12 21 0110011010 5
23 32 1000101001 4
34 43 0000101010 3
45 54 1111101100 7
56 65 0001011010 4
67 76 0111001110 6
70 07 0101110011 6

02 20 0100001000 2
13 31 1110110011 7
24 42 1000000011 3
35 53 1111000110 6
46 64 1110110110 7
57 75 0110010100 4
60 06 0010111101 6
71 17 0111100001 5

03 30 1100100001 4
14 41 1110011001 6
25 52 0111101111 8 match 5
36 63 1110011100 6
47 74 1001111000 5
50 05 0011100111 6
61 16 0000101111 5
72 27 0001111011 6

04 40 1100001011 5
15 51 0001110101 5
26 62 0110110101 6
37 73 1001010010 4

Matching output
0 absent
1 absent
2 absent
3 absent
4 absent
5 25 52
6 absent
7 absent

Left
none
Best: none

Right
none
Best: none

AND-NOT
01 0010000010 2
12 0100011000 3
23 1000000000 1
34 0000101010 3
45 0011000000 2
56 0000001000 1
67 0101000110 4
70 0000110001 3

02 0100001000 2
13 1100010000 3
24 1000000010 2
35 0011000010 3
46 0010000000 1
57 0100000100 2
60 0000110101 4
71 0010100001 3

03 1100000000 2
14 1100011000 4
25 0011000010 3
36 0010001000 2
47 0001000000 1
50 0000100101 3
61 0000100111 4
72 0000111001 4

04 1100001010 4
15 0001010000 2
26 0010000000 1
37 0001000010 2
40 0000000001 1
51 0000100101 3
62 0100110101 5
73 1000010000 2

05 0011000010 3
16 0000001000 1
27 0001000010 2
30 0000100001 2
41 0010000001 2
52 0100101101 5
63 1100010100 4
74 1000111000 4

06 0010001000 2
17 0101000000 2
20 0000000000 a
31 0010100011 4
42 0000000001 1
53 1100000100 3
64 1100110110 6
75 0010010000 2

07 0101000010 3
10 0000010000 1
21 0010000010 2
32 0000101001 3
43 0000000000 a
54 1100101100 5
65 0001010010 3
76 0010001000 2

Matching output
0 absent
1 absent
2 absent
3 absent
4 absent
5 absent
6 absent
7 absent

Left
none
Best: none

Right
none
Best: none

OR-NOT
01 1111101111 9
12 1101111101 8
23 1111010110 7
34 1111111111 a
45 0011010011 5
56 1110101101 7
67 1101110111 8
70 1010111101 7

02 1111111111 a
13 1101011100 6
24 1111111110 9 match 2
35 0011111011 7
46 0011001001 4
57 1101101111 8
60 1101110111 8
71 1010111111 8

03 1111011110 8
14 1101111110 8
25 1011010010 5
36 0011101011 6
47 0111000111 6
50 1100111101 7
61 1111110111 9
72 1110111101 8

04 1111111110 9 match 2
15 1111011010 7 match 3
26 1011001010 5 match 4
37 0111101111 8 match 5
40 0011110101 6 match 6
51 1110101111 8 match 7
62 1101111111 9
73 1110111101 8

05 1111011010 7 match 3
16 1111011000 6
27 1111000110 6
30 0011111111 8
41 0011100111 6
52 1100111101 7
63 1101110111 8
74 1110111111 9

06 1111001010 6
17 1101011110 7
20 1011110111 8
31 0011101111 7
42 0111111101 8
53 1100111101 7
64 1101111111 9
75 1011111011 8

07 1111001110 7
10 1101111101 8
21 1011100111 7
32 0111111111 9
43 1111010101 7
54 1100111111 8
65 1111110111 9
76 1010111001 6

Matching output
0 absent
1 absent
2 24 04
3 15 05
4 26
5 37
6 40
7 51

Left
none
Best: none

Right
51 40 37 26 15 04 73x
Best: OR-NOT51 40 37 26 15 04: 6

XOR-NOT
01 1101101101 7
12 1001100101 5
23 0111010110 6
34 1111010101 7
45 0000010011 3
56 1110100101 6
67 1000110001 4
70 1010001100 4

02 1011110111 8
13 0001001100 3
24 0111111100 7
35 0000111001 4
46 0001001001 3
57 1001101011 6
60 1101000010 4
71 1000011110 5

03 0011011110 6
14 0001100110 4
25 1000010000 2
36 0001100011 4
47 0110000111 5
50 1100011000 4
61 1111010000 5
72 1110000100 4

04 0011110100 5
15 1110001010 5
26 1001001010 4 match 0
37 0110101101 6 match 1
40 0011110100 5
51 1110001010 5
62 1001001010 4 match 0
73 0110101101 6 match 1

05 1100011000 4
16 1111010000 5
27 1110000100 4
30 0011011110 6
41 0001100110 4
52 1000010000 2
63 0001100011 4
74 0110000111 5

06 1101000010 4
17 1000011110 5
20 1011110111 8
31 0001001100 3
42 0111111100 7
53 0000111001 4
64 0001001001 3
75 1001101011 6

07 1010001100 4
10 1101101101 7
21 1001100101 5
32 0111010110 6
43 1111010101 7
54 0000010011 3
65 1110100101 6
76 1000110001 4

Matching output
0 26 62
1 37 73
2 absent
3 absent
4 absent
5 absent
6 absent
7 absent

Left
26 37 40x
62 73 04x
Best: XOR-NOT26 37: 2

Right
none
Best: none

Selecting

Lefts
Identity none
NOT none
Constant none
AND none
OR none
XOR none
AND-NOT none
OR-NOT none
XOR-NOT XOR-NOT26 37: 2

Rights
Identity none
NOT none
Constant none
AND none
OR none
XOR none
AND-NOT none
OR-NOT OR-NOT51 40 37 26 15 04: 6
XOR-NOT none

Left longest: 2
Right longest: 6

Right winner: Identity no, NOT no, Constant no, AND no, OR no, XOR no, AND-NOT no, OR-NOT yes, XOR-NOT no
Left winner: Identity no, NOT no, Constant no, AND no, OR no, XOR no, AND-NOT no, OR-NOT no, XOR-NOT yes

Best right: OR-NOT51 40 37 26 15 04: 6
Best left: XOR-NOT26 37: 2

Truncated right: OR-NOT51 40 37 26 15 04: 6
Truncated left: XOR-NOT26 37: 2

Tentative from right
7 OR-NOT51
6 OR-NOT40
5 OR-NOT37
4 OR-NOT26
3 OR-NOT15
2 OR-NOT04
1 pending
0 pending

Tentative
0 XOR-NOT26
1 XOR-NOT37
2 OR-NOT04
3 OR-NOT15
4 OR-NOT26
5 OR-NOT37
6 OR-NOT40
7 OR-NOT51

Preferred from right
7 OR-NOT51
6 OR-NOT40
5 OR-NOT37
4 OR-NOT26
3 OR-NOT15
2 OR-NOT04
1 XOR-NOT37
0 XOR-NOT26

Preferred from left
0 XOR-NOT26
1 XOR-NOT37
2 OR-NOT04
3 OR-NOT15
4 OR-NOT26
5 OR-NOT37
6 OR-NOT40
7 OR-NOT51

Preferred
0 XOR-NOT26
1 XOR-NOT37
2 OR-NOT04
3 OR-NOT15
4 OR-NOT26
5 OR-NOT37
6 OR-NOT40
7 OR-NOT51

Matching
0 XOR-NOT26
1 XOR-NOT37
2 OR-NOT04
3 OR-NOT15
4 OR-NOT26
5 OR-NOT37
6 OR-NOT40
7 OR-NOT51

Perfect match
Identity no
NOT no
Constant no
AND no
OR no
XOR no
AND-NOT no
OR-NOT no
XOR-NOT no

Matched
0 XOR-NOT26
1 XOR-NOT37
2 OR-NOT04
3 OR-NOT15
4 OR-NOT26
5 OR-NOT37
6 OR-NOT40
7 OR-NOT51

Selected
0 XOR-NOT26
1 XOR-NOT37
2 OR-NOT04
3 OR-NOT15
4 OR-NOT26
5 OR-NOT37
6 OR-NOT40
7 OR-NOT51

Applying to 10111000
Input
0 1
1 0
2 1
3 1
4 1
5 0
6 0
7 0
Output
0 XOR-NOT26 = XOR(1,NOT(0)) = 0
1 XOR-NOT37 = XOR(1,NOT(0)) = 0
2 OR-NOT04 = OR(1,NOT(1)) = 1
3 OR-NOT15 = OR(0,NOT(0)) = 1
4 OR-NOT26 = OR(1,NOT(0)) = 1
5 OR-NOT37 = OR(1,NOT(0)) = 1
6 OR-NOT40 = OR(1,NOT(1)) = 1
7 OR-NOT51 = OR(0,NOT(0)) = 1

I will now return the answer in \boxed{}
The answer in \boxed{–} is \boxed{00111111}
[correct]
true
