[category]
bit_manipulation
[prompt]
In Alice's Wonderland, a secret bit manipulation rule transforms 8-bit binary numbers. The transformation involves operations like bit shifts, rotations, XOR, AND, OR, NOT, and possibly majority or choice functions.

Here are some examples of input -> output:
01010111 -> 11101010
00111100 -> 10000111
10011100 -> 10010011
00001001 -> 00100001
00110011 -> 01100110
01000011 -> 01101000
01101000 -> 00001101
10100000 -> 00010100

Now, determine the output for: 00010000
[completion]
We need to deduce the transformation by matching the example outputs.
I will put my final answer inside \boxed{}.

Output 0: 11101010
0 1
1 1
2 1
3 0
4 1
5 0
6 1
7 0

Output 1: 10000111
0 1
1 0
2 0
3 0
4 0
5 1
6 1
7 1

Output 2: 10010011
0 1
1 0
2 0
3 1
4 0
5 0
6 1
7 1

Output 3: 00100001
0 0
1 0
2 1
3 0
4 0
5 0
6 0
7 1

Output 4: 01100110
0 0
1 1
2 1
3 0
4 0
5 1
6 1
7 0

Output 5: 01101000
0 0
1 1
2 1
3 0
4 1
5 0
6 0
7 0

Output 6: 00001101
0 0
1 0
2 0
3 0
4 1
5 1
6 0
7 1

Output 7: 00010100
0 0
1 0
2 0
3 1
4 0
5 1
6 0
7 0

Output bit columns (with bitsum as hash)
0 11100000 3
1 10001100 3
2 10011100 4
3 00100001 2
4 10000110 3
5 01001011 4
6 11101000 4
7 01110010 4

Input 0: 01010111
0 0
1 1
2 0
3 1
4 0
5 1
6 1
7 1

Input 1: 00111100
0 0
1 0
2 1
3 1
4 1
5 1
6 0
7 0

Input 2: 10011100
0 1
1 0
2 0
3 1
4 1
5 1
6 0
7 0

Input 3: 00001001
0 0
1 0
2 0
3 0
4 1
5 0
6 0
7 1

Input 4: 00110011
0 0
1 0
2 1
3 1
4 0
5 0
6 1
7 1

Input 5: 01000011
0 0
1 1
2 0
3 0
4 0
5 0
6 1
7 1

Input 6: 01101000
0 0
1 1
2 1
3 0
4 1
5 0
6 0
7 0

Input 7: 10100000
0 1
1 0
2 1
3 0
4 0
5 0
6 0
7 0

When matching output
x: not in operator
y: wrong position

Identity
0 00100001 2 match 3
1 10000110 3 match 4
2 01001011 4 match 5
3 11101000 4 match 6
4 01110010 4 match 7
5 11100000 3 match 0
6 10001100 3 match 1
7 10011100 4 match 2

Matching output
0 5
1 6
2 7
3 0
4 1
5 2
6 3
7 4

Left
5 6 7 0 1 2 3 4
Best: I5 6 7 0 1 2 3 4: 8

Right
4 3 2 1 0 7 6 5
Best: I4 3 2 1 0 7 6 5: 8

NOT
0 11011110 6
1 01111001 5
2 10110100 4
3 00010111 4
4 10001101 4
5 00011111 5
6 01110011 5
7 01100011 4

Matching output
0 absent
1 absent
2 absent
3 absent
4 absent
5 absent
6 absent
7 absent

Left
none
Best: none

Right
none
Best: none

Constant
0 00000000 a
1 11111111 a

Matching output
0 absent
1 absent
2 absent
3 absent
4 absent
5 absent
6 absent
7 absent

Left
none
Best: none

Right
none
Best: none

AND
01 10 00000000 a
12 21 00000010 1
23 32 01001000 2
34 43 01100000 2
45 54 01100000 2
56 65 10000000 1
67 76 10001100 3 match 1
70 07 00000000 a

02 20 00000001 1
13 31 10000000 1
24 42 01000010 2
35 53 11100000 3 match 0
46 64 00000000 a
57 75 10000000 1
60 06 00000000 a
71 17 10000100 2

03 30 00100000 1
14 41 00000010 1
25 52 01000000 1
36 63 10001000 2
47 74 00010000 1
50 05 00100000 1
61 16 10000100 2
72 27 00001000 1

04 40 00100000 1
15 51 10000000 1
26 62 00001000 1
37 73 10001000 2

Matching output
0 35 53
1 67 76
2 absent
3 absent
4 absent
5 absent
6 absent
7 absent

Left
35 46x
53 64x
Best: AND35: 1

Right
none
Best: none

OR
01 10 10100111 5
12 21 11001111 6
23 32 11101011 6
34 43 11111010 6
45 54 11110010 5
56 65 11101100 5
67 76 10011100 4 match 2
70 07 10111101 6

02 20 01101011 5
13 31 11101110 6
24 42 01111011 6
35 53 11101000 4 match 6
46 64 11111110 7
57 75 11111100 6
60 06 10101101 5
71 17 10011110 5

03 30 11101001 5
14 41 11110110 6
25 52 11101011 6
36 63 11101100 5
47 74 11111110 7
50 05 11100001 4
61 16 10001110 4
72 27 11011111 7

04 40 01110011 5
15 51 11100110 5
26 62 11001111 6
37 73 11111100 6

Matching output
0 absent
1 absent
2 67 76
3 absent
4 absent
5 absent
6 35 53
7 absent

Left
none
Best: none

Right
none
Best: none

XOR
01 10 10100111 5
12 21 11001101 5
23 32 10100011 4
34 43 10011010 4
45 54 10010010 3
56 65 01101100 4
67 76 00010000 1
70 07 10111101 6

02 20 01101010 4
13 31 01101110 5
24 42 00111001 4
35 53 00001000 1
46 64 11111110 7
57 75 01111100 5
60 06 10101101 5
71 17 00011010 3

03 30 11001001 4
14 41 11110100 5
25 52 10101011 5
36 63 01100100 3
47 74 11101110 6
50 05 11000001 3
61 16 00001010 2
72 27 11010111 6

04 40 01010011 4
15 51 01100110 4
26 62 11000111 5
37 73 01110100 4

Matching output
0 absent
1 absent
2 absent
3 absent
4 absent
5 absent
6 absent
7 absent

Left
none
Best: none

Right
none
Best: none

AND-NOT
01 00100001 2 match 3
12 10000100 2
23 00000011 2
34 10001000 2
45 00010010 2
56 01100000 2
67 00000000 a
70 10011100 4 match 2

02 00100000 1
13 00000110 2
24 00001001 2
35 00001000 1
46 01110010 4 match 7
57 01100000 2
60 10001100 3 match 1
71 00011000 2

03 00000001 1
14 10000100 2
25 00001011 3
36 01100000 2
47 01100010 3
50 11000000 2
61 00001000 1
72 10010100 3

04 00000001 1
15 00000110 2
26 01000011 3
37 01100000 2
40 01010010 3
51 01100000 2
62 10000100 2
73 00010100 2

05 00000001 1
16 00000010 1
27 01000011 3
30 11001000 3
41 01110000 3
52 10100000 2
63 00000100 1
74 10001100 3 match 1

06 00100001 2 match 3
17 00000010 1
20 01001010 3
31 01101000 3
42 00110000 2
53 00000000 a
64 10001100 3 match 1
75 00011100 3

07 00100001 2 match 3
10 10000110 3 match 4
21 01001001 3
32 10100000 2
43 00010010 2
54 10000000 1
65 00001100 2
76 00010000 1

Matching output
0 absent
1 60 74 64
2 70
3 01 06 07
4 10
5 absent
6 absent
7 46

Left
none
Best: none

Right
46 35x
Best: AND-NOT46: 1

OR-NOT
01 01111001 5
12 10110110 5
23 01011111 6
34 11101101 6
45 01111111 7
56 11110011 6
67 11101111 7
70 11011110 6

02 10110101 5
13 10010111 5
24 11001111 6
35 11111111 a
46 01110011 5
57 11100011 5
60 11011110 6
71 11111101 7

03 00110111 5
14 10001111 5
25 01011111 6
36 11111011 7
47 01110011 5
50 11111110 7
61 11111101 7
72 10111100 5

04 10101101 5
15 10011111 6
26 01111011 6
37 11101011 6
40 11111110 7
51 11111001 6
62 10111100 5
73 10011111 6

05 00111111 6
16 11110111 7
27 01101011 5
30 11111110 7
41 01111011 6
52 11110100 5
63 10011111 6
74 10011101 5

06 01110011 5
17 11100111 6
20 11011111 7
31 11111001 6
42 11110110 6
53 11110111 7
64 10001101 4
75 10011111 6

07 01100011 4
10 11011110 6
21 01111011 6
32 11111100 6
43 01110111 6
54 11101101 6
65 10011111 6
76 11111111 a

Matching output
0 absent
1 absent
2 absent
3 absent
4 absent
5 absent
6 absent
7 absent

Left
none
Best: none

Right
none
Best: none

XOR-NOT
01 01011000 3
12 00110010 3
23 01011100 4
34 01100101 4
45 01101101 5
56 10010011 4
67 11101111 7
70 01000010 2

02 10010101 4
13 10010001 3
24 11000110 4
35 11110111 7
46 00000001 1
57 10000011 3
60 01010010 3
71 11100101 5

03 00110110 4
14 00001011 3
25 01010100 3
36 10011011 5
47 00010001 2
50 00111110 5
61 11110101 6
72 00101000 2

04 10101100 4
15 10011001 4
26 00111000 3
37 10001011 4
40 10101100 4
51 10011001 4
62 00111000 3
73 10001011 4

05 00111110 5
16 11110101 6
27 00101000 2
30 00110110 4
41 00001011 3
52 01010100 3
63 10011011 5
74 00010001 2

06 01010010 3
17 11100101 5
20 10010101 4
31 10010001 3
42 11000110 4
53 11110111 7
64 00000001 1
75 10000011 3

07 01000010 2
10 01011000 3
21 00110010 3
32 01011100 4
43 01100101 4
54 01101101 5
65 10010011 4
76 11101111 7

Matching output
0 absent
1 absent
2 absent
3 absent
4 absent
5 absent
6 absent
7 absent

Left
none
Best: none

Right
none
Best: none

Selecting

Lefts
Identity I5 6 7 0 1 2 3 4: 8
NOT none
Constant none
AND AND35: 1
OR none
XOR none
AND-NOT none
OR-NOT none
XOR-NOT none

Rights
Identity I4 3 2 1 0 7 6 5: 8
NOT none
Constant none
AND none
OR none
XOR none
AND-NOT AND-NOT46: 1
OR-NOT none
XOR-NOT none

Left longest: 8
Right longest: 8

Left winner: Identity yes, NOT no, Constant no, AND no, OR no, XOR no, AND-NOT no, OR-NOT no, XOR-NOT no
Right winner: Identity yes, NOT no, Constant no, AND no, OR no, XOR no, AND-NOT no, OR-NOT no, XOR-NOT no

Best left: I5 6 7 0 1 2 3 4: 8
Best right: I4 3 2 1 0 7 6 5: 8

Truncated left: I5 6 7 0 1 2 3 4: 8
Truncated right: none truncated

Tentative from right
7 pending
6 pending
5 pending
4 pending
3 pending
2 pending
1 pending
0 pending

Tentative
0 I5
1 I6
2 I7
3 I0
4 I1
5 I2
6 I3
7 I4

Preferred from left
0 I5
1 I6
2 I7
3 I0
4 I1
5 I2
6 I3
7 I4

Preferred from right
7 I4
6 I3
5 I2
4 I1
3 I0
2 I7
1 I6
0 I5

Preferred
0 I5
1 I6
2 I7
3 I0
4 I1
5 I2
6 I3
7 I4

Matching
0 I5
1 I6
2 I7
3 I0
4 I1
5 I2
6 I3
7 I4

Perfect match
Identity no
NOT no
Constant no
AND no
OR no
XOR no
AND-NOT no
OR-NOT no
XOR-NOT no

Matched
0 I5
1 I6
2 I7
3 I0
4 I1
5 I2
6 I3
7 I4

Selected
0 I5
1 I6
2 I7
3 I0
4 I1
5 I2
6 I3
7 I4

Applying to 00010000
Input
0 0
1 0
2 0
3 1
4 0
5 0
6 0
7 0
Output
0 I5 = 0
1 I6 = 0
2 I7 = 0
3 I0 = 0
4 I1 = 0
5 I2 = 0
6 I3 = 1
7 I4 = 0

I will now return the answer in \boxed{}
The answer in \boxed{–} is \boxed{00000010}
[correct]
true
