[category]
bit_manipulation
[prompt]
In Alice's Wonderland, a secret bit manipulation rule transforms 8-bit binary numbers. The transformation involves operations like bit shifts, rotations, XOR, AND, OR, NOT, and possibly majority or choice functions.

Here are some examples of input -> output:
01011000 -> 01100001
00011111 -> 10111100
00001100 -> 00110000
10001111 -> 11111110
10001001 -> 01100110
00010100 -> 01010000
01010101 -> 00010101
11101010 -> 00101011
00101110 -> 00111000

Now, determine the output for: 10000101
[completion]
We need to deduce the transformation by matching the example outputs.
I will put my final answer inside \boxed{}.

Output 0: 01100001
0 0
1 1
2 1
3 0
4 0
5 0
6 0
7 1

Output 1: 10111100
0 1
1 0
2 1
3 1
4 1
5 1
6 0
7 0

Output 2: 00110000
0 0
1 0
2 1
3 1
4 0
5 0
6 0
7 0

Output 3: 11111110
0 1
1 1
2 1
3 1
4 1
5 1
6 1
7 0

Output 4: 01100110
0 0
1 1
2 1
3 0
4 0
5 1
6 1
7 0

Output 5: 01010000
0 0
1 1
2 0
3 1
4 0
5 0
6 0
7 0

Output 6: 00010101
0 0
1 0
2 0
3 1
4 0
5 1
6 0
7 1

Output 7: 00101011
0 0
1 0
2 1
3 0
4 1
5 0
6 1
7 1

Output 8: 00111000
0 0
1 0
2 1
3 1
4 1
5 0
6 0
7 0

Output bit columns (with bitsum as hash)
0 010100000 2
1 100111000 4
2 111110011 7
3 011101101 6
4 010100011 4
5 010110100 4
6 000110010 3
7 100000110 3

Input 0: 01011000
0 0
1 1
2 0
3 1
4 1
5 0
6 0
7 0

Input 1: 00011111
0 0
1 0
2 0
3 1
4 1
5 1
6 1
7 1

Input 2: 00001100
0 0
1 0
2 0
3 0
4 1
5 1
6 0
7 0

Input 3: 10001111
0 1
1 0
2 0
3 0
4 1
5 1
6 1
7 1

Input 4: 10001001
0 1
1 0
2 0
3 0
4 1
5 0
6 0
7 1

Input 5: 00010100
0 0
1 0
2 0
3 1
4 0
5 1
6 0
7 0

Input 6: 01010101
0 0
1 1
2 0
3 1
4 0
5 1
6 0
7 1

Input 7: 11101010
0 1
1 1
2 1
3 0
4 1
5 0
6 1
7 0

Input 8: 00101110
0 0
1 0
2 1
3 0
4 1
5 1
6 1
7 0

When matching output
x: not in operator
y: wrong position

Identity
0 000110010 3 match 6
1 100000110 3 match 7
2 000000011 2
3 110001100 4
4 111110011 7 match 2
5 011101101 6 match 3
6 010100011 4 match 4
7 010110100 4 match 5

Matching output
0 absent
1 absent
2 4
3 5
4 6
5 7
6 0
7 1

Left
none
Best: none

Right
1 0 7 6 5 4 3x
Best: I1 0 7 6 5 4: 6

NOT
0 111001101 6
1 011111001 6
2 111111100 7
3 001110011 5
4 000001100 2
5 100010010 3
6 101011100 5
7 101001011 5

Matching output
0 absent
1 absent
2 absent
3 absent
4 absent
5 absent
6 absent
7 absent

Left
none
Best: none

Right
none
Best: none

Constant
0 000000000 a
1 111111111 a

Matching output
0 absent
1 absent
2 absent
3 absent
4 absent
5 absent
6 absent
7 absent

Left
none
Best: none

Right
none
Best: none

AND
01 10 000000010 1
12 21 000000010 1
23 32 000000000 a
34 43 110000000 2
45 54 011100001 4
56 65 010100001 3
67 76 010100000 2 match 0
70 07 000110000 2

02 20 000000010 1
13 31 100000100 2
24 42 000000011 2
35 53 010001100 3
46 64 010100011 4 match 4
57 75 010100100 3
60 06 000100010 2
71 17 000000100 1

03 30 000000000 a
14 41 100000010 2
25 52 000000001 1
36 63 010000000 1
47 74 010110000 3
50 05 000100000 1
61 16 000000010 1
72 27 000000000 a

04 40 000110010 3 match 6
15 51 000000100 1
26 62 000000011 2
37 73 010000100 2

Matching output
0 67 76
1 absent
2 absent
3 absent
4 46 64
5 absent
6 04 40
7 absent

Left
67 70x
76 07x
Best: AND67: 1

Right
none
Best: none

OR
01 10 100110110 5
12 21 100000111 4
23 32 110001111 6
34 43 111111111 a
45 54 111111111 a
56 65 011101111 7
67 76 010110111 6
70 07 010110110 5

02 20 000110011 4
13 31 110001110 5
24 42 111110011 7 match 2
35 53 111101101 7
46 64 111110011 7 match 2
57 75 011111101 7
60 06 010110011 5
71 17 110110110 6

03 30 110111110 7
14 41 111110111 8
25 52 011101111 7
36 63 110101111 7
47 74 111110111 8
50 05 011111111 8
61 16 110100111 6
72 27 010110111 6

04 40 111110011 7 match 2
15 51 111101111 8
26 62 010100011 4 match 4
37 73 110111100 6

Matching output
0 absent
1 absent
2 24 42 46 64 04 40
3 absent
4 26 62
5 absent
6 absent
7 absent

Left
none
Best: none

Right
none
Best: none

XOR
01 10 100110100 4
12 21 100000101 3
23 32 110001111 6
34 43 001111111 7
45 54 100011110 5
56 65 001001110 4
67 76 000010111 4
70 07 010000110 3

02 20 000110001 3
13 31 010001010 3
24 42 111110000 5
35 53 101100001 4
46 64 101010000 3
57 75 001011001 4
60 06 010010001 3
71 17 110110010 5

03 30 110111110 7
14 41 011110101 6
25 52 011101110 6
36 63 100101111 6
47 74 101000111 5
50 05 011011111 7
61 16 110100101 5
72 27 010110111 6

04 40 111000001 4
15 51 111101011 7
26 62 010100000 2 match 0
37 73 100111000 4 match 1

Matching output
0 26 62
1 37 73
2 absent
3 absent
4 absent
5 absent
6 absent
7 absent

Left
26 37 40x
62 73 04x
Best: XOR26 37: 2

Right
none
Best: none

AND-NOT
01 000110000 2
12 100000100 2
23 000000011 2
34 000001100 2
45 100010010 3
56 001001100 3
67 000000011 2
70 010000100 2

02 000110000 2
13 000000010 1
24 000000000 a
35 100000000 1
46 101010000 3
57 001001001 3
60 010000001 2
71 010110000 3

03 000110010 3 match 6
14 000000100 1
25 000000010 1
36 100001100 3
47 101000011 4
50 011001101 5
61 010100001 3
72 010110100 4 match 5

04 000000000 a
15 100000010 2
26 000000000 a
37 100001000 2
40 111000001 4
51 011101001 5
62 010100000 2 match 0
73 000110000 2

05 000010010 2
16 100000100 2
27 000000011 2
30 110001100 4
41 011110001 5
52 011101100 5
63 000100011 3
74 000000100 1

06 000010000 1
17 100000010 2
20 000000001 1
31 010001000 2
42 111110000 5
53 001100001 3
64 000000000 a
75 000010000 1

07 000000010 1
10 100000100 2
21 000000001 1
32 110001100 4
43 001110011 5
54 000001100 2
65 000000010 1
76 000010100 2

Matching output
0 62
1 absent
2 absent
3 absent
4 absent
5 72
6 03
7 absent

Left
62 73x
Best: AND-NOT62: 1

Right
none
Best: none

OR-NOT
01 011111011 7
12 111111110 8
23 001110011 5
34 110001100 4
45 111110011 7 match 2
56 111111101 8
67 111101011 7
70 111111101 8

02 111111110 8
13 101110111 7
24 000001111 4
35 110011110 6
46 111111111 a
57 111101111 8
60 111101111 8
71 011111101 7

03 001110011 5
14 100001110 4
25 100010011 4
36 111011100 6
47 111111011 8
50 111101101 7
61 011111011 7
72 111111100 7

04 000111110 5
15 100010110 4
26 101011111 7
37 111001111 7
40 111111111 a
51 011111101 7
62 111111111 a
73 011110111 7

05 100110010 4
16 101011110 6
27 101001011 5
30 111001101 6
41 111111011 8
52 111111101 8
63 011110011 6
74 010111100 5

06 101111110 7
17 101001111 6
20 111001111 7
31 111111101 8
42 111111111 a
53 011111111 8
64 010101111 6
75 110110110 6

07 101111011 7
10 111001111 7
21 011111011 7
32 111111100 7
43 111110011 7 match 2
54 011101101 6 match 3
65 110110011 6
76 111111100 7

Matching output
0 absent
1 absent
2 45 43
3 54
4 absent
5 absent
6 absent
7 absent

Left
none
Best: none

Right
none
Best: none

XOR-NOT
01 011001011 5
12 011111010 6
23 001110000 3
34 110000000 2
45 011100001 4
56 110110001 5
67 111101000 5
70 101111001 6

02 111001110 6
13 101110101 6
24 000001111 4
35 010011110 5
46 010101111 6
57 110100110 5
60 101101110 6
71 001001101 4

03 001000001 2
14 100001010 3
25 100010001 3
36 011010000 3
47 010111000 4
50 100100000 2
61 001011010 4
72 101001000 3

04 000111110 5
15 000010100 2
26 101011111 7
37 011000111 5
40 000111110 5
51 000010100 2
62 101011111 7
73 011000111 5

05 100100000 2
16 001011010 4
27 101001000 3
30 001000001 2
41 100001010 3
52 100010001 3
63 011010000 3
74 010111000 4

06 101101110 6
17 001001101 4
20 111001110 6
31 101110101 6
42 000001111 4
53 010011110 5
64 010101111 6
75 110100110 5

07 101111001 6
10 011001011 5
21 011111010 6
32 001110000 3
43 110000000 2
54 011100001 4
65 110110001 5
76 111101000 5

Matching output
0 absent
1 absent
2 absent
3 absent
4 absent
5 absent
6 absent
7 absent

Left
none
Best: none

Right
none
Best: none

Selecting

Lefts
Identity none
NOT none
Constant none
AND AND67: 1
OR none
XOR XOR26 37: 2
AND-NOT AND-NOT62: 1
OR-NOT none
XOR-NOT none

Rights
Identity I1 0 7 6 5 4: 6
NOT none
Constant none
AND none
OR none
XOR none
AND-NOT none
OR-NOT none
XOR-NOT none

Left longest: 2
Right longest: 6

Right winner: Identity yes, NOT no, Constant no, AND no, OR no, XOR no, AND-NOT no, OR-NOT no, XOR-NOT no
Left winner: Identity no, NOT no, Constant no, AND no, OR no, XOR yes, AND-NOT no, OR-NOT no, XOR-NOT no

Best right: I1 0 7 6 5 4: 6
Best left: XOR26 37: 2

Truncated right: I1 0 7 6 5 4: 6
Truncated left: XOR26 37: 2

Tentative from right
7 I1
6 I0
5 I7
4 I6
3 I5
2 I4
1 pending
0 pending

Tentative
0 XOR26
1 XOR37
2 I4
3 I5
4 I6
5 I7
6 I0
7 I1

Preferred from right
7 I1
6 I0
5 I7
4 I6
3 I5
2 I4
1 XOR37
0 XOR26

Preferred from left
0 XOR26
1 XOR37
2 I4
3 I5
4 I6
5 I7
6 I0
7 I1

Preferred
0 XOR26
1 XOR37
2 I4
3 I5
4 I6
5 I7
6 I0
7 I1

Matching
0 XOR26
1 XOR37
2 I4
3 I5
4 I6
5 I7
6 I0
7 I1

Perfect match
Identity no
NOT no
Constant no
AND no
OR no
XOR no
AND-NOT no
OR-NOT no
XOR-NOT no

Matched
0 XOR26
1 XOR37
2 I4
3 I5
4 I6
5 I7
6 I0
7 I1

Selected
0 XOR26
1 XOR37
2 I4
3 I5
4 I6
5 I7
6 I0
7 I1

Applying to 10000101
Input
0 1
1 0
2 0
3 0
4 0
5 1
6 0
7 1
Output
0 XOR26 = XOR(0,0) = 0
1 XOR37 = XOR(0,1) = 1
2 I4 = 0
3 I5 = 1
4 I6 = 0
5 I7 = 1
6 I0 = 1
7 I1 = 0

I will now return the answer in \boxed{}
The answer in \boxed{–} is \boxed{01010110}
[correct]
true
