[category]
bit_manipulation
[prompt]
In Alice's Wonderland, a secret bit manipulation rule transforms 8-bit binary numbers. The transformation involves operations like bit shifts, rotations, XOR, AND, OR, NOT, and possibly majority or choice functions.

Here are some examples of input -> output:
00100110 -> 00000010
01110101 -> 00000010
00101011 -> 10000000
00110111 -> 10000011
11000000 -> 00000000
01001101 -> 00000100
00101000 -> 00000000

Now, determine the output for: 01010011
[completion]
We need to deduce the transformation by matching the example outputs.
I will put my final answer inside \boxed{}.

Output 0: 00000010
0 0
1 0
2 0
3 0
4 0
5 0
6 1
7 0

Output 1: 00000010
0 0
1 0
2 0
3 0
4 0
5 0
6 1
7 0

Output 2: 10000000
0 1
1 0
2 0
3 0
4 0
5 0
6 0
7 0

Output 3: 10000011
0 1
1 0
2 0
3 0
4 0
5 0
6 1
7 1

Output 4: 00000000
0 0
1 0
2 0
3 0
4 0
5 0
6 0
7 0

Output 5: 00000100
0 0
1 0
2 0
3 0
4 0
5 1
6 0
7 0

Output 6: 00000000
0 0
1 0
2 0
3 0
4 0
5 0
6 0
7 0

Output bit columns (with bitsum as hash)
0 0011000 2
1 0000000 a
2 0000000 a
3 0000000 a
4 0000000 a
5 0000010 1
6 1101000 3
7 0001000 1

Input 0: 00100110
0 0
1 0
2 1
3 0
4 0
5 1
6 1
7 0

Input 1: 01110101
0 0
1 1
2 1
3 1
4 0
5 1
6 0
7 1

Input 2: 00101011
0 0
1 0
2 1
3 0
4 1
5 0
6 1
7 1

Input 3: 00110111
0 0
1 0
2 1
3 1
4 0
5 1
6 1
7 1

Input 4: 11000000
0 1
1 1
2 0
3 0
4 0
5 0
6 0
7 0

Input 5: 01001101
0 0
1 1
2 0
3 0
4 1
5 1
6 0
7 1

Input 6: 00101000
0 0
1 0
2 1
3 0
4 1
5 0
6 0
7 0

When matching output
x: not in operator
y: wrong position

Identity
0 0000100 1
1 0100110 3
2 1111001 5
3 0101000 2
4 0010011 3
5 1101010 4
6 1011000 3
7 0111010 4

Matching output
0 absent
1 absent
2 absent
3 absent
4 absent
5 absent
6 absent
7 absent

Left
none
Best: none

Right
none
Best: none

NOT
0 1111011 6
1 1011001 4
2 0000110 2
3 1010111 5
4 1101100 4
5 0010101 3
6 0100111 4
7 1000101 3

Matching output
0 absent
1 absent
2 absent
3 absent
4 absent
5 absent
6 absent
7 absent

Left
none
Best: none

Right
none
Best: none

Constant
0 0000000 a match 1 2 3 4
1 1111111 a

Matching output
0 absent
1 C0
2 C0
3 C0
4 C0
5 absent
6 absent
7 absent

Left
none
Best: none

Right
none
Best: none

AND
01 10 0000100 1
12 21 0100000 1
23 32 0101000 2
34 43 0000000 a match 1 2 3 4
45 54 0000010 1 match 5
56 65 1001000 2
67 76 0011000 2 match 0
70 07 0000000 a match 1 2 3 4

02 20 0000000 a match 1 2 3 4
13 31 0100000 1
24 42 0010001 2
35 53 0101000 2
46 64 0010000 1
57 75 0101010 3
60 06 0000000 a match 1 2 3 4
71 17 0100010 2

03 30 0000000 a match 1 2 3 4
14 41 0000010 1 match 5
25 52 1101000 3 match 6
36 63 0001000 1 match 7
47 74 0010010 2
50 05 0000000 a match 1 2 3 4
61 16 0000000 a match 1 2 3 4
72 27 0111000 3

04 40 0000000 a match 1 2 3 4
15 51 0100010 2
26 62 1011000 3
37 73 0101000 2

Matching output
0 67 76
1 34 43 70 07 02 20 60 06 03 30 50 05 61 16 04 40
2 34 43 70 07 02 20 60 06 03 30 50 05 61 16 04 40
3 34 43 70 07 02 20 60 06 03 30 50 05 61 16 04 40
4 34 43 70 07 02 20 60 06 03 30 50 05 61 16 04 40
5 45 54 14 41
6 25 52
7 36 63

Left
67 70 01x
76 07 10x
Best: AND67 70: 2

Right
36 25 14 03 72x
63 52 41 30 27x
Best: AND36 25 14 03: 4

OR
01 10 0100110 3
12 21 1111111 a
23 32 1111001 5
34 43 0111011 5
45 54 1111011 6
56 65 1111010 5
67 76 1111010 5
70 07 0111110 5

02 20 1111101 6
13 31 0101110 4
24 42 1111011 6
35 53 1101010 4
46 64 1011011 5
57 75 1111010 5
60 06 1011100 4
71 17 0111110 5

03 30 0101100 3
14 41 0110111 5
25 52 1111011 6
36 63 1111000 4
47 74 0111011 5
50 05 1101110 5
61 16 1111110 6
72 27 1111011 6

04 40 0010111 4
15 51 1101110 5
26 62 1111001 5
37 73 0111010 4

Matching output
0 absent
1 absent
2 absent
3 absent
4 absent
5 absent
6 absent
7 absent

Left
none
Best: none

Right
none
Best: none

XOR
01 10 0100010 2
12 21 1011111 6
23 32 1010001 3
34 43 0111011 5
45 54 1111001 5
56 65 0110010 3
67 76 1100010 3
70 07 0111110 5

02 20 1111101 6
13 31 0001110 3
24 42 1101010 4
35 53 1000010 2
46 64 1001011 4
57 75 1010000 2
60 06 1011100 4
71 17 0011100 3

03 30 0101100 3
14 41 0110101 4
25 52 0010011 3
36 63 1110000 3
47 74 0101001 3
50 05 1101110 5
61 16 1111110 6
72 27 1000011 3

04 40 0010111 4
15 51 1001100 3
26 62 0100001 2
37 73 0010010 2

Matching output
0 absent
1 absent
2 absent
3 absent
4 absent
5 absent
6 absent
7 absent

Left
none
Best: none

Right
none
Best: none

AND-NOT
01 0000000 a match 1 2 3 4
12 0000110 2
23 1010001 3
34 0101000 2
45 0010001 2
56 0100010 2
67 1000000 1
70 0111010 4

02 0000100 1
13 0000110 2
24 1101000 3 match 6
35 0000000 a match 1 2 3 4
46 0000011 2
57 1000000 1
60 1011000 3
71 0011000 2 match 0

03 0000100 1
14 0100100 2
25 0010001 2
36 0100000 1
47 0000001 1
50 1101010 4
61 1011000 3
72 0000010 1 match 5

04 0000100 1
15 0000100 1
26 0100001 2
37 0000000 a match 1 2 3 4
40 0010011 3
51 1001000 2
62 0000000 a match 1 2 3 4
73 0010010 2

05 0000100 1
16 0100110 3
27 1000001 2
30 0101000 2
41 0010001 2
52 0000010 1 match 5
63 1010000 2
74 0101000 2

06 0000100 1
17 0000100 1
20 1111001 5
31 0001000 1 match 7
42 0000010 1 match 5
53 1000010 2
64 1001000 2
75 0010000 1

07 0000100 1
10 0100010 2
21 1011001 4
32 0000000 a match 1 2 3 4
43 0010011 3
54 1101000 3 match 6
65 0010000 1
76 0100010 2

Matching output
0 71
1 01 35 37 62 32
2 01 35 37 62 32
3 01 35 37 62 32
4 01 35 37 62 32
5 72 52 42
6 24 54
7 31

Left
71 02x
Best: AND-NOT71: 1

Right
31 20x
Best: AND-NOT31: 1

OR-NOT
01 1011101 5
12 0100110 3
23 1111111 a
34 1101100 4
45 0010111 4
56 1101111 6
67 1011101 5
70 1111011 6

02 0000110 2
13 1110111 6
24 1111101 6
35 0111101 5
46 0110111 5
57 1101111 6
60 1111011 6
71 1111011 6

03 1010111 5
14 1101110 5
25 1111101 6
36 0101111 5
47 1010111 5
50 1111011 6
61 1011001 4
72 0111110 5

04 1101100 4
15 0110111 5
26 1111111 a
37 1101101 5
40 1111011 6
51 1111011 6
62 1011110 5
73 1111111 a

05 0010101 3
16 0100111 4
27 1111101 6
30 1111011 6
41 1011011 5
52 1101110 5
63 1011111 6
74 1111110 6

06 0100111 4
17 1100111 5
20 1111011 6
31 1111001 5
42 0010111 4
53 1111111 a
64 1111100 5
75 0111111 6

07 1000101 3
10 1111111 a
21 1111001 5
32 0101110 4
43 1010111 5
54 1101110 5
65 1011101 5
76 0111111 6

Matching output
0 absent
1 absent
2 absent
3 absent
4 absent
5 absent
6 absent
7 absent

Left
none
Best: none

Right
none
Best: none

XOR-NOT
01 1011101 5
12 0100000 1
23 0101110 4
34 1000100 2
45 0000110 2
56 1001101 4
67 0011101 4
70 1000001 2

02 0000010 1 match 5
13 1110001 4
24 0010101 3
35 0111101 5
46 0110100 3
57 0101111 5
60 0100011 3
71 1100011 4

03 1010011 4
14 1001010 3
25 1101100 4
36 0001111 4
47 1010110 4
50 0010001 2
61 0000001 1
72 0111100 4

04 1101000 3 match 6
15 0110011 4
26 1011110 5
37 1101101 5
40 1101000 3 match 6
51 0110011 4
62 1011110 5
73 1101101 5

05 0010001 2
16 0000001 1
27 0111100 4
30 1010011 4
41 1001010 3
52 1101100 4
63 0001111 4
74 1010110 4

06 0100011 3
17 1100011 4
20 0000010 1 match 5
31 1110001 4
42 0010101 3
53 0111101 5
64 0110100 3
75 0101111 5

07 1000001 2
10 1011101 5
21 0100000 1
32 0101110 4
43 1000100 2
54 0000110 2
65 1001101 4
76 0011101 4

Matching output
0 absent
1 absent
2 absent
3 absent
4 absent
5 02 20
6 04 40
7 absent

Left
none
Best: none

Right
none
Best: none

Selecting

Lefts
Identity none
NOT none
Constant none
AND AND67 70: 2
OR none
XOR none
AND-NOT AND-NOT71: 1
OR-NOT none
XOR-NOT none

Rights
Identity none
NOT none
Constant none
AND AND36 25 14 03: 4
OR none
XOR none
AND-NOT AND-NOT31: 1
OR-NOT none
XOR-NOT none

Left longest: 2
Right longest: 4

Right winner: Identity no, NOT no, Constant no, AND yes, OR no, XOR no, AND-NOT no, OR-NOT no, XOR-NOT no
Left winner: Identity no, NOT no, Constant no, AND yes, OR no, XOR no, AND-NOT no, OR-NOT no, XOR-NOT no

Best right: AND36 25 14 03: 4
Best left: AND67 70: 2

Truncated right: AND36 25 14 03: 4
Truncated left: AND67 70: 2

Tentative from right
7 AND36
6 AND25
5 AND14
4 AND03
3 pending
2 pending
1 pending
0 pending

Tentative
0 AND67
1 AND70
2 pending
3 pending
4 AND03
5 AND14
6 AND25
7 AND36

Preferred from right
7 AND36
6 AND25
5 AND14
4 AND03
3 ?72
2 ?61
1 AND70
0 AND67

Preferred from left
0 AND67
1 AND70
2 ?61
3 ?72
4 AND03
5 AND14
6 AND25
7 AND36

Preferred
0 AND67
1 AND70
2 ?61 ?16
3 ?72 ?27
4 AND03
5 AND14
6 AND25
7 AND36

Matching
0 AND67
1 AND70
2 ?61 ?16 - Identity absent, NOT absent, Constant C0, AND61, OR absent, XOR absent, AND-NOT absent, OR-NOT absent, XOR-NOT absent
3 ?72 ?27 - Identity absent, NOT absent, Constant C0, AND absent, OR absent, XOR absent, AND-NOT absent, OR-NOT absent, XOR-NOT absent
4 AND03
5 AND14
6 AND25
7 AND36

Perfect match
Identity no
NOT no
Constant yes
AND no
OR no
XOR no
AND-NOT no
OR-NOT no
XOR-NOT no

Matched
0 AND67
1 AND70
2 C0
3 C0
4 AND03
5 AND14
6 AND25
7 AND36

Selected
0 AND67
1 AND70
2 C0
3 C0
4 AND03
5 AND14
6 AND25
7 AND36

Applying to 01010011
Input
0 0
1 1
2 0
3 1
4 0
5 0
6 1
7 1
Output
0 AND67 = AND(1,1) = 1
1 AND70 = AND(1,0) = 0
2 C0 = 0
3 C0 = 0
4 AND03 = AND(0,1) = 0
5 AND14 = AND(1,0) = 0
6 AND25 = AND(0,0) = 0
7 AND36 = AND(1,1) = 1

I will now return the answer in \boxed{}
The answer in \boxed{–} is \boxed{10000001}
[correct]
true
