[category]
bit_manipulation
[prompt]
In Alice's Wonderland, a secret bit manipulation rule transforms 8-bit binary numbers. The transformation involves operations like bit shifts, rotations, XOR, AND, OR, NOT, and possibly majority or choice functions.

Here are some examples of input -> output:
00011100 -> 00000000
00001111 -> 11000000
11000101 -> 01000001
00010000 -> 00000000
01110101 -> 01000000
00000000 -> 00000000
01000011 -> 11000000
11001111 -> 11000001
10011100 -> 00000001

Now, determine the output for: 01011100
[completion]
We need to deduce the transformation by matching the example outputs.
I will put my final answer inside \boxed{}.

Output 0: 00000000
0 0
1 0
2 0
3 0
4 0
5 0
6 0
7 0

Output 1: 11000000
0 1
1 1
2 0
3 0
4 0
5 0
6 0
7 0

Output 2: 01000001
0 0
1 1
2 0
3 0
4 0
5 0
6 0
7 1

Output 3: 00000000
0 0
1 0
2 0
3 0
4 0
5 0
6 0
7 0

Output 4: 01000000
0 0
1 1
2 0
3 0
4 0
5 0
6 0
7 0

Output 5: 00000000
0 0
1 0
2 0
3 0
4 0
5 0
6 0
7 0

Output 6: 11000000
0 1
1 1
2 0
3 0
4 0
5 0
6 0
7 0

Output 7: 11000001
0 1
1 1
2 0
3 0
4 0
5 0
6 0
7 1

Output 8: 00000001
0 0
1 0
2 0
3 0
4 0
5 0
6 0
7 1

Output bit columns (with bitsum as hash)
0 010000110 3
1 011010110 5
2 000000000 a
3 000000000 a
4 000000000 a
5 000000000 a
6 000000000 a
7 001000011 3

Input 0: 00011100
0 0
1 0
2 0
3 1
4 1
5 1
6 0
7 0

Input 1: 00001111
0 0
1 0
2 0
3 0
4 1
5 1
6 1
7 1

Input 2: 11000101
0 1
1 1
2 0
3 0
4 0
5 1
6 0
7 1

Input 3: 00010000
0 0
1 0
2 0
3 1
4 0
5 0
6 0
7 0

Input 4: 01110101
0 0
1 1
2 1
3 1
4 0
5 1
6 0
7 1

Input 5: 00000000
0 0
1 0
2 0
3 0
4 0
5 0
6 0
7 0

Input 6: 01000011
0 0
1 1
2 0
3 0
4 0
5 0
6 1
7 1

Input 7: 11001111
0 1
1 1
2 0
3 0
4 1
5 1
6 1
7 1

Input 8: 10011100
0 1
1 0
2 0
3 1
4 1
5 1
6 0
7 0

When matching output
x: not in operator
y: wrong position

Identity
0 001000011 3 match 7
1 001010110 4
2 000010000 1
3 100110001 4
4 110000011 4
5 111010011 6
6 010000110 3 match 0
7 011010110 5 match 1

Matching output
0 6
1 7
2 absent
3 absent
4 absent
5 absent
6 absent
7 0

Left
6 7 0y
Best: I6 7: 2

Right
0 7y
Best: I0: 1

NOT
0 110111100 6
1 110101001 5
2 111101111 8
3 011001110 5
4 001111100 5
5 000101100 3
6 101111001 6
7 100101001 4

Matching output
0 absent
1 absent
2 absent
3 absent
4 absent
5 absent
6 absent
7 absent

Left
none
Best: none

Right
none
Best: none

Constant
0 000000000 a match 2 3 4 5 6
1 111111111 a

Matching output
0 absent
1 absent
2 C0
3 C0
4 C0
5 C0
6 C0
7 absent

Left
none
Best: none

Right
none
Best: none

AND
01 10 001000010 2
12 21 000010000 1
23 32 000010000 1
34 43 100000001 2
45 54 110000011 4
56 65 010000010 2
67 76 010000110 3 match 0
70 07 001000010 2

02 20 000000000 a match 2 3 4 5 6
13 31 000010000 1
24 42 000000000 a match 2 3 4 5 6
35 53 100010001 3
46 64 010000010 2
57 75 011010010 4
60 06 000000010 1
71 17 001010110 4

03 30 000000001 1
14 41 000000010 1
25 52 000010000 1
36 63 000000000 a match 2 3 4 5 6
47 74 010000010 2
50 05 001000011 3 match 7
61 16 000000110 2
72 27 000010000 1

04 40 000000011 2
15 51 001010010 3
26 62 000000000 a match 2 3 4 5 6
37 73 000010000 1

Matching output
0 67 76
1 absent
2 02 20 24 42 36 63 26 62
3 02 20 24 42 36 63 26 62
4 02 20 24 42 36 63 26 62
5 02 20 24 42 36 63 26 62
6 02 20 24 42 36 63 26 62
7 50 05

Left
67 70x
76 07x
Best: AND67: 1

Right
50 47x
05 74x
Best: AND50: 1

OR
01 10 001010111 5
12 21 001010110 4
23 32 100110001 4
34 43 110110011 6
45 54 111010011 6
56 65 111010111 7
67 76 011010110 5 match 1
70 07 011010111 6

02 20 001010011 4
13 31 101110111 7
24 42 110010011 5
35 53 111110011 7
46 64 110000111 5
57 75 111010111 7
60 06 011000111 5
71 17 011010110 5 match 1

03 30 101110011 6
14 41 111010111 7
25 52 111010011 6
36 63 110110111 7
47 74 111010111 7
50 05 111010011 6
61 16 011010110 5 match 1
72 27 011010110 5 match 1

04 40 111000011 5
15 51 111010111 7
26 62 010010110 4
37 73 111110111 8

Matching output
0 absent
1 67 76 71 17 61 16 72 27
2 absent
3 absent
4 absent
5 absent
6 absent
7 absent

Left
none
Best: none

Right
none
Best: none

XOR
01 10 000010101 3
12 21 001000110 3
23 32 100100001 3
34 43 010110010 4
45 54 001010000 2
56 65 101010101 5
67 76 001010000 2
70 07 010010101 4

02 20 001010011 4
13 31 101100111 6
24 42 110010011 5
35 53 011100010 4
46 64 100000101 3
57 75 100000101 3
60 06 011000101 4
71 17 010000000 1

03 30 101110010 5
14 41 111010101 6
25 52 111000011 5
36 63 110110111 7
47 74 101010101 5
50 05 110010000 3
61 16 011010000 3
72 27 011000110 4

04 40 111000000 3
15 51 110000101 4
26 62 010010110 4
37 73 111100111 7

Matching output
0 absent
1 absent
2 absent
3 absent
4 absent
5 absent
6 absent
7 absent

Left
none
Best: none

Right
none
Best: none

AND-NOT
01 000000001 1
12 001000110 3
23 000000000 a match 2 3 4 5 6
34 000110000 2
45 000000000 a match 2 3 4 5 6
56 101010001 4
67 000000000 a match 2 3 4 5 6
70 010010100 3

02 001000011 3 match 7
13 001000110 3
24 000010000 1
35 000100000 1
46 100000001 2
57 100000001 2
60 010000100 2
71 010000000 1

03 001000010 2
14 001010100 3
25 000000000 a match 2 3 4 5 6
36 100110001 4
47 100000001 2
50 110010000 3
61 010000000 1
72 011000110 4

04 001000000 1
15 000000100 1
26 000010000 1
37 100100001 3
40 110000000 2
51 110000001 3
62 010000110 3 match 0
73 011000110 4

05 000000000 a match 2 3 4 5 6
16 001010000 2
27 000000000 a match 2 3 4 5 6
30 100110000 3
41 110000001 3
52 111000011 5
63 010000110 3 match 0
74 001010100 3

06 001000001 2
17 000000000 a match 2 3 4 5 6
20 000010000 1
31 100100001 3
42 110000011 4
53 011000010 3
64 000000100 1
75 000000100 1

07 000000001 1
10 000010100 2
21 000000000 a match 2 3 4 5 6
32 100100001 3
43 010000010 2
54 001010000 2
65 000000100 1
76 001010000 2

Matching output
0 62 63
1 absent
2 23 45 67 25 05 27 17 21
3 23 45 67 25 05 27 17 21
4 23 45 67 25 05 27 17 21
5 23 45 67 25 05 27 17 21
6 23 45 67 25 05 27 17 21
7 02

Left
62 73x
63 74x
Best: AND-NOT62: 1

Right
02 71x
Best: AND-NOT02: 1

OR-NOT
01 111101011 7
12 111111111 a
23 011011110 6
34 101111101 7
45 110101111 7
56 111111011 8
67 110101111 7
70 111111110 8

02 111101111 8
13 011011110 6
24 001111100 5
35 100111101 6
46 111111011 8
57 111111011 8
60 110111110 7
71 111111111 a

03 011001111 6
14 001111110 6
25 000111100 4
36 101111001 6
47 110101011 6
50 111111111 a
61 110101111 7
72 111111111 a

04 001111111 7
15 001111110 6
26 101111001 6
37 100111001 5
40 110111111 8
51 111111011 8
62 111101111 8
73 011011110 6

05 001101111 6
16 101111111 8
27 100111001 5
30 110111101 7
41 110101011 6
52 111111111 a
63 011001110 5
74 011111110 7

06 101111011 7
17 101111111 8
20 110111100 6
31 110111001 6
42 111101111 8
53 111011111 8
64 011111110 7
75 011111110 7

07 101101011 6
10 111111110 8
21 110111001 6
32 111111111 a
43 111001111 7
54 111111111 a
65 010101110 5
76 111111111 a

Matching output
0 absent
1 absent
2 absent
3 absent
4 absent
5 absent
6 absent
7 absent

Left
none
Best: none

Right
none
Best: none

XOR-NOT
01 111101010 6
12 110111001 6
23 011011110 6
34 101001101 5
45 110101111 7
56 010101010 4
67 110101111 7
70 101101010 5

02 110101100 5
13 010011000 3
24 001101100 4
35 100011101 5
46 011111010 6
57 011111010 6
60 100111010 5
71 101111111 8

03 010001101 4
14 000101010 3
25 000111100 4
36 001001000 2
47 010101010 4
50 001101111 6
61 100101111 6
72 100111001 5

04 000111111 6
15 001111010 5
26 101101001 5
37 000011000 2
40 000111111 6
51 001111010 5
62 101101001 5
73 000011000 2

05 001101111 6
16 100101111 6
27 100111001 5
30 010001101 4
41 000101010 3
52 000111100 4
63 001001000 2
74 010101010 4

06 100111010 5
17 101111111 8
20 110101100 5
31 010011000 3
42 001101100 4
53 100011101 5
64 011111010 6
75 011111010 6

07 101101010 5
10 111101010 6
21 110111001 6
32 011011110 6
43 101001101 5
54 110101111 7
65 010101010 4
76 110101111 7

Matching output
0 absent
1 absent
2 absent
3 absent
4 absent
5 absent
6 absent
7 absent

Left
none
Best: none

Right
none
Best: none

Selecting

Lefts
Identity I6 7: 2
NOT none
Constant none
AND AND67: 1
OR none
XOR none
AND-NOT AND-NOT62: 1
OR-NOT none
XOR-NOT none

Rights
Identity I0: 1
NOT none
Constant none
AND AND50: 1
OR none
XOR none
AND-NOT AND-NOT02: 1
OR-NOT none
XOR-NOT none

Left longest: 2
Right longest: 1

Left winner: Identity yes, NOT no, Constant no, AND no, OR no, XOR no, AND-NOT no, OR-NOT no, XOR-NOT no
Right winner: Identity yes, NOT no, Constant no, AND no, OR no, XOR no, AND-NOT no, OR-NOT no, XOR-NOT no

Best left: I6 7: 2
Best right: I0: 1

Truncated left: I6 7: 2
Truncated right: I0: 1

Tentative from right
7 I0
6 pending
5 pending
4 pending
3 pending
2 pending
1 pending
0 pending

Tentative
0 I6
1 I7
2 pending
3 pending
4 pending
5 pending
6 pending
7 I0

Preferred from left
0 I6
1 I7
2 ?0?
3 ?1?
4 ?2?
5 ?3?
6 ?4?
7 I0

Preferred from right
7 I0
6 ?47
5 ?36
4 ?25
3 ?14
2 ?03
1 I7
0 I6

Preferred
0 I6
1 I7
2 ?03 ?30
3 ?14 ?41
4 ?25 ?52
5 ?36 ?63
6 ?47 ?74
7 I0

Matching
0 I6
1 I7
2 ?03 ?30 - Identity absent, NOT absent, Constant C0, AND absent, OR absent, XOR absent, AND-NOT absent, OR-NOT absent, XOR-NOT absent
3 ?14 ?41 - Identity absent, NOT absent, Constant C0, AND absent, OR absent, XOR absent, AND-NOT absent, OR-NOT absent, XOR-NOT absent
4 ?25 ?52 - Identity absent, NOT absent, Constant C0, AND absent, OR absent, XOR absent, AND-NOT25, OR-NOT absent, XOR-NOT absent
5 ?36 ?63 - Identity absent, NOT absent, Constant C0, AND36, OR absent, XOR absent, AND-NOT absent, OR-NOT absent, XOR-NOT absent
6 ?47 ?74 - Identity absent, NOT absent, Constant C0, AND absent, OR absent, XOR absent, AND-NOT absent, OR-NOT absent, XOR-NOT absent
7 I0

Perfect match
Identity no
NOT no
Constant yes
AND no
OR no
XOR no
AND-NOT no
OR-NOT no
XOR-NOT no

Matched
0 I6
1 I7
2 C0
3 C0
4 C0
5 C0
6 C0
7 I0

Selected
0 I6
1 I7
2 C0
3 C0
4 C0
5 C0
6 C0
7 I0

Applying to 01011100
Input
0 0
1 1
2 0
3 1
4 1
5 1
6 0
7 0
Output
0 I6 = 0
1 I7 = 0
2 C0 = 0
3 C0 = 0
4 C0 = 0
5 C0 = 0
6 C0 = 0
7 I0 = 0

I will now return the answer in \boxed{}
The answer in \boxed{–} is \boxed{00000000}
[correct]
true
