[category]
bit_manipulation
[prompt]
In Alice's Wonderland, a secret bit manipulation rule transforms 8-bit binary numbers. The transformation involves operations like bit shifts, rotations, XOR, AND, OR, NOT, and possibly majority or choice functions.

Here are some examples of input -> output:
00011111 -> 11110110
01101111 -> 11101101
11110111 -> 01000010
10011000 -> 10101111
11011110 -> 11011010
01100110 -> 01111111
10110011 -> 00010111
11011101 -> 11101010
01101000 -> 10011100

Now, determine the output for: 11101111
[completion]
We need to deduce the transformation by matching the example outputs.
I will put my final answer inside \boxed{}.

Output 0: 11110110
0 1
1 1
2 1
3 1
4 0
5 1
6 1
7 0

Output 1: 11101101
0 1
1 1
2 1
3 0
4 1
5 1
6 0
7 1

Output 2: 01000010
0 0
1 1
2 0
3 0
4 0
5 0
6 1
7 0

Output 3: 10101111
0 1
1 0
2 1
3 0
4 1
5 1
6 1
7 1

Output 4: 11011010
0 1
1 1
2 0
3 1
4 1
5 0
6 1
7 0

Output 5: 01111111
0 0
1 1
2 1
3 1
4 1
5 1
6 1
7 1

Output 6: 00010111
0 0
1 0
2 0
3 1
4 0
5 1
6 1
7 1

Output 7: 11101010
0 1
1 1
2 1
3 0
4 1
5 0
6 1
7 0

Output 8: 10011100
0 1
1 0
2 0
3 1
4 1
5 1
6 0
7 0

Output bit columns (with bitsum as hash)
0 110110011 6
1 111011010 6
2 110101010 5
3 100011101 5
4 010111011 6
5 110101101 6
6 101111110 7
7 010101100 4

Input 0: 00011111
0 0
1 0
2 0
3 1
4 1
5 1
6 1
7 1

Input 1: 01101111
0 0
1 1
2 1
3 0
4 1
5 1
6 1
7 1

Input 2: 11110111
0 1
1 1
2 1
3 1
4 0
5 1
6 1
7 1

Input 3: 10011000
0 1
1 0
2 0
3 1
4 1
5 0
6 0
7 0

Input 4: 11011110
0 1
1 1
2 0
3 1
4 1
5 1
6 1
7 0

Input 5: 01100110
0 0
1 1
2 1
3 0
4 0
5 1
6 1
7 0

Input 6: 10110011
0 1
1 0
2 1
3 1
4 0
5 0
6 1
7 1

Input 7: 11011101
0 1
1 1
2 0
3 1
4 1
5 1
6 0
7 1

Input 8: 01101000
0 0
1 1
2 1
3 0
4 1
5 0
6 0
7 0

When matching output
x: not in operator
y: wrong position

Identity
0 001110110 5
1 011011011 6
2 011001101 5
3 101110110 6
4 110110011 6 match 0
5 111011010 6 match 1
6 111011100 6
7 111000110 5

Matching output
0 4
1 5
2 absent
3 absent
4 absent
5 absent
6 absent
7 absent

Left
4 5 6x
Best: I4 5: 2

Right
none
Best: none

NOT
0 110001001 4
1 100100100 3
2 100110010 4
3 010001001 3
4 001001100 3
5 000100101 3
6 000100011 3
7 000111001 4

Matching output
0 absent
1 absent
2 absent
3 absent
4 absent
5 absent
6 absent
7 absent

Left
none
Best: none

Right
none
Best: none

Constant
0 000000000 a
1 111111111 a

Matching output
0 absent
1 absent
2 absent
3 absent
4 absent
5 absent
6 absent
7 absent

Left
none
Best: none

Right
none
Best: none

AND
01 10 001010010 3
12 21 011001001 4
23 32 001000100 2
34 43 100110010 4
45 54 110010010 4
56 65 111011000 5
67 76 111000100 4
70 07 001000110 3

02 20 001000100 2
13 31 001010010 3
24 42 010000001 2
35 53 101010010 4
46 64 110010000 3
57 75 111000010 4
60 06 001010100 3
71 17 011000010 3

03 30 001110110 5
14 41 010010011 4
25 52 011001000 3
36 63 101010100 4
47 74 110000010 3
50 05 001010010 3
61 16 011011000 4
72 27 011000100 3

04 40 000110010 3
15 51 011011010 5
26 62 011001100 4
37 73 101000110 4

Matching output
0 absent
1 absent
2 absent
3 absent
4 absent
5 absent
6 absent
7 absent

Left
none
Best: none

Right
none
Best: none

OR
01 10 011111111 8
12 21 011011111 7
23 32 111111111 a
34 43 111110111 8
45 54 111111011 8
56 65 111011110 7
67 76 111011110 7
70 07 111110110 7

02 20 011111111 8
13 31 111111111 a
24 42 111111111 a
35 53 111111110 8
46 64 111111111 a
57 75 111011110 7
60 06 111111110 8
71 17 111011111 8

03 30 101110110 6
14 41 111111011 8
25 52 111011111 8
36 63 111111110 8
47 74 111110111 8
50 05 111111110 8
61 16 111011111 8
72 27 111001111 7

04 40 111110111 8
15 51 111011011 7
26 62 111011101 7
37 73 111110110 7

Matching output
0 absent
1 absent
2 absent
3 absent
4 absent
5 absent
6 absent
7 absent

Left
none
Best: none

Right
none
Best: none

XOR
01 10 010101101 5
12 21 000010110 3
23 32 110111011 7
34 43 011000101 4
45 54 001101001 4
56 65 000000110 2
67 76 000011010 3
70 07 110110000 4

02 20 010111011 6 match 4
13 31 110101101 6 match 5
24 42 101111110 7 match 6
35 53 010101100 4 match 7
46 64 001101111 6
57 75 000011100 3
60 06 110101010 5 match 2
71 17 100011101 5 match 3

03 30 100000000 1
14 41 101101000 4
25 52 100010111 5
36 63 010101010 4
47 74 001110101 5
50 05 110101100 5
61 16 100000111 4
72 27 100001011 4

04 40 111000101 5
15 51 100000001 2
26 62 100010001 3
37 73 010110000 3

Matching output
0 absent
1 absent
2 60 06
3 71 17
4 02 20
5 13 31
6 24 42
7 35 53

Left
none
Best: none

Right
35 24 13 02 71 60 57x
53 42 31 20 17 06 75x
Best: XOR35 24 13 02 71 60: 6

AND-NOT
01 000100100 2
12 000010010 2
23 010001001 3
34 001000100 2
45 000100001 2
56 000000010 1
67 000011000 2
70 110000000 2

02 000110010 3
13 010001001 3
24 001001100 3
35 000100100 2
46 000100011 3
57 000011000 2
60 110001000 3
71 100000100 2

03 000000000 a
14 001001000 2
25 000000101 2
36 000100010 2
47 000110001 3
50 110001000 3
61 100000100 2
72 100000010 2

04 001000100 2
15 000000001 1
26 000000001 1
37 000110000 2
40 110000001 3
51 100000000 1
62 100010000 2
73 010000000 1

05 000100100 2
16 000000011 2
27 000001001 2
30 100000000 1
41 100100000 2
52 100010010 3
63 010001000 2
74 001000100 2

06 000100010 2
17 000011001 3
20 010001001 3
31 100100100 3
42 100110010 4
53 010001000 2
64 001001100 3
75 000000100 1

07 000110000 2
10 010001001 3
21 000000100 1
32 100110010 4
43 010000001 2
54 001001000 2
65 000000100 1
76 000000010 1

Matching output
0 absent
1 absent
2 absent
3 absent
4 absent
5 absent
6 absent
7 absent

Left
none
Best: none

Right
none
Best: none

OR-NOT
01 101110110 6
12 111111011 8
23 011001101 5
34 101111110 7 match 6
45 110110111 7
56 111111011 8
67 111111101 8
70 111001111 7

02 101110110 6
13 011011011 6
24 011001101 5
35 101110111 7
46 110110011 6 match 0
57 111111011 8
60 111011101 7
71 111100110 6

03 011111111 8
14 011011111 7
25 011101101 6
36 101110111 7
47 110111011 7
50 111011011 7
61 111111100 7
72 111110110 7

04 001111110 6
15 011111111 8
26 011101111 7
37 101111111 8
40 110111011 7
51 111111110 8
62 111111110 8
73 111001111 7

05 001110111 6
16 011111011 7
27 011111101 7
30 111111111 a
41 110110111 7
52 111111010 7
63 111011101 7
74 111001110 6

06 001110111 6
17 011111011 7
20 111001101 6
31 101110110 6
42 110110011 6 match 0
53 111011011 7
64 111011100 6
75 111100111 7

07 001111111 7
10 111011011 7
21 111101101 7
32 101110110 6
43 110111011 7
54 111011110 7
65 111111101 8
76 111100111 7

Matching output
0 46 42
1 absent
2 absent
3 absent
4 absent
5 absent
6 34
7 absent

Left
46 57x
42 53x
Best: OR-NOT46: 1

Right
none
Best: none

XOR-NOT
01 101010010 4
12 111101001 6
23 001000100 2
34 100111010 5
45 110010110 5
56 111111001 7
67 111100101 6
70 001001111 5

02 101000100 3
13 001010010 3
24 010000001 2
35 101010011 5
46 110010000 3
57 111100011 6
60 001010101 4
71 011100010 4

03 011111111 8
14 010010111 5
25 011101000 4
36 101010101 5
47 110001010 4
50 001010011 4
61 011111000 5
72 011110100 5

04 000111010 4
15 011111110 7
26 011101110 6
37 101001111 6
40 000111010 4
51 011111110 7
62 011101110 6
73 101001111 6

05 001010011 4
16 011111000 5
27 011110100 5
30 011111111 8
41 010010111 5
52 011101000 4
63 101010101 5
74 110001010 4

06 001010101 4
17 011100010 4
20 101000100 3
31 001010010 3
42 010000001 2
53 101010011 5
64 110010000 3
75 111100011 6

07 001001111 5
10 101010010 4
21 111101001 6
32 001000100 2
43 100111010 5
54 110010110 5
65 111111001 7
76 111100101 6

Matching output
0 absent
1 absent
2 absent
3 absent
4 absent
5 absent
6 absent
7 absent

Left
none
Best: none

Right
none
Best: none

Selecting

Lefts
Identity I4 5: 2
NOT none
Constant none
AND none
OR none
XOR none
AND-NOT none
OR-NOT OR-NOT46: 1
XOR-NOT none

Rights
Identity none
NOT none
Constant none
AND none
OR none
XOR XOR35 24 13 02 71 60: 6
AND-NOT none
OR-NOT none
XOR-NOT none

Left longest: 2
Right longest: 6

Right winner: Identity no, NOT no, Constant no, AND no, OR no, XOR yes, AND-NOT no, OR-NOT no, XOR-NOT no
Left winner: Identity yes, NOT no, Constant no, AND no, OR no, XOR no, AND-NOT no, OR-NOT no, XOR-NOT no

Best right: XOR35 24 13 02 71 60: 6
Best left: I4 5: 2

Truncated right: XOR35 24 13 02 71 60: 6
Truncated left: I4 5: 2

Tentative from right
7 XOR35
6 XOR24
5 XOR13
4 XOR02
3 XOR71
2 XOR60
1 pending
0 pending

Tentative
0 I4
1 I5
2 XOR60
3 XOR71
4 XOR02
5 XOR13
6 XOR24
7 XOR35

Preferred from right
7 XOR35
6 XOR24
5 XOR13
4 XOR02
3 XOR71
2 XOR60
1 I5
0 I4

Preferred from left
0 I4
1 I5
2 XOR60
3 XOR71
4 XOR02
5 XOR13
6 XOR24
7 XOR35

Preferred
0 I4
1 I5
2 XOR60
3 XOR71
4 XOR02
5 XOR13
6 XOR24
7 XOR35

Matching
0 I4
1 I5
2 XOR60
3 XOR71
4 XOR02
5 XOR13
6 XOR24
7 XOR35

Perfect match
Identity no
NOT no
Constant no
AND no
OR no
XOR no
AND-NOT no
OR-NOT no
XOR-NOT no

Matched
0 I4
1 I5
2 XOR60
3 XOR71
4 XOR02
5 XOR13
6 XOR24
7 XOR35

Selected
0 I4
1 I5
2 XOR60
3 XOR71
4 XOR02
5 XOR13
6 XOR24
7 XOR35

Applying to 11101111
Input
0 1
1 1
2 1
3 0
4 1
5 1
6 1
7 1
Output
0 I4 = 1
1 I5 = 1
2 XOR60 = XOR(1,1) = 0
3 XOR71 = XOR(1,1) = 0
4 XOR02 = XOR(1,1) = 0
5 XOR13 = XOR(1,0) = 1
6 XOR24 = XOR(1,1) = 0
7 XOR35 = XOR(0,1) = 1

I will now return the answer in \boxed{}
The answer in \boxed{–} is \boxed{11000101}
[correct]
true
