[category]
bit_manipulation
[prompt]
In Alice's Wonderland, a secret bit manipulation rule transforms 8-bit binary numbers. The transformation involves operations like bit shifts, rotations, XOR, AND, OR, NOT, and possibly majority or choice functions.

Here are some examples of input -> output:
11010001 -> 11111100
11110011 -> 11111100
11001000 -> 01110010
10110010 -> 10111100
00010000 -> 10000100
10101000 -> 01101010
00011010 -> 11010110
11111001 -> 11111110
01011101 -> 11111111

Now, determine the output for: 00001001
[completion]
We need to deduce the transformation by matching the example outputs.
I will put my final answer inside \boxed{}.

Output 0: 11111100
0 1
1 1
2 1
3 1
4 1
5 1
6 0
7 0

Output 1: 11111100
0 1
1 1
2 1
3 1
4 1
5 1
6 0
7 0

Output 2: 01110010
0 0
1 1
2 1
3 1
4 0
5 0
6 1
7 0

Output 3: 10111100
0 1
1 0
2 1
3 1
4 1
5 1
6 0
7 0

Output 4: 10000100
0 1
1 0
2 0
3 0
4 0
5 1
6 0
7 0

Output 5: 01101010
0 0
1 1
2 1
3 0
4 1
5 0
6 1
7 0

Output 6: 11010110
0 1
1 1
2 0
3 1
4 0
5 1
6 1
7 0

Output 7: 11111110
0 1
1 1
2 1
3 1
4 1
5 1
6 1
7 0

Output 8: 11111111
0 1
1 1
2 1
3 1
4 1
5 1
6 1
7 1

Output bit columns (with bitsum as hash)
0 110110111 7
1 111001111 7
2 111101011 7
3 111100111 7
4 110101011 6
5 110110111 7
6 001001111 5
7 000000001 1

Input 0: 11010001
0 1
1 1
2 0
3 1
4 0
5 0
6 0
7 1

Input 1: 11110011
0 1
1 1
2 1
3 1
4 0
5 0
6 1
7 1

Input 2: 11001000
0 1
1 1
2 0
3 0
4 1
5 0
6 0
7 0

Input 3: 10110010
0 1
1 0
2 1
3 1
4 0
5 0
6 1
7 0

Input 4: 00010000
0 0
1 0
2 0
3 1
4 0
5 0
6 0
7 0

Input 5: 10101000
0 1
1 0
2 1
3 0
4 1
5 0
6 0
7 0

Input 6: 00011010
0 0
1 0
2 0
3 1
4 1
5 0
6 1
7 0

Input 7: 11111001
0 1
1 1
2 1
3 1
4 1
5 0
6 0
7 1

Input 8: 01011101
0 0
1 1
2 0
3 1
4 1
5 1
6 0
7 1

When matching output
x: not in operator
y: wrong position

Identity
0 111101010 6
1 111000011 5
2 010101010 4
3 110110111 7 match 0 5
4 001001111 5 match 6
5 000000001 1 match 7
6 010100100 3
7 110000011 4

Matching output
0 3
1 absent
2 absent
3 absent
4 absent
5 3
6 4
7 5

Left
3 4y
Best: I3: 1

Right
5 4 3 2x
Best: I5 4 3: 3

NOT
0 000010101 3
1 000111100 4
2 101010101 5
3 001001000 2
4 110110000 4
5 111111110 8
6 101011011 6
7 001111100 5

Matching output
0 absent
1 absent
2 absent
3 absent
4 absent
5 absent
6 absent
7 absent

Left
none
Best: none

Right
none
Best: none

Constant
0 000000000 a
1 111111111 a

Matching output
0 absent
1 absent
2 absent
3 absent
4 absent
5 absent
6 absent
7 absent

Left
none
Best: none

Right
none
Best: none

AND
01 10 111000010 4
12 21 010000010 2
23 32 010100010 3
34 43 000000111 3
45 54 000000001 1 match 7
56 65 000000000 a
67 76 010000000 1
70 07 110000010 3

02 20 010101010 4
13 31 110000011 4
24 42 000001010 2
35 53 000000001 1 match 7
46 64 000000100 1
57 75 000000001 1 match 7
60 06 010100000 2
71 17 110000011 4

03 30 110100010 4
14 41 001000011 3
25 52 000000000 a
36 63 010100100 3
47 74 000000011 2
50 05 000000000 a
61 16 010000000 1
72 27 010000010 2

04 40 001001010 3
15 51 000000001 1 match 7
26 62 010100000 2
37 73 110000011 4

Matching output
0 absent
1 absent
2 absent
3 absent
4 absent
5 absent
6 absent
7 45 54 35 53 57 75 15 51

Left
none
Best: none

Right
45 34x
54 43x
35 24x
53 42x
57 46x
75 64x
15 04x
51 40x
Best: AND45: 1

OR
01 10 111101011 7 match 2
12 21 111101011 7 match 2
23 32 110111111 8
34 43 111111111 a
45 54 001001111 5 match 6
56 65 010100101 4
67 76 110100111 6
70 07 111101011 7 match 2

02 20 111101010 6
13 31 111110111 8
24 42 011101111 7
35 53 110110111 7 match 0 5
46 64 011101111 7
57 75 110000011 4
60 06 111101110 7
71 17 111000011 5

03 30 111111111 a
14 41 111001111 7 match 1
25 52 010101011 5
36 63 110110111 7 match 0 5
47 74 111001111 7 match 1
50 05 111101011 7 match 2
61 16 111100111 7 match 3
72 27 110101011 6 match 4

04 40 111101111 8
15 51 111000011 5
26 62 010101110 5
37 73 110110111 7 match 0 5

Matching output
0 35 53 36 63 37 73
1 14 41 47 74
2 01 10 12 21 70 07 50 05
3 61 16
4 72 27
5 35 53 36 63 37 73
6 45 54
7 absent

Left
35 46x
53 64x
36 47 50 61 72 03x
63 74 05 16 27 30x
37 40x
73 04x
Best: OR36 47 50 61 72: 5

Right
none
Best: none

XOR
01 10 000101001 3
12 21 101101001 5
23 32 100011101 5
34 43 111111000 6
45 54 001001110 4
56 65 010100101 4
67 76 100100111 5
70 07 001101001 4

02 20 101000000 2
13 31 001110100 4
24 42 011100101 5
35 53 110110110 6
46 64 011101011 6
57 75 110000010 3
60 06 101001110 5
71 17 001000000 1

03 30 001011101 5
14 41 110001100 4
25 52 010101011 5
36 63 100010011 4
47 74 111001100 5
50 05 111101011 7 match 2
61 16 101100111 6
72 27 100101001 4

04 40 110100101 5
15 51 111000010 4
26 62 000001110 3
37 73 000110100 3

Matching output
0 absent
1 absent
2 50 05
3 absent
4 absent
5 absent
6 absent
7 absent

Left
none
Best: none

Right
none
Best: none

AND-NOT
01 000101000 2
12 101000001 3
23 000001000 1
34 110110000 4
45 001001110 4
56 000000001 1 match 7
67 000100100 2
70 000000001 1 match 7

02 101000000 2
13 001000000 1
24 010100000 2
35 110110110 6
46 001001011 4
57 000000000 a
60 000000100 1
71 000000000 a

03 001001000 2
14 110000000 2
25 010101010 4
36 100010011 4
47 001001100 3
50 000000001 1 match 7
61 000100100 2
72 100000001 2

04 110100000 3
15 111000010 4
26 000001010 2
37 000110100 3
40 000000101 2
51 000000000 a
62 000000100 1
73 000000000 a

05 111101010 6
16 101000011 4
27 000101000 2
30 000010101 3
41 000001100 2
52 000000001 1 match 7
63 000000000 a
74 110000000 2

06 101001010 4
17 001000000 1
20 000000000 a
31 000110100 3
42 001000101 3
53 000000000 a
64 010100000 2
75 110000010 3

07 001101000 3
10 000000001 1 match 7
21 000101000 2
32 100010101 4
43 001001000 2
54 000000000 a
65 010100100 3
76 100000011 3

Matching output
0 absent
1 absent
2 absent
3 absent
4 absent
5 absent
6 absent
7 56 70 50 52 10

Left
none
Best: none

Right
56 45x
70 67x
50 47x
52 41x
10 07x
Best: AND-NOT56: 1

OR-NOT
01 111111110 8
12 111010111 7
23 011101010 5
34 110110111 7 match 0 5
45 111111111 a
56 101011011 6
67 011111100 6
70 110010111 6

02 111111111 a
13 111001011 6
24 110111010 6
35 111111111 a
46 101011111 7
57 001111101 6
60 010110101 5
71 110111111 8

03 111101010 6
14 111110011 7
25 111111110 8
36 111111111 a
47 001111111 7
50 000010101 3
61 010111100 5
72 111010111 7

04 111111010 7
15 111111111 a
26 111111011 8
37 111111111 a
40 001011111 6
51 000111101 5
62 111110101 7
73 111001011 6

05 111111110 8
16 111011011 7
27 011111110 7
30 110110111 7 match 0 5
41 001111111 7
52 101010101 5
63 011101100 5
74 110110011 6

06 111111011 8
17 111111111 a
20 010111111 7
31 110111111 8
42 101011111 7
53 001001001 3
64 110110100 5
75 111111111 a

07 111111110 8
10 111010111 7
21 010111110 6
32 111110111 8
43 001001111 5 match 6
54 110110001 5
65 111111110 8
76 111011011 7

Matching output
0 34 30
1 absent
2 absent
3 absent
4 absent
5 34 30
6 43
7 absent

Left
34 45x
30 41x
Best: OR-NOT34: 1

Right
none
Best: none

XOR-NOT
01 111010110 6
12 010010110 4
23 011100010 4
34 000000111 3
45 110110001 5
56 101011010 5
67 011011000 4
70 110010110 5

02 010111111 7
13 110001011 5
24 100011010 4
35 001001001 3
46 100010100 3
57 001111101 6
60 010110001 4
71 110111111 8

03 110100010 4
14 001110011 5
25 101010100 4
36 011101100 5
47 000110011 4
50 000010100 2
61 010011000 3
72 011010110 5

04 001011010 4
15 000111101 5
26 111110001 6
37 111001011 6
40 001011010 4
51 000111101 5
62 111110001 6
73 111001011 6

05 000010100 2
16 010011000 3
27 011010110 5
30 110100010 4
41 001110011 5
52 101010100 4
63 011101100 5
74 000110011 4

06 010110001 4
17 110111111 8
20 010111111 7
31 110001011 5
42 100011010 4
53 001001001 3
64 100010100 3
75 001111101 6

07 110010110 5
10 111010110 6
21 010010110 4
32 011100010 4
43 000000111 3
54 110110001 5
65 101011010 5
76 011011000 4

Matching output
0 absent
1 absent
2 absent
3 absent
4 absent
5 absent
6 absent
7 absent

Left
none
Best: none

Right
none
Best: none

Selecting

Lefts
Identity I3: 1
NOT none
Constant none
AND none
OR OR36 47 50 61 72: 5
XOR none
AND-NOT none
OR-NOT OR-NOT34: 1
XOR-NOT none

Rights
Identity I5 4 3: 3
NOT none
Constant none
AND AND45: 1
OR none
XOR none
AND-NOT AND-NOT56: 1
OR-NOT none
XOR-NOT none

Left longest: 5
Right longest: 3

Left winner: Identity no, NOT no, Constant no, AND no, OR yes, XOR no, AND-NOT no, OR-NOT no, XOR-NOT no
Right winner: Identity yes, NOT no, Constant no, AND no, OR no, XOR no, AND-NOT no, OR-NOT no, XOR-NOT no

Best left: OR36 47 50 61 72: 5
Best right: I5 4 3: 3

Truncated left: OR36 47 50 61 72: 5
Truncated right: I5 4 3: 3

Tentative from right
7 I5
6 I4
5 I3
4 pending
3 pending
2 pending
1 pending
0 pending

Tentative
0 OR36
1 OR47
2 OR50
3 OR61
4 OR72
5 I3
6 I4
7 I5

Preferred from left
0 OR36
1 OR47
2 OR50
3 OR61
4 OR72
5 I3
6 I4
7 I5

Preferred from right
7 I5
6 I4
5 I3
4 OR72
3 OR61
2 OR50
1 OR47
0 OR36

Preferred
0 OR36
1 OR47
2 OR50
3 OR61
4 OR72
5 I3
6 I4
7 I5

Matching
0 OR36
1 OR47
2 OR50
3 OR61
4 OR72
5 I3
6 I4
7 I5

Perfect match
Identity no
NOT no
Constant no
AND no
OR no
XOR no
AND-NOT no
OR-NOT no
XOR-NOT no

Matched
0 OR36
1 OR47
2 OR50
3 OR61
4 OR72
5 I3
6 I4
7 I5

Selected
0 OR36
1 OR47
2 OR50
3 OR61
4 OR72
5 I3
6 I4
7 I5

Applying to 00001001
Input
0 0
1 0
2 0
3 0
4 1
5 0
6 0
7 1
Output
0 OR36 = OR(0,0) = 0
1 OR47 = OR(1,1) = 1
2 OR50 = OR(0,0) = 0
3 OR61 = OR(0,0) = 0
4 OR72 = OR(1,0) = 1
5 I3 = 0
6 I4 = 1
7 I5 = 0

I will now return the answer in \boxed{}
The answer in \boxed{–} is \boxed{01001010}
[correct]
true
