[category]
bit_manipulation
[prompt]
In Alice's Wonderland, a secret bit manipulation rule transforms 8-bit binary numbers. The transformation involves operations like bit shifts, rotations, XOR, AND, OR, NOT, and possibly majority or choice functions.

Here are some examples of input -> output:
01001100 -> 01100001
10110101 -> 10101010
11000101 -> 00101011
11000100 -> 00100011
01110100 -> 10100001
00001110 -> 01110000
10011101 -> 11101010
00011101 -> 11101000
00110001 -> 10001000
00011000 -> 11000000

Now, determine the output for: 01101101
[completion]
We need to deduce the transformation by matching the example outputs.
I will put my final answer inside \boxed{}.

Output 0: 01100001
0 0
1 1
2 1
3 0
4 0
5 0
6 0
7 1

Output 1: 10101010
0 1
1 0
2 1
3 0
4 1
5 0
6 1
7 0

Output 2: 00101011
0 0
1 0
2 1
3 0
4 1
5 0
6 1
7 1

Output 3: 00100011
0 0
1 0
2 1
3 0
4 0
5 0
6 1
7 1

Output 4: 10100001
0 1
1 0
2 1
3 0
4 0
5 0
6 0
7 1

Output 5: 01110000
0 0
1 1
2 1
3 1
4 0
5 0
6 0
7 0

Output 6: 11101010
0 1
1 1
2 1
3 0
4 1
5 0
6 1
7 0

Output 7: 11101000
0 1
1 1
2 1
3 0
4 1
5 0
6 0
7 0

Output 8: 10001000
0 1
1 0
2 0
3 0
4 1
5 0
6 0
7 0

Output 9: 11000000
0 1
1 1
2 0
3 0
4 0
5 0
6 0
7 0

Output bit columns (with bitsum as hash)
0 0100101111 6
1 1000011101 5
2 1111111100 8
3 0000010000 1
4 0110001110 5
5 0000000000 a
6 0111001000 4
7 1011100000 4

Input 0: 01001100
0 0
1 1
2 0
3 0
4 1
5 1
6 0
7 0

Input 1: 10110101
0 1
1 0
2 1
3 1
4 0
5 1
6 0
7 1

Input 2: 11000101
0 1
1 1
2 0
3 0
4 0
5 1
6 0
7 1

Input 3: 11000100
0 1
1 1
2 0
3 0
4 0
5 1
6 0
7 0

Input 4: 01110100
0 0
1 1
2 1
3 1
4 0
5 1
6 0
7 0

Input 5: 00001110
0 0
1 0
2 0
3 0
4 1
5 1
6 1
7 0

Input 6: 10011101
0 1
1 0
2 0
3 1
4 1
5 1
6 0
7 1

Input 7: 00011101
0 0
1 0
2 0
3 1
4 1
5 1
6 0
7 1

Input 8: 00110001
0 0
1 0
2 1
3 1
4 0
5 0
6 0
7 1

Input 9: 00011000
0 0
1 0
2 0
3 1
4 1
5 0
6 0
7 0

When matching output
x: not in operator
y: wrong position

Identity
0 0111001000 4 match 6
1 1011100000 4 match 7
2 0100100010 3
3 0100101111 6 match 0
4 1000011101 5 match 1
5 1111111100 8 match 2
6 0000010000 1 match 3
7 0110001110 5 match 4

Matching output
0 3
1 4
2 5
3 6
4 7
5 absent
6 0
7 1

Left
3 4 5 6 7 0y
Best: I3 4 5 6 7: 5

Right
1 0 7y
Best: I1 0: 2

NOT
0 1000110111 6
1 0100011111 6
2 1011011101 7
3 1011010000 4
4 0111100010 5
5 0000000011 2
6 1111101111 9
7 1001110001 5

Matching output
0 absent
1 absent
2 absent
3 absent
4 absent
5 absent
6 absent
7 absent

Left
none
Best: none

Right
none
Best: none

Constant
0 0000000000 a match 5
1 1111111111 a

Matching output
0 absent
1 absent
2 absent
3 absent
4 absent
5 C0
6 absent
7 absent

Left
none
Best: none

Right
none
Best: none

AND
01 10 0011000000 2
12 21 0000100000 1
23 32 0100100010 3
34 43 0000001101 3
45 54 1000011100 4
56 65 0000010000 1 match 3
67 76 0000000000 a match 5
70 07 0110001000 3

02 20 0100000000 1
13 31 0000100000 1
24 42 0000000000 a match 5
35 53 0100101100 4
46 64 0000010000 1 match 3
57 75 0110001100 4
60 06 0000000000 a match 5
71 17 0010000000 1

03 30 0100001000 2
14 41 1000000000 1
25 52 0100100000 2
36 63 0000000000 a match 5
47 74 0000001100 2
50 05 0111001000 4 match 6
61 16 0000000000 a match 5
72 27 0100000010 2

04 40 0000001000 1
15 51 1011100000 4 match 7
26 62 0000000000 a match 5
37 73 0100001110 4

Matching output
0 absent
1 absent
2 absent
3 56 65 46 64
4 absent
5 67 76 24 42 60 06 36 63 61 16 26 62
6 50 05
7 15 51

Left
none
Best: none

Right
15 04x
51 40x
Best: AND15: 1

OR
01 10 1111101000 6
12 21 1111100010 6
23 32 0100101111 6 match 0
34 43 1100111111 8
45 54 1111111101 9
56 65 1111111100 8 match 2
67 76 0110011110 6
70 07 0111001110 6

02 20 0111101010 6
13 31 1111101111 9
24 42 1100111111 8
35 53 1111111111 a
46 64 1000011101 5 match 1
57 75 1111111110 9
60 06 0111011000 5
71 17 1111101110 8

03 30 0111101111 8
14 41 1011111101 8
25 52 1111111110 9
36 63 0100111111 7
47 74 1110011111 8
50 05 1111111100 8 match 2
61 16 1011110000 5
72 27 0110101110 6

04 40 1111011101 8
15 51 1111111100 8 match 2
26 62 0100110010 4
37 73 0110101111 7

Matching output
0 23 32
1 46 64
2 56 65 50 05 15 51
3 absent
4 absent
5 absent
6 absent
7 absent

Left
23 34x
32 43x
Best: OR23: 1

Right
none
Best: none

XOR
01 10 1100101000 4
12 21 1111000010 5
23 32 0000001101 3
34 43 1100110010 5
45 54 0111100001 5
56 65 1111101100 7
67 76 0110011110 6
70 07 0001000110 3

02 20 0011101010 5
13 31 1111001111 8
24 42 1100111111 8
35 53 1011010011 6
46 64 1000001101 4
57 75 1001110010 5
60 06 0111011000 5
71 17 1101101110 7

03 30 0011100111 6
14 41 0011111101 7
25 52 1011011110 7
36 63 0100111111 7
47 74 1110010011 6
50 05 1000110100 4
61 16 1011110000 5
72 27 0010101100 4

04 40 1111010101 7
15 51 0100011100 4
26 62 0100110010 4
37 73 0010100001 3

Matching output
0 absent
1 absent
2 absent
3 absent
4 absent
5 absent
6 absent
7 absent

Left
none
Best: none

Right
none
Best: none

AND-NOT
01 0100001000 2
12 1011000000 3
23 0000000000 a match 5
34 0100100010 3
45 0000000001 1
56 1111101100 7
67 0000010000 1 match 3
70 0000000110 2

02 0011001000 3
13 1011000000 3
24 0100100010 3
35 0000000011 2
46 1000001101 4
57 1001110000 4
60 0000010000 1 match 3
71 0100001110 4

03 0011000000 2
14 0011100000 3
25 0000000010 1
36 0100101111 6 match 0
47 1000010001 3
50 1000110100 4
61 0000010000 1 match 3
72 0010001100 3

04 0111000000 3
15 0000000000 a match 5
26 0100100010 3
37 0000100001 2
40 1000010101 4
51 0100011100 4
62 0000010000 1 match 3
73 0010000000 1

05 0000000000 a match 5
16 1011100000 4 match 7
27 0000100000 1
30 0000100111 4
41 0000011101 4
52 1011011100 6
63 0000010000 1 match 3
74 0110000010 3

06 0111001000 4 match 6
17 1001100000 3
20 0000100010 2
31 0100001111 5
42 1000011101 5 match 1
53 1011010000 4
64 0000000000 a match 5
75 0000000010 1

07 0001000000 1
10 1000100000 2
21 0100000010 2
32 0000001101 3
43 1000010000 2
54 0111100000 4
65 0000000000 a match 5
76 0110001110 5 match 4

Matching output
0 36
1 42
2 absent
3 67 60 61 62 63
4 76
5 23 15 05 64 65
6 06
7 16

Left
36 47x
Best: AND-NOT36: 1

Right
16 05y
Best: AND-NOT16: 1

OR-NOT
01 0111011111 8
12 1011111101 8
23 1111110010 7
34 0111101111 8
45 1000011111 6
56 1111111111 a
67 1001110001 5
70 1110111111 9

02 1111011101 8
13 1011110000 5
24 0111100010 5
35 0100101111 6 match 0
46 1111111111 a
57 1111111101 9
60 1000110111 6
71 0110011111 7

03 1111011000 6
14 1111100010 6
25 0100100011 4
36 1111101111 9
47 1001111101 7
50 1111111111 a
61 0100011111 6
72 1111011111 9

04 0111101010 6
15 1011100011 6
26 1111101111 9
37 1101111111 9
40 1000111111 7
51 1111111111 a
62 1011011101 7
73 1111011110 8

05 0111001011 6
16 1111101111 9
27 1101110011 7
30 1100111111 8
41 1100011111 7
52 1111111101 9
63 1011010000 4
74 0111101110 7

06 1111101111 9
17 1011110001 6
20 1100110111 7
31 0100111111 7
42 1011011101 7
53 1111111100 8 match 2
64 0111110010 6
75 0110001111 6

07 1111111001 8
10 1011110111 8
21 0100111111 7
32 1111111111 a
43 1011011101 7
54 1111111110 9
65 0000010011 3
76 1111101111 9

Matching output
0 35
1 absent
2 53
3 absent
4 absent
5 absent
6 absent
7 absent

Left
35 46x
Best: OR-NOT35: 1

Right
none
Best: none

XOR-NOT
01 0011010111 6
12 0000111101 5
23 1111110010 7
34 0011001101 5
45 1000011110 5
56 0000010011 3
67 1001100001 4
70 1110111001 7

02 1100010101 5
13 0000110000 2
24 0011000000 2
35 0100101100 4
46 0111110010 6
57 0110001101 5
60 1000100111 5
71 0010010001 3

03 1100011000 4
14 1100000010 3
25 0100100001 3
36 1011000000 3
47 0001101100 4
50 0111001011 6
61 0100001111 5
72 1101010011 6

04 0000101010 3
15 1011100011 6
26 1011001101 6
37 1101011110 7
40 0000101010 3
51 1011100011 6
62 1011001101 6
73 1101011110 7

05 0111001011 6
16 0100001111 5
27 1101010011 6
30 1100011000 4
41 1100000010 3
52 0100100001 3
63 1011000000 3
74 0001101100 4

06 1000100111 5
17 0010010001 3
20 1100010101 5
31 0000110000 2
42 0011000000 2
53 0100101100 4
64 0111110010 6
75 0110001101 5

07 1110111001 7
10 0011010111 6
21 0000111101 5
32 1111110010 7
43 0011001101 5
54 1000011110 5
65 0000010011 3
76 1001100001 4

Matching output
0 absent
1 absent
2 absent
3 absent
4 absent
5 absent
6 absent
7 absent

Left
none
Best: none

Right
none
Best: none

Selecting

Lefts
Identity I3 4 5 6 7: 5
NOT none
Constant none
AND none
OR OR23: 1
XOR none
AND-NOT AND-NOT36: 1
OR-NOT OR-NOT35: 1
XOR-NOT none

Rights
Identity I1 0: 2
NOT none
Constant none
AND AND15: 1
OR none
XOR none
AND-NOT AND-NOT16: 1
OR-NOT none
XOR-NOT none

Left longest: 5
Right longest: 2

Left winner: Identity yes, NOT no, Constant no, AND no, OR no, XOR no, AND-NOT no, OR-NOT no, XOR-NOT no
Right winner: Identity yes, NOT no, Constant no, AND no, OR no, XOR no, AND-NOT no, OR-NOT no, XOR-NOT no

Best left: I3 4 5 6 7: 5
Best right: I1 0: 2

Truncated left: I3 4 5 6 7: 5
Truncated right: I1 0: 2

Tentative from right
7 I1
6 I0
5 pending
4 pending
3 pending
2 pending
1 pending
0 pending

Tentative
0 I3
1 I4
2 I5
3 I6
4 I7
5 pending
6 I0
7 I1

Preferred from left
0 I3
1 I4
2 I5
3 I6
4 I7
5 ?0?
6 I0
7 I1

Preferred from right
7 I1
6 I0
5 ?07
4 I7
3 I6
2 I5
1 I4
0 I3

Preferred
0 I3
1 I4
2 I5
3 I6
4 I7
5 ?07 ?70
6 I0
7 I1

Matching
0 I3
1 I4
2 I5
3 I6
4 I7
5 ?07 ?70 - Identity absent, NOT absent, Constant C0, AND absent, OR absent, XOR absent, AND-NOT absent, OR-NOT absent, XOR-NOT absent
6 I0
7 I1

Perfect match
Identity no
NOT no
Constant yes
AND no
OR no
XOR no
AND-NOT no
OR-NOT no
XOR-NOT no

Matched
0 I3
1 I4
2 I5
3 I6
4 I7
5 C0
6 I0
7 I1

Selected
0 I3
1 I4
2 I5
3 I6
4 I7
5 C0
6 I0
7 I1

Applying to 01101101
Input
0 0
1 1
2 1
3 0
4 1
5 1
6 0
7 1
Output
0 I3 = 0
1 I4 = 1
2 I5 = 1
3 I6 = 0
4 I7 = 1
5 C0 = 0
6 I0 = 0
7 I1 = 1

I will now return the answer in \boxed{}
The answer in \boxed{–} is \boxed{01101001}
[correct]
true
