[category]
bit_manipulation
[prompt]
In Alice's Wonderland, a secret bit manipulation rule transforms 8-bit binary numbers. The transformation involves operations like bit shifts, rotations, XOR, AND, OR, NOT, and possibly majority or choice functions.

Here are some examples of input -> output:
10000100 -> 00000000
11001001 -> 00010000
01010100 -> 10001000
11000111 -> 10001000
01000000 -> 00000000
01001100 -> 10001000
10101010 -> 01010100
01000011 -> 00000000
11100010 -> 01000100
00111111 -> 01100110

Now, determine the output for: 10001101
[completion]
We need to deduce the transformation by matching the example outputs.
I will put my final answer inside \boxed{}.

Output 0: 00000000
0 0
1 0
2 0
3 0
4 0
5 0
6 0
7 0

Output 1: 00010000
0 0
1 0
2 0
3 1
4 0
5 0
6 0
7 0

Output 2: 10001000
0 1
1 0
2 0
3 0
4 1
5 0
6 0
7 0

Output 3: 10001000
0 1
1 0
2 0
3 0
4 1
5 0
6 0
7 0

Output 4: 00000000
0 0
1 0
2 0
3 0
4 0
5 0
6 0
7 0

Output 5: 10001000
0 1
1 0
2 0
3 0
4 1
5 0
6 0
7 0

Output 6: 01010100
0 0
1 1
2 0
3 1
4 0
5 1
6 0
7 0

Output 7: 00000000
0 0
1 0
2 0
3 0
4 0
5 0
6 0
7 0

Output 8: 01000100
0 0
1 1
2 0
3 0
4 0
5 1
6 0
7 0

Output 9: 01100110
0 0
1 1
2 1
3 0
4 0
5 1
6 1
7 0

Output bit columns (with bitsum as hash)
0 0011010000 3
1 0000001011 3
2 0000000001 1
3 0100001000 2
4 0011010000 3
5 0000001011 3
6 0000000001 1
7 0000000000 a

Input 0: 10000100
0 1
1 0
2 0
3 0
4 0
5 1
6 0
7 0

Input 1: 11001001
0 1
1 1
2 0
3 0
4 1
5 0
6 0
7 1

Input 2: 01010100
0 0
1 1
2 0
3 1
4 0
5 1
6 0
7 0

Input 3: 11000111
0 1
1 1
2 0
3 0
4 0
5 1
6 1
7 1

Input 4: 01000000
0 0
1 1
2 0
3 0
4 0
5 0
6 0
7 0

Input 5: 01001100
0 0
1 1
2 0
3 0
4 1
5 1
6 0
7 0

Input 6: 10101010
0 1
1 0
2 1
3 0
4 1
5 0
6 1
7 0

Input 7: 01000011
0 0
1 1
2 0
3 0
4 0
5 0
6 1
7 1

Input 8: 11100010
0 1
1 1
2 1
3 0
4 0
5 0
6 1
7 0

Input 9: 00111111
0 0
1 0
2 1
3 1
4 1
5 1
6 1
7 1

When matching output
x: not in operator
y: wrong position

Identity
0 1101001010 5
1 0111110110 7
2 0000001011 3 match 1 5
3 0010000001 2
4 0100011001 4
5 1011010001 5
6 0001001111 5
7 0101000101 4

Matching output
0 absent
1 2
2 absent
3 absent
4 absent
5 2
6 absent
7 absent

Left
none
Best: none

Right
none
Best: none

NOT
0 0010110101 5
1 1000001001 3
2 1111110100 7
3 1101111110 8
4 1011100110 6
5 0100101110 5
6 1110110000 5
7 1010111010 6

Matching output
0 absent
1 absent
2 absent
3 absent
4 absent
5 absent
6 absent
7 absent

Left
none
Best: none

Right
none
Best: none

Constant
0 0000000000 a match 7
1 1111111111 a

Matching output
0 absent
1 absent
2 absent
3 absent
4 absent
5 absent
6 absent
7 C0

Left
none
Best: none

Right
0
Best: C0: 1

AND
01 10 0101000010 3
12 21 0000000010 1
23 32 0000000001 1 match 2 6
34 43 0000000001 1 match 2 6
45 54 0000010001 2
56 65 0001000001 2
67 76 0001000101 3
70 07 0101000000 2

02 20 0000001010 2
13 31 0010000000 1
24 42 0000001001 2
35 53 0010000001 2
46 64 0000001001 2
57 75 0001000001 2
60 06 0001001010 3
71 17 0101000100 3

03 30 0000000000 a match 7
14 41 0100010000 2
25 52 0000000001 1 match 2 6
36 63 0000000001 1 match 2 6
47 74 0100000001 2
50 05 1001000000 2
61 16 0001000110 3
72 27 0000000001 1 match 2 6

04 40 0100001000 2 match 3
15 51 0011010000 3 match 0 4
26 62 0000001011 3 match 1 5
37 73 0000000001 1 match 2 6

Matching output
0 15 51
1 26 62
2 23 32 34 43 25 52 36 63 72 27 37 73
3 04 40
4 15 51
5 26 62
6 23 32 34 43 25 52 36 63 72 27 37 73
7 03 30

Left
15 26 37 40 51 62 73 04y
51 62 73 04 15 26 37 40y
Best: AND15 26 37 40 51 62 73: 7

Right
03 72 61x
30 27 16x
Best: AND03 72: 2

OR
01 10 1111111110 9
12 21 0111111111 9
23 32 0010001011 4
34 43 0110011001 5
45 54 1111011001 7
56 65 1011011111 8
67 76 0101001111 6
70 07 1101001111 7

02 20 1101001011 6
13 31 0111110111 8
24 42 0100011011 5
35 53 1011010001 5
46 64 0101011111 7
57 75 1111010101 7
60 06 1101001111 7
71 17 0111110111 8

03 30 1111001011 7
14 41 0111111111 9
25 52 1011011011 7
36 63 0011001111 6
47 74 0101011101 6
50 05 1111011011 8
61 16 0111111111 9
72 27 0101001111 6

04 40 1101011011 7
15 51 1111110111 9
26 62 0001001111 5
37 73 0111000101 5

Matching output
0 absent
1 absent
2 absent
3 absent
4 absent
5 absent
6 absent
7 absent

Left
none
Best: none

Right
none
Best: none

XOR
01 10 1010111100 6
12 21 0111111101 8
23 32 0010001010 3
34 43 0110011000 4
45 54 1111001000 5
56 65 1010011110 6
67 76 0100001010 3
70 07 1000001111 5

02 20 1101000001 4
13 31 0101110111 7
24 42 0100010010 3
35 53 1001010000 3
46 64 0101010110 5
57 75 1110010100 5
60 06 1100000101 4
71 17 0010110011 5

03 30 1111001011 7
14 41 0011101111 7
25 52 1011011010 6
36 63 0011001110 5
47 74 0001011100 4
50 05 0110011011 6
61 16 0110111001 6
72 27 0101001110 5

04 40 1001010011 5
15 51 1100100111 6
26 62 0001000100 2
37 73 0111000100 4

Matching output
0 absent
1 absent
2 absent
3 absent
4 absent
5 absent
6 absent
7 absent

Left
none
Best: none

Right
none
Best: none

AND-NOT
01 1000001000 2
12 0111110100 6
23 0000001010 2
34 0010000000 1
45 0100001000 2 match 3
56 1010010000 3
67 0000001010 2
70 0000000101 2

02 1101000000 3
13 0101110110 6
24 0000000010 1
35 0000000000 a match 7
46 0100010000 2
57 1010010000 3
60 0000000101 2
71 0000000001 1 match 2 6

03 1101001010 5
14 0011100110 5
25 0000001010 2
36 0010000000 1
47 0000011000 2
50 0010010001 3
61 0000001001 2
72 0101000100 3

04 1001000010 3
15 0100100110 4
26 0000000000 a match 7
37 0010000000 1
40 0000010001 2
51 1000000001 2
62 0001000100 2
73 0101000100 3

05 0100001010 3
16 0110110000 4
27 0000001010 2
30 0010000001 2
41 0000001001 2
52 1011010000 4
63 0001001110 4
74 0001000100 2

06 1100000000 2
17 0010110010 4
20 0000000001 1 match 2 6
31 0000000001 1 match 2 6
42 0100010000 2
53 1001010000 3
64 0001000110 3
75 0100000100 2

07 1000001010 3
10 0010110100 4
21 0000001001 2
32 0010000000 1
43 0100011000 3
54 1011000000 3
65 0000001110 3
76 0100000000 1

Matching output
0 absent
1 absent
2 71 20 31
3 45
4 absent
5 absent
6 71 20 31
7 35 26

Left
none
Best: none

Right
35 24x
26 15x
Best: AND-NOT35: 1

OR-NOT
01 1101001011 6
12 1111110110 8
23 1101111111 9
34 1011100111 7
45 0100111111 7
56 1111110001 7
67 1011111111 9
70 0111110101 7

02 1111111110 9
13 1111111110 9
24 1011101111 8
35 0110101111 7
46 1110111001 7
57 1011111011 8
60 0011111111 8
71 1101001101 6

03 1101111110 8
14 1111110110 8
25 0100101111 6
36 1110110001 6
47 1110111011 8
50 1011110101 7
61 1001001111 6
72 1111110101 8

04 1111101110 8
15 0111111110 8
26 1110111011 8
37 1010111011 7
40 0110111101 7
51 1011011001 6
62 1111111111 a
73 1101111111 9

05 1101101110 7
16 1111110110 8
27 1010111011 7
30 0010110101 5
41 1100011001 5
52 1111110101 8
63 1101111111 9
74 1111100111 8

06 1111111010 8
17 1111111110 9
20 0010111111 7
31 1010001001 4
42 1111111101 9
53 1111111111 a
64 1011101111 8
75 0101101111 7

07 1111111010 8
10 0111110111 8
21 1000001011 4
32 1111110101 8
43 1101111111 9
54 1011110111 8
65 0101101111 7
76 1111110101 8

Matching output
0 absent
1 absent
2 absent
3 absent
4 absent
5 absent
6 absent
7 absent

Left
none
Best: none

Right
none
Best: none

XOR-NOT
01 0101000011 4
12 1000000010 2
23 1101110101 7
34 1001100111 6
45 0000110111 5
56 0101100001 4
67 1011110101 7
70 0111110000 5

02 0010111110 6
13 1010001000 3
24 1011101101 7
35 0110101111 7
46 1010101001 5
57 0001101011 5
60 0011111010 6
71 1101001100 5

03 0000110100 3
14 1100010000 3
25 0100100101 4
36 1100110001 5
47 1110100011 6
50 1001100100 4
61 1001000110 4
72 1010110001 5

04 0110101100 5
15 0011011000 4
26 1110111011 8
37 1000111011 6
40 0110101100 5
51 0011011000 4
62 1110111011 8
73 1000111011 6

05 1001100100 4
16 1001000110 4
27 1010110001 5
30 0000110100 3
41 1100010000 3
52 0100100101 4
63 1100110001 5
74 1110100011 6

06 0011111010 6
17 1101001100 5
20 0010111110 6
31 1010001000 3
42 1011101101 7
53 0110101111 7
64 1010101001 5
75 0001101011 5

07 0111110000 5
10 0101000011 4
21 1000000010 2
32 1101110101 7
43 1001100111 6
54 0000110111 5
65 0101100001 4
76 1011110101 7

Matching output
0 absent
1 absent
2 absent
3 absent
4 absent
5 absent
6 absent
7 absent

Left
none
Best: none

Right
none
Best: none

Selecting

Lefts
Identity none
NOT none
Constant none
AND AND15 26 37 40 51 62 73: 7
OR none
XOR none
AND-NOT none
OR-NOT none
XOR-NOT none

Rights
Identity none
NOT none
Constant C0: 1
AND AND03 72: 2
OR none
XOR none
AND-NOT AND-NOT35: 1
OR-NOT none
XOR-NOT none

Left longest: 7
Right longest: 2

Left winner: Identity no, NOT no, Constant no, AND yes, OR no, XOR no, AND-NOT no, OR-NOT no, XOR-NOT no
Right winner: Identity no, NOT no, Constant no, AND yes, OR no, XOR no, AND-NOT no, OR-NOT no, XOR-NOT no

Best left: AND15 26 37 40 51 62 73: 7
Best right: AND03 72: 2

Truncated left: AND15 26 37 40 51 62 73: 7
Truncated right: AND03: 1 truncated

Tentative from right
7 AND03
6 pending
5 pending
4 pending
3 pending
2 pending
1 pending
0 pending

Tentative
0 AND15
1 AND26
2 AND37
3 AND40
4 AND51
5 AND62
6 AND73
7 AND03

Preferred from left
0 AND15
1 AND26
2 AND37
3 AND40
4 AND51
5 AND62
6 AND73
7 AND03

Preferred from right
7 AND03
6 AND73
5 AND62
4 AND51
3 AND40
2 AND37
1 AND26
0 AND15

Preferred
0 AND15
1 AND26
2 AND37
3 AND40
4 AND51
5 AND62
6 AND73
7 AND03

Matching
0 AND15
1 AND26
2 AND37
3 AND40
4 AND51
5 AND62
6 AND73
7 AND03

Perfect match
Identity no
NOT no
Constant no
AND no
OR no
XOR no
AND-NOT no
OR-NOT no
XOR-NOT no

Matched
0 AND15
1 AND26
2 AND37
3 AND40
4 AND51
5 AND62
6 AND73
7 AND03

Selected
0 AND15
1 AND26
2 AND37
3 AND40
4 AND51
5 AND62
6 AND73
7 AND03

Applying to 10001101
Input
0 1
1 0
2 0
3 0
4 1
5 1
6 0
7 1
Output
0 AND15 = AND(0,1) = 0
1 AND26 = AND(0,0) = 0
2 AND37 = AND(0,1) = 0
3 AND40 = AND(1,1) = 1
4 AND51 = AND(1,0) = 0
5 AND62 = AND(0,0) = 0
6 AND73 = AND(1,0) = 0
7 AND03 = AND(1,0) = 0

I will now return the answer in \boxed{}
The answer in \boxed{–} is \boxed{00010000}
[correct]
true
