[category]
bit_manipulation
[prompt]
In Alice's Wonderland, a secret bit manipulation rule transforms 8-bit binary numbers. The transformation involves operations like bit shifts, rotations, XOR, AND, OR, NOT, and possibly majority or choice functions.

Here are some examples of input -> output:
10001101 -> 11000001
10111011 -> 10100111
00101010 -> 10100101
10100010 -> 00110100
10001111 -> 11100001
01110010 -> 00101110
00101110 -> 11100101

Now, determine the output for: 01101010
[completion]
We need to deduce the transformation by matching the example outputs.
I will put my final answer inside \boxed{}.

Output 0: 11000001
0 1
1 1
2 0
3 0
4 0
5 0
6 0
7 1

Output 1: 10100111
0 1
1 0
2 1
3 0
4 0
5 1
6 1
7 1

Output 2: 10100101
0 1
1 0
2 1
3 0
4 0
5 1
6 0
7 1

Output 3: 00110100
0 0
1 0
2 1
3 1
4 0
5 1
6 0
7 0

Output 4: 11100001
0 1
1 1
2 1
3 0
4 0
5 0
6 0
7 1

Output 5: 00101110
0 0
1 0
2 1
3 0
4 1
5 1
6 1
7 0

Output 6: 11100101
0 1
1 1
2 1
3 0
4 0
5 1
6 0
7 1

Output bit columns (with bitsum as hash)
0 1110101 5
1 1000101 3
2 0111111 6
3 0001000 1
4 0000010 1
5 0111011 5
6 0100010 2
7 1110101 5

Input 0: 10001101
0 1
1 0
2 0
3 0
4 1
5 1
6 0
7 1

Input 1: 10111011
0 1
1 0
2 1
3 1
4 1
5 0
6 1
7 1

Input 2: 00101010
0 0
1 0
2 1
3 0
4 1
5 0
6 1
7 0

Input 3: 10100010
0 1
1 0
2 1
3 0
4 0
5 0
6 1
7 0

Input 4: 10001111
0 1
1 0
2 0
3 0
4 1
5 1
6 1
7 1

Input 5: 01110010
0 0
1 1
2 1
3 1
4 0
5 0
6 1
7 0

Input 6: 00101110
0 0
1 0
2 1
3 0
4 1
5 1
6 1
7 0

When matching output
x: not in operator
y: wrong position

Identity
0 1101100 4
1 0000010 1 match 4
2 0111011 5 match 5
3 0100010 2 match 6
4 1110101 5 match 0 7
5 1000101 3 match 1
6 0111111 6 match 2
7 1100100 3

Matching output
0 4
1 5
2 6
3 absent
4 1
5 2
6 3
7 4

Left
4 5 6 7x
Best: I4 5 6: 3

Right
4 3 2 1 0x
Best: I4 3 2 1: 4

NOT
0 0010011 3
1 1111101 6
2 1000100 2
3 1011101 5
4 0001010 2
5 0111010 4
6 1000000 1
7 0011011 4

Matching output
0 absent
1 absent
2 absent
3 absent
4 absent
5 absent
6 absent
7 absent

Left
none
Best: none

Right
none
Best: none

Constant
0 0000000 a
1 1111111 a

Matching output
0 absent
1 absent
2 absent
3 absent
4 absent
5 absent
6 absent
7 absent

Left
none
Best: none

Right
none
Best: none

AND
01 10 0000000 a
12 21 0000010 1 match 4
23 32 0100010 2 match 6
34 43 0100000 1
45 54 1000101 3 match 1
56 65 0000101 2
67 76 0100100 2
70 07 1100100 3

02 20 0101000 2
13 31 0000010 1 match 4
24 42 0110001 3
35 53 0000000 a
46 64 0110101 4
57 75 1000100 2
60 06 0101100 3
71 17 0000000 a

03 30 0100000 1
14 41 0000000 a
25 52 0000001 1
36 63 0100010 2 match 6
47 74 1100100 3
50 05 1000100 2
61 16 0000010 1 match 4
72 27 0100000 1

04 40 1100100 3
15 51 0000000 a
26 62 0111011 5 match 5
37 73 0100000 1

Matching output
0 absent
1 45 54
2 absent
3 absent
4 12 21 13 31 61 16
5 26 62
6 23 32 36 63
7 absent

Left
none
Best: none

Right
none
Best: none

OR
01 10 1101110 5
12 21 0111011 5 match 5
23 32 0111011 5 match 5
34 43 1110111 6
45 54 1110101 5 match 0 7
56 65 1111111 a
67 76 1111111 a
70 07 1101100 4

02 20 1111111 a
13 31 0100010 2 match 6
24 42 1111111 a
35 53 1100111 5
46 64 1111111 a
57 75 1100101 4
60 06 1111111 a
71 17 1100110 4

03 30 1101110 5
14 41 1110111 6
25 52 1111111 a
36 63 0111111 6 match 2
47 74 1110101 5 match 0 7
50 05 1101101 5
61 16 0111111 6 match 2
72 27 1111111 a

04 40 1111101 6
15 51 1000111 4
26 62 0111111 6 match 2
37 73 1100110 4

Matching output
0 45 54 47 74
1 absent
2 36 63 61 16 26 62
3 absent
4 absent
5 12 21 23 32
6 13 31
7 45 54 47 74

Left
45 56x
54 65x
47 50x
74 05x
Best: OR45: 1

Right
45 34x
54 43x
47 36y
74 63y
Best: OR45: 1

XOR
01 10 1101110 5
12 21 0111001 4
23 32 0011001 3
34 43 1010111 5
45 54 0110000 2
56 65 1111010 5
67 76 1011011 5
70 07 0001000 1 match 3

02 20 1010111 5
13 31 0100000 1
24 42 1001110 4
35 53 1100111 5
46 64 1001010 3
57 75 0100001 2
60 06 1010011 4
71 17 1100110 4

03 30 1001110 4
14 41 1110111 6
25 52 1111110 6
36 63 0011101 4
47 74 0010001 2
50 05 0101001 3
61 16 0111101 5
72 27 1011111 6

04 40 0011001 3
15 51 1000111 4
26 62 0000100 1
37 73 1000110 3

Matching output
0 absent
1 absent
2 absent
3 70 07
4 absent
5 absent
6 absent
7 absent

Left
none
Best: none

Right
none
Best: none

AND-NOT
01 1101100 4
12 0000000 a
23 0011001 3
34 0000010 1 match 4
45 0110000 2
56 1000000 1
67 0011011 4
70 0000000 a

02 1000100 2
13 0000000 a
24 0001010 2
35 0100010 2 match 6
46 1000000 1
57 0000001 1
60 0010011 3
71 1100100 3

03 1001100 3
14 0000010 1 match 4
25 0111010 4
36 0000000 a
47 0010001 2
50 0000001 1
61 0111101 5
72 1000100 2

04 0001000 1 match 3
15 0000010 1 match 4
26 0000000 a
37 0000010 1 match 4
40 0010001 2
51 1000101 3 match 1
62 0000100 1
73 1000100 2

05 0101000 2
16 0000000 a
27 0011011 4
30 0000010 1 match 4
41 1110101 5 match 0 7
52 1000100 2
63 0011101 4
74 0000000 a

06 1000000 1
17 0000010 1 match 4
20 0010011 3
31 0100000 1
42 1000100 2
53 1000101 3 match 1
64 0001010 2
75 0100000 1

07 0001000 1 match 3
10 0000010 1 match 4
21 0111001 4
32 0000000 a
43 1010101 4
54 0000000 a
65 0111010 4
76 1000000 1

Matching output
0 41
1 51 53
2 absent
3 04 07
4 34 14 15 37 30 17 10
5 absent
6 35
7 41

Left
41 52x
Best: AND-NOT41: 1

Right
41 30y
Best: AND-NOT41: 1

OR-NOT
01 1111101 6
12 1000110 3
23 1111111 a
34 0101010 3
45 1111111 a
56 1000101 3 match 1
67 0111111 6 match 2
70 1110111 6

02 1101100 4
13 1011111 6
24 0111011 5 match 5
35 0111010 4
46 1110101 5 match 0 7
57 1011111 6
60 0111111 6 match 2
71 1111101 6

03 1111101 6
14 0001010 2
25 0111011 5 match 5
36 1100010 3
47 1111111 a
50 1010111 5
61 1111111 a
72 1100100 3

04 1101110 5
15 0111010 4
26 1111011 6
37 0111011 5 match 5
40 1110111 6
51 1111101 6
62 1111111 a
73 1111101 6

05 1111110 6
16 1000010 2
27 0111011 5 match 5
30 0110011 4
41 1111101 6
52 1000101 3 match 1
63 1111111 a
74 1101110 5

06 1101100 4
17 0011011 4
20 0111011 5 match 5
31 1111111 a
42 1110101 5 match 0 7
53 1011101 5
64 0111111 6 match 2
75 1111110 6

07 1111111 a
10 0010011 3
21 1111111 a
32 1100110 4
43 1111101 6
54 1001111 5
65 0111111 6 match 2
76 1100100 3

Matching output
0 46 42
1 56 52
2 67 60 64 65
3 absent
4 absent
5 24 25 37 27 20
6 absent
7 46 42

Left
46 57x
42 53x
Best: OR-NOT46: 1

Right
46 35x
42 31x
Best: OR-NOT46: 1

XOR-NOT
01 0010001 2
12 1000110 3
23 1100110 4
34 0101000 2
45 1001111 5
56 0000101 2
67 0100100 2
70 1110111 6

02 0101000 2
13 1011111 6
24 0110001 3
35 0011000 2
46 0110101 4
57 1011110 5
60 0101100 3
71 0011001 3

03 0110001 3
14 0001000 1 match 3
25 0000001 1
36 1100010 3
47 1101110 5
50 1010110 4
61 1000010 2
72 0100000 1

04 1100110 4
15 0111000 3
26 1111011 6
37 0111001 4
40 1100110 4
51 0111000 3
62 1111011 6
73 0111001 4

05 1010110 4
16 1000010 2
27 0100000 1
30 0110001 3
41 0001000 1 match 3
52 0000001 1
63 1100010 3
74 1101110 5

06 0101100 3
17 0011001 3
20 0101000 2
31 1011111 6
42 0110001 3
53 0011000 2
64 0110101 4
75 1011110 5

07 1110111 6
10 0010001 2
21 1000110 3
32 1100110 4
43 0101000 2
54 1001111 5
65 0000101 2
76 0100100 2

Matching output
0 absent
1 absent
2 absent
3 14 41
4 absent
5 absent
6 absent
7 absent

Left
none
Best: none

Right
none
Best: none

Selecting

Lefts
Identity I4 5 6: 3
NOT none
Constant none
AND none
OR OR45: 1
XOR none
AND-NOT AND-NOT41: 1
OR-NOT OR-NOT46: 1
XOR-NOT none

Rights
Identity I4 3 2 1: 4
NOT none
Constant none
AND none
OR OR45: 1
XOR none
AND-NOT AND-NOT41: 1
OR-NOT OR-NOT46: 1
XOR-NOT none

Left longest: 3
Right longest: 4

Right winner: Identity yes, NOT no, Constant no, AND no, OR no, XOR no, AND-NOT no, OR-NOT no, XOR-NOT no
Left winner: Identity yes, NOT no, Constant no, AND no, OR no, XOR no, AND-NOT no, OR-NOT no, XOR-NOT no

Best right: I4 3 2 1: 4
Best left: I4 5 6: 3

Truncated right: I4 3 2 1: 4
Truncated left: I4 5 6: 3

Tentative from right
7 I4
6 I3
5 I2
4 I1
3 pending
2 pending
1 pending
0 pending

Tentative
0 I4
1 I5
2 I6
3 pending
4 I1
5 I2
6 I3
7 I4

Preferred from right
7 I4
6 I3
5 I2
4 I1
3 ??0
2 I6
1 I5
0 I4

Preferred from left
0 I4
1 I5
2 I6
3 ?70
4 I1
5 I2
6 I3
7 I4

Preferred
0 I4
1 I5
2 I6
3 ?70 ?07
4 I1
5 I2
6 I3
7 I4

Matching
0 I4
1 I5
2 I6
3 ?70 ?07 - Identity absent, NOT absent, Constant absent, AND absent, OR absent, XOR70, AND-NOT07, OR-NOT absent, XOR-NOT absent
4 I1
5 I2
6 I3
7 I4

Perfect match
Identity no
NOT no
Constant no
AND no
OR no
XOR yes
AND-NOT no
OR-NOT no
XOR-NOT no

Matched
0 I4
1 I5
2 I6
3 XOR70
4 I1
5 I2
6 I3
7 I4

Selected
0 I4
1 I5
2 I6
3 XOR70
4 I1
5 I2
6 I3
7 I4

Applying to 01101010
Input
0 0
1 1
2 1
3 0
4 1
5 0
6 1
7 0
Output
0 I4 = 1
1 I5 = 0
2 I6 = 1
3 XOR70 = XOR(0,0) = 0
4 I1 = 1
5 I2 = 1
6 I3 = 0
7 I4 = 1

I will now return the answer in \boxed{}
The answer in \boxed{–} is \boxed{10101101}
[correct]
true
