[category]
bit_manipulation
[prompt]
In Alice's Wonderland, a secret bit manipulation rule transforms 8-bit binary numbers. The transformation involves operations like bit shifts, rotations, XOR, AND, OR, NOT, and possibly majority or choice functions.

Here are some examples of input -> output:
11011001 -> 01101001
11001100 -> 00111100
01101001 -> 10100010
01010011 -> 01001001
10010110 -> 01010001
10010111 -> 01010101
11000111 -> 00010000
01011010 -> 01101101
01010010 -> 01001101
10000001 -> 00001100

Now, determine the output for: 00010011
[completion]
We need to deduce the transformation by matching the example outputs.
I will put my final answer inside \boxed{}.

Output 0: 01101001
0 0
1 1
2 1
3 0
4 1
5 0
6 0
7 1

Output 1: 00111100
0 0
1 0
2 1
3 1
4 1
5 1
6 0
7 0

Output 2: 10100010
0 1
1 0
2 1
3 0
4 0
5 0
6 1
7 0

Output 3: 01001001
0 0
1 1
2 0
3 0
4 1
5 0
6 0
7 1

Output 4: 01010001
0 0
1 1
2 0
3 1
4 0
5 0
6 0
7 1

Output 5: 01010101
0 0
1 1
2 0
3 1
4 0
5 1
6 0
7 1

Output 6: 00010000
0 0
1 0
2 0
3 1
4 0
5 0
6 0
7 0

Output 7: 01101101
0 0
1 1
2 1
3 0
4 1
5 1
6 0
7 1

Output 8: 01001101
0 0
1 1
2 0
3 0
4 1
5 1
6 0
7 1

Output 9: 00001100
0 0
1 0
2 0
3 0
4 1
5 1
6 0
7 0

Output bit columns (with bitsum as hash)
0 0010000000 1
1 1001110110 6
2 1110000100 4
3 0100111000 4
4 1101000111 6
5 0100010111 5
6 0010000000 1
7 1001110110 6

Input 0: 11011001
0 1
1 1
2 0
3 1
4 1
5 0
6 0
7 1

Input 1: 11001100
0 1
1 1
2 0
3 0
4 1
5 1
6 0
7 0

Input 2: 01101001
0 0
1 1
2 1
3 0
4 1
5 0
6 0
7 1

Input 3: 01010011
0 0
1 1
2 0
3 1
4 0
5 0
6 1
7 1

Input 4: 10010110
0 1
1 0
2 0
3 1
4 0
5 1
6 1
7 0

Input 5: 10010111
0 1
1 0
2 0
3 1
4 0
5 1
6 1
7 1

Input 6: 11000111
0 1
1 1
2 0
3 0
4 0
5 1
6 1
7 1

Input 7: 01011010
0 0
1 1
2 0
3 1
4 1
5 0
6 1
7 0

Input 8: 01010010
0 0
1 1
2 0
3 1
4 0
5 0
6 1
7 0

Input 9: 10000001
0 1
1 0
2 0
3 0
4 0
5 0
6 0
7 1

When matching output
x: not in operator
y: wrong position

Identity
0 1100111001 6
1 1111001110 7
2 0010000000 1 match 0 6
3 1001110110 6 match 1 7
4 1110000100 4 match 2
5 0100111000 4 match 3
6 0001111110 6
7 1011011001 6

Matching output
0 2
1 3
2 4
3 5
4 absent
5 absent
6 2
7 3

Left
2 3 4 5 6x
Best: I2 3 4 5: 4

Right
3 2 1x
Best: I3 2: 2

NOT
0 0011000110 4
1 0000110001 3
2 1101111111 9
3 0110001001 4
4 0001111011 6
5 1011000111 6
6 1110000001 4
7 0100100110 4

Matching output
0 absent
1 absent
2 absent
3 absent
4 absent
5 absent
6 absent
7 absent

Left
none
Best: none

Right
none
Best: none

Constant
0 0000000000 a
1 1111111111 a

Matching output
0 absent
1 absent
2 absent
3 absent
4 absent
5 absent
6 absent
7 absent

Left
none
Best: none

Right
none
Best: none

AND
01 10 1100001000 3
12 21 0010000000 1 match 0 6
23 32 0000000000 a
34 43 1000000100 2
45 54 0100000000 1
56 65 0000111000 3
67 76 0001011000 3
70 07 1000011001 4

02 20 0000000000 a
13 31 1001000110 4
24 42 0010000000 1 match 0 6
35 53 0000110000 2
46 64 0000000100 1
57 75 0000011000 2
60 06 0000111000 3
71 17 1011001000 4

03 30 1000110000 3
14 41 1110000100 4 match 2
25 52 0000000000 a
36 63 0001110110 5
47 74 1010000000 2
50 05 0100111000 4 match 3
61 16 0001001110 4
72 27 0010000000 1 match 0 6

04 40 1100000000 2
15 51 0100001000 2
26 62 0000000000 a
37 73 1001010000 3

Matching output
0 12 21 24 42 72 27
1 absent
2 14 41
3 50 05
4 absent
5 absent
6 12 21 24 42 72 27
7 absent

Left
12 23x
21 32x
24 35x
42 53x
72 03x
27 30x
Best: AND12: 1

Right
none
Best: none

OR
01 10 1111111111 a
12 21 1111001110 7
23 32 1011110110 7
34 43 1111110110 8
45 54 1110111100 7
56 65 0101111110 7
67 76 1011111111 9
70 07 1111111001 8

02 20 1110111001 7
13 31 1111111110 9
24 42 1110000100 4 match 2
35 53 1101111110 8
46 64 1111111110 9
57 75 1111111001 8
60 06 1101111111 9
71 17 1111011111 9

03 30 1101111111 9
14 41 1111001110 7
25 52 0110111000 5
36 63 1001111110 7
47 74 1111011101 8
50 05 1100111001 6
61 16 1111111110 9
72 27 1011011001 6

04 40 1110111101 8
15 51 1111111110 9
26 62 0011111110 7
37 73 1011111111 9

Matching output
0 absent
1 absent
2 24 42
3 absent
4 absent
5 absent
6 absent
7 absent

Left
none
Best: none

Right
none
Best: none

XOR
01 10 0011110111 7
12 21 1101001110 6
23 32 1011110110 7
34 43 0111110010 6
45 54 1010111100 6
56 65 0101000110 4
67 76 1010100111 6
70 07 0111100000 4

02 20 1110111001 7
13 31 0110111000 5
24 42 1100000100 3
35 53 1101001110 6
46 64 1111111010 8
57 75 1111100001 6
60 06 1101000111 6 match 4
71 17 0100010111 5 match 5

03 30 0101001111 6
14 41 0001001010 3
25 52 0110111000 5
36 63 1000001000 2
47 74 0101011101 6
50 05 1000000001 2
61 16 1110110000 5
72 27 1001011001 5

04 40 0010111101 6
15 51 1011110110 7
26 62 0011111110 7
37 73 0010101111 6

Matching output
0 absent
1 absent
2 absent
3 absent
4 60 06
5 71 17
6 absent
7 absent

Left
none
Best: none

Right
none
Best: none

AND-NOT
01 0000110001 3
12 1101001110 6
23 0010000000 1 match 0 6
34 0001110010 4
45 1010000100 3
56 0100000000 1
67 0000100110 3
70 0011000000 2

02 1100111001 6
13 0110001000 3
24 0000000000 a
35 1001000110 4
46 1110000000 3
57 0100100000 2
60 0001000110 3
71 0000010001 2

03 0100001001 3
14 0001001010 3
25 0010000000 1 match 0 6
36 1000000000 1
47 0100000100 2
50 0000000000 a
61 0000110000 2
72 1001011001 5

04 0000111001 4
15 1011000110 5
26 0010000000 1 match 0 6
37 0000100110 3
40 0010000100 2
51 0000110000 2
62 0001111110 6
73 0010001001 3

05 1000000001 2
16 1110000000 3
27 0000000000 a
30 0001000110 3
41 0000000000 a
52 0100111000 4 match 3
63 0000001000 1
74 0001011001 4

06 1100000001 3
17 0100000110 3
20 0010000000 1 match 0 6
31 0000110000 2
42 1100000100 3
53 0100001000 2
64 0001111010 5
75 1011000001 4

07 0100100000 2
10 0011000110 4
21 0000000000 a
32 1001110110 6 match 1 7
43 0110000000 2
54 0000111000 3
65 0001000110 3
76 1010000001 3

Matching output
0 23 25 26 20
1 32
2 absent
3 52
4 absent
5 absent
6 23 25 26 20
7 32

Left
23 34x
25 36x
26 37x
20 31x
Best: AND-NOT23: 1

Right
32 21x
Best: AND-NOT32: 1

OR-NOT
01 1100111001 6
12 1111111111 a
23 0110001001 4
34 1001111111 8
45 1111000111 7
56 1110111001 7
67 0101111110 7
70 1011011111 8

02 1101111111 9
13 1111001111 8
24 0011111011 7
35 1011110111 8
46 1110000101 5
57 0100111110 6
60 0011111110 7
71 1011111001 7

03 1110111001 7
14 1111111111 a
25 1011000111 6
36 1111110111 9
47 1110100110 6
50 0111111110 8
61 0001111111 7
72 1111111111 a

04 1101111011 8
15 1111001111 8
26 1110000001 4
37 1101110110 7
40 1111000110 6
51 0100111001 5
62 1101111111 9
73 1111011001 7

05 1111111111 a
16 1111001111 8
27 0110100110 5
30 1011110110 7
41 1110110101 7
52 1101111111 9
63 0111111111 9
74 1011111011 8

06 1110111001 7
17 1111101110 8
20 0011000110 4
31 1001110111 7
42 1111111111 a
53 0110111001 6
64 0001111111 7
75 1011011111 8

07 1100111111 8
10 1111001110 7
21 0010110001 4
32 1101111111 9
43 1110001101 6
54 0101111011 7
65 1011111111 9
76 1111011001 7

Matching output
0 absent
1 absent
2 absent
3 absent
4 absent
5 absent
6 absent
7 absent

Left
none
Best: none

Right
none
Best: none

XOR-NOT
01 1100001000 3
12 0010110001 4
23 0100001001 3
34 1000001101 4
45 0101000011 4
56 1010111001 6
67 0101011000 4
70 1000011111 6

02 0001000110 3
13 1001000111 5
24 0011111011 7
35 0010110001 4
46 0000000101 2
57 0000011110 4
60 0010111000 4
71 1011101000 5

03 1010110000 4
14 1110110101 7
25 1001000111 5
36 0111110111 8
47 1010100010 4
50 0111111110 8
61 0001001111 5
72 0110100110 5

04 1101000010 4
15 0100001001 3
26 1100000001 3
37 1101010000 4
40 1101000010 4
51 0100001001 3
62 1100000001 3
73 1101010000 4

05 0111111110 8
16 0001001111 5
27 0110100110 5
30 1010110000 4
41 1110110101 7
52 1001000111 5
63 0111110111 8
74 1010100010 4

06 0010111000 4
17 1011101000 5
20 0001000110 3
31 1001000111 5
42 0011111011 7
53 0010110001 4
64 0000000101 2
75 0000011110 4

07 1000011111 6
10 1100001000 3
21 0010110001 4
32 0100001001 3
43 1000001101 4
54 0101000011 4
65 1010111001 6
76 0101011000 4

Matching output
0 absent
1 absent
2 absent
3 absent
4 absent
5 absent
6 absent
7 absent

Left
none
Best: none

Right
none
Best: none

Selecting

Lefts
Identity I2 3 4 5: 4
NOT none
Constant none
AND AND12: 1
OR none
XOR none
AND-NOT AND-NOT23: 1
OR-NOT none
XOR-NOT none

Rights
Identity I3 2: 2
NOT none
Constant none
AND none
OR none
XOR none
AND-NOT AND-NOT32: 1
OR-NOT none
XOR-NOT none

Left longest: 4
Right longest: 2

Left winner: Identity yes, NOT no, Constant no, AND no, OR no, XOR no, AND-NOT no, OR-NOT no, XOR-NOT no
Right winner: Identity yes, NOT no, Constant no, AND no, OR no, XOR no, AND-NOT no, OR-NOT no, XOR-NOT no

Best left: I2 3 4 5: 4
Best right: I3 2: 2

Truncated left: I2 3 4 5: 4
Truncated right: I3 2: 2

Tentative from right
7 I3
6 I2
5 pending
4 pending
3 pending
2 pending
1 pending
0 pending

Tentative
0 I2
1 I3
2 I4
3 I5
4 pending
5 pending
6 I2
7 I3

Preferred from left
0 I2
1 I3
2 I4
3 I5
4 ?6?
5 ?7?
6 I2
7 I3

Preferred from right
7 I3
6 I2
5 ?71
4 ?60
3 I5
2 I4
1 I3
0 I2

Preferred
0 I2
1 I3
2 I4
3 I5
4 ?60 ?06
5 ?71 ?17
6 I2
7 I3

Matching
0 I2
1 I3
2 I4
3 I5
4 ?60 ?06 - Identity absent, NOT absent, Constant absent, AND absent, OR absent, XOR60, AND-NOT absent, OR-NOT absent, XOR-NOT absent
5 ?71 ?17 - Identity absent, NOT absent, Constant absent, AND absent, OR absent, XOR71, AND-NOT absent, OR-NOT absent, XOR-NOT absent
6 I2
7 I3

Perfect match
Identity no
NOT no
Constant no
AND no
OR no
XOR yes
AND-NOT no
OR-NOT no
XOR-NOT no

Matched
0 I2
1 I3
2 I4
3 I5
4 XOR60
5 XOR71
6 I2
7 I3

Selected
0 I2
1 I3
2 I4
3 I5
4 XOR60
5 XOR71
6 I2
7 I3

Applying to 00010011
Input
0 0
1 0
2 0
3 1
4 0
5 0
6 1
7 1
Output
0 I2 = 0
1 I3 = 1
2 I4 = 0
3 I5 = 0
4 XOR60 = XOR(1,0) = 1
5 XOR71 = XOR(1,0) = 1
6 I2 = 0
7 I3 = 1

I will now return the answer in \boxed{}
The answer in \boxed{–} is \boxed{01001101}
[correct]
true
