[category]
bit_manipulation
[prompt]
In Alice's Wonderland, a secret bit manipulation rule transforms 8-bit binary numbers. The transformation involves operations like bit shifts, rotations, XOR, AND, OR, NOT, and possibly majority or choice functions.

Here are some examples of input -> output:
10100110 -> 00001010
11000010 -> 00001000
00010010 -> 00000000
00010100 -> 01000000
01011010 -> 00100001
01110011 -> 00000101
10011110 -> 01101000
11110010 -> 00001011
00100110 -> 00000000
11100110 -> 00001010

Now, determine the output for: 11011111
[completion]
We need to deduce the transformation by matching the example outputs.
I will put my final answer inside \boxed{}.

Output 0: 00001010
0 0
1 0
2 0
3 0
4 1
5 0
6 1
7 0

Output 1: 00001000
0 0
1 0
2 0
3 0
4 1
5 0
6 0
7 0

Output 2: 00000000
0 0
1 0
2 0
3 0
4 0
5 0
6 0
7 0

Output 3: 01000000
0 0
1 1
2 0
3 0
4 0
5 0
6 0
7 0

Output 4: 00100001
0 0
1 0
2 1
3 0
4 0
5 0
6 0
7 1

Output 5: 00000101
0 0
1 0
2 0
3 0
4 0
5 1
6 0
7 1

Output 6: 01101000
0 0
1 1
2 1
3 0
4 1
5 0
6 0
7 0

Output 7: 00001011
0 0
1 0
2 0
3 0
4 1
5 0
6 1
7 1

Output 8: 00000000
0 0
1 0
2 0
3 0
4 0
5 0
6 0
7 0

Output 9: 00001010
0 0
1 0
2 0
3 0
4 1
5 0
6 1
7 0

Output bit columns (with bitsum as hash)
0 0000000000 a
1 0001001000 2
2 0000101000 2
3 0000000000 a
4 1100001101 5
5 0000010000 1
6 1000000101 3
7 0000110100 3

Input 0: 10100110
0 1
1 0
2 1
3 0
4 0
5 1
6 1
7 0

Input 1: 11000010
0 1
1 1
2 0
3 0
4 0
5 0
6 1
7 0

Input 2: 00010010
0 0
1 0
2 0
3 1
4 0
5 0
6 1
7 0

Input 3: 00010100
0 0
1 0
2 0
3 1
4 0
5 1
6 0
7 0

Input 4: 01011010
0 0
1 1
2 0
3 1
4 1
5 0
6 1
7 0

Input 5: 01110011
0 0
1 1
2 1
3 1
4 0
5 0
6 1
7 1

Input 6: 10011110
0 1
1 0
2 0
3 1
4 1
5 1
6 1
7 0

Input 7: 11110010
0 1
1 1
2 1
3 1
4 0
5 0
6 1
7 0

Input 8: 00100110
0 0
1 0
2 1
3 0
4 0
5 1
6 1
7 0

Input 9: 11100110
0 1
1 1
2 1
3 0
4 0
5 1
6 1
7 0

When matching output
x: not in operator
y: wrong position

Identity
0 1100001101 5 match 4
1 0100110101 5
2 1000010111 5
3 0011111100 6
4 0000101000 2 match 2
5 1001001011 5
6 1110111111 9
7 0000010000 1 match 5

Matching output
0 absent
1 absent
2 4
3 absent
4 0
5 7
6 absent
7 absent

Left
none
Best: none

Right
none
Best: none

NOT
0 0011110010 5
1 1011001010 5
2 0111101000 5
3 1100000011 4
4 1111010111 8
5 0110110100 5
6 0001000000 1
7 1111101111 9

Matching output
0 absent
1 absent
2 absent
3 absent
4 absent
5 absent
6 absent
7 absent

Left
none
Best: none

Right
none
Best: none

Constant
0 0000000000 a match 0 3
1 1111111111 a

Matching output
0 C0
1 absent
2 absent
3 C0
4 absent
5 absent
6 absent
7 absent

Left
0
Best: C0: 1

Right
none
Best: none

AND
01 10 0100000101 3
12 21 0000010101 3
23 32 0000010100 2
34 43 0000101000 2 match 2
45 54 0000001000 1
56 65 1000001011 4
67 76 0000010000 1 match 5
70 07 0000000000 a match 0 3

02 20 1000000101 3 match 6
13 31 0000110100 3 match 7
24 42 0000000000 a match 0 3
35 53 0001001000 2 match 1
46 64 0000101000 2 match 2
57 75 0000000000 a match 0 3
60 06 1100001101 5 match 4
71 17 0000010000 1 match 5

03 30 0000001100 2
14 41 0000100000 1
25 52 1000000011 3
36 63 0010111100 5
47 74 0000000000 a match 0 3
50 05 1000001001 3
61 16 0100110101 5
72 27 0000010000 1 match 5

04 40 0000001000 1
15 51 0000000001 1
26 62 1000010111 5
37 73 0000010000 1 match 5

Matching output
0 70 07 24 42 57 75 47 74
1 35 53
2 34 43 46 64
3 70 07 24 42 57 75 47 74
4 60 06
5 67 76 71 17 72 27 37 73
6 02 20
7 13 31

Left
70 01x
07 10x
24 35 46 57 60 71 02 13
42 53 64 75 06 17 20 31
57 60y
75 06y
47 50x
74 05x
Best: AND24 35 46 57 60 71 02 13: 8

Right
13 02 71 60 57 46 35 24
31 20 17 06 75 64 53 42
Best: AND13 02 71 60 57 46 35 24: 8

OR
01 10 1100111101 7
12 21 1100110111 7
23 32 1011111111 9
34 43 0011111100 6
45 54 1001101011 6
56 65 1111111111 a
67 76 1110111111 9
70 07 1100011101 6

02 20 1100011111 7
13 31 0111111101 8
24 42 1000111111 7
35 53 1011111111 9
46 64 1110111111 9
57 75 1001011011 6
60 06 1110111111 9
71 17 0100110101 5

03 30 1111111101 9
14 41 0100111101 6
25 52 1001011111 7
36 63 1111111111 a
47 74 0000111000 3
50 05 1101001111 7
61 16 1110111111 9
72 27 1000010111 5

04 40 1100101101 6
15 51 1101111111 9
26 62 1110111111 9
37 73 0011111100 6

Matching output
0 absent
1 absent
2 absent
3 absent
4 absent
5 absent
6 absent
7 absent

Left
none
Best: none

Right
none
Best: none

XOR
01 10 1000111000 4
12 21 1100100010 4
23 32 1011101011 7
34 43 0011010100 4
45 54 1001100011 5
56 65 0111110100 6
67 76 1110101111 8
70 07 1100011101 6

02 20 0100011010 4
13 31 0111001001 5
24 42 1000111111 7
35 53 1010110111 7
46 64 1110010111 7
57 75 1001011011 6
60 06 0010110010 4
71 17 0100100101 4

03 30 1111110001 7
14 41 0100011101 5
25 52 0001011100 4
36 63 1101000011 5
47 74 0000111000 3
50 05 0101000110 4
61 16 1010001010 4
72 27 1000000111 4

04 40 1100100101 5
15 51 1101111110 8
26 62 0110101000 4
37 73 0011101100 5

Matching output
0 absent
1 absent
2 absent
3 absent
4 absent
5 absent
6 absent
7 absent

Left
none
Best: none

Right
none
Best: none

AND-NOT
01 1000001000 2
12 0100100000 2
23 1000000011 3
34 0011010100 4
45 0000100000 1
56 0001000000 1
67 1110101111 8
70 0000010000 1 match 5

02 0100001000 2
13 0100000001 2
24 1000010111 5
35 0010110100 4
46 0000000000 a match 0 3
57 1001001011 5
60 0010110010 4
71 0000000000 a match 0 3

03 1100000001 3
14 0100010101 4
25 0000010100 2
36 0001000000 1
47 0000101000 2 match 2
50 0001000010 2
61 1010001010 4
72 0000000000 a match 0 3

04 1100000101 4
15 0100110100 4
26 0000000000 a match 0 3
37 0011101100 5
40 0000100000 1
51 1001001010 4
62 0110101000 4
73 0000000000 a match 0 3

05 0100000100 2
16 0000000000 a match 0 3
27 1000000111 4
30 0011110000 4
41 0000001000 1
52 0001001000 2 match 1
63 1100000011 4
74 0000010000 1 match 5

06 0000000000 a match 0 3
17 0100100101 4
20 0000010010 2
31 0011001000 3
42 0000101000 2 match 2
53 1000000011 3
64 1110010111 7
75 0000010000 1 match 5

07 1100001101 5 match 4
10 0000110000 2
21 1000000010 2
32 0011101000 4
43 0000000000 a match 0 3
54 1001000011 4
65 0110110100 5
76 0000000000 a match 0 3

Matching output
0 46 71 72 26 73 16 06 43 76
1 52
2 47 42
3 46 71 72 26 73 16 06 43 76
4 07
5 70 74 75
6 absent
7 absent

Left
46 57x
71 02x
72 03x
26 37x
73 04x
16 27x
06 17x
43 54x
76 07y
Best: AND-NOT46: 1

Right
none
Best: none

OR-NOT
01 1111001111 8
12 0111111101 8
23 1100010111 6
34 1111111111 a
45 0110111100 6
56 1001001011 5
67 1111111111 a
70 0011110010 5

02 1111101101 8
13 1100110111 7
24 1111010111 8
35 0111111100 7
46 0001101000 3
57 1111101111 9
60 1111111111 a
71 1011011010 6

03 1100001111 6
14 1111110111 9
25 1110110111 8
36 0011111100 6
47 1111101111 9
50 1011111011 8
61 1111111111 a
72 0111111000 6

04 1111011111 9
15 0110110101 6
26 1001010111 6
37 1111111111 a
40 0011111010 6
51 1011001011 6
62 1111111111 a
73 1100010011 5

05 1110111101 8
16 0101110101 6
27 1111111111 a
30 0011111110 7
41 1011101010 6
52 1111101011 8
63 1110111111 9
74 1111010111 8

06 1101001101 6
17 1111111111 a
20 1011110111 8
31 1011111110 8
42 0111101000 5
53 1101001011 6
64 1111111111 a
75 0110110100 5

07 1111101111 9
10 0111110111 8
21 1011011111 8
32 0111111100 7
43 1100101011 6
54 1111011111 9
65 1110111111 9
76 0001010000 2

Matching output
0 absent
1 absent
2 absent
3 absent
4 absent
5 absent
6 absent
7 absent

Left
none
Best: none

Right
none
Best: none

XOR-NOT
01 0111000111 6
12 0011011101 6
23 0100010100 3
34 1100101011 6
45 0110011100 5
56 1000001011 4
67 0001010000 2
70 0011100010 4

02 1011100101 6
13 1000110110 5
24 0111000000 3
35 0101001000 3
46 0001101000 3
57 0110100100 4
60 1101001101 6
71 1011011010 6

03 0000001110 3
14 1011100010 5
25 1110100011 6
36 0010111100 5
47 1111000111 7
50 1010111001 6
61 0101110101 6
72 0111111000 6

04 0011011010 5
15 0010000001 2
26 1001010111 6
37 1100010011 5
40 0011011010 5
51 0010000001 2
62 1001010111 6
73 1100010011 5

05 1010111001 6
16 0101110101 6
27 0111111000 6
30 0000001110 3
41 1011100010 5
52 1110100011 6
63 0010111100 5
74 1111000111 7

06 1101001101 6
17 1011011010 6
20 1011100101 6
31 1000110110 5
42 0111000000 3
53 0101001000 3
64 0001101000 3
75 0110100100 4

07 0011100010 4
10 0111000111 6
21 0011011101 6
32 0100010100 3
43 1100101011 6
54 0110011100 5
65 1000001011 4
76 0001010000 2

Matching output
0 absent
1 absent
2 absent
3 absent
4 absent
5 absent
6 absent
7 absent

Left
none
Best: none

Right
none
Best: none

Selecting

Lefts
Identity none
NOT none
Constant C0: 1
AND AND24 35 46 57 60 71 02 13: 8
OR none
XOR none
AND-NOT AND-NOT46: 1
OR-NOT none
XOR-NOT none

Rights
Identity none
NOT none
Constant none
AND AND13 02 71 60 57 46 35 24: 8
OR none
XOR none
AND-NOT none
OR-NOT none
XOR-NOT none

Left longest: 8
Right longest: 8

Left winner: Identity no, NOT no, Constant no, AND yes, OR no, XOR no, AND-NOT no, OR-NOT no, XOR-NOT no
Right winner: Identity no, NOT no, Constant no, AND yes, OR no, XOR no, AND-NOT no, OR-NOT no, XOR-NOT no

Best left: AND24 35 46 57 60 71 02 13: 8
Best right: AND13 02 71 60 57 46 35 24: 8

Truncated left: AND24 35 46 57 60 71 02 13: 8
Truncated right: none truncated

Tentative from right
7 pending
6 pending
5 pending
4 pending
3 pending
2 pending
1 pending
0 pending

Tentative
0 AND24
1 AND35
2 AND46
3 AND57
4 AND60
5 AND71
6 AND02
7 AND13

Preferred from left
0 AND24
1 AND35
2 AND46
3 AND57
4 AND60
5 AND71
6 AND02
7 AND13

Preferred from right
7 AND13
6 AND02
5 AND71
4 AND60
3 AND57
2 AND46
1 AND35
0 AND24

Preferred
0 AND24
1 AND35
2 AND46
3 AND57
4 AND60
5 AND71
6 AND02
7 AND13

Matching
0 AND24
1 AND35
2 AND46
3 AND57
4 AND60
5 AND71
6 AND02
7 AND13

Perfect match
Identity no
NOT no
Constant no
AND no
OR no
XOR no
AND-NOT no
OR-NOT no
XOR-NOT no

Matched
0 AND24
1 AND35
2 AND46
3 AND57
4 AND60
5 AND71
6 AND02
7 AND13

Selected
0 AND24
1 AND35
2 AND46
3 AND57
4 AND60
5 AND71
6 AND02
7 AND13

Applying to 11011111
Input
0 1
1 1
2 0
3 1
4 1
5 1
6 1
7 1
Output
0 AND24 = AND(0,1) = 0
1 AND35 = AND(1,1) = 1
2 AND46 = AND(1,1) = 1
3 AND57 = AND(1,1) = 1
4 AND60 = AND(1,1) = 1
5 AND71 = AND(1,1) = 1
6 AND02 = AND(1,0) = 0
7 AND13 = AND(1,1) = 1

I will now return the answer in \boxed{}
The answer in \boxed{–} is \boxed{01111101}
[correct]
true
