[category]
bit_manipulation
[prompt]
In Alice's Wonderland, a secret bit manipulation rule transforms 8-bit binary numbers. The transformation involves operations like bit shifts, rotations, XOR, AND, OR, NOT, and possibly majority or choice functions.

Here are some examples of input -> output:
10100111 -> 00101001
00111101 -> 00001111
10110101 -> 00101101
10001111 -> 00100011
00011100 -> 00000111
10101000 -> 00101010
00101100 -> 00001011

Now, determine the output for: 01111100
[completion]
We need to deduce the transformation by matching the example outputs.
I will put my final answer inside \boxed{}.

Output 0: 00101001
0 0
1 0
2 1
3 0
4 1
5 0
6 0
7 1

Output 1: 00001111
0 0
1 0
2 0
3 0
4 1
5 1
6 1
7 1

Output 2: 00101101
0 0
1 0
2 1
3 0
4 1
5 1
6 0
7 1

Output 3: 00100011
0 0
1 0
2 1
3 0
4 0
5 0
6 1
7 1

Output 4: 00000111
0 0
1 0
2 0
3 0
4 0
5 1
6 1
7 1

Output 5: 00101010
0 0
1 0
2 1
3 0
4 1
5 0
6 1
7 0

Output 6: 00001011
0 0
1 0
2 0
3 0
4 1
5 0
6 1
7 1

Output bit columns (with bitsum as hash)
0 0000000 a
1 0000000 a
2 1011010 4
3 0000000 a
4 1110011 5
5 0110100 3
6 0101111 5
7 1111101 6

Input 0: 10100111
0 1
1 0
2 1
3 0
4 0
5 1
6 1
7 1

Input 1: 00111101
0 0
1 0
2 1
3 1
4 1
5 1
6 0
7 1

Input 2: 10110101
0 1
1 0
2 1
3 1
4 0
5 1
6 0
7 1

Input 3: 10001111
0 1
1 0
2 0
3 0
4 1
5 1
6 1
7 1

Input 4: 00011100
0 0
1 0
2 0
3 1
4 1
5 1
6 0
7 0

Input 5: 10101000
0 1
1 0
2 1
3 0
4 1
5 0
6 0
7 0

Input 6: 00101100
0 0
1 0
2 1
3 0
4 1
5 1
6 0
7 0

When matching output
x: not in operator
y: wrong position

Identity
0 1011010 4 match 2
1 0000000 a match 0 1 3
2 1110011 5 match 4
3 0110100 3 match 5
4 0101111 5 match 6
5 1111101 6 match 7
6 1001000 2
7 1111000 4

Matching output
0 1
1 1
2 0
3 1
4 2
5 3
6 4
7 5

Left
1 2y
Best: I1: 1

Right
5 4 3 2 1 0 7x
Best: I5 4 3 2 1 0: 6

NOT
0 0100101 3
1 1111111 a
2 0001100 2
3 1001011 4
4 1010000 2
5 0000010 1
6 0110111 5
7 0000111 3

Matching output
0 absent
1 absent
2 absent
3 absent
4 absent
5 absent
6 absent
7 absent

Left
none
Best: none

Right
none
Best: none

Constant
0 0000000 a match 0 1 3
1 1111111 a

Matching output
0 C0
1 C0
2 absent
3 C0
4 absent
5 absent
6 absent
7 absent

Left
0 0
Best: C0 0: 2

Right
none
Best: none

AND
01 10 0000000 a match 0 1 3
12 21 0000000 a match 0 1 3
23 32 0110000 2
34 43 0100100 2
45 54 0101101 4
56 65 1001000 2
67 76 1001000 2
70 07 1011000 3

02 20 1010010 3
13 31 0000000 a match 0 1 3
24 42 0100011 3
35 53 0110100 3 match 5
46 64 0001000 1
57 75 1111000 4
60 06 1001000 2
71 17 0000000 a match 0 1 3

03 30 0010000 1
14 41 0000000 a match 0 1 3
25 52 1110001 4
36 63 0000000 a match 0 1 3
47 74 0101000 2
50 05 1011000 3
61 16 0000000 a match 0 1 3
72 27 1110000 3

04 40 0001010 2
15 51 0000000 a match 0 1 3
26 62 1000000 1
37 73 0110000 2

Matching output
0 01 10 12 21 13 31 71 17 14 41 36 63 61 16 15 51
1 01 10 12 21 13 31 71 17 14 41 36 63 61 16 15 51
2 absent
3 01 10 12 21 13 31 71 17 14 41 36 63 61 16 15 51
4 absent
5 35 53
6 absent
7 absent

Left
01 12 23x
10 21 32x
12 23x
21 32x
13 24x
31 42x
71 02x
17 20x
14 25x
41 52x
36 47x
63 74x
61 72x
16 27x
15 26x
51 62x
Best: AND01 12: 2

Right
none
Best: none

OR
01 10 1011010 4 match 2
12 21 1110011 5 match 4
23 32 1110111 6
34 43 0111111 6
45 54 1111111 a
56 65 1111101 6 match 7
67 76 1111000 4
70 07 1111010 5

02 20 1111011 6
13 31 0110100 3 match 5
24 42 1111111 a
35 53 1111101 6 match 7
46 64 1101111 6
57 75 1111101 6 match 7
60 06 1011010 4 match 2
71 17 1111000 4

03 30 1111110 6
14 41 0101111 5 match 6
25 52 1111111 a
36 63 1111100 5
47 74 1111111 a
50 05 1111111 a
61 16 1001000 2
72 27 1111011 6

04 40 1111111 a
15 51 1111101 6 match 7
26 62 1111011 6
37 73 1111100 5

Matching output
0 absent
1 absent
2 01 10 60 06
3 absent
4 12 21
5 13 31
6 14 41
7 56 65 35 53 57 75 15 51

Left
none
Best: none

Right
56 45x
65 54x
35 24x
53 42x
57 46x
75 64x
15 04x
51 40x
Best: OR56: 1

XOR
01 10 1011010 4 match 2
12 21 1110011 5 match 4
23 32 1000111 4
34 43 0011011 4
45 54 1010010 3
56 65 0110101 4
67 76 0110000 2
70 07 0100010 2

02 20 0101001 3
13 31 0110100 3 match 5
24 42 1011100 4
35 53 1001001 3
46 64 1100111 5
57 75 0000101 2
60 06 0010010 2
71 17 1111000 4

03 30 1101110 5
14 41 0101111 5 match 6
25 52 0001110 3
36 63 1111100 5
47 74 1010111 5
50 05 0100111 4
61 16 1001000 2
72 27 0001011 3

04 40 1110101 5
15 51 1111101 6 match 7
26 62 0111011 5
37 73 1001100 3

Matching output
0 absent
1 absent
2 01 10
3 absent
4 12 21
5 13 31
6 14 41
7 15 51

Left
none
Best: none

Right
15 04x
51 40x
Best: XOR15: 1

AND-NOT
01 1011010 4 match 2
12 0000000 a match 0 1 3
23 1000011 3
34 0010000 1
45 0000010 1
56 0110101 4
67 0000000 a match 0 1 3
70 0100000 1

02 0001000 1
13 0000000 a match 0 1 3
24 1010000 2
35 0000000 a match 0 1 3
46 0100111 4
57 0000101 2
60 0000000 a match 0 1 3
71 1111000 4

03 1001010 3
14 0000000 a match 0 1 3
25 0000010 1
36 0110100 3 match 5
47 0000111 3
50 0100101 3
61 1001000 2
72 0001000 1

04 1010000 2
15 0000000 a match 0 1 3
26 0110011 4
37 0000100 1
40 0100101 3
51 1111101 6 match 7
62 0001000 1
73 1001000 2

05 0000010 1
16 0000000 a match 0 1 3
27 0000011 2
30 0100100 2
41 0101111 5 match 6
52 0001100 2
63 1001000 2
74 1010000 2

06 0010010 2
17 0000000 a match 0 1 3
20 0100001 2
31 0110100 3 match 5
42 0001100 2
53 1001001 3
64 1000000 1
75 0000000 a match 0 1 3

07 0000010 1
10 0000000 a match 0 1 3
21 1110011 5 match 4
32 0000100 1
43 0001011 3
54 1010000 2
65 0000000 a match 0 1 3
76 0110000 2

Matching output
0 12 67 13 35 60 14 15 16 17 75 10 65
1 12 67 13 35 60 14 15 16 17 75 10 65
2 01
3 12 67 13 35 60 14 15 16 17 75 10 65
4 21
5 36 31
6 41
7 51

Left
12 23x
67 70x
13 24x
35 46x
60 71x
14 25x
15 26x
16 27x
17 20x
75 06x
10 21y
65 76x
Best: AND-NOT12: 1

Right
51 40x
Best: AND-NOT51: 1

OR-NOT
01 1111111 a
12 0001100 2
23 1111011 6
34 1110100 4
45 0101111 5 match 6
56 1111111 a
67 1001111 5
70 1111101 6 match 7

02 1011110 5
13 1001011 4
24 1110011 5 match 4
35 0110110 4
46 0111111 6
57 1111111 a
60 1101101 5
71 1111111 a

03 1011011 5
14 1010000 2
25 1110011 5 match 4
36 0110111 5
47 0101111 5 match 6
50 1111101 6 match 7
61 1111111 a
72 1111100 5

04 1011010 4 match 2
15 0000010 1
26 1110111 6
37 0110111 5
40 0101111 5 match 6
51 1111111 a
62 1001100 3
73 1111011 6

05 1011010 4 match 2
16 0110111 5
27 1110111 6
30 0110101 4
41 1111111 a
52 1111101 6 match 7
63 1001011 4
74 1111000 4

06 1111111 a
17 0000111 3
20 1110111 6
31 1111111 a
42 0101111 5 match 6
53 1111111 a
64 1011000 3
75 1111010 5

07 1011111 6
10 0100101 3
21 1111111 a
32 0111100 4
43 1101111 6
54 1111101 6 match 7
65 1001010 3
76 1111111 a

Matching output
0 absent
1 absent
2 04 05
3 absent
4 24 25
5 absent
6 45 47 40 42
7 70 50 52 54

Left
none
Best: none

Right
70 67x
50 47 36x
52 41x
54 43x
Best: OR-NOT50 47: 2

XOR-NOT
01 0100101 3
12 0001100 2
23 0111000 3
34 1100100 3
45 0101101 4
56 1001010 3
67 1001111 5
70 1011101 5

02 1010110 4
13 1001011 4
24 0100011 3
35 0110110 4
46 0011000 2
57 1111010 5
60 1101101 5
71 0000111 3

03 0010001 2
14 1010000 2
25 1110001 4
36 0000011 2
47 0101000 2
50 1011000 3
61 0110111 5
72 1110100 4

04 0001010 2
15 0000010 1
26 1000100 2
37 0110011 4
40 0001010 2
51 0000010 1
62 1000100 2
73 0110011 4

05 1011000 3
16 0110111 5
27 1110100 4
30 0010001 2
41 1010000 2
52 1110001 4
63 0000011 2
74 0101000 2

06 1101101 5
17 0000111 3
20 1010110 4
31 1001011 4
42 0100011 3
53 0110110 4
64 0011000 2
75 1111010 5

07 1011101 5
10 0100101 3
21 0001100 2
32 0111000 3
43 1100100 3
54 0101101 4
65 1001010 3
76 1001111 5

Matching output
0 absent
1 absent
2 absent
3 absent
4 absent
5 absent
6 absent
7 absent

Left
none
Best: none

Right
none
Best: none

Selecting

Lefts
Identity I1: 1
NOT none
Constant C0 0: 2
AND AND01 12: 2
OR none
XOR none
AND-NOT AND-NOT12: 1
OR-NOT none
XOR-NOT none

Rights
Identity I5 4 3 2 1 0: 6
NOT none
Constant none
AND none
OR OR56: 1
XOR XOR15: 1
AND-NOT AND-NOT51: 1
OR-NOT OR-NOT50 47: 2
XOR-NOT none

Left longest: 2
Right longest: 6

Right winner: Identity yes, NOT no, Constant no, AND no, OR no, XOR no, AND-NOT no, OR-NOT no, XOR-NOT no
Left winner: Identity no, NOT no, Constant yes, AND no, OR no, XOR no, AND-NOT no, OR-NOT no, XOR-NOT no

Best right: I5 4 3 2 1 0: 6
Best left: C0 0: 2

Truncated right: I5 4 3 2 1 0: 6
Truncated left: C0 0: 2

Tentative from right
7 I5
6 I4
5 I3
4 I2
3 I1
2 I0
1 pending
0 pending

Tentative
0 C0
1 C0
2 I0
3 I1
4 I2
5 I3
6 I4
7 I5

Preferred from right
7 I5
6 I4
5 I3
4 I2
3 I1
2 I0
1 C0
0 C0

Preferred from left
0 C0
1 C0
2 I0
3 I1
4 I2
5 I3
6 I4
7 I5

Preferred
0 C0
1 C0
2 I0
3 I1
4 I2
5 I3
6 I4
7 I5

Matching
0 C0
1 C0
2 I0
3 I1
4 I2
5 I3
6 I4
7 I5

Perfect match
Identity no
NOT no
Constant no
AND no
OR no
XOR no
AND-NOT no
OR-NOT no
XOR-NOT no

Matched
0 C0
1 C0
2 I0
3 I1
4 I2
5 I3
6 I4
7 I5

Selected
0 C0
1 C0
2 I0
3 I1
4 I2
5 I3
6 I4
7 I5

Applying to 01111100
Input
0 0
1 1
2 1
3 1
4 1
5 1
6 0
7 0
Output
0 C0 = 0
1 C0 = 0
2 I0 = 0
3 I1 = 1
4 I2 = 1
5 I3 = 1
6 I4 = 1
7 I5 = 1

I will now return the answer in \boxed{}
The answer in \boxed{–} is \boxed{00011111}
[correct]
true
