[category]
bit_manipulation
[prompt]
In Alice's Wonderland, a secret bit manipulation rule transforms 8-bit binary numbers. The transformation involves operations like bit shifts, rotations, XOR, AND, OR, NOT, and possibly majority or choice functions.

Here are some examples of input -> output:
11000001 -> 00000100
00000010 -> 00010000
11100110 -> 00111110
01011101 -> 11101101
01011000 -> 11000101
01100001 -> 00001110
01110001 -> 10001111
01010000 -> 10000101
00110010 -> 10010011
10110001 -> 10000011

Now, determine the output for: 10111111
[completion]
We need to deduce the transformation by matching the example outputs.
I will put my final answer inside \boxed{}.

Output 0: 00000100
0 0
1 0
2 0
3 0
4 0
5 1
6 0
7 0

Output 1: 00010000
0 0
1 0
2 0
3 1
4 0
5 0
6 0
7 0

Output 2: 00111110
0 0
1 0
2 1
3 1
4 1
5 1
6 1
7 0

Output 3: 11101101
0 1
1 1
2 1
3 0
4 1
5 1
6 0
7 1

Output 4: 11000101
0 1
1 1
2 0
3 0
4 0
5 1
6 0
7 1

Output 5: 00001110
0 0
1 0
2 0
3 0
4 1
5 1
6 1
7 0

Output 6: 10001111
0 1
1 0
2 0
3 0
4 1
5 1
6 1
7 1

Output 7: 10000101
0 1
1 0
2 0
3 0
4 0
5 1
6 0
7 1

Output 8: 10010011
0 1
1 0
2 0
3 1
4 0
5 0
6 1
7 1

Output 9: 10000011
0 1
1 0
2 0
3 0
4 0
5 0
6 1
7 1

Output bit columns (with bitsum as hash)
0 0001101111 6
1 0001100000 2
2 0011000000 2
3 0110000010 3
4 0011011000 4
5 1011111100 7
6 0010011011 5
7 0001101111 6

Input 0: 11000001
0 1
1 1
2 0
3 0
4 0
5 0
6 0
7 1

Input 1: 00000010
0 0
1 0
2 0
3 0
4 0
5 0
6 1
7 0

Input 2: 11100110
0 1
1 1
2 1
3 0
4 0
5 1
6 1
7 0

Input 3: 01011101
0 0
1 1
2 0
3 1
4 1
5 1
6 0
7 1

Input 4: 01011000
0 0
1 1
2 0
3 1
4 1
5 0
6 0
7 0

Input 5: 01100001
0 0
1 1
2 1
3 0
4 0
5 0
6 0
7 1

Input 6: 01110001
0 0
1 1
2 1
3 1
4 0
5 0
6 0
7 1

Input 7: 01010000
0 0
1 1
2 0
3 1
4 0
5 0
6 0
7 0

Input 8: 00110010
0 0
1 0
2 1
3 1
4 0
5 0
6 1
7 0

Input 9: 10110001
0 1
1 0
2 1
3 1
4 0
5 0
6 0
7 1

When matching output
x: not in operator
y: wrong position

Identity
0 1010000001 3
1 1011111100 7 match 5
2 0010011011 5 match 6
3 0001101111 6 match 0 7
4 0001100000 2 match 1
5 0011000000 2 match 2
6 0110000010 3 match 3
7 1001011001 5

Matching output
0 3
1 4
2 5
3 6
4 absent
5 1
6 2
7 3

Left
3 4 5 6 7x
Best: I3 4 5 6: 4

Right
3 2 1 0x
Best: I3 2 1: 3

NOT
0 0101111110 7
1 0100000011 3
2 1101100100 5
3 1110010000 4
4 1110011111 8
5 1100111111 8
6 1001111101 7
7 0110100110 5

Matching output
0 absent
1 absent
2 absent
3 absent
4 absent
5 absent
6 absent
7 absent

Left
none
Best: none

Right
none
Best: none

Constant
0 0000000000 a
1 1111111111 a

Matching output
0 absent
1 absent
2 absent
3 absent
4 absent
5 absent
6 absent
7 absent

Left
none
Best: none

Right
none
Best: none

AND
01 10 1010000000 2
12 21 0010011000 3
23 32 0000001011 3
34 43 0001100000 2 match 1
45 54 0001000000 1
56 65 0010000000 1
67 76 0000000000 a
70 07 1000000001 2

02 20 0010000001 2
13 31 0001101100 4
24 42 0000000000 a
35 53 0001000000 1
46 64 0000000000 a
57 75 0001000000 1
60 06 0010000000 1
71 17 1001011000 4

03 30 0000000001 1
14 41 0001100000 2 match 1
25 52 0010000000 1
36 63 0000000010 1
47 74 0001000000 1
50 05 0010000000 1
61 16 0010000000 1
72 27 0000011001 3

04 40 0000000000 a
15 51 0011000000 2 match 2
26 62 0010000010 2
37 73 0001001001 3

Matching output
0 absent
1 34 43 14 41
2 15 51
3 absent
4 absent
5 absent
6 absent
7 absent

Left
none
Best: none

Right
none
Best: none

OR
01 10 1011111101 8
12 21 1011111111 9
23 32 0011111111 8
34 43 0001101111 6 match 0 7
45 54 0011100000 3
56 65 0111000010 4
67 76 1111011011 8
70 07 1011011001 6

02 20 1010011011 6
13 31 1011111111 9
24 42 0011111011 7
35 53 0011101111 7
46 64 0111100010 5
57 75 1011011001 6
60 06 1110000011 5
71 17 1011111101 8

03 30 1011101111 8
14 41 1011111100 7 match 5
25 52 0011011011 6
36 63 0111101111 8
47 74 1001111001 6
50 05 1011000001 4
61 16 1111111110 9
72 27 1011011011 7

04 40 1011100001 5
15 51 1011111100 7 match 5
26 62 0110011011 6
37 73 1001111111 8

Matching output
0 34 43
1 absent
2 absent
3 absent
4 absent
5 14 41 15 51
6 absent
7 34 43

Left
34 45x
43 54x
Best: OR34: 1

Right
34 23x
43 32x
Best: OR34: 1

XOR
01 10 0001111101 6
12 21 1001100111 6
23 32 0011110100 5
34 43 0000001111 4
45 54 0010100000 2
56 65 0101000010 3
67 76 1111011011 8
70 07 0011011000 4 match 4

02 20 1000011010 4
13 31 1010010011 5
24 42 0011111011 7
35 53 0010101111 6
46 64 0111100010 5
57 75 1010011001 5
60 06 1100000011 4
71 17 0010100101 4

03 30 1011101110 7
14 41 1010011100 5
25 52 0001011011 5
36 63 0111101101 7
47 74 1000111001 5
50 05 1001000001 3
61 16 1101111110 8
72 27 1011000010 4

04 40 1011100001 5
15 51 1000111100 5
26 62 0100011001 4
37 73 1000110110 5

Matching output
0 absent
1 absent
2 absent
3 absent
4 70 07
5 absent
6 absent
7 absent

Left
none
Best: none

Right
none
Best: none

AND-NOT
01 0000000001 1
12 1001100100 4
23 0010010000 2
34 0000001111 4
45 0000100000 1
56 0001000000 1
67 0110000010 3 match 3
70 0001011000 3

02 1000000000 1
13 1010010000 3
24 0010011011 5 match 6
35 0000101111 5
46 0001100000 2 match 1
57 0010000000 1
60 0100000010 2
71 0000000001 1

03 1010000000 2
14 1010011100 5
25 0000011011 4
36 0001101101 5
47 0000100000 1
50 0001000000 1
61 0100000010 2
72 1001000000 2

04 1010000001 3
15 1000111100 5
26 0000011001 3
37 0000100110 3
40 0001100000 2 match 1
51 0000000000 a
62 0100000000 1
73 1000010000 2

05 1000000001 2
16 1001111100 6
27 0010000010 2
30 0001101110 5
41 0000000000 a
52 0001000000 1
63 0110000000 2
74 1000011001 4

06 1000000001 2
17 0010100100 3
20 0000011010 3
31 0000000011 2
42 0001100000 2 match 1
53 0010000000 1
64 0110000010 3 match 3
75 1000011001 4

07 0010000000 1
10 0001111100 5
21 0000000011 2
32 0001100100 3
43 0000000000 a
54 0010000000 1
65 0100000010 2
76 1001011001 5

Matching output
0 absent
1 46 40 42
2 absent
3 67 64
4 absent
5 absent
6 24
7 absent

Left
none
Best: none

Right
none
Best: none

OR-NOT
01 1110000011 5
12 1111111100 8
23 1110011011 7
34 1111111111 a
45 1101111111 9
56 1011111101 8
67 0110100110 5
70 1101111111 9

02 1111100101 7
13 1111111100 8
24 1110011111 8
35 1101111111 9
46 1001111101 7
57 0111100110 6
60 0111111110 8
71 1101011011 7

03 1110010001 5
14 1111111111 a
25 1110111111 9
36 1001111111 8
47 0111100110 6
50 0111111110 8
61 0110000011 4
72 1101111101 8

04 1110011111 8
15 1111111111 a
26 1011111111 9
37 0111101111 8
40 0101111110 7
51 0111000011 5
62 1111100110 7
73 1111011001 7

05 1110111111 9
16 1011111101 8
27 0110111111 8
30 0101111111 8
41 0101100011 5
52 1111100100 6
63 1110010010 5
74 1111011111 9

06 1011111101 8
17 1111111110 9
20 0111111111 9
31 0101101111 7
42 1101100100 5
53 1111010000 5
64 1110011111 8
75 1101111111 9

07 1110100111 7
10 1111111110 9
21 0110011011 6
32 1101101111 8
43 1111110000 6
54 1111011111 9
65 1110111111 9
76 1001111101 7

Matching output
0 absent
1 absent
2 absent
3 absent
4 absent
5 absent
6 absent
7 absent

Left
none
Best: none

Right
none
Best: none

XOR-NOT
01 1110000010 4
12 0110011000 4
23 1100001011 5
34 1111110000 6
45 1101011111 8
56 1010111101 7
67 0000100100 2
70 1100100111 6

02 0111100101 6
13 0101101100 5
24 1100000100 3
35 1101010000 4
46 1000011101 5
57 0101100110 5
60 0011111100 6
71 1101011010 6

03 0100010001 3
14 0101100011 5
25 1110100100 5
36 1000010010 3
47 0111000110 5
50 0110111110 7
61 0010000001 2
72 0100111101 6

04 0100011110 5
15 0111000011 5
26 1011100110 6
37 0111001001 5
40 0100011110 5
51 0111000011 5
62 1011100110 6
73 0111001001 5

05 0110111110 7
16 0010000001 2
27 0100111101 6
30 0100010001 3
41 0101100011 5
52 1110100100 5
63 1000010010 3
74 0111000110 5

06 0011111100 6
17 1101011010 6
20 0111100101 6
31 0101101100 5
42 1100000100 3
53 1101010000 4
64 1000011101 5
75 0101100110 5

07 1100100111 6
10 1110000010 4
21 0110011000 4
32 1100001011 5
43 1111110000 6
54 1101011111 8
65 1010111101 7
76 0000100100 2

Matching output
0 absent
1 absent
2 absent
3 absent
4 absent
5 absent
6 absent
7 absent

Left
none
Best: none

Right
none
Best: none

Selecting

Lefts
Identity I3 4 5 6: 4
NOT none
Constant none
AND none
OR OR34: 1
XOR none
AND-NOT none
OR-NOT none
XOR-NOT none

Rights
Identity I3 2 1: 3
NOT none
Constant none
AND none
OR OR34: 1
XOR none
AND-NOT none
OR-NOT none
XOR-NOT none

Left longest: 4
Right longest: 3

Left winner: Identity yes, NOT no, Constant no, AND no, OR no, XOR no, AND-NOT no, OR-NOT no, XOR-NOT no
Right winner: Identity yes, NOT no, Constant no, AND no, OR no, XOR no, AND-NOT no, OR-NOT no, XOR-NOT no

Best left: I3 4 5 6: 4
Best right: I3 2 1: 3

Truncated left: I3 4 5 6: 4
Truncated right: I3 2 1: 3

Tentative from right
7 I3
6 I2
5 I1
4 pending
3 pending
2 pending
1 pending
0 pending

Tentative
0 I3
1 I4
2 I5
3 I6
4 pending
5 I1
6 I2
7 I3

Preferred from left
0 I3
1 I4
2 I5
3 I6
4 ?7?
5 I1
6 I2
7 I3

Preferred from right
7 I3
6 I2
5 I1
4 ?70
3 I6
2 I5
1 I4
0 I3

Preferred
0 I3
1 I4
2 I5
3 I6
4 ?70 ?07
5 I1
6 I2
7 I3

Matching
0 I3
1 I4
2 I5
3 I6
4 ?70 ?07 - Identity absent, NOT absent, Constant absent, AND absent, OR absent, XOR70, AND-NOT absent, OR-NOT absent, XOR-NOT absent
5 I1
6 I2
7 I3

Perfect match
Identity no
NOT no
Constant no
AND no
OR no
XOR yes
AND-NOT no
OR-NOT no
XOR-NOT no

Matched
0 I3
1 I4
2 I5
3 I6
4 XOR70
5 I1
6 I2
7 I3

Selected
0 I3
1 I4
2 I5
3 I6
4 XOR70
5 I1
6 I2
7 I3

Applying to 10111111
Input
0 1
1 0
2 1
3 1
4 1
5 1
6 1
7 1
Output
0 I3 = 1
1 I4 = 1
2 I5 = 1
3 I6 = 1
4 XOR70 = XOR(1,1) = 0
5 I1 = 0
6 I2 = 1
7 I3 = 1

I will now return the answer in \boxed{}
The answer in \boxed{–} is \boxed{11110011}
[correct]
true
