[category]
bit_manipulation
[prompt]
In Alice's Wonderland, a secret bit manipulation rule transforms 8-bit binary numbers. The transformation involves operations like bit shifts, rotations, XOR, AND, OR, NOT, and possibly majority or choice functions.

Here are some examples of input -> output:
10110000 -> 00101100
10001100 -> 10100011
00111100 -> 10001111
01100010 -> 01011000
11111010 -> 01111110
00100010 -> 01001000
10110101 -> 10001101
10010101 -> 10000101

Now, determine the output for: 11011111
[completion]
We need to deduce the transformation by matching the example outputs.
I will put my final answer inside \boxed{}.

Output 0: 00101100
0 0
1 0
2 1
3 0
4 1
5 1
6 0
7 0

Output 1: 10100011
0 1
1 0
2 1
3 0
4 0
5 0
6 1
7 1

Output 2: 10001111
0 1
1 0
2 0
3 0
4 1
5 1
6 1
7 1

Output 3: 01011000
0 0
1 1
2 0
3 1
4 1
5 0
6 0
7 0

Output 4: 01111110
0 0
1 1
2 1
3 1
4 1
5 1
6 1
7 0

Output 5: 01001000
0 0
1 1
2 0
3 0
4 1
5 0
6 0
7 0

Output 6: 10001101
0 1
1 0
2 0
3 0
4 1
5 1
6 0
7 1

Output 7: 10000101
0 1
1 0
2 0
3 0
4 0
5 1
6 0
7 1

Output bit columns (with bitsum as hash)
0 01100011 4
1 00011100 3
2 11001000 3
3 00011000 2
4 10111110 6
5 10101011 5
6 01101000 3
7 01100011 4

Input 0: 10110000
0 1
1 0
2 1
3 1
4 0
5 0
6 0
7 0

Input 1: 10001100
0 1
1 0
2 0
3 0
4 1
5 1
6 0
7 0

Input 2: 00111100
0 0
1 0
2 1
3 1
4 1
5 1
6 0
7 0

Input 3: 01100010
0 0
1 1
2 1
3 0
4 0
5 0
6 1
7 0

Input 4: 11111010
0 1
1 1
2 1
3 1
4 1
5 0
6 1
7 0

Input 5: 00100010
0 0
1 0
2 1
3 0
4 0
5 0
6 1
7 0

Input 6: 10110101
0 1
1 0
2 1
3 1
4 0
5 1
6 0
7 1

Input 7: 10010101
0 1
1 0
2 0
3 1
4 0
5 1
6 0
7 1

When matching output
x: not in operator
y: wrong position

Identity
0 11001011 5
1 00011000 2 match 3
2 10111110 6 match 4
3 10101011 5 match 5
4 01101000 3 match 6
5 01100011 4 match 0 7
6 00011100 3 match 1
7 00000011 2

Matching output
0 5
1 6
2 absent
3 1
4 2
5 3
6 4
7 5

Left
5 6 7x
Best: I5 6: 2

Right
5 4 3 2 1 0x
Best: I5 4 3 2 1: 5

NOT
0 00110100 3
1 11100111 6
2 01000001 2
3 01010100 3
4 10010111 5
5 10011100 4
6 11100011 5
7 11111100 6

Matching output
0 absent
1 absent
2 absent
3 absent
4 absent
5 absent
6 absent
7 absent

Left
none
Best: none

Right
none
Best: none

Constant
0 00000000 a
1 11111111 a

Matching output
0 absent
1 absent
2 absent
3 absent
4 absent
5 absent
6 absent
7 absent

Left
none
Best: none

Right
none
Best: none

AND
01 10 00001000 1
12 21 00011000 2 match 3
23 32 10101010 4
34 43 00101000 2
45 54 01100000 2
56 65 00000000 a
67 76 00000000 a
70 07 00000011 2

02 20 10001010 3
13 31 00001000 1
24 42 00101000 2
35 53 00100011 3
46 64 00001000 1
57 75 00000011 2
60 06 00001000 1
71 17 00000000 a

03 30 10001011 4
14 41 00001000 1
25 52 00100010 2
36 63 00001000 1
47 74 00000000 a
50 05 01000011 3
61 16 00011000 2 match 3
72 27 00000010 1

04 40 01001000 2
15 51 00000000 a
26 62 00011100 3 match 1
37 73 00000011 2

Matching output
0 absent
1 26 62
2 absent
3 12 21 61 16
4 absent
5 absent
6 absent
7 absent

Left
none
Best: none

Right
none
Best: none

OR
01 10 11011011 6
12 21 10111110 6 match 4
23 32 10111111 7
34 43 11101011 6
45 54 01101011 5
56 65 01111111 7
67 76 00011111 5
70 07 11001011 5

02 20 11111111 a
13 31 10111011 6
24 42 11111110 7
35 53 11101011 6
46 64 01111100 5
57 75 01100011 4 match 0 7
60 06 11011111 7
71 17 00011011 4

03 30 11101011 6
14 41 01111000 4
25 52 11111111 a
36 63 10111111 7
47 74 01101011 5
50 05 11101011 6
61 16 00011100 3 match 1
72 27 10111111 7

04 40 11101011 6
15 51 01111011 6
26 62 10111110 6 match 4
37 73 10101011 5 match 5

Matching output
0 57 75
1 61 16
2 absent
3 absent
4 12 21 26 62
5 37 73
6 absent
7 57 75

Left
57 60x
75 06x
Best: OR57: 1

Right
57 46x
75 64x
Best: OR57: 1

XOR
01 10 11010011 5
12 21 10100110 4
23 32 00010101 3
34 43 11000011 4
45 54 00001011 3
56 65 01111111 7
67 76 00011111 5
70 07 11001000 3 match 2

02 20 01110101 5
13 31 10110011 5
24 42 11010110 5
35 53 11001000 3 match 2
46 64 01110100 4
57 75 01100000 2
60 06 11010111 6
71 17 00011011 4

03 30 01100000 2
14 41 01110000 3
25 52 11011101 6
36 63 10110111 6
47 74 01101011 5
50 05 10101000 3
61 16 00000100 1
72 27 10111101 6

04 40 10100011 4
15 51 01111011 6
26 62 10100010 3
37 73 10101000 3

Matching output
0 absent
1 absent
2 70 07 35 53
3 absent
4 absent
5 absent
6 absent
7 absent

Left
none
Best: none

Right
none
Best: none

AND-NOT
01 11000011 4
12 00000000 a
23 00010100 2
34 10000011 3
45 00001000 1
56 01100011 4 match 0 7
67 00011100 3 match 1
70 00000000 a

02 01000001 2
13 00010000 1
24 10010110 4
35 10001000 2
46 01100000 2
57 01100000 2
60 00010100 2
71 00000011 2

03 01000000 1
14 00010000 1
25 10011100 4
36 10100011 4
47 01101000 3 match 6
50 00100000 1
61 00000100 1
72 00000001 1

04 10000011 3
15 00011000 2 match 3
26 10100010 3
37 10101000 3
40 00100000 1
51 01100011 4 match 0 7
62 00000000 a
73 00000000 a

05 10001000 2
16 00000000 a
27 10111100 5
30 00100000 1
41 01100000 2
52 01000001 2
63 00010100 2
74 00000011 2

06 11000011 4
17 00011000 2 match 3
20 00110100 3
31 10100011 4
42 01000000 1
53 01000000 1
64 00010100 2
75 00000000 a

07 11001000 3 match 2
10 00010000 1
21 10100110 4
32 00000001 1
43 01000000 1
54 00000011 2
65 00011100 3 match 1
76 00000011 2

Matching output
0 56 51
1 67 65
2 07
3 15 17
4 absent
5 absent
6 47
7 56 51

Left
56 67 70x
51 62x
Best: AND-NOT56 67: 2

Right
56 45x
51 40x
Best: AND-NOT56: 1

OR-NOT
01 11101111 7
12 01011001 4
23 11111110 7
34 10111111 7
45 11111100 6
56 11100011 5
67 11111100 6
70 00110111 5

02 11001011 5
13 01011100 4
24 10111111 7
35 10111111 7
46 11101011 6
57 11111111 a
60 00111100 4
71 11100111 6

03 11011111 7
14 10011111 6
25 10111110 6 match 4
36 11101011 6
47 11111100 6
50 01110111 6
61 11111111 a
72 01000011 3

04 11011111 7
15 10011100 4
26 11111111 a
37 11111111 a
40 01111100 5
51 11100111 6
62 01011101 5
73 01010111 5

05 11011111 7
16 11111011 7
27 11111110 7
30 10111111 7
41 11101111 7
52 01100011 4 match 0 7
63 01011100 4
74 10010111 5

06 11101011 6
17 11111100 6
20 10111110 6 match 4
31 11101111 7
42 01101001 4
53 01110111 6
64 10011111 6
75 10011111 6

07 11111111 a
10 00111100 4
21 11111111 a
32 11101011 6
43 01111100 5
54 11110111 7
65 10011100 4
76 11100011 5

Matching output
0 52
1 absent
2 absent
3 absent
4 25 20
5 absent
6 absent
7 52

Left
52 63x
Best: OR-NOT52: 1

Right
52 41x
Best: OR-NOT52: 1

XOR-NOT
01 00101100 3
12 01011001 4
23 11101010 5
34 00111100 4
45 11110100 5
56 10000000 1
67 11100000 3
70 00110111 5

02 10001010 3
13 01001100 3
24 00101001 3
35 00110111 5
46 10001011 4
57 10011111 6
60 00101000 2
71 11100100 4

03 10011111 6
14 10001111 5
25 00100010 2
36 01001000 2
47 10010100 3
50 01010111 5
61 11111011 7
72 01000010 2

04 01011100 4
15 10000100 2
26 01011101 5
37 01010111 5
40 01011100 4
51 10000100 2
62 01011101 5
73 01010111 5

05 01010111 5
16 11111011 7
27 01000010 2
30 10011111 6
41 10001111 5
52 00100010 2
63 01001000 2
74 10010100 3

06 00101000 2
17 11100100 4
20 10001010 3
31 01001100 3
42 00101001 3
53 00110111 5
64 10001011 4
75 10011111 6

07 00110111 5
10 00101100 3
21 01011001 4
32 11101010 5
43 00111100 4
54 11110100 5
65 10000000 1
76 11100000 3

Matching output
0 absent
1 absent
2 absent
3 absent
4 absent
5 absent
6 absent
7 absent

Left
none
Best: none

Right
none
Best: none

Selecting

Lefts
Identity I5 6: 2
NOT none
Constant none
AND none
OR OR57: 1
XOR none
AND-NOT AND-NOT56 67: 2
OR-NOT OR-NOT52: 1
XOR-NOT none

Rights
Identity I5 4 3 2 1: 5
NOT none
Constant none
AND none
OR OR57: 1
XOR none
AND-NOT AND-NOT56: 1
OR-NOT OR-NOT52: 1
XOR-NOT none

Left longest: 2
Right longest: 5

Right winner: Identity yes, NOT no, Constant no, AND no, OR no, XOR no, AND-NOT no, OR-NOT no, XOR-NOT no
Left winner: Identity yes, NOT no, Constant no, AND no, OR no, XOR no, AND-NOT no, OR-NOT no, XOR-NOT no

Best right: I5 4 3 2 1: 5
Best left: I5 6: 2

Truncated right: I5 4 3 2 1: 5
Truncated left: I5 6: 2

Tentative from right
7 I5
6 I4
5 I3
4 I2
3 I1
2 pending
1 pending
0 pending

Tentative
0 I5
1 I6
2 pending
3 I1
4 I2
5 I3
6 I4
7 I5

Preferred from right
7 I5
6 I4
5 I3
4 I2
3 I1
2 ??0
1 I6
0 I5

Preferred from left
0 I5
1 I6
2 ?70
3 I1
4 I2
5 I3
6 I4
7 I5

Preferred
0 I5
1 I6
2 ?70 ?07
3 I1
4 I2
5 I3
6 I4
7 I5

Matching
0 I5
1 I6
2 ?70 ?07 - Identity absent, NOT absent, Constant absent, AND absent, OR absent, XOR70, AND-NOT07, OR-NOT absent, XOR-NOT absent
3 I1
4 I2
5 I3
6 I4
7 I5

Perfect match
Identity no
NOT no
Constant no
AND no
OR no
XOR yes
AND-NOT no
OR-NOT no
XOR-NOT no

Matched
0 I5
1 I6
2 XOR70
3 I1
4 I2
5 I3
6 I4
7 I5

Selected
0 I5
1 I6
2 XOR70
3 I1
4 I2
5 I3
6 I4
7 I5

Applying to 11011111
Input
0 1
1 1
2 0
3 1
4 1
5 1
6 1
7 1
Output
0 I5 = 1
1 I6 = 1
2 XOR70 = XOR(1,1) = 0
3 I1 = 1
4 I2 = 0
5 I3 = 1
6 I4 = 1
7 I5 = 1

I will now return the answer in \boxed{}
The answer in \boxed{–} is \boxed{11010111}
[correct]
true
