[category]
bit_manipulation
[prompt]
In Alice's Wonderland, a secret bit manipulation rule transforms 8-bit binary numbers. The transformation involves operations like bit shifts, rotations, XOR, AND, OR, NOT, and possibly majority or choice functions.

Here are some examples of input -> output:
11111010 -> 00111110
10001011 -> 10100010
10000010 -> 00100000
01100100 -> 00011001
01010111 -> 10010101
11010000 -> 00110100
11001100 -> 00110011
01111010 -> 00011110
00000111 -> 10000001

Now, determine the output for: 11110010
[completion]
We need to deduce the transformation by matching the example outputs.
I will put my final answer inside \boxed{}.

Output 0: 00111110
0 0
1 0
2 1
3 1
4 1
5 1
6 1
7 0

Output 1: 10100010
0 1
1 0
2 1
3 0
4 0
5 0
6 1
7 0

Output 2: 00100000
0 0
1 0
2 1
3 0
4 0
5 0
6 0
7 0

Output 3: 00011001
0 0
1 0
2 0
3 1
4 1
5 0
6 0
7 1

Output 4: 10010101
0 1
1 0
2 0
3 1
4 0
5 1
6 0
7 1

Output 5: 00110100
0 0
1 0
2 1
3 1
4 0
5 1
6 0
7 0

Output 6: 00110011
0 0
1 0
2 1
3 1
4 0
5 0
6 1
7 1

Output 7: 00011110
0 0
1 0
2 0
3 1
4 1
5 1
6 1
7 0

Output 8: 10000001
0 1
1 0
2 0
3 0
4 0
5 0
6 0
7 1

Output bit columns (with bitsum as hash)
0 010010001 3
1 000000000 a
2 111001100 5
3 100111110 6
4 100100010 3
5 100011010 4
6 110000110 4
7 000110101 4

Input 0: 11111010
0 1
1 1
2 1
3 1
4 1
5 0
6 1
7 0

Input 1: 10001011
0 1
1 0
2 0
3 0
4 1
5 0
6 1
7 1

Input 2: 10000010
0 1
1 0
2 0
3 0
4 0
5 0
6 1
7 0

Input 3: 01100100
0 0
1 1
2 1
3 0
4 0
5 1
6 0
7 0

Input 4: 01010111
0 0
1 1
2 0
3 1
4 0
5 1
6 1
7 1

Input 5: 11010000
0 1
1 1
2 0
3 1
4 0
5 0
6 0
7 0

Input 6: 11001100
0 1
1 1
2 0
3 0
4 1
5 1
6 0
7 0

Input 7: 01111010
0 0
1 1
2 1
3 1
4 1
5 0
6 1
7 0

Input 8: 00000111
0 0
1 0
2 0
3 0
4 0
5 1
6 1
7 1

When matching output
x: not in operator
y: wrong position

Identity
0 111001100 5 match 2
1 100111110 6 match 3
2 100100010 3 match 4
3 100011010 4 match 5
4 110000110 4 match 6
5 000110101 4 match 7
6 111010011 6
7 010010001 3 match 0

Matching output
0 7
1 absent
2 0
3 1
4 2
5 3
6 4
7 5

Left
7 0y
Best: I7: 1

Right
5 4 3 2 1 0 7y
Best: I5 4 3 2 1 0: 6

NOT
0 000110011 4
1 011000001 3
2 011011101 6
3 011100101 5
4 001111001 5
5 111001010 5
6 000101100 3
7 101101110 6

Matching output
0 absent
1 absent
2 absent
3 absent
4 absent
5 absent
6 absent
7 absent

Left
none
Best: none

Right
none
Best: none

Constant
0 000000000 a match 1
1 111111111 a

Matching output
0 absent
1 C0
2 absent
3 absent
4 absent
5 absent
6 absent
7 absent

Left
none
Best: none

Right
none
Best: none

AND
01 10 100001100 3
12 21 100100010 3 match 4
23 32 100000010 2
34 43 100000010 2
45 54 000000100 1
56 65 000010001 2
67 76 010010001 3 match 0
70 07 010000000 1

02 20 100000000 1
13 31 100011010 4 match 5
24 42 100000010 2
35 53 000010000 1
46 64 110000010 3
57 75 000010001 2
60 06 111000000 3
71 17 000010000 1

03 30 100001000 2
14 41 100000110 3
25 52 000100000 1
36 63 100010010 3
47 74 010000000 1
50 05 000000100 1
61 16 100010010 3
72 27 000000000 a match 1

04 40 110000100 3
15 51 000110100 3
26 62 100000010 2
37 73 000010000 1

Matching output
0 67 76
1 72 27
2 absent
3 absent
4 12 21
5 13 31
6 absent
7 absent

Left
67 70x
76 07x
Best: AND67: 1

Right
none
Best: none

OR
01 10 111111110 8
12 21 100111110 6 match 3
23 32 100111010 5
34 43 110011110 6
45 54 110110111 7
56 65 111110111 8
67 76 111010011 6
70 07 111011101 7

02 20 111101110 7
13 31 100111110 6 match 3
24 42 110100110 5
35 53 100111111 7
46 64 111010111 7
57 75 010110101 5
60 06 111011111 8
71 17 110111111 8

03 30 111011110 7
14 41 110111110 7
25 52 100110111 6
36 63 111011011 7
47 74 110010111 6
50 05 111111101 8
61 16 111111111 a
72 27 110110011 6

04 40 111001110 6
15 51 100111111 7
26 62 111110011 7
37 73 110011011 6

Matching output
0 absent
1 absent
2 absent
3 12 21 13 31
4 absent
5 absent
6 absent
7 absent

Left
none
Best: none

Right
none
Best: none

XOR
01 10 011110010 5
12 21 000011100 3
23 32 000111000 3
34 43 010011100 4
45 54 110110011 6
56 65 111100110 6
67 76 101000010 3
70 07 101011101 6

02 20 011101110 6
13 31 000100100 2
24 42 010100100 3
35 53 100101111 6
46 64 001010101 4
57 75 010100100 3
60 06 000011111 5
71 17 110101111 7

03 30 011010110 5
14 41 010111000 4
25 52 100010111 5
36 63 011001001 4
47 74 100010111 5
50 05 111111001 7
61 16 011101101 6
72 27 110110011 6

04 40 001001010 3
15 51 100001011 4
26 62 011110001 5
37 73 110001011 5

Matching output
0 absent
1 absent
2 absent
3 absent
4 absent
5 absent
6 absent
7 absent

Left
none
Best: none

Right
none
Best: none

AND-NOT
01 011000000 2
12 000011100 3
23 000100000 1
34 000011000 2
45 110000010 3
56 000100100 2
67 101000010 3
70 000010001 2

02 011001100 4
13 000100100 2
24 000100000 1
35 100001010 3
46 000000100 1
57 000100100 2
60 000010011 3
71 010000001 2

03 011000100 3
14 000111000 3
25 100000010 2
36 000001000 1
47 100000110 3
50 000110001 3
61 011000001 3
72 010010001 3 match 0

04 001001000 2
15 100001010 3
26 000100000 1
37 100001010 3
40 000000010 1
51 000000001 1
62 011010001 4
73 010000001 2

05 111001000 4
16 000101100 3
27 100100010 3 match 4
30 000010010 2
41 010000000 1
52 000010101 3
63 011000001 3
74 000010001 2

06 000001100 2
17 100101110 5
20 000100010 2
31 000000000 a match 1
42 010000100 2
53 000100101 3
64 001010001 3
75 010000000 1

07 101001100 4
10 000110010 3
21 000000000 a match 1
32 000011000 2
43 010000100 2
54 000110001 3
65 111000010 4
76 000000000 a match 1

Matching output
0 72
1 31 21 76
2 absent
3 absent
4 27
5 absent
6 absent
7 absent

Left
72 03x
Best: AND-NOT72: 1

Right
none
Best: none

OR-NOT
01 111001101 6
12 111111111 a
23 111100111 7
34 101111011 7
45 111001110 6
56 000111101 5
67 111111111 a
70 010110011 5

02 111011101 7
13 111111111 a
24 101111011 7
35 111011010 6
46 110101110 6
57 101111111 8
60 111110011 7
71 011010001 4

03 111101101 7
14 101111111 8
25 111101010 6
36 100111110 6 match 3
47 111101110 7
50 000110111 5
61 111010011 6
72 011011101 6

04 111111101 8
15 111111110 8
26 100101110 5
37 101111110 7
40 110110111 7
51 011110101 6
62 111011111 8
73 011110101 6

05 111001110 6
16 100111110 6 match 3
27 101101110 6
30 100111011 6
41 111000111 6
52 011111101 7
63 111110111 8
74 011111001 6

06 111101100 6
17 101111110 7
20 100110011 5
31 111011011 7
42 111011111 8
53 011110101 6
64 111111011 8
75 111011011 7

07 111101110 7
10 100111111 7
21 111100011 6
32 111011111 8
43 111100111 7
54 001111101 6
65 111011011 7
76 010111101 6

Matching output
0 absent
1 absent
2 absent
3 36 16
4 absent
5 absent
6 absent
7 absent

Left
none
Best: none

Right
none
Best: none

XOR-NOT
01 100001101 4
12 111100011 6
23 111000111 6
34 101100011 5
45 001001100 3
56 000011001 3
67 010111101 6
70 010100010 3

02 100010001 3
13 111011011 7
24 101011011 6
35 011010000 3
46 110101010 5
57 101011011 6
60 111100000 4
71 001010000 2

03 100101001 4
14 101000111 5
25 011101000 4
36 100110110 5
47 011101000 4
50 000000110 2
61 100010010 3
72 001001100 3

04 110110101 6
15 011110100 5
26 100001110 4
37 001110100 4
40 110110101 6
51 011110100 5
62 100001110 4
73 001110100 4

05 000000110 2
16 100010010 3
27 001001100 3
30 100101001 4
41 101000111 5
52 011101000 4
63 100110110 5
74 011101000 4

06 111100000 4
17 001010000 2
20 100010001 3
31 111011011 7
42 101011011 6
53 011010000 3
64 110101010 5
75 101011011 6

07 010100010 3
10 100001101 4
21 111100011 6
32 111000111 6
43 101100011 5
54 001001100 3
65 000011001 3
76 010111101 6

Matching output
0 absent
1 absent
2 absent
3 absent
4 absent
5 absent
6 absent
7 absent

Left
none
Best: none

Right
none
Best: none

Selecting

Lefts
Identity I7: 1
NOT none
Constant none
AND AND67: 1
OR none
XOR none
AND-NOT AND-NOT72: 1
OR-NOT none
XOR-NOT none

Rights
Identity I5 4 3 2 1 0: 6
NOT none
Constant none
AND none
OR none
XOR none
AND-NOT none
OR-NOT none
XOR-NOT none

Left longest: 1
Right longest: 6

Right winner: Identity yes, NOT no, Constant no, AND no, OR no, XOR no, AND-NOT no, OR-NOT no, XOR-NOT no
Left winner: Identity yes, NOT no, Constant no, AND no, OR no, XOR no, AND-NOT no, OR-NOT no, XOR-NOT no

Best right: I5 4 3 2 1 0: 6
Best left: I7: 1

Truncated right: I5 4 3 2 1 0: 6
Truncated left: I7: 1

Tentative from right
7 I5
6 I4
5 I3
4 I2
3 I1
2 I0
1 pending
0 pending

Tentative
0 I7
1 pending
2 I0
3 I1
4 I2
5 I3
6 I4
7 I5

Preferred from right
7 I5
6 I4
5 I3
4 I2
3 I1
2 I0
1 ??7
0 I7

Preferred from left
0 I7
1 ?07
2 I0
3 I1
4 I2
5 I3
6 I4
7 I5

Preferred
0 I7
1 ?07 ?70
2 I0
3 I1
4 I2
5 I3
6 I4
7 I5

Matching
0 I7
1 ?07 ?70 - Identity absent, NOT absent, Constant C0, AND absent, OR absent, XOR absent, AND-NOT absent, OR-NOT absent, XOR-NOT absent
2 I0
3 I1
4 I2
5 I3
6 I4
7 I5

Perfect match
Identity no
NOT no
Constant yes
AND no
OR no
XOR no
AND-NOT no
OR-NOT no
XOR-NOT no

Matched
0 I7
1 C0
2 I0
3 I1
4 I2
5 I3
6 I4
7 I5

Selected
0 I7
1 C0
2 I0
3 I1
4 I2
5 I3
6 I4
7 I5

Applying to 11110010
Input
0 1
1 1
2 1
3 1
4 0
5 0
6 1
7 0
Output
0 I7 = 0
1 C0 = 0
2 I0 = 1
3 I1 = 1
4 I2 = 1
5 I3 = 1
6 I4 = 0
7 I5 = 0

I will now return the answer in \boxed{}
The answer in \boxed{–} is \boxed{00111100}
[correct]
true
