[category]
bit_manipulation
[prompt]
In Alice's Wonderland, a secret bit manipulation rule transforms 8-bit binary numbers. The transformation involves operations like bit shifts, rotations, XOR, AND, OR, NOT, and possibly majority or choice functions.

Here are some examples of input -> output:
10000110 -> 01100000
10011100 -> 11001000
11101110 -> 11100110
01111001 -> 10010100
01111111 -> 11110111
11101100 -> 11000110
01001001 -> 10010100

Now, determine the output for: 00011101
[completion]
We need to deduce the transformation by matching the example outputs.
I will put my final answer inside \boxed{}.

Output 0: 01100000
0 0
1 1
2 1
3 0
4 0
5 0
6 0
7 0

Output 1: 11001000
0 1
1 1
2 0
3 0
4 1
5 0
6 0
7 0

Output 2: 11100110
0 1
1 1
2 1
3 0
4 0
5 1
6 1
7 0

Output 3: 10010100
0 1
1 0
2 0
3 1
4 0
5 1
6 0
7 0

Output 4: 11110111
0 1
1 1
2 1
3 1
4 0
5 1
6 1
7 1

Output 5: 11000110
0 1
1 1
2 0
3 0
4 0
5 1
6 1
7 0

Output 6: 10010100
0 1
1 0
2 0
3 1
4 0
5 1
6 0
7 0

Output bit columns (with bitsum as hash)
0 0111111 6
1 1110110 5
2 1010100 3
3 0001101 3
4 0100000 1
5 0011111 5
6 0010110 3
7 0000100 1

Input 0: 10000110
0 1
1 0
2 0
3 0
4 0
5 1
6 1
7 0

Input 1: 10011100
0 1
1 0
2 0
3 1
4 1
5 1
6 0
7 0

Input 2: 11101110
0 1
1 1
2 1
3 0
4 1
5 1
6 1
7 0

Input 3: 01111001
0 0
1 1
2 1
3 1
4 1
5 0
6 0
7 1

Input 4: 01111111
0 0
1 1
2 1
3 1
4 1
5 1
6 1
7 1

Input 5: 11101100
0 1
1 1
2 1
3 0
4 1
5 1
6 0
7 0

Input 6: 01001001
0 0
1 1
2 0
3 0
4 1
5 0
6 0
7 1

When matching output
x: not in operator
y: wrong position

Identity
0 1110010 4
1 0011111 5 match 5
2 0011110 4
3 0101100 3
4 0111111 6 match 0
5 1110110 5 match 1
6 1010100 3 match 2
7 0001101 3 match 3

Matching output
0 4
1 5
2 6
3 7
4 absent
5 1
6 absent
7 absent

Left
4 5 6 7 0x
Best: I4 5 6 7: 4

Right
none
Best: none

NOT
0 0001101 3 match 3
1 1100000 2
2 1100001 3
3 1010011 4
4 1000000 1
5 0001001 2
6 0101011 4
7 1110010 4

Matching output
0 absent
1 absent
2 absent
3 0
4 absent
5 absent
6 absent
7 absent

Left
none
Best: none

Right
none
Best: none

Constant
0 0000000 a
1 1111111 a

Matching output
0 absent
1 absent
2 absent
3 absent
4 absent
5 absent
6 absent
7 absent

Left
none
Best: none

Right
none
Best: none

AND
01 10 0010010 2
12 21 0011110 4
23 32 0001100 2
34 43 0101100 3
45 54 0110110 4
56 65 1010100 3 match 2
67 76 0000100 1 match 7
70 07 0000000 a

02 20 0010010 2
13 31 0001100 2
24 42 0011110 4
35 53 0100100 2
46 64 0010100 2
57 75 0000100 1 match 7
60 06 1010000 2
71 17 0001101 3 match 3

03 30 0100000 1 match 4
14 41 0011111 5 match 5
25 52 0010110 3 match 6
36 63 0000100 1 match 7
47 74 0001101 3 match 3
50 05 1110010 4
61 16 0010100 2
72 27 0001100 2

04 40 0110010 3
15 51 0010110 3 match 6
26 62 0010100 2
37 73 0001100 2

Matching output
0 absent
1 absent
2 56 65
3 71 17 47 74
4 03 30
5 14 41
6 25 52 15 51
7 67 76 57 75 36 63

Left
none
Best: none

Right
67 56y
76 65y
57 46x
75 64x
36 25 14 03 72x
63 52 41 30 27x
Best: AND36 25 14 03: 4

OR
01 10 1111111 a
12 21 0011111 5 match 5
23 32 0111110 5
34 43 0111111 6 match 0
45 54 1111111 a
56 65 1110110 5 match 1
67 76 1011101 5
70 07 1111111 a

02 20 1111110 6
13 31 0111111 6 match 0
24 42 0111111 6 match 0
35 53 1111110 6
46 64 1111111 a
57 75 1111111 a
60 06 1110110 5 match 1
71 17 0011111 5 match 5

03 30 1111110 6
14 41 0111111 6 match 0
25 52 1111110 6
36 63 1111100 5
47 74 0111111 6 match 0
50 05 1110110 5 match 1
61 16 1011111 6
72 27 0011111 5 match 5

04 40 1111111 a
15 51 1111111 a
26 62 1011110 5
37 73 0101101 4

Matching output
0 34 43 13 31 24 42 14 41 47 74
1 56 65 60 06 50 05
2 absent
3 absent
4 absent
5 12 21 71 17 72 27
6 absent
7 absent

Left
34 45x
43 54x
13 24y
31 42y
24 35x
42 53x
14 25x
41 52x
47 50 61x
74 05 16x
Best: OR47 50: 2

Right
none
Best: none

XOR
01 10 1101101 5
12 21 0000001 1
23 32 0110010 3
34 43 0010011 3
45 54 1001001 3
56 65 0100010 2
67 76 1011001 4
70 07 1111111 a

02 20 1101100 4
13 31 0110011 4
24 42 0100001 2
35 53 1011010 4
46 64 1101011 5
57 75 1111011 6
60 06 0100110 3
71 17 0010010 2

03 30 1011110 5
14 41 0100000 1 match 4
25 52 1101000 3
36 63 1111000 4
47 74 0110010 3
50 05 0000100 1 match 7
61 16 1001011 4
72 27 0010011 3

04 40 1001101 4
15 51 1101001 4
26 62 1001010 3
37 73 0100001 2

Matching output
0 absent
1 absent
2 absent
3 absent
4 14 41
5 absent
6 absent
7 50 05

Left
none
Best: none

Right
50 47x
05 74x
Best: XOR50: 1

AND-NOT
01 1100000 2
12 0000001 1
23 0010010 2
34 0000000 a
45 0001001 2
56 0100010 2
67 1010000 2
70 0001101 3 match 3

02 1100000 2
13 0010011 3
24 0000000 a
35 0001000 1
46 0101011 4
57 1110010 4
60 0000100 1 match 7
71 0000000 a

03 1010010 3
14 0000000 a
25 0001000 1
36 0101000 2
47 0110010 3
50 0000100 1 match 7
61 1000000 1
72 0000001 1

04 1000000 1
15 0001001 2
26 0001010 2
37 0100000 1 match 4
40 0001101 3 match 3
51 1100000 2
62 1000000 1
73 0000001 1

05 0000000 a
16 0001011 3
27 0010010 2
30 0001100 2
41 0100000 1 match 4
52 1100000 2
63 1010000 2
74 0000000 a

06 0100010 2
17 0010010 2
20 0001100 2
31 0100000 1 match 4
42 0100001 2
53 1010010 3
64 1000000 1
75 0001001 2

07 1110010 4
10 0001101 3 match 3
21 0000000 a
32 0100000 1 match 4
43 0010011 3
54 1000000 1
65 0000000 a
76 0001001 2

Matching output
0 absent
1 absent
2 absent
3 70 40 10
4 37 41 31 32
5 absent
6 absent
7 60 50

Left
none
Best: none

Right
60 57x
50 47x
Best: AND-NOT60: 1

OR-NOT
01 1110010 4
12 1111111 a
23 1011111 6
34 1101100 4
45 0111111 6 match 0
56 1111111 a
67 1110110 5 match 1
70 0001101 3 match 3

02 1110011 5
13 1011111 6
24 1011110 5
35 0101101 4
46 0111111 6 match 0
57 1110110 5 match 1
60 1011101 5
71 1101101 5

03 1110011 5
14 1011111 6
25 0011111 5 match 5
36 0101111 5
47 1111111 a
50 1111111 a
61 1110100 4
72 1101101 5

04 1110010 4
15 0011111 5 match 5
26 0111111 6 match 0
37 1111110 6
40 0111111 6 match 0
51 1110110 5 match 1
62 1110101 5
73 1011111 6

05 1111011 6
16 0111111 6 match 0
27 1111110 6
30 0101101 4
41 1111111 a
52 1110111 6
63 1010111 5
74 1001101 4

06 1111011 6
17 1111111 a
20 0011111 5 match 5
31 1101100 4
42 1111111 a
53 1110111 6
64 1010100 3 match 2
75 0001101 3 match 3

07 1110010 4
10 0011111 5 match 5
21 1111110 6
32 1101101 5
43 1111111 a
54 1110110 5 match 1
65 1011101 5
76 0101111 5

Matching output
0 45 46 26 40 16
1 67 57 51 54
2 64
3 70 75
4 absent
5 25 15 20 10
6 absent
7 absent

Left
45 56x
46 57 60x
26 37x
40 51 62x
16 27x
Best: OR-NOT46 57: 2

Right
none
Best: none

XOR-NOT
01 0010010 2
12 1111110 6
23 1001101 4
34 1101100 4
45 0110110 4
56 1011101 5
67 0100110 3
70 0000000 a

02 0010011 3
13 1001100 3
24 1011110 5
35 0100101 3
46 0010100 2
57 0000100 1 match 7
60 1011001 4
71 1101101 5

03 0100001 2
14 1011111 6
25 0010111 4
36 0000111 3
47 1001101 4
50 1111011 6
61 0110100 3
72 1101100 4

04 0110010 3
15 0010110 3 match 6
26 0110101 4
37 1011110 5
40 0110010 3
51 0010110 3 match 6
62 0110101 4
73 1011110 5

05 1111011 6
16 0110100 3
27 1101100 4
30 0100001 2
41 1011111 6
52 0010111 4
63 0000111 3
74 1001101 4

06 1011001 4
17 1101101 5
20 0010011 3
31 1001100 3
42 1011110 5
53 0100101 3
64 0010100 2
75 0000100 1 match 7

07 0000000 a
10 0010010 2
21 1111110 6
32 1001101 4
43 1101100 4
54 0110110 4
65 1011101 5
76 0100110 3

Matching output
0 absent
1 absent
2 absent
3 absent
4 absent
5 absent
6 15 51
7 57 75

Left
none
Best: none

Right
57 46x
75 64x
Best: XOR-NOT57: 1

Selecting

Lefts
Identity I4 5 6 7: 4
NOT none
Constant none
AND none
OR OR47 50: 2
XOR none
AND-NOT none
OR-NOT OR-NOT46 57: 2
XOR-NOT none

Rights
Identity none
NOT none
Constant none
AND AND36 25 14 03: 4
OR none
XOR XOR50: 1
AND-NOT AND-NOT60: 1
OR-NOT none
XOR-NOT XOR-NOT57: 1

Left longest: 4
Right longest: 4

Left winner: Identity yes, NOT no, Constant no, AND no, OR no, XOR no, AND-NOT no, OR-NOT no, XOR-NOT no
Right winner: Identity no, NOT no, Constant no, AND yes, OR no, XOR no, AND-NOT no, OR-NOT no, XOR-NOT no

Best left: I4 5 6 7: 4
Best right: AND36 25 14 03: 4

Truncated left: I4 5 6 7: 4
Truncated right: AND36 25 14 03: 4

Tentative from right
7 AND36
6 AND25
5 AND14
4 AND03
3 pending
2 pending
1 pending
0 pending

Tentative
0 I4
1 I5
2 I6
3 I7
4 AND03
5 AND14
6 AND25
7 AND36

Preferred from left
0 I4
1 I5
2 I6
3 I7
4 AND03
5 AND14
6 AND25
7 AND36

Preferred from right
7 AND36
6 AND25
5 AND14
4 AND03
3 I7
2 I6
1 I5
0 I4

Preferred
0 I4
1 I5
2 I6
3 I7
4 AND03
5 AND14
6 AND25
7 AND36

Matching
0 I4
1 I5
2 I6
3 I7
4 AND03
5 AND14
6 AND25
7 AND36

Perfect match
Identity no
NOT no
Constant no
AND no
OR no
XOR no
AND-NOT no
OR-NOT no
XOR-NOT no

Matched
0 I4
1 I5
2 I6
3 I7
4 AND03
5 AND14
6 AND25
7 AND36

Selected
0 I4
1 I5
2 I6
3 I7
4 AND03
5 AND14
6 AND25
7 AND36

Applying to 00011101
Input
0 0
1 0
2 0
3 1
4 1
5 1
6 0
7 1
Output
0 I4 = 1
1 I5 = 1
2 I6 = 0
3 I7 = 1
4 AND03 = AND(0,1) = 0
5 AND14 = AND(0,1) = 0
6 AND25 = AND(0,1) = 0
7 AND36 = AND(1,0) = 0

I will now return the answer in \boxed{}
The answer in \boxed{–} is \boxed{11010000}
[correct]
true
