[category]
bit_manipulation
[prompt]
In Alice's Wonderland, a secret bit manipulation rule transforms 8-bit binary numbers. The transformation involves operations like bit shifts, rotations, XOR, AND, OR, NOT, and possibly majority or choice functions.

Here are some examples of input -> output:
10100010 -> 10101000
00101111 -> 11111011
10000100 -> 01100001
10010110 -> 11100101
01111100 -> 11011111
10000000 -> 00100000
01010001 -> 01010100
01110011 -> 11111100

Now, determine the output for: 11101011
[completion]
We need to deduce the transformation by matching the example outputs.
I will put my final answer inside \boxed{}.

Output 0: 10101000
0 1
1 0
2 1
3 0
4 1
5 0
6 0
7 0

Output 1: 11111011
0 1
1 1
2 1
3 1
4 1
5 0
6 1
7 1

Output 2: 01100001
0 0
1 1
2 1
3 0
4 0
5 0
6 0
7 1

Output 3: 11100101
0 1
1 1
2 1
3 0
4 0
5 1
6 0
7 1

Output 4: 11011111
0 1
1 1
2 0
3 1
4 1
5 1
6 1
7 1

Output 5: 00100000
0 0
1 0
2 1
3 0
4 0
5 0
6 0
7 0

Output 6: 01010100
0 0
1 1
2 0
3 1
4 0
5 1
6 0
7 0

Output 7: 11111100
0 1
1 1
2 1
3 1
4 1
5 1
6 0
7 0

Output bit columns (with bitsum as hash)
0 11011001 5
1 01111011 6
2 11110101 6
3 01001011 4
4 11001001 4
5 00011011 4
6 01001000 2
7 01111000 4

Input 0: 10100010
0 1
1 0
2 1
3 0
4 0
5 0
6 1
7 0

Input 1: 00101111
0 0
1 0
2 1
3 0
4 1
5 1
6 1
7 1

Input 2: 10000100
0 1
1 0
2 0
3 0
4 0
5 1
6 0
7 0

Input 3: 10010110
0 1
1 0
2 0
3 1
4 0
5 1
6 1
7 0

Input 4: 01111100
0 0
1 1
2 1
3 1
4 1
5 1
6 0
7 0

Input 5: 10000000
0 1
1 0
2 0
3 0
4 0
5 0
6 0
7 0

Input 6: 01010001
0 0
1 1
2 0
3 1
4 0
5 0
6 0
7 1

Input 7: 01110011
0 0
1 1
2 1
3 1
4 0
5 0
6 1
7 1

When matching output
x: not in operator
y: wrong position

Identity
0 10110100 4
1 00001011 3
2 11001001 4 match 4
3 00011011 4 match 5
4 01001000 2 match 6
5 01111000 4 match 7
6 11010001 4
7 01000011 3

Matching output
0 absent
1 absent
2 absent
3 absent
4 2
5 3
6 4
7 5

Left
none
Best: none

Right
5 4 3 2 1x
Best: I5 4 3 2: 4

NOT
0 01001011 4 match 3
1 11110100 5
2 00110110 4
3 11100100 4
4 10110111 6
5 10000111 4
6 00101110 4
7 10111100 5

Matching output
0 absent
1 absent
2 absent
3 0
4 absent
5 absent
6 absent
7 absent

Left
none
Best: none

Right
none
Best: none

Constant
0 00000000 a
1 11111111 a

Matching output
0 absent
1 absent
2 absent
3 absent
4 absent
5 absent
6 absent
7 absent

Left
none
Best: none

Right
none
Best: none

AND
01 10 00000000 a
12 21 00001001 2
23 32 00001001 2
34 43 00001000 1
45 54 01001000 2 match 6
56 65 01010000 2
67 76 01000001 2
70 07 00000000 a

02 20 10000000 1
13 31 00001011 3
24 42 01001000 2 match 6
35 53 00011000 2
46 64 01000000 1
57 75 01000000 1
60 06 10010000 2
71 17 00000011 2

03 30 00010000 1
14 41 00001000 1
25 52 01001000 2 match 6
36 63 00010001 2
47 74 01000000 1
50 05 00110000 2
61 16 00000001 1
72 27 01000001 2

04 40 00000000 a
15 51 00001000 1
26 62 11000001 3
37 73 00000011 2

Matching output
0 absent
1 absent
2 absent
3 absent
4 absent
5 absent
6 45 54 24 42 25 52
7 absent

Left
none
Best: none

Right
none
Best: none

OR
01 10 10111111 7
12 21 11001011 5
23 32 11011011 6
34 43 01011011 5
45 54 01111000 4 match 7
56 65 11111001 6
67 76 11010011 5
70 07 11110111 7

02 20 11111101 7
13 31 00011011 4 match 5
24 42 11001001 4 match 4
35 53 01111011 6 match 1
46 64 11011001 5 match 0
57 75 01111011 6 match 1
60 06 11110101 6 match 2
71 17 01001011 4 match 3

03 30 10111111 7
14 41 01001011 4 match 3
25 52 11111001 6
36 63 11011011 6
47 74 01001011 4 match 3
50 05 11111100 6
61 16 11011011 6
72 27 11001011 5

04 40 11111100 6
15 51 01111011 6 match 1
26 62 11011001 5 match 0
37 73 01011011 5

Matching output
0 46 64 26 62
1 35 53 57 75 15 51
2 60 06
3 71 17 14 41 47 74
4 24 42
5 13 31
6 absent
7 45 54

Left
46 57 60 71 02x
64 75 06 17 20x
26 37x
62 73x
Best: OR46 57 60 71: 4

Right
45 34x
54 43x
Best: OR45: 1

XOR
01 10 10111111 7
12 21 11000010 3
23 32 11010010 4
34 43 01010011 4
45 54 00110000 2
56 65 10101001 4
67 76 10010010 3
70 07 11110111 7

02 20 01111101 6
13 31 00010000 1
24 42 10000001 2
35 53 01100011 4
46 64 10011001 4
57 75 00111011 5
60 06 01100101 4
71 17 01001000 2 match 6

03 30 10101111 6
14 41 01000011 3
25 52 10110001 4
36 63 11001010 4
47 74 00001011 3
50 05 11001100 4
61 16 11011010 5
72 27 10001010 3

04 40 11111100 6
15 51 01110011 5
26 62 00011000 2
37 73 01011000 3

Matching output
0 absent
1 absent
2 absent
3 absent
4 absent
5 absent
6 71 17
7 absent

Left
none
Best: none

Right
none
Best: none

AND-NOT
01 10110100 4
12 00000010 1
23 11000000 2
34 00010011 3
45 00000000 a
56 00101000 2
67 10010000 2
70 01000011 3

02 00110100 3
13 00000000 a
24 10000001 2
35 00000011 2
46 00001000 1
57 00111000 3
60 01000001 2
71 01000000 1

03 10100100 3
14 00000011 2
25 10000001 2
36 00001010 2
47 00001000 1
50 01001000 2 match 6
61 11010000 3
72 00000010 1

04 10110100 4
15 00000011 2
26 00001000 1
37 00011000 2
40 01001000 2 match 6
51 01110000 3
62 00010000 1
73 01000000 1

05 10000100 2
16 00001010 2
27 10001000 2
30 00001011 3
41 01000000 1
52 00110000 2
63 11000000 2
74 00000011 2

06 00100100 2
17 00001000 1
20 01001001 3
31 00010000 1
42 00000000 a
53 01100000 2
64 10010001 3
75 00000011 2

07 10110100 4
10 00001011 3
21 11000000 2
32 00010010 2
43 01000000 1
54 00110000 2
65 10000001 2
76 00000010 1

Matching output
0 absent
1 absent
2 absent
3 absent
4 absent
5 absent
6 50 40
7 absent

Left
none
Best: none

Right
none
Best: none

OR-NOT
01 11110100 5
12 00111111 6
23 11101101 6
34 10111111 7
45 11001111 6
56 01111110 6
67 11111101 7
70 01001011 4 match 3

02 10110110 5
13 11101111 7
24 11111111 a
35 10011111 6
46 01101110 5
57 11111100 6
60 11011011 6
71 11110111 7

03 11110100 5
14 10111111 7
25 11001111 6
36 00111111 6
47 11111100 6
50 01111011 6 match 1
61 11110101 6 match 2
72 01110111 6

04 10110111 6
15 10001111 5
26 11101111 7
37 10111111 7
40 01001011 4 match 3
51 11111100 6
62 11110111 7
73 11100111 6

05 10110111 6
16 00101111 5
27 11111101 7
30 01011011 5
41 11111100 6
52 01111110 6
63 11110101 6 match 2
74 11110111 7

06 10111110 6
17 10111111 7
20 11001011 5
31 11111111 a
42 01111110 6
53 11111100 6
64 11110111 7
75 11000111 5

07 10111100 5
10 01001011 4 match 3
21 11111101 7
32 00111111 6
43 11101100 5
54 11111111 a
65 11010111 6
76 01101111 6

Matching output
0 absent
1 50
2 61 63
3 70 40 10
4 absent
5 absent
6 absent
7 absent

Left
none
Best: none

Right
none
Best: none

XOR-NOT
01 01000000 1
12 00111101 5
23 00101101 4
34 10101100 4
45 11001111 6
56 01010110 4
67 01101101 5
70 00001000 1

02 10000010 2
13 11101111 7
24 01111110 6
35 10011100 4
46 01100110 4
57 11000100 3
60 10011010 4
71 10110111 6

03 01010000 2
14 10111100 5
25 01001110 4
36 00110101 4
47 11110100 5
50 00110011 4
61 00100101 3
72 01110101 5

04 00000011 2
15 10001100 3
26 11100111 6
37 10100111 5
40 00000011 2
51 10001100 3
62 11100111 6
73 10100111 5

05 00110011 4
16 00100101 3
27 01110101 5
30 01010000 2
41 10111100 5
52 01001110 4
63 00110101 4
74 11110100 5

06 10011010 4
17 10110111 6
20 10000010 2
31 11101111 7
42 01111110 6
53 10011100 4
64 01100110 4
75 11000100 3

07 00001000 1
10 01000000 1
21 00111101 5
32 00101101 4
43 10101100 4
54 11001111 6
65 01010110 4
76 01101101 5

Matching output
0 absent
1 absent
2 absent
3 absent
4 absent
5 absent
6 absent
7 absent

Left
none
Best: none

Right
none
Best: none

Selecting

Lefts
Identity none
NOT none
Constant none
AND none
OR OR46 57 60 71: 4
XOR none
AND-NOT none
OR-NOT none
XOR-NOT none

Rights
Identity I5 4 3 2: 4
NOT none
Constant none
AND none
OR OR45: 1
XOR none
AND-NOT none
OR-NOT none
XOR-NOT none

Left longest: 4
Right longest: 4

Left winner: Identity no, NOT no, Constant no, AND no, OR yes, XOR no, AND-NOT no, OR-NOT no, XOR-NOT no
Right winner: Identity yes, NOT no, Constant no, AND no, OR no, XOR no, AND-NOT no, OR-NOT no, XOR-NOT no

Best left: OR46 57 60 71: 4
Best right: I5 4 3 2: 4

Truncated left: OR46 57 60 71: 4
Truncated right: I5 4 3 2: 4

Tentative from right
7 I5
6 I4
5 I3
4 I2
3 pending
2 pending
1 pending
0 pending

Tentative
0 OR46
1 OR57
2 OR60
3 OR71
4 I2
5 I3
6 I4
7 I5

Preferred from left
0 OR46
1 OR57
2 OR60
3 OR71
4 I2
5 I3
6 I4
7 I5

Preferred from right
7 I5
6 I4
5 I3
4 I2
3 OR71
2 OR60
1 OR57
0 OR46

Preferred
0 OR46
1 OR57
2 OR60
3 OR71
4 I2
5 I3
6 I4
7 I5

Matching
0 OR46
1 OR57
2 OR60
3 OR71
4 I2
5 I3
6 I4
7 I5

Perfect match
Identity no
NOT no
Constant no
AND no
OR no
XOR no
AND-NOT no
OR-NOT no
XOR-NOT no

Matched
0 OR46
1 OR57
2 OR60
3 OR71
4 I2
5 I3
6 I4
7 I5

Selected
0 OR46
1 OR57
2 OR60
3 OR71
4 I2
5 I3
6 I4
7 I5

Applying to 11101011
Input
0 1
1 1
2 1
3 0
4 1
5 0
6 1
7 1
Output
0 OR46 = OR(1,1) = 1
1 OR57 = OR(0,1) = 1
2 OR60 = OR(1,1) = 1
3 OR71 = OR(1,1) = 1
4 I2 = 1
5 I3 = 0
6 I4 = 1
7 I5 = 0

I will now return the answer in \boxed{}
The answer in \boxed{–} is \boxed{11111010}
[correct]
true
