[category]
bit_manipulation
[prompt]
In Alice's Wonderland, a secret bit manipulation rule transforms 8-bit binary numbers. The transformation involves operations like bit shifts, rotations, XOR, AND, OR, NOT, and possibly majority or choice functions.

Here are some examples of input -> output:
11000101 -> 10001010
10101000 -> 00010000
11001000 -> 00010001
01100101 -> 10001000
11110010 -> 01000110
01000100 -> 10001000
10101100 -> 00010000
00111100 -> 00000000
11010000 -> 00000010
11001010 -> 00010001

Now, determine the output for: 00010000
[completion]
We need to deduce the transformation by matching the example outputs.
I will put my final answer inside \boxed{}.

Output 0: 10001010
0 1
1 0
2 0
3 0
4 1
5 0
6 1
7 0

Output 1: 00010000
0 0
1 0
2 0
3 1
4 0
5 0
6 0
7 0

Output 2: 00010001
0 0
1 0
2 0
3 1
4 0
5 0
6 0
7 1

Output 3: 10001000
0 1
1 0
2 0
3 0
4 1
5 0
6 0
7 0

Output 4: 01000110
0 0
1 1
2 0
3 0
4 0
5 1
6 1
7 0

Output 5: 10001000
0 1
1 0
2 0
3 0
4 1
5 0
6 0
7 0

Output 6: 00010000
0 0
1 0
2 0
3 1
4 0
5 0
6 0
7 0

Output 7: 00000000
0 0
1 0
2 0
3 0
4 0
5 0
6 0
7 0

Output 8: 00000010
0 0
1 0
2 0
3 0
4 0
5 0
6 1
7 0

Output 9: 00010001
0 0
1 0
2 0
3 1
4 0
5 0
6 0
7 1

Output bit columns (with bitsum as hash)
0 1001010000 3
1 0000100000 1
2 0000000000 a
3 0110001001 4
4 1001010000 3
5 0000100000 1
6 1000100010 3
7 0010000001 2

Input 0: 11000101
0 1
1 1
2 0
3 0
4 0
5 1
6 0
7 1

Input 1: 10101000
0 1
1 0
2 1
3 0
4 1
5 0
6 0
7 0

Input 2: 11001000
0 1
1 1
2 0
3 0
4 1
5 0
6 0
7 0

Input 3: 01100101
0 0
1 1
2 1
3 0
4 0
5 1
6 0
7 1

Input 4: 11110010
0 1
1 1
2 1
3 1
4 0
5 0
6 1
7 0

Input 5: 01000100
0 0
1 1
2 0
3 0
4 0
5 1
6 0
7 0

Input 6: 10101100
0 1
1 0
2 1
3 0
4 1
5 1
6 0
7 0

Input 7: 00111100
0 0
1 0
2 1
3 1
4 1
5 1
6 0
7 0

Input 8: 11010000
0 1
1 1
2 0
3 1
4 0
5 0
6 0
7 0

Input 9: 11001010
0 1
1 1
2 0
3 0
4 1
5 0
6 1
7 0

When matching output
x: not in operator
y: wrong position

Identity
0 1110101011 7
1 1011110011 7
2 0101101100 5
3 0000100110 3
4 0110001101 5
5 1001011100 5
6 0000100001 2
7 1001000000 2

Matching output
0 absent
1 absent
2 absent
3 absent
4 absent
5 absent
6 absent
7 absent

Left
none
Best: none

Right
none
Best: none

NOT
0 0001010100 3
1 0100001100 3
2 1010010011 5
3 1111011001 7
4 1001110010 5
5 0110100011 5
6 1111011110 8
7 0110111111 8

Matching output
0 absent
1 absent
2 absent
3 absent
4 absent
5 absent
6 absent
7 absent

Left
none
Best: none

Right
none
Best: none

Constant
0 0000000000 a match 2
1 1111111111 a

Matching output
0 absent
1 absent
2 C0
3 absent
4 absent
5 absent
6 absent
7 absent

Left
none
Best: none

Right
none
Best: none

AND
01 10 1010100011 5
12 21 0001100000 2
23 32 0000100100 2
34 43 0000000100 1
45 54 0000001100 2
56 65 0000000000 a match 2
67 76 0000000000 a match 2
70 07 1000000000 1

02 20 0100101000 3
13 31 0000100010 2
24 42 0100001100 3
35 53 0000000100 1
46 64 0000000001 1
57 75 1001000000 2
60 06 0000100001 2
71 17 1001000000 2

03 30 0000100010 2
14 41 0010000001 2 match 7
25 52 0001001100 3
36 63 0000100000 1 match 1 5
47 74 0000000000 a match 2
50 05 1000001000 2
61 16 0000100001 2
72 27 0001000000 1

04 40 0110001001 4 match 3
15 51 1001010000 3 match 0 4
26 62 0000100000 1 match 1 5
37 73 0000000000 a match 2

Matching output
0 15 51
1 36 63 26 62
2 56 65 67 76 47 74 37 73
3 04 40
4 15 51
5 36 63 26 62
6 absent
7 14 41

Left
15 26 37 40 51 62 73y
51 62 73 04 15 26 37y
Best: AND15 26 37 40 51 62: 6

Right
14 03x
41 30x
Best: AND14: 1

OR
01 10 1111111011 9
12 21 1111111111 a
23 32 0101101110 6
34 43 0110101111 7
45 54 1111011101 8
56 65 1001111101 7
67 76 1001100001 4
70 07 1111101011 8

02 20 1111101111 9
13 31 1011110111 8
24 42 0111101101 7
35 53 1001111110 7
46 64 0110101101 6
57 75 1001011100 5
60 06 1110101011 7
71 17 1011110011 7

03 30 1110101111 8
14 41 1111111111 a
25 52 1101111100 7
36 63 0000100111 4
47 74 1111001101 7
50 05 1111111111 a
61 16 1011110011 7
72 27 1101101100 6

04 40 1110101111 8
15 51 1011111111 9
26 62 0101101101 6
37 73 1001100110 5

Matching output
0 absent
1 absent
2 absent
3 absent
4 absent
5 absent
6 absent
7 absent

Left
none
Best: none

Right
none
Best: none

XOR
01 10 0101011000 4
12 21 1110011111 8
23 32 0101001010 4
34 43 0110101011 6
45 54 1111010001 6
56 65 1001111101 7
67 76 1001100001 4
70 07 0111101011 7

02 20 1011000111 6
13 31 1011010101 6
24 42 0011100001 4
35 53 1001111010 6
46 64 0110101100 5
57 75 0000011100 3
60 06 1110001010 5
71 17 0010110011 5

03 30 1110001101 6
14 41 1101111110 8
25 52 1100110000 4
36 63 0000000111 3
47 74 1111001101 7
50 05 0111110111 8
61 16 1011010010 5
72 27 1100101100 5

04 40 1000100110 4
15 51 0010101111 6
26 62 0101001101 5
37 73 1001100110 5

Matching output
0 absent
1 absent
2 absent
3 absent
4 absent
5 absent
6 absent
7 absent

Left
none
Best: none

Right
none
Best: none

AND-NOT
01 0100001000 2
12 1010010011 5
23 0101001000 3
34 0000100010 2
45 0110000001 3
56 1001011100 5
67 0000100001 2
70 0001000000 1

02 1010000011 4
13 1011010001 5
24 0001100000 2
35 0000100010 2
46 0110001100 4
57 0000011100 3
60 0000000000 a match 2
71 0000000000 a match 2

03 1110001001 5
14 1001110010 5
25 0100100000 2
36 0000000110 2
47 0110001101 5
50 0001010100 3
61 0000000000 a match 2
72 1000000000 1

04 1000100010 3 match 6
15 0010100011 4
26 0101001100 4
37 0000100110 3
40 0000000100 1
51 0000001100 2
62 0000000001 1
73 1001000000 2

05 0110100011 5
16 1011010010 5
27 0100101100 4
30 0000000100 1
41 0100001100 3
52 1000010000 2
63 0000000001 1
74 1001000000 2

06 1110001010 5
17 0010110011 5
20 0001000100 2
31 0000000100 1
42 0010000001 2 match 7
53 1001011000 4
64 0000100000 1 match 1 5
75 0000000000 a match 2

07 0110101011 6
10 0001010000 2
21 0100001100 3
32 0000000010 1
43 0110001001 4 match 3
54 1001010000 3 match 0 4
65 0000100001 2
76 1001000000 2

Matching output
0 54
1 64
2 60 71 61 75
3 43
4 54
5 64
6 04
7 42

Left
54 65x
Best: AND-NOT54: 1

Right
42 31x
Best: AND-NOT42: 1

OR-NOT
01 1110101111 8
12 1011110011 7
23 1111111101 9
34 1001110110 6
45 0110101111 7
56 1111011110 8
67 0110111111 8
70 1001010100 4

02 1110111011 8
13 1111111011 9
24 1101111110 8
35 0110100111 6
46 1111011111 9
57 1111111111 a
60 0001110101 5
71 1101001100 5

03 1111111011 9
14 1011110011 7
25 0111101111 8
36 1111111110 9
47 0110111111 8
50 1001011100 5
61 0100101101 5
72 1011010011 6

04 1111111011 9
15 1111110011 8
26 1111111110 9
37 0110111111 8
40 0111011101 7
51 1101011100 6
62 1010110011 6
73 1111011001 7

05 1110101011 7
16 1111111111 a
27 0111111111 9
30 0001110110 5
41 0110001101 5
52 1011011111 8
63 1111111001 8
74 1001110010 5

06 1111111111 a
17 1111111111 a
20 0101111100 6
31 0100101110 5
42 1110011111 8
53 1111011101 8
64 1001110011 6
75 1111100011 7

07 1110111111 9
10 1011110111 8
21 0101101100 5
32 1010110111 7
43 1111011101 8
54 1001111110 7
65 0110100011 5
76 1111011110 8

Matching output
0 absent
1 absent
2 absent
3 absent
4 absent
5 absent
6 absent
7 absent

Left
none
Best: none

Right
none
Best: none

XOR-NOT
01 1010100111 6
12 0001100000 2
23 1010110101 6
34 1001010100 4
45 0000101110 4
56 0110000010 3
67 0110011110 6
70 1000010100 3

02 0100111000 4
13 0100101010 4
24 1100011110 6
35 0110000101 4
46 1001010011 5
57 1111100011 7
60 0001110101 5
71 1101001100 5

03 0001110010 4
14 0010000001 2 match 7
25 0011001111 6
36 1111111000 7
47 0000110010 3
50 1000001000 2
61 0100101101 5
72 0011010011 5

04 0111011001 6
15 1101010000 4
26 1010110010 5
37 0110011001 5
40 0111011001 6
51 1101010000 4
62 1010110010 5
73 0110011001 5

05 1000001000 2
16 0100101101 5
27 0011010011 5
30 0001110010 4
41 0010000001 2 match 7
52 0011001111 6
63 1111111000 7
74 0000110010 3

06 0001110101 5
17 1101001100 5
20 0100111000 4
31 0100101010 4
42 1100011110 6
53 0110000101 4
64 1001010011 5
75 1111100011 7

07 1000010100 3
10 1010100111 6
21 0001100000 2
32 1010110101 6
43 1001010100 4
54 0000101110 4
65 0110000010 3
76 0110011110 6

Matching output
0 absent
1 absent
2 absent
3 absent
4 absent
5 absent
6 absent
7 14 41

Left
none
Best: none

Right
14 03x
41 30x
Best: XOR-NOT14: 1

Selecting

Lefts
Identity none
NOT none
Constant none
AND AND15 26 37 40 51 62: 6
OR none
XOR none
AND-NOT AND-NOT54: 1
OR-NOT none
XOR-NOT none

Rights
Identity none
NOT none
Constant none
AND AND14: 1
OR none
XOR none
AND-NOT AND-NOT42: 1
OR-NOT none
XOR-NOT XOR-NOT14: 1

Left longest: 6
Right longest: 1

Left winner: Identity no, NOT no, Constant no, AND yes, OR no, XOR no, AND-NOT no, OR-NOT no, XOR-NOT no
Right winner: Identity no, NOT no, Constant no, AND yes, OR no, XOR no, AND-NOT no, OR-NOT no, XOR-NOT no

Best left: AND15 26 37 40 51 62: 6
Best right: AND14: 1

Truncated left: AND15 26 37 40 51 62: 6
Truncated right: AND14: 1

Tentative from right
7 AND14
6 pending
5 pending
4 pending
3 pending
2 pending
1 pending
0 pending

Tentative
0 AND15
1 AND26
2 AND37
3 AND40
4 AND51
5 AND62
6 pending
7 AND14

Preferred from left
0 AND15
1 AND26
2 AND37
3 AND40
4 AND51
5 AND62
6 ?73
7 AND14

Preferred from right
7 AND14
6 ?73
5 AND62
4 AND51
3 AND40
2 AND37
1 AND26
0 AND15

Preferred
0 AND15
1 AND26
2 AND37
3 AND40
4 AND51
5 AND62
6 ?73 ?37
7 AND14

Matching
0 AND15
1 AND26
2 AND37
3 AND40
4 AND51
5 AND62
6 ?73 ?37 - Identity absent, NOT absent, Constant absent, AND absent, OR absent, XOR absent, AND-NOT absent, OR-NOT absent, XOR-NOT absent
7 AND14

Perfect match
Identity no
NOT no
Constant no
AND no
OR no
XOR no
AND-NOT no
OR-NOT no
XOR-NOT no

Matched
0 AND15
1 AND26
2 AND37
3 AND40
4 AND51
5 AND62
6 none
7 AND14

Selected
0 AND15
1 AND26
2 AND37
3 AND40
4 AND51
5 AND62
6 default 1
7 AND14

Applying to 00010000
Input
0 0
1 0
2 0
3 1
4 0
5 0
6 0
7 0
Output
0 AND15 = AND(0,0) = 0
1 AND26 = AND(0,0) = 0
2 AND37 = AND(1,0) = 0
3 AND40 = AND(0,0) = 0
4 AND51 = AND(0,0) = 0
5 AND62 = AND(0,0) = 0
6 default 1 = 1
7 AND14 = AND(0,0) = 0

I will now return the answer in \boxed{}
The answer in \boxed{–} is \boxed{00000010}
[correct]
false
