[category]
bit_manipulation
[prompt]
In Alice's Wonderland, a secret bit manipulation rule transforms 8-bit binary numbers. The transformation involves operations like bit shifts, rotations, XOR, AND, OR, NOT, and possibly majority or choice functions.

Here are some examples of input -> output:
10100100 -> 11111111
10010111 -> 10111111
10101011 -> 10111111
00000110 -> 01111111
11101100 -> 11111111
01110000 -> 11111111
11000000 -> 11111111

Now, determine the output for: 01101000
[completion]
We need to deduce the transformation by matching the example outputs.
I will put my final answer inside \boxed{}.

Output 0: 11111111
0 1
1 1
2 1
3 1
4 1
5 1
6 1
7 1

Output 1: 10111111
0 1
1 0
2 1
3 1
4 1
5 1
6 1
7 1

Output 2: 10111111
0 1
1 0
2 1
3 1
4 1
5 1
6 1
7 1

Output 3: 01111111
0 0
1 1
2 1
3 1
4 1
5 1
6 1
7 1

Output 4: 11111111
0 1
1 1
2 1
3 1
4 1
5 1
6 1
7 1

Output 5: 11111111
0 1
1 1
2 1
3 1
4 1
5 1
6 1
7 1

Output 6: 11111111
0 1
1 1
2 1
3 1
4 1
5 1
6 1
7 1

Output bit columns (with bitsum as hash)
0 1110111 6
1 1001111 5
2 1111111 a
3 1111111 a
4 1111111 a
5 1111111 a
6 1111111 a
7 1111111 a

Input 0: 10100100
0 1
1 0
2 1
3 0
4 0
5 1
6 0
7 0

Input 1: 10010111
0 1
1 0
2 0
3 1
4 0
5 1
6 1
7 1

Input 2: 10101011
0 1
1 0
2 1
3 0
4 1
5 0
6 1
7 1

Input 3: 00000110
0 0
1 0
2 0
3 0
4 0
5 1
6 1
7 0

Input 4: 11101100
0 1
1 1
2 1
3 0
4 1
5 1
6 0
7 0

Input 5: 01110000
0 0
1 1
2 1
3 1
4 0
5 0
6 0
7 0

Input 6: 11000000
0 1
1 1
2 0
3 0
4 0
5 0
6 0
7 0

When matching output
x: not in operator
y: wrong position

Identity
0 1110101 5
1 0000111 3
2 1010110 4
3 0100010 2
4 0010100 2
5 1101100 4
6 0111000 3
7 0110000 2

Matching output
0 absent
1 absent
2 absent
3 absent
4 absent
5 absent
6 absent
7 absent

Left
none
Best: none

Right
none
Best: none

NOT
0 0001010 2
1 1111000 4
2 0101001 3
3 1011101 5
4 1101011 5
5 0010011 3
6 1000111 4
7 1001111 5 match 1

Matching output
0 absent
1 7
2 absent
3 absent
4 absent
5 absent
6 absent
7 absent

Left
none
Best: none

Right
none
Best: none

Constant
0 0000000 a
1 1111111 a match 2 3 4 5 6 7

Matching output
0 absent
1 absent
2 C1
3 C1
4 C1
5 C1
6 C1
7 C1

Left
none
Best: none

Right
1 1 1 1 1 1
Best: C1 1 1 1 1 1: 6

AND
01 10 0000101 2
12 21 0000110 2
23 32 0000010 1
34 43 0000000 a
45 54 0000100 1
56 65 0101000 2
67 76 0110000 2
70 07 0110000 2

02 20 1010100 3
13 31 0000010 1
24 42 0010100 2
35 53 0100000 1
46 64 0010000 1
57 75 0100000 1
60 06 0110000 2
71 17 0000000 a

03 30 0100000 1
14 41 0000100 1
25 52 1000100 2
36 63 0100000 1
47 74 0010000 1
50 05 1100100 3
61 16 0000000 a
72 27 0010000 1

04 40 0010100 2
15 51 0000100 1
26 62 0010000 1
37 73 0100000 1

Matching output
0 absent
1 absent
2 absent
3 absent
4 absent
5 absent
6 absent
7 absent

Left
none
Best: none

Right
none
Best: none

OR
01 10 1110111 6 match 0
12 21 1010111 5
23 32 1110110 5
34 43 0110110 4
45 54 1111100 5
56 65 1111100 5
67 76 0111000 3
70 07 1110101 5

02 20 1110111 6 match 0
13 31 0100111 4
24 42 1010110 4
35 53 1101110 5
46 64 0111100 4
57 75 1111100 5
60 06 1111101 6
71 17 0110111 5

03 30 1110111 6 match 0
14 41 0010111 4
25 52 1111110 6
36 63 0111010 4
47 74 0110100 3
50 05 1111101 6
61 16 0111111 6
72 27 1110110 5

04 40 1110101 5
15 51 1101111 6
26 62 1111110 6
37 73 0110010 3

Matching output
0 01 10 02 20 03 30
1 absent
2 absent
3 absent
4 absent
5 absent
6 absent
7 absent

Left
01 12x
10 21x
02 13x
20 31x
03 14x
30 41x
Best: OR01: 1

Right
none
Best: none

XOR
01 10 1110010 4
12 21 1010001 3
23 32 1110100 4
34 43 0110110 4
45 54 1111000 4
56 65 1010100 3
67 76 0001000 1
70 07 1000101 3

02 20 0100011 3
13 31 0100101 3
24 42 1000010 2
35 53 1001110 4
46 64 0101100 3
57 75 1011100 4
60 06 1001101 4
71 17 0110111 5

03 30 1010111 5
14 41 0010011 3
25 52 0111010 4
36 63 0011010 3
47 74 0100100 2
50 05 0011001 3
61 16 0111111 6
72 27 1100110 4

04 40 1100001 3
15 51 1101011 5
26 62 1101110 5
37 73 0010010 2

Matching output
0 absent
1 absent
2 absent
3 absent
4 absent
5 absent
6 absent
7 absent

Left
none
Best: none

Right
none
Best: none

AND-NOT
01 1110000 3
12 0000001 1
23 1010100 3
34 0100010 2
45 0010000 1
56 1000100 2
67 0001000 1
70 0000000 a

02 0100001 2
13 0000101 2
24 1000010 2
35 0000010 1
46 0000100 1
57 1001100 3
60 0001000 1
71 0110000 2

03 1010101 4
14 0000011 2
25 0010010 2
36 0000010 1
47 0000100 1
50 0001000 1
61 0111000 3
72 0100000 1

04 1100001 3
15 0000011 2
26 1000110 3
37 0000010 1
40 0000000 a
51 1101000 3
62 0101000 2
73 0010000 1

05 0010001 2
16 0000111 3
27 1000110 3
30 0000010 1
41 0010000 1
52 0101000 2
63 0011000 2
74 0100000 1

06 1000101 3
17 0000111 3
20 0000010 1
31 0100000 1
42 0000000 a
53 1001100 3
64 0101000 2
75 0010000 1

07 1000101 3
10 0000010 1
21 1010000 2
32 0100000 1
43 0010100 2
54 1101000 3
65 0010000 1
76 0000000 a

Matching output
0 absent
1 absent
2 absent
3 absent
4 absent
5 absent
6 absent
7 absent

Left
none
Best: none

Right
none
Best: none

OR-NOT
01 1111101 6
12 0101111 5
23 1011111 6
34 1101011 5
45 0010111 4
56 1101111 6
67 1111111 a match 2 3 4 5 6 7
70 0111010 4

02 1111101 6
13 1011111 6
24 1111111 a match 2 3 4 5 6 7
35 0110011 4
46 1010111 5
57 1101111 6
60 0111010 4
71 1111000 4

03 1111101 6
14 1101111 6
25 1010111 5
36 1100111 5
47 1011111 6
50 1101110 5
61 1111000 4
72 0111001 4

04 1111111 a match 2 3 4 5 6 7
15 0010111 4
26 1010111 5
37 1101111 6
40 0011110 4
51 1111100 5
62 0111001 4
73 1111101 6

05 1110111 6 match 0
16 1000111 4
27 1011111 6
30 0101010 3
41 1111100 5
52 1101101 5
63 1111101 6
74 1111011 6

06 1110111 6 match 0
17 1001111 5 match 1
20 1011110 5
31 1111010 5
42 0111101 5
53 1111101 6
64 1111011 6
75 0110011 4

07 1111111 a match 2 3 4 5 6 7
10 0001111 4
21 1111110 6
32 0101011 4
43 1011101 5
54 1101111 6
65 0111011 5
76 1110111 6 match 0

Matching output
0 05 06 76
1 17
2 67 24 04 07
3 67 24 04 07
4 67 24 04 07
5 67 24 04 07
6 67 24 04 07
7 67 24 04 07

Left
05 16x
06 17 20x
76 07y
Best: OR-NOT06 17: 2

Right
67 56x
24 13x
04 73x
07 76y
Best: OR-NOT67: 1

XOR-NOT
01 0001101 3
12 0101110 4
23 0001011 3
34 1001001 3
45 0000111 3
56 0101011 4
67 1110111 6 match 0
70 0111010 4

02 1011100 4
13 1011010 4
24 0111101 5
35 0110001 3
46 1010011 4
57 0100011 3
60 0110010 3
71 1001000 2

03 0101000 2
14 1101100 4
25 1000101 3
36 1100101 4
47 1011011 5
50 1100110 4
61 1000000 1
72 0011001 3

04 0011110 4
15 0010100 2
26 0010001 2
37 1101101 5
40 0011110 4
51 0010100 2
62 0010001 2
73 1101101 5

05 1100110 4
16 1000000 1
27 0011001 3
30 0101000 2
41 1101100 4
52 1000101 3
63 1100101 4
74 1011011 5

06 0110010 3
17 1001000 2
20 1011100 4
31 1011010 4
42 0111101 5
53 0110001 3
64 1010011 4
75 0100011 3

07 0111010 4
10 0001101 3
21 0101110 4
32 0001011 3
43 1001001 3
54 0000111 3
65 0101011 4
76 1110111 6 match 0

Matching output
0 67 76
1 absent
2 absent
3 absent
4 absent
5 absent
6 absent
7 absent

Left
67 70x
76 07x
Best: XOR-NOT67: 1

Right
none
Best: none

Selecting

Lefts
Identity none
NOT none
Constant none
AND none
OR OR01: 1
XOR none
AND-NOT none
OR-NOT OR-NOT06 17: 2
XOR-NOT XOR-NOT67: 1

Rights
Identity none
NOT none
Constant C1 1 1 1 1 1: 6
AND none
OR none
XOR none
AND-NOT none
OR-NOT OR-NOT67: 1
XOR-NOT none

Left longest: 2
Right longest: 6

Right winner: Identity no, NOT no, Constant yes, AND no, OR no, XOR no, AND-NOT no, OR-NOT no, XOR-NOT no
Left winner: Identity no, NOT no, Constant no, AND no, OR no, XOR no, AND-NOT no, OR-NOT yes, XOR-NOT no

Best right: C1 1 1 1 1 1: 6
Best left: OR-NOT06 17: 2

Truncated right: C1 1 1 1 1 1: 6
Truncated left: OR-NOT06 17: 2

Tentative from right
7 C1
6 C1
5 C1
4 C1
3 C1
2 C1
1 pending
0 pending

Tentative
0 OR-NOT06
1 OR-NOT17
2 C1
3 C1
4 C1
5 C1
6 C1
7 C1

Preferred from right
7 C1
6 C1
5 C1
4 C1
3 C1
2 C1
1 OR-NOT17
0 OR-NOT06

Preferred from left
0 OR-NOT06
1 OR-NOT17
2 C1
3 C1
4 C1
5 C1
6 C1
7 C1

Preferred
0 OR-NOT06
1 OR-NOT17
2 C1
3 C1
4 C1
5 C1
6 C1
7 C1

Matching
0 OR-NOT06
1 OR-NOT17
2 C1
3 C1
4 C1
5 C1
6 C1
7 C1

Perfect match
Identity no
NOT no
Constant no
AND no
OR no
XOR no
AND-NOT no
OR-NOT no
XOR-NOT no

Matched
0 OR-NOT06
1 OR-NOT17
2 C1
3 C1
4 C1
5 C1
6 C1
7 C1

Selected
0 OR-NOT06
1 OR-NOT17
2 C1
3 C1
4 C1
5 C1
6 C1
7 C1

Applying to 01101000
Input
0 0
1 1
2 1
3 0
4 1
5 0
6 0
7 0
Output
0 OR-NOT06 = OR(0,NOT(0)) = 1
1 OR-NOT17 = OR(1,NOT(0)) = 1
2 C1 = 1
3 C1 = 1
4 C1 = 1
5 C1 = 1
6 C1 = 1
7 C1 = 1

I will now return the answer in \boxed{}
The answer in \boxed{–} is \boxed{11111111}
[correct]
true
