[category]
bit_manipulation
[prompt]
In Alice's Wonderland, a secret bit manipulation rule transforms 8-bit binary numbers. The transformation involves operations like bit shifts, rotations, XOR, AND, OR, NOT, and possibly majority or choice functions.

Here are some examples of input -> output:
00011001 -> 00000001
11000011 -> 00011100
01101100 -> 00000110
11000000 -> 00001100
10010111 -> 00011001
00110010 -> 00000011
00110100 -> 00000011
11010100 -> 00001101

Now, determine the output for: 00111000
[completion]
We need to deduce the transformation by matching the example outputs.
I will put my final answer inside \boxed{}.

Output 0: 00000001
0 0
1 0
2 0
3 0
4 0
5 0
6 0
7 1

Output 1: 00011100
0 0
1 0
2 0
3 1
4 1
5 1
6 0
7 0

Output 2: 00000110
0 0
1 0
2 0
3 0
4 0
5 1
6 1
7 0

Output 3: 00001100
0 0
1 0
2 0
3 0
4 1
5 1
6 0
7 0

Output 4: 00011001
0 0
1 0
2 0
3 1
4 1
5 0
6 0
7 1

Output 5: 00000011
0 0
1 0
2 0
3 0
4 0
5 0
6 1
7 1

Output 6: 00000011
0 0
1 0
2 0
3 0
4 0
5 0
6 1
7 1

Output 7: 00001101
0 0
1 0
2 0
3 0
4 1
5 1
6 0
7 1

Output bit columns (with bitsum as hash)
0 00000000 a
1 00000000 a
2 00000000 a
3 01001000 2
4 01011001 4
5 01110001 4
6 00100110 3
7 10001111 5

Input 0: 00011001
0 0
1 0
2 0
3 1
4 1
5 0
6 0
7 1

Input 1: 11000011
0 1
1 1
2 0
3 0
4 0
5 0
6 1
7 1

Input 2: 01101100
0 0
1 1
2 1
3 0
4 1
5 1
6 0
7 0

Input 3: 11000000
0 1
1 1
2 0
3 0
4 0
5 0
6 0
7 0

Input 4: 10010111
0 1
1 0
2 0
3 1
4 0
5 1
6 1
7 1

Input 5: 00110010
0 0
1 0
2 1
3 1
4 0
5 0
6 1
7 0

Input 6: 00110100
0 0
1 0
2 1
3 1
4 0
5 1
6 0
7 0

Input 7: 11010100
0 1
1 1
2 0
3 1
4 0
5 1
6 0
7 0

When matching output
x: not in operator
y: wrong position

Identity
0 01011001 4 match 4
1 01110001 4 match 5
2 00100110 3 match 6
3 10001111 5 match 7
4 10100000 2
5 00101011 4
6 01001100 3
7 11001000 3

Matching output
0 absent
1 absent
2 absent
3 absent
4 0
5 1
6 2
7 3

Left
none
Best: none

Right
3 2 1 0 7x
Best: I3 2 1 0: 4

NOT
0 10100110 4
1 10001110 4
2 11011001 5
3 01110000 3
4 01011111 6
5 11010100 4
6 10110011 5
7 00110111 5

Matching output
0 absent
1 absent
2 absent
3 absent
4 absent
5 absent
6 absent
7 absent

Left
none
Best: none

Right
none
Best: none

Constant
0 00000000 a match 0 1 2
1 11111111 a

Matching output
0 C0
1 C0
2 C0
3 absent
4 absent
5 absent
6 absent
7 absent

Left
0 0 0
Best: C0 0 0: 3

Right
none
Best: none

AND
01 10 01010001 3
12 21 00100000 1
23 32 00000110 2
34 43 10000000 1
45 54 00100000 1
56 65 00001000 1
67 76 01001000 2 match 3
70 07 01001000 2 match 3

02 20 00000000 a match 0 1 2
13 31 00000001 1
24 42 00100000 1
35 53 00001011 3
46 64 00000000 a match 0 1 2
57 75 00001000 1
60 06 01001000 2 match 3
71 17 01000000 1

03 30 00001001 2
14 41 00100000 1
25 52 00100010 2
36 63 00001100 2
47 74 10000000 1
50 05 00001001 2
61 16 01000000 1
72 27 00000000 a match 0 1 2

04 40 00000000 a match 0 1 2
15 51 00100001 2
26 62 00000100 1
37 73 10001000 2

Matching output
0 02 20 46 64 72 27 04 40
1 02 20 46 64 72 27 04 40
2 02 20 46 64 72 27 04 40
3 67 76 70 07 60 06
4 absent
5 absent
6 absent
7 absent

Left
02 13x
20 31x
46 57x
64 75x
72 03x
27 30x
04 15x
40 51x
Best: AND02: 1

Right
none
Best: none

OR
01 10 01111001 5
12 21 01110111 6
23 32 10101111 6
34 43 10101111 6
45 54 10101011 5
56 65 01101111 6
67 76 11001100 4
70 07 11011001 5

02 20 01111111 7
13 31 11111111 a
24 42 10100110 4
35 53 10101111 6
46 64 11101100 5
57 75 11101011 6
60 06 01011101 5
71 17 11111001 6

03 30 11011111 7
14 41 11110001 5
25 52 00101111 5
36 63 11001111 6
47 74 11101000 4
50 05 01111011 6
61 16 01111101 6
72 27 11101110 6

04 40 11111001 6
15 51 01111011 6
26 62 01101110 5
37 73 11001111 6

Matching output
0 absent
1 absent
2 absent
3 absent
4 absent
5 absent
6 absent
7 absent

Left
none
Best: none

Right
none
Best: none

XOR
01 10 00101000 2
12 21 01010111 5
23 32 10101001 4
34 43 00101111 5
45 54 10001011 4
56 65 01100111 5
67 76 10000100 2
70 07 10010001 3

02 20 01111111 7
13 31 11111110 7
24 42 10000110 3
35 53 10100100 3
46 64 11101100 5
57 75 11100011 5
60 06 00010101 3
71 17 10111001 5

03 30 11010110 5
14 41 11010001 4
25 52 00001101 3
36 63 11000011 4
47 74 01101000 3
50 05 01110010 4
61 16 00111101 5
72 27 11101110 6

04 40 11111001 6
15 51 01011010 4
26 62 01101010 4
37 73 01000111 4

Matching output
0 absent
1 absent
2 absent
3 absent
4 absent
5 absent
6 absent
7 absent

Left
none
Best: none

Right
none
Best: none

AND-NOT
01 00001000 1
12 01010001 3
23 00100000 1
34 00001111 4
45 10000000 1
56 00100011 3
67 00000100 1
70 10000000 1

02 01011001 4 match 4
13 01110000 3
24 00000110 2
35 10000100 2
46 10100000 2
57 00100011 3
60 00000100 1
71 10001000 2

03 01010000 2
14 01010001 3
25 00000100 1
36 10000011 3
47 00100000 1
50 00100010 2
61 00001100 2
72 11001000 3

04 01011001 4 match 4
15 01010000 2
26 00100010 2
37 00000111 3
40 10100000 2
51 00001010 2
62 01001000 2 match 3
73 01000000 1

05 01010000 2
16 00110001 3
27 00100110 3 match 6
30 10000110 3
41 10000000 1
52 00001001 2
63 01000000 1
74 01001000 2 match 3

06 00010001 2
17 00110001 3
20 00100110 3 match 6
31 10001110 4
42 10000000 1
53 00100000 1
64 01001100 3
75 11000000 2

07 00010001 2
10 00100000 1
21 00000110 2
32 10001001 3
43 00100000 1
54 00001011 3
65 01000100 2
76 10000000 1

Matching output
0 absent
1 absent
2 absent
3 62 74
4 02 04
5 absent
6 27 20
7 absent

Left
none
Best: none

Right
none
Best: none

OR-NOT
01 11011111 7
12 11111001 6
23 01110110 5
34 11011111 7
45 11110100 5
56 10111011 6
67 01111111 7
70 11101110 6

02 11011001 5
13 01110001 4 match 5
24 01111111 7
35 11011111 7
46 10110011 5
57 00111111 6
60 11101110 6
71 11001110 5

03 01111001 5
14 01111111 7
25 11110110 6
36 10111111 7
47 10110111 6
50 10101111 6
61 11001110 5
72 11011001 5

04 01011111 6
15 11110101 6
26 10110111 6
37 10111111 7
40 10100110 4
51 10101111 6
62 11011101 6
73 11111000 5

05 11011101 6
16 11110011 6
27 00110111 5
30 10101111 6
41 10101110 5
52 11111011 7
63 01111100 5
74 11011111 7

06 11111011 7
17 01110111 6
20 10100110 4
31 10001111 5 match 7
42 11111001 6
53 01111011 6
64 01011111 6
75 11011100 5

07 01111111 7
10 11110111 7
21 10101110 5
32 11011111 7
43 11110000 4
54 01111111 7
65 11011100 5
76 11111011 7

Matching output
0 absent
1 absent
2 absent
3 absent
4 absent
5 13
6 absent
7 31

Left
none
Best: none

Right
31 20x
Best: OR-NOT31: 1

XOR-NOT
01 11010111 6
12 10101000 3
23 01010110 4
34 11010000 3
45 01110100 4
56 10011000 3
67 01111011 6
70 01101110 5

02 10000000 1
13 00000001 1
24 01111001 5
35 01011011 5
46 00010011 3
57 00011100 3
60 11101010 5
71 01000110 3

03 00101001 3
14 00101110 4
25 11110010 5
36 00111100 4
47 10010111 5
50 10001101 4
61 11000010 3
72 00010001 2

04 00000110 2
15 10100101 4
26 10010101 4
37 10111000 4
40 00000110 2
51 10100101 4
62 10010101 4
73 10111000 4

05 10001101 4
16 11000010 3
27 00010001 2
30 00101001 3
41 00101110 4
52 11110010 5
63 00111100 4
74 10010111 5

06 11101010 5
17 01000110 3
20 10000000 1
31 00000001 1
42 01111001 5
53 01011011 5
64 00010011 3
75 00011100 3

07 01101110 5
10 11010111 6
21 10101000 3
32 01010110 4
43 11010000 3
54 01110100 4
65 10011000 3
76 01111011 6

Matching output
0 absent
1 absent
2 absent
3 absent
4 absent
5 absent
6 absent
7 absent

Left
none
Best: none

Right
none
Best: none

Selecting

Lefts
Identity none
NOT none
Constant C0 0 0: 3
AND AND02: 1
OR none
XOR none
AND-NOT none
OR-NOT none
XOR-NOT none

Rights
Identity I3 2 1 0: 4
NOT none
Constant none
AND none
OR none
XOR none
AND-NOT none
OR-NOT OR-NOT31: 1
XOR-NOT none

Left longest: 3
Right longest: 4

Right winner: Identity yes, NOT no, Constant no, AND no, OR no, XOR no, AND-NOT no, OR-NOT no, XOR-NOT no
Left winner: Identity no, NOT no, Constant yes, AND no, OR no, XOR no, AND-NOT no, OR-NOT no, XOR-NOT no

Best right: I3 2 1 0: 4
Best left: C0 0 0: 3

Truncated right: I3 2 1 0: 4
Truncated left: C0 0 0: 3

Tentative from right
7 I3
6 I2
5 I1
4 I0
3 pending
2 pending
1 pending
0 pending

Tentative
0 C0
1 C0
2 C0
3 pending
4 I0
5 I1
6 I2
7 I3

Preferred from right
7 I3
6 I2
5 I1
4 I0
3 ??7
2 C0
1 C0
0 C0

Preferred from left
0 C0
1 C0
2 C0
3 ??7
4 I0
5 I1
6 I2
7 I3

Preferred
0 C0
1 C0
2 C0
3 ??7
4 I0
5 I1
6 I2
7 I3

Matching
0 C0
1 C0
2 C0
3 ??7 - Identity absent, NOT absent, Constant absent, AND67, OR absent, XOR absent, AND-NOT absent, OR-NOT absent, XOR-NOT absent
4 I0
5 I1
6 I2
7 I3

Perfect match
Identity no
NOT no
Constant no
AND yes
OR no
XOR no
AND-NOT no
OR-NOT no
XOR-NOT no

Matched
0 C0
1 C0
2 C0
3 AND67
4 I0
5 I1
6 I2
7 I3

Selected
0 C0
1 C0
2 C0
3 AND67
4 I0
5 I1
6 I2
7 I3

Applying to 00111000
Input
0 0
1 0
2 1
3 1
4 1
5 0
6 0
7 0
Output
0 C0 = 0
1 C0 = 0
2 C0 = 0
3 AND67 = AND(0,0) = 0
4 I0 = 0
5 I1 = 0
6 I2 = 1
7 I3 = 1

I will now return the answer in \boxed{}
The answer in \boxed{–} is \boxed{00000011}
[correct]
true
