[category]
bit_manipulation
[prompt]
In Alice's Wonderland, a secret bit manipulation rule transforms 8-bit binary numbers. The transformation involves operations like bit shifts, rotations, XOR, AND, OR, NOT, and possibly majority or choice functions.

Here are some examples of input -> output:
01011001 -> 00100000
01101011 -> 10000100
11100110 -> 10001001
11000111 -> 00001111
00001100 -> 00010000
00011111 -> 00111100
01100001 -> 10000000
11110110 -> 11001001
00101001 -> 00000000

Now, determine the output for: 01000011
[completion]
We need to deduce the transformation by matching the example outputs.
I will put my final answer inside \boxed{}.

Output 0: 00100000
0 0
1 0
2 1
3 0
4 0
5 0
6 0
7 0

Output 1: 10000100
0 1
1 0
2 0
3 0
4 0
5 1
6 0
7 0

Output 2: 10001001
0 1
1 0
2 0
3 0
4 1
5 0
6 0
7 1

Output 3: 00001111
0 0
1 0
2 0
3 0
4 1
5 1
6 1
7 1

Output 4: 00010000
0 0
1 0
2 0
3 1
4 0
5 0
6 0
7 0

Output 5: 00111100
0 0
1 0
2 1
3 1
4 1
5 1
6 0
7 0

Output 6: 10000000
0 1
1 0
2 0
3 0
4 0
5 0
6 0
7 0

Output 7: 11001001
0 1
1 1
2 0
3 0
4 1
5 0
6 0
7 1

Output 8: 00000000
0 0
1 0
2 0
3 0
4 0
5 0
6 0
7 0

Output bit columns (with bitsum as hash)
0 011000110 4
1 000000010 1
2 100001000 2
3 000011000 2
4 001101010 4
5 010101000 3
6 000100000 1
7 001100010 3

Input 0: 01011001
0 0
1 1
2 0
3 1
4 1
5 0
6 0
7 1

Input 1: 01101011
0 0
1 1
2 1
3 0
4 1
5 0
6 1
7 1

Input 2: 11100110
0 1
1 1
2 1
3 0
4 0
5 1
6 1
7 0

Input 3: 11000111
0 1
1 1
2 0
3 0
4 0
5 1
6 1
7 1

Input 4: 00001100
0 0
1 0
2 0
3 0
4 1
5 1
6 0
7 0

Input 5: 00011111
0 0
1 0
2 0
3 1
4 1
5 1
6 1
7 1

Input 6: 01100001
0 0
1 1
2 1
3 0
4 0
5 0
6 0
7 1

Input 7: 11110110
0 1
1 1
2 1
3 1
4 0
5 1
6 1
7 0

Input 8: 00101001
0 0
1 0
2 1
3 0
4 1
5 0
6 0
7 1

When matching output
x: not in operator
y: wrong position

Identity
0 001100010 3 match 7
1 111100110 6
2 011000111 5
3 100001010 3
4 110011001 5
5 001111010 5
6 011101010 5
7 110101101 6

Matching output
0 absent
1 absent
2 absent
3 absent
4 absent
5 absent
6 absent
7 0

Left
none
Best: none

Right
0 7x
Best: I0: 1

NOT
0 110011101 6
1 000011001 3
2 100111000 4
3 011110101 6
4 001100110 4
5 110000101 4
6 100010101 4
7 001010010 3

Matching output
0 absent
1 absent
2 absent
3 absent
4 absent
5 absent
6 absent
7 absent

Left
none
Best: none

Right
none
Best: none

Constant
0 000000000 a
1 111111111 a

Matching output
0 absent
1 absent
2 absent
3 absent
4 absent
5 absent
6 absent
7 absent

Left
none
Best: none

Right
none
Best: none

AND
01 10 001100010 3 match 7
12 21 011000110 4 match 0
23 32 000000010 1 match 1
34 43 100001000 2 match 2
45 54 000011000 2 match 3
56 65 001101010 4 match 4
67 76 010101000 3 match 5
70 07 000100000 1 match 6

02 20 001000010 2
13 31 100000010 2
24 42 010000001 2
35 53 000001010 2
46 64 010001000 2
57 75 000101000 2
60 06 001100010 3 match 7
71 17 110100100 4

03 30 000000010 1 match 1
14 41 110000000 2
25 52 001000010 2
36 63 000001010 2
47 74 110001001 4
50 05 001100010 3 match 7
61 16 011100010 4
72 27 010000101 3

04 40 000000000 a
15 51 001100010 3 match 7
26 62 011000010 3
37 73 100001000 2 match 2

Matching output
0 12 21
1 23 32 03 30
2 34 43 37 73
3 45 54
4 56 65
5 67 76
6 70 07
7 01 10 60 06 50 05 15 51

Left
12 23 34 45 56 67 70 01
21 32 43 54 65 76 07 10
Best: AND12 23 34 45 56 67 70 01: 8

Right
01 70 67 56 45 34 23 12
10 07 76 65 54 43 32 21
60 57x
06 75x
50 47x
05 74x
15 04x
51 40x
Best: AND01 70 67 56 45 34 23 12: 8

OR
01 10 111100110 6
12 21 111100111 7
23 32 111001111 7
34 43 110011011 6
45 54 111111011 8
56 65 011111010 6
67 76 111101111 8
70 07 111101111 8

02 20 011100111 6
13 31 111101110 7
24 42 111011111 8
35 53 101111010 6
46 64 111111011 8
57 75 111111111 a
60 06 011101010 5
71 17 111101111 8

03 30 101101010 5
14 41 111111111 a
25 52 011111111 8
36 63 111101010 6
47 74 110111101 7
50 05 001111010 5
61 16 111101110 7
72 27 111101111 8

04 40 111111011 8
15 51 111111110 8
26 62 011101111 7
37 73 110101111 7

Matching output
0 absent
1 absent
2 absent
3 absent
4 absent
5 absent
6 absent
7 absent

Left
none
Best: none

Right
none
Best: none

XOR
01 10 110000100 3
12 21 100100001 3
23 32 111001101 6
34 43 010010011 4
45 54 111100011 6
56 65 010010000 2
67 76 101000111 5
70 07 111001111 7

02 20 010100101 4
13 31 011101100 5
24 42 101011110 6
35 53 101110000 4
46 64 101110011 6
57 75 111010111 7
60 06 010001000 2
71 17 001001011 4

03 30 101101000 4
14 41 001111111 7
25 52 010111101 6
36 63 111100000 4
47 74 000110100 3
50 05 000011000 2 match 3
61 16 100001100 3
72 27 101101010 5

04 40 111111011 8
15 51 110011100 5
26 62 000101101 4
37 73 010100111 5

Matching output
0 absent
1 absent
2 absent
3 50 05
4 absent
5 absent
6 absent
7 absent

Left
none
Best: none

Right
none
Best: none

AND-NOT
01 000000000 a
12 100100000 2
23 011000101 4
34 000000010 1 match 1
45 110000001 3
56 000010000 1
67 001000010 2
70 110001101 5

02 000100000 1 match 6
13 011100100 4
24 001000110 3
35 100000000 1
46 100010001 3
57 001010010 3
60 010001000 2
71 000001001 2

03 001100000 2
14 001100110 4
25 010000101 3
36 100000000 1
47 000010000 1
50 000011000 2 match 3
61 000001000 1
72 100101000 3

04 001100010 3 match 7
15 110000100 3
26 000000101 2
37 000000010 1 match 1
40 110011001 5
51 000011000 2 match 3
62 000101000 2
73 010100101 4

05 000000000 a
16 100000100 2
27 001000010 2
30 100001000 2 match 2
41 000011001 3
52 000111000 3
63 011100000 3
74 000100100 2

06 000000000 a
17 001000010 2
20 010000101 3
31 000001000 1
42 100011000 3
53 001110000 3
64 001100010 3 match 7
75 110000101 4

07 001000010 2
10 110000100 3
21 000000001 1
32 100001000 2 match 2
43 010010001 3
54 001100010 3 match 7
65 010000000 1
76 100000101 3

Matching output
0 absent
1 34 37
2 30 32
3 50 51
4 absent
5 absent
6 02
7 04 64 54

Left
none
Best: none

Right
04 73x
64 53x
54 43x
Best: AND-NOT04: 1

OR-NOT
01 001111011 6
12 111111110 8
23 011110111 7
34 101101110 6
45 110011101 6
56 101111111 8
67 011111010 6
70 110111101 7

02 101111010 6
13 111110111 8
24 011100111 6
35 110001111 6
46 110011101 6
57 001111010 5
60 111111111 a
71 110111101 7

03 011110111 7
14 111100110 6
25 111000111 6
36 100011111 6
47 111011011 7
50 111111111 a
61 011111011 7
72 110111101 7

04 001100110 4
15 111100111 7
26 111010111 7
37 101011010 5
40 110011101 6
51 001111011 6
62 111111010 7
73 111111101 8

05 111100111 7
16 111110111 8
27 011010111 6
30 110011111 7
41 110011001 5
52 101111010 6
63 011111111 8
74 111101111 8

06 101110111 7
17 111110110 7
20 111011111 8
31 100011011 5
42 110111001 6
53 011111111 8
64 011101110 6
75 110101101 6

07 001110010 4
10 111111111 a
21 011011111 7
32 100111010 5
43 111111101 8
54 001111110 6
65 111101111 8
76 110111101 7

Matching output
0 absent
1 absent
2 absent
3 absent
4 absent
5 absent
6 absent
7 absent

Left
none
Best: none

Right
none
Best: none

XOR-NOT
01 001111011 6
12 011011110 6
23 000110010 3
34 101101100 5
45 000011100 3
56 101101111 7
67 010111000 4
70 000110000 2

02 101011010 5
13 100010011 4
24 010100001 3
35 010001111 5
46 010001100 3
57 000101000 2
60 101110111 7
71 110110100 5

03 010010111 5
14 110000000 2
25 101000010 3
36 000011111 5
47 111001011 6
50 111100111 7
61 011110011 6
72 010010101 4

04 000000100 1
15 001100011 4
26 111010010 5
37 101011000 4
40 000000100 1
51 001100011 4
62 111010010 5
73 101011000 4

05 111100111 7
16 011110011 6
27 010010101 4
30 010010111 5
41 110000000 2
52 101000010 3
63 000011111 5
74 111001011 6

06 101110111 7
17 110110100 5
20 101011010 5
31 100010011 4
42 010100001 3
53 010001111 5
64 010001100 3
75 000101000 2

07 000110000 2
10 001111011 6
21 011011110 6
32 000110010 3
43 101101100 5
54 000011100 3
65 101101111 7
76 010111000 4

Matching output
0 absent
1 absent
2 absent
3 absent
4 absent
5 absent
6 absent
7 absent

Left
none
Best: none

Right
none
Best: none

Selecting

Lefts
Identity none
NOT none
Constant none
AND AND12 23 34 45 56 67 70 01: 8
OR none
XOR none
AND-NOT none
OR-NOT none
XOR-NOT none

Rights
Identity I0: 1
NOT none
Constant none
AND AND01 70 67 56 45 34 23 12: 8
OR none
XOR none
AND-NOT AND-NOT04: 1
OR-NOT none
XOR-NOT none

Left longest: 8
Right longest: 8

Left winner: Identity no, NOT no, Constant no, AND yes, OR no, XOR no, AND-NOT no, OR-NOT no, XOR-NOT no
Right winner: Identity no, NOT no, Constant no, AND yes, OR no, XOR no, AND-NOT no, OR-NOT no, XOR-NOT no

Best left: AND12 23 34 45 56 67 70 01: 8
Best right: AND01 70 67 56 45 34 23 12: 8

Truncated left: AND12 23 34 45 56 67 70 01: 8
Truncated right: none truncated

Tentative from right
7 pending
6 pending
5 pending
4 pending
3 pending
2 pending
1 pending
0 pending

Tentative
0 AND12
1 AND23
2 AND34
3 AND45
4 AND56
5 AND67
6 AND70
7 AND01

Preferred from left
0 AND12
1 AND23
2 AND34
3 AND45
4 AND56
5 AND67
6 AND70
7 AND01

Preferred from right
7 AND01
6 AND70
5 AND67
4 AND56
3 AND45
2 AND34
1 AND23
0 AND12

Preferred
0 AND12
1 AND23
2 AND34
3 AND45
4 AND56
5 AND67
6 AND70
7 AND01

Matching
0 AND12
1 AND23
2 AND34
3 AND45
4 AND56
5 AND67
6 AND70
7 AND01

Perfect match
Identity no
NOT no
Constant no
AND no
OR no
XOR no
AND-NOT no
OR-NOT no
XOR-NOT no

Matched
0 AND12
1 AND23
2 AND34
3 AND45
4 AND56
5 AND67
6 AND70
7 AND01

Selected
0 AND12
1 AND23
2 AND34
3 AND45
4 AND56
5 AND67
6 AND70
7 AND01

Applying to 01000011
Input
0 0
1 1
2 0
3 0
4 0
5 0
6 1
7 1
Output
0 AND12 = AND(1,0) = 0
1 AND23 = AND(0,0) = 0
2 AND34 = AND(0,0) = 0
3 AND45 = AND(0,0) = 0
4 AND56 = AND(0,1) = 0
5 AND67 = AND(1,1) = 1
6 AND70 = AND(1,0) = 0
7 AND01 = AND(0,1) = 0

I will now return the answer in \boxed{}
The answer in \boxed{–} is \boxed{00000100}
[correct]
true
