[category]
bit_manipulation
[prompt]
In Alice's Wonderland, a secret bit manipulation rule transforms 8-bit binary numbers. The transformation involves operations like bit shifts, rotations, XOR, AND, OR, NOT, and possibly majority or choice functions.

Here are some examples of input -> output:
01001011 -> 01011010
00100110 -> 00110001
10000100 -> 00100100
11000010 -> 00010110
00101110 -> 01110001
01010111 -> 10111010
01101001 -> 01001011
11011111 -> 11111110
01110111 -> 10111011

Now, determine the output for: 11001010
[completion]
We need to deduce the transformation by matching the example outputs.
I will put my final answer inside \boxed{}.

Output 0: 01011010
0 0
1 1
2 0
3 1
4 1
5 0
6 1
7 0

Output 1: 00110001
0 0
1 0
2 1
3 1
4 0
5 0
6 0
7 1

Output 2: 00100100
0 0
1 0
2 1
3 0
4 0
5 1
6 0
7 0

Output 3: 00010110
0 0
1 0
2 0
3 1
4 0
5 1
6 1
7 0

Output 4: 01110001
0 0
1 1
2 1
3 1
4 0
5 0
6 0
7 1

Output 5: 10111010
0 1
1 0
2 1
3 1
4 1
5 0
6 1
7 0

Output 6: 01001011
0 0
1 1
2 0
3 0
4 1
5 0
6 1
7 1

Output 7: 11111110
0 1
1 1
2 1
3 1
4 1
5 1
6 1
7 0

Output 8: 10111011
0 1
1 0
2 1
3 1
4 1
5 0
6 1
7 1

Output bit columns (with bitsum as hash)
0 000001011 3
1 100010110 4
2 011011011 6
3 110111011 7
4 100001111 5
5 001100010 3
6 100101111 6
7 010010101 4

Input 0: 01001011
0 0
1 1
2 0
3 0
4 1
5 0
6 1
7 1

Input 1: 00100110
0 0
1 0
2 1
3 0
4 0
5 1
6 1
7 0

Input 2: 10000100
0 1
1 0
2 0
3 0
4 0
5 1
6 0
7 0

Input 3: 11000010
0 1
1 1
2 0
3 0
4 0
5 0
6 1
7 0

Input 4: 00101110
0 0
1 0
2 1
3 0
4 1
5 1
6 1
7 0

Input 5: 01010111
0 0
1 1
2 0
3 1
4 0
5 1
6 1
7 1

Input 6: 01101001
0 0
1 1
2 1
3 0
4 1
5 0
6 0
7 1

Input 7: 11011111
0 1
1 1
2 0
3 1
4 1
5 1
6 1
7 1

Input 8: 01110111
0 0
1 1
2 1
3 1
4 0
5 1
6 1
7 1

When matching output
x: not in operator
y: wrong position

Identity
0 001100010 3 match 5
1 100101111 6 match 6
2 010010101 4 match 7
3 000001011 3 match 0
4 100010110 4 match 1
5 011011011 6 match 2
6 110111011 7 match 3
7 100001111 5 match 4

Matching output
0 3
1 4
2 5
3 6
4 7
5 0
6 1
7 2

Left
3 4 5 6 7 0 1 2
Best: I3 4 5 6 7 0 1 2: 8

Right
2 1 0 7 6 5 4 3
Best: I2 1 0 7 6 5 4 3: 8

NOT
0 110011101 6
1 011010000 3
2 101101010 5
3 111110100 6
4 011101001 5
5 100100100 3
6 001000100 2
7 011110000 4

Matching output
0 absent
1 absent
2 absent
3 absent
4 absent
5 absent
6 absent
7 absent

Left
none
Best: none

Right
none
Best: none

Constant
0 000000000 a
1 111111111 a

Matching output
0 absent
1 absent
2 absent
3 absent
4 absent
5 absent
6 absent
7 absent

Left
none
Best: none

Right
none
Best: none

AND
01 10 000100010 2
12 21 000000101 2
23 32 000000001 1
34 43 000000010 1
45 54 000010010 2
56 65 010011011 5
67 76 100001011 4
70 07 000000010 1

02 20 000000000 a
13 31 000001011 3 match 0
24 42 000010100 2
35 53 000001011 3 match 0
46 64 100010010 3
57 75 000001011 3 match 0
60 06 000100010 2
71 17 100001111 5 match 4

03 30 000000010 1
14 41 100000110 3
25 52 010010001 3
36 63 000001011 3 match 0
47 74 100000110 3
50 05 001000010 2
61 16 100101011 5
72 27 000000101 2

04 40 000000010 1
15 51 000001011 3 match 0
26 62 010010001 3
37 73 000001011 3 match 0

Matching output
0 13 31 35 53 57 75 36 63 15 51 37 73
1 absent
2 absent
3 absent
4 71 17
5 absent
6 absent
7 absent

Left
13 24x
31 42x
35 46x
53 64x
57 60x
75 06x
36 47x
63 74x
15 26x
51 62x
37 40x
73 04x
Best: AND13: 1

Right
none
Best: none

OR
01 10 101101111 7
12 21 110111111 8
23 32 010011111 6
34 43 100011111 6
45 54 111011111 8
56 65 111111011 8
67 76 110111111 8
70 07 101101111 7

02 20 011110111 7
13 31 100101111 6 match 6
24 42 110010111 6
35 53 011011011 6 match 2
46 64 110111111 8
57 75 111011111 8
60 06 111111011 8
71 17 100101111 6 match 6

03 30 001101011 5
14 41 100111111 7
25 52 011011111 7
36 63 110111011 7 match 3
47 74 100011111 6
50 05 011111011 7
61 16 110111111 8
72 27 110011111 7

04 40 101110110 6
15 51 111111111 a
26 62 110111111 8
37 73 100001111 5 match 4

Matching output
0 absent
1 absent
2 35 53
3 36 63
4 37 73
5 absent
6 13 31 71 17
7 absent

Left
none
Best: none

Right
none
Best: none

XOR
01 10 101001101 5
12 21 110111010 6
23 32 010011110 5
34 43 100011101 5
45 54 111001101 6
56 65 101100000 3
67 76 010110100 4
70 07 101101101 6

02 20 011110111 7
13 31 100100100 3
24 42 110000011 4
35 53 011010000 3
46 64 010101101 5
57 75 111010100 5
60 06 111011001 6
71 17 000100000 1

03 30 001101001 4
14 41 000111001 4
25 52 001001110 4
36 63 110110000 4
47 74 000011001 3
50 05 010111001 5
61 16 010010100 3
72 27 110011010 5

04 40 101110100 5
15 51 111110100 6
26 62 100101110 5
37 73 100000100 2

Matching output
0 absent
1 absent
2 absent
3 absent
4 absent
5 absent
6 absent
7 absent

Left
none
Best: none

Right
none
Best: none

AND-NOT
01 001000000 1
12 100101010 4
23 010010100 3
34 000001001 2
45 100000100 2
56 001000000 1
67 010110000 3
70 100001101 4

02 001100010 3 match 5
13 100100100 3
24 010000001 2
35 000000000 a
46 000000100 1
57 011010000 3
60 110011001 5
71 000000000 a

03 001100000 2
14 000101001 3
25 000000100 1
36 000000000 a
47 000010000 1
50 010011001 4
61 010010000 2
72 100001010 3

04 001100000 2
15 100100100 3
26 000000100 1
37 000000000 a
40 100010100 3
51 011010000 3
62 100101010 4
73 100000100 2

05 000100000 1
16 000000100 1
27 010010000 2
30 000001001 2
41 000010000 1
52 001001010 3
63 110110000 4
74 000001001 2

06 001000000 1
17 000100000 1
20 010010101 4 match 7
31 000000000 a
42 100000010 2
53 011010000 3
64 010101001 4
75 100000100 2

07 001100000 2
10 100001101 4
21 010010000 2
32 000001010 2
43 100010100 3
54 011001001 4
65 100100000 2
76 000000100 1

Matching output
0 absent
1 absent
2 absent
3 absent
4 absent
5 02
6 absent
7 20

Left
none
Best: none

Right
20 17x
Best: AND-NOT20: 1

OR-NOT
01 011110010 5
12 101101111 7
23 111110101 7
34 011101011 6
45 100110110 5
56 011011111 7
67 111111011 8
70 110011111 7

02 101101010 5
13 111111111 a
24 011111101 7
35 100101111 6 match 6
46 101010110 5
57 011111011 7
60 110111111 8
71 111011111 8

03 111110110 7
14 111101111 8
25 110110101 6
36 001001111 5
47 111110110 7
50 111011111 8
61 111111011 8
72 101101111 7

04 011101011 6
15 100101111 6 match 6
26 011010101 5
37 011111011 7
40 110011111 7
51 011011011 6 match 2
62 111111011 8
73 111111111 a

05 101100110 5
16 101101111 7
27 011110101 6
30 110011111 7
41 111010110 6
52 111111011 8
63 111111111 a
74 111101111 8

06 001100110 4
17 111111111 a
20 110011101 6
31 011011011 6 match 2
42 101111110 7
53 111111111 a
64 111111011 8
75 100101111 6 match 6

07 011110010 5
10 110111111 8
21 011010101 5
32 101101011 6
43 111110110 7
54 011111011 7
65 110111111 8
76 101001111 6

Matching output
0 absent
1 absent
2 51 31
3 absent
4 absent
5 absent
6 35 15 75
7 absent

Left
none
Best: none

Right
none
Best: none

XOR-NOT
01 010110010 4
12 001000101 3
23 101100001 4
34 011100010 4
45 000110010 3
56 010011111 6
67 101001011 5
70 010010010 3

02 100001000 2
13 011011011 6 match 2
24 001111100 5
35 100101111 6 match 6
46 101010010 4
57 000101011 4
60 000100110 3
71 111011111 8

03 110010110 5
14 111000110 5
25 110110001 5
36 001001111 5
47 111100110 6
50 101000110 4
61 101101011 6
72 001100101 4

04 010001011 4
15 000001011 3 match 0
26 011010001 4
37 011111011 7
40 010001011 4
51 000001011 3 match 0
62 011010001 4
73 011111011 7

05 101000110 4
16 101101011 6
27 001100101 4
30 110010110 5
41 111000110 5
52 110110001 5
63 001001111 5
74 111100110 6

06 000100110 3
17 111011111 8
20 100001000 2
31 011011011 6 match 2
42 001111100 5
53 100101111 6 match 6
64 101010010 4
75 000101011 4

07 010010010 3
10 010110010 4
21 001000101 3
32 101100001 4
43 011100010 4
54 000110010 3
65 010011111 6
76 101001011 5

Matching output
0 15 51
1 absent
2 13 31
3 absent
4 absent
5 absent
6 35 53
7 absent

Left
15 26x
51 62x
Best: XOR-NOT15: 1

Right
none
Best: none

Selecting

Lefts
Identity I3 4 5 6 7 0 1 2: 8
NOT none
Constant none
AND AND13: 1
OR none
XOR none
AND-NOT none
OR-NOT none
XOR-NOT XOR-NOT15: 1

Rights
Identity I2 1 0 7 6 5 4 3: 8
NOT none
Constant none
AND none
OR none
XOR none
AND-NOT AND-NOT20: 1
OR-NOT none
XOR-NOT none

Left longest: 8
Right longest: 8

Left winner: Identity yes, NOT no, Constant no, AND no, OR no, XOR no, AND-NOT no, OR-NOT no, XOR-NOT no
Right winner: Identity yes, NOT no, Constant no, AND no, OR no, XOR no, AND-NOT no, OR-NOT no, XOR-NOT no

Best left: I3 4 5 6 7 0 1 2: 8
Best right: I2 1 0 7 6 5 4 3: 8

Truncated left: I3 4 5 6 7 0 1 2: 8
Truncated right: none truncated

Tentative from right
7 pending
6 pending
5 pending
4 pending
3 pending
2 pending
1 pending
0 pending

Tentative
0 I3
1 I4
2 I5
3 I6
4 I7
5 I0
6 I1
7 I2

Preferred from left
0 I3
1 I4
2 I5
3 I6
4 I7
5 I0
6 I1
7 I2

Preferred from right
7 I2
6 I1
5 I0
4 I7
3 I6
2 I5
1 I4
0 I3

Preferred
0 I3
1 I4
2 I5
3 I6
4 I7
5 I0
6 I1
7 I2

Matching
0 I3
1 I4
2 I5
3 I6
4 I7
5 I0
6 I1
7 I2

Perfect match
Identity no
NOT no
Constant no
AND no
OR no
XOR no
AND-NOT no
OR-NOT no
XOR-NOT no

Matched
0 I3
1 I4
2 I5
3 I6
4 I7
5 I0
6 I1
7 I2

Selected
0 I3
1 I4
2 I5
3 I6
4 I7
5 I0
6 I1
7 I2

Applying to 11001010
Input
0 1
1 1
2 0
3 0
4 1
5 0
6 1
7 0
Output
0 I3 = 0
1 I4 = 1
2 I5 = 0
3 I6 = 1
4 I7 = 0
5 I0 = 1
6 I1 = 1
7 I2 = 0

I will now return the answer in \boxed{}
The answer in \boxed{–} is \boxed{01010110}
[correct]
true
