[category]
bit_manipulation
[prompt]
In Alice's Wonderland, a secret bit manipulation rule transforms 8-bit binary numbers. The transformation involves operations like bit shifts, rotations, XOR, AND, OR, NOT, and possibly majority or choice functions.

Here are some examples of input -> output:
00011001 -> 00010111
01011001 -> 00110111
10001100 -> 10001001
00001101 -> 01001101
11010011 -> 01011011
11101111 -> 10110101
10100101 -> 10111001
11110011 -> 11001011

Now, determine the output for: 11101001
[completion]
We need to deduce the transformation by matching the example outputs.
I will put my final answer inside \boxed{}.

Output 0: 00010111
0 0
1 0
2 0
3 1
4 0
5 1
6 1
7 1

Output 1: 00110111
0 0
1 0
2 1
3 1
4 0
5 1
6 1
7 1

Output 2: 10001001
0 1
1 0
2 0
3 0
4 1
5 0
6 0
7 1

Output 3: 01001101
0 0
1 1
2 0
3 0
4 1
5 1
6 0
7 1

Output 4: 01011011
0 0
1 1
2 0
3 1
4 1
5 0
6 1
7 1

Output 5: 10110101
0 1
1 0
2 1
3 1
4 0
5 1
6 0
7 1

Output 6: 10111001
0 1
1 0
2 1
3 1
4 1
5 0
6 0
7 1

Output 7: 11001011
0 1
1 1
2 0
3 0
4 1
5 0
6 1
7 1

Output bit columns (with bitsum as hash)
0 00100111 4
1 00011001 3
2 01000110 3
3 11001110 5
4 00111011 5
5 11010100 4
6 11001001 4
7 11111111 a

Input 0: 00011001
0 0
1 0
2 0
3 1
4 1
5 0
6 0
7 1

Input 1: 01011001
0 0
1 1
2 0
3 1
4 1
5 0
6 0
7 1

Input 2: 10001100
0 1
1 0
2 0
3 0
4 1
5 1
6 0
7 0

Input 3: 00001101
0 0
1 0
2 0
3 0
4 1
5 1
6 0
7 1

Input 4: 11010011
0 1
1 1
2 0
3 1
4 0
5 0
6 1
7 1

Input 5: 11101111
0 1
1 1
2 1
3 0
4 1
5 1
6 1
7 1

Input 6: 10100101
0 1
1 0
2 1
3 0
4 0
5 1
6 0
7 1

Input 7: 11110011
0 1
1 1
2 1
3 1
4 0
5 0
6 1
7 1

When matching output
x: not in operator
y: wrong position

Identity
0 00101111 5
1 01001101 4
2 00000111 3
3 11001001 4 match 6
4 11110100 5
5 00110110 4
6 00001101 3
7 11011111 7

Matching output
0 absent
1 absent
2 absent
3 absent
4 absent
5 absent
6 3
7 absent

Left
none
Best: none

Right
none
Best: none

NOT
0 11010000 3
1 10110010 4
2 11111000 5
3 00110110 4
4 00001011 3
5 11001001 4 match 6
6 11110010 5
7 00100000 1

Matching output
0 absent
1 absent
2 absent
3 absent
4 absent
5 absent
6 5
7 absent

Left
none
Best: none

Right
none
Best: none

Constant
0 00000000 a
1 11111111 a match 7

Matching output
0 absent
1 absent
2 absent
3 absent
4 absent
5 absent
6 absent
7 C1

Left
none
Best: none

Right
1
Best: C1: 1

AND
01 10 00001101 3
12 21 00000101 2
23 32 00000001 1
34 43 11000000 2
45 54 00110100 3
56 65 00000100 1
67 76 00001101 3
70 07 00001111 4

02 20 00000111 3
13 31 01001001 3
24 42 00000100 1
35 53 00000000 a
46 64 00000100 1
57 75 00010110 3
60 06 00001101 3
71 17 01001101 4

03 30 00001001 2
14 41 01000100 2
25 52 00000110 2
36 63 00001001 2
47 74 11010100 4 match 5
50 05 00100110 3
61 16 00001101 3
72 27 00000111 3

04 40 00100100 2
15 51 00000100 1
26 62 00000101 2
37 73 11001001 4 match 6

Matching output
0 absent
1 absent
2 absent
3 absent
4 absent
5 47 74
6 37 73
7 absent

Left
none
Best: none

Right
none
Best: none

OR
01 10 01101111 6
12 21 01001111 5
23 32 11001111 6
34 43 11111101 7
45 54 11110110 6
56 65 00111111 6
67 76 11011111 7
70 07 11111111 a match 7

02 20 00101111 5
13 31 11001101 5
24 42 11110111 7
35 53 11111111 a match 7
46 64 11111101 7
57 75 11111111 a match 7
60 06 00101111 5
71 17 11011111 7

03 30 11101111 7
14 41 11111101 7
25 52 00110111 5
36 63 11001101 5
47 74 11111111 a match 7
50 05 00111111 6
61 16 01001101 4
72 27 11011111 7

04 40 11111111 a match 7
15 51 01111111 7
26 62 00001111 4
37 73 11011111 7

Matching output
0 absent
1 absent
2 absent
3 absent
4 absent
5 absent
6 absent
7 70 07 35 53 57 75 47 74 04 40

Left
none
Best: none

Right
70 67x
07 76x
35 24x
53 42x
57 46x
75 64x
47 36x
74 63x
04 73x
40 37x
Best: OR70: 1

XOR
01 10 01100010 3
12 21 01001010 3
23 32 11001110 5 match 3
34 43 00111101 5
45 54 11000010 3
56 65 00111011 5 match 4
67 76 11010010 4
70 07 11110000 4

02 20 00101000 2
13 31 10000100 2
24 42 11110011 6
35 53 11111111 a match 7
46 64 11111001 6
57 75 11101001 5
60 06 00100010 2
71 17 10010010 3

03 30 11100110 5
14 41 10111001 5
25 52 00110001 3
36 63 11000100 3
47 74 00101011 4
50 05 00011001 3 match 1
61 16 01000000 1
72 27 11011000 4

04 40 11011011 6
15 51 01111011 6
26 62 00001010 2
37 73 00010110 3

Matching output
0 absent
1 50 05
2 absent
3 23 32
4 56 65
5 absent
6 absent
7 35 53

Left
none
Best: none

Right
35 24x
53 42x
Best: XOR35: 1

AND-NOT
01 00100010 2
12 01001000 2
23 00000110 2
34 00001001 2
45 11000000 2
56 00110010 3
67 00000000 a
70 11010000 3

02 00101000 2
13 00000100 1
24 00000011 2
35 11001001 4 match 6
46 11110000 4
57 00100000 1
60 00000000 a
71 10010010 3

03 00100110 3
14 00001001 2
25 00000001 1
36 11000000 2
47 00100000 1
50 00010000 1
61 00000000 a
72 11011000 4

04 00001011 3
15 01001001 3
26 00000010 1
37 00000000 a
40 11010000 3
51 00110010 3
62 00001000 1
73 00010110 3

05 00001001 2
16 01000000 1
27 00000000 a
30 11000000 2
41 10110000 3
52 00110000 2
63 00000100 1
74 00001011 3

06 00100010 2
17 00000000 a
20 00000000 a
31 10000000 1
42 11110000 4
53 00110110 4
64 00001001 2
75 11001001 4 match 6

07 00100000 1
10 01000000 1
21 00000010 1
32 11001000 3
43 00110100 3
54 00000010 1
65 00001001 2
76 11010010 4

Matching output
0 absent
1 absent
2 absent
3 absent
4 absent
5 absent
6 35 75
7 absent

Left
none
Best: none

Right
none
Best: none

OR-NOT
01 10111111 7
12 11111101 7
23 00110111 5
34 11001011 5
45 11111101 7
56 11110110 6
67 00101101 4
70 11011111 7

02 11111111 a match 7
13 01111111 7
24 00001111 4
35 11001001 4 match 6
46 11110110 6
57 00110110 4
60 11011101 6
71 11111111 a match 7

03 00111111 6
14 01001111 5
25 11001111 6
36 11111011 7
47 11110100 5
50 11110110 6
61 10111111 7
72 11111111 a match 7

04 00101111 5
15 11001101 5
26 11110111 7
37 11101001 5
40 11110100 5
51 10110110 5
62 11111101 7
73 11111111 a match 7

05 11101111 7
16 11111111 a match 7
27 00100111 4 match 0
30 11011001 5
41 11110110 6
52 11111110 7
63 00111111 6
74 11011111 7

06 11111111 a match 7
17 01101101 5
20 11010111 6
31 11111011 7
42 11111100 6
53 00110110 4
64 00001111 4
75 11011111 7

07 00101111 5
10 11011101 6
21 10110111 6
32 11111001 6
43 11110110 6
54 00111111 6
65 11001101 5
76 11111111 a match 7

Matching output
0 27
1 absent
2 absent
3 absent
4 absent
5 absent
6 35
7 02 71 72 73 16 06 76

Left
27 30x
Best: OR-NOT27: 1

Right
02 71y
71 60x
72 61x
73 62x
16 05x
06 75x
76 65x
Best: OR-NOT02: 1

XOR-NOT
01 10011101 5
12 10110101 5
23 00110001 3
34 11000010 3
45 00111101 5
56 11000100 3
67 00101101 4
70 00001111 4

02 11010111 6
13 01111011 6
24 00001100 2
35 00000000 a
46 00000110 2
57 00010110 3
60 11011101 6
71 01101101 5

03 00011001 3 match 1
14 01000110 3 match 2
25 11001110 5 match 3
36 00111011 5 match 4
47 11010100 4 match 5
50 11100110 5
61 10111111 7
72 00100111 4 match 0

04 00100100 2
15 10000100 2
26 11110101 6
37 11101001 5
40 00100100 2
51 10000100 2
62 11110101 6
73 11101001 5

05 11100110 5
16 10111111 7
27 00100111 4 match 0
30 00011001 3 match 1
41 01000110 3 match 2
52 11001110 5 match 3
63 00111011 5 match 4
74 11010100 4 match 5

06 11011101 6
17 01101101 5
20 11010111 6
31 01111011 6
42 00001100 2
53 00000000 a
64 00000110 2
75 00010110 3

07 00001111 4
10 10011101 5
21 10110101 5
32 00110001 3
43 11000010 3
54 00111101 5
65 11000100 3
76 00101101 4

Matching output
0 72 27
1 03 30
2 14 41
3 25 52
4 36 63
5 47 74
6 absent
7 absent

Left
72 03 14 25 36 47 50x
27 30 41 52 63 74 05x
Best: XOR-NOT72 03 14 25 36 47: 6

Right
none
Best: none

Selecting

Lefts
Identity none
NOT none
Constant none
AND none
OR none
XOR none
AND-NOT none
OR-NOT OR-NOT27: 1
XOR-NOT XOR-NOT72 03 14 25 36 47: 6

Rights
Identity none
NOT none
Constant C1: 1
AND none
OR OR70: 1
XOR XOR35: 1
AND-NOT none
OR-NOT OR-NOT02: 1
XOR-NOT none

Left longest: 6
Right longest: 1

Left winner: Identity no, NOT no, Constant no, AND no, OR no, XOR no, AND-NOT no, OR-NOT no, XOR-NOT yes
Right winner: Identity no, NOT no, Constant yes, AND no, OR no, XOR no, AND-NOT no, OR-NOT no, XOR-NOT no

Best left: XOR-NOT72 03 14 25 36 47: 6
Best right: C1: 1

Truncated left: XOR-NOT72 03 14 25 36 47: 6
Truncated right: C1: 1

Tentative from right
7 C1
6 pending
5 pending
4 pending
3 pending
2 pending
1 pending
0 pending

Tentative
0 XOR-NOT72
1 XOR-NOT03
2 XOR-NOT14
3 XOR-NOT25
4 XOR-NOT36
5 XOR-NOT47
6 pending
7 C1

Preferred from left
0 XOR-NOT72
1 XOR-NOT03
2 XOR-NOT14
3 XOR-NOT25
4 XOR-NOT36
5 XOR-NOT47
6 ?50
7 C1

Preferred from right
7 C1
6 ?50
5 XOR-NOT47
4 XOR-NOT36
3 XOR-NOT25
2 XOR-NOT14
1 XOR-NOT03
0 XOR-NOT72

Preferred
0 XOR-NOT72
1 XOR-NOT03
2 XOR-NOT14
3 XOR-NOT25
4 XOR-NOT36
5 XOR-NOT47
6 ?50 ?05
7 C1

Matching
0 XOR-NOT72
1 XOR-NOT03
2 XOR-NOT14
3 XOR-NOT25
4 XOR-NOT36
5 XOR-NOT47
6 ?50 ?05 - Identity absent, NOT NOT5, Constant absent, AND absent, OR absent, XOR absent, AND-NOT absent, OR-NOT absent, XOR-NOT absent
7 C1

Perfect match
Identity no
NOT yes
Constant no
AND no
OR no
XOR no
AND-NOT no
OR-NOT no
XOR-NOT no

Matched
0 XOR-NOT72
1 XOR-NOT03
2 XOR-NOT14
3 XOR-NOT25
4 XOR-NOT36
5 XOR-NOT47
6 NOT5
7 C1

Selected
0 XOR-NOT72
1 XOR-NOT03
2 XOR-NOT14
3 XOR-NOT25
4 XOR-NOT36
5 XOR-NOT47
6 NOT5
7 C1

Applying to 11101001
Input
0 1
1 1
2 1
3 0
4 1
5 0
6 0
7 1
Output
0 XOR-NOT72 = XOR(1,NOT(1)) = 1
1 XOR-NOT03 = XOR(1,NOT(0)) = 0
2 XOR-NOT14 = XOR(1,NOT(1)) = 1
3 XOR-NOT25 = XOR(1,NOT(0)) = 0
4 XOR-NOT36 = XOR(0,NOT(0)) = 1
5 XOR-NOT47 = XOR(1,NOT(1)) = 1
6 NOT5 = NOT(0) = 1
7 C1 = 1

I will now return the answer in \boxed{}
The answer in \boxed{–} is \boxed{10101111}
[correct]
true
