[category]
bit_manipulation
[prompt]
In Alice's Wonderland, a secret bit manipulation rule transforms 8-bit binary numbers. The transformation involves operations like bit shifts, rotations, XOR, AND, OR, NOT, and possibly majority or choice functions.

Here are some examples of input -> output:
10110101 -> 10000000
10000000 -> 00100100
11111111 -> 11000000
11101010 -> 01101101
01111111 -> 11100100
01000111 -> 00101011
10110110 -> 10011000
01101111 -> 01100000

Now, determine the output for: 11110111
[completion]
We need to deduce the transformation by matching the example outputs.
I will put my final answer inside \boxed{}.

Output 0: 10000000
0 1
1 0
2 0
3 0
4 0
5 0
6 0
7 0

Output 1: 00100100
0 0
1 0
2 1
3 0
4 0
5 1
6 0
7 0

Output 2: 11000000
0 1
1 1
2 0
3 0
4 0
5 0
6 0
7 0

Output 3: 01101101
0 0
1 1
2 1
3 0
4 1
5 1
6 0
7 1

Output 4: 11100100
0 1
1 1
2 1
3 0
4 0
5 1
6 0
7 0

Output 5: 00101011
0 0
1 0
2 1
3 0
4 1
5 0
6 1
7 1

Output 6: 10011000
0 1
1 0
2 0
3 1
4 1
5 0
6 0
7 0

Output 7: 01100000
0 0
1 1
2 1
3 0
4 0
5 0
6 0
7 0

Output bit columns (with bitsum as hash)
0 10101010 4
1 00111001 4
2 01011101 5
3 00000010 1
4 00010110 3
5 01011000 3
6 00000100 1
7 00010100 2

Input 0: 10110101
0 1
1 0
2 1
3 1
4 0
5 1
6 0
7 1

Input 1: 10000000
0 1
1 0
2 0
3 0
4 0
5 0
6 0
7 0

Input 2: 11111111
0 1
1 1
2 1
3 1
4 1
5 1
6 1
7 1

Input 3: 11101010
0 1
1 1
2 1
3 0
4 1
5 0
6 1
7 0

Input 4: 01111111
0 0
1 1
2 1
3 1
4 1
5 1
6 1
7 1

Input 5: 01000111
0 0
1 1
2 0
3 0
4 0
5 1
6 1
7 1

Input 6: 10110110
0 1
1 0
2 1
3 1
4 0
5 1
6 1
7 0

Input 7: 01101111
0 0
1 1
2 1
3 0
4 1
5 1
6 1
7 1

When matching output
x: not in operator
y: wrong position

Identity
0 11110010 5
1 00111101 5
2 10111011 6
3 10101010 4 match 0
4 00111001 4 match 1
5 10101111 6
6 00111111 6
7 10101101 5

Matching output
0 3
1 4
2 absent
3 absent
4 absent
5 absent
6 absent
7 absent

Left
3 4 5x
Best: I3 4: 2

Right
none
Best: none

NOT
0 00001101 3
1 11000010 3
2 01000100 2
3 01010101 4
4 11000110 4
5 01010000 2
6 11000000 2
7 01010010 3

Matching output
0 absent
1 absent
2 absent
3 absent
4 absent
5 absent
6 absent
7 absent

Left
none
Best: none

Right
none
Best: none

Constant
0 00000000 a
1 11111111 a

Matching output
0 absent
1 absent
2 absent
3 absent
4 absent
5 absent
6 absent
7 absent

Left
none
Best: none

Right
none
Best: none

AND
01 10 00110000 2
12 21 00111001 4 match 1
23 32 10101010 4 match 0
34 43 00101000 2
45 54 00101001 3
56 65 00101111 5
67 76 00101101 4
70 07 10100000 2

02 20 10110010 4
13 31 00101000 2
24 42 00111001 4 match 1
35 53 10101010 4 match 0
46 64 00111001 4 match 1
57 75 10101101 5
60 06 00110010 3
71 17 00101101 4

03 30 10100010 3
14 41 00111001 4 match 1
25 52 10101011 5
36 63 00101010 3
47 74 00101001 3
50 05 10100010 3
61 16 00111101 5
72 27 10101001 4

04 40 00110000 2
15 51 00101101 4
26 62 00111011 5
37 73 10101000 3

Matching output
0 23 32 35 53
1 12 21 24 42 46 64 14 41
2 absent
3 absent
4 absent
5 absent
6 absent
7 absent

Left
23 34x
32 43x
35 46 57x
53 64 75x
Best: AND35 46: 2

Right
none
Best: none

OR
01 10 11111111 a
12 21 10111111 7
23 32 10111011 6
34 43 10111011 6
45 54 10111111 7
56 65 10111111 7
67 76 10111111 7
70 07 11111111 a

02 20 11111011 7
13 31 10111111 7
24 42 10111011 6
35 53 10101111 6
46 64 00111111 6
57 75 10101111 6
60 06 11111111 a
71 17 10111101 6

03 30 11111010 6
14 41 00111101 5
25 52 10111111 7
36 63 10111111 7
47 74 10111101 6
50 05 11111111 a
61 16 00111111 6
72 27 10111111 7

04 40 11111011 7
15 51 10111111 7
26 62 10111111 7
37 73 10101111 6

Matching output
0 absent
1 absent
2 absent
3 absent
4 absent
5 absent
6 absent
7 absent

Left
none
Best: none

Right
none
Best: none

XOR
01 10 11001111 6
12 21 10000110 3
23 32 00010001 2
34 43 10010011 4
45 54 10010110 4
56 65 10010000 2
67 76 10010010 3
70 07 01011111 6

02 20 01001001 3
13 31 10010111 5
24 42 10000010 2
35 53 00000101 2
46 64 00000110 2
57 75 00000010 1 match 3
60 06 11001101 5
71 17 10010000 2

03 30 01011000 3 match 5
14 41 00000100 1 match 6
25 52 00010100 2 match 7
36 63 10010101 4
47 74 10010100 3
50 05 01011101 5 match 2
61 16 00000010 1 match 3
72 27 00010110 3 match 4

04 40 11001011 5
15 51 10010010 3
26 62 10000100 2
37 73 00000111 3

Matching output
0 absent
1 absent
2 50 05
3 57 75 61 16
4 72 27
5 03 30
6 14 41
7 25 52

Left
none
Best: none

Right
25 14 03 72 61 50 47x
52 41 30 27 16 05 74x
Best: XOR25 14 03 72 61 50: 6

AND-NOT
01 11000010 3
12 00000100 1 match 6
23 00010001 2
34 10000010 2
45 00010000 1
56 10000000 1
67 00010010 2
70 00001101 3

02 01000000 1
13 00010101 3
24 10000010 2
35 00000000 a
46 00000000 a
57 00000010 1 match 3
60 00001101 3
71 10000000 1

03 01010000 2
14 00000100 1 match 6
25 00010000 1
36 10000000 1
47 00010000 1
50 00001101 3
61 00000010 1 match 3
72 00000100 1 match 6

04 11000010 3
15 00010000 1
26 10000000 1
37 00000010 1 match 3
40 00001001 2
51 10000010 2
62 00000100 1 match 6
73 00000101 2

05 01010000 2
16 00000000 a
27 00010010 2
30 00001000 1
41 00000000 a
52 00000100 1 match 6
63 00010101 3
74 10000100 2

06 11000000 2
17 00010000 1
20 00001001 2
31 10000010 2
42 00000000 a
53 00000101 2
64 00000110 2
75 00000000 a

07 01010010 3
10 00001101 3
21 10000010 2
32 00000000 a
43 00010001 2
54 10000110 3
65 00010000 1
76 10000000 1

Matching output
0 absent
1 absent
2 absent
3 57 61 37
4 absent
5 absent
6 12 14 72 62 52
7 absent

Left
none
Best: none

Right
none
Best: none

OR-NOT
01 11110010 5
12 01111101 6
23 11111111 a
34 11101110 6
45 01111001 5
56 11101111 7
67 01111111 7
70 10101101 5

02 11110110 6
13 01111101 6
24 11111111 a
35 11111010 6
46 11111001 6
57 11111111 a
60 00111111 6
71 11101111 7

03 11110111 7
14 11111111 a
25 11111011 7
36 11101010 5
47 01111011 6
50 10101111 6
61 11111111 a
72 11101101 6

04 11110110 6
15 01111101 6
26 11111011 7
37 11111010 6
40 00111101 5
51 11101111 7
62 01111111 7
73 11111101 7

05 11110010 5
16 11111101 7
27 11111011 7
30 10101111 6
41 11111011 7
52 11101111 7
63 01111111 7
74 11101111 7

06 11110010 5
17 01111111 7
20 10111111 7
31 11101010 5
42 01111101 6
53 11111111 a
64 11111111 a
75 11111101 7

07 11110010 5
10 00111101 5
21 11111011 7
32 11101110 6
43 01111101 6
54 11101111 7
65 01111111 7
76 11101101 6

Matching output
0 absent
1 absent
2 absent
3 absent
4 absent
5 absent
6 absent
7 absent

Left
none
Best: none

Right
none
Best: none

XOR-NOT
01 00110000 2
12 01111001 5
23 11101110 6
34 01101100 4
45 01101001 4
56 01101111 6
67 01101101 5
70 10100000 2

02 10110110 5
13 01101000 3
24 01111101 6
35 11111010 6
46 11111001 6
57 11111101 7
60 00110010 3
71 01101111 6

03 10100111 5
14 11111011 7
25 11101011 6
36 01101010 4
47 01101011 5
50 10100010 3
61 11111101 7
72 11101001 5

04 00110100 3
15 01101101 5
26 01111011 6
37 11111000 5
40 00110100 3
51 01101101 5
62 01111011 6
73 11111000 5

05 10100010 3
16 11111101 7
27 11101001 5
30 10100111 5
41 11111011 7
52 11101011 6
63 01101010 4
74 01101011 5

06 00110010 3
17 01101111 6
20 10110110 5
31 01101000 3
42 01111101 6
53 11111010 6
64 11111001 6
75 11111101 7

07 10100000 2
10 00110000 2
21 01111001 5
32 11101110 6
43 01101100 4
54 01101001 4
65 01101111 6
76 01101101 5

Matching output
0 absent
1 absent
2 absent
3 absent
4 absent
5 absent
6 absent
7 absent

Left
none
Best: none

Right
none
Best: none

Selecting

Lefts
Identity I3 4: 2
NOT none
Constant none
AND AND35 46: 2
OR none
XOR none
AND-NOT none
OR-NOT none
XOR-NOT none

Rights
Identity none
NOT none
Constant none
AND none
OR none
XOR XOR25 14 03 72 61 50: 6
AND-NOT none
OR-NOT none
XOR-NOT none

Left longest: 2
Right longest: 6

Right winner: Identity no, NOT no, Constant no, AND no, OR no, XOR yes, AND-NOT no, OR-NOT no, XOR-NOT no
Left winner: Identity yes, NOT no, Constant no, AND no, OR no, XOR no, AND-NOT no, OR-NOT no, XOR-NOT no

Best right: XOR25 14 03 72 61 50: 6
Best left: I3 4: 2

Truncated right: XOR25 14 03 72 61 50: 6
Truncated left: I3 4: 2

Tentative from right
7 XOR25
6 XOR14
5 XOR03
4 XOR72
3 XOR61
2 XOR50
1 pending
0 pending

Tentative
0 I3
1 I4
2 XOR50
3 XOR61
4 XOR72
5 XOR03
6 XOR14
7 XOR25

Preferred from right
7 XOR25
6 XOR14
5 XOR03
4 XOR72
3 XOR61
2 XOR50
1 I4
0 I3

Preferred from left
0 I3
1 I4
2 XOR50
3 XOR61
4 XOR72
5 XOR03
6 XOR14
7 XOR25

Preferred
0 I3
1 I4
2 XOR50
3 XOR61
4 XOR72
5 XOR03
6 XOR14
7 XOR25

Matching
0 I3
1 I4
2 XOR50
3 XOR61
4 XOR72
5 XOR03
6 XOR14
7 XOR25

Perfect match
Identity no
NOT no
Constant no
AND no
OR no
XOR no
AND-NOT no
OR-NOT no
XOR-NOT no

Matched
0 I3
1 I4
2 XOR50
3 XOR61
4 XOR72
5 XOR03
6 XOR14
7 XOR25

Selected
0 I3
1 I4
2 XOR50
3 XOR61
4 XOR72
5 XOR03
6 XOR14
7 XOR25

Applying to 11110111
Input
0 1
1 1
2 1
3 1
4 0
5 1
6 1
7 1
Output
0 I3 = 1
1 I4 = 0
2 XOR50 = XOR(1,1) = 0
3 XOR61 = XOR(1,1) = 0
4 XOR72 = XOR(1,1) = 0
5 XOR03 = XOR(1,1) = 0
6 XOR14 = XOR(1,0) = 1
7 XOR25 = XOR(1,1) = 0

I will now return the answer in \boxed{}
The answer in \boxed{–} is \boxed{10000010}
[correct]
true
