[category]
bit_manipulation
[prompt]
In Alice's Wonderland, a secret bit manipulation rule transforms 8-bit binary numbers. The transformation involves operations like bit shifts, rotations, XOR, AND, OR, NOT, and possibly majority or choice functions.

Here are some examples of input -> output:
00110011 -> 00000000
01111011 -> 10110100
11111000 -> 01110000
10000101 -> 00000010
00010100 -> 00001000
00101110 -> 00010100
01010101 -> 10101010
00000110 -> 00000000
01101011 -> 10010100
00011111 -> 00001110

Now, determine the output for: 11011111
[completion]
We need to deduce the transformation by matching the example outputs.
I will put my final answer inside \boxed{}.

Output 0: 00000000
0 0
1 0
2 0
3 0
4 0
5 0
6 0
7 0

Output 1: 10110100
0 1
1 0
2 1
3 1
4 0
5 1
6 0
7 0

Output 2: 01110000
0 0
1 1
2 1
3 1
4 0
5 0
6 0
7 0

Output 3: 00000010
0 0
1 0
2 0
3 0
4 0
5 0
6 1
7 0

Output 4: 00001000
0 0
1 0
2 0
3 0
4 1
5 0
6 0
7 0

Output 5: 00010100
0 0
1 0
2 0
3 1
4 0
5 1
6 0
7 0

Output 6: 10101010
0 1
1 0
2 1
3 0
4 1
5 0
6 1
7 0

Output 7: 00000000
0 0
1 0
2 0
3 0
4 0
5 0
6 0
7 0

Output 8: 10010100
0 1
1 0
2 0
3 1
4 0
5 1
6 0
7 0

Output 9: 00001110
0 0
1 0
2 0
3 0
4 1
5 1
6 1
7 0

Output bit columns (with bitsum as hash)
0 0100001010 3
1 0010000000 1
2 0110001000 3
3 0110010010 4
4 0000101001 3
5 0100010011 4
6 0001001001 3
7 0000000000 a

Input 0: 00110011
0 0
1 0
2 1
3 1
4 0
5 0
6 1
7 1

Input 1: 01111011
0 0
1 1
2 1
3 1
4 1
5 0
6 1
7 1

Input 2: 11111000
0 1
1 1
2 1
3 1
4 1
5 0
6 0
7 0

Input 3: 10000101
0 1
1 0
2 0
3 0
4 0
5 1
6 0
7 1

Input 4: 00010100
0 0
1 0
2 0
3 1
4 0
5 1
6 0
7 0

Input 5: 00101110
0 0
1 0
2 1
3 0
4 1
5 1
6 1
7 0

Input 6: 01010101
0 0
1 1
2 0
3 1
4 0
5 1
6 0
7 1

Input 7: 00000110
0 0
1 0
2 0
3 0
4 0
5 1
6 1
7 0

Input 8: 01101011
0 0
1 1
2 1
3 0
4 1
5 0
6 1
7 1

Input 9: 00011111
0 0
1 0
2 0
3 1
4 1
5 1
6 1
7 1

When matching output
x: not in operator
y: wrong position

Identity
0 0011000000 2
1 0110001010 4
2 1110010010 5
3 1110101001 6
4 0110010011 5
5 0001111101 6
6 1100010111 6
7 1101001011 6

Matching output
0 absent
1 absent
2 absent
3 absent
4 absent
5 absent
6 absent
7 absent

Left
none
Best: none

Right
none
Best: none

NOT
0 1100111111 8
1 1001110101 6
2 0001101101 5
3 0001010110 4
4 1001101100 5
5 1110000010 4
6 0011101000 4
7 0010110100 4

Matching output
0 absent
1 absent
2 absent
3 absent
4 absent
5 absent
6 absent
7 absent

Left
none
Best: none

Right
none
Best: none

Constant
0 0000000000 a match 7
1 1111111111 a

Matching output
0 absent
1 absent
2 absent
3 absent
4 absent
5 absent
6 absent
7 C0

Left
none
Best: none

Right
0
Best: C0: 1

AND
01 10 0010000000 1 match 1
12 21 0110000010 3
23 32 1110000000 3
34 43 0110000001 3
45 54 0000010001 2
56 65 0000010101 3
67 76 1100000011 4
70 07 0001000000 1

02 20 0010000000 1 match 1
13 31 0110001000 3 match 2
24 42 0110010010 4 match 3
35 53 0000101001 3 match 4
46 64 0100010011 4 match 5
57 75 0001001001 3 match 6
60 06 0000000000 a match 7
71 17 0100001010 3 match 0

03 30 0010000000 1 match 1
14 41 0110000010 3
25 52 0000010000 1
36 63 1100000001 3
47 74 0100000011 3
50 05 0001000000 1
61 16 0100000010 2
72 27 1100000010 3

04 40 0010000000 1 match 1
15 51 0000001000 1
26 62 1100010010 4
37 73 1100001001 4

Matching output
0 71 17
1 01 10 02 20 03 30 04 40
2 13 31
3 24 42
4 35 53
5 46 64
6 57 75
7 60 06

Left
71 02 13 24 35 46 57 60
17 20 31 42 53 64 75 06
Best: AND71 02 13 24 35 46 57 60: 8

Right
60 57 46 35 24 13 02 71
06 75 64 53 42 31 20 17
Best: AND60 57 46 35 24 13 02 71: 8

OR
01 10 0111001010 5
12 21 1110011010 6
23 32 1110111011 8
34 43 1110111011 8
45 54 0111111111 9
56 65 1101111111 9
67 76 1101011111 8
70 07 1111001011 7

02 20 1111010010 6
13 31 1110101011 7
24 42 1110010011 6
35 53 1111111101 9
46 64 1110010111 7
57 75 1101111111 9
60 06 1111010111 8
71 17 1111001011 7

03 30 1111101001 7
14 41 0110011011 6
25 52 1111111111 a
36 63 1110111111 9
47 74 1111011011 8
50 05 0011111101 7
61 16 1110011111 8
72 27 1111011011 8

04 40 0111010011 6
15 51 0111111111 9
26 62 1110010111 7
37 73 1111101011 8

Matching output
0 absent
1 absent
2 absent
3 absent
4 absent
5 absent
6 absent
7 absent

Left
none
Best: none

Right
none
Best: none

XOR
01 10 0101001010 4
12 21 1000011000 3
23 32 0000111011 5
34 43 1000111010 5
45 54 0111101110 7
56 65 1101101010 6
67 76 0001011100 4
70 07 1110001011 6

02 20 1101010010 5
13 31 1000100011 4
24 42 1000000001 2
35 53 1111010100 6
46 64 1010000100 3
57 75 1100110110 6
60 06 1111010111 8
71 17 1011000001 4

03 30 1101101001 6
14 41 0000011001 3
25 52 1111101111 9
36 63 0010111110 6
47 74 1011011000 5
50 05 0010111101 6
61 16 1010011101 6
72 27 0011011001 5

04 40 0101010011 5
15 51 0111110111 8
26 62 0010000101 3
37 73 0011100010 4

Matching output
0 absent
1 absent
2 absent
3 absent
4 absent
5 absent
6 absent
7 absent

Left
none
Best: none

Right
none
Best: none

AND-NOT
01 0001000000 1
12 0000001000 1
23 0000010010 2
34 1000101000 3
45 0110000010 3
56 0001101000 3
67 0000010100 2
70 1100001011 5

02 0001000000 1
13 0000000010 1
24 1000000000 1
35 1110000000 3
46 0010000000 1 match 1
57 0000110100 3
60 1100010111 6
71 1001000001 3

03 0001000000 1
14 0000001000 1
25 1110000010 4
36 0010101000 3
47 0010010000 2
50 0000111101 5
61 1000010101 4
72 0001001001 3 match 6

04 0001000000 1
15 0110000010 3
26 0010000000 1 match 1
37 0010100000 2
40 0100010011 4 match 5
51 0001110101 5
62 0000000101 2
73 0001000010 2

05 0010000000 1 match 1
16 0010001000 2
27 0010010000 2
30 1100101001 5
41 0000010001 2
52 0001101101 5
63 0000010110 3
74 1001001000 3

06 0011000000 2
17 0010000000 1 match 1
20 1100010010 4
31 1000100001 3
42 0000000001 1
53 0001010100 3
64 1000000100 2
75 1100000010 3

07 0010000000 1 match 1
10 0100001010 3 match 0
21 1000010000 2
32 0000101001 3 match 4
43 0000010010 2
54 0001101100 4
65 1100000010 3
76 0001001000 2

Matching output
0 10
1 46 26 05 17 07
2 absent
3 absent
4 32
5 40
6 72
7 absent

Left
10 21x
Best: AND-NOT10: 1

Right
none
Best: none

OR-NOT
01 1011110101 7
12 0111101111 8
23 1111010110 7
34 1111101101 8
45 1110010011 6
56 0011111101 7
67 1110110111 8
70 1101111111 9

02 0011101101 6
13 0111011110 7
24 1111111110 9
35 1110101011 7
46 0111111011 8
57 0011111101 7
60 1100111111 8
71 1101111111 9

03 0011010110 5
14 1111101110 8
25 1110010010 5
36 1111101001 7
47 0110110111 7
50 1101111111 9
61 1101110111 8
72 1101101111 8

04 1011101100 6
15 1110001010 5
26 1111111010 8
37 1110111101 8
40 1110111111 9
51 1001111101 7
62 1101111111 9
73 1101011111 8

05 1111000010 5
16 0111101010 6
27 1110110110 7
30 1110111111 9
41 1111110111 9
52 0001111101 6
63 1101010111 7
74 1101101111 8

06 0011101000 4
17 0110111110 7
20 1110111111 9
31 1111111101 9
42 0111111111 9
53 0001111111 7
64 1101111111 9
75 1111001011 7

07 0011110100 5
10 1110111111 9
21 1111110111 9
32 1111101101 8
43 0111010111 7
54 1001111101 7
65 1110010111 7
76 1111101011 8

Matching output
0 absent
1 absent
2 absent
3 absent
4 absent
5 absent
6 absent
7 absent

Left
none
Best: none

Right
none
Best: none

XOR-NOT
01 1010110101 6
12 0111100111 7
23 1111000100 5
34 0111000101 5
45 1000010001 3
56 0010010101 4
67 1110100011 6
70 0001110100 4

02 0010101101 5
13 0111011100 6
24 0111111110 8
35 0000101011 4
46 0101111011 7
57 0011001001 4
60 0000101000 2
71 0100111110 6

03 0010010110 4
14 1111100110 7
25 0000010000 1
36 1101000001 4
47 0100100111 5
50 1101000010 4
61 0101100010 4
72 1100100110 5

04 1010101100 5
15 1000001000 2
26 1101111010 7
37 1100011101 6
40 1010101100 5
51 1000001000 2
62 1101111010 7
73 1100011101 6

05 1101000010 4
16 0101100010 4
27 1100100110 5
30 0010010110 4
41 1111100110 7
52 0000010000 1
63 1101000001 4
74 0100100111 5

06 0000101000 2
17 0100111110 6
20 0010101101 5
31 0111011100 6
42 0111111110 8
53 0000101011 4
64 0101111011 7
75 0011001001 4

07 0001110100 4
10 1010110101 6
21 0111100111 7
32 1111000100 5
43 0111000101 5
54 1000010001 3
65 0010010101 4
76 1110100011 6

Matching output
0 absent
1 absent
2 absent
3 absent
4 absent
5 absent
6 absent
7 absent

Left
none
Best: none

Right
none
Best: none

Selecting

Lefts
Identity none
NOT none
Constant none
AND AND71 02 13 24 35 46 57 60: 8
OR none
XOR none
AND-NOT AND-NOT10: 1
OR-NOT none
XOR-NOT none

Rights
Identity none
NOT none
Constant C0: 1
AND AND60 57 46 35 24 13 02 71: 8
OR none
XOR none
AND-NOT none
OR-NOT none
XOR-NOT none

Left longest: 8
Right longest: 8

Left winner: Identity no, NOT no, Constant no, AND yes, OR no, XOR no, AND-NOT no, OR-NOT no, XOR-NOT no
Right winner: Identity no, NOT no, Constant no, AND yes, OR no, XOR no, AND-NOT no, OR-NOT no, XOR-NOT no

Best left: AND71 02 13 24 35 46 57 60: 8
Best right: AND60 57 46 35 24 13 02 71: 8

Truncated left: AND71 02 13 24 35 46 57 60: 8
Truncated right: none truncated

Tentative from right
7 pending
6 pending
5 pending
4 pending
3 pending
2 pending
1 pending
0 pending

Tentative
0 AND71
1 AND02
2 AND13
3 AND24
4 AND35
5 AND46
6 AND57
7 AND60

Preferred from left
0 AND71
1 AND02
2 AND13
3 AND24
4 AND35
5 AND46
6 AND57
7 AND60

Preferred from right
7 AND60
6 AND57
5 AND46
4 AND35
3 AND24
2 AND13
1 AND02
0 AND71

Preferred
0 AND71
1 AND02
2 AND13
3 AND24
4 AND35
5 AND46
6 AND57
7 AND60

Matching
0 AND71
1 AND02
2 AND13
3 AND24
4 AND35
5 AND46
6 AND57
7 AND60

Perfect match
Identity no
NOT no
Constant no
AND no
OR no
XOR no
AND-NOT no
OR-NOT no
XOR-NOT no

Matched
0 AND71
1 AND02
2 AND13
3 AND24
4 AND35
5 AND46
6 AND57
7 AND60

Selected
0 AND71
1 AND02
2 AND13
3 AND24
4 AND35
5 AND46
6 AND57
7 AND60

Applying to 11011111
Input
0 1
1 1
2 0
3 1
4 1
5 1
6 1
7 1
Output
0 AND71 = AND(1,1) = 1
1 AND02 = AND(1,0) = 0
2 AND13 = AND(1,1) = 1
3 AND24 = AND(0,1) = 0
4 AND35 = AND(1,1) = 1
5 AND46 = AND(1,1) = 1
6 AND57 = AND(1,1) = 1
7 AND60 = AND(1,1) = 1

I will now return the answer in \boxed{}
The answer in \boxed{–} is \boxed{10101111}
[correct]
true
