[category]
bit_manipulation
[prompt]
In Alice's Wonderland, a secret bit manipulation rule transforms 8-bit binary numbers. The transformation involves operations like bit shifts, rotations, XOR, AND, OR, NOT, and possibly majority or choice functions.

Here are some examples of input -> output:
00110100 -> 00001101
10100111 -> 11101011
10110111 -> 11101111
01000100 -> 00010000
11010110 -> 10110110
01001001 -> 01010011
01001011 -> 11010011
10001001 -> 01100000
00100000 -> 00001000
00000000 -> 00000000

Now, determine the output for: 10001110
[completion]
We need to deduce the transformation by matching the example outputs.
I will put my final answer inside \boxed{}.

Output 0: 00001101
0 0
1 0
2 0
3 0
4 1
5 1
6 0
7 1

Output 1: 11101011
0 1
1 1
2 1
3 0
4 1
5 0
6 1
7 1

Output 2: 11101111
0 1
1 1
2 1
3 0
4 1
5 1
6 1
7 1

Output 3: 00010000
0 0
1 0
2 0
3 1
4 0
5 0
6 0
7 0

Output 4: 10110110
0 1
1 0
2 1
3 1
4 0
5 1
6 1
7 0

Output 5: 01010011
0 0
1 1
2 0
3 1
4 0
5 0
6 1
7 1

Output 6: 11010011
0 1
1 1
2 0
3 1
4 0
5 0
6 1
7 1

Output 7: 01100000
0 0
1 1
2 1
3 0
4 0
5 0
6 0
7 0

Output 8: 00001000
0 0
1 0
2 0
3 0
4 1
5 0
6 0
7 0

Output 9: 00000000
0 0
1 0
2 0
3 0
4 0
5 0
6 0
7 0

Output bit columns (with bitsum as hash)
0 0110101000 4
1 0110011100 5
2 0110100100 4
3 0001111000 4
4 1110000010 4
5 1010100000 3
6 0110111000 5
7 1110011000 5

Input 0: 00110100
0 0
1 0
2 1
3 1
4 0
5 1
6 0
7 0

Input 1: 10100111
0 1
1 0
2 1
3 0
4 0
5 1
6 1
7 1

Input 2: 10110111
0 1
1 0
2 1
3 1
4 0
5 1
6 1
7 1

Input 3: 01000100
0 0
1 1
2 0
3 0
4 0
5 1
6 0
7 0

Input 4: 11010110
0 1
1 1
2 0
3 1
4 0
5 1
6 1
7 0

Input 5: 01001001
0 0
1 1
2 0
3 0
4 1
5 0
6 0
7 1

Input 6: 01001011
0 0
1 1
2 0
3 0
4 1
5 0
6 1
7 1

Input 7: 10001001
0 1
1 0
2 0
3 0
4 1
5 0
6 0
7 1

Input 8: 00100000
0 0
1 0
2 1
3 0
4 0
5 0
6 0
7 0

Input 9: 00000000
0 0
1 0
2 0
3 0
4 0
5 0
6 0
7 0

When matching output
x: not in operator
y: wrong position

Identity
0 0110100100 4 match 2
1 0001111000 4 match 3
2 1110000010 4 match 4
3 1010100000 3 match 5
4 0000011100 3
5 1111100000 5
6 0110101000 4 match 0
7 0110011100 5 match 1

Matching output
0 6
1 7
2 0
3 1
4 2
5 3
6 absent
7 absent

Left
6 7 0 1 2 3 4x
Best: I6 7 0 1 2 3: 6

Right
none
Best: none

NOT
0 1001011011 6
1 1110000111 6
2 0001111101 6
3 0101011111 7
4 1111100011 7
5 0000011111 5
6 1001010111 6
7 1001100011 5

Matching output
0 absent
1 absent
2 absent
3 absent
4 absent
5 absent
6 absent
7 absent

Left
none
Best: none

Right
none
Best: none

Constant
0 0000000000 a
1 1111111111 a

Matching output
0 absent
1 absent
2 absent
3 absent
4 absent
5 absent
6 absent
7 absent

Left
none
Best: none

Right
none
Best: none

AND
01 10 0000100000 1
12 21 0000000000 a
23 32 1010000000 2
34 43 0000000000 a
45 54 0000000000 a
56 65 0110100000 3
67 76 0110001000 3
70 07 0110000100 3

02 20 0110000000 2
13 31 0000100000 1
24 42 0000000000 a
35 53 1010100000 3 match 5
46 64 0000001000 1
57 75 0110000000 2
60 06 0110100000 3
71 17 0000011000 2

03 30 0010100000 2
14 41 0000011000 2
25 52 1110000000 3
36 63 0010100000 2
47 74 0000011100 3
50 05 0110100000 3
61 16 0000101000 2
72 27 0110000000 2

04 40 0000000100 1
15 51 0001100000 2
26 62 0110000000 2
37 73 0010000000 1

Matching output
0 absent
1 absent
2 absent
3 absent
4 absent
5 35 53
6 absent
7 absent

Left
none
Best: none

Right
none
Best: none

OR
01 10 0111111100 7
12 21 1111111010 8
23 32 1110100010 5
34 43 1010111100 6
45 54 1111111100 8
56 65 1111101000 6
67 76 0110111100 6
70 07 0110111100 6

02 20 1110100110 6
13 31 1011111000 6
24 42 1110011110 7
35 53 1111100000 5
46 64 0110111100 6
57 75 1111111100 8
60 06 0110101100 5
71 17 0111111100 7

03 30 1110100100 5
14 41 0001111100 5
25 52 1111100010 6
36 63 1110101000 5
47 74 0110011100 5 match 1
50 05 1111100100 6
61 16 0111111000 6
72 27 1110011110 7

04 40 0110111100 6
15 51 1111111000 7
26 62 1110101010 6
37 73 1110111100 7

Matching output
0 absent
1 47 74
2 absent
3 absent
4 absent
5 absent
6 absent
7 absent

Left
none
Best: none

Right
none
Best: none

XOR
01 10 0111011100 6
12 21 1111111010 8
23 32 0100100010 3
34 43 1010111100 6
45 54 1111111100 8
56 65 1001001000 3
67 76 0000110100 3
70 07 0000111000 3

02 20 1000100110 4
13 31 1011011000 5
24 42 1110011110 7
35 53 0101000000 2
46 64 0110110100 5
57 75 1001111100 6
60 06 0000001100 2
71 17 0111100100 5

03 30 1100000100 3
14 41 0001100100 3
25 52 0001100010 3
36 63 1100001000 3
47 74 0110000000 2
50 05 1001000100 3
61 16 0111010000 4
72 27 1000011110 5

04 40 0110111000 5 match 6
15 51 1110011000 5 match 7
26 62 1000101010 4
37 73 1100111100 6

Matching output
0 absent
1 absent
2 absent
3 absent
4 absent
5 absent
6 04 40
7 15 51

Left
none
Best: none

Right
15 04 73x
51 40 37x
Best: XOR15 04: 2

AND-NOT
01 0110000100 3
12 0001111000 4 match 3
23 0100000010 2
34 1010100000 3 match 5
45 0000011100 3
56 1001000000 2
67 0000100000 1
70 0000011000 2

02 0000100100 2
13 0001011000 3
24 1110000010 4 match 4
35 0000000000 a
46 0000010100 2
57 1001100000 3
60 0000001000 1
71 0110000100 3

03 0100000100 2
14 0001100000 2
25 0000000010 1
36 1000000000 1
47 0000000000 a
50 1001000000 2
61 0110000000 2
72 0000011100 3

04 0110100000 3
15 0000011000 2
26 1000000010 2
37 1000100000 2
40 0000011000 2
51 1110000000 3
62 0000101000 2
73 0100011100 4

05 0000000100 1
16 0001010000 2
27 1000000010 2
30 1000000000 1
41 0000000100 1
52 0001100000 2
63 0100001000 2
74 0110000000 2

06 0000000100 1
17 0001100000 2
20 1000000010 2
31 1010000000 2
42 0000011100 3
53 0101000000 2
64 0110100000 3
75 0000011100 3

07 0000100000 1
10 0001011000 3
21 1110000010 4 match 4
32 0000100000 1
43 0000011100 3
54 1111100000 5
65 0000001000 1
76 0000010100 2

Matching output
0 absent
1 absent
2 absent
3 12
4 24 21
5 34
6 absent
7 absent

Left
none
Best: none

Right
none
Best: none

OR-NOT
01 1110100111 7
12 0001111101 6
23 1111011111 9
34 1111100011 7
45 0000011111 5
56 1111110111 9
67 1111101011 8
70 1111011111 9

02 0111111101 8
13 0101111111 8
24 1111100011 7
35 1010111111 8
46 1001011111 7
57 1111100011 7
60 1111111011 9
71 1110011111 8

03 0111111111 9
14 1111111011 9
25 1110011111 8
36 1011110111 8
47 1001111111 8
50 1111111011 9
61 1110101111 8
72 0111111101 8

04 1111100111 8
15 0001111111 7
26 1111010111 8
37 1011100011 6
40 1001011111 7
51 1111100111 8
62 0111111101 8
73 0111011111 8

05 0110111111 8
16 1001111111 8
27 1111100011 7
30 1011111011 8
41 1110011111 8
52 1111111101 9
63 0111111111 9
74 1111111111 a

06 1111110111 9
17 1001111011 7
20 1111011011 8
31 1110100111 7
42 0001111101 6
53 1111111111 a
64 1111101011 8
75 0110011111 7

07 1111100111 8
10 1001111011 7
21 1110000111 6
32 1011111101 8
43 0101011111 7
54 1111100011 7
65 0110111111 8
76 1111011111 9

Matching output
0 absent
1 absent
2 absent
3 absent
4 absent
5 absent
6 absent
7 absent

Left
none
Best: none

Right
none
Best: none

XOR-NOT
01 1000100011 4
12 0000000101 2
23 1011011101 7
34 0101000011 4
45 0000000011 2
56 0110110111 7
67 1111001011 7
70 1111000111 7

02 0111011001 6
13 0100100111 5
24 0001100001 3
35 1010111111 8
46 1001001011 5
57 0110000011 4
60 1111110011 8
71 1000011011 5

03 0011111011 7
14 1110011011 7
25 1110011101 7
36 0011110111 7
47 1001111111 8
50 0110111011 7
61 1000101111 6
72 0111100001 5

04 1001000111 5
15 0001100111 5
26 0111010101 6
37 0011000011 4
40 1001000111 5
51 0001100111 5
62 0111010101 6
73 0011000011 4

05 0110111011 7
16 1000101111 6
27 0111100001 5
30 0011111011 7
41 1110011011 7
52 1110011101 7
63 0011110111 7
74 1001111111 8

06 1111110011 8
17 1000011011 5
20 0111011001 6
31 0100100111 5
42 0001100001 3
53 1010111111 8
64 1001001011 5
75 0110000011 4

07 1111000111 7
10 1000100011 4
21 0000000101 2
32 1011011101 7
43 0101000011 4
54 0000000011 2
65 0110110111 7
76 1111001011 7

Matching output
0 absent
1 absent
2 absent
3 absent
4 absent
5 absent
6 absent
7 absent

Left
none
Best: none

Right
none
Best: none

Selecting

Lefts
Identity I6 7 0 1 2 3: 6
NOT none
Constant none
AND none
OR none
XOR none
AND-NOT none
OR-NOT none
XOR-NOT none

Rights
Identity none
NOT none
Constant none
AND none
OR none
XOR XOR15 04: 2
AND-NOT none
OR-NOT none
XOR-NOT none

Left longest: 6
Right longest: 2

Left winner: Identity yes, NOT no, Constant no, AND no, OR no, XOR no, AND-NOT no, OR-NOT no, XOR-NOT no
Right winner: Identity no, NOT no, Constant no, AND no, OR no, XOR yes, AND-NOT no, OR-NOT no, XOR-NOT no

Best left: I6 7 0 1 2 3: 6
Best right: XOR15 04: 2

Truncated left: I6 7 0 1 2 3: 6
Truncated right: XOR15 04: 2

Tentative from right
7 XOR15
6 XOR04
5 pending
4 pending
3 pending
2 pending
1 pending
0 pending

Tentative
0 I6
1 I7
2 I0
3 I1
4 I2
5 I3
6 XOR04
7 XOR15

Preferred from left
0 I6
1 I7
2 I0
3 I1
4 I2
5 I3
6 XOR04
7 XOR15

Preferred from right
7 XOR15
6 XOR04
5 I3
4 I2
3 I1
2 I0
1 I7
0 I6

Preferred
0 I6
1 I7
2 I0
3 I1
4 I2
5 I3
6 XOR04
7 XOR15

Matching
0 I6
1 I7
2 I0
3 I1
4 I2
5 I3
6 XOR04
7 XOR15

Perfect match
Identity no
NOT no
Constant no
AND no
OR no
XOR no
AND-NOT no
OR-NOT no
XOR-NOT no

Matched
0 I6
1 I7
2 I0
3 I1
4 I2
5 I3
6 XOR04
7 XOR15

Selected
0 I6
1 I7
2 I0
3 I1
4 I2
5 I3
6 XOR04
7 XOR15

Applying to 10001110
Input
0 1
1 0
2 0
3 0
4 1
5 1
6 1
7 0
Output
0 I6 = 1
1 I7 = 0
2 I0 = 1
3 I1 = 0
4 I2 = 0
5 I3 = 0
6 XOR04 = XOR(1,1) = 0
7 XOR15 = XOR(0,1) = 1

I will now return the answer in \boxed{}
The answer in \boxed{–} is \boxed{10100001}
[correct]
true
