[category]
bit_manipulation
[prompt]
In Alice's Wonderland, a secret bit manipulation rule transforms 8-bit binary numbers. The transformation involves operations like bit shifts, rotations, XOR, AND, OR, NOT, and possibly majority or choice functions.

Here are some examples of input -> output:
01100111 -> 10000010
10110101 -> 10001010
01011111 -> 10000101
01010011 -> 10000001
10100111 -> 10000010
11100000 -> 00000000
10110000 -> 00001000
00110000 -> 00000000
00000101 -> 10000000

Now, determine the output for: 10101010
[completion]
We need to deduce the transformation by matching the example outputs.
I will put my final answer inside \boxed{}.

Output 0: 10000010
0 1
1 0
2 0
3 0
4 0
5 0
6 1
7 0

Output 1: 10001010
0 1
1 0
2 0
3 0
4 1
5 0
6 1
7 0

Output 2: 10000101
0 1
1 0
2 0
3 0
4 0
5 1
6 0
7 1

Output 3: 10000001
0 1
1 0
2 0
3 0
4 0
5 0
6 0
7 1

Output 4: 10000010
0 1
1 0
2 0
3 0
4 0
5 0
6 1
7 0

Output 5: 00000000
0 0
1 0
2 0
3 0
4 0
5 0
6 0
7 0

Output 6: 00001000
0 0
1 0
2 0
3 0
4 1
5 0
6 0
7 0

Output 7: 00000000
0 0
1 0
2 0
3 0
4 0
5 0
6 0
7 0

Output 8: 10000000
0 1
1 0
2 0
3 0
4 0
5 0
6 0
7 0

Output bit columns (with bitsum as hash)
0 111110001 6
1 000000000 a
2 000000000 a
3 000000000 a
4 010000100 2
5 001000000 1
6 110010000 3
7 001100000 2

Input 0: 01100111
0 0
1 1
2 1
3 0
4 0
5 1
6 1
7 1

Input 1: 10110101
0 1
1 0
2 1
3 1
4 0
5 1
6 0
7 1

Input 2: 01011111
0 0
1 1
2 0
3 1
4 1
5 1
6 1
7 1

Input 3: 01010011
0 0
1 1
2 0
3 1
4 0
5 0
6 1
7 1

Input 4: 10100111
0 1
1 0
2 1
3 0
4 0
5 1
6 1
7 1

Input 5: 11100000
0 1
1 1
2 1
3 0
4 0
5 0
6 0
7 0

Input 6: 10110000
0 1
1 0
2 1
3 1
4 0
5 0
6 0
7 0

Input 7: 00110000
0 0
1 0
2 1
3 1
4 0
5 0
6 0
7 0

Input 8: 00000101
0 0
1 0
2 0
3 0
4 0
5 1
6 0
7 1

When matching output
x: not in operator
y: wrong position

Identity
0 010011100 4
1 101101000 4
2 110011110 6
3 011100110 5
4 001000000 1 match 5
5 111010001 5
6 101110000 4
7 111110001 6 match 0

Matching output
0 7
1 absent
2 absent
3 absent
4 absent
5 4
6 absent
7 absent

Left
7 0x
Best: I7: 1

Right
none
Best: none

NOT
0 101100011 5
1 010010111 5
2 001100001 3
3 100011001 4
4 110111111 8
5 000101110 4
6 010001111 5
7 000001110 3

Matching output
0 absent
1 absent
2 absent
3 absent
4 absent
5 absent
6 absent
7 absent

Left
none
Best: none

Right
none
Best: none

Constant
0 000000000 a match 1 2 3
1 111111111 a

Matching output
0 absent
1 C0
2 C0
3 C0
4 absent
5 absent
6 absent
7 absent

Left
none
Best: none

Right
none
Best: none

AND
01 10 000001000 1
12 21 100001000 2
23 32 010000110 3
34 43 001000000 1 match 5
45 54 001000000 1 match 5
56 65 101010000 3
67 76 101110000 4
70 07 010010000 2

02 20 010011100 4
13 31 001100000 2 match 7
24 42 000000000 a match 1 2 3
35 53 011000000 2
46 64 001000000 1 match 5
57 75 111010001 5
60 06 000010000 1
71 17 101100000 3

03 30 010000100 2 match 4
14 41 001000000 1 match 5
25 52 110010000 3 match 6
36 63 001100000 2 match 7
47 74 001000000 1 match 5
50 05 010010000 2
61 16 101100000 3
72 27 110010000 3 match 6

04 40 000000000 a match 1 2 3
15 51 101000000 2
26 62 100010000 2
37 73 011100000 3

Matching output
0 absent
1 24 42 04 40
2 24 42 04 40
3 24 42 04 40
4 03 30
5 34 43 45 54 46 64 14 41 47 74
6 25 52 72 27
7 13 31 36 63

Left
none
Best: none

Right
13 02x
31 20x
36 25 14 03 72y
63 52 41 30 27y
Best: AND36 25 14 03: 4

OR
01 10 111111100 7
12 21 111111110 8
23 32 111111110 8
34 43 011100110 5
45 54 111010001 5
56 65 111110001 6 match 0
67 76 111110001 6 match 0
70 07 111111101 8

02 20 110011110 6
13 31 111101110 7
24 42 111011110 7
35 53 111110111 8
46 64 101110000 4
57 75 111110001 6 match 0
60 06 111111100 7
71 17 111111001 7

03 30 011111110 7
14 41 101101000 4
25 52 111011111 8
36 63 111110110 7
47 74 111110001 6 match 0
50 05 111011101 7
61 16 101111000 5
72 27 111111111 a

04 40 011011100 5
15 51 111111001 7
26 62 111111110 8
37 73 111110111 8

Matching output
0 56 65 67 76 57 75 47 74
1 absent
2 absent
3 absent
4 absent
5 absent
6 absent
7 absent

Left
56 67y
65 76y
67 70x
76 07x
57 60x
75 06x
47 50x
74 05x
Best: OR56: 1

Right
none
Best: none

XOR
01 10 111110100 6
12 21 011110110 6
23 32 101111000 5
34 43 010100110 4
45 54 110010001 4
56 65 010100001 3
67 76 010000001 2
70 07 101101101 6

02 20 100000010 2
13 31 110001110 5
24 42 111011110 7
35 53 100110111 6
46 64 100110000 3
57 75 000100000 1
60 06 111101100 6
71 17 010011001 4

03 30 001111010 5
14 41 100101000 3
25 52 001001111 5
36 63 110010110 5
47 74 110110001 5
50 05 101001101 5
61 16 000011000 2
72 27 001101111 6

04 40 011011100 5
15 51 010111001 5
26 62 011101110 6
37 73 100010111 5

Matching output
0 absent
1 absent
2 absent
3 absent
4 absent
5 absent
6 absent
7 absent

Left
none
Best: none

Right
none
Best: none

AND-NOT
01 010010100 3
12 001100000 2 match 7
23 100011000 3
34 010100110 4
45 000000000 a match 1 2 3
56 010000001 2
67 000000000 a match 1 2 3
70 101100001 4

02 000000000 a match 1 2 3
13 100001000 2
24 110011110 6
35 000100110 3
46 000000000 a match 1 2 3
57 000000000 a match 1 2 3
60 101100000 3
71 010010001 3

03 000011000 2
14 100101000 3
25 000001110 3
36 010000110 3
47 000000000 a match 1 2 3
50 101000001 3
61 000010000 1
72 001100001 3

04 010011100 4
15 000101000 2
26 010001110 4
37 000000110 2
40 001000000 1 match 5
51 010010001 3
62 001100000 2 match 7
73 100010001 3

05 000001100 2
16 000001000 1
27 000001110 3
30 001100010 3
41 000000000 a match 1 2 3
52 001000001 2
63 100010000 2
74 110110001 5

06 010001100 3
17 000001000 1
20 100000010 2
31 010000110 3
42 001000000 1 match 5
53 100010001 3
64 100110000 3
75 000100000 1

07 000001100 2
10 101100000 3
21 010010110 4
32 001100000 2 match 7
43 000000000 a match 1 2 3
54 110010001 4
65 000100000 1
76 010000001 2

Matching output
0 absent
1 45 67 02 46 57 47 41 43
2 45 67 02 46 57 47 41 43
3 45 67 02 46 57 47 41 43
4 absent
5 40 42
6 absent
7 12 62 32

Left
none
Best: none

Right
12 01x
62 51x
32 21x
Best: AND-NOT12: 1

OR-NOT
01 010011111 6
12 101101001 5
23 110011111 7
34 111111111 a
45 001101110 5
56 111011111 8
67 101111110 7
70 111110011 7

02 011111101 7
13 101111001 6
24 110111111 8
35 011101110 6
46 011001111 6
57 111011111 8
60 101110011 6
71 111110111 8

03 110011101 6
14 111111111 a
25 110111110 7
36 011101111 7
47 001001110 4
50 111110011 7
61 111110111 8
72 111110001 6 match 0

04 110111111 8
15 101101110 6
26 110011111 7
37 011101110 6
40 101100011 5
51 111010111 7
62 101110001 5
73 111111001 7

05 010111110 6
16 111101111 8
27 110011110 6
30 111100111 7
41 011010111 6
52 111110001 6 match 0
63 101111001 6
74 111111111 a

06 010011111 6
17 101101110 6
20 111111111 a
31 011110111 7
42 001100001 3
53 111011001 6
64 111111111 a
75 111111111 a

07 010011110 5
10 101101011 6
21 110011111 7
32 011100111 6
43 101011001 5
54 111111111 a
65 101111110 7
76 111111111 a

Matching output
0 72 52
1 absent
2 absent
3 absent
4 absent
5 absent
6 absent
7 absent

Left
72 03x
52 63x
Best: OR-NOT72: 1

Right
none
Best: none

XOR-NOT
01 000001011 3
12 100001001 3
23 010000111 4
34 101011001 5
45 001101110 5
56 101011110 6
67 101111110 7
70 010010010 3

02 011111101 7
13 001110001 4
24 000100001 2
35 011001000 3
46 011001111 6
57 111011111 8
60 000010011 3
71 101100110 5

03 110000101 4
14 011010111 6
25 110110000 4
36 001101001 4
47 001001110 4
50 010110010 4
61 111100111 7
72 110010000 3 match 6

04 100100011 4
15 101000110 4
26 100010001 3
37 011101000 4
40 100100011 4
51 101000110 4
62 100010001 3
73 011101000 4

05 010110010 4
16 111100111 7
27 110010000 3 match 6
30 110000101 4
41 011010111 6
52 110110000 4
63 001101001 4
74 001001110 4

06 000010011 3
17 101100110 5
20 011111101 7
31 001110001 4
42 000100001 2
53 011001000 3
64 011001111 6
75 111011111 8

07 010010010 3
10 000001011 3
21 100001001 3
32 010000111 4
43 101011001 5
54 001101110 5
65 101011110 6
76 101111110 7

Matching output
0 absent
1 absent
2 absent
3 absent
4 absent
5 absent
6 72 27
7 absent

Left
none
Best: none

Right
none
Best: none

Selecting

Lefts
Identity I7: 1
NOT none
Constant none
AND none
OR OR56: 1
XOR none
AND-NOT none
OR-NOT OR-NOT72: 1
XOR-NOT none

Rights
Identity none
NOT none
Constant none
AND AND36 25 14 03: 4
OR none
XOR none
AND-NOT AND-NOT12: 1
OR-NOT none
XOR-NOT none

Left longest: 1
Right longest: 4

Right winner: Identity no, NOT no, Constant no, AND yes, OR no, XOR no, AND-NOT no, OR-NOT no, XOR-NOT no
Left winner: Identity yes, NOT no, Constant no, AND no, OR no, XOR no, AND-NOT no, OR-NOT no, XOR-NOT no

Best right: AND36 25 14 03: 4
Best left: I7: 1

Truncated right: AND36 25 14 03: 4
Truncated left: I7: 1

Tentative from right
7 AND36
6 AND25
5 AND14
4 AND03
3 pending
2 pending
1 pending
0 pending

Tentative
0 I7
1 pending
2 pending
3 pending
4 AND03
5 AND14
6 AND25
7 AND36

Preferred from right
7 AND36
6 AND25
5 AND14
4 AND03
3 ?72
2 ?61
1 ?50
0 I7

Preferred from left
0 I7
1 ?50
2 ?61
3 ?72
4 AND03
5 AND14
6 AND25
7 AND36

Preferred
0 I7
1 ?50 ?05
2 ?61 ?16
3 ?72 ?27
4 AND03
5 AND14
6 AND25
7 AND36

Matching
0 I7
1 ?50 ?05 - Identity absent, NOT absent, Constant C0, AND absent, OR absent, XOR absent, AND-NOT absent, OR-NOT absent, XOR-NOT absent
2 ?61 ?16 - Identity absent, NOT absent, Constant C0, AND absent, OR absent, XOR absent, AND-NOT absent, OR-NOT absent, XOR-NOT absent
3 ?72 ?27 - Identity absent, NOT absent, Constant C0, AND absent, OR absent, XOR absent, AND-NOT absent, OR-NOT absent, XOR-NOT absent
4 AND03
5 AND14
6 AND25
7 AND36

Perfect match
Identity no
NOT no
Constant yes
AND no
OR no
XOR no
AND-NOT no
OR-NOT no
XOR-NOT no

Matched
0 I7
1 C0
2 C0
3 C0
4 AND03
5 AND14
6 AND25
7 AND36

Selected
0 I7
1 C0
2 C0
3 C0
4 AND03
5 AND14
6 AND25
7 AND36

Applying to 10101010
Input
0 1
1 0
2 1
3 0
4 1
5 0
6 1
7 0
Output
0 I7 = 0
1 C0 = 0
2 C0 = 0
3 C0 = 0
4 AND03 = AND(1,0) = 0
5 AND14 = AND(0,1) = 0
6 AND25 = AND(1,0) = 0
7 AND36 = AND(0,1) = 0

I will now return the answer in \boxed{}
The answer in \boxed{–} is \boxed{00000000}
[correct]
true
