[category]
bit_manipulation
[prompt]
In Alice's Wonderland, a secret bit manipulation rule transforms 8-bit binary numbers. The transformation involves operations like bit shifts, rotations, XOR, AND, OR, NOT, and possibly majority or choice functions.

Here are some examples of input -> output:
11000100 -> 00011111
00100110 -> 00101101
01100110 -> 00001111
00010010 -> 10110110
11000011 -> 01111110
01001010 -> 10011010
10101110 -> 01101101
00100100 -> 01101101
01001000 -> 11011011

Now, determine the output for: 01001101
[completion]
We need to deduce the transformation by matching the example outputs.
I will put my final answer inside \boxed{}.

Output 0: 00011111
0 0
1 0
2 0
3 1
4 1
5 1
6 1
7 1

Output 1: 00101101
0 0
1 0
2 1
3 0
4 1
5 1
6 0
7 1

Output 2: 00001111
0 0
1 0
2 0
3 0
4 1
5 1
6 1
7 1

Output 3: 10110110
0 1
1 0
2 1
3 1
4 0
5 1
6 1
7 0

Output 4: 01111110
0 0
1 1
2 1
3 1
4 1
5 1
6 1
7 0

Output 5: 10011010
0 1
1 0
2 0
3 1
4 1
5 0
6 1
7 0

Output 6: 01101101
0 0
1 1
2 1
3 0
4 1
5 1
6 0
7 1

Output 7: 01101101
0 0
1 1
2 1
3 0
4 1
5 1
6 0
7 1

Output 8: 11011011
0 1
1 1
2 0
3 1
4 1
5 0
6 1
7 1

Output bit columns (with bitsum as hash)
0 000101001 3
1 000010111 4
2 010110110 5
3 100111001 5
4 111011111 8
5 111110110 7
6 101111001 6
7 111000111 6

Input 0: 11000100
0 1
1 1
2 0
3 0
4 0
5 1
6 0
7 0

Input 1: 00100110
0 0
1 0
2 1
3 0
4 0
5 1
6 1
7 0

Input 2: 01100110
0 0
1 1
2 1
3 0
4 0
5 1
6 1
7 0

Input 3: 00010010
0 0
1 0
2 0
3 1
4 0
5 0
6 1
7 0

Input 4: 11000011
0 1
1 1
2 0
3 0
4 0
5 0
6 1
7 1

Input 5: 01001010
0 0
1 1
2 0
3 0
4 1
5 0
6 1
7 0

Input 6: 10101110
0 1
1 0
2 1
3 0
4 1
5 1
6 1
7 0

Input 7: 00100100
0 0
1 0
2 1
3 0
4 0
5 1
6 0
7 0

Input 8: 01001000
0 0
1 1
2 0
3 0
4 1
5 0
6 0
7 0

When matching output
x: not in operator
y: wrong position

Identity
0 100010100 3
1 101011001 5
2 011000110 4
3 000100000 1
4 000001101 3
5 111000110 5
6 011111100 6
7 000010000 1

Matching output
0 absent
1 absent
2 absent
3 absent
4 absent
5 absent
6 absent
7 absent

Left
none
Best: none

Right
none
Best: none

NOT
0 011101011 6
1 010100110 4
2 100111001 5 match 3
3 111011111 8 match 4
4 111110010 6
5 000111001 4
6 100000011 3
7 111101111 8

Matching output
0 absent
1 absent
2 absent
3 2
4 3
5 absent
6 absent
7 absent

Left
none
Best: none

Right
none
Best: none

Constant
0 000000000 a
1 111111111 a

Matching output
0 absent
1 absent
2 absent
3 absent
4 absent
5 absent
6 absent
7 absent

Left
none
Best: none

Right
none
Best: none

AND
01 10 100010000 2
12 21 001000000 1
23 32 000000000 a
34 43 000000000 a
45 54 000000100 1
56 65 011000100 3
67 76 000010000 1
70 07 000010000 1

02 20 000000100 1
13 31 000000000 a
24 42 000000100 1
35 53 000000000 a
46 64 000001100 2
57 75 000000000 a
60 06 000010100 2
71 17 000010000 1

03 30 000000000 a
14 41 000001001 2
25 52 011000110 4
36 63 000100000 1
47 74 000000000 a
50 05 100000100 2
61 16 001011000 3
72 27 000000000 a

04 40 000000100 1
15 51 101000000 2
26 62 011000100 3
37 73 000000000 a

Matching output
0 absent
1 absent
2 absent
3 absent
4 absent
5 absent
6 absent
7 absent

Left
none
Best: none

Right
none
Best: none

OR
01 10 101011101 6
12 21 111011111 8 match 4
23 32 011100110 5
34 43 000101101 4
45 54 111001111 7
56 65 111111110 8
67 76 011111100 6
70 07 100010100 3

02 20 111010110 6
13 31 101111001 6 match 6
24 42 011001111 6
35 53 111100110 6
46 64 011111101 7
57 75 111010110 6
60 06 111111100 7
71 17 101011001 5

03 30 100110100 4
14 41 101011101 6
25 52 111000110 5
36 63 011111100 6
47 74 000011101 4
50 05 111010110 6
61 16 111111101 8
72 27 011010110 5

04 40 100011101 5
15 51 111011111 8 match 4
26 62 011111110 7
37 73 000110000 2

Matching output
0 absent
1 absent
2 absent
3 absent
4 12 21 15 51
5 absent
6 13 31
7 absent

Left
none
Best: none

Right
none
Best: none

XOR
01 10 001001101 4
12 21 110011111 7
23 32 011100110 5
34 43 000101101 4
45 54 111001011 6
56 65 100111010 5
67 76 011101100 5
70 07 100000100 2

02 20 111010010 5
13 31 101111001 6 match 6
24 42 011001011 5
35 53 111100110 6
46 64 011110001 5
57 75 111010110 6
60 06 111101000 5
71 17 101001001 4

03 30 100110100 4
14 41 101010100 4
25 52 100000000 1
36 63 011011100 5
47 74 000011101 4
50 05 011010010 4
61 16 110100101 5
72 27 011010110 5

04 40 100011001 4
15 51 010011111 6
26 62 000111010 4
37 73 000110000 2

Matching output
0 absent
1 absent
2 absent
3 absent
4 absent
5 absent
6 13 31
7 absent

Left
none
Best: none

Right
none
Best: none

AND-NOT
01 000000100 1
12 100011001 4
23 011000110 4
34 000100000 1
45 000001001 2
56 100000010 2
67 011101100 5
70 000000000 a

02 100010000 2
13 101011001 5
24 011000010 3
35 000100000 1
46 000000001 1
57 111000110 5
60 011101000 4
71 000000000 a

03 100010100 3
14 101010000 3
25 000000000 a
36 000000000 a
47 000001101 3
50 011000010 3
61 010100100 3
72 000010000 1

04 100010000 2
15 000011001 3
26 000000010 1
37 000100000 1
40 000001001 2
51 010000110 3
62 000111000 3
73 000010000 1

05 000010000 1
16 100000001 2
27 011000110 4
30 000100000 1
41 000000100 1
52 100000000 1
63 011011100 5
74 000010000 1

06 100000000 1
17 101001001 4
20 011000010 3
31 000100000 1
42 000001001 2
53 111000110 5
64 011110000 4
75 000010000 1

07 100000100 2
10 001001001 3
21 010000110 3
32 000100000 1
43 000001101 3
54 111000010 4
65 000111000 3
76 000000000 a

Matching output
0 absent
1 absent
2 absent
3 absent
4 absent
5 absent
6 absent
7 absent

Left
none
Best: none

Right
none
Best: none

OR-NOT
01 110110110 6
12 101111001 6 match 6
23 111011111 8 match 4
34 111110010 6
45 000111101 5
56 111000111 6 match 7
67 111111111 a
70 011111011 7

02 100111101 6
13 111011111 8 match 4
24 111110110 7 match 5
35 000111001 4
46 100001111 5
57 111101111 8
60 011111111 8
71 010110110 5 match 2

03 111011111 8 match 4
14 111111011 8
25 011111111 8
36 100100011 4
47 111101111 8
50 111101111 8
61 011111110 7
72 100111001 5 match 3

04 111110110 7 match 5
15 101111001 6 match 6
26 111000111 6 match 7
37 111101111 8
40 011101111 7
51 111100110 6
62 111111101 8
73 111011111 8 match 4

05 100111101 6
16 101011011 6
27 111101111 8
30 011101011 6
41 010101111 6
52 111111111 a
63 111111111 a
74 111110010 6

06 100010111 5
17 111111111 a
20 011101111 7
31 010100110 4
42 100111101 6
53 111011111 8 match 4
64 111111110 8
75 000111001 4

07 111111111 a
10 111111011 8
21 011100110 5
32 100111001 5 match 3
43 111011111 8 match 4
54 111110110 7 match 5
65 011111101 7
76 100010011 4

Matching output
0 absent
1 absent
2 71
3 72 32
4 23 13 03 73 53 43
5 24 04 54
6 12 15
7 56 26

Left
none
Best: none

Right
56 45x
26 15 04 73 62x
Best: OR-NOT26 15 04 73: 4

XOR-NOT
01 110110010 5
12 001100000 2
23 100011001 4
34 111010010 5
45 000110100 3
56 011000101 4
67 100010011 4
70 011111011 7

02 000101101 4
13 010000110 3
24 100110100 4
35 000011001 3
46 100001110 4
57 000101001 3 match 0
60 000010111 4 match 1
71 010110110 5 match 2

03 011001011 5
14 010101011 5
25 011111111 8
36 100100011 4
47 111100010 5
50 100101101 5
61 001011010 4
72 100101001 4

04 011100110 5
15 101100000 3
26 111000101 5
37 111001111 7
40 011100110 5
51 101100000 3
62 111000101 5
73 111001111 7

05 100101101 5
16 001011010 4
27 100101001 4
30 011001011 5
41 010101011 5
52 011111111 8
63 100100011 4
74 111100010 5

06 000010111 4 match 1
17 010110110 5 match 2
20 000101101 4
31 010000110 3
42 100110100 4
53 000011001 3
64 100001110 4
75 000101001 3 match 0

07 011111011 7
10 110110010 5
21 001100000 2
32 100011001 4
43 111010010 5
54 000110100 3
65 011000101 4
76 100010011 4

Matching output
0 57 75
1 60 06
2 71 17
3 absent
4 absent
5 absent
6 absent
7 absent

Left
57 60 71 02x
75 06 17 20x
Best: XOR-NOT57 60 71: 3

Right
none
Best: none

Selecting

Lefts
Identity none
NOT none
Constant none
AND none
OR none
XOR none
AND-NOT none
OR-NOT none
XOR-NOT XOR-NOT57 60 71: 3

Rights
Identity none
NOT none
Constant none
AND none
OR none
XOR none
AND-NOT none
OR-NOT OR-NOT26 15 04 73: 4
XOR-NOT none

Left longest: 3
Right longest: 4

Right winner: Identity no, NOT no, Constant no, AND no, OR no, XOR no, AND-NOT no, OR-NOT yes, XOR-NOT no
Left winner: Identity no, NOT no, Constant no, AND no, OR no, XOR no, AND-NOT no, OR-NOT no, XOR-NOT yes

Best right: OR-NOT26 15 04 73: 4
Best left: XOR-NOT57 60 71: 3

Truncated right: OR-NOT26 15 04 73: 4
Truncated left: XOR-NOT57 60 71: 3

Tentative from right
7 OR-NOT26
6 OR-NOT15
5 OR-NOT04
4 OR-NOT73
3 pending
2 pending
1 pending
0 pending

Tentative
0 XOR-NOT57
1 XOR-NOT60
2 XOR-NOT71
3 pending
4 OR-NOT73
5 OR-NOT04
6 OR-NOT15
7 OR-NOT26

Preferred from right
7 OR-NOT26
6 OR-NOT15
5 OR-NOT04
4 OR-NOT73
3 ?62
2 XOR-NOT71
1 XOR-NOT60
0 XOR-NOT57

Preferred from left
0 XOR-NOT57
1 XOR-NOT60
2 XOR-NOT71
3 ?62
4 OR-NOT73
5 OR-NOT04
6 OR-NOT15
7 OR-NOT26

Preferred
0 XOR-NOT57
1 XOR-NOT60
2 XOR-NOT71
3 ?62 ?26
4 OR-NOT73
5 OR-NOT04
6 OR-NOT15
7 OR-NOT26

Matching
0 XOR-NOT57
1 XOR-NOT60
2 XOR-NOT71
3 ?62 ?26 - Identity absent, NOT NOT2, Constant absent, AND absent, OR absent, XOR absent, AND-NOT absent, OR-NOT absent, XOR-NOT absent
4 OR-NOT73
5 OR-NOT04
6 OR-NOT15
7 OR-NOT26

Perfect match
Identity no
NOT yes
Constant no
AND no
OR no
XOR no
AND-NOT no
OR-NOT no
XOR-NOT no

Matched
0 XOR-NOT57
1 XOR-NOT60
2 XOR-NOT71
3 NOT2
4 OR-NOT73
5 OR-NOT04
6 OR-NOT15
7 OR-NOT26

Selected
0 XOR-NOT57
1 XOR-NOT60
2 XOR-NOT71
3 NOT2
4 OR-NOT73
5 OR-NOT04
6 OR-NOT15
7 OR-NOT26

Applying to 01001101
Input
0 0
1 1
2 0
3 0
4 1
5 1
6 0
7 1
Output
0 XOR-NOT57 = XOR(1,NOT(1)) = 1
1 XOR-NOT60 = XOR(0,NOT(0)) = 1
2 XOR-NOT71 = XOR(1,NOT(1)) = 1
3 NOT2 = NOT(0) = 1
4 OR-NOT73 = OR(1,NOT(0)) = 1
5 OR-NOT04 = OR(0,NOT(1)) = 0
6 OR-NOT15 = OR(1,NOT(1)) = 1
7 OR-NOT26 = OR(0,NOT(0)) = 1

I will now return the answer in \boxed{}
The answer in \boxed{–} is \boxed{11111011}
[correct]
true
