[category]
bit_manipulation
[prompt]
In Alice's Wonderland, a secret bit manipulation rule transforms 8-bit binary numbers. The transformation involves operations like bit shifts, rotations, XOR, AND, OR, NOT, and possibly majority or choice functions.

Here are some examples of input -> output:
11000010 -> 00000000
01100000 -> 00000000
10111010 -> 00000001
01110000 -> 00000000
11111111 -> 00000001
11010001 -> 00000000
10011100 -> 00000000
11000011 -> 00000000
01000011 -> 00000000

Now, determine the output for: 01110001
[completion]
We need to deduce the transformation by matching the example outputs.
I will put my final answer inside \boxed{}.

Output 0: 00000000
0 0
1 0
2 0
3 0
4 0
5 0
6 0
7 0

Output 1: 00000000
0 0
1 0
2 0
3 0
4 0
5 0
6 0
7 0

Output 2: 00000001
0 0
1 0
2 0
3 0
4 0
5 0
6 0
7 1

Output 3: 00000000
0 0
1 0
2 0
3 0
4 0
5 0
6 0
7 0

Output 4: 00000001
0 0
1 0
2 0
3 0
4 0
5 0
6 0
7 1

Output 5: 00000000
0 0
1 0
2 0
3 0
4 0
5 0
6 0
7 0

Output 6: 00000000
0 0
1 0
2 0
3 0
4 0
5 0
6 0
7 0

Output 7: 00000000
0 0
1 0
2 0
3 0
4 0
5 0
6 0
7 0

Output 8: 00000000
0 0
1 0
2 0
3 0
4 0
5 0
6 0
7 0

Output bit columns (with bitsum as hash)
0 000000000 a
1 000000000 a
2 000000000 a
3 000000000 a
4 000000000 a
5 000000000 a
6 000000000 a
7 001010000 2

Input 0: 11000010
0 1
1 1
2 0
3 0
4 0
5 0
6 1
7 0

Input 1: 01100000
0 0
1 1
2 1
3 0
4 0
5 0
6 0
7 0

Input 2: 10111010
0 1
1 0
2 1
3 1
4 1
5 0
6 1
7 0

Input 3: 01110000
0 0
1 1
2 1
3 1
4 0
5 0
6 0
7 0

Input 4: 11111111
0 1
1 1
2 1
3 1
4 1
5 1
6 1
7 1

Input 5: 11010001
0 1
1 1
2 0
3 1
4 0
5 0
6 0
7 1

Input 6: 10011100
0 1
1 0
2 0
3 1
4 1
5 1
6 0
7 0

Input 7: 11000011
0 1
1 1
2 0
3 0
4 0
5 0
6 1
7 1

Input 8: 01000011
0 0
1 1
2 0
3 0
4 0
5 0
6 1
7 1

When matching output
x: not in operator
y: wrong position

Identity
0 101011110 6
1 110111011 7
2 011110000 4
3 001111100 5
4 001010100 3
5 000010100 2
6 101010011 5
7 000011011 4

Matching output
0 absent
1 absent
2 absent
3 absent
4 absent
5 absent
6 absent
7 absent

Left
none
Best: none

Right
none
Best: none

NOT
0 010100001 3
1 001000100 2
2 100001111 5
3 110000011 4
4 110101011 6
5 111101011 7
6 010101100 4
7 111100100 5

Matching output
0 absent
1 absent
2 absent
3 absent
4 absent
5 absent
6 absent
7 absent

Left
none
Best: none

Right
none
Best: none

Constant
0 000000000 a match 0 1 2 3 4 5 6
1 111111111 a

Matching output
0 C0
1 C0
2 C0
3 C0
4 C0
5 C0
6 C0
7 absent

Left
0 0 0 0 0 0 0
Best: C0 0 0 0 0 0 0: 7

Right
none
Best: none

AND
01 10 100011010 4
12 21 010110000 3
23 32 001110000 3
34 43 001010100 3
45 54 000010100 2
56 65 000010000 1
67 76 000010011 3
70 07 000011010 3

02 20 001010000 2 match 7
13 31 000111000 3
24 42 001010000 2 match 7
35 53 000010100 2
46 64 001010000 2 match 7
57 75 000010000 1
60 06 101010010 4
71 17 000011011 4

03 30 001011100 4
14 41 000010000 1
25 52 000010000 1
36 63 001010000 2 match 7
47 74 000010000 1
50 05 000010100 2
61 16 100010011 4
72 27 000010000 1

04 40 001010100 3
15 51 000010000 1
26 62 001010000 2 match 7
37 73 000011000 2

Matching output
0 absent
1 absent
2 absent
3 absent
4 absent
5 absent
6 absent
7 02 20 24 42 46 64 36 63 26 62

Left
none
Best: none

Right
02 71x
20 17x
24 13x
42 31x
46 35x
64 53x
36 25x
63 52x
26 15x
62 51x
Best: AND02: 1

OR
01 10 111111111 a
12 21 111111011 8
23 32 011111100 6
34 43 001111100 5
45 54 001010100 3
56 65 101010111 6
67 76 101011011 6
70 07 101011111 7

02 20 111111110 8
13 31 111111111 a
24 42 011110100 5
35 53 001111100 5
46 64 101010111 6
57 75 000011111 5
60 06 101011111 7
71 17 110111011 7

03 30 101111110 7
14 41 111111111 a
25 52 011110100 5
36 63 101111111 8
47 74 001011111 6
50 05 101011110 6
61 16 111111011 8
72 27 011111011 7

04 40 101011110 6
15 51 110111111 8
26 62 111110011 7
37 73 001111111 7

Matching output
0 absent
1 absent
2 absent
3 absent
4 absent
5 absent
6 absent
7 absent

Left
none
Best: none

Right
none
Best: none

XOR
01 10 011100101 5
12 21 101001011 5
23 32 010001100 3
34 43 000101000 2
45 54 001000000 1
56 65 101000111 5
67 76 101001000 3
70 07 101000101 4

02 20 110101110 6
13 31 111000111 6
24 42 010100100 3
35 53 001101000 3
46 64 100000111 4
57 75 000001111 4
60 06 000001101 3
71 17 110100000 3

03 30 100100010 3
14 41 111101111 8
25 52 011100100 4
36 63 100101111 6
47 74 001001111 5
50 05 101001010 4
61 16 011101000 4
72 27 011101011 6

04 40 100001010 3
15 51 110101111 7
26 62 110100011 5
37 73 001100111 5

Matching output
0 absent
1 absent
2 absent
3 absent
4 absent
5 absent
6 absent
7 absent

Left
none
Best: none

Right
none
Best: none

AND-NOT
01 001000100 2
12 100001011 4
23 010000000 1
34 000101000 2
45 001000000 1
56 000000100 1
67 101000000 2
70 000000001 1

02 100001110 4
13 110000011 4
24 010100000 2
35 001101000 3
46 000000100 1
57 000000100 1
60 000000001 1
71 000000000 a match 0 1 2 3 4 5 6

03 100000010 2
14 110101011 6
25 011100000 3
36 000101100 3
47 001000100 2
50 000000000 a match 0 1 2 3 4 5 6
61 001000000 1
72 000001011 3

04 100001010 3
15 110101011 6
26 010100000 2
37 001100100 3
40 000000000 a match 0 1 2 3 4 5 6
51 000000100 1
62 100000011 3
73 000000011 2

05 101001010 4
16 010101000 3
27 011100000 3
30 000100000 1
41 001000100 2
52 000000100 1
63 100000011 3
74 000001011 3

06 000001100 2
17 110100000 3
20 010100000 2
31 001000100 2
42 000000100 1
53 000000000 a match 0 1 2 3 4 5 6
64 100000011 3
75 000001011 3

07 101000100 3
10 010100001 3
21 001000000 1
32 000001100 2
43 000000000 a match 0 1 2 3 4 5 6
54 000000000 a match 0 1 2 3 4 5 6
65 101000011 4
76 000001000 1

Matching output
0 71 50 40 53 43 54
1 71 50 40 53 43 54
2 71 50 40 53 43 54
3 71 50 40 53 43 54
4 71 50 40 53 43 54
5 71 50 40 53 43 54
6 71 50 40 53 43 54
7 absent

Left
71 02x
50 61x
40 51x
53 64x
43 54 65x
54 65x
Best: AND-NOT43 54: 2

Right
none
Best: none

OR-NOT
01 101011110 6
12 110111111 8
23 111110011 7
34 111111111 a
45 111111111 a
56 010111100 5
67 111110111 8
70 010111011 6

02 101011111 7
13 110111011 7
24 111111011 8
35 111111111 a
46 011111100 6
57 111110100 6
60 111110011 7
71 001011111 6

03 111011111 8
14 110111011 7
25 111111011 8
36 011111100 6
47 111110100 6
50 010110101 5
61 101010111 6
72 100011111 6

04 111111111 a
15 111111011 8
26 011111100 6
37 111111100 7
40 011110101 6
51 001010100 3
62 101011111 7
73 110011011 6

05 111111111 a
16 110111111 8
27 111110100 6
30 011111101 7
41 001010100 3
52 100011111 6
63 111010011 6
74 110111011 7

06 111111110 8
17 111111111 a
20 011110001 5
31 001111100 5
42 101011111 7
53 110010111 6
64 111111011 8
75 111111011 8

07 111111110 8
10 110111011 7
21 011110100 5
32 101111111 8
43 111010111 7
54 110111111 8
65 111111011 8
76 010111111 7

Matching output
0 absent
1 absent
2 absent
3 absent
4 absent
5 absent
6 absent
7 absent

Left
none
Best: none

Right
none
Best: none

XOR-NOT
01 100011010 4
12 010110100 4
23 101110011 6
34 111010111 7
45 110111111 8
56 010111000 4
67 010110111 6
70 010111010 5

02 001010001 3
13 000111000 3
24 101011011 6
35 110010111 6
46 011111000 5
57 111110000 5
60 111110010 6
71 001011111 6

03 011011101 6
14 000010000 1
25 100011011 5
36 011010000 3
47 110110000 4
50 010110101 5
61 100010111 5
72 100010100 3

04 011110101 6
15 001010000 2 match 7
26 001011100 4
37 110011000 4
40 011110101 6
51 001010000 2 match 7
62 001011100 4
73 110011000 4

05 010110101 5
16 100010111 5
27 100010100 3
30 011011101 6
41 000010000 1
52 100011011 5
63 011010000 3
74 110110000 4

06 111110010 6
17 001011111 6
20 001010001 3
31 000111000 3
42 101011011 6
53 110010111 6
64 011111000 5
75 111110000 5

07 010111010 5
10 100011010 4
21 010110100 4
32 101110011 6
43 111010111 7
54 110111111 8
65 010111000 4
76 010110111 6

Matching output
0 absent
1 absent
2 absent
3 absent
4 absent
5 absent
6 absent
7 15 51

Left
none
Best: none

Right
15 04x
51 40x
Best: XOR-NOT15: 1

Selecting

Lefts
Identity none
NOT none
Constant C0 0 0 0 0 0 0: 7
AND none
OR none
XOR none
AND-NOT AND-NOT43 54: 2
OR-NOT none
XOR-NOT none

Rights
Identity none
NOT none
Constant none
AND AND02: 1
OR none
XOR none
AND-NOT none
OR-NOT none
XOR-NOT XOR-NOT15: 1

Left longest: 7
Right longest: 1

Left winner: Identity no, NOT no, Constant yes, AND no, OR no, XOR no, AND-NOT no, OR-NOT no, XOR-NOT no
Right winner: Identity no, NOT no, Constant no, AND yes, OR no, XOR no, AND-NOT no, OR-NOT no, XOR-NOT no

Best left: C0 0 0 0 0 0 0: 7
Best right: AND02: 1

Truncated left: C0 0 0 0 0 0 0: 7
Truncated right: AND02: 1

Tentative from right
7 AND02
6 pending
5 pending
4 pending
3 pending
2 pending
1 pending
0 pending

Tentative
0 C0
1 C0
2 C0
3 C0
4 C0
5 C0
6 C0
7 AND02

Preferred from left
0 C0
1 C0
2 C0
3 C0
4 C0
5 C0
6 C0
7 AND02

Preferred from right
7 AND02
6 C0
5 C0
4 C0
3 C0
2 C0
1 C0
0 C0

Preferred
0 C0
1 C0
2 C0
3 C0
4 C0
5 C0
6 C0
7 AND02

Matching
0 C0
1 C0
2 C0
3 C0
4 C0
5 C0
6 C0
7 AND02

Perfect match
Identity no
NOT no
Constant no
AND no
OR no
XOR no
AND-NOT no
OR-NOT no
XOR-NOT no

Matched
0 C0
1 C0
2 C0
3 C0
4 C0
5 C0
6 C0
7 AND02

Selected
0 C0
1 C0
2 C0
3 C0
4 C0
5 C0
6 C0
7 AND02

Applying to 01110001
Input
0 0
1 1
2 1
3 1
4 0
5 0
6 0
7 1
Output
0 C0 = 0
1 C0 = 0
2 C0 = 0
3 C0 = 0
4 C0 = 0
5 C0 = 0
6 C0 = 0
7 AND02 = AND(0,1) = 0

I will now return the answer in \boxed{}
The answer in \boxed{–} is \boxed{00000000}
[correct]
true
