[category]
bit_manipulation
[prompt]
In Alice's Wonderland, a secret bit manipulation rule transforms 8-bit binary numbers. The transformation involves operations like bit shifts, rotations, XOR, AND, OR, NOT, and possibly majority or choice functions.

Here are some examples of input -> output:
10011110 -> 01001111
01010110 -> 00101011
10011111 -> 11001111
00001110 -> 00000111
10010011 -> 11001001
10010111 -> 11001011
01000011 -> 10100001
11000111 -> 11100011
11100011 -> 11110001
00101000 -> 00010100

Now, determine the output for: 01001000
[completion]
We need to deduce the transformation by matching the example outputs.
I will put my final answer inside \boxed{}.

Output 0: 01001111
0 0
1 1
2 0
3 0
4 1
5 1
6 1
7 1

Output 1: 00101011
0 0
1 0
2 1
3 0
4 1
5 0
6 1
7 1

Output 2: 11001111
0 1
1 1
2 0
3 0
4 1
5 1
6 1
7 1

Output 3: 00000111
0 0
1 0
2 0
3 0
4 0
5 1
6 1
7 1

Output 4: 11001001
0 1
1 1
2 0
3 0
4 1
5 0
6 0
7 1

Output 5: 11001011
0 1
1 1
2 0
3 0
4 1
5 0
6 1
7 1

Output 6: 10100001
0 1
1 0
2 1
3 0
4 0
5 0
6 0
7 1

Output 7: 11100011
0 1
1 1
2 1
3 0
4 0
5 0
6 1
7 1

Output 8: 11110001
0 1
1 1
2 1
3 1
4 0
5 0
6 0
7 1

Output 9: 00010100
0 0
1 0
2 0
3 1
4 0
5 1
6 0
7 0

Output bit columns (with bitsum as hash)
0 0010111110 6
1 1010110110 6
2 0100001110 4
3 0000000011 2
4 1110110000 5
5 1011000001 4
6 1111010100 6
7 1111111110 9

Input 0: 10011110
0 1
1 0
2 0
3 1
4 1
5 1
6 1
7 0

Input 1: 01010110
0 0
1 1
2 0
3 1
4 0
5 1
6 1
7 0

Input 2: 10011111
0 1
1 0
2 0
3 1
4 1
5 1
6 1
7 1

Input 3: 00001110
0 0
1 0
2 0
3 0
4 1
5 1
6 1
7 0

Input 4: 10010011
0 1
1 0
2 0
3 1
4 0
5 0
6 1
7 1

Input 5: 10010111
0 1
1 0
2 0
3 1
4 0
5 1
6 1
7 1

Input 6: 01000011
0 0
1 1
2 0
3 0
4 0
5 0
6 1
7 1

Input 7: 11000111
0 1
1 1
2 0
3 0
4 0
5 1
6 1
7 1

Input 8: 11100011
0 1
1 1
2 1
3 0
4 0
5 0
6 1
7 1

Input 9: 00101000
0 0
1 0
2 1
3 0
4 1
5 0
6 0
7 0

When matching output
x: not in operator
y: wrong position

Identity
0 1010110110 6 match 1
1 0100001110 4 match 2
2 0000000011 2 match 3
3 1110110000 5 match 4
4 1011000001 4 match 5
5 1111010100 6 match 6
6 1111111110 9 match 7
7 0010111110 6 match 0

Matching output
0 7
1 0
2 1
3 2
4 3
5 4
6 5
7 6

Left
7 0 1 2 3 4 5 6
Best: I7 0 1 2 3 4 5 6: 8

Right
6 5 4 3 2 1 0 7
Best: I6 5 4 3 2 1 0 7: 8

NOT
0 0101001001 4
1 1011110001 6
2 1111111100 8
3 0001001111 5
4 0100111110 6
5 0000101011 4
6 0000000001 1
7 1101000001 4

Matching output
0 absent
1 absent
2 absent
3 absent
4 absent
5 absent
6 absent
7 absent

Left
none
Best: none

Right
none
Best: none

Constant
0 0000000000 a
1 1111111111 a

Matching output
0 absent
1 absent
2 absent
3 absent
4 absent
5 absent
6 absent
7 absent

Left
none
Best: none

Right
none
Best: none

AND
01 10 0000000110 2
12 21 0000000010 1
23 32 0000000000 a
34 43 1010000000 2
45 54 1011000000 3
56 65 1111010100 6 match 6
67 76 0010111110 6 match 0
70 07 0010110110 5

02 20 0000000010 1
13 31 0100000000 1
24 42 0000000001 1
35 53 1110010000 4
46 64 1011000000 3
57 75 0010010100 3
60 06 1010110110 6 match 1
71 17 0000001110 3

03 30 1010110000 4
14 41 0000000000 a
25 52 0000000000 a
36 63 1110110000 5 match 4
47 74 0010000000 1
50 05 1010010100 4
61 16 0100001110 4 match 2
72 27 0000000010 1

04 40 1010000000 2
15 51 0100000100 2
26 62 0000000010 1
37 73 0010110000 3

Matching output
0 67 76
1 60 06
2 61 16
3 absent
4 36 63
5 absent
6 56 65
7 absent

Left
67 70x
76 07x
Best: AND67: 1

Right
none
Best: none

OR
01 10 1110111110 8
12 21 0100001111 5
23 32 1110110011 7
34 43 1111110001 7
45 54 1111010101 7
56 65 1111111110 9 match 7
67 76 1111111110 9 match 7
70 07 1010111110 7

02 20 1010110111 7
13 31 1110111110 8
24 42 1011000011 5
35 53 1111110100 7
46 64 1111111111 a
57 75 1111111110 9 match 7
60 06 1111111110 9 match 7
71 17 0110111110 7

03 30 1110110110 7
14 41 1111001111 8
25 52 1111010111 8
36 63 1111111110 9 match 7
47 74 1011111111 9
50 05 1111110110 8
61 16 1111111110 9 match 7
72 27 0010111111 7

04 40 1011110111 8
15 51 1111011110 8
26 62 1111111111 a
37 73 1110111110 8

Matching output
0 absent
1 absent
2 absent
3 absent
4 absent
5 absent
6 absent
7 56 65 67 76 57 75 60 06 36 63 61 16

Left
none
Best: none

Right
56 45x
65 54x
67 56y
76 65y
57 46x
75 64x
60 57y
06 75y
36 25x
63 52x
61 50x
16 05x
Best: OR56: 1

XOR
01 10 1110111000 6
12 21 0100001101 4
23 32 1110110011 7
34 43 0101110001 5
45 54 0100010101 4
56 65 0000101010 3
67 76 1101000000 3
70 07 1000001000 2

02 20 1010110101 6
13 31 1010111110 7
24 42 1011000010 4
35 53 0001100100 3
46 64 0100111111 7
57 75 1101101010 6
60 06 0101001000 3
71 17 0110110000 4

03 30 0100000110 3
14 41 1111001111 8
25 52 1111010111 8
36 63 0001001110 4
47 74 1001111111 8
50 05 0101100010 4
61 16 1011110000 5
72 27 0010111101 6

04 40 0001110111 6
15 51 1011011010 6
26 62 1111111101 9
37 73 1100001110 5

Matching output
0 absent
1 absent
2 absent
3 absent
4 absent
5 absent
6 absent
7 absent

Left
none
Best: none

Right
none
Best: none

AND-NOT
01 1010110000 4
12 0100001100 3
23 0000000011 2 match 3
34 0100110000 3
45 0000000001 1
56 0000000000 a
67 1101000000 3
70 0000001000 1

02 1010110100 5
13 0000001110 3
24 0000000010 1
35 0000100000 1
46 0000000001 1
57 1101000000 3
60 0101001000 3
71 0010110000 3

03 0000000110 2
14 0100001110 4 match 2
25 0000000011 2 match 3
36 0000000000 a
47 1001000001 3
50 0101000000 2
61 1011110000 5
72 0010111100 5

04 0000110110 4
15 0000001010 2
26 0000000001 1
37 1100000000 2
40 0001000001 2
51 1011010000 4
62 1111111100 8
73 0000001110 3

05 0000100010 2
16 0000000000 a
27 0000000001 1
30 0100000000 1
41 1011000001 4 match 5
52 1111010100 6 match 6
63 0001001110 4
74 0000111110 5

06 0000000000 a
17 0100000000 1
20 0000000001 1
31 1010110000 4
42 1011000000 3
53 0001000100 2
64 0100111110 6
75 0000101010 3

07 1000000000 1
10 0100001000 2
21 0000000001 1
32 1110110000 5 match 4
43 0001000001 2
54 0100010100 3
65 0000101010 3
76 0000000000 a

Matching output
0 absent
1 absent
2 14
3 23 25
4 32
5 41
6 52
7 absent

Left
none
Best: none

Right
none
Best: none

OR-NOT
01 1011110111 8
12 1111111110 9 match 7
23 0001001111 5
34 1110111110 8
45 1011101011 7
56 1111010101 7
67 1111111111 a
70 0111111111 9

02 1111111110 9 match 7
13 0101001111 6
24 0100111111 7
35 1110111011 8
46 1011000001 4 match 5
57 1111010101 7
60 1111111111 a
71 1011111111 9

03 1011111111 9
14 0100111110 6
25 0000101011 4
36 1110110001 6
47 1111000001 5
50 1111011101 8
61 1111111111 a
72 1111111110 9 match 7

04 1110111110 8
15 0100101111 6
26 0000000011 2 match 3
37 1111110001 7
40 1111001001 6
51 1111110101 8
62 1111111110 9 match 7
73 0011111111 8

05 1010111111 8
16 0100001111 5
27 1101000011 5
30 1111111001 8
41 1011110001 6
52 1111111100 8
63 1111111111 a
74 0110111110 7

06 1010110111 7
17 1101001111 7
20 0101001011 5
31 1111110001 7
42 1111111101 9
53 1111011111 9
64 1111111110 9 match 7
75 0010111111 7

07 1111110111 9
10 0101001111 6
21 1011110011 7
32 1111111100 8
43 1011001111 7
54 1111111110 9 match 7
65 1111111111 a
76 0010111111 7

Matching output
0 absent
1 absent
2 absent
3 26
4 absent
5 46
6 absent
7 12 02 72 62 64 54

Left
none
Best: none

Right
12 01x
02 71x
72 61x
62 51x
64 53x
54 43x
Best: OR-NOT12: 1

XOR-NOT
01 0001000111 4
12 1011110010 6
23 0001001100 3
34 1010001110 5
45 1011101010 6
56 1111010101 7
67 0010111111 7
70 0111110111 8

02 0101001010 4
13 0101000001 3
24 0100111101 6
35 1110011011 7
46 1011000000 3
57 0010010101 4
60 1010110111 7
71 1001001111 6

03 1011111001 7
14 0000110000 2
25 0000101000 2
36 1110110001 6
47 0110000000 2
50 1010011101 6
61 0100001111 5
72 1101000010 4

04 1110001000 4
15 0100100101 4
26 0000000010 1
37 0011110001 5
40 1110001000 4
51 0100100101 4
62 0000000010 1
73 0011110001 5

05 1010011101 6
16 0100001111 5
27 1101000010 4
30 1011111001 7
41 0000110000 2
52 0000101000 2
63 1110110001 6
74 0110000000 2

06 1010110111 7
17 1001001111 6
20 0101001010 4
31 0101000001 3
42 0100111101 6
53 1110011011 7
64 1011000000 3
75 0010010101 4

07 0111110111 8
10 0001000111 4
21 1011110010 6
32 0001001100 3
43 1010001110 5
54 1011101010 6
65 1111010101 7
76 0010111111 7

Matching output
0 absent
1 absent
2 absent
3 absent
4 absent
5 absent
6 absent
7 absent

Left
none
Best: none

Right
none
Best: none

Selecting

Lefts
Identity I7 0 1 2 3 4 5 6: 8
NOT none
Constant none
AND AND67: 1
OR none
XOR none
AND-NOT none
OR-NOT none
XOR-NOT none

Rights
Identity I6 5 4 3 2 1 0 7: 8
NOT none
Constant none
AND none
OR OR56: 1
XOR none
AND-NOT none
OR-NOT OR-NOT12: 1
XOR-NOT none

Left longest: 8
Right longest: 8

Left winner: Identity yes, NOT no, Constant no, AND no, OR no, XOR no, AND-NOT no, OR-NOT no, XOR-NOT no
Right winner: Identity yes, NOT no, Constant no, AND no, OR no, XOR no, AND-NOT no, OR-NOT no, XOR-NOT no

Best left: I7 0 1 2 3 4 5 6: 8
Best right: I6 5 4 3 2 1 0 7: 8

Truncated left: I7 0 1 2 3 4 5 6: 8
Truncated right: none truncated

Tentative from right
7 pending
6 pending
5 pending
4 pending
3 pending
2 pending
1 pending
0 pending

Tentative
0 I7
1 I0
2 I1
3 I2
4 I3
5 I4
6 I5
7 I6

Preferred from left
0 I7
1 I0
2 I1
3 I2
4 I3
5 I4
6 I5
7 I6

Preferred from right
7 I6
6 I5
5 I4
4 I3
3 I2
2 I1
1 I0
0 I7

Preferred
0 I7
1 I0
2 I1
3 I2
4 I3
5 I4
6 I5
7 I6

Matching
0 I7
1 I0
2 I1
3 I2
4 I3
5 I4
6 I5
7 I6

Perfect match
Identity no
NOT no
Constant no
AND no
OR no
XOR no
AND-NOT no
OR-NOT no
XOR-NOT no

Matched
0 I7
1 I0
2 I1
3 I2
4 I3
5 I4
6 I5
7 I6

Selected
0 I7
1 I0
2 I1
3 I2
4 I3
5 I4
6 I5
7 I6

Applying to 01001000
Input
0 0
1 1
2 0
3 0
4 1
5 0
6 0
7 0
Output
0 I7 = 0
1 I0 = 0
2 I1 = 1
3 I2 = 0
4 I3 = 0
5 I4 = 1
6 I5 = 0
7 I6 = 0

I will now return the answer in \boxed{}
The answer in \boxed{–} is \boxed{00100100}
[correct]
true
