[category]
bit_manipulation
[prompt]
In Alice's Wonderland, a secret bit manipulation rule transforms 8-bit binary numbers. The transformation involves operations like bit shifts, rotations, XOR, AND, OR, NOT, and possibly majority or choice functions.

Here are some examples of input -> output:
10110000 -> 00000000
00010101 -> 10100000
01110100 -> 10000000
10111001 -> 00000000
01001101 -> 00100000
00011001 -> 00000000
01000101 -> 00100000

Now, determine the output for: 01100010
[completion]
We need to deduce the transformation by matching the example outputs.
I will put my final answer inside \boxed{}.

Output 0: 00000000
0 0
1 0
2 0
3 0
4 0
5 0
6 0
7 0

Output 1: 10100000
0 1
1 0
2 1
3 0
4 0
5 0
6 0
7 0

Output 2: 10000000
0 1
1 0
2 0
3 0
4 0
5 0
6 0
7 0

Output 3: 00000000
0 0
1 0
2 0
3 0
4 0
5 0
6 0
7 0

Output 4: 00100000
0 0
1 0
2 1
3 0
4 0
5 0
6 0
7 0

Output 5: 00000000
0 0
1 0
2 0
3 0
4 0
5 0
6 0
7 0

Output 6: 00100000
0 0
1 0
2 1
3 0
4 0
5 0
6 0
7 0

Output bit columns (with bitsum as hash)
0 0110000 2
1 0000000 a
2 0100101 3
3 0000000 a
4 0000000 a
5 0000000 a
6 0000000 a
7 0000000 a

Input 0: 10110000
0 1
1 0
2 1
3 1
4 0
5 0
6 0
7 0

Input 1: 00010101
0 0
1 0
2 0
3 1
4 0
5 1
6 0
7 1

Input 2: 01110100
0 0
1 1
2 1
3 1
4 0
5 1
6 0
7 0

Input 3: 10111001
0 1
1 0
2 1
3 1
4 1
5 0
6 0
7 1

Input 4: 01001101
0 0
1 1
2 0
3 0
4 1
5 1
6 0
7 1

Input 5: 00011001
0 0
1 0
2 0
3 1
4 1
5 0
6 0
7 1

Input 6: 01000101
0 0
1 1
2 0
3 0
4 0
5 1
6 0
7 1

When matching output
x: not in operator
y: wrong position

Identity
0 1001000 2
1 0010101 3
2 1011000 3
3 1111010 5
4 0001110 3
5 0110101 4
6 0000000 a match 1 3 4 5 6 7
7 0101111 5

Matching output
0 absent
1 6
2 absent
3 6
4 6
5 6
6 6
7 6

Left
none
Best: none

Right
6 5x
Best: I6: 1

NOT
0 0110111 5
1 1101010 4
2 0100111 4
3 0000101 2
4 1110001 4
5 1001010 3
6 1111111 a
7 1010000 2

Matching output
0 absent
1 absent
2 absent
3 absent
4 absent
5 absent
6 absent
7 absent

Left
none
Best: none

Right
none
Best: none

Constant
0 0000000 a match 1 3 4 5 6 7
1 1111111 a

Matching output
0 absent
1 C0
2 absent
3 C0
4 C0
5 C0
6 C0
7 C0

Left
none
Best: none

Right
0 0 0 0 0
Best: C0 0 0 0 0: 5

AND
01 10 0000000 a match 1 3 4 5 6 7
12 21 0010000 1
23 32 1011000 3
34 43 0001010 2
45 54 0000100 1
56 65 0000000 a match 1 3 4 5 6 7
67 76 0000000 a match 1 3 4 5 6 7
70 07 0001000 1

02 20 1001000 2
13 31 0010000 1
24 42 0001000 1
35 53 0110000 2 match 0
46 64 0000000 a match 1 3 4 5 6 7
57 75 0100101 3 match 2
60 06 0000000 a match 1 3 4 5 6 7
71 17 0000101 2

03 30 1001000 2
14 41 0000100 1
25 52 0010000 1
36 63 0000000 a match 1 3 4 5 6 7
47 74 0001110 3
50 05 0000000 a match 1 3 4 5 6 7
61 16 0000000 a match 1 3 4 5 6 7
72 27 0001000 1

04 40 0001000 1
15 51 0010101 3
26 62 0000000 a match 1 3 4 5 6 7
37 73 0101010 3

Matching output
0 35 53
1 01 10 56 65 67 76 46 64 60 06 36 63 50 05 61 16 26 62
2 57 75
3 01 10 56 65 67 76 46 64 60 06 36 63 50 05 61 16 26 62
4 01 10 56 65 67 76 46 64 60 06 36 63 50 05 61 16 26 62
5 01 10 56 65 67 76 46 64 60 06 36 63 50 05 61 16 26 62
6 01 10 56 65 67 76 46 64 60 06 36 63 50 05 61 16 26 62
7 01 10 56 65 67 76 46 64 60 06 36 63 50 05 61 16 26 62

Left
35 46 57 60 71x
53 64 75 06 17x
Best: AND35 46 57 60: 4

Right
01 70x
10 07x
56 45x
65 54x
67 56 45x
76 65 54x
46 35y
64 53y
60 57y
06 75y
36 25x
63 52x
50 47x
05 74x
61 50 47x
16 05 74x
26 15x
62 51x
Best: AND67 56: 2

OR
01 10 1011101 5
12 21 1011101 5
23 32 1111010 5
34 43 1111110 6
45 54 0111111 6
56 65 0110101 4
67 76 0101111 5
70 07 1101111 6

02 20 1011000 3
13 31 1111111 a
24 42 1011110 5
35 53 1111111 a
46 64 0001110 3
57 75 0111111 6
60 06 1001000 2
71 17 0111111 6

03 30 1111010 5
14 41 0011111 5
25 52 1111101 6
36 63 1111010 5
47 74 0101111 5
50 05 1111101 6
61 16 0010101 3
72 27 1111111 a

04 40 1001110 4
15 51 0110101 4
26 62 1011000 3
37 73 1111111 a

Matching output
0 absent
1 absent
2 absent
3 absent
4 absent
5 absent
6 absent
7 absent

Left
none
Best: none

Right
none
Best: none

XOR
01 10 1011101 5
12 21 1001101 4
23 32 0100010 2
34 43 1110100 4
45 54 0111011 5
56 65 0110101 4
67 76 0101111 5
70 07 1100111 5

02 20 0010000 1
13 31 1101111 6
24 42 1010110 4
35 53 1001111 5
46 64 0001110 3
57 75 0011010 3
60 06 1001000 2
71 17 0111010 4

03 30 0110010 3
14 41 0011011 4
25 52 1101101 5
36 63 1111010 5
47 74 0100001 2
50 05 1111101 6
61 16 0010101 3
72 27 1110111 6

04 40 1000110 3
15 51 0100000 1
26 62 1011000 3
37 73 1010101 4

Matching output
0 absent
1 absent
2 absent
3 absent
4 absent
5 absent
6 absent
7 absent

Left
none
Best: none

Right
none
Best: none

AND-NOT
01 1001000 2
12 0000101 2
23 0000000 a match 1 3 4 5 6 7
34 1110000 3
45 0001010 2
56 0110101 4
67 0000000 a match 1 3 4 5 6 7
70 0100111 4

02 0000000 a match 1 3 4 5 6 7
13 0000101 2
24 1010000 2
35 1001010 3
46 0001110 3
57 0010000 1
60 0000000 a match 1 3 4 5 6 7
71 0101010 3

03 0000000 a match 1 3 4 5 6 7
14 0010001 2
25 1001000 2
36 1111010 5
47 0000000 a match 1 3 4 5 6 7
50 0110101 4
61 0000000 a match 1 3 4 5 6 7
72 0100111 4

04 1000000 1
15 0000000 a match 1 3 4 5 6 7
26 1011000 3
37 1010000 2
40 0000110 2
51 0100000 1
62 0000000 a match 1 3 4 5 6 7
73 0000101 2

05 1001000 2
16 0010101 3
27 1010000 2
30 0110010 3
41 0001010 2
52 0100101 3 match 2
63 0000000 a match 1 3 4 5 6 7
74 0100001 2

06 1001000 2
17 0010000 1
20 0010000 1
31 1101010 4
42 0000110 2
53 0000101 2
64 0000000 a match 1 3 4 5 6 7
75 0001010 2

07 1000000 1
10 0010101 3
21 1001000 2
32 0100010 2
43 0000100 1
54 0110001 3
65 0000000 a match 1 3 4 5 6 7
76 0101111 5

Matching output
0 absent
1 23 67 02 60 03 47 61 15 62 63 64 65
2 52
3 23 67 02 60 03 47 61 15 62 63 64 65
4 23 67 02 60 03 47 61 15 62 63 64 65
5 23 67 02 60 03 47 61 15 62 63 64 65
6 23 67 02 60 03 47 61 15 62 63 64 65
7 23 67 02 60 03 47 61 15 62 63 64 65

Left
none
Best: none

Right
23 12x
67 56x
02 71x
60 57x
03 72x
47 36x
61 50x
15 04x
62 51x
63 52y
64 53x
65 54x
Best: AND-NOT23: 1

OR-NOT
01 1101010 4
12 0110111 5
23 1011101 5
34 1111011 6
45 1001110 4
56 1111111 a
67 1010000 2
70 0111111 6

02 1101111 6
13 0010101 3
24 1111001 5
35 1111010 5
46 1111111 a
57 1110101 5
60 0110111 5
71 1101111 6

03 1001101 4
14 1110101 5
25 1011010 4
36 1111111 a
47 1011110 5
50 0110111 5
61 1101010 4
72 0101111 5

04 1111001 5
15 1011111 6
26 1111111 a
37 1111010 5
40 0111111 6
51 1111111 a
62 0100111 4
73 0101111 5

05 1001010 3
16 1111111 a
27 1011000 3
30 1111111 a
41 1101110 5
52 0110111 5
63 0000101 2
74 1111111 a

06 1111111 a
17 1010101 4
20 1111111 a
31 1111010 5
42 0101111 5
53 0110101 4
64 1110001 4
75 1101111 6

07 1011000 3
10 0110111 5
21 1111010 5
32 1111111 a
43 0001111 4
54 1110101 5
65 1001010 3
76 1111111 a

Matching output
0 absent
1 absent
2 absent
3 absent
4 absent
5 absent
6 absent
7 absent

Left
none
Best: none

Right
none
Best: none

XOR-NOT
01 0100010 2
12 0110010 3
23 1011101 5
34 0001011 3
45 1000100 2
56 1001010 3
67 1010000 2
70 0011000 2

02 1101111 6
13 0010000 1
24 0101001 3
35 0110000 2 match 0
46 1110001 4
57 1100101 4
60 0110111 5
71 1000101 3

03 1001101 4
14 1100100 3
25 0010010 2
36 0000101 2
47 1011110 5
50 0000010 1
61 1101010 4
72 0001000 1

04 0111001 4
15 1011111 6
26 0100111 4
37 0101010 3
40 0111001 4
51 1011111 6
62 0100111 4
73 0101010 3

05 0000010 1
16 1101010 4
27 0001000 1
30 1001101 4
41 1100100 3
52 0010010 2
63 0000101 2
74 1011110 5

06 0110111 5
17 1000101 3
20 1101111 6
31 0010000 1
42 0101001 3
53 0110000 2 match 0
64 1110001 4
75 1100101 4

07 0011000 2
10 0100010 2
21 0110010 3
32 1011101 5
43 0001011 3
54 1000100 2
65 1001010 3
76 1010000 2

Matching output
0 35 53
1 absent
2 absent
3 absent
4 absent
5 absent
6 absent
7 absent

Left
35 46x
53 64x
Best: XOR-NOT35: 1

Right
none
Best: none

Selecting

Lefts
Identity none
NOT none
Constant none
AND AND35 46 57 60: 4
OR none
XOR none
AND-NOT none
OR-NOT none
XOR-NOT XOR-NOT35: 1

Rights
Identity I6: 1
NOT none
Constant C0 0 0 0 0: 5
AND AND67 56: 2
OR none
XOR none
AND-NOT AND-NOT23: 1
OR-NOT none
XOR-NOT none

Left longest: 4
Right longest: 5

Right winner: Identity no, NOT no, Constant yes, AND no, OR no, XOR no, AND-NOT no, OR-NOT no, XOR-NOT no
Left winner: Identity no, NOT no, Constant no, AND yes, OR no, XOR no, AND-NOT no, OR-NOT no, XOR-NOT no

Best right: C0 0 0 0 0: 5
Best left: AND35 46 57 60: 4

Truncated right: C0 0 0 0 0: 5
Truncated left: AND35 46 57: 3 truncated

Tentative from right
7 C0
6 C0
5 C0
4 C0
3 C0
2 pending
1 pending
0 pending

Tentative
0 AND35
1 AND46
2 AND57
3 C0
4 C0
5 C0
6 C0
7 C0

Preferred from right
7 C0
6 C0
5 C0
4 C0
3 C0
2 AND57
1 AND46
0 AND35

Preferred from left
0 AND35
1 AND46
2 AND57
3 C0
4 C0
5 C0
6 C0
7 C0

Preferred
0 AND35
1 AND46
2 AND57
3 C0
4 C0
5 C0
6 C0
7 C0

Matching
0 AND35
1 AND46
2 AND57
3 C0
4 C0
5 C0
6 C0
7 C0

Perfect match
Identity no
NOT no
Constant no
AND no
OR no
XOR no
AND-NOT no
OR-NOT no
XOR-NOT no

Matched
0 AND35
1 AND46
2 AND57
3 C0
4 C0
5 C0
6 C0
7 C0

Selected
0 AND35
1 AND46
2 AND57
3 C0
4 C0
5 C0
6 C0
7 C0

Applying to 01100010
Input
0 0
1 1
2 1
3 0
4 0
5 0
6 1
7 0
Output
0 AND35 = AND(0,0) = 0
1 AND46 = AND(0,1) = 0
2 AND57 = AND(0,0) = 0
3 C0 = 0
4 C0 = 0
5 C0 = 0
6 C0 = 0
7 C0 = 0

I will now return the answer in \boxed{}
The answer in \boxed{–} is \boxed{00000000}
[correct]
true
