[category]
bit_manipulation
[prompt]
In Alice's Wonderland, a secret bit manipulation rule transforms 8-bit binary numbers. The transformation involves operations like bit shifts, rotations, XOR, AND, OR, NOT, and possibly majority or choice functions.

Here are some examples of input -> output:
10111101 -> 11111111
10000000 -> 01000100
01111101 -> 11111111
01100101 -> 00111011
10110101 -> 11111111
00111110 -> 11111111
11110011 -> 11111111
01010101 -> 10101010
11101011 -> 01111111
00000011 -> 00011001

Now, determine the output for: 10001001
[completion]
We need to deduce the transformation by matching the example outputs.
I will put my final answer inside \boxed{}.

Output 0: 11111111
0 1
1 1
2 1
3 1
4 1
5 1
6 1
7 1

Output 1: 01000100
0 0
1 1
2 0
3 0
4 0
5 1
6 0
7 0

Output 2: 11111111
0 1
1 1
2 1
3 1
4 1
5 1
6 1
7 1

Output 3: 00111011
0 0
1 0
2 1
3 1
4 1
5 0
6 1
7 1

Output 4: 11111111
0 1
1 1
2 1
3 1
4 1
5 1
6 1
7 1

Output 5: 11111111
0 1
1 1
2 1
3 1
4 1
5 1
6 1
7 1

Output 6: 11111111
0 1
1 1
2 1
3 1
4 1
5 1
6 1
7 1

Output 7: 10101010
0 1
1 0
2 1
3 0
4 1
5 0
6 1
7 0

Output 8: 01111111
0 0
1 1
2 1
3 1
4 1
5 1
6 1
7 1

Output 9: 00011001
0 0
1 0
2 0
3 1
4 1
5 0
6 0
7 1

Output bit columns (with bitsum as hash)
0 1010111100 6
1 1110111010 7
2 1011111110 8
3 1011111011 8
4 1011111111 9
5 1110111010 7
6 1011111110 8
7 1011111011 8

Input 0: 10111101
0 1
1 0
2 1
3 1
4 1
5 1
6 0
7 1

Input 1: 10000000
0 1
1 0
2 0
3 0
4 0
5 0
6 0
7 0

Input 2: 01111101
0 0
1 1
2 1
3 1
4 1
5 1
6 0
7 1

Input 3: 01100101
0 0
1 1
2 1
3 0
4 0
5 1
6 0
7 1

Input 4: 10110101
0 1
1 0
2 1
3 1
4 0
5 1
6 0
7 1

Input 5: 00111110
0 0
1 0
2 1
3 1
4 1
5 1
6 1
7 0

Input 6: 11110011
0 1
1 1
2 1
3 1
4 0
5 0
6 1
7 1

Input 7: 01010101
0 0
1 1
2 0
3 1
4 0
5 1
6 0
7 1

Input 8: 11101011
0 1
1 1
2 1
3 0
4 1
5 0
6 1
7 1

Input 9: 00000011
0 0
1 0
2 0
3 0
4 0
5 0
6 1
7 1

When matching output
x: not in operator
y: wrong position

Identity
0 1100101010 5
1 0011001110 5
2 1011111010 7
3 1010111100 6 match 0
4 1010010010 4
5 1011110100 6
6 0000011011 4
7 1011101111 8

Matching output
0 3
1 absent
2 absent
3 absent
4 absent
5 absent
6 absent
7 absent

Left
3 4x
Best: I3: 1

Right
none
Best: none

NOT
0 0011010101 5
1 1100110001 5
2 0100000101 3
3 0101000011 4
4 0101101101 6
5 0100001011 4
6 1111100100 6
7 0100010000 2

Matching output
0 absent
1 absent
2 absent
3 absent
4 absent
5 absent
6 absent
7 absent

Left
none
Best: none

Right
none
Best: none

Constant
0 0000000000 a
1 1111111111 a

Matching output
0 absent
1 absent
2 absent
3 absent
4 absent
5 absent
6 absent
7 absent

Left
none
Best: none

Right
none
Best: none

AND
01 10 0000001010 2
12 21 0011001010 4
23 32 1010111000 5
34 43 1010010000 3
45 54 1010010000 3
56 65 0000010000 1
67 76 0000001011 3
70 07 1000101010 4

02 20 1000101010 4
13 31 0010001100 3
24 42 1010010010 4
35 53 1010110100 5
46 64 0000010010 2
57 75 1011100100 5
60 06 0000001010 2
71 17 0011001110 5

03 30 1000101000 3
14 41 0010000010 2
25 52 1011110000 5
36 63 0000011000 2
47 74 1010000010 3
50 05 1000100000 2
61 16 0000001010 2
72 27 1011101010 6

04 40 1000000010 2
15 51 0011000100 3
26 62 0000011010 3
37 73 1010101100 5

Matching output
0 absent
1 absent
2 absent
3 absent
4 absent
5 absent
6 absent
7 absent

Left
none
Best: none

Right
none
Best: none

OR
01 10 1111101110 8
12 21 1011111110 8 match 2 6
23 32 1011111110 8 match 2 6
34 43 1010111110 7
45 54 1011110110 7
56 65 1011111111 9 match 4
67 76 1011111111 9 match 4
70 07 1111101111 9

02 20 1111111010 8
13 31 1011111110 8 match 2 6
24 42 1011111010 7
35 53 1011111100 7
46 64 1010011011 6
57 75 1011111111 9 match 4
60 06 1100111011 7
71 17 1011101111 8

03 30 1110111110 8
14 41 1011011110 7
25 52 1011111110 8 match 2 6
36 63 1010111111 8
47 74 1011111111 9 match 4
50 05 1111111110 9
61 16 0011011111 7
72 27 1011111111 9 match 4

04 40 1110111010 7 match 1 5
15 51 1011111110 8 match 2 6
26 62 1011111011 8 match 3 7
37 73 1011111111 9 match 4

Matching output
0 absent
1 04 40
2 12 21 23 32 13 31 25 52 15 51
3 26 62
4 56 65 67 76 57 75 47 74 72 27 37 73
5 04 40
6 12 21 23 32 13 31 25 52 15 51
7 26 62

Left
none
Best: none

Right
26 15 04 73 62 51 40 37y
62 51 40 37 26 15 04 73y
Best: OR26 15 04 73 62 51 40: 7

XOR
01 10 1111100100 6
12 21 1000110100 4
23 32 0001000110 3
34 43 0000101110 4
45 54 0001100110 4
56 65 1011101111 8
67 76 1011110100 6
70 07 0111000101 5

02 20 0111010000 4
13 31 1001110010 5
24 42 0001101000 3
35 53 0001001000 2
46 64 1010001001 4
57 75 0000011011 4
60 06 1100110001 5
71 17 1000100001 3

03 30 0110010110 5
14 41 1001011100 5
25 52 0000001110 3
36 63 1010100111 6
47 74 0001111101 6
50 05 0111011110 7
61 16 0011010101 5
72 27 0000010101 3

04 40 0110111000 5
15 51 1000111010 5
26 62 1011100001 5
37 73 0001010011 4

Matching output
0 absent
1 absent
2 absent
3 absent
4 absent
5 absent
6 absent
7 absent

Left
none
Best: none

Right
none
Best: none

AND-NOT
01 1100100000 3
12 0000000100 1
23 0001000010 2
34 0000101100 3
45 0000000010 1
56 1011100100 5
67 0000010000 1
70 0011000101 4

02 0100000000 1
13 0001000010 2
24 0001101000 3
35 0000001000 1
46 1010000000 2
57 0000010000 1
60 0000010001 2
71 1000100001 3

03 0100000010 2
14 0001001100 3
25 0000001010 2
36 1010100100 4
47 0000010000 1
50 0011010100 4
61 0000010001 2
72 0000000101 2

04 0100101000 3
15 0000001010 2
26 1011100000 4
37 0000010000 1
40 0010010000 2
51 1000110000 3
62 0000000001 1
73 0001000011 3

05 0100001010 3
16 0011000100 3
27 0000010000 1
30 0010010100 3
41 1000010000 2
52 0000000100 1
63 0000000011 2
74 0001101101 5

06 1100100000 3
17 0000000000 a
20 0011010000 3
31 1000110000 3
42 0000000000 a
53 0001000000 1
64 0000001001 2
75 0000001011 3

07 0100000000 1
10 0011000100 3
21 1000110000 3
32 0000000100 1
43 0000000010 1
54 0001100100 3
65 0000001011 3
76 1011100100 5

Matching output
0 absent
1 absent
2 absent
3 absent
4 absent
5 absent
6 absent
7 absent

Left
none
Best: none

Right
none
Best: none

OR-NOT
01 1100111011 7
12 0111001111 7
23 1111111011 9
34 1111111101 9
45 1110011011 7
56 1111110100 7
67 0100011011 5
70 1011111111 9 match 4

02 1100101111 7
13 0111001111 7
24 1111111111 a
35 1110111111 9
46 1111110110 8
57 1111110100 7
60 0011011111 7
71 1111111111 a

03 1101101011 7
14 0111101111 8
25 1111111011 9
36 1111111100 8
47 1110010010 5
50 1011110101 7
61 1100111011 7
72 1111101111 9

04 1101101111 8
15 0111001111 7
26 1111111110 9
37 1110111100 7
40 1011010111 7
51 1111110101 8
62 0100011111 6
73 1111101111 9

05 1100101011 6
16 1111101110 8
27 1111111010 8
30 1011111101 8
41 1110110011 7
52 1111110101 8
63 0101011011 6
74 1111101111 9

06 1111101110 8
17 0111011110 7
20 1011111111 9 match 4
31 1110111101 8
42 1110010111 7
53 1111110111 9
64 0101111111 8
75 1111101111 9

07 1100111010 6
10 0011011111 7
21 1111111011 9
32 1110111101 8
43 1111010011 7
54 1111111101 9
65 0100011011 5
76 1111101111 9

Matching output
0 absent
1 absent
2 absent
3 absent
4 70 20
5 absent
6 absent
7 absent

Left
none
Best: none

Right
none
Best: none

XOR-NOT
01 0000011011 4
12 0111001011 6
23 1110111001 7
34 1111010001 6
45 1110011001 6
56 0100010000 2
67 0100001011 4
70 1000111010 5

02 1000101111 6
13 0110001101 5
24 1110010111 7
35 1110110111 8
46 0101110110 6
57 1111100100 6
60 0011001110 5
71 0111011110 7

03 1001101001 5
14 0110100011 5
25 1111110001 7
36 0101011000 4
47 1110000010 4
50 1000100001 3
61 1100101010 5
72 1111101010 7

04 1001000111 5
15 0111000101 5
26 0100011110 5
37 1110101100 6
40 1001000111 5
51 0111000101 5
62 0100011110 5
73 1110101100 6

05 1000100001 3
16 1100101010 5
27 1111101010 7
30 1001101001 5
41 0110100011 5
52 1111110001 7
63 0101011000 4
74 1110000010 4

06 0011001110 5
17 0111011110 7
20 1000101111 6
31 0110001101 5
42 1110010111 7
53 1110110111 8
64 0101110110 6
75 1111100100 6

07 1000111010 5
10 0000011011 4
21 0111001011 6
32 1110111001 7
43 1111010001 6
54 1110011001 6
65 0100010000 2
76 0100001011 4

Matching output
0 absent
1 absent
2 absent
3 absent
4 absent
5 absent
6 absent
7 absent

Left
none
Best: none

Right
none
Best: none

Selecting

Lefts
Identity I3: 1
NOT none
Constant none
AND none
OR none
XOR none
AND-NOT none
OR-NOT none
XOR-NOT none

Rights
Identity none
NOT none
Constant none
AND none
OR OR26 15 04 73 62 51 40: 7
XOR none
AND-NOT none
OR-NOT none
XOR-NOT none

Left longest: 1
Right longest: 7

Right winner: Identity no, NOT no, Constant no, AND no, OR yes, XOR no, AND-NOT no, OR-NOT no, XOR-NOT no
Left winner: Identity yes, NOT no, Constant no, AND no, OR no, XOR no, AND-NOT no, OR-NOT no, XOR-NOT no

Best right: OR26 15 04 73 62 51 40: 7
Best left: I3: 1

Truncated right: OR26 15 04 73 62 51 40: 7
Truncated left: I3: 1

Tentative from right
7 OR26
6 OR15
5 OR04
4 OR73
3 OR62
2 OR51
1 OR40
0 pending

Tentative
0 I3
1 OR40
2 OR51
3 OR62
4 OR73
5 OR04
6 OR15
7 OR26

Preferred from right
7 OR26
6 OR15
5 OR04
4 OR73
3 OR62
2 OR51
1 OR40
0 I3

Preferred from left
0 I3
1 OR40
2 OR51
3 OR62
4 OR73
5 OR04
6 OR15
7 OR26

Preferred
0 I3
1 OR40
2 OR51
3 OR62
4 OR73
5 OR04
6 OR15
7 OR26

Matching
0 I3
1 OR40
2 OR51
3 OR62
4 OR73
5 OR04
6 OR15
7 OR26

Perfect match
Identity no
NOT no
Constant no
AND no
OR no
XOR no
AND-NOT no
OR-NOT no
XOR-NOT no

Matched
0 I3
1 OR40
2 OR51
3 OR62
4 OR73
5 OR04
6 OR15
7 OR26

Selected
0 I3
1 OR40
2 OR51
3 OR62
4 OR73
5 OR04
6 OR15
7 OR26

Applying to 10001001
Input
0 1
1 0
2 0
3 0
4 1
5 0
6 0
7 1
Output
0 I3 = 0
1 OR40 = OR(1,1) = 1
2 OR51 = OR(0,0) = 0
3 OR62 = OR(0,0) = 0
4 OR73 = OR(1,0) = 1
5 OR04 = OR(1,1) = 1
6 OR15 = OR(0,0) = 0
7 OR26 = OR(0,0) = 0

I will now return the answer in \boxed{}
The answer in \boxed{–} is \boxed{01001100}
[correct]
true
