[category]
bit_manipulation
[prompt]
In Alice's Wonderland, a secret bit manipulation rule transforms 8-bit binary numbers. The transformation involves operations like bit shifts, rotations, XOR, AND, OR, NOT, and possibly majority or choice functions.

Here are some examples of input -> output:
01001100 -> 00000000
00111101 -> 10100000
01100111 -> 10000000
11110011 -> 01000000
11001010 -> 00000000
01111111 -> 11100000
01101110 -> 10000000
10110100 -> 10000000

Now, determine the output for: 10100110
[completion]
We need to deduce the transformation by matching the example outputs.
I will put my final answer inside \boxed{}.

Output 0: 00000000
0 0
1 0
2 0
3 0
4 0
5 0
6 0
7 0

Output 1: 10100000
0 1
1 0
2 1
3 0
4 0
5 0
6 0
7 0

Output 2: 10000000
0 1
1 0
2 0
3 0
4 0
5 0
6 0
7 0

Output 3: 01000000
0 0
1 1
2 0
3 0
4 0
5 0
6 0
7 0

Output 4: 00000000
0 0
1 0
2 0
3 0
4 0
5 0
6 0
7 0

Output 5: 11100000
0 1
1 1
2 1
3 0
4 0
5 0
6 0
7 0

Output 6: 10000000
0 1
1 0
2 0
3 0
4 0
5 0
6 0
7 0

Output 7: 10000000
0 1
1 0
2 0
3 0
4 0
5 0
6 0
7 0

Output bit columns (with bitsum as hash)
0 01100111 5
1 00010100 2
2 01000100 2
3 00000000 a
4 00000000 a
5 00000000 a
6 00000000 a
7 00000000 a

Input 0: 01001100
0 0
1 1
2 0
3 0
4 1
5 1
6 0
7 0

Input 1: 00111101
0 0
1 0
2 1
3 1
4 1
5 1
6 0
7 1

Input 2: 01100111
0 0
1 1
2 1
3 0
4 0
5 1
6 1
7 1

Input 3: 11110011
0 1
1 1
2 1
3 1
4 0
5 0
6 1
7 1

Input 4: 11001010
0 1
1 1
2 0
3 0
4 1
5 0
6 1
7 0

Input 5: 01111111
0 0
1 1
2 1
3 1
4 1
5 1
6 1
7 1

Input 6: 01101110
0 0
1 1
2 1
3 0
4 1
5 1
6 1
7 0

Input 7: 10110100
0 1
1 0
2 1
3 1
4 0
5 1
6 0
7 0

When matching output
x: not in operator
y: wrong position

Identity
0 00011001 3
1 10111110 6
2 01110111 6
3 01010101 4
4 11001110 5
5 11100111 6
6 00111110 5
7 01110100 4

Matching output
0 absent
1 absent
2 absent
3 absent
4 absent
5 absent
6 absent
7 absent

Left
none
Best: none

Right
none
Best: none

NOT
0 11100110 5
1 01000001 2
2 10001000 2
3 10101010 4
4 00110001 3
5 00011000 2
6 11000001 3
7 10001011 4

Matching output
0 absent
1 absent
2 absent
3 absent
4 absent
5 absent
6 absent
7 absent

Left
none
Best: none

Right
none
Best: none

Constant
0 00000000 a match 3 4 5 6 7
1 11111111 a

Matching output
0 absent
1 absent
2 absent
3 C0
4 C0
5 C0
6 C0
7 C0

Left
none
Best: none

Right
0 0 0 0 0
Best: C0 0 0 0 0: 5

AND
01 10 00011000 2
12 21 00110110 4
23 32 01010101 4
34 43 01000100 2 match 2
45 54 11000110 4
56 65 00100110 3
67 76 00110100 3
70 07 00010000 1

02 20 00010001 2
13 31 00010100 2 match 1
24 42 01000110 3
35 53 01000101 3
46 64 00001110 3
57 75 01100100 3
60 06 00011000 2
71 17 00110100 3

03 30 00010001 2
14 41 10001110 4
25 52 01100111 5 match 0
36 63 00010100 2 match 1
47 74 01000100 2 match 2
50 05 00000001 1
61 16 00111110 5
72 27 01110100 4

04 40 00001000 1
15 51 10100110 4
26 62 00110110 4
37 73 01010100 3

Matching output
0 25 52
1 13 31 36 63
2 34 43 47 74
3 absent
4 absent
5 absent
6 absent
7 absent

Left
25 36 47 50x
52 63 74 05x
Best: AND25 36 47: 3

Right
none
Best: none

OR
01 10 10111111 7
12 21 11111111 a
23 32 01110111 6
34 43 11011111 7
45 54 11101111 7
56 65 11111111 a
67 76 01111110 6
70 07 01111101 6

02 20 01111111 7
13 31 11111111 a
24 42 11111111 a
35 53 11110111 7
46 64 11111110 7
57 75 11110111 7
60 06 00111111 6
71 17 11111110 7

03 30 01011101 5
14 41 11111110 7
25 52 11110111 7
36 63 01111111 7
47 74 11111110 7
50 05 11111111 a
61 16 10111110 6
72 27 01110111 6

04 40 11011111 7
15 51 11111111 a
26 62 01111111 7
37 73 01110101 5

Matching output
0 absent
1 absent
2 absent
3 absent
4 absent
5 absent
6 absent
7 absent

Left
none
Best: none

Right
none
Best: none

XOR
01 10 10100111 5
12 21 11001001 4
23 32 00100010 2
34 43 10011011 5
45 54 00101001 3
56 65 11011001 5
67 76 01001010 3
70 07 01101101 5

02 20 01101110 5
13 31 11101011 6
24 42 10111001 5
35 53 10110010 4
46 64 11110000 4
57 75 10010011 4
60 06 00100111 4
71 17 11001010 4

03 30 01001100 3
14 41 01110000 3
25 52 10010000 2
36 63 01101011 5
47 74 10111010 5
50 05 11111110 7
61 16 10000000 1
72 27 00000011 2

04 40 11010111 6
15 51 01011001 4
26 62 01001001 3
37 73 00100001 2

Matching output
0 absent
1 absent
2 absent
3 absent
4 absent
5 absent
6 absent
7 absent

Left
none
Best: none

Right
none
Best: none

AND-NOT
01 00000001 1
12 10001000 2
23 00100010 2
34 00010001 2
45 00001000 1
56 11000001 3
67 00001010 2
70 01100100 3

02 00001000 1
13 10101010 4
24 00110001 3
35 00010000 1
46 11000000 2
57 10000011 3
60 00100110 3
71 01000000 1

03 00001000 1
14 00110000 2
25 00010000 1
36 01000001 2
47 10001010 3
50 11100110 5
61 00000000 a match 3 4 5 6 7
72 00000000 a match 3 4 5 6 7

04 00010001 2
15 00011000 2
26 01000001 2
37 00000001 1
40 11000110 4
51 01000001 2
62 00001000 1
73 00100000 1

05 00011000 2
16 10000000 1
27 00000011 2
30 01000100 2 match 2
41 01000000 1
52 10000000 1
63 00101010 3
74 00110000 2

06 00000001 1
17 10001010 3
20 01100110 4
31 01000001 2
42 10001000 2
53 10100010 3
64 00110000 2
75 00010000 1

07 00001001 2
10 10100110 4
21 01000001 2
32 00000000 a match 3 4 5 6 7
43 10001010 3
54 00100001 2
65 00011000 2
76 01000000 1

Matching output
0 absent
1 absent
2 30
3 61 72 32
4 61 72 32
5 61 72 32
6 61 72 32
7 61 72 32

Left
none
Best: none

Right
61 50x
72 61 50x
32 21x
Best: AND-NOT72 61: 2

OR-NOT
01 01011001 4
12 10111110 6
23 11111111 a
34 01110101 5
45 11011110 6
56 11100111 6
67 10111111 7
70 11110110 6

02 10011001 4
13 10111110 6
24 01110111 6
35 01011101 5
46 11001111 6
57 11101111 7
60 11111110 7
71 01110101 5

03 10111011 6
14 10111111 7
25 01111111 7
36 11010101 5
47 11001111 6
50 11100111 6
61 01111111 7
72 11111100 6

04 00111001 4
15 10111110 6
26 11110111 7
37 11011111 7
40 11101110 6
51 11100111 6
62 10111110 6
73 11111110 7

05 00011001 3
16 11111111 a
27 11111111 a
30 11110111 7
41 11001111 6
52 11101111 7
63 10111110 6
74 01110101 5

06 11011001 5
17 10111111 7
20 11110111 7
31 01010101 4
42 11001110 5
53 11101111 7
64 00111111 6
75 01111100 5

07 10011011 5
10 11111110 7
21 01110111 6
32 11011101 6
43 11101110 6
54 11110111 7
65 00111110 5
76 11110101 6

Matching output
0 absent
1 absent
2 absent
3 absent
4 absent
5 absent
6 absent
7 absent

Left
none
Best: none

Right
none
Best: none

XOR-NOT
01 01011000 3
12 00110110 4
23 11011101 6
34 01100100 3
45 11010110 5
56 00100110 3
67 10110101 5
70 10010010 3

02 10010001 3
13 00010100 2 match 1
24 01000110 3
35 01001101 4
46 00001111 4
57 01101100 4
60 11011000 4
71 00110101 4

03 10110011 5
14 10001111 5
25 01101111 6
36 10010100 3
47 01000101 3
50 00000001 1
61 01111111 7
72 11111100 6

04 00101000 2
15 10100110 4
26 10110110 5
37 11011110 6
40 00101000 2
51 10100110 4
62 10110110 5
73 11011110 6

05 00000001 1
16 01111111 7
27 11111100 6
30 10110011 5
41 10001111 5
52 01101111 6
63 10010100 3
74 01000101 3

06 11011000 4
17 00110101 4
20 10010001 3
31 00010100 2 match 1
42 01000110 3
53 01001101 4
64 00001111 4
75 01101100 4

07 10010010 3
10 01011000 3
21 00110110 4
32 11011101 6
43 01100100 3
54 11010110 5
65 00100110 3
76 10110101 5

Matching output
0 absent
1 13 31
2 absent
3 absent
4 absent
5 absent
6 absent
7 absent

Left
none
Best: none

Right
none
Best: none

Selecting

Lefts
Identity none
NOT none
Constant none
AND AND25 36 47: 3
OR none
XOR none
AND-NOT none
OR-NOT none
XOR-NOT none

Rights
Identity none
NOT none
Constant C0 0 0 0 0: 5
AND none
OR none
XOR none
AND-NOT AND-NOT72 61: 2
OR-NOT none
XOR-NOT none

Left longest: 3
Right longest: 5

Right winner: Identity no, NOT no, Constant yes, AND no, OR no, XOR no, AND-NOT no, OR-NOT no, XOR-NOT no
Left winner: Identity no, NOT no, Constant no, AND yes, OR no, XOR no, AND-NOT no, OR-NOT no, XOR-NOT no

Best right: C0 0 0 0 0: 5
Best left: AND25 36 47: 3

Truncated right: C0 0 0 0 0: 5
Truncated left: AND25 36 47: 3

Tentative from right
7 C0
6 C0
5 C0
4 C0
3 C0
2 pending
1 pending
0 pending

Tentative
0 AND25
1 AND36
2 AND47
3 C0
4 C0
5 C0
6 C0
7 C0

Preferred from right
7 C0
6 C0
5 C0
4 C0
3 C0
2 AND47
1 AND36
0 AND25

Preferred from left
0 AND25
1 AND36
2 AND47
3 C0
4 C0
5 C0
6 C0
7 C0

Preferred
0 AND25
1 AND36
2 AND47
3 C0
4 C0
5 C0
6 C0
7 C0

Matching
0 AND25
1 AND36
2 AND47
3 C0
4 C0
5 C0
6 C0
7 C0

Perfect match
Identity no
NOT no
Constant no
AND no
OR no
XOR no
AND-NOT no
OR-NOT no
XOR-NOT no

Matched
0 AND25
1 AND36
2 AND47
3 C0
4 C0
5 C0
6 C0
7 C0

Selected
0 AND25
1 AND36
2 AND47
3 C0
4 C0
5 C0
6 C0
7 C0

Applying to 10100110
Input
0 1
1 0
2 1
3 0
4 0
5 1
6 1
7 0
Output
0 AND25 = AND(1,1) = 1
1 AND36 = AND(0,1) = 0
2 AND47 = AND(0,0) = 0
3 C0 = 0
4 C0 = 0
5 C0 = 0
6 C0 = 0
7 C0 = 0

I will now return the answer in \boxed{}
The answer in \boxed{–} is \boxed{10000000}
[correct]
true
