[category]
bit_manipulation
[prompt]
In Alice's Wonderland, a secret bit manipulation rule transforms 8-bit binary numbers. The transformation involves operations like bit shifts, rotations, XOR, AND, OR, NOT, and possibly majority or choice functions.

Here are some examples of input -> output:
11010111 -> 00011010
01011100 -> 00000010
11010001 -> 00001010
11111101 -> 00001111
11101000 -> 00000101
01001011 -> 00001000
01100101 -> 00001000

Now, determine the output for: 00101001
[completion]
We need to deduce the transformation by matching the example outputs.
I will put my final answer inside \boxed{}.

Output 0: 00011010
0 0
1 0
2 0
3 1
4 1
5 0
6 1
7 0

Output 1: 00000010
0 0
1 0
2 0
3 0
4 0
5 0
6 1
7 0

Output 2: 00001010
0 0
1 0
2 0
3 0
4 1
5 0
6 1
7 0

Output 3: 00001111
0 0
1 0
2 0
3 0
4 1
5 1
6 1
7 1

Output 4: 00000101
0 0
1 0
2 0
3 0
4 0
5 1
6 0
7 1

Output 5: 00001000
0 0
1 0
2 0
3 0
4 1
5 0
6 0
7 0

Output 6: 00001000
0 0
1 0
2 0
3 0
4 1
5 0
6 0
7 0

Output bit columns (with bitsum as hash)
0 0000000 a
1 0000000 a
2 0000000 a
3 1000000 1
4 1011011 5
5 0001100 2
6 1111000 4
7 0001100 2

Input 0: 11010111
0 1
1 1
2 0
3 1
4 0
5 1
6 1
7 1

Input 1: 01011100
0 0
1 1
2 0
3 1
4 1
5 1
6 0
7 0

Input 2: 11010001
0 1
1 1
2 0
3 1
4 0
5 0
6 0
7 1

Input 3: 11111101
0 1
1 1
2 1
3 1
4 1
5 1
6 0
7 1

Input 4: 11101000
0 1
1 1
2 1
3 0
4 1
5 0
6 0
7 0

Input 5: 01001011
0 0
1 1
2 0
3 0
4 1
5 0
6 1
7 1

Input 6: 01100101
0 0
1 1
2 1
3 0
4 0
5 1
6 0
7 1

When matching output
x: not in operator
y: wrong position

Identity
0 1011100 4
1 1111111 a
2 0001101 3
3 1111000 4 match 6
4 0101110 4
5 1101001 4
6 1000010 2
7 1011011 5 match 4

Matching output
0 absent
1 absent
2 absent
3 absent
4 7
5 absent
6 3
7 absent

Left
none
Best: none

Right
none
Best: none

NOT
0 0100011 3
1 0000000 a match 0 1 2
2 1110010 4
3 0000111 3
4 1010001 3
5 0010110 3
6 0111101 5
7 0100100 2

Matching output
0 1
1 1
2 1
3 absent
4 absent
5 absent
6 absent
7 absent

Left
1 2x
Best: NOT1: 1

Right
none
Best: none

Constant
0 0000000 a match 0 1 2
1 1111111 a

Matching output
0 C0
1 C0
2 C0
3 absent
4 absent
5 absent
6 absent
7 absent

Left
0 0 0
Best: C0 0 0: 3

Right
none
Best: none

AND
01 10 1011100 4
12 21 0001101 3
23 32 0001000 1
34 43 0101000 2
45 54 0101000 2
56 65 1000000 1 match 3
67 76 1000010 2
70 07 1011000 3

02 20 0001100 2 match 5 7
13 31 1111000 4 match 6
24 42 0001100 2 match 5 7
35 53 1101000 3
46 64 0000010 1
57 75 1001001 3
60 06 1000000 1 match 3
71 17 1011011 5 match 4

03 30 1011000 3
14 41 0101110 4
25 52 0001001 2
36 63 1000000 1 match 3
47 74 0001010 2
50 05 1001000 2
61 16 1000010 2
72 27 0001001 2

04 40 0001100 2 match 5 7
15 51 1101001 4
26 62 0000000 a match 0 1 2
37 73 1011000 3

Matching output
0 26 62
1 26 62
2 26 62
3 56 65 60 06 36 63
4 71 17
5 02 20 24 42 04 40
6 13 31
7 02 20 24 42 04 40

Left
26 37x
62 73x
Best: AND26: 1

Right
02 71y
20 17y
24 13 02 71 60 57x
42 31 20 17 06 75x
04 73x
40 37x
Best: AND24 13 02 71 60: 5

OR
01 10 1111111 a
12 21 1111111 a
23 32 1111101 6
34 43 1111110 6
45 54 1101111 6
56 65 1101011 5
67 76 1011011 5 match 4
70 07 1011111 6

02 20 1011101 5
13 31 1111111 a
24 42 0101111 5
35 53 1111001 5
46 64 1101110 5
57 75 1111011 6
60 06 1011110 5
71 17 1111111 a

03 30 1111100 5
14 41 1111111 a
25 52 1101101 5
36 63 1111010 5
47 74 1111111 a
50 05 1111101 6
61 16 1111111 a
72 27 1011111 6

04 40 1111110 6
15 51 1111111 a
26 62 1001111 5
37 73 1111011 6

Matching output
0 absent
1 absent
2 absent
3 absent
4 67 76
5 absent
6 absent
7 absent

Left
none
Best: none

Right
none
Best: none

XOR
01 10 0100011 3
12 21 1110010 4
23 32 1110101 5
34 43 1010110 4
45 54 1000111 4
56 65 0101011 4
67 76 0011001 3
70 07 0000111 3

02 20 1010001 3
13 31 0000111 3
24 42 0100011 3
35 53 0010001 2
46 64 1101100 4
57 75 0110010 3
60 06 0011110 4
71 17 0100100 2

03 30 0100100 2
14 41 1010001 3
25 52 1100100 3
36 63 0111010 4
47 74 1110101 5
50 05 0110101 4
61 16 0111101 5
72 27 1010110 4

04 40 1110010 4
15 51 0010110 3
26 62 1001111 5
37 73 0100011 3

Matching output
0 absent
1 absent
2 absent
3 absent
4 absent
5 absent
6 absent
7 absent

Left
none
Best: none

Right
none
Best: none

AND-NOT
01 0000000 a match 0 1 2
12 1110010 4
23 0000101 2
34 1010000 2
45 0000110 2
56 0101001 3
67 0000000 a match 0 1 2
70 0000011 2

02 1010000 2
13 0000111 3
24 0000001 1
35 0010000 1
46 0101100 3
57 0100000 1
60 0000010 1
71 0000000 a match 0 1 2

03 0000100 1
14 1010001 3
25 0000100 1
36 0111000 3
47 0100100 2
50 0100001 2
61 0000000 a match 0 1 2
72 1010010 3

04 1010000 2
15 0010110 3
26 0001101 3
37 0100000 1
40 0100010 2
51 0000000 a match 0 1 2
62 1000010 2
73 0000011 2

05 0010100 2
16 0111101 5
27 0000100 1
30 0100000 1
41 0000000 a match 0 1 2
52 1100000 2
63 0000010 1
74 1010001 3

06 0011100 3
17 0100100 2
20 0000001 1
31 0000000 a match 0 1 2
42 0100010 2
53 0000001 1
64 1000000 1 match 3
75 0010010 2

07 0000100 1
10 0100011 3
21 0000000 a match 0 1 2
32 1110000 3
43 0000110 2
54 1000001 2
65 0000010 1
76 0011001 3

Matching output
0 01 67 71 61 51 41 31 21
1 01 67 71 61 51 41 31 21
2 01 67 71 61 51 41 31 21
3 64
4 absent
5 absent
6 absent
7 absent

Left
01 12x
67 70x
71 02x
61 72x
51 62x
41 52x
31 42x
21 32x
Best: AND-NOT01: 1

Right
none
Best: none

OR-NOT
01 1011100 4
12 1111111 a
23 0001111 4
34 1111001 5
45 0111110 5
56 1111101 6
67 1100110 4
70 1111011 6

02 1111110 6
13 1111111 a
24 1011101 5
35 1111110 6
46 0111111 6
57 1101101 5
60 1100011 4
71 1011011 5 match 4

03 1011111 6
14 1111111 a
25 0011111 5
36 1111101 6
47 0101110 4
50 1101011 5
61 1000010 2
72 1111011 6

04 1011101 5
15 1111111 a
26 0111101 5
37 1111100 5
40 0101111 5
51 1101001 4
62 1110010 4
73 1011111 6

05 1011110 5
16 1111111 a
27 0101101 4
30 1111011 6
41 0101110 4
52 1111011 6
63 1000111 4
74 1011011 5 match 4

06 1111101 6
17 1111111 a
20 0101111 5
31 1111000 4 match 6
42 1111110 6
53 1101111 6
64 1010011 4
75 1011111 6

07 1111100 5
10 1111111 a
21 0001101 3
32 1111010 5
43 0101111 5
54 1111001 5
65 1010110 4
76 1111111 a

Matching output
0 absent
1 absent
2 absent
3 absent
4 71 74
5 absent
6 31
7 absent

Left
none
Best: none

Right
none
Best: none

XOR-NOT
01 1011100 4
12 0001101 3
23 0001010 2
34 0101001 3
45 0111000 3
56 1010100 3
67 1100110 4
70 1111000 4 match 6

02 0101110 4
13 1111000 4 match 6
24 1011100 4
35 1101110 5
46 0010011 3
57 1001101 4
60 1100001 3
71 1011011 5 match 4

03 1011011 5 match 4
14 0101110 4
25 0011011 4
36 1000101 3
47 0001010 2
50 1001010 3
61 1000010 2
72 0101001 3

04 0001101 3
15 1101001 4
26 0110000 2
37 1011100 4
40 0001101 3
51 1101001 4
62 0110000 2
73 1011100 4

05 1001010 3
16 1000010 2
27 0101001 3
30 1011011 5 match 4
41 0101110 4
52 0011011 4
63 1000101 3
74 0001010 2

06 1100001 3
17 1011011 5 match 4
20 0101110 4
31 1111000 4 match 6
42 1011100 4
53 1101110 5
64 0010011 3
75 1001101 4

07 1111000 4 match 6
10 1011100 4
21 0001101 3
32 0001010 2
43 0101001 3
54 0111000 3
65 1010100 3
76 1100110 4

Matching output
0 absent
1 absent
2 absent
3 absent
4 71 03 30 17
5 absent
6 70 13 31 07
7 absent

Left
none
Best: none

Right
none
Best: none

Selecting

Lefts
Identity none
NOT NOT1: 1
Constant C0 0 0: 3
AND AND26: 1
OR none
XOR none
AND-NOT AND-NOT01: 1
OR-NOT none
XOR-NOT none

Rights
Identity none
NOT none
Constant none
AND AND24 13 02 71 60: 5
OR none
XOR none
AND-NOT none
OR-NOT none
XOR-NOT none

Left longest: 3
Right longest: 5

Right winner: Identity no, NOT no, Constant no, AND yes, OR no, XOR no, AND-NOT no, OR-NOT no, XOR-NOT no
Left winner: Identity no, NOT no, Constant yes, AND no, OR no, XOR no, AND-NOT no, OR-NOT no, XOR-NOT no

Best right: AND24 13 02 71 60: 5
Best left: C0 0 0: 3

Truncated right: AND24 13 02 71 60: 5
Truncated left: C0 0 0: 3

Tentative from right
7 AND24
6 AND13
5 AND02
4 AND71
3 AND60
2 pending
1 pending
0 pending

Tentative
0 C0
1 C0
2 C0
3 AND60
4 AND71
5 AND02
6 AND13
7 AND24

Preferred from right
7 AND24
6 AND13
5 AND02
4 AND71
3 AND60
2 C0
1 C0
0 C0

Preferred from left
0 C0
1 C0
2 C0
3 AND60
4 AND71
5 AND02
6 AND13
7 AND24

Preferred
0 C0
1 C0
2 C0
3 AND60
4 AND71
5 AND02
6 AND13
7 AND24

Matching
0 C0
1 C0
2 C0
3 AND60
4 AND71
5 AND02
6 AND13
7 AND24

Perfect match
Identity no
NOT no
Constant no
AND no
OR no
XOR no
AND-NOT no
OR-NOT no
XOR-NOT no

Matched
0 C0
1 C0
2 C0
3 AND60
4 AND71
5 AND02
6 AND13
7 AND24

Selected
0 C0
1 C0
2 C0
3 AND60
4 AND71
5 AND02
6 AND13
7 AND24

Applying to 00101001
Input
0 0
1 0
2 1
3 0
4 1
5 0
6 0
7 1
Output
0 C0 = 0
1 C0 = 0
2 C0 = 0
3 AND60 = AND(0,0) = 0
4 AND71 = AND(1,0) = 0
5 AND02 = AND(0,1) = 0
6 AND13 = AND(0,0) = 0
7 AND24 = AND(1,1) = 1

I will now return the answer in \boxed{}
The answer in \boxed{–} is \boxed{00000001}
[correct]
true
