[category]
bit_manipulation
[prompt]
In Alice's Wonderland, a secret bit manipulation rule transforms 8-bit binary numbers. The transformation involves operations like bit shifts, rotations, XOR, AND, OR, NOT, and possibly majority or choice functions.

Here are some examples of input -> output:
11001111 -> 11101001
01110111 -> 01111110
00001000 -> 10000001
01100111 -> 01111100
00111011 -> 10110111
10000100 -> 01010000
00111000 -> 10000111
11111100 -> 11011111
01001010 -> 10101001

Now, determine the output for: 01101111
[completion]
We need to deduce the transformation by matching the example outputs.
I will put my final answer inside \boxed{}.

Output 0: 11101001
0 1
1 1
2 1
3 0
4 1
5 0
6 0
7 1

Output 1: 01111110
0 0
1 1
2 1
3 1
4 1
5 1
6 1
7 0

Output 2: 10000001
0 1
1 0
2 0
3 0
4 0
5 0
6 0
7 1

Output 3: 01111100
0 0
1 1
2 1
3 1
4 1
5 1
6 0
7 0

Output 4: 10110111
0 1
1 0
2 1
3 1
4 0
5 1
6 1
7 1

Output 5: 01010000
0 0
1 1
2 0
3 1
4 0
5 0
6 0
7 0

Output 6: 10000111
0 1
1 0
2 0
3 0
4 0
5 1
6 1
7 1

Output 7: 11011111
0 1
1 1
2 0
3 1
4 1
5 1
6 1
7 1

Output 8: 10101001
0 1
1 0
2 1
3 0
4 1
5 0
6 0
7 1

Output bit columns (with bitsum as hash)
0 101010111 6
1 110101010 5
2 110110001 5
3 010111010 5
4 110100011 5
5 010110110 5
6 010010110 4
7 101010111 6

Input 0: 11001111
0 1
1 1
2 0
3 0
4 1
5 1
6 1
7 1

Input 1: 01110111
0 0
1 1
2 1
3 1
4 0
5 1
6 1
7 1

Input 2: 00001000
0 0
1 0
2 0
3 0
4 1
5 0
6 0
7 0

Input 3: 01100111
0 0
1 1
2 1
3 0
4 0
5 1
6 1
7 1

Input 4: 00111011
0 0
1 0
2 1
3 1
4 1
5 0
6 1
7 1

Input 5: 10000100
0 1
1 0
2 0
3 0
4 0
5 1
6 0
7 0

Input 6: 00111000
0 0
1 0
2 1
3 1
4 1
5 0
6 0
7 0

Input 7: 11111100
0 1
1 1
2 1
3 1
4 1
5 1
6 0
7 0

Input 8: 01001010
0 0
1 1
2 0
3 0
4 1
5 0
6 1
7 0

When matching output
x: not in operator
y: wrong position

Identity
0 100001010 3
1 110100011 5 match 4
2 010110110 5 match 5
3 010010110 4 match 6
4 101010111 6 match 0 7
5 110101010 5 match 1
6 110110001 5 match 2
7 110110000 4

Matching output
0 4
1 5
2 6
3 absent
4 1
5 2
6 3
7 4

Left
4 5 6 7x
Best: I4 5 6: 3

Right
4 3 2 1 0x
Best: I4 3 2 1: 4

NOT
0 011110101 6
1 001011100 4
2 101001001 4
3 101101001 5
4 010101000 3
5 001010101 4
6 001001110 4
7 001001111 5

Matching output
0 absent
1 absent
2 absent
3 absent
4 absent
5 absent
6 absent
7 absent

Left
none
Best: none

Right
none
Best: none

Constant
0 000000000 a
1 111111111 a

Matching output
0 absent
1 absent
2 absent
3 absent
4 absent
5 absent
6 absent
7 absent

Left
none
Best: none

Right
none
Best: none

AND
01 10 100000010 2
12 21 010100010 3
23 32 010010110 4 match 6
34 43 000010110 3
45 54 100000010 2
56 65 110100000 3
67 76 110110000 4
70 07 100000000 1

02 20 000000010 1
13 31 010000010 2
24 42 000010110 3
35 53 010000010 2
46 64 100010001 3
57 75 110100000 3
60 06 100000000 1
71 17 110100000 3

03 30 000000010 1
14 41 100000011 3
25 52 010100010 3
36 63 010010000 2
47 74 100010000 2
50 05 100001010 3
61 16 110100001 4
72 27 010110000 3

04 40 100000010 2
15 51 110100010 4
26 62 010110000 3
37 73 010010000 2

Matching output
0 absent
1 absent
2 absent
3 absent
4 absent
5 absent
6 23 32
7 absent

Left
none
Best: none

Right
none
Best: none

OR
01 10 110101011 6
12 21 110110111 7
23 32 010110110 5 match 5
34 43 111010111 7
45 54 111111111 a
56 65 110111011 7
67 76 110110001 5 match 2
70 07 110111010 6

02 20 110111110 7
13 31 110110111 7
24 42 111110111 8
35 53 110111110 7
46 64 111110111 8
57 75 110111010 6
60 06 110111011 7
71 17 110110011 6

03 30 110011110 6
14 41 111110111 8
25 52 110111110 7
36 63 110110111 7
47 74 111110111 8
50 05 110101010 5 match 1
61 16 110110011 6
72 27 110110110 6

04 40 101011111 7
15 51 110101011 6
26 62 110110111 7
37 73 110110110 6

Matching output
0 absent
1 50 05
2 67 76
3 absent
4 absent
5 23 32
6 absent
7 absent

Left
none
Best: none

Right
none
Best: none

XOR
01 10 010101001 4
12 21 100010101 4
23 32 000100000 1
34 43 111000001 4
45 54 011111101 7
56 65 000011011 4
67 76 000000001 1
70 07 010111010 5 match 3

02 20 110111100 6
13 31 100110101 5
24 42 111100001 5
35 53 100111100 5
46 64 011100110 5
57 75 000011010 3
60 06 010111011 6
71 17 000010011 3

03 30 110011100 5
14 41 011110100 5
25 52 100011100 4
36 63 100100111 5
47 74 011100111 6
50 05 010100000 2
61 16 000010010 2
72 27 100000110 3

04 40 001011101 5
15 51 000001001 2
26 62 100000111 4
37 73 100100110 4

Matching output
0 absent
1 absent
2 absent
3 70 07
4 absent
5 absent
6 absent
7 absent

Left
none
Best: none

Right
none
Best: none

AND-NOT
01 000001000 1
12 100000001 2
23 000100000 1
34 010000000 1
45 001010101 4
56 000001010 2
67 000000001 1
70 010110000 3

02 100001000 2
13 100100001 3
24 010100000 2
35 000010100 2
46 001000110 3
57 000001010 2
60 010110001 4
71 000010000 1

03 100001000 2
14 010100000 2
25 000010100 2
36 000000110 2
47 001000111 4
50 010100000 2
61 000010000 1
72 100000000 1

04 000001000 1
15 000000001 1
26 000000110 2
37 000000110 2
40 001010101 4
51 000001000 1
62 100000001 2
73 100100000 2

05 000000000 a
16 000000010 1
27 000000110 2
30 010010100 3
41 001010100 3
52 100001000 2
63 100100001 3
74 010100000 2

06 000001010 2
17 000000011 2
20 010110100 4
31 000010100 2
42 101000001 3
53 100101000 3
64 010100000 2
75 000010000 1

07 000001010 2
10 010100001 3
21 000010100 2
32 000000000 a
43 101000001 3
54 010101000 3
65 000010001 2
76 000000000 a

Matching output
0 absent
1 absent
2 absent
3 absent
4 absent
5 absent
6 absent
7 absent

Left
none
Best: none

Right
none
Best: none

OR-NOT
01 101011110 6
12 111101011 7
23 111111111 a
34 010111110 6
45 101010111 6 match 0 7
56 111101110 7
67 111111111 a
70 111110101 7

02 101001011 5
13 111101011 7
24 010111110 6
35 011010111 6
46 101011111 7
57 111101111 8
60 111110101 7
71 111111100 7

03 101101011 6
14 110101011 6
25 011110111 7
36 011011110 6
47 101011111 7
50 111111111 a
61 111111101 8
72 111111001 7

04 110101010 5 match 1
15 111110111 8
26 011111110 7
37 011011111 7
40 111110111 8
51 111111110 8
62 111111001 7
73 111111001 7

05 101011111 7
16 111101111 8
27 011111111 8
30 011110111 7
41 101011111 7
52 111101011 7
63 111111001 7
74 110111000 5

06 101001110 5
17 111101111 8
20 011110111 7
31 011011110 6
42 101011111 7
53 111101011 7
64 110111001 6
75 111110101 7

07 101001111 6
10 111110111 8
21 011111110 7
32 111011111 8
43 101111111 8
54 110101010 5 match 1
65 111110101 7
76 111111110 8

Matching output
0 45
1 04 54
2 absent
3 absent
4 absent
5 absent
6 absent
7 45

Left
45 56x
Best: OR-NOT45: 1

Right
45 34x
Best: OR-NOT45: 1

XOR-NOT
01 101010110 5
12 011101010 5
23 111011111 8
34 000111110 5
45 100000010 2
56 111100100 5
67 111111110 8
70 101000101 4

02 001000011 3
13 011001010 4
24 000011110 4
35 011000011 4
46 100011001 4
57 111100101 6
60 101000100 3
71 111101100 6

03 001100011 4
14 100001011 4
25 011100011 5
36 011011000 4
47 100011000 3
50 101011111 7
61 111101101 7
72 011111001 6

04 110100010 4
15 111110110 7
26 011111000 5
37 011011001 5
40 110100010 4
51 111110110 7
62 011111000 5
73 011011001 5

05 101011111 7
16 111101101 7
27 011111001 6
30 001100011 4
41 100001011 4
52 011100011 5
63 011011000 4
74 100011000 3

06 101000100 3
17 111101100 6
20 001000011 3
31 011001010 4
42 000011110 4
53 011000011 4
64 100011001 4
75 111100101 6

07 101000101 4
10 101010110 5
21 011101010 5
32 111011111 8
43 000111110 5
54 100000010 2
65 111100100 5
76 111111110 8

Matching output
0 absent
1 absent
2 absent
3 absent
4 absent
5 absent
6 absent
7 absent

Left
none
Best: none

Right
none
Best: none

Selecting

Lefts
Identity I4 5 6: 3
NOT none
Constant none
AND none
OR none
XOR none
AND-NOT none
OR-NOT OR-NOT45: 1
XOR-NOT none

Rights
Identity I4 3 2 1: 4
NOT none
Constant none
AND none
OR none
XOR none
AND-NOT none
OR-NOT OR-NOT45: 1
XOR-NOT none

Left longest: 3
Right longest: 4

Right winner: Identity yes, NOT no, Constant no, AND no, OR no, XOR no, AND-NOT no, OR-NOT no, XOR-NOT no
Left winner: Identity yes, NOT no, Constant no, AND no, OR no, XOR no, AND-NOT no, OR-NOT no, XOR-NOT no

Best right: I4 3 2 1: 4
Best left: I4 5 6: 3

Truncated right: I4 3 2 1: 4
Truncated left: I4 5 6: 3

Tentative from right
7 I4
6 I3
5 I2
4 I1
3 pending
2 pending
1 pending
0 pending

Tentative
0 I4
1 I5
2 I6
3 pending
4 I1
5 I2
6 I3
7 I4

Preferred from right
7 I4
6 I3
5 I2
4 I1
3 ??0
2 I6
1 I5
0 I4

Preferred from left
0 I4
1 I5
2 I6
3 ?70
4 I1
5 I2
6 I3
7 I4

Preferred
0 I4
1 I5
2 I6
3 ?70 ?07
4 I1
5 I2
6 I3
7 I4

Matching
0 I4
1 I5
2 I6
3 ?70 ?07 - Identity absent, NOT absent, Constant absent, AND absent, OR absent, XOR70, AND-NOT absent, OR-NOT absent, XOR-NOT absent
4 I1
5 I2
6 I3
7 I4

Perfect match
Identity no
NOT no
Constant no
AND no
OR no
XOR yes
AND-NOT no
OR-NOT no
XOR-NOT no

Matched
0 I4
1 I5
2 I6
3 XOR70
4 I1
5 I2
6 I3
7 I4

Selected
0 I4
1 I5
2 I6
3 XOR70
4 I1
5 I2
6 I3
7 I4

Applying to 01101111
Input
0 0
1 1
2 1
3 0
4 1
5 1
6 1
7 1
Output
0 I4 = 1
1 I5 = 1
2 I6 = 1
3 XOR70 = XOR(1,0) = 1
4 I1 = 1
5 I2 = 1
6 I3 = 0
7 I4 = 1

I will now return the answer in \boxed{}
The answer in \boxed{–} is \boxed{11111101}
[correct]
true
