[category]
bit_manipulation
[prompt]
In Alice's Wonderland, a secret bit manipulation rule transforms 8-bit binary numbers. The transformation involves operations like bit shifts, rotations, XOR, AND, OR, NOT, and possibly majority or choice functions.

Here are some examples of input -> output:
01010010 -> 00100000
00111100 -> 11000000
11110100 -> 01000000
01011101 -> 11010000
00110111 -> 01110000
01111001 -> 10010000
00011001 -> 10010000
10001001 -> 10010000
11100011 -> 00110000

Now, determine the output for: 00011101
[completion]
We need to deduce the transformation by matching the example outputs.
I will put my final answer inside \boxed{}.

Output 0: 00100000
0 0
1 0
2 1
3 0
4 0
5 0
6 0
7 0

Output 1: 11000000
0 1
1 1
2 0
3 0
4 0
5 0
6 0
7 0

Output 2: 01000000
0 0
1 1
2 0
3 0
4 0
5 0
6 0
7 0

Output 3: 11010000
0 1
1 1
2 0
3 1
4 0
5 0
6 0
7 0

Output 4: 01110000
0 0
1 1
2 1
3 1
4 0
5 0
6 0
7 0

Output 5: 10010000
0 1
1 0
2 0
3 1
4 0
5 0
6 0
7 0

Output 6: 10010000
0 1
1 0
2 0
3 1
4 0
5 0
6 0
7 0

Output 7: 10010000
0 1
1 0
2 0
3 1
4 0
5 0
6 0
7 0

Output 8: 00110000
0 0
1 0
2 1
3 1
4 0
5 0
6 0
7 0

Output bit columns (with bitsum as hash)
0 010101110 5
1 011110000 4
2 100010001 3
3 000111111 6
4 000000000 a
5 000000000 a
6 000000000 a
7 000000000 a

Input 0: 01010010
0 0
1 1
2 0
3 1
4 0
5 0
6 1
7 0

Input 1: 00111100
0 0
1 0
2 1
3 1
4 1
5 1
6 0
7 0

Input 2: 11110100
0 1
1 1
2 1
3 1
4 0
5 1
6 0
7 0

Input 3: 01011101
0 0
1 1
2 0
3 1
4 1
5 1
6 0
7 1

Input 4: 00110111
0 0
1 0
2 1
3 1
4 0
5 1
6 1
7 1

Input 5: 01111001
0 0
1 1
2 1
3 1
4 1
5 0
6 0
7 1

Input 6: 00011001
0 0
1 0
2 0
3 1
4 1
5 0
6 0
7 1

Input 7: 10001001
0 1
1 0
2 0
3 0
4 1
5 0
6 0
7 1

Input 8: 11100011
0 1
1 1
2 1
3 0
4 0
5 0
6 1
7 1

When matching output
x: not in operator
y: wrong position

Identity
0 001000011 3
1 101101001 5
2 011011001 5
3 111111100 7
4 010101110 5 match 0
5 011110000 4 match 1
6 100010001 3 match 2
7 000111111 6 match 3

Matching output
0 4
1 5
2 6
3 7
4 absent
5 absent
6 absent
7 absent

Left
4 5 6 7 0x
Best: I4 5 6 7: 4

Right
none
Best: none

NOT
0 110111100 6
1 010010110 4
2 100100110 4
3 000000011 2
4 101010001 4
5 100001111 5
6 011101110 6
7 111000000 3

Matching output
0 absent
1 absent
2 absent
3 absent
4 absent
5 absent
6 absent
7 absent

Left
none
Best: none

Right
none
Best: none

Constant
0 000000000 a match 4 5 6 7
1 111111111 a

Matching output
0 absent
1 absent
2 absent
3 absent
4 C0
5 C0
6 C0
7 C0

Left
none
Best: none

Right
0 0 0 0
Best: C0 0 0 0: 4

AND
01 10 001000001 2
12 21 001001001 3
23 32 011011000 4
34 43 010101100 4
45 54 010100000 2
56 65 000010000 1
67 76 000010001 2
70 07 000000011 2

02 20 001000001 2
13 31 101101000 4
24 42 010001000 2
35 53 011110000 4 match 1
46 64 000000000 a match 4 5 6 7
57 75 000110000 2
60 06 000000001 1
71 17 000101001 3

03 30 001000000 1
14 41 000101000 2
25 52 011010000 3
36 63 100010000 2
47 74 000101110 4
50 05 001000000 1
61 16 100000001 2
72 27 000011001 3

04 40 000000010 1
15 51 001100000 2
26 62 000010001 2
37 73 000111100 4

Matching output
0 absent
1 35 53
2 absent
3 absent
4 46 64
5 46 64
6 46 64
7 46 64

Left
none
Best: none

Right
46 35y
64 53y
Best: AND46: 1

OR
01 10 101101011 6
12 21 111111001 7
23 32 111111101 8
34 43 111111110 8
45 54 011111110 7
56 65 111110001 6
67 76 100111111 7
70 07 001111111 7

02 20 011011011 6
13 31 111111101 8
24 42 011111111 8
35 53 111111100 7
46 64 110111111 8
57 75 011111111 8
60 06 101010011 5
71 17 101111111 8

03 30 111111111 a
14 41 111101111 8
25 52 011111001 6
36 63 111111101 8
47 74 010111111 7
50 05 011110011 6
61 16 101111001 6
72 27 011111111 8

04 40 011101111 7
15 51 111111001 7
26 62 111011001 6
37 73 111111111 a

Matching output
0 absent
1 absent
2 absent
3 absent
4 absent
5 absent
6 absent
7 absent

Left
none
Best: none

Right
none
Best: none

XOR
01 10 100101010 4
12 21 110110000 4
23 32 100100101 4
34 43 101010010 4
45 54 001011110 5
56 65 111100001 5
67 76 100101110 5
70 07 001111100 5

02 20 010011010 4
13 31 010010101 4
24 42 001110111 6
35 53 100001100 3
46 64 110111111 8
57 75 011001111 6
60 06 101010010 4
71 17 101010110 5

03 30 110111111 8
14 41 111000111 6
25 52 000101001 3
36 63 011101101 6
47 74 010010001 3
50 05 010110011 5
61 16 001111000 4
72 27 011100110 5

04 40 011101101 6
15 51 110011001 5
26 62 111001000 4
37 73 111000011 5

Matching output
0 absent
1 absent
2 absent
3 absent
4 absent
5 absent
6 absent
7 absent

Left
none
Best: none

Right
none
Best: none

AND-NOT
01 000000010 1
12 100100000 2
23 000000001 1
34 101010000 3
45 000001110 3
56 011100000 3
67 100000000 1
70 000111100 4

02 000000010 1
13 000000001 1
24 001010001 3
35 100001100 3
46 010101110 5 match 0
57 011000000 2
60 100010000 2
71 000010110 3

03 000000011 2
14 101000001 3
25 000001001 2
36 011101100 5
47 010000000 1
50 010110000 3
61 000010000 1
72 000100110 3

04 001000001 2
15 100001001 3
26 011001000 3
37 111000000 3
40 010101100 4
51 010010000 2
62 100000000 1
73 000000011 2

05 000000011 2
16 001101000 3
27 011000000 2
30 110111100 6
41 010000110 3
52 000100000 1
63 000000001 1
74 000010001 2

06 001000010 2
17 101000000 2
20 010011000 3
31 010010100 3
42 000100110 3
53 000000000 a match 4 5 6 7
64 100010001 3 match 2
75 000001111 4

07 001000000 1
10 100101000 3
21 010010000 2
32 100100100 3
43 000000010 1
54 001010000 2
65 100000001 2
76 000101110 4

Matching output
0 46
1 absent
2 64
3 absent
4 53
5 53
6 53
7 53

Left
46 57x
Best: AND-NOT46: 1

Right
53 42x
Best: AND-NOT53: 1

OR-NOT
01 011010111 6
12 101101111 7
23 011011011 6
34 111111101 8
45 110101111 7
56 011111110 7
67 111010001 5
70 110111111 8

02 101100111 6
13 101101011 6
24 111011001 6
35 111111111 a
46 011101110 6
57 111110000 5
60 110111101 7
71 010111111 7

03 001000011 3
14 101111001 6
25 111011111 8
36 111111110 8
47 111101110 7
50 111111100 7
61 110010111 6
72 100111111 7

04 101010011 5
15 101101111 7
26 011111111 8
37 111111100 7
40 110111110 7
51 011110110 6
62 100110111 6
73 000111111 6 match 3

05 101001111 6
16 111101111 8
27 111011001 6
30 111111100 7
41 010111110 6
52 111110110 7
63 100010011 4
74 101111111 8

06 011101111 7
17 111101001 6
20 111111101 8
31 111111110 8
42 110101110 6
53 011110011 6
64 101010001 4
75 100111111 7

07 111000011 5
10 111111101 8
21 011011111 7
32 111111110 8
43 010101111 6
54 111110001 6
65 100011111 6
76 011111111 8

Matching output
0 absent
1 absent
2 absent
3 73
4 absent
5 absent
6 absent
7 absent

Left
none
Best: none

Right
none
Best: none

XOR-NOT
01 011010101 5
12 001001111 5
23 011011010 5
34 010101101 5
45 110100001 4
56 000011110 4
67 011010001 4
70 110000011 4

02 101100101 5
13 101101010 5
24 110001000 3
35 011110011 6
46 001000000 1
57 100110000 3
60 010101101 5
71 010101001 4

03 001000000 1
14 000111000 3
25 111010110 6
36 100010010 3
47 101101110 6
50 101001100 4
61 110000111 5
72 100011001 4

04 100010010 3
15 001100110 4
26 000110111 5
37 000111100 4
40 100010010 3
51 001100110 4
62 000110111 5
73 000111100 4

05 101001100 4
16 110000111 5
27 100011001 4
30 001000000 1
41 000111000 3
52 111010110 6
63 100010010 3
74 101101110 6

06 010101101 5
17 010101001 4
20 101100101 5
31 101101010 5
42 110001000 3
53 011110011 6
64 001000000 1
75 100110000 3

07 110000011 4
10 011010101 5
21 001001111 5
32 011011010 5
43 010101101 5
54 110100001 4
65 000011110 4
76 011010001 4

Matching output
0 absent
1 absent
2 absent
3 absent
4 absent
5 absent
6 absent
7 absent

Left
none
Best: none

Right
none
Best: none

Selecting

Lefts
Identity I4 5 6 7: 4
NOT none
Constant none
AND none
OR none
XOR none
AND-NOT AND-NOT46: 1
OR-NOT none
XOR-NOT none

Rights
Identity none
NOT none
Constant C0 0 0 0: 4
AND AND46: 1
OR none
XOR none
AND-NOT AND-NOT53: 1
OR-NOT none
XOR-NOT none

Left longest: 4
Right longest: 4

Left winner: Identity yes, NOT no, Constant no, AND no, OR no, XOR no, AND-NOT no, OR-NOT no, XOR-NOT no
Right winner: Identity no, NOT no, Constant yes, AND no, OR no, XOR no, AND-NOT no, OR-NOT no, XOR-NOT no

Best left: I4 5 6 7: 4
Best right: C0 0 0 0: 4

Truncated left: I4 5 6 7: 4
Truncated right: C0 0 0 0: 4

Tentative from right
7 C0
6 C0
5 C0
4 C0
3 pending
2 pending
1 pending
0 pending

Tentative
0 I4
1 I5
2 I6
3 I7
4 C0
5 C0
6 C0
7 C0

Preferred from left
0 I4
1 I5
2 I6
3 I7
4 C0
5 C0
6 C0
7 C0

Preferred from right
7 C0
6 C0
5 C0
4 C0
3 I7
2 I6
1 I5
0 I4

Preferred
0 I4
1 I5
2 I6
3 I7
4 C0
5 C0
6 C0
7 C0

Matching
0 I4
1 I5
2 I6
3 I7
4 C0
5 C0
6 C0
7 C0

Perfect match
Identity no
NOT no
Constant no
AND no
OR no
XOR no
AND-NOT no
OR-NOT no
XOR-NOT no

Matched
0 I4
1 I5
2 I6
3 I7
4 C0
5 C0
6 C0
7 C0

Selected
0 I4
1 I5
2 I6
3 I7
4 C0
5 C0
6 C0
7 C0

Applying to 00011101
Input
0 0
1 0
2 0
3 1
4 1
5 1
6 0
7 1
Output
0 I4 = 1
1 I5 = 1
2 I6 = 0
3 I7 = 1
4 C0 = 0
5 C0 = 0
6 C0 = 0
7 C0 = 0

I will now return the answer in \boxed{}
The answer in \boxed{–} is \boxed{11010000}
[correct]
true
