[category]
bit_manipulation
[prompt]
In Alice's Wonderland, a secret bit manipulation rule transforms 8-bit binary numbers. The transformation involves operations like bit shifts, rotations, XOR, AND, OR, NOT, and possibly majority or choice functions.

Here are some examples of input -> output:
11111111 -> 11000111
10111001 -> 01000101
01100101 -> 01000011
00101000 -> 00000001
11000101 -> 01000110
10111110 -> 10000101
00000011 -> 11000000
10101001 -> 01000101
00010100 -> 00000000
11100100 -> 00000111

Now, determine the output for: 01011111
[completion]
We need to deduce the transformation by matching the example outputs.
I will put my final answer inside \boxed{}.

Output 0: 11000111
0 1
1 1
2 0
3 0
4 0
5 1
6 1
7 1

Output 1: 01000101
0 0
1 1
2 0
3 0
4 0
5 1
6 0
7 1

Output 2: 01000011
0 0
1 1
2 0
3 0
4 0
5 0
6 1
7 1

Output 3: 00000001
0 0
1 0
2 0
3 0
4 0
5 0
6 0
7 1

Output 4: 01000110
0 0
1 1
2 0
3 0
4 0
5 1
6 1
7 0

Output 5: 10000101
0 1
1 0
2 0
3 0
4 0
5 1
6 0
7 1

Output 6: 11000000
0 1
1 1
2 0
3 0
4 0
5 0
6 0
7 0

Output 7: 01000101
0 0
1 1
2 0
3 0
4 0
5 1
6 0
7 1

Output 8: 00000000
0 0
1 0
2 0
3 0
4 0
5 0
6 0
7 0

Output 9: 00000111
0 0
1 0
2 0
3 0
4 0
5 1
6 1
7 1

Output bit columns (with bitsum as hash)
0 1000011000 3
1 1110101100 6
2 0000000000 a
3 0000000000 a
4 0000000000 a
5 1100110101 6
6 1010100001 4
7 1111010101 7

Input 0: 11111111
0 1
1 1
2 1
3 1
4 1
5 1
6 1
7 1

Input 1: 10111001
0 1
1 0
2 1
3 1
4 1
5 0
6 0
7 1

Input 2: 01100101
0 0
1 1
2 1
3 0
4 0
5 1
6 0
7 1

Input 3: 00101000
0 0
1 0
2 1
3 0
4 1
5 0
6 0
7 0

Input 4: 11000101
0 1
1 1
2 0
3 0
4 0
5 1
6 0
7 1

Input 5: 10111110
0 1
1 0
2 1
3 1
4 1
5 1
6 1
7 0

Input 6: 00000011
0 0
1 0
2 0
3 0
4 0
5 0
6 1
7 1

Input 7: 10101001
0 1
1 0
2 1
3 0
4 1
5 0
6 0
7 1

Input 8: 00010100
0 0
1 0
2 0
3 1
4 0
5 1
6 0
7 0

Input 9: 11100100
0 1
1 1
2 1
3 0
4 0
5 1
6 0
7 0

When matching output
x: not in operator
y: wrong position

Identity
0 1100110101 6 match 5
1 1010100001 4 match 6
2 1111010101 7 match 7
3 1100010010 4
4 1101010100 5
5 1010110011 6
6 1000011000 3 match 0
7 1110101100 6 match 1

Matching output
0 6
1 7
2 absent
3 absent
4 absent
5 0
6 1
7 2

Left
6 7 0y
Best: I6 7: 2

Right
2 1 0 7y
Best: I2 1 0: 3

NOT
0 0011001010 4
1 0101011110 6
2 0000101010 3
3 0011101101 6
4 0010101011 5
5 0101001100 4
6 0111100111 7
7 0001010011 4

Matching output
0 absent
1 absent
2 absent
3 absent
4 absent
5 absent
6 absent
7 absent

Left
none
Best: none

Right
none
Best: none

Constant
0 0000000000 a match 2 3 4
1 1111111111 a

Matching output
0 absent
1 absent
2 C0
3 C0
4 C0
5 absent
6 absent
7 absent

Left
none
Best: none

Right
none
Best: none

AND
01 10 1000100001 3
12 21 1010000001 3
23 32 1100010000 3
34 43 1100010000 3
45 54 1000010000 2
56 65 1000010000 2
67 76 1000001000 2
70 07 1100100100 4

02 20 1100010101 5
13 31 1000000000 1
24 42 1101010100 5
35 53 1000010010 3
46 64 1000010000 2
57 75 1010100000 3
60 06 1000010000 2
71 17 1010100000 3

03 30 1100010000 3
14 41 1000000000 1
25 52 1010010001 4
36 63 1000010000 2
47 74 1100000100 3
50 05 1000110001 4
61 16 1000000000 1
72 27 1110000100 4

04 40 1100010100 4
15 51 1010100001 4 match 6
26 62 1000010000 2
37 73 1100000000 2

Matching output
0 absent
1 absent
2 absent
3 absent
4 absent
5 absent
6 15 51
7 absent

Left
none
Best: none

Right
none
Best: none

OR
01 10 1110110101 7
12 21 1111110101 8
23 32 1111010111 8
34 43 1101010110 6
45 54 1111110111 9
56 65 1010111011 7
67 76 1110111100 7
70 07 1110111101 8

02 20 1111110101 8
13 31 1110110011 7
24 42 1111010101 7 match 7
35 53 1110110011 7
46 64 1101011100 6
57 75 1110111111 9
60 06 1100111101 7
71 17 1110101101 7

03 30 1100110111 7
14 41 1111110101 8
25 52 1111110111 9
36 63 1100011010 5
47 74 1111111100 8
50 05 1110110111 8
61 16 1010111001 6
72 27 1111111101 9

04 40 1101110101 7
15 51 1010110011 6
26 62 1111011101 8
37 73 1110111110 8

Matching output
0 absent
1 absent
2 absent
3 absent
4 absent
5 absent
6 absent
7 24 42

Left
none
Best: none

Right
24 13x
42 31x
Best: OR24: 1

XOR
01 10 0110010100 4
12 21 0101110100 5
23 32 0011000111 5
34 43 0001000110 3
45 54 0111100111 7
56 65 0010101011 5
67 76 0110110100 5
70 07 0010011001 4

02 20 0011100000 3
13 31 0110110011 6
24 42 0010000001 2
35 53 0110100001 4
46 64 0101001100 4
57 75 0100011111 6
60 06 0100101101 5
71 17 0100001101 4

03 30 0000100111 4
14 41 0111110101 7
25 52 0101100110 5
36 63 0100001010 3
47 74 0011111000 5
50 05 0110000110 4
61 16 0010111001 5
72 27 0001111001 5

04 40 0001100001 3
15 51 0000010010 2
26 62 0111001101 6
37 73 0010111110 6

Matching output
0 absent
1 absent
2 absent
3 absent
4 absent
5 absent
6 absent
7 absent

Left
none
Best: none

Right
none
Best: none

AND-NOT
01 0100010100 3
12 0000100000 1
23 0011000101 4
34 0000000010 1
45 0101000100 3
56 0010100011 4
67 0000010000 1
70 0010001000 2

02 0000100000 1
13 0010100001 3
24 0010000001 2
35 0100000000 1
46 0101000100 3
57 0000010011 3
60 0000001000 1
71 0100001100 3

03 0000100101 3
14 0010100001 3
25 0101000100 3
36 0100000010 2
47 0001010000 2
50 0010000010 2
61 0000011000 2
72 0000101000 2

04 0000100001 2
15 0000000000 a match 2 3 4
26 0111000101 5
37 0000010010 2
40 0001000000 1
51 0000010010 2
62 0000001000 1
73 0010101100 4

05 0100000100 2
16 0010100001 3
27 0001010001 3
30 0000000010 1
41 0101010100 4
52 0000100010 2
63 0000001000 1
74 0010101000 3

06 0100100101 4
17 0000000001 1
20 0011000000 2
31 0100010010 3
42 0000000000 a match 2 3 4
53 0010100001 3
64 0000001000 1
75 0100001100 3

07 0000010001 2
10 0010000000 1
21 0101010100 4
32 0000000010 1
43 0001000100 2
54 0010100011 4
65 0000001000 1
76 0110100100 4

Matching output
0 absent
1 absent
2 15 42
3 15 42
4 15 42
5 absent
6 absent
7 absent

Left
none
Best: none

Right
none
Best: none

OR-NOT
01 1101111111 9
12 1010101011 6
23 1111111101 9
34 1110111011 8
45 1101011100 6
56 1111110111 9
67 1001011011 6
70 1111101110 8

02 1100111111 8
13 1011101101 7
24 1111111111 a
35 1101011110 7
46 1111110111 9
57 1011110011 7
60 1011011010 6
71 1111111110 9

03 1111111101 9
14 1010101011 6
25 1111011101 8
36 1111110111 9
47 1101010111 7
50 1011111011 8
61 1101011110 7
72 1110101110 7

04 1110111111 9
15 1111101101 8
26 1111110111 9
37 1101010011 6
40 1111011110 8
51 1111111111 a
62 1000111010 5
73 1111101101 8

05 1101111101 8
16 1111100111 8
27 1111010111 8
30 1111011010 7
41 1101011110 7
52 1010111011 7
63 1011111101 8
74 1110101111 8

06 1111110111 9
17 1011110011 7
20 1111011111 9
31 1101011110 7
42 1101111110 8
53 1011111111 9
64 1010111011 7
75 1111101100 7

07 1101110111 8
10 1011101011 7
21 1111011111 9
32 1100111010 6
43 1111111101 9
54 1010111011 7
65 1101011100 6
76 1111101111 9

Matching output
0 absent
1 absent
2 absent
3 absent
4 absent
5 absent
6 absent
7 absent

Left
none
Best: none

Right
none
Best: none

XOR-NOT
01 1001101011 6
12 1010001011 5
23 1100111000 5
34 1110111001 7
45 1000011000 3 match 0
56 1101010100 5
67 1001001011 5
70 1101100110 6

02 1100011111 7
13 1001001100 4
24 1101111110 8
35 1001011110 6
46 1010110011 6
57 1011100000 4
60 1011010010 5
71 1011110010 6

03 1111011000 6
14 1000001010 3
25 1010011001 5
36 1011110101 7
47 1100000111 5
50 1001111001 6
61 1101000110 5
72 1110000110 5

04 1110011110 7
15 1111101101 8
26 1000110010 4
37 1101000001 4
40 1110011110 7
51 1111101101 8
62 1000110010 4
73 1101000001 4

05 1001111001 6
16 1101000110 5
27 1110000110 5
30 1111011000 6
41 1000001010 3
52 1010011001 5
63 1011110101 7
74 1100000111 5

06 1011010010 5
17 1011110010 6
20 1100011111 7
31 1001001100 4
42 1101111110 8
53 1001011110 6
64 1010110011 6
75 1011100000 4

07 1101100110 6
10 1001101011 6
21 1010001011 5
32 1100111000 5
43 1110111001 7
54 1000011000 3 match 0
65 1101010100 5
76 1001001011 5

Matching output
0 45 54
1 absent
2 absent
3 absent
4 absent
5 absent
6 absent
7 absent

Left
45 56x
54 65x
Best: XOR-NOT45: 1

Right
none
Best: none

Selecting

Lefts
Identity I6 7: 2
NOT none
Constant none
AND none
OR none
XOR none
AND-NOT none
OR-NOT none
XOR-NOT XOR-NOT45: 1

Rights
Identity I2 1 0: 3
NOT none
Constant none
AND none
OR OR24: 1
XOR none
AND-NOT none
OR-NOT none
XOR-NOT none

Left longest: 2
Right longest: 3

Right winner: Identity yes, NOT no, Constant no, AND no, OR no, XOR no, AND-NOT no, OR-NOT no, XOR-NOT no
Left winner: Identity yes, NOT no, Constant no, AND no, OR no, XOR no, AND-NOT no, OR-NOT no, XOR-NOT no

Best right: I2 1 0: 3
Best left: I6 7: 2

Truncated right: I2 1 0: 3
Truncated left: I6 7: 2

Tentative from right
7 I2
6 I1
5 I0
4 pending
3 pending
2 pending
1 pending
0 pending

Tentative
0 I6
1 I7
2 pending
3 pending
4 pending
5 I0
6 I1
7 I2

Preferred from right
7 I2
6 I1
5 I0
4 ??7
3 ??6
2 ??5
1 I7
0 I6

Preferred from left
0 I6
1 I7
2 ?05
3 ?16
4 ?27
5 I0
6 I1
7 I2

Preferred
0 I6
1 I7
2 ?05 ?50
3 ?16 ?61
4 ?27 ?72
5 I0
6 I1
7 I2

Matching
0 I6
1 I7
2 ?05 ?50 - Identity absent, NOT absent, Constant C0, AND absent, OR absent, XOR absent, AND-NOT absent, OR-NOT absent, XOR-NOT absent
3 ?16 ?61 - Identity absent, NOT absent, Constant C0, AND absent, OR absent, XOR absent, AND-NOT absent, OR-NOT absent, XOR-NOT absent
4 ?27 ?72 - Identity absent, NOT absent, Constant C0, AND absent, OR absent, XOR absent, AND-NOT absent, OR-NOT absent, XOR-NOT absent
5 I0
6 I1
7 I2

Perfect match
Identity no
NOT no
Constant yes
AND no
OR no
XOR no
AND-NOT no
OR-NOT no
XOR-NOT no

Matched
0 I6
1 I7
2 C0
3 C0
4 C0
5 I0
6 I1
7 I2

Selected
0 I6
1 I7
2 C0
3 C0
4 C0
5 I0
6 I1
7 I2

Applying to 01011111
Input
0 0
1 1
2 0
3 1
4 1
5 1
6 1
7 1
Output
0 I6 = 1
1 I7 = 1
2 C0 = 0
3 C0 = 0
4 C0 = 0
5 I0 = 0
6 I1 = 1
7 I2 = 0

I will now return the answer in \boxed{}
The answer in \boxed{–} is \boxed{11000010}
[correct]
true
