[category]
bit_manipulation
[prompt]
In Alice's Wonderland, a secret bit manipulation rule transforms 8-bit binary numbers. The transformation involves operations like bit shifts, rotations, XOR, AND, OR, NOT, and possibly majority or choice functions.

Here are some examples of input -> output:
10000000 -> 11011111
00010001 -> 10101011
11010111 -> 01101010
10010011 -> 00111011
10001110 -> 10111101
10100011 -> 00110111
10110101 -> 11010110
10110000 -> 11010111

Now, determine the output for: 01010111
[completion]
We need to deduce the transformation by matching the example outputs.
I will put my final answer inside \boxed{}.

Output 0: 11011111
0 1
1 1
2 0
3 1
4 1
5 1
6 1
7 1

Output 1: 10101011
0 1
1 0
2 1
3 0
4 1
5 0
6 1
7 1

Output 2: 01101010
0 0
1 1
2 1
3 0
4 1
5 0
6 1
7 0

Output 3: 00111011
0 0
1 0
2 1
3 1
4 1
5 0
6 1
7 1

Output 4: 10111101
0 1
1 0
2 1
3 1
4 1
5 1
6 0
7 1

Output 5: 00110111
0 0
1 0
2 1
3 1
4 0
5 1
6 1
7 1

Output 6: 11010110
0 1
1 1
2 0
3 1
4 0
5 1
6 1
7 0

Output 7: 11010111
0 1
1 1
2 0
3 1
4 0
5 1
6 1
7 1

Output bit columns (with bitsum as hash)
0 11001011 5
1 10100011 4
2 01111100 5
3 10011111 6
4 11111000 5
5 10001111 5
6 11110111 7
7 11011101 6

Input 0: 10000000
0 1
1 0
2 0
3 0
4 0
5 0
6 0
7 0

Input 1: 00010001
0 0
1 0
2 0
3 1
4 0
5 0
6 0
7 1

Input 2: 11010111
0 1
1 1
2 0
3 1
4 0
5 1
6 1
7 1

Input 3: 10010011
0 1
1 0
2 0
3 1
4 0
5 0
6 1
7 1

Input 4: 10001110
0 1
1 0
2 0
3 0
4 1
5 1
6 1
7 0

Input 5: 10100011
0 1
1 0
2 1
3 0
4 0
5 0
6 1
7 1

Input 6: 10110101
0 1
1 0
2 1
3 1
4 0
5 1
6 0
7 1

Input 7: 10110000
0 1
1 0
2 1
3 1
4 0
5 0
6 0
7 0

When matching output
x: not in operator
y: wrong position

Identity
0 10111111 7
1 00100000 1
2 00000111 3
3 01110011 5
4 00001000 1
5 00101010 3
6 00111100 4
7 01110110 5

Matching output
0 absent
1 absent
2 absent
3 absent
4 absent
5 absent
6 absent
7 absent

Left
none
Best: none

Right
none
Best: none

NOT
0 01000000 1
1 11011111 7
2 11111000 5 match 4
3 10001100 3
4 11110111 7 match 6
5 11010101 5
6 11000011 4
7 10001001 3

Matching output
0 absent
1 absent
2 absent
3 absent
4 2
5 absent
6 4
7 absent

Left
none
Best: none

Right
none
Best: none

Constant
0 00000000 a
1 11111111 a

Matching output
0 absent
1 absent
2 absent
3 absent
4 absent
5 absent
6 absent
7 absent

Left
none
Best: none

Right
none
Best: none

AND
01 10 00100000 1
12 21 00000000 a
23 32 00000011 2
34 43 00000000 a
45 54 00001000 1
56 65 00101000 2
67 76 00110100 3
70 07 00110110 4

02 20 00000111 3
13 31 00100000 1
24 42 00000000 a
35 53 00100010 2
46 64 00001000 1
57 75 00100010 2
60 06 00111100 4
71 17 00100000 1

03 30 00110011 4
14 41 00000000 a
25 52 00000010 1
36 63 00110000 2
47 74 00000000 a
50 05 00101010 3
61 16 00100000 1
72 27 00000110 2

04 40 00001000 1
15 51 00100000 1
26 62 00000100 1
37 73 01110010 4

Matching output
0 absent
1 absent
2 absent
3 absent
4 absent
5 absent
6 absent
7 absent

Left
none
Best: none

Right
none
Best: none

OR
01 10 10111111 7
12 21 00100111 4
23 32 01110111 6
34 43 01111011 6
45 54 00101010 3
56 65 00111110 5
67 76 01111110 6
70 07 11111111 a

02 20 10111111 7
13 31 01110011 5
24 42 00001111 4
35 53 01111011 6
46 64 00111100 4
57 75 01111110 6
60 06 10111111 7
71 17 01110110 5

03 30 11111111 a
14 41 00101000 2
25 52 00101111 5
36 63 01111111 7
47 74 01111110 6
50 05 10111111 7
61 16 00111100 4
72 27 01110111 6

04 40 10111111 7
15 51 00101010 3
26 62 00111111 6
37 73 01110111 6

Matching output
0 absent
1 absent
2 absent
3 absent
4 absent
5 absent
6 absent
7 absent

Left
none
Best: none

Right
none
Best: none

XOR
01 10 10011111 6 match 3
12 21 00100111 4
23 32 01110100 4
34 43 01111011 6
45 54 00100010 2
56 65 00010110 3
67 76 01001010 3
70 07 11001001 4

02 20 10111000 4
13 31 01010011 4
24 42 00001111 4
35 53 01011001 4
46 64 00110100 3
57 75 01011100 4
60 06 10000011 3
71 17 01010110 4

03 30 11001100 4
14 41 00101000 2
25 52 00101101 4
36 63 01001111 5
47 74 01111110 6
50 05 10010101 4
61 16 00011100 3
72 27 01110001 4

04 40 10110111 6
15 51 00001010 2
26 62 00111011 5
37 73 00000101 2

Matching output
0 absent
1 absent
2 absent
3 01 10
4 absent
5 absent
6 absent
7 absent

Left
none
Best: none

Right
none
Best: none

AND-NOT
01 10011111 6 match 3
12 00100000 1
23 00000100 1
34 01110011 5
45 00000000 a
56 00000010 1
67 00001000 1
70 01000000 1

02 10111000 4
13 00000000 a
24 00000111 3
35 01010001 3
46 00000000 a
57 00001000 1
60 00000000 a
71 01010110 4

03 10001100 3
14 00100000 1
25 00000101 2
36 01000011 3
47 00001000 1
50 00000000 a
61 00011100 3
72 01110000 3

04 10110111 6
15 00000000 a
26 00000011 2
37 00000001 1
40 00000000 a
51 00001010 2
62 00111000 3
73 00000100 1

05 10010101 4
16 00000000 a
27 00000001 1
30 01000000 1
41 00001000 1
52 00101000 2
63 00001100 2
74 01110110 5

06 10000011 3
17 00000000 a
20 00000000 a
31 01010011 4
42 00001000 1
53 00001000 1
64 00110100 3
75 01010100 3

07 10001001 3
10 00000000 a
21 00000111 3
32 01110000 3
43 00001000 1
54 00100010 2
65 00010100 2
76 01000010 2

Matching output
0 absent
1 absent
2 absent
3 01
4 absent
5 absent
6 absent
7 absent

Left
none
Best: none

Right
none
Best: none

OR-NOT
01 11111111 a
12 11111000 5 match 4
23 10001111 5 match 5
34 11110111 7 match 6
45 11011101 6 match 7
56 11101011 6
67 10111101 6
70 01110110 5

02 11111111 a
13 10101100 4
24 11110111 7 match 6
35 11110111 7 match 6
46 11001011 5 match 0
57 10101011 5
60 01111100 5 match 2
71 11111111 a

03 10111111 7
14 11110111 7 match 6
25 11010111 6
36 11110011 6
47 10001001 3
50 01101010 4
61 11111111 a
72 11111110 7

04 11111111 a
15 11110101 6
26 11000111 5
37 11111011 7
40 01001000 2
51 11111111 a
62 11111100 6
73 11111110 7

05 11111111 a
16 11100011 5
27 10001111 5 match 5
30 01110011 5
41 11011111 7
52 11111010 6
63 10111100 5
74 11110111 7 match 6

06 11111111 a
17 10101001 4
20 01000111 4
31 11111111 a
42 11111000 5 match 4
53 10101110 5
64 11111111 a
75 11110111 7 match 6

07 10111111 7
10 01100000 2
21 11011111 7
32 11111011 7
43 10001100 3
54 11111111 a
65 11111101 7
76 11110111 7 match 6

Matching output
0 46
1 absent
2 60
3 absent
4 12 42
5 23 27
6 34 24 35 14 74 75 76
7 45

Left
46 57x
Best: OR-NOT46: 1

Right
45 34 23 12 01x
Best: OR-NOT45 34 23 12: 4

XOR-NOT
01 01100000 2
12 11011000 4
23 10001011 4
34 10000100 2
45 11011101 6 match 7
56 11101001 5
67 10110101 5
70 00110110 4

02 01000111 4
13 10101100 4
24 11110000 4
35 10100110 4
46 11001011 5 match 0
57 10100011 4 match 1
60 01111100 5 match 2
71 10101001 4

03 00110011 4
14 11010111 6
25 11010010 4
36 10110000 3
47 10000001 2
50 01101010 4
61 11100011 5
72 10001110 4

04 01001000 2
15 11110101 6
26 11000100 3
37 11111010 6
40 01001000 2
51 11110101 6
62 11000100 3
73 11111010 6

05 01101010 4
16 11100011 5
27 10001110 4
30 00110011 4
41 11010111 6
52 11010010 4
63 10110000 3
74 10000001 2

06 01111100 5 match 2
17 10101001 4
20 01000111 4
31 10101100 4
42 11110000 4
53 10100110 4
64 11001011 5 match 0
75 10100011 4 match 1

07 00110110 4
10 01100000 2
21 11011000 4
32 10001011 4
43 10000100 2
54 11011101 6 match 7
65 11101001 5
76 10110101 5

Matching output
0 46 64
1 57 75
2 60 06
3 absent
4 absent
5 absent
6 absent
7 45 54

Left
46 57 60 71x
64 75 06 17x
Best: XOR-NOT46 57 60: 3

Right
45 34x
54 43x
Best: XOR-NOT45: 1

Selecting

Lefts
Identity none
NOT none
Constant none
AND none
OR none
XOR none
AND-NOT none
OR-NOT OR-NOT46: 1
XOR-NOT XOR-NOT46 57 60: 3

Rights
Identity none
NOT none
Constant none
AND none
OR none
XOR none
AND-NOT none
OR-NOT OR-NOT45 34 23 12: 4
XOR-NOT XOR-NOT45: 1

Left longest: 3
Right longest: 4

Right winner: Identity no, NOT no, Constant no, AND no, OR no, XOR no, AND-NOT no, OR-NOT yes, XOR-NOT no
Left winner: Identity no, NOT no, Constant no, AND no, OR no, XOR no, AND-NOT no, OR-NOT no, XOR-NOT yes

Best right: OR-NOT45 34 23 12: 4
Best left: XOR-NOT46 57 60: 3

Truncated right: OR-NOT45 34 23 12: 4
Truncated left: XOR-NOT46 57 60: 3

Tentative from right
7 OR-NOT45
6 OR-NOT34
5 OR-NOT23
4 OR-NOT12
3 pending
2 pending
1 pending
0 pending

Tentative
0 XOR-NOT46
1 XOR-NOT57
2 XOR-NOT60
3 pending
4 OR-NOT12
5 OR-NOT23
6 OR-NOT34
7 OR-NOT45

Preferred from right
7 OR-NOT45
6 OR-NOT34
5 OR-NOT23
4 OR-NOT12
3 ?01
2 XOR-NOT60
1 XOR-NOT57
0 XOR-NOT46

Preferred from left
0 XOR-NOT46
1 XOR-NOT57
2 XOR-NOT60
3 ?01
4 OR-NOT12
5 OR-NOT23
6 OR-NOT34
7 OR-NOT45

Preferred
0 XOR-NOT46
1 XOR-NOT57
2 XOR-NOT60
3 ?01 ?10
4 OR-NOT12
5 OR-NOT23
6 OR-NOT34
7 OR-NOT45

Matching
0 XOR-NOT46
1 XOR-NOT57
2 XOR-NOT60
3 ?01 ?10 - Identity absent, NOT absent, Constant absent, AND absent, OR absent, XOR01, AND-NOT01, OR-NOT absent, XOR-NOT absent
4 OR-NOT12
5 OR-NOT23
6 OR-NOT34
7 OR-NOT45

Perfect match
Identity no
NOT no
Constant no
AND no
OR no
XOR yes
AND-NOT no
OR-NOT no
XOR-NOT no

Matched
0 XOR-NOT46
1 XOR-NOT57
2 XOR-NOT60
3 XOR01
4 OR-NOT12
5 OR-NOT23
6 OR-NOT34
7 OR-NOT45

Selected
0 XOR-NOT46
1 XOR-NOT57
2 XOR-NOT60
3 XOR01
4 OR-NOT12
5 OR-NOT23
6 OR-NOT34
7 OR-NOT45

Applying to 01010111
Input
0 0
1 1
2 0
3 1
4 0
5 1
6 1
7 1
Output
0 XOR-NOT46 = XOR(0,NOT(1)) = 0
1 XOR-NOT57 = XOR(1,NOT(1)) = 1
2 XOR-NOT60 = XOR(1,NOT(0)) = 0
3 XOR01 = XOR(0,1) = 1
4 OR-NOT12 = OR(1,NOT(0)) = 1
5 OR-NOT23 = OR(0,NOT(1)) = 0
6 OR-NOT34 = OR(1,NOT(0)) = 1
7 OR-NOT45 = OR(0,NOT(1)) = 0

I will now return the answer in \boxed{}
The answer in \boxed{–} is \boxed{01011010}
[correct]
true
