[category]
bit_manipulation
[prompt]
In Alice's Wonderland, a secret bit manipulation rule transforms 8-bit binary numbers. The transformation involves operations like bit shifts, rotations, XOR, AND, OR, NOT, and possibly majority or choice functions.

Here are some examples of input -> output:
11101100 -> 11011001
10011100 -> 00111001
11011011 -> 10110111
01110111 -> 11101110
01011011 -> 10110110
10111001 -> 01110011
00101110 -> 01011100

Now, determine the output for: 00110011
[completion]
We need to deduce the transformation by matching the example outputs.
I will put my final answer inside \boxed{}.

Output 0: 11011001
0 1
1 1
2 0
3 1
4 1
5 0
6 0
7 1

Output 1: 00111001
0 0
1 0
2 1
3 1
4 1
5 0
6 0
7 1

Output 2: 10110111
0 1
1 0
2 1
3 1
4 0
5 1
6 1
7 1

Output 3: 11101110
0 1
1 1
2 1
3 0
4 1
5 1
6 1
7 0

Output 4: 10110110
0 1
1 0
2 1
3 1
4 0
5 1
6 1
7 0

Output 5: 01110011
0 0
1 1
2 1
3 1
4 0
5 0
6 1
7 1

Output 6: 01011100
0 0
1 1
2 0
3 1
4 1
5 1
6 0
7 0

Output bit columns (with bitsum as hash)
0 1011100 4
1 1001011 4
2 0111110 5
3 1110111 6
4 1101001 4
5 0011101 4
6 0011110 4
7 1110010 4

Input 0: 11101100
0 1
1 1
2 1
3 0
4 1
5 1
6 0
7 0

Input 1: 10011100
0 1
1 0
2 0
3 1
4 1
5 1
6 0
7 0

Input 2: 11011011
0 1
1 1
2 0
3 1
4 1
5 0
6 1
7 1

Input 3: 01110111
0 0
1 1
2 1
3 1
4 0
5 1
6 1
7 1

Input 4: 01011011
0 0
1 1
2 0
3 1
4 1
5 0
6 1
7 1

Input 5: 10111001
0 1
1 0
2 1
3 1
4 1
5 0
6 0
7 1

Input 6: 00101110
0 0
1 0
2 1
3 0
4 1
5 1
6 1
7 0

When matching output
x: not in operator
y: wrong position

Identity
0 1110010 4 match 7
1 1011100 4 match 0
2 1001011 4 match 1
3 0111110 5 match 2
4 1110111 6 match 3
5 1101001 4 match 4
6 0011101 4 match 5
7 0011110 4 match 6

Matching output
0 1
1 2
2 3
3 4
4 5
5 6
6 7
7 0

Left
1 2 3 4 5 6 7 0
Best: I1 2 3 4 5 6 7 0: 8

Right
0 7 6 5 4 3 2 1
Best: I0 7 6 5 4 3 2 1: 8

NOT
0 0001101 3
1 0100011 3
2 0110100 3
3 1000001 2
4 0001000 1
5 0010110 3
6 1100010 3
7 1100001 3

Matching output
0 absent
1 absent
2 absent
3 absent
4 absent
5 absent
6 absent
7 absent

Left
none
Best: none

Right
none
Best: none

Constant
0 0000000 a
1 1111111 a

Matching output
0 absent
1 absent
2 absent
3 absent
4 absent
5 absent
6 absent
7 absent

Left
none
Best: none

Right
none
Best: none

AND
01 10 1010000 2
12 21 1001000 2
23 32 0001010 2
34 43 0110110 4
45 54 1100001 3
56 65 0001001 2
67 76 0011100 3
70 07 0010010 2

02 20 1000010 2
13 31 0011100 3
24 42 1000011 3
35 53 0101000 2
46 64 0010101 3
57 75 0001000 1
60 06 0010000 1
71 17 0011100 3

03 30 0110010 3
14 41 1010100 3
25 52 1001001 3
36 63 0011100 3
47 74 0010110 3
50 05 1100000 2
61 16 0011100 3
72 27 0001010 2

04 40 1110010 4 match 7
15 51 1001000 2
26 62 0001001 2
37 73 0011110 4 match 6

Matching output
0 absent
1 absent
2 absent
3 absent
4 absent
5 absent
6 37 73
7 04 40

Left
none
Best: none

Right
04 73 62x
40 37 26x
Best: AND04 73: 2

OR
01 10 1111110 6
12 21 1011111 6
23 32 1111111 a
34 43 1111111 a
45 54 1111111 a
56 65 1111101 6
67 76 0011111 5
70 07 1111110 6

02 20 1111011 6
13 31 1111110 6
24 42 1111111 a
35 53 1111111 a
46 64 1111111 a
57 75 1111111 a
60 06 1111111 a
71 17 1011110 5

03 30 1111110 6
14 41 1111111 a
25 52 1101011 5
36 63 0111111 6
47 74 1111111 a
50 05 1111011 6
61 16 1011101 5
72 27 1011111 6

04 40 1110111 6 match 3
15 51 1111101 6
26 62 1011111 6
37 73 0111110 5 match 2

Matching output
0 absent
1 absent
2 37 73
3 04 40
4 absent
5 absent
6 absent
7 absent

Left
none
Best: none

Right
none
Best: none

XOR
01 10 0101110 4
12 21 0010111 4
23 32 1110101 5
34 43 1001001 3
45 54 0011110 4 match 6
56 65 1110100 4
67 76 0000011 2
70 07 1101100 4

02 20 0111001 4
13 31 1100010 3
24 42 0111100 4
35 53 1010111 5
46 64 1101010 4
57 75 1110111 6 match 3
60 06 1101111 6
71 17 1000010 2

03 30 1001100 3
14 41 0101011 4
25 52 0100010 2
36 63 0100011 3
47 74 1101001 4 match 4
50 05 0011011 4
61 16 1000001 2
72 27 1010101 4

04 40 0000101 2
15 51 0110101 4
26 62 1010110 4
37 73 0100000 1

Matching output
0 absent
1 absent
2 absent
3 57 75
4 47 74
5 absent
6 45 54
7 absent

Left
none
Best: none

Right
none
Best: none

AND-NOT
01 0100010 2
12 0010100 2
23 1000001 2
34 0001000 1
45 0010110 3
56 1100000 2
67 0000001 1
70 0001100 2

02 0110000 2
13 1000000 1
24 0001000 1
35 0010110 3
46 1100010 3
57 1100001 3
60 0001101 3
71 0000010 1

03 1000000 1
14 0001000 1
25 0000010 1
36 0100010 2
47 1100001 3
50 0001001 2
61 0000001 1
72 0010100 2

04 0000000 a
15 0010100 2
26 1000010 2
37 0100000 1
40 0000101 2
51 0100001 2
62 0010100 2
73 0000000 a

05 0010010 2
16 1000000 1
27 1000001 2
30 0001100 2
41 0100011 3
52 0100000 1
63 0000001 1
74 0001000 1

06 1100010 3
17 1000000 1
20 0001001 2
31 0100010 2
42 0110100 3
53 1000001 2
64 0001000 1
75 0010110 3

07 1100000 2
10 0001100 2
21 0000011 2
32 0110100 3
43 1000001 2
54 0001000 1
65 0010100 2
76 0000010 1

Matching output
0 absent
1 absent
2 absent
3 absent
4 absent
5 absent
6 absent
7 absent

Left
none
Best: none

Right
none
Best: none

OR-NOT
01 1110011 5
12 1111100 5
23 1001011 4 match 1
34 0111110 5 match 2
45 1110111 6 match 3
56 1101011 5
67 1111101 6
70 0011111 5

02 1110110 5
13 1011101 5
24 1001011 4 match 1
35 0111110 5 match 2
46 1110111 6 match 3
57 1101001 4 match 4
60 0011101 4 match 5
71 0111111 6

03 1110011 5
14 1011100 4 match 0
25 1011111 6
36 1111110 6
47 1110111 6 match 3
50 1101101 5
61 0111111 6
72 0111110 5 match 2

04 1111010 5
15 1011110 5
26 1101011 5
37 1111111 a
40 1111111 a
51 1101011 5
62 0111101 5
73 1011111 6

05 1110110 5
16 1111110 6
27 1101011 5
30 0111111 6
41 1110111 6 match 3
52 1111101 6
63 1011101 5
74 0011110 4 match 6

06 1110010 4 match 7
17 1111101 6
20 1001111 5
31 0111111 6
42 1110111 6 match 3
53 1101001 4 match 4
64 0011101 4 match 5
75 0011110 4 match 6

07 1110011 5
10 1011101 5
21 1101011 5
32 0111110 5 match 2
43 1110111 6 match 3
54 1101001 4 match 4
65 0011111 5
76 1111110 6

Matching output
0 14
1 23 24
2 34 35 72 32
3 45 46 47 41 42 43
4 57 53 54
5 60 64
6 74 75
7 06

Left
14 25x
Best: OR-NOT14: 1

Right
06 75 64 53 42 31x
Best: OR-NOT06 75 64 53 42: 5

XOR-NOT
01 1010001 3
12 1101000 3
23 0001010 2
34 0110110 4
45 1100001 3
56 0001011 3
67 1111100 5
70 0010011 3

02 1000110 3
13 0011101 4 match 5
24 1000011 3
35 0101000 2
46 0010101 3
57 0001000 1
60 0010000 1
71 0111101 5

03 0110011 4
14 1010100 3
25 1011101 5
36 1011100 4 match 0
47 0010110 3
50 1100100 3
61 0111110 5 match 2
72 0101010 3

04 1111010 5
15 1001010 3
26 0101001 3
37 1011111 6
40 1111010 5
51 1001010 3
62 0101001 3
73 1011111 6

05 1100100 3
16 0111110 5 match 2
27 0101010 3
30 0110011 4
41 1010100 3
52 1011101 5
63 1011100 4 match 0
74 0010110 3

06 0010000 1
17 0111101 5
20 1000110 3
31 0011101 4 match 5
42 1000011 3
53 0101000 2
64 0010101 3
75 0001000 1

07 0010011 3
10 1010001 3
21 1101000 3
32 0001010 2
43 0110110 4
54 1100001 3
65 0001011 3
76 1111100 5

Matching output
0 36 63
1 absent
2 61 16
3 absent
4 absent
5 13 31
6 absent
7 absent

Left
36 47x
63 74x
Best: XOR-NOT36: 1

Right
none
Best: none

Selecting

Lefts
Identity I1 2 3 4 5 6 7 0: 8
NOT none
Constant none
AND none
OR none
XOR none
AND-NOT none
OR-NOT OR-NOT14: 1
XOR-NOT XOR-NOT36: 1

Rights
Identity I0 7 6 5 4 3 2 1: 8
NOT none
Constant none
AND AND04 73: 2
OR none
XOR none
AND-NOT none
OR-NOT OR-NOT06 75 64 53 42: 5
XOR-NOT none

Left longest: 8
Right longest: 8

Left winner: Identity yes, NOT no, Constant no, AND no, OR no, XOR no, AND-NOT no, OR-NOT no, XOR-NOT no
Right winner: Identity yes, NOT no, Constant no, AND no, OR no, XOR no, AND-NOT no, OR-NOT no, XOR-NOT no

Best left: I1 2 3 4 5 6 7 0: 8
Best right: I0 7 6 5 4 3 2 1: 8

Truncated left: I1 2 3 4 5 6 7 0: 8
Truncated right: none truncated

Tentative from right
7 pending
6 pending
5 pending
4 pending
3 pending
2 pending
1 pending
0 pending

Tentative
0 I1
1 I2
2 I3
3 I4
4 I5
5 I6
6 I7
7 I0

Preferred from left
0 I1
1 I2
2 I3
3 I4
4 I5
5 I6
6 I7
7 I0

Preferred from right
7 I0
6 I7
5 I6
4 I5
3 I4
2 I3
1 I2
0 I1

Preferred
0 I1
1 I2
2 I3
3 I4
4 I5
5 I6
6 I7
7 I0

Matching
0 I1
1 I2
2 I3
3 I4
4 I5
5 I6
6 I7
7 I0

Perfect match
Identity no
NOT no
Constant no
AND no
OR no
XOR no
AND-NOT no
OR-NOT no
XOR-NOT no

Matched
0 I1
1 I2
2 I3
3 I4
4 I5
5 I6
6 I7
7 I0

Selected
0 I1
1 I2
2 I3
3 I4
4 I5
5 I6
6 I7
7 I0

Applying to 00110011
Input
0 0
1 0
2 1
3 1
4 0
5 0
6 1
7 1
Output
0 I1 = 0
1 I2 = 1
2 I3 = 1
3 I4 = 0
4 I5 = 0
5 I6 = 1
6 I7 = 1
7 I0 = 0

I will now return the answer in \boxed{}
The answer in \boxed{–} is \boxed{01100110}
[correct]
true
