[category]
bit_manipulation
[prompt]
In Alice's Wonderland, a secret bit manipulation rule transforms 8-bit binary numbers. The transformation involves operations like bit shifts, rotations, XOR, AND, OR, NOT, and possibly majority or choice functions.

Here are some examples of input -> output:
01101111 -> 00000010
00001000 -> 00000000
10111111 -> 00001011
11001011 -> 00000000
01000111 -> 00000000
10110110 -> 00001001
10011001 -> 00000000

Now, determine the output for: 00111010
[completion]
We need to deduce the transformation by matching the example outputs.
I will put my final answer inside \boxed{}.

Output 0: 00000010
0 0
1 0
2 0
3 0
4 0
5 0
6 1
7 0

Output 1: 00000000
0 0
1 0
2 0
3 0
4 0
5 0
6 0
7 0

Output 2: 00001011
0 0
1 0
2 0
3 0
4 1
5 0
6 1
7 1

Output 3: 00000000
0 0
1 0
2 0
3 0
4 0
5 0
6 0
7 0

Output 4: 00000000
0 0
1 0
2 0
3 0
4 0
5 0
6 0
7 0

Output 5: 00001001
0 0
1 0
2 0
3 0
4 1
5 0
6 0
7 1

Output 6: 00000000
0 0
1 0
2 0
3 0
4 0
5 0
6 0
7 0

Output bit columns (with bitsum as hash)
0 0000000 a
1 0000000 a
2 0000000 a
3 0000000 a
4 0010010 2
5 0000000 a
6 1010000 2
7 0010010 2

Input 0: 01101111
0 0
1 1
2 1
3 0
4 1
5 1
6 1
7 1

Input 1: 00001000
0 0
1 0
2 0
3 0
4 1
5 0
6 0
7 0

Input 2: 10111111
0 1
1 0
2 1
3 1
4 1
5 1
6 1
7 1

Input 3: 11001011
0 1
1 1
2 0
3 0
4 1
5 0
6 1
7 1

Input 4: 01000111
0 0
1 1
2 0
3 0
4 0
5 1
6 1
7 1

Input 5: 10110110
0 1
1 0
2 1
3 1
4 0
5 1
6 1
7 0

Input 6: 10011001
0 1
1 0
2 0
3 1
4 1
5 0
6 0
7 1

When matching output
x: not in operator
y: wrong position

Identity
0 0011011 4
1 1001100 3
2 1010010 3
3 0010011 3
4 1111001 5
5 1010110 4
6 1011110 5
7 1011101 5

Matching output
0 absent
1 absent
2 absent
3 absent
4 absent
5 absent
6 absent
7 absent

Left
none
Best: none

Right
none
Best: none

NOT
0 1100100 3
1 0110011 4
2 0101101 4
3 1101100 4
4 0000110 2
5 0101001 3
6 0100001 2
7 0100010 2

Matching output
0 absent
1 absent
2 absent
3 absent
4 absent
5 absent
6 absent
7 absent

Left
none
Best: none

Right
none
Best: none

Constant
0 0000000 a match 0 1 2 3 5
1 1111111 a

Matching output
0 C0
1 C0
2 C0
3 C0
4 absent
5 C0
6 absent
7 absent

Left
0 0 0 0
Best: C0 0 0 0: 4

Right
none
Best: none

AND
01 10 0001000 1
12 21 1000000 1
23 32 0010010 2 match 4 7
34 43 0010001 2
45 54 1010000 2 match 6
56 65 1010110 4
67 76 1011100 4
70 07 0011001 3

02 20 0010010 2 match 4 7
13 31 0000000 a match 0 1 2 3 5
24 42 1010000 2 match 6
35 53 0010010 2 match 4 7
46 64 1011000 3
57 75 1010100 3
60 06 0011010 3
71 17 1001100 3

03 30 0010011 3
14 41 1001000 2
25 52 1010010 3
36 63 0010010 2 match 4 7
47 74 1011001 4
50 05 0010010 2 match 4 7
61 16 1001100 3
72 27 1010000 2 match 6

04 40 0011001 3
15 51 1000100 2
26 62 1010010 3
37 73 0010001 2

Matching output
0 13 31
1 13 31
2 13 31
3 13 31
4 23 32 02 20 35 53 36 63 50 05
5 13 31
6 45 54 24 42 72 27
7 23 32 02 20 35 53 36 63 50 05

Left
13 24y
31 42y
Best: AND13: 1

Right
23 12x
32 21x
02 71x
20 17x
35 24 13 02 71x
53 42 31 20 17x
36 25x
63 52x
50 47x
05 74x
Best: AND35 24 13 02: 4

OR
01 10 1011111 6
12 21 1011110 5
23 32 1010011 4
34 43 1111011 6
45 54 1111111 a
56 65 1011110 5
67 76 1011111 6
70 07 1011111 6

02 20 1011011 5
13 31 1011111 6
24 42 1111011 6
35 53 1010111 5
46 64 1111111 a
57 75 1011111 6
60 06 1011111 6
71 17 1011101 5

03 30 0011011 4
14 41 1111101 6
25 52 1010110 4
36 63 1011111 6
47 74 1111101 6
50 05 1011111 6
61 16 1011110 5
72 27 1011111 6

04 40 1111011 6
15 51 1011110 5
26 62 1011110 5
37 73 1011111 6

Matching output
0 absent
1 absent
2 absent
3 absent
4 absent
5 absent
6 absent
7 absent

Left
none
Best: none

Right
none
Best: none

XOR
01 10 1010111 5
12 21 0011110 4
23 32 1000001 2
34 43 1101010 4
45 54 0101111 5
56 65 0001000 1
67 76 0000011 2
70 07 1000110 3

02 20 1001001 3
13 31 1011111 6
24 42 0101011 4
35 53 1000101 3
46 64 0100111 4
57 75 0001011 3
60 06 1000101 3
71 17 0010001 2

03 30 0001000 1
14 41 0110101 4
25 52 0000100 1
36 63 1001101 4
47 74 0100100 2
50 05 1001101 4
61 16 0010010 2 match 4 7
72 27 0001111 4

04 40 1100010 3
15 51 0011010 3
26 62 0001100 2
37 73 1001110 4

Matching output
0 absent
1 absent
2 absent
3 absent
4 61 16
5 absent
6 absent
7 61 16

Left
none
Best: none

Right
61 50x
16 05x
Best: XOR61: 1

AND-NOT
01 0010011 3
12 0001100 2
23 1000000 1
34 0000010 1
45 0101001 3
56 0000000 a match 0 1 2 3 5
67 0000010 1
70 1000100 2

02 0001001 2
13 1001100 3
24 0000010 1
35 0000001 1
46 0100001 2
57 0000010 1
60 1000100 2
71 0010001 2

03 0001000 1
14 0000100 1
25 0000000 a match 0 1 2 3 5
36 0000001 1
47 0100000 1
50 1000100 2
61 0010010 2 match 4 7
72 0001101 3

04 0000010 1
15 0001000 1
26 0000000 a match 0 1 2 3 5
37 0000010 1
40 1100000 2
51 0010010 2 match 4 7
62 0001100 2
73 1001100 3

05 0001001 2
16 0000000 a match 0 1 2 3 5
27 0000010 1
30 0000000 a match 0 1 2 3 5
41 0110001 3
52 0000100 1
63 1001100 3
74 0000100 1

06 0000001 1
17 0000000 a match 0 1 2 3 5
20 1000000 1
31 0010011 3
42 0101001 3
53 1000100 2
64 0000110 2
75 0001001 2

07 0000010 1
10 1000100 2
21 0010010 2 match 4 7
32 0000001 1
43 1101000 3
54 0000110 2
65 0001000 1
76 0000001 1

Matching output
0 56 25 26 16 30 17
1 56 25 26 16 30 17
2 56 25 26 16 30 17
3 56 25 26 16 30 17
4 61 51 21
5 56 25 26 16 30 17
6 absent
7 61 51 21

Left
56 67x
25 36x
26 37x
16 27x
30 41x
17 20x
Best: AND-NOT56: 1

Right
61 50x
51 40x
21 10x
Best: AND-NOT61: 1

OR-NOT
01 0111011 5
12 1101101 5
23 1111110 6
34 0010111 4
45 1111001 5
56 1110111 6
67 1111110 6
70 1111101 6

02 0111111 6
13 1101100 4
24 1010110 4
35 0111011 5
46 1111001 5
57 1110110 5
60 1111110 6
71 1111111 a

03 1111111 a
14 1001110 4
25 1111011 6
36 0110011 4
47 1111011 6
50 1110110 5
61 1111111 a
72 1111101 6

04 0011111 5
15 1101101 5
26 1110011 5
37 0110011 4
40 1111101 6
51 1110111 6
62 1111111 a
73 1111101 6

05 0111011 5
16 1101101 5
27 1110010 4
30 1110111 6
41 1111011 6
52 1111111 a
63 1111110 6
74 1011111 6

06 0111011 5
17 1101110 5
20 1110110 5
31 0110011 4
42 1111101 6
53 1111110 6
64 1011110 5
75 1111101 6

07 0111011 5
10 1101100 4
21 1110011 5
32 0111111 6
43 1111101 6
54 1010110 4
65 1111111 a
76 1111101 6

Matching output
0 absent
1 absent
2 absent
3 absent
4 absent
5 absent
6 absent
7 absent

Left
none
Best: none

Right
none
Best: none

XOR-NOT
01 0101000 2
12 1100001 3
23 0111110 5
34 0010101 3
45 1010000 2 match 6
56 1110111 6
67 1111100 5
70 0111001 4

02 0110110 4
13 0100000 1
24 1010100 3
35 0111010 4
46 1011000 3
57 1110100 4
60 0111010 4
71 1101110 5

03 1110111 6
14 1001010 3
25 1111011 6
36 0110010 3
47 1011011 5
50 0110010 3
61 1101101 5
72 1110000 3

04 0011101 4
15 1100101 4
26 1110011 5
37 0110001 3
40 0011101 4
51 1100101 4
62 1110011 5
73 0110001 3

05 0110010 3
16 1101101 5
27 1110000 3
30 1110111 6
41 1001010 3
52 1111011 6
63 0110010 3
74 1011011 5

06 0111010 4
17 1101110 5
20 0110110 4
31 0100000 1
42 1010100 3
53 0111010 4
64 1011000 3
75 1110100 4

07 0111001 4
10 0101000 2
21 1100001 3
32 0111110 5
43 0010101 3
54 1010000 2 match 6
65 1110111 6
76 1111100 5

Matching output
0 absent
1 absent
2 absent
3 absent
4 absent
5 absent
6 45 54
7 absent

Left
none
Best: none

Right
none
Best: none

Selecting

Lefts
Identity none
NOT none
Constant C0 0 0 0: 4
AND AND13: 1
OR none
XOR none
AND-NOT AND-NOT56: 1
OR-NOT none
XOR-NOT none

Rights
Identity none
NOT none
Constant none
AND AND35 24 13 02: 4
OR none
XOR XOR61: 1
AND-NOT AND-NOT61: 1
OR-NOT none
XOR-NOT none

Left longest: 4
Right longest: 4

Left winner: Identity no, NOT no, Constant yes, AND no, OR no, XOR no, AND-NOT no, OR-NOT no, XOR-NOT no
Right winner: Identity no, NOT no, Constant no, AND yes, OR no, XOR no, AND-NOT no, OR-NOT no, XOR-NOT no

Best left: C0 0 0 0: 4
Best right: AND35 24 13 02: 4

Truncated left: C0 0 0 0: 4
Truncated right: AND35 24 13 02: 4

Tentative from right
7 AND35
6 AND24
5 AND13
4 AND02
3 pending
2 pending
1 pending
0 pending

Tentative
0 C0
1 C0
2 C0
3 C0
4 AND02
5 AND13
6 AND24
7 AND35

Preferred from left
0 C0
1 C0
2 C0
3 C0
4 AND02
5 AND13
6 AND24
7 AND35

Preferred from right
7 AND35
6 AND24
5 AND13
4 AND02
3 C0
2 C0
1 C0
0 C0

Preferred
0 C0
1 C0
2 C0
3 C0
4 AND02
5 AND13
6 AND24
7 AND35

Matching
0 C0
1 C0
2 C0
3 C0
4 AND02
5 AND13
6 AND24
7 AND35

Perfect match
Identity no
NOT no
Constant no
AND no
OR no
XOR no
AND-NOT no
OR-NOT no
XOR-NOT no

Matched
0 C0
1 C0
2 C0
3 C0
4 AND02
5 AND13
6 AND24
7 AND35

Selected
0 C0
1 C0
2 C0
3 C0
4 AND02
5 AND13
6 AND24
7 AND35

Applying to 00111010
Input
0 0
1 0
2 1
3 1
4 1
5 0
6 1
7 0
Output
0 C0 = 0
1 C0 = 0
2 C0 = 0
3 C0 = 0
4 AND02 = AND(0,1) = 0
5 AND13 = AND(0,1) = 0
6 AND24 = AND(1,1) = 1
7 AND35 = AND(1,0) = 0

I will now return the answer in \boxed{}
The answer in \boxed{–} is \boxed{00000010}
[correct]
true
