[category]
bit_manipulation
[prompt]
In Alice's Wonderland, a secret bit manipulation rule transforms 8-bit binary numbers. The transformation involves operations like bit shifts, rotations, XOR, AND, OR, NOT, and possibly majority or choice functions.

Here are some examples of input -> output:
01110010 -> 01011100
00011011 -> 01100110
00010001 -> 00100100
10101101 -> 10001011
11101011 -> 01011010
00101011 -> 01101010
10011010 -> 01100110
10110100 -> 10101101
01101111 -> 11111011

Now, determine the output for: 11001110
[completion]
We need to deduce the transformation by matching the example outputs.
I will put my final answer inside \boxed{}.

Output 0: 01011100
0 0
1 1
2 0
3 1
4 1
5 1
6 0
7 0

Output 1: 01100110
0 0
1 1
2 1
3 0
4 0
5 1
6 1
7 0

Output 2: 00100100
0 0
1 0
2 1
3 0
4 0
5 1
6 0
7 0

Output 3: 10001011
0 1
1 0
2 0
3 0
4 1
5 0
6 1
7 1

Output 4: 01011010
0 0
1 1
2 0
3 1
4 1
5 0
6 1
7 0

Output 5: 01101010
0 0
1 1
2 1
3 0
4 1
5 0
6 1
7 0

Output 6: 01100110
0 0
1 1
2 1
3 0
4 0
5 1
6 1
7 0

Output 7: 10101101
0 1
1 0
2 1
3 0
4 1
5 1
6 0
7 1

Output 8: 11111011
0 1
1 1
2 1
3 1
4 1
5 0
6 1
7 1

Output bit columns (with bitsum as hash)
0 000100011 3
1 110011101 6
2 011001111 6
3 100010001 3
4 100111011 6
5 111000110 5
6 010111101 6
7 000100011 3

Input 0: 01110010
0 0
1 1
2 1
3 1
4 0
5 0
6 1
7 0

Input 1: 00011011
0 0
1 0
2 0
3 1
4 1
5 0
6 1
7 1

Input 2: 00010001
0 0
1 0
2 0
3 1
4 0
5 0
6 0
7 1

Input 3: 10101101
0 1
1 0
2 1
3 0
4 1
5 1
6 0
7 1

Input 4: 11101011
0 1
1 1
2 1
3 0
4 1
5 0
6 1
7 1

Input 5: 00101011
0 0
1 0
2 1
3 0
4 1
5 0
6 1
7 1

Input 6: 10011010
0 1
1 0
2 0
3 1
4 1
5 0
6 1
7 0

Input 7: 10110100
0 1
1 0
2 1
3 1
4 0
5 1
6 0
7 0

Input 8: 01101111
0 0
1 1
2 1
3 0
4 1
5 1
6 1
7 1

When matching output
x: not in operator
y: wrong position

Identity
0 000110110 4
1 100010001 3 match 3
2 100111011 6 match 4
3 111000110 5 match 5
4 010111101 6 match 6
5 000100011 3 match 0 7
6 110011101 6 match 1
7 011111001 6

Matching output
0 5
1 6
2 absent
3 1
4 2
5 3
6 4
7 5

Left
5 6 7x
Best: I5 6: 2

Right
5 4 3 2 1 0x
Best: I5 4 3 2 1: 5

NOT
0 111001001 5
1 011101110 6
2 011000100 3
3 000111001 4
4 101000010 3
5 111011100 6
6 001100010 3
7 100000110 3

Matching output
0 absent
1 absent
2 absent
3 absent
4 absent
5 absent
6 absent
7 absent

Left
none
Best: none

Right
none
Best: none

Constant
0 000000000 a
1 111111111 a

Matching output
0 absent
1 absent
2 absent
3 absent
4 absent
5 absent
6 absent
7 absent

Left
none
Best: none

Right
none
Best: none

AND
01 10 000010000 1
12 21 100010001 3 match 3
23 32 100000010 2
34 43 010000100 2
45 54 000100001 2
56 65 000000001 1
67 76 010011001 4
70 07 000110000 2

02 20 000110010 3
13 31 100000000 1
24 42 000111001 4
35 53 000000010 1
46 64 010011101 5
57 75 000100001 2
60 06 000010100 2
71 17 000010001 2

03 30 000000110 2
14 41 000010001 2
25 52 000100011 3 match 0 7
36 63 110000100 3
47 74 010111001 5
50 05 000100010 2
61 16 100010001 3 match 3
72 27 000111001 4

04 40 000110100 3
15 51 000000001 1
26 62 100011001 4
37 73 011000000 2

Matching output
0 25 52
1 absent
2 absent
3 12 21 61 16
4 absent
5 absent
6 absent
7 25 52

Left
25 36x
52 63x
Best: AND25: 1

Right
25 14x
52 41x
Best: AND25: 1

OR
01 10 100110111 6
12 21 100111011 6 match 4
23 32 111111111 a
34 43 111111111 a
45 54 010111111 7
56 65 110111111 8
67 76 111111101 8
70 07 011111111 8

02 20 100111111 7
13 31 111010111 7
24 42 110111111 8
35 53 111100111 7
46 64 110111101 7
57 75 011111011 7
60 06 110111111 8
71 17 111111001 7

03 30 111110110 7
14 41 110111101 7
25 52 100111011 6 match 4
36 63 111011111 8
47 74 011111101 7
50 05 000110111 5
61 16 110011101 6 match 1
72 27 111111011 8

04 40 010111111 7
15 51 100110011 5
26 62 110111111 8
37 73 111111111 a

Matching output
0 absent
1 61 16
2 absent
3 absent
4 12 21 25 52
5 absent
6 absent
7 absent

Left
none
Best: none

Right
none
Best: none

XOR
01 10 100100111 5
12 21 000101010 3
23 32 011111101 7
34 43 101111011 7
45 54 010011110 5
56 65 110111110 7
67 76 101100100 4
70 07 011001111 6 match 2

02 20 100001101 4
13 31 011010111 6
24 42 110000110 4
35 53 111100101 6
46 64 100100000 2
57 75 011011010 5
60 06 110101011 6
71 17 111101000 5

03 30 111110000 5
14 41 110101100 5
25 52 100011000 3
36 63 001011011 5
47 74 001000100 2
50 05 000010101 3
61 16 010001100 3
72 27 111000010 4

04 40 010001011 4
15 51 100110010 4
26 62 010100110 4
37 73 100111111 7

Matching output
0 absent
1 absent
2 70 07
3 absent
4 absent
5 absent
6 absent
7 absent

Left
none
Best: none

Right
none
Best: none

AND-NOT
01 000100110 3
12 000000000 a
23 000111001 4
34 101000010 3
45 010011100 4
56 000100010 2
67 100000100 2
70 011001001 4

02 000000100 1
13 000010001 2
24 100000010 2
35 111000100 4
46 000100000 1
57 000000010 1
60 110001001 4
71 011101000 4

03 000110000 2
14 100000000 1
25 100011000 3
36 001000010 2
47 000000100 1
50 000000001 1
61 010001100 3
72 011000000 2

04 000000010 1
15 100010000 2
26 000100010 2
37 100000110 3
40 010001001 3
51 000100010 2
62 010000100 2
73 000111001 4

05 000010100 2
16 000000000 a
27 100000010 2
30 111000000 3
41 010101100 4
52 000000000 a
63 000011001 3
74 001000000 1

06 000100010 2
17 100000000 1
20 100001001 3
31 011000110 4
42 010000100 2
53 000100001 2
64 100000000 1
75 011011000 4

07 000000110 2
10 100000001 2
21 000101010 3
32 011000100 3
43 000111001 4
54 000000010 1
65 110011100 5
76 001100000 2

Matching output
0 absent
1 absent
2 absent
3 absent
4 absent
5 absent
6 absent
7 absent

Left
none
Best: none

Right
none
Best: none

OR-NOT
01 011111110 7
12 111010101 6
23 100111011 6 match 4
34 111000110 5 match 5
45 111111101 8
56 001100011 4
67 110011111 7
70 111111001 7

02 011110110 6
13 100111001 5
24 101111011 7
35 111011110 7
46 011111111 8
57 100100111 5
60 111011101 7
71 011111111 8

03 000111111 6
14 101010011 5
25 111111111 a
36 111100110 6
47 110111111 8
50 111101011 7
61 111111111 a
72 011111101 7

04 101110110 6
15 111011101 7
26 101111011 7
37 111000110 5 match 5
40 111111101 8
51 011101111 7
62 111011101 7
73 011111001 6

05 111111110 8
16 101110011 6
27 100111111 7
30 111001111 7
41 011111111 8
52 011100111 6
63 110111101 7
74 111111011 8

06 001110110 5
17 100010111 5
20 111111011 8
31 111101110 7
42 011111101 7
53 000111011 5
64 111011111 8
75 111111101 8

07 100110110 5
10 111011001 6
21 111111111 a
32 111000110 5 match 5
43 010111101 6 match 6
54 101100011 5
65 111011101 7
76 011111011 7

Matching output
0 absent
1 absent
2 absent
3 absent
4 23
5 34 37 32
6 43
7 absent

Left
none
Best: none

Right
none
Best: none

XOR-NOT
01 011011000 4
12 111010101 6
23 100000010 2
34 010000100 2
45 101100001 4
56 001000001 2
67 010011011 5
70 100110000 3

02 011110010 5
13 100101000 3
24 001111001 5
35 000011010 3
46 011011111 7
57 100100101 4
60 001010100 3
71 000010111 4

03 000001111 4
14 001010011 4
25 011100111 6
36 110100100 4
47 110111011 7
50 111101010 6
61 101110011 6
72 000111101 5

04 101110100 5
15 011001101 5
26 101011001 5
37 011000000 2
40 101110100 5
51 011001101 5
62 101011001 5
73 011000000 2

05 111101010 6
16 101110011 6
27 000111101 5
30 000001111 4
41 001010011 4
52 011100111 6
63 110100100 4
74 110111011 7

06 001010100 3
17 000010111 4
20 011110010 5
31 100101000 3
42 001111001 5
53 000011010 3
64 011011111 7
75 100100101 4

07 100110000 3
10 011011000 4
21 111010101 6
32 100000010 2
43 010000100 2
54 101100001 4
65 001000001 2
76 010011011 5

Matching output
0 absent
1 absent
2 absent
3 absent
4 absent
5 absent
6 absent
7 absent

Left
none
Best: none

Right
none
Best: none

Selecting

Lefts
Identity I5 6: 2
NOT none
Constant none
AND AND25: 1
OR none
XOR none
AND-NOT none
OR-NOT none
XOR-NOT none

Rights
Identity I5 4 3 2 1: 5
NOT none
Constant none
AND AND25: 1
OR none
XOR none
AND-NOT none
OR-NOT none
XOR-NOT none

Left longest: 2
Right longest: 5

Right winner: Identity yes, NOT no, Constant no, AND no, OR no, XOR no, AND-NOT no, OR-NOT no, XOR-NOT no
Left winner: Identity yes, NOT no, Constant no, AND no, OR no, XOR no, AND-NOT no, OR-NOT no, XOR-NOT no

Best right: I5 4 3 2 1: 5
Best left: I5 6: 2

Truncated right: I5 4 3 2 1: 5
Truncated left: I5 6: 2

Tentative from right
7 I5
6 I4
5 I3
4 I2
3 I1
2 pending
1 pending
0 pending

Tentative
0 I5
1 I6
2 pending
3 I1
4 I2
5 I3
6 I4
7 I5

Preferred from right
7 I5
6 I4
5 I3
4 I2
3 I1
2 ??0
1 I6
0 I5

Preferred from left
0 I5
1 I6
2 ?70
3 I1
4 I2
5 I3
6 I4
7 I5

Preferred
0 I5
1 I6
2 ?70 ?07
3 I1
4 I2
5 I3
6 I4
7 I5

Matching
0 I5
1 I6
2 ?70 ?07 - Identity absent, NOT absent, Constant absent, AND absent, OR absent, XOR70, AND-NOT absent, OR-NOT absent, XOR-NOT absent
3 I1
4 I2
5 I3
6 I4
7 I5

Perfect match
Identity no
NOT no
Constant no
AND no
OR no
XOR yes
AND-NOT no
OR-NOT no
XOR-NOT no

Matched
0 I5
1 I6
2 XOR70
3 I1
4 I2
5 I3
6 I4
7 I5

Selected
0 I5
1 I6
2 XOR70
3 I1
4 I2
5 I3
6 I4
7 I5

Applying to 11001110
Input
0 1
1 1
2 0
3 0
4 1
5 1
6 1
7 0
Output
0 I5 = 1
1 I6 = 1
2 XOR70 = XOR(0,1) = 1
3 I1 = 1
4 I2 = 0
5 I3 = 0
6 I4 = 1
7 I5 = 1

I will now return the answer in \boxed{}
The answer in \boxed{–} is \boxed{11110011}
[correct]
true
