[category]
bit_manipulation
[prompt]
In Alice's Wonderland, a secret bit manipulation rule transforms 8-bit binary numbers. The transformation involves operations like bit shifts, rotations, XOR, AND, OR, NOT, and possibly majority or choice functions.

Here are some examples of input -> output:
11101001 -> 00111101
11100010 -> 11011100
01010100 -> 00011111
00100111 -> 10110110
00101001 -> 00100111
11111001 -> 10111111
00100100 -> 10011110
00111100 -> 11011111
11110010 -> 01011110

Now, determine the output for: 11011010
[completion]
We need to deduce the transformation by matching the example outputs.
I will put my final answer inside \boxed{}.

Output 0: 00111101
0 0
1 0
2 1
3 1
4 1
5 1
6 0
7 1

Output 1: 11011100
0 1
1 1
2 0
3 1
4 1
5 1
6 0
7 0

Output 2: 00011111
0 0
1 0
2 0
3 1
4 1
5 1
6 1
7 1

Output 3: 10110110
0 1
1 0
2 1
3 1
4 0
5 1
6 1
7 0

Output 4: 00100111
0 0
1 0
2 1
3 0
4 0
5 1
6 1
7 1

Output 5: 10111111
0 1
1 0
2 1
3 1
4 1
5 1
6 1
7 1

Output 6: 10011110
0 1
1 0
2 0
3 1
4 1
5 1
6 1
7 0

Output 7: 11011111
0 1
1 1
2 0
3 1
4 1
5 1
6 1
7 1

Output 8: 01011110
0 0
1 1
2 0
3 1
4 1
5 1
6 1
7 0

Output bit columns (with bitsum as hash)
0 010101110 5
1 010000011 3
2 100111000 4
3 111101111 8
4 111001111 7
5 111111111 a
6 001111111 7
7 101011010 5

Input 0: 11101001
0 1
1 1
2 1
3 0
4 1
5 0
6 0
7 1

Input 1: 11100010
0 1
1 1
2 1
3 0
4 0
5 0
6 1
7 0

Input 2: 01010100
0 0
1 1
2 0
3 1
4 0
5 1
6 0
7 0

Input 3: 00100111
0 0
1 0
2 1
3 0
4 0
5 1
6 1
7 1

Input 4: 00101001
0 0
1 0
2 1
3 0
4 1
5 0
6 0
7 1

Input 5: 11111001
0 1
1 1
2 1
3 1
4 1
5 0
6 0
7 1

Input 6: 00100100
0 0
1 0
2 1
3 0
4 0
5 1
6 0
7 0

Input 7: 00111100
0 0
1 0
2 1
3 1
4 1
5 1
6 0
7 0

Input 8: 11110010
0 1
1 1
2 1
3 1
4 0
5 0
6 1
7 0

When matching output
x: not in operator
y: wrong position

Identity
0 110001001 4
1 111001001 5
2 110111111 8
3 001001011 4
4 100011010 4
5 001100110 4
6 010100001 3
7 100111000 4 match 2

Matching output
0 absent
1 absent
2 7
3 absent
4 absent
5 absent
6 absent
7 absent

Left
none
Best: none

Right
none
Best: none

NOT
0 001110110 5
1 000110110 4
2 001000000 1
3 110110100 5
4 011100101 5
5 110011001 5
6 101011110 6
7 011000111 5

Matching output
0 absent
1 absent
2 absent
3 absent
4 absent
5 absent
6 absent
7 absent

Left
none
Best: none

Right
none
Best: none

Constant
0 000000000 a
1 111111111 a match 5

Matching output
0 absent
1 absent
2 absent
3 absent
4 absent
5 C1
6 absent
7 absent

Left
none
Best: none

Right
none
Best: none

AND
01 10 110001001 4
12 21 110001001 4
23 32 000001011 3
34 43 000001010 2
45 54 000000010 1
56 65 000100000 1
67 76 000100000 1
70 07 100001000 2

02 20 110001001 4
13 31 001001001 3
24 42 100011010 4
35 53 001000010 2
46 64 000000000 a
57 75 000100000 1
60 06 010000001 2
71 17 100001000 2

03 30 000001001 2
14 41 100001000 2
25 52 000100110 3
36 63 000000001 1
47 74 100011000 3
50 05 000000000 a
61 16 010000001 2
72 27 100111000 4 match 2

04 40 100001000 2
15 51 001000000 1
26 62 010100001 3
37 73 000001000 1

Matching output
0 absent
1 absent
2 72 27
3 absent
4 absent
5 absent
6 absent
7 absent

Left
none
Best: none

Right
none
Best: none

OR
01 10 111001001 5
12 21 111111111 a match 5
23 32 111111111 a match 5
34 43 101011011 6
45 54 101111110 7
56 65 011100111 6
67 76 110111001 6
70 07 110111001 6

02 20 110111111 8
13 31 111001011 6
24 42 110111111 8
35 53 001101111 6
46 64 110111011 7
57 75 101111110 7
60 06 110101001 5
71 17 111111001 7

03 30 111001011 6
14 41 111011011 7
25 52 111111111 a match 5
36 63 011101011 6
47 74 100111010 5
50 05 111101111 8 match 3
61 16 111101001 6
72 27 110111111 8

04 40 110011011 6
15 51 111101111 8 match 3
26 62 110111111 8
37 73 101111011 7

Matching output
0 absent
1 absent
2 absent
3 50 05 15 51
4 absent
5 12 21 23 32 25 52
6 absent
7 absent

Left
none
Best: none

Right
none
Best: none

XOR
01 10 001000000 1
12 21 001110110 5
23 32 111110100 6
34 43 101010001 4
45 54 101111100 6
56 65 011000111 5
67 76 110011001 5
70 07 010110001 4

02 20 000110110 4
13 31 110000010 3
24 42 010100101 4
35 53 000101101 4
46 64 110111011 7
57 75 101011110 6
60 06 100101000 3
71 17 011110001 5

03 30 111000010 4
14 41 011010011 5
25 52 111011001 6
36 63 011101010 5
47 74 000100010 2
50 05 111101111 8 match 3
61 16 101101000 4
72 27 010000111 4

04 40 010010011 4
15 51 110101111 7
26 62 100011110 5
37 73 101110011 6

Matching output
0 absent
1 absent
2 absent
3 50 05
4 absent
5 absent
6 absent
7 absent

Left
none
Best: none

Right
none
Best: none

AND-NOT
01 000000000 a
12 001000000 1
23 110110100 5
34 001000001 2
45 100011000 3
56 001000110 3
67 010000001 2
70 000110000 2

02 000000000 a
13 110000000 2
24 010100101 4
35 000001001 2
46 100011010 4
57 001000110 3
60 000100000 1
71 000110000 2

03 110000000 2
14 011000001 3
25 110011001 5
36 001001010 3
47 000000010 1
50 001100110 4
61 000100000 1
72 000000000 a

04 010000001 2
15 110001001 4
26 100011110 5
37 001000011 3
40 000010010 2
51 000100110 3
62 000000000 a
73 100110000 3

05 110001001 4
16 101001000 3
27 010000111 4
30 001000010 2
41 000010010 2
52 001000000 1
63 010100000 2
74 000100000 1

06 100001000 2
17 011000001 3
20 000110110 4
31 000000010 1
42 000000000 a
53 000100100 2
64 010100001 3
75 100011000 3

07 010000001 2
10 001000000 1
21 000110110 4
32 001000000 1
43 100010000 2
54 001100100 3
65 010000001 2
76 100011000 3

Matching output
0 absent
1 absent
2 absent
3 absent
4 absent
5 absent
6 absent
7 absent

Left
none
Best: none

Right
none
Best: none

OR-NOT
01 110111111 8
12 111001001 5
23 110111111 8
34 011101111 7
45 110011011 6
56 101111110 7
67 011100111 6
70 101111110 7

02 111001001 5
13 111111101 8
24 111111111 a match 5
35 111011011 7
46 101011110 6
57 011100111 6
60 011110111 7
71 100111110 6

03 110111101 7
14 111101101 7
25 110111111 8
36 101011111 7
47 111011111 8
50 001110110 5
61 010110111 6
72 101111000 5

04 111101101 7
15 111011001 6
26 111111111 a match 5
37 011001111 6
40 101111110 7
51 001110110 5
62 011100001 4
73 110111100 6

05 110011001 5
16 111011111 8
27 111111111 a match 5
30 001111111 7 match 6
41 100111110 6
52 001100110 4
63 110110101 6
74 111111101 8

06 111011111 8
17 111001111 7 match 4
20 111111111 a match 5
31 001111111 7 match 6
42 101011010 5 match 7
53 111110110 7
64 011100101 5
75 110111001 6

07 111001111 7 match 4
10 111111111 a match 5
21 110111111 8
32 001001011 4
43 110111110 7
54 011100111 6
65 110111001 6
76 101111110 7

Matching output
0 absent
1 absent
2 absent
3 absent
4 17 07
5 24 26 27 20 10
6 30 31
7 42

Left
none
Best: none

Right
42 31 20 17 06x
Best: OR-NOT42 31 20 17: 4

XOR-NOT
01 110111111 8
12 110001001 4
23 000001011 3
34 010101110 5 match 0
45 010000011 3 match 1
56 100111000 4 match 2
67 001100110 4
70 101001110 5

02 111001001 5
13 001111101 6
24 101011010 5 match 7
35 111010010 5
46 001000100 2
57 010100001 3
60 011010111 6
71 100001110 4

03 000111101 5
14 100101100 4
25 000100110 3
36 100010101 4
47 111011101 7
50 000010000 1
61 010010111 5
72 101111000 5

04 101101100 5
15 001010000 2
26 011100001 4
37 010001100 3
40 101101100 5
51 001010000 2
62 011100001 4
73 010001100 3

05 000010000 1
16 010010111 5
27 101111000 5
30 000111101 5
41 100101100 4
52 000100110 3
63 100010101 4
74 111011101 7

06 011010111 6
17 100001110 4
20 111001001 5
31 001111101 6
42 101011010 5 match 7
53 111010010 5
64 001000100 2
75 010100001 3

07 101001110 5
10 110111111 8
21 110001001 4
32 000001011 3
43 010101110 5 match 0
54 010000011 3 match 1
65 100111000 4 match 2
76 001100110 4

Matching output
0 34 43
1 45 54
2 56 65
3 absent
4 absent
5 absent
6 absent
7 24 42

Left
34 45 56 67x
43 54 65 76x
Best: XOR-NOT34 45 56: 3

Right
24 13x
42 31x
Best: XOR-NOT24: 1

Selecting

Lefts
Identity none
NOT none
Constant none
AND none
OR none
XOR none
AND-NOT none
OR-NOT none
XOR-NOT XOR-NOT34 45 56: 3

Rights
Identity none
NOT none
Constant none
AND none
OR none
XOR none
AND-NOT none
OR-NOT OR-NOT42 31 20 17: 4
XOR-NOT XOR-NOT24: 1

Left longest: 3
Right longest: 4

Right winner: Identity no, NOT no, Constant no, AND no, OR no, XOR no, AND-NOT no, OR-NOT yes, XOR-NOT no
Left winner: Identity no, NOT no, Constant no, AND no, OR no, XOR no, AND-NOT no, OR-NOT no, XOR-NOT yes

Best right: OR-NOT42 31 20 17: 4
Best left: XOR-NOT34 45 56: 3

Truncated right: OR-NOT42 31 20 17: 4
Truncated left: XOR-NOT34 45 56: 3

Tentative from right
7 OR-NOT42
6 OR-NOT31
5 OR-NOT20
4 OR-NOT17
3 pending
2 pending
1 pending
0 pending

Tentative
0 XOR-NOT34
1 XOR-NOT45
2 XOR-NOT56
3 pending
4 OR-NOT17
5 OR-NOT20
6 OR-NOT31
7 OR-NOT42

Preferred from right
7 OR-NOT42
6 OR-NOT31
5 OR-NOT20
4 OR-NOT17
3 ?06
2 XOR-NOT56
1 XOR-NOT45
0 XOR-NOT34

Preferred from left
0 XOR-NOT34
1 XOR-NOT45
2 XOR-NOT56
3 ?06
4 OR-NOT17
5 OR-NOT20
6 OR-NOT31
7 OR-NOT42

Preferred
0 XOR-NOT34
1 XOR-NOT45
2 XOR-NOT56
3 ?06 ?60
4 OR-NOT17
5 OR-NOT20
6 OR-NOT31
7 OR-NOT42

Matching
0 XOR-NOT34
1 XOR-NOT45
2 XOR-NOT56
3 ?06 ?60 - Identity absent, NOT absent, Constant absent, AND absent, OR absent, XOR absent, AND-NOT absent, OR-NOT absent, XOR-NOT absent
4 OR-NOT17
5 OR-NOT20
6 OR-NOT31
7 OR-NOT42

Perfect match
Identity no
NOT no
Constant no
AND no
OR no
XOR no
AND-NOT no
OR-NOT no
XOR-NOT no

Matched
0 XOR-NOT34
1 XOR-NOT45
2 XOR-NOT56
3 none
4 OR-NOT17
5 OR-NOT20
6 OR-NOT31
7 OR-NOT42

Selected
0 XOR-NOT34
1 XOR-NOT45
2 XOR-NOT56
3 default 1
4 OR-NOT17
5 OR-NOT20
6 OR-NOT31
7 OR-NOT42

Applying to 11011010
Input
0 1
1 1
2 0
3 1
4 1
5 0
6 1
7 0
Output
0 XOR-NOT34 = XOR(1,NOT(1)) = 1
1 XOR-NOT45 = XOR(1,NOT(0)) = 0
2 XOR-NOT56 = XOR(0,NOT(1)) = 0
3 default 1 = 1
4 OR-NOT17 = OR(1,NOT(0)) = 1
5 OR-NOT20 = OR(0,NOT(1)) = 0
6 OR-NOT31 = OR(1,NOT(1)) = 1
7 OR-NOT42 = OR(1,NOT(0)) = 1

I will now return the answer in \boxed{}
The answer in \boxed{–} is \boxed{10011011}
[correct]
true
