[category]
bit_manipulation
[prompt]
In Alice's Wonderland, a secret bit manipulation rule transforms 8-bit binary numbers. The transformation involves operations like bit shifts, rotations, XOR, AND, OR, NOT, and possibly majority or choice functions.

Here are some examples of input -> output:
00000100 -> 00100000
01101110 -> 00010011
01111011 -> 01001011
01111001 -> 01001011
01000001 -> 00001010
11011100 -> 00100110
00010000 -> 10000000
10101101 -> 00101101

Now, determine the output for: 01011010
[completion]
We need to deduce the transformation by matching the example outputs.
I will put my final answer inside \boxed{}.

Output 0: 00100000
0 0
1 0
2 1
3 0
4 0
5 0
6 0
7 0

Output 1: 00010011
0 0
1 0
2 0
3 1
4 0
5 0
6 1
7 1

Output 2: 01001011
0 0
1 1
2 0
3 0
4 1
5 0
6 1
7 1

Output 3: 01001011
0 0
1 1
2 0
3 0
4 1
5 0
6 1
7 1

Output 4: 00001010
0 0
1 0
2 0
3 0
4 1
5 0
6 1
7 0

Output 5: 00100110
0 0
1 0
2 1
3 0
4 0
5 1
6 1
7 0

Output 6: 10000000
0 1
1 0
2 0
3 0
4 0
5 0
6 0
7 0

Output 7: 00101101
0 0
1 0
2 1
3 0
4 1
5 1
6 0
7 1

Output bit columns (with bitsum as hash)
0 00000010 1
1 00110000 2
2 10000101 3
3 01000000 1
4 00111001 4
5 00000101 2
6 01111100 5
7 01110001 4

Input 0: 00000100
0 0
1 0
2 0
3 0
4 0
5 1
6 0
7 0

Input 1: 01101110
0 0
1 1
2 1
3 0
4 1
5 1
6 1
7 0

Input 2: 01111011
0 0
1 1
2 1
3 1
4 1
5 0
6 1
7 1

Input 3: 01111001
0 0
1 1
2 1
3 1
4 1
5 0
6 0
7 1

Input 4: 01000001
0 0
1 1
2 0
3 0
4 0
5 0
6 0
7 1

Input 5: 11011100
0 1
1 1
2 0
3 1
4 1
5 1
6 0
7 0

Input 6: 00010000
0 0
1 0
2 0
3 1
4 0
5 0
6 0
7 0

Input 7: 10101101
0 1
1 0
2 1
3 0
4 1
5 1
6 0
7 1

When matching output
x: not in operator
y: wrong position

Identity
0 00000101 2 match 5
1 01111100 5 match 6
2 01110001 4 match 7
3 00110110 4
4 01110101 5
5 11000101 4
6 01100000 2
7 00111001 4 match 4

Matching output
0 absent
1 absent
2 absent
3 absent
4 7
5 0
6 1
7 2

Left
none
Best: none

Right
2 1 0 7 6x
Best: I2 1 0 7: 4

NOT
0 11111010 6
1 10000011 3
2 10001110 4
3 11001001 4
4 10001010 3
5 00111010 4
6 10011111 6
7 11000110 4

Matching output
0 absent
1 absent
2 absent
3 absent
4 absent
5 absent
6 absent
7 absent

Left
none
Best: none

Right
none
Best: none

Constant
0 00000000 a
1 11111111 a

Matching output
0 absent
1 absent
2 absent
3 absent
4 absent
5 absent
6 absent
7 absent

Left
none
Best: none

Right
none
Best: none

AND
01 10 00000100 1
12 21 01110000 3
23 32 00110000 2 match 1
34 43 00110100 3
45 54 01000101 3
56 65 01000000 1 match 3
67 76 00100000 1
70 07 00000001 1

02 20 00000001 1
13 31 00110100 3
24 42 01110001 4 match 7
35 53 00000100 1
46 64 01100000 2
57 75 00000001 1
60 06 00000000 a
71 17 00111000 3

03 30 00000100 1
14 41 01110100 4
25 52 01000001 2
36 63 00100000 1
47 74 00110001 3
50 05 00000101 2 match 5
61 16 01100000 2
72 27 00110001 3

04 40 00000101 2 match 5
15 51 01000100 2
26 62 01100000 2
37 73 00110000 2 match 1

Matching output
0 absent
1 23 32 37 73
2 absent
3 56 65
4 absent
5 50 05 04 40
6 absent
7 24 42

Left
none
Best: none

Right
24 13x
42 31x
Best: AND24: 1

OR
01 10 01111101 6
12 21 01111101 6
23 32 01110111 6
34 43 01110111 6
45 54 11110101 6
56 65 11100101 5
67 76 01111001 5
70 07 00111101 5

02 20 01110101 5
13 31 01111110 6
24 42 01110101 5
35 53 11110111 7
46 64 01110101 5
57 75 11111101 7
60 06 01100101 4
71 17 01111101 6

03 30 00110111 5
14 41 01111101 6
25 52 11110101 6
36 63 01110110 5
47 74 01111101 6
50 05 11000101 4
61 16 01111100 5 match 6
72 27 01111001 5

04 40 01110101 5
15 51 11111101 7
26 62 01110001 4 match 7
37 73 00111111 6

Matching output
0 absent
1 absent
2 absent
3 absent
4 absent
5 absent
6 61 16
7 26 62

Left
none
Best: none

Right
26 15x
62 51x
Best: OR26: 1

XOR
01 10 01111001 5
12 21 00001101 3
23 32 01000111 4
34 43 01000011 3
45 54 10110000 3
56 65 10100101 4
67 76 01011001 4
70 07 00111100 4

02 20 01110100 4
13 31 01001010 3
24 42 00000100 1
35 53 11110011 6
46 64 00010101 3
57 75 11111100 6
60 06 01100101 4
71 17 01000101 3

03 30 00110011 4
14 41 00001001 2
25 52 10110100 4
36 63 01010110 4
47 74 01001100 3
50 05 11000000 2
61 16 00011100 3
72 27 01001000 2

04 40 01110000 3
15 51 10111001 5
26 62 00010001 2
37 73 00001111 4

Matching output
0 absent
1 absent
2 absent
3 absent
4 absent
5 absent
6 absent
7 absent

Left
none
Best: none

Right
none
Best: none

AND-NOT
01 00000001 1
12 00001100 2
23 01000001 2
34 00000010 1 match 0
45 00110000 2 match 1
56 10000101 3 match 2
67 01000000 1 match 3
70 00111000 3

02 00000100 1
13 01001000 2
24 00000000 a
35 00110010 3
46 00010101 3
57 11000100 3
60 01100000 2
71 00000001 1

03 00000001 1
14 00001000 1
25 00110000 2 match 1
36 00010110 3
47 01000100 2
50 11000000 2
61 00000000 a
72 00001000 1

04 00000000 a
15 00111000 3
26 00010001 2
37 00000110 2
40 01110000 3
51 10000001 2
62 00000000 a
73 00001001 2

05 00000000 a
16 00011100 3
27 01000000 1 match 3
30 00110010 3
41 00000001 1
52 10000100 2
63 01000000 1 match 3
74 00001000 1

06 00000101 2 match 5
17 01000100 2
20 01110000 3
31 00000010 1 match 0
42 00000100 1
53 11000001 3
64 00000000 a
75 00111000 3

07 00000100 1
10 01111000 4
21 00000001 1
32 00000110 2
43 01000001 2
54 10000000 1
65 00100000 1
76 00011001 3

Matching output
0 34 31
1 45 25
2 56
3 67 27 63
4 absent
5 06
6 absent
7 absent

Left
34 45 56 67 70x
31 42x
Best: AND-NOT34 45 56 67: 4

Right
none
Best: none

OR-NOT
01 10000111 4
12 11111110 7
23 11111001 6
34 10111110 6
45 01111111 7
56 11011111 7
67 11100110 5
70 11111011 7

02 10001111 5
13 11111101 7
24 11111011 7
35 00111110 5
46 11111111 a
57 11000111 5
60 11111010 6
71 10111011 6

03 11001101 5
14 11111110 7
25 01111011 6
36 10111111 7
47 11110111 7
50 11111111 a
61 11100011 5
72 10111111 7

04 10001111 5
15 01111110 6
26 11111111 a
37 11110110 6
40 11111111 a
51 11000111 5
62 11101110 6
73 11111001 6

05 00111111 6
16 11111111 a
27 11110111 7
30 11111110 7
41 11110111 7
52 11001111 6
63 11101001 5
74 10111011 6

06 10011111 6
17 11111110 7
20 11111011 7
31 10110111 6
42 11111111 a
53 11001101 5
64 11101010 5
75 00111011 5

07 11000111 5
10 11111110 7
21 11110011 6
32 10111110 6
43 11111101 7
54 11001111 6
65 01111010 5
76 10111111 7

Matching output
0 absent
1 absent
2 absent
3 absent
4 absent
5 absent
6 absent
7 absent

Left
none
Best: none

Right
none
Best: none

XOR-NOT
01 10000110 3
12 11110010 5
23 10111000 4
34 10111100 5
45 01001111 5
56 01011010 4
67 10100110 4
70 11000011 4

02 10001011 4
13 10110101 5
24 11111011 7
35 00001100 2
46 11101010 5
57 00000011 2
60 10011010 4
71 10111010 5

03 11001100 4
14 11110110 6
25 01001011 4
36 10101001 4
47 10110011 5
50 00111111 6
61 11100011 5
72 10110111 6

04 10001111 5
15 01000110 3
26 11101110 6
37 11110000 4
40 10001111 5
51 01000110 3
62 11101110 6
73 11110000 4

05 00111111 6
16 11100011 5
27 10110111 6
30 11001100 4
41 11110110 6
52 01001011 4
63 10101001 4
74 10110011 5

06 10011010 4
17 10111010 5
20 10001011 4
31 10110101 5
42 11111011 7
53 00001100 2
64 11101010 5
75 00000011 2

07 11000011 4
10 10000110 3
21 11110010 5
32 10111000 4
43 10111100 5
54 01001111 5
65 01011010 4
76 10100110 4

Matching output
0 absent
1 absent
2 absent
3 absent
4 absent
5 absent
6 absent
7 absent

Left
none
Best: none

Right
none
Best: none

Selecting

Lefts
Identity none
NOT none
Constant none
AND none
OR none
XOR none
AND-NOT AND-NOT34 45 56 67: 4
OR-NOT none
XOR-NOT none

Rights
Identity I2 1 0 7: 4
NOT none
Constant none
AND AND24: 1
OR OR26: 1
XOR none
AND-NOT none
OR-NOT none
XOR-NOT none

Left longest: 4
Right longest: 4

Left winner: Identity no, NOT no, Constant no, AND no, OR no, XOR no, AND-NOT yes, OR-NOT no, XOR-NOT no
Right winner: Identity yes, NOT no, Constant no, AND no, OR no, XOR no, AND-NOT no, OR-NOT no, XOR-NOT no

Best left: AND-NOT34 45 56 67: 4
Best right: I2 1 0 7: 4

Truncated left: AND-NOT34 45 56 67: 4
Truncated right: I2 1 0 7: 4

Tentative from right
7 I2
6 I1
5 I0
4 I7
3 pending
2 pending
1 pending
0 pending

Tentative
0 AND-NOT34
1 AND-NOT45
2 AND-NOT56
3 AND-NOT67
4 I7
5 I0
6 I1
7 I2

Preferred from left
0 AND-NOT34
1 AND-NOT45
2 AND-NOT56
3 AND-NOT67
4 I7
5 I0
6 I1
7 I2

Preferred from right
7 I2
6 I1
5 I0
4 I7
3 AND-NOT67
2 AND-NOT56
1 AND-NOT45
0 AND-NOT34

Preferred
0 AND-NOT34
1 AND-NOT45
2 AND-NOT56
3 AND-NOT67
4 I7
5 I0
6 I1
7 I2

Matching
0 AND-NOT34
1 AND-NOT45
2 AND-NOT56
3 AND-NOT67
4 I7
5 I0
6 I1
7 I2

Perfect match
Identity no
NOT no
Constant no
AND no
OR no
XOR no
AND-NOT no
OR-NOT no
XOR-NOT no

Matched
0 AND-NOT34
1 AND-NOT45
2 AND-NOT56
3 AND-NOT67
4 I7
5 I0
6 I1
7 I2

Selected
0 AND-NOT34
1 AND-NOT45
2 AND-NOT56
3 AND-NOT67
4 I7
5 I0
6 I1
7 I2

Applying to 01011010
Input
0 0
1 1
2 0
3 1
4 1
5 0
6 1
7 0
Output
0 AND-NOT34 = AND(1,NOT(1)) = 0
1 AND-NOT45 = AND(1,NOT(0)) = 1
2 AND-NOT56 = AND(0,NOT(1)) = 0
3 AND-NOT67 = AND(1,NOT(0)) = 1
4 I7 = 0
5 I0 = 0
6 I1 = 1
7 I2 = 0

I will now return the answer in \boxed{}
The answer in \boxed{–} is \boxed{01010010}
[correct]
true
