[category]
bit_manipulation
[prompt]
In Alice's Wonderland, a secret bit manipulation rule transforms 8-bit binary numbers. The transformation involves operations like bit shifts, rotations, XOR, AND, OR, NOT, and possibly majority or choice functions.

Here are some examples of input -> output:
00011011 -> 11011110
00100100 -> 00101001
11101100 -> 01011011
00010110 -> 10110101
00101001 -> 01000010
01110100 -> 10111101
00010000 -> 10000100
10111001 -> 11100110
11100001 -> 00110000
01000101 -> 00111001

Now, determine the output for: 01100110
[completion]
We need to deduce the transformation by matching the example outputs.
I will put my final answer inside \boxed{}.

Output 0: 11011110
0 1
1 1
2 0
3 1
4 1
5 1
6 1
7 0

Output 1: 00101001
0 0
1 0
2 1
3 0
4 1
5 0
6 0
7 1

Output 2: 01011011
0 0
1 1
2 0
3 1
4 1
5 0
6 1
7 1

Output 3: 10110101
0 1
1 0
2 1
3 1
4 0
5 1
6 0
7 1

Output 4: 01000010
0 0
1 1
2 0
3 0
4 0
5 0
6 1
7 0

Output 5: 10111101
0 1
1 0
2 1
3 1
4 1
5 1
6 0
7 1

Output 6: 10000100
0 1
1 0
2 0
3 0
4 0
5 1
6 0
7 0

Output 7: 11100110
0 1
1 1
2 1
3 0
4 0
5 1
6 1
7 0

Output 8: 00110000
0 0
1 0
2 1
3 1
4 0
5 0
6 0
7 0

Output 9: 00111001
0 0
1 0
2 1
3 1
4 1
5 0
6 0
7 1

Output bit columns (with bitsum as hash)
0 1001011100 5
1 1010100100 4
2 0101010111 6
3 1011010011 6
4 1110010001 5
5 1001011100 5
6 1010100100 4
7 0111010001 5

Input 0: 00011011
0 0
1 0
2 0
3 1
4 1
5 0
6 1
7 1

Input 1: 00100100
0 0
1 0
2 1
3 0
4 0
5 1
6 0
7 0

Input 2: 11101100
0 1
1 1
2 1
3 0
4 1
5 1
6 0
7 0

Input 3: 00010110
0 0
1 0
2 0
3 1
4 0
5 1
6 1
7 0

Input 4: 00101001
0 0
1 0
2 1
3 0
4 1
5 0
6 0
7 1

Input 5: 01110100
0 0
1 1
2 1
3 1
4 0
5 1
6 0
7 0

Input 6: 00010000
0 0
1 0
2 0
3 1
4 0
5 0
6 0
7 0

Input 7: 10111001
0 1
1 0
2 1
3 1
4 1
5 0
6 0
7 1

Input 8: 11100001
0 1
1 1
2 1
3 0
4 0
5 0
6 0
7 1

Input 9: 01000101
0 0
1 1
2 0
3 0
4 0
5 1
6 0
7 1

When matching output
x: not in operator
y: wrong position

Identity
0 0010000110 3
1 0010010011 4
2 0110110110 6
3 1001011100 5 match 0 5
4 1010100100 4 match 1 6
5 0111010001 5 match 7
6 1001000000 2
7 1000100111 5

Matching output
0 3
1 4
2 absent
3 absent
4 absent
5 3
6 4
7 5

Left
3 4 5y
Best: I3 4: 2

Right
5 4 3 2x
Best: I5 4 3: 3

NOT
0 1101111001 7
1 1101101100 6
2 1001001001 4
3 0110100011 5
4 0101011011 6
5 1000101110 5
6 0110111111 8
7 0111011000 5

Matching output
0 absent
1 absent
2 absent
3 absent
4 absent
5 absent
6 absent
7 absent

Left
none
Best: none

Right
none
Best: none

Constant
0 0000000000 a
1 1111111111 a

Matching output
0 absent
1 absent
2 absent
3 absent
4 absent
5 absent
6 absent
7 absent

Left
none
Best: none

Right
none
Best: none

AND
01 10 0010000010 2
12 21 0010010010 3
23 32 0000010100 2
34 43 1000000100 2
45 54 0010000000 1
56 65 0001000000 1
67 76 1000000000 1
70 07 0000000110 2

02 20 0010000110 3
13 31 0000010000 1
24 42 0010100100 3
35 53 0001010000 2
46 64 1000000000 1
57 75 0000000001 1
60 06 0000000000 a
71 17 0000000011 2

03 30 0000000100 1
14 41 0010000000 1
25 52 0110010000 3
36 63 1001000000 2
47 74 1000100100 3
50 05 0010000000 1
61 16 0000000000 a
72 27 0000100110 3

04 40 0010000100 2
15 51 0010010001 3
26 62 0000000000 a
37 73 1000000100 2

Matching output
0 absent
1 absent
2 absent
3 absent
4 absent
5 absent
6 absent
7 absent

Left
none
Best: none

Right
none
Best: none

OR
01 10 0010010111 5
12 21 0110110111 7
23 32 1111111110 9
34 43 1011111100 7
45 54 1111110101 8
56 65 1111010001 6
67 76 1001100111 6
70 07 1010100111 6

02 20 0110110110 6
13 31 1011011111 8
24 42 1110110110 7
35 53 1111011101 8
46 64 1011100100 5
57 75 1111110111 9
60 06 1011000110 5
71 17 1010110111 7

03 30 1011011110 7
14 41 1010110111 7
25 52 0111110111 8
36 63 1001011100 5 match 0 5
47 74 1010100111 6
50 05 0111010111 7
61 16 1011010011 6 match 3
72 27 1110110111 8

04 40 1010100110 5
15 51 0111010011 6
26 62 1111110110 8
37 73 1001111111 8

Matching output
0 36 63
1 absent
2 absent
3 61 16
4 absent
5 36 63
6 absent
7 absent

Left
36 47x
63 74x
Best: OR36: 1

Right
none
Best: none

XOR
01 10 0000010101 3
12 21 0100100101 4
23 32 1111101010 7
34 43 0011111000 5
45 54 1101110101 7
56 65 1110010001 5 match 4
67 76 0001100111 5
70 07 1010100001 4

02 20 0100110000 3
13 31 1011001111 7
24 42 1100010010 4
35 53 1110001101 6
46 64 0011100100 4
57 75 1111110110 8
60 06 1011000110 5
71 17 1010110100 5

03 30 1011011010 6
14 41 1000110111 6
25 52 0001100111 5
36 63 0000011100 3
47 74 0010000011 3
50 05 0101010111 6 match 2
61 16 1011010011 6 match 3
72 27 1110010001 5 match 4

04 40 1000100010 3
15 51 0101000010 3
26 62 1111110110 8
37 73 0001111011 6

Matching output
0 absent
1 absent
2 50 05
3 61 16
4 56 65 72 27
5 absent
6 absent
7 absent

Left
none
Best: none

Right
none
Best: none

AND-NOT
01 0000000100 1
12 0000000001 1
23 0110100010 4
34 0001011000 3
45 1000100100 3
56 0110010001 4
67 0001000000 1
70 1000100001 3

02 0000000000 a
13 0010000011 3
24 0100010010 3
35 1000001100 3
46 0010100100 3
57 0111010000 4
60 1001000000 2
71 1000100100 3

03 0010000010 2
14 0000010011 3
25 0000100110 3
36 0000011100 3
47 0010000000 1
50 0101010001 4
61 1001000000 2
72 1000000001 2

04 0000000010 1
15 0000000010 1
26 0110110110 6
37 0001011000 3
40 1000100000 2
51 0101000000 2
62 1001000000 2
73 0000100011 3

05 0000000110 2
16 0010010011 4
27 0110010000 3
30 1001011000 4
41 1000100100 3
52 0001000001 2
63 0000000000 a
74 0000000011 2

06 0010000110 3
17 0010010000 2
20 0100110000 3
31 1001001100 4
42 1000000000 1
53 0110000001 3
64 0001000000 1
75 1000100110 4

07 0010000000 1
10 0000010001 2
21 0100100100 3
32 1001001000 3
43 0010100000 2
54 0101010001 4
65 1000000000 1
76 0000100111 4

Matching output
0 absent
1 absent
2 absent
3 absent
4 absent
5 absent
6 absent
7 absent

Left
none
Best: none

Right
none
Best: none

OR-NOT
01 1111101110 8
12 1011011011 7
23 0110110111 7
34 1101011111 8
45 1010101110 6
56 0111111111 9
67 1111011000 6
70 1101111111 9

02 1011001111 7
13 0110110011 6
24 0111111111 9
35 1001111110 7
46 1110111111 9
57 0111011001 6
60 1101111001 7
71 1101101111 8

03 0110100111 6
14 0111011011 7
25 1110111110 8
36 1111111111 a
47 1111111100 8
50 1111111001 8
61 1101101100 6
72 1001101111 7

04 0111011111 8
15 1010111111 8
26 0110111111 8
37 1111011100 7
40 1111111101 9
51 1111111101 9
62 1001001001 4
73 1110100111 7

05 1010101110 6
16 0110111111 8
27 0111111110 8
30 1101111101 8
41 1111101100 7
52 1111011001 7
63 1111100011 7
74 1101111111 9

06 0110111111 8
17 0111011011 7
20 1111111111 a
31 1101111100 7
42 1011101101 7
53 0111110011 7
64 1101011011 7
75 1000101111 6

07 0111011110 7
10 1111111011 9
21 1111111110 9
32 1001011101 6
43 1110100111 7
54 0111011011 7
65 1001101110 6
76 1110111111 9

Matching output
0 absent
1 absent
2 absent
3 absent
4 absent
5 absent
6 absent
7 absent

Left
none
Best: none

Right
none
Best: none

XOR-NOT
01 1111101010 7
12 1011011010 6
23 0000010101 3
34 1100000111 5
45 0010001010 3
56 0001101110 5
67 1110011000 5
70 0101011110 6

02 1011001111 7
13 0100110000 3
24 0011101101 6
35 0001110010 4
46 1100011011 6
57 0000001001 2
60 0100111001 5
71 0101001011 5

03 0100100101 4
14 0111001000 4
25 1110011000 5
36 1111100011 7
47 1101111100 7
50 1010101000 4
61 0100101100 4
72 0001101110 5

04 0111011101 7
15 1010111101 7
26 0000001001 2
37 1110000100 4
40 0111011101 7
51 1010111101 7
62 0000001001 2
73 1110000100 4

05 1010101000 4
16 0100101100 4
27 0001101110 5
30 0100100101 4
41 0111001000 4
52 1110011000 5
63 1111100011 7
74 1101111100 7

06 0100111001 5
17 0101001011 5
20 1011001111 7
31 0100110000 3
42 0011101101 6
53 0001110010 4
64 1100011011 6
75 0000001001 2

07 0101011110 6
10 1111101010 7
21 1011011010 6
32 0000010101 3
43 1100000111 5
54 0010001010 3
65 0001101110 5
76 1110011000 5

Matching output
0 absent
1 absent
2 absent
3 absent
4 absent
5 absent
6 absent
7 absent

Left
none
Best: none

Right
none
Best: none

Selecting

Lefts
Identity I3 4: 2
NOT none
Constant none
AND none
OR OR36: 1
XOR none
AND-NOT none
OR-NOT none
XOR-NOT none

Rights
Identity I5 4 3: 3
NOT none
Constant none
AND none
OR none
XOR none
AND-NOT none
OR-NOT none
XOR-NOT none

Left longest: 2
Right longest: 3

Right winner: Identity yes, NOT no, Constant no, AND no, OR no, XOR no, AND-NOT no, OR-NOT no, XOR-NOT no
Left winner: Identity yes, NOT no, Constant no, AND no, OR no, XOR no, AND-NOT no, OR-NOT no, XOR-NOT no

Best right: I5 4 3: 3
Best left: I3 4: 2

Truncated right: I5 4 3: 3
Truncated left: I3 4: 2

Tentative from right
7 I5
6 I4
5 I3
4 pending
3 pending
2 pending
1 pending
0 pending

Tentative
0 I3
1 I4
2 pending
3 pending
4 pending
5 I3
6 I4
7 I5

Preferred from right
7 I5
6 I4
5 I3
4 ??2
3 ??1
2 ??0
1 I4
0 I3

Preferred from left
0 I3
1 I4
2 ?50
3 ?61
4 ?72
5 I3
6 I4
7 I5

Preferred
0 I3
1 I4
2 ?50 ?05
3 ?61 ?16
4 ?72 ?27
5 I3
6 I4
7 I5

Matching
0 I3
1 I4
2 ?50 ?05 - Identity absent, NOT absent, Constant absent, AND absent, OR absent, XOR50, AND-NOT absent, OR-NOT absent, XOR-NOT absent
3 ?61 ?16 - Identity absent, NOT absent, Constant absent, AND absent, OR61, XOR61, AND-NOT absent, OR-NOT absent, XOR-NOT absent
4 ?72 ?27 - Identity absent, NOT absent, Constant absent, AND absent, OR absent, XOR72, AND-NOT absent, OR-NOT absent, XOR-NOT absent
5 I3
6 I4
7 I5

Perfect match
Identity no
NOT no
Constant no
AND no
OR no
XOR yes
AND-NOT no
OR-NOT no
XOR-NOT no

Matched
0 I3
1 I4
2 XOR50
3 XOR61
4 XOR72
5 I3
6 I4
7 I5

Selected
0 I3
1 I4
2 XOR50
3 XOR61
4 XOR72
5 I3
6 I4
7 I5

Applying to 01100110
Input
0 0
1 1
2 1
3 0
4 0
5 1
6 1
7 0
Output
0 I3 = 0
1 I4 = 0
2 XOR50 = XOR(1,0) = 1
3 XOR61 = XOR(1,1) = 0
4 XOR72 = XOR(0,1) = 1
5 I3 = 0
6 I4 = 0
7 I5 = 1

I will now return the answer in \boxed{}
The answer in \boxed{–} is \boxed{00101001}
[correct]
true
