[category]
bit_manipulation
[prompt]
In Alice's Wonderland, a secret bit manipulation rule transforms 8-bit binary numbers. The transformation involves operations like bit shifts, rotations, XOR, AND, OR, NOT, and possibly majority or choice functions.

Here are some examples of input -> output:
01100010 -> 00111011
10010111 -> 01110101
11101010 -> 00111010
11001010 -> 01111010
00000110 -> 11110011
01100111 -> 10111001
00101000 -> 10101111
10100011 -> 00111000
00010100 -> 11010111

Now, determine the output for: 10110010
[completion]
We need to deduce the transformation by matching the example outputs.
I will put my final answer inside \boxed{}.

Output 0: 00111011
0 0
1 0
2 1
3 1
4 1
5 0
6 1
7 1

Output 1: 01110101
0 0
1 1
2 1
3 1
4 0
5 1
6 0
7 1

Output 2: 00111010
0 0
1 0
2 1
3 1
4 1
5 0
6 1
7 0

Output 3: 01111010
0 0
1 1
2 1
3 1
4 1
5 0
6 1
7 0

Output 4: 11110011
0 1
1 1
2 1
3 1
4 0
5 0
6 1
7 1

Output 5: 10111001
0 1
1 0
2 1
3 1
4 1
5 0
6 0
7 1

Output 6: 10101111
0 1
1 0
2 1
3 0
4 1
5 1
6 1
7 1

Output 7: 00111000
0 0
1 0
2 1
3 1
4 1
5 0
6 0
7 0

Output 8: 11010111
0 1
1 1
2 0
3 1
4 0
5 1
6 1
7 1

Output bit columns (with bitsum as hash)
0 000011101 4
1 010110001 4
2 111111110 8
3 111111011 8
4 101101110 6
5 010000101 3
6 101110101 6
7 110011101 6

Input 0: 01100010
0 0
1 1
2 1
3 0
4 0
5 0
6 1
7 0

Input 1: 10010111
0 1
1 0
2 0
3 1
4 0
5 1
6 1
7 1

Input 2: 11101010
0 1
1 1
2 1
3 0
4 1
5 0
6 1
7 0

Input 3: 11001010
0 1
1 1
2 0
3 0
4 1
5 0
6 1
7 0

Input 4: 00000110
0 0
1 0
2 0
3 0
4 0
5 1
6 1
7 0

Input 5: 01100111
0 0
1 1
2 1
3 0
4 0
5 1
6 1
7 1

Input 6: 00101000
0 0
1 0
2 1
3 0
4 1
5 0
6 0
7 0

Input 7: 10100011
0 1
1 0
2 1
3 0
4 0
5 0
6 1
7 1

Input 8: 00010100
0 0
1 0
2 0
3 1
4 0
5 1
6 0
7 0

When matching output
x: not in operator
y: wrong position

Identity
0 011100010 4
1 101101000 4
2 101001110 5
3 010000001 2
4 001100100 3
5 010011001 4
6 111111010 7
7 010001010 3

Matching output
0 absent
1 absent
2 absent
3 absent
4 absent
5 absent
6 absent
7 absent

Left
none
Best: none

Right
none
Best: none

NOT
0 100011101 5
1 010010111 5
2 010110001 4 match 1
3 101111110 7
4 110011011 6
5 101100110 5
6 000000101 2
7 101110101 6 match 6

Matching output
0 absent
1 2
2 absent
3 absent
4 absent
5 absent
6 7
7 absent

Left
none
Best: none

Right
none
Best: none

Constant
0 000000000 a
1 111111111 a

Matching output
0 absent
1 absent
2 absent
3 absent
4 absent
5 absent
6 absent
7 absent

Left
none
Best: none

Right
none
Best: none

AND
01 10 001100000 2
12 21 101001000 3
23 32 000000000 a
34 43 000000000 a
45 54 000000000 a
56 65 010011000 3
67 76 010001010 3
70 07 010000010 2

02 20 001000010 2
13 31 000000000 a
24 42 001000100 2
35 53 010000001 2
46 64 001100000 2
57 75 010001000 2
60 06 011100010 4
71 17 000001000 1

03 30 010000000 1
14 41 001100000 2
25 52 000001000 1
36 63 010000000 1
47 74 000000000 a
50 05 010000000 1
61 16 101101000 4
72 27 000001010 2

04 40 001100000 2
15 51 000001000 1
26 62 101001010 4
37 73 010000000 1

Matching output
0 absent
1 absent
2 absent
3 absent
4 absent
5 absent
6 absent
7 absent

Left
none
Best: none

Right
none
Best: none

OR
01 10 111101010 6
12 21 101101110 6 match 4
23 32 111001111 7
34 43 011100101 5
45 54 011111101 7
56 65 111111011 8 match 3
67 76 111111010 7
70 07 011101010 5

02 20 111101110 7
13 31 111101001 6
24 42 101101110 6 match 4
35 53 010011001 4
46 64 111111110 8 match 2
57 75 010011011 5
60 06 111111010 7
71 17 111101010 6

03 30 011100011 5
14 41 101101100 5
25 52 111011111 8
36 63 111111011 8 match 3
47 74 011101110 6
50 05 011111011 7
61 16 111111010 7
72 27 111001110 6

04 40 011100110 5
15 51 111111001 7
26 62 111111110 8 match 2
37 73 010001011 4

Matching output
0 absent
1 absent
2 46 64 26 62
3 56 65 36 63
4 12 21 24 42
5 absent
6 absent
7 absent

Left
none
Best: none

Right
none
Best: none

XOR
01 10 110001010 4
12 21 000100110 3
23 32 111001111 7
34 43 011100101 5
45 54 011111101 7
56 65 101100011 5
67 76 101110000 4
70 07 001101000 3

02 20 110101100 5
13 31 111101001 6
24 42 100101010 4
35 53 000011000 2
46 64 110011110 6
57 75 000010011 3
60 06 100011000 3
71 17 111100010 5

03 30 001100011 4
14 41 100001100 3
25 52 111010111 7
36 63 101111011 7
47 74 011101110 6
50 05 001111011 6
61 16 010010010 3
72 27 111000100 4

04 40 010000110 3
15 51 111110001 6
26 62 010110100 4
37 73 000001011 3

Matching output
0 absent
1 absent
2 absent
3 absent
4 absent
5 absent
6 absent
7 absent

Left
none
Best: none

Right
none
Best: none

AND-NOT
01 010000010 2
12 000100000 1
23 101001110 5
34 010000001 2
45 001100100 3
56 000000001 1
67 101110000 4
70 000001000 1

02 010100000 2
13 101101000 4
24 100001010 3
35 000000000 a
46 000000100 1
57 000010001 2
60 100011000 3
71 010000010 2

03 001100010 3
14 100001000 2
25 101000110 4
36 000000001 1
47 001100100 3
50 000011001 3
61 010010010 3
72 010000000 1

04 010000010 2
15 101100000 3
26 000000100 1
37 000000001 1
40 000000100 1
51 010010001 3
62 010110000 3
73 000001010 2

05 001100010 3
16 000000000 a
27 101000100 3
30 000000001 1
41 000000100 1
52 010010001 3
63 101111010 6
74 010001010 3

06 000000000 a
17 101100000 3
20 100001100 3
31 010000001 2
42 000100000 1
53 000011000 2
64 110011010 5
75 000000010 1

07 001100000 2
10 100001000 2
21 000000110 2
32 010000001 2
43 001100100 3
54 010011001 4
65 101100010 4
76 000000000 a

Matching output
0 absent
1 absent
2 absent
3 absent
4 absent
5 absent
6 absent
7 absent

Left
none
Best: none

Right
none
Best: none

OR-NOT
01 011110111 7
12 111111001 7
23 101111110 7
34 110011011 6
45 101100110 5
56 010011101 5
67 111111111 a
70 110011111 7

02 011110011 6
13 101111110 7
24 111011111 8
35 111100111 7
46 001100101 4
57 111111101 8
60 111111111 a
71 010011111 6

03 111111110 8 match 2
14 111111011 8 match 3
25 101101110 6 match 4
36 010000101 3 match 5
47 101110101 6 match 6
50 110011101 6 match 7
61 111111111 a
72 010111011 6

04 111111011 8 match 3
15 101101110 6 match 4
26 101001111 6
37 111110101 7
40 101111101 7
51 010011111 6
62 111111011 8 match 3
73 111111110 8 match 2

05 111100110 6
16 101101101 6
27 101111111 8
30 110011101 6 match 7
41 011110111 7
52 010111001 5
63 111111110 8 match 2
74 110011011 6

06 011100111 6
17 101111101 7
20 101011111 7
31 010010111 5
42 011110101 6
53 111111111 a
64 111111011 8 match 3
75 111101110 7

07 111110111 8
10 101111101 7
21 111011111 8
32 010110001 4 match 1
43 101111110 7
54 110011011 6
65 111111110 8 match 2
76 010001111 5

Matching output
0 absent
1 32
2 03 73 63 65
3 14 04 62 64
4 25 15
5 36
6 47
7 50 30

Left
none
Best: none

Right
50 47 36 25 14 03 72x
30 27x
Best: OR-NOT50 47 36 25 14 03: 6

XOR-NOT
01 001110101 5
12 111011001 6
23 000110000 2
34 100011010 4
45 100000010 2
56 010011100 4
67 010001111 5
70 110010111 6

02 001010011 4
13 000010110 3
24 011010101 5
35 111100111 7
46 001100001 3
57 111101100 6
60 011100111 6
71 000011101 4 match 0

03 110011100 5
14 011110011 6
25 000101000 2
36 010000100 2
47 100010001 3
50 110000100 3
61 101101101 6
72 000111011 5

04 101111001 6
15 000001110 3
26 101001011 5
37 111110100 6
40 101111001 6
51 000001110 3
62 101001011 5
73 111110100 6

05 110000100 3
16 101101101 6
27 000111011 5
30 110011100 5
41 011110011 6
52 000101000 2
63 010000100 2
74 100010001 3

06 011100111 6
17 000011101 4 match 0
20 001010011 4
31 000010110 3
42 011010101 5
53 111100111 7
64 001100001 3
75 111101100 6

07 110010111 6
10 001110101 5
21 111011001 6
32 000110000 2
43 100011010 4
54 100000010 2
65 010011100 4
76 010001111 5

Matching output
0 71 17
1 absent
2 absent
3 absent
4 absent
5 absent
6 absent
7 absent

Left
71 02x
17 20x
Best: XOR-NOT71: 1

Right
none
Best: none

Selecting

Lefts
Identity none
NOT none
Constant none
AND none
OR none
XOR none
AND-NOT none
OR-NOT none
XOR-NOT XOR-NOT71: 1

Rights
Identity none
NOT none
Constant none
AND none
OR none
XOR none
AND-NOT none
OR-NOT OR-NOT50 47 36 25 14 03: 6
XOR-NOT none

Left longest: 1
Right longest: 6

Right winner: Identity no, NOT no, Constant no, AND no, OR no, XOR no, AND-NOT no, OR-NOT yes, XOR-NOT no
Left winner: Identity no, NOT no, Constant no, AND no, OR no, XOR no, AND-NOT no, OR-NOT no, XOR-NOT yes

Best right: OR-NOT50 47 36 25 14 03: 6
Best left: XOR-NOT71: 1

Truncated right: OR-NOT50 47 36 25 14 03: 6
Truncated left: XOR-NOT71: 1

Tentative from right
7 OR-NOT50
6 OR-NOT47
5 OR-NOT36
4 OR-NOT25
3 OR-NOT14
2 OR-NOT03
1 pending
0 pending

Tentative
0 XOR-NOT71
1 pending
2 OR-NOT03
3 OR-NOT14
4 OR-NOT25
5 OR-NOT36
6 OR-NOT47
7 OR-NOT50

Preferred from right
7 OR-NOT50
6 OR-NOT47
5 OR-NOT36
4 OR-NOT25
3 OR-NOT14
2 OR-NOT03
1 ?72
0 XOR-NOT71

Preferred from left
0 XOR-NOT71
1 ?72
2 OR-NOT03
3 OR-NOT14
4 OR-NOT25
5 OR-NOT36
6 OR-NOT47
7 OR-NOT50

Preferred
0 XOR-NOT71
1 ?72 ?27
2 OR-NOT03
3 OR-NOT14
4 OR-NOT25
5 OR-NOT36
6 OR-NOT47
7 OR-NOT50

Matching
0 XOR-NOT71
1 ?72 ?27 - Identity absent, NOT NOT2, Constant absent, AND absent, OR absent, XOR absent, AND-NOT absent, OR-NOT absent, XOR-NOT absent
2 OR-NOT03
3 OR-NOT14
4 OR-NOT25
5 OR-NOT36
6 OR-NOT47
7 OR-NOT50

Perfect match
Identity no
NOT yes
Constant no
AND no
OR no
XOR no
AND-NOT no
OR-NOT no
XOR-NOT no

Matched
0 XOR-NOT71
1 NOT2
2 OR-NOT03
3 OR-NOT14
4 OR-NOT25
5 OR-NOT36
6 OR-NOT47
7 OR-NOT50

Selected
0 XOR-NOT71
1 NOT2
2 OR-NOT03
3 OR-NOT14
4 OR-NOT25
5 OR-NOT36
6 OR-NOT47
7 OR-NOT50

Applying to 10110010
Input
0 1
1 0
2 1
3 1
4 0
5 0
6 1
7 0
Output
0 XOR-NOT71 = XOR(0,NOT(0)) = 1
1 NOT2 = NOT(1) = 0
2 OR-NOT03 = OR(1,NOT(1)) = 1
3 OR-NOT14 = OR(0,NOT(0)) = 1
4 OR-NOT25 = OR(1,NOT(0)) = 1
5 OR-NOT36 = OR(1,NOT(1)) = 1
6 OR-NOT47 = OR(0,NOT(0)) = 1
7 OR-NOT50 = OR(0,NOT(1)) = 0

I will now return the answer in \boxed{}
The answer in \boxed{–} is \boxed{10111110}
[correct]
true
