[category]
bit_manipulation
[prompt]
In Alice's Wonderland, a secret bit manipulation rule transforms 8-bit binary numbers. The transformation involves operations like bit shifts, rotations, XOR, AND, OR, NOT, and possibly majority or choice functions.

Here are some examples of input -> output:
10000000 -> 11101111
00100000 -> 01111011
01100100 -> 11100011
11001100 -> 01010111
11001101 -> 01110011
00101011 -> 00110110
11110011 -> 01001111
10110010 -> 01100011
10100101 -> 11011111
01000011 -> 10011011

Now, determine the output for: 10100011
[completion]
We need to deduce the transformation by matching the example outputs.
I will put my final answer inside \boxed{}.

Output 0: 11101111
0 1
1 1
2 1
3 0
4 1
5 1
6 1
7 1

Output 1: 01111011
0 0
1 1
2 1
3 1
4 1
5 0
6 1
7 1

Output 2: 11100011
0 1
1 1
2 1
3 0
4 0
5 0
6 1
7 1

Output 3: 01010111
0 0
1 1
2 0
3 1
4 0
5 1
6 1
7 1

Output 4: 01110011
0 0
1 1
2 1
3 1
4 0
5 0
6 1
7 1

Output 5: 00110110
0 0
1 0
2 1
3 1
4 0
5 1
6 1
7 0

Output 6: 01001111
0 0
1 1
2 0
3 0
4 1
5 1
6 1
7 1

Output 7: 01100011
0 0
1 1
2 1
3 0
4 0
5 0
6 1
7 1

Output 8: 11011111
0 1
1 1
2 0
3 1
4 1
5 1
6 1
7 1

Output 9: 10011011
0 1
1 0
2 0
3 1
4 1
5 0
6 1
7 1

Output bit columns (with bitsum as hash)
0 1010000011 4
1 1111101110 8
2 1110110100 6
3 0101110011 6
4 1100001011 5
5 1001011010 5
6 1111111111 a
7 1111101111 9

Input 0: 10000000
0 1
1 0
2 0
3 0
4 0
5 0
6 0
7 0

Input 1: 00100000
0 0
1 0
2 1
3 0
4 0
5 0
6 0
7 0

Input 2: 01100100
0 0
1 1
2 1
3 0
4 0
5 1
6 0
7 0

Input 3: 11001100
0 1
1 1
2 0
3 0
4 1
5 1
6 0
7 0

Input 4: 11001101
0 1
1 1
2 0
3 0
4 1
5 1
6 0
7 1

Input 5: 00101011
0 0
1 0
2 1
3 0
4 1
5 0
6 1
7 1

Input 6: 11110011
0 1
1 1
2 1
3 1
4 0
5 0
6 1
7 1

Input 7: 10110010
0 1
1 0
2 1
3 1
4 0
5 0
6 1
7 0

Input 8: 10100101
0 1
1 0
2 1
3 0
4 0
5 1
6 0
7 1

Input 9: 01000011
0 0
1 1
2 0
3 0
4 0
5 0
6 1
7 1

When matching output
x: not in operator
y: wrong position

Identity
0 1001101110 6
1 0011101001 5
2 0110011110 6
3 0000001100 2
4 0001110000 3
5 0011100010 4
6 0000011101 4
7 0000111011 5

Matching output
0 absent
1 absent
2 absent
3 absent
4 absent
5 absent
6 absent
7 absent

Left
none
Best: none

Right
none
Best: none

NOT
0 0110010001 4
1 1100010110 5
2 1001100001 4
3 1111110011 8
4 1110001111 7
5 1100011101 6
6 1111100010 6
7 1111000100 5

Matching output
0 absent
1 absent
2 absent
3 absent
4 absent
5 absent
6 absent
7 absent

Left
none
Best: none

Right
none
Best: none

Constant
0 0000000000 a
1 1111111111 a match 6

Matching output
0 absent
1 absent
2 absent
3 absent
4 absent
5 absent
6 C1
7 absent

Left
none
Best: none

Right
none
Best: none

AND
01 10 0001101000 3
12 21 0010001000 2
23 32 0000001100 2
34 43 0000000000 a
45 54 0001100000 2
56 65 0000000000 a
67 76 0000011001 3
70 07 0000101010 3

02 20 0000001110 3
13 31 0000001000 1
24 42 0000010000 1
35 53 0000000000 a
46 64 0000010000 1
57 75 0000100010 2
60 06 0000001100 2
71 17 0000101001 3

03 30 0000001100 2
14 41 0001100000 2
25 52 0010000010 2
36 63 0000001100 2
47 74 0000110000 2
50 05 0001100010 3
61 16 0000001001 2
72 27 0000011010 3

04 40 0001100000 2
15 51 0011100000 3
26 62 0000011100 3
37 73 0000001000 1

Matching output
0 absent
1 absent
2 absent
3 absent
4 absent
5 absent
6 absent
7 absent

Left
none
Best: none

Right
none
Best: none

OR
01 10 1011101111 8
12 21 0111111111 9
23 32 0110011110 6
34 43 0001111100 5
45 54 0011110010 5
56 65 0011111111 8
67 76 0000111111 6
70 07 1001111111 8

02 20 1111111110 9
13 31 0011101101 6
24 42 0111111110 8
35 53 0011101110 6
46 64 0001111101 6
57 75 0011111011 7
60 06 1001111111 8
71 17 0011111011 7

03 30 1001101110 6
14 41 0011111001 6
25 52 0111111110 8
36 63 0000011101 4
47 74 0001111011 6
50 05 1011101110 7
61 16 0011111101 7
72 27 0110111111 8

04 40 1001111110 7
15 51 0011101011 6
26 62 0110011111 7
37 73 0000111111 6

Matching output
0 absent
1 absent
2 absent
3 absent
4 absent
5 absent
6 absent
7 absent

Left
none
Best: none

Right
none
Best: none

XOR
01 10 1010000111 5
12 21 0101110111 7
23 32 0110010010 4
34 43 0001111100 5
45 54 0010010010 3
56 65 0011111111 8
67 76 0000100110 3
70 07 1001010101 5

02 20 1111110000 6
13 31 0011100101 5
24 42 0111101110 7
35 53 0011101110 6
46 64 0001101101 5
57 75 0011011001 5
60 06 1001110011 6
71 17 0011010010 4

03 30 1001100010 4
14 41 0010011001 4
25 52 0101111100 6
36 63 0000010001 2
47 74 0001001011 4
50 05 1010001100 4
61 16 0011110100 5
72 27 0110100101 5

04 40 1000011110 5
15 51 0000001011 3
26 62 0110000011 4
37 73 0000110111 5

Matching output
0 absent
1 absent
2 absent
3 absent
4 absent
5 absent
6 absent
7 absent

Left
none
Best: none

Right
none
Best: none

AND-NOT
01 1000000110 3
12 0001100001 3
23 0110010010 4
34 0000001100 2
45 0000010000 1
56 0011100010 4
67 0000000100 1
70 0000010001 2

02 1001100000 3
13 0011100001 4
24 0110001110 5
35 0000001100 2
46 0001100000 2
57 0011000000 2
60 0000010001 2
71 0000010010 2

03 1001100010 4
14 0010001001 3
25 0100011100 4
36 0000000000 a
47 0001000000 1
50 0010000000 1
61 0000010100 2
72 0000100001 2

04 1000001110 4
15 0000001001 2
26 0110000010 3
37 0000000100 1
40 0000010000 1
51 0000000010 1
62 0000000001 1
73 0000110011 4

05 1000001100 3
16 0011100000 3
27 0110000100 3
30 0000000000 a
41 0000010000 1
52 0001100000 2
63 0000010001 2
74 0000001011 3

06 1001100010 4
17 0011000000 2
20 0110010000 3
31 0000000100 1
42 0001100000 2
53 0011100010 4
64 0000001101 3
75 0000011001 3

07 1001000100 3
10 0010000001 2
21 0100010110 4
32 0000000000 a
43 0001110000 3
54 0010000010 2
65 0000011101 4
76 0000100010 2

Matching output
0 absent
1 absent
2 absent
3 absent
4 absent
5 absent
6 absent
7 absent

Left
none
Best: none

Right
none
Best: none

OR-NOT
01 1101111110 8
12 1011101001 6
23 1111111111 a match 6
34 1110001111 7
45 1101111101 8
56 1111100010 6
67 1111011101 8
70 0110111011 7

02 1001101111 7
13 1111111011 9
24 1110011111 8
35 1100011101 6
46 1111110010 7
57 1111100110 7
60 0110011101 6
71 1100111111 8

03 1111111111 a match 6
14 1111101111 9 match 7
25 1110011111 8
36 1111101110 8 match 1
47 1111110100 7
50 0111110011 7
61 1100011111 7
72 1001111011 7

04 1111101111 9 match 7
15 1111111101 9
26 1111111110 9
37 1111001100 6
40 0111110001 6
51 1111110110 8
62 1001111101 7
73 1111111011 9

05 1101111111 9
16 1111101011 8
27 1111011110 8
30 0110011101 6
41 1101110110 7
52 1011100011 6
63 1111111111 a match 6
74 1110111111 9

06 1111101110 8 match 1
17 1111101101 8
20 0110011111 7
31 1100011110 6
42 1001110001 5
53 1111110011 8
64 1110011111 8
75 1100111111 8

07 1111101110 8 match 1
10 0111111001 7
21 1110011110 7
32 1001101101 6
43 1111110011 8
54 1111101111 9 match 7
65 1100011101 6
76 1111111011 9

Matching output
0 absent
1 36 06 07
2 absent
3 absent
4 absent
5 absent
6 23 03 63
7 14 04 54

Left
none
Best: none

Right
14 03 72x
04 73x
54 43x
Best: OR-NOT14 03: 2

XOR-NOT
01 0101111000 5
12 1010001000 3
23 1001101101 6
34 1110000011 5
45 1101101101 7
56 1100000000 2
67 1111011001 7
70 0110101010 5

02 0000001111 4
13 1100011010 5
24 1000010001 3
35 1100010001 4
46 1110010010 5
57 1100100110 5
60 0110001100 4
71 1100101101 6

03 0110011101 6
14 1101100110 6
25 1010000011 4 match 0
36 1111101110 8 match 1
47 1110110100 6 match 2
50 0101110011 6 match 3
61 1100001011 5 match 4
72 1001011010 5 match 5

04 0111100001 5
15 1111110100 7
26 1001111100 6
37 1111001000 5
40 0111100001 5
51 1111110100 7
62 1001111100 6
73 1111001000 5

05 0101110011 6 match 3
16 1100001011 5 match 4
27 1001011010 5 match 5
30 0110011101 6
41 1101100110 6
52 1010000011 4 match 0
63 1111101110 8 match 1
74 1110110100 6 match 2

06 0110001100 4
17 1100101101 6
20 0000001111 4
31 1100011010 5
42 1000010001 3
53 1100010001 4
64 1110010010 5
75 1100100110 5

07 0110101010 5
10 0101111000 5
21 1010001000 3
32 1001101101 6
43 1110000011 5
54 1101101101 7
65 1100000000 2
76 1111011001 7

Matching output
0 25 52
1 36 63
2 47 74
3 50 05
4 61 16
5 72 27
6 absent
7 absent

Left
25 36 47 50 61 72 03x
52 63 74 05 16 27 30x
Best: XOR-NOT25 36 47 50 61 72: 6

Right
none
Best: none

Selecting

Lefts
Identity none
NOT none
Constant none
AND none
OR none
XOR none
AND-NOT none
OR-NOT none
XOR-NOT XOR-NOT25 36 47 50 61 72: 6

Rights
Identity none
NOT none
Constant none
AND none
OR none
XOR none
AND-NOT none
OR-NOT OR-NOT14 03: 2
XOR-NOT none

Left longest: 6
Right longest: 2

Left winner: Identity no, NOT no, Constant no, AND no, OR no, XOR no, AND-NOT no, OR-NOT no, XOR-NOT yes
Right winner: Identity no, NOT no, Constant no, AND no, OR no, XOR no, AND-NOT no, OR-NOT yes, XOR-NOT no

Best left: XOR-NOT25 36 47 50 61 72: 6
Best right: OR-NOT14 03: 2

Truncated left: XOR-NOT25 36 47 50 61 72: 6
Truncated right: OR-NOT14 03: 2

Tentative from right
7 OR-NOT14
6 OR-NOT03
5 pending
4 pending
3 pending
2 pending
1 pending
0 pending

Tentative
0 XOR-NOT25
1 XOR-NOT36
2 XOR-NOT47
3 XOR-NOT50
4 XOR-NOT61
5 XOR-NOT72
6 OR-NOT03
7 OR-NOT14

Preferred from left
0 XOR-NOT25
1 XOR-NOT36
2 XOR-NOT47
3 XOR-NOT50
4 XOR-NOT61
5 XOR-NOT72
6 OR-NOT03
7 OR-NOT14

Preferred from right
7 OR-NOT14
6 OR-NOT03
5 XOR-NOT72
4 XOR-NOT61
3 XOR-NOT50
2 XOR-NOT47
1 XOR-NOT36
0 XOR-NOT25

Preferred
0 XOR-NOT25
1 XOR-NOT36
2 XOR-NOT47
3 XOR-NOT50
4 XOR-NOT61
5 XOR-NOT72
6 OR-NOT03
7 OR-NOT14

Matching
0 XOR-NOT25
1 XOR-NOT36
2 XOR-NOT47
3 XOR-NOT50
4 XOR-NOT61
5 XOR-NOT72
6 OR-NOT03
7 OR-NOT14

Perfect match
Identity no
NOT no
Constant no
AND no
OR no
XOR no
AND-NOT no
OR-NOT no
XOR-NOT no

Matched
0 XOR-NOT25
1 XOR-NOT36
2 XOR-NOT47
3 XOR-NOT50
4 XOR-NOT61
5 XOR-NOT72
6 OR-NOT03
7 OR-NOT14

Selected
0 XOR-NOT25
1 XOR-NOT36
2 XOR-NOT47
3 XOR-NOT50
4 XOR-NOT61
5 XOR-NOT72
6 OR-NOT03
7 OR-NOT14

Applying to 10100011
Input
0 1
1 0
2 1
3 0
4 0
5 0
6 1
7 1
Output
0 XOR-NOT25 = XOR(1,NOT(0)) = 0
1 XOR-NOT36 = XOR(0,NOT(1)) = 0
2 XOR-NOT47 = XOR(0,NOT(1)) = 0
3 XOR-NOT50 = XOR(0,NOT(1)) = 0
4 XOR-NOT61 = XOR(1,NOT(0)) = 0
5 XOR-NOT72 = XOR(1,NOT(1)) = 1
6 OR-NOT03 = OR(1,NOT(0)) = 1
7 OR-NOT14 = OR(0,NOT(0)) = 1

I will now return the answer in \boxed{}
The answer in \boxed{–} is \boxed{00000111}
[correct]
true
