[category]
bit_manipulation
[prompt]
In Alice's Wonderland, a secret bit manipulation rule transforms 8-bit binary numbers. The transformation involves operations like bit shifts, rotations, XOR, AND, OR, NOT, and possibly majority or choice functions.

Here are some examples of input -> output:
11000000 -> 00001100
00110001 -> 10000011
10010100 -> 00001001
11101000 -> 00001110
00101101 -> 10000010
01011110 -> 00000101
00111001 -> 10000011
11101001 -> 10001110

Now, determine the output for: 00001101
[completion]
We need to deduce the transformation by matching the example outputs.
I will put my final answer inside \boxed{}.

Output 0: 00001100
0 0
1 0
2 0
3 0
4 1
5 1
6 0
7 0

Output 1: 10000011
0 1
1 0
2 0
3 0
4 0
5 0
6 1
7 1

Output 2: 00001001
0 0
1 0
2 0
3 0
4 1
5 0
6 0
7 1

Output 3: 00001110
0 0
1 0
2 0
3 0
4 1
5 1
6 1
7 0

Output 4: 10000010
0 1
1 0
2 0
3 0
4 0
5 0
6 1
7 0

Output 5: 00000101
0 0
1 0
2 0
3 0
4 0
5 1
6 0
7 1

Output 6: 10000011
0 1
1 0
2 0
3 0
4 0
5 0
6 1
7 1

Output 7: 10001110
0 1
1 0
2 0
3 0
4 1
5 1
6 1
7 0

Output bit columns (with bitsum as hash)
0 01001011 4
1 00000000 a
2 00000000 a
3 00000000 a
4 10110001 4
5 10010101 4
6 01011011 5
7 01100110 4

Input 0: 11000000
0 1
1 1
2 0
3 0
4 0
5 0
6 0
7 0

Input 1: 00110001
0 0
1 0
2 1
3 1
4 0
5 0
6 0
7 1

Input 2: 10010100
0 1
1 0
2 0
3 1
4 0
5 1
6 0
7 0

Input 3: 11101000
0 1
1 1
2 1
3 0
4 1
5 0
6 0
7 0

Input 4: 00101101
0 0
1 0
2 1
3 0
4 1
5 1
6 0
7 1

Input 5: 01011110
0 0
1 1
2 0
3 1
4 1
5 1
6 1
7 0

Input 6: 00111001
0 0
1 0
2 1
3 1
4 1
5 0
6 0
7 1

Input 7: 11101001
0 1
1 1
2 1
3 0
4 1
5 0
6 0
7 1

When matching output
x: not in operator
y: wrong position

Identity
0 10110001 4 match 4
1 10010101 4 match 5
2 01011011 5 match 6
3 01100110 4 match 7
4 00011111 5
5 00101100 3
6 00000100 1
7 01001011 4 match 0

Matching output
0 7
1 absent
2 absent
3 absent
4 0
5 1
6 2
7 3

Left
7 0y
Best: I7: 1

Right
3 2 1 0 7y
Best: I3 2 1 0: 4

NOT
0 01001110 4
1 01101010 4
2 10100100 3
3 10011001 4
4 11100000 3
5 11010011 5
6 11111011 7
7 10110100 4

Matching output
0 absent
1 absent
2 absent
3 absent
4 absent
5 absent
6 absent
7 absent

Left
none
Best: none

Right
none
Best: none

Constant
0 00000000 a match 1 2 3
1 11111111 a

Matching output
0 absent
1 C0
2 C0
3 C0
4 absent
5 absent
6 absent
7 absent

Left
none
Best: none

Right
none
Best: none

AND
01 10 10010001 3
12 21 00010001 2
23 32 01000010 2
34 43 00000110 2
45 54 00001100 2
56 65 00000100 1
67 76 00000000 a match 1 2 3
70 07 00000001 1

02 20 00010001 2
13 31 00000100 1
24 42 00011011 4
35 53 00100100 2
46 64 00000100 1
57 75 00001000 1
60 06 00000000 a match 1 2 3
71 17 00000001 1

03 30 00100000 1
14 41 00010101 3
25 52 00001000 1
36 63 00000100 1
47 74 00001011 3
50 05 00100000 1
61 16 00000100 1
72 27 01001011 4 match 0

04 40 00010001 2
15 51 00000100 1
26 62 00000000 a match 1 2 3
37 73 01000010 2

Matching output
0 72 27
1 67 76 60 06 26 62
2 67 76 60 06 26 62
3 67 76 60 06 26 62
4 absent
5 absent
6 absent
7 absent

Left
72 03x
27 30x
Best: AND72: 1

Right
none
Best: none

OR
01 10 10110101 5
12 21 11011111 7
23 32 01111111 7
34 43 01111111 7
45 54 00111111 6
56 65 00101100 3
67 76 01001111 5
70 07 11111011 7

02 20 11111011 7
13 31 11110111 7
24 42 01011111 6
35 53 01101110 5
46 64 00011111 5
57 75 01101111 6
60 06 10110101 5
71 17 11011111 7

03 30 11110111 7
14 41 10011111 6
25 52 01111111 7
36 63 01100110 4 match 7
47 74 01011111 6
50 05 10111101 6
61 16 10010101 4 match 5
72 27 01011011 5 match 6

04 40 10111111 7
15 51 10111101 6
26 62 01011111 6
37 73 01101111 6

Matching output
0 absent
1 absent
2 absent
3 absent
4 absent
5 61 16
6 72 27
7 36 63

Left
none
Best: none

Right
36 25x
63 52x
Best: OR36: 1

XOR
01 10 00100100 2
12 21 11001110 5
23 32 00111101 5
34 43 01111001 5
45 54 00110011 4
56 65 00101000 2
67 76 01001111 5
70 07 11111010 6

02 20 11101010 5
13 31 11110011 6
24 42 01000100 2
35 53 01001010 3
46 64 00011011 4
57 75 01100111 5
60 06 10110101 5
71 17 11011110 6

03 30 11010111 6
14 41 10001010 3
25 52 01110111 6
36 63 01100010 3
47 74 01010100 3
50 05 10011101 5
61 16 10010001 3
72 27 00010000 1

04 40 10101110 5
15 51 10111001 5
26 62 01011111 6
37 73 00101101 4

Matching output
0 absent
1 absent
2 absent
3 absent
4 absent
5 absent
6 absent
7 absent

Left
none
Best: none

Right
none
Best: none

AND-NOT
01 00100000 1
12 10000100 2
23 00011001 3
34 01100000 2
45 00010011 3
56 00101000 2
67 00000100 1
70 01001010 3

02 10100000 2
13 10010001 3
24 01000000 1
35 01000010 2
46 00011011 4
57 00100100 2
60 00000100 1
71 01001010 3

03 10010001 3
14 10000000 1
25 01010011 4
36 01100010 3
47 00010100 2
50 00001100 2
61 00000000 a match 1 2 3
72 00000000 a match 1 2 3

04 10100000 2
15 10010001 3
26 01011011 5 match 6
37 00100100 2
40 00001110 3
51 00101000 2
62 00000100 1
73 00001001 2

05 10010001 3
16 10010001 3
27 00010000 1
30 01000110 3
41 00001010 2
52 00100100 2
63 00000000 a match 1 2 3
74 01000000 1

06 10110001 4 match 4
17 10010100 3
20 01001010 3
31 01100010 3
42 00000100 1
53 00001000 1
64 00000000 a match 1 2 3
75 01000011 3

07 10110000 3
10 00000100 1
21 01001010 3
32 00100100 2
43 00011001 3
54 00100000 1
65 00000000 a match 1 2 3
76 01001011 4 match 0

Matching output
0 76
1 61 72 63 64 65
2 61 72 63 64 65
3 61 72 63 64 65
4 06
5 absent
6 26
7 absent

Left
76 07x
Best: AND-NOT76: 1

Right
none
Best: none

OR-NOT
01 11111011 7
12 10110101 5
23 11011011 6
34 11100110 5
45 11011111 7
56 11111111 a
67 10110100 4
70 01001111 5

02 10110101 5
13 10011101 5
24 11111011 7
35 11110111 7
46 11111111 a
57 10111100 5
60 01001110 4
71 01101011 5

03 10111001 5
14 11110101 6
25 11011011 6
36 11111111 a
47 10111111 7
50 01101110 5
61 01101110 5
72 11101111 7

04 11110001 5
15 11010111 6
26 11111011 7
37 11110110 6
40 01011111 6
51 01101110 5
62 10100100 3
73 11011011 6

05 11110011 6
16 11111111 a
27 11111111 a
30 01101110 5
41 01111111 7
52 10101100 4
63 10011101 5
74 11101011 6

06 11111011 7
17 10110101 5
20 01011111 6
31 01101110 5
42 10111111 7
53 10111101 6
64 11100100 4
75 11011011 6

07 10110101 5
10 11011111 7
21 01111011 6
32 11100110 5
43 10011111 6
54 11101100 5
65 11010111 6
76 11111011 7

Matching output
0 absent
1 absent
2 absent
3 absent
4 absent
5 absent
6 absent
7 absent

Left
none
Best: none

Right
none
Best: none

XOR-NOT
01 11011011 6
12 00110001 3
23 11000010 3
34 10000110 3
45 11001100 4
56 11010111 6
67 10110000 3
70 00000101 2

02 00010101 3
13 00001100 2
24 10111011 6
35 10110101 5
46 11100100 4
57 10011000 3
60 01001010 3
71 00100001 2

03 00101000 2
14 01110101 5
25 10001000 2
36 10011101 5
47 10101011 5
50 01100010 3
61 01101110 5
72 11101111 7

04 01010001 3
15 01000110 3
26 10100000 2
37 11010010 4
40 01010001 3
51 01000110 3
62 10100000 2
73 11010010 4

05 01100010 3
16 01101110 5
27 11101111 7
30 00101000 2
41 01110101 5
52 10001000 2
63 10011101 5
74 10101011 5

06 01001010 3
17 00100001 2
20 00010101 3
31 00001100 2
42 10111011 6
53 10110101 5
64 11100100 4
75 10011000 3

07 00000101 2
10 11011011 6
21 00110001 3
32 11000010 3
43 10000110 3
54 11001100 4
65 11010111 6
76 10110000 3

Matching output
0 absent
1 absent
2 absent
3 absent
4 absent
5 absent
6 absent
7 absent

Left
none
Best: none

Right
none
Best: none

Selecting

Lefts
Identity I7: 1
NOT none
Constant none
AND AND72: 1
OR none
XOR none
AND-NOT AND-NOT76: 1
OR-NOT none
XOR-NOT none

Rights
Identity I3 2 1 0: 4
NOT none
Constant none
AND none
OR OR36: 1
XOR none
AND-NOT none
OR-NOT none
XOR-NOT none

Left longest: 1
Right longest: 4

Right winner: Identity yes, NOT no, Constant no, AND no, OR no, XOR no, AND-NOT no, OR-NOT no, XOR-NOT no
Left winner: Identity yes, NOT no, Constant no, AND no, OR no, XOR no, AND-NOT no, OR-NOT no, XOR-NOT no

Best right: I3 2 1 0: 4
Best left: I7: 1

Truncated right: I3 2 1 0: 4
Truncated left: I7: 1

Tentative from right
7 I3
6 I2
5 I1
4 I0
3 pending
2 pending
1 pending
0 pending

Tentative
0 I7
1 pending
2 pending
3 pending
4 I0
5 I1
6 I2
7 I3

Preferred from right
7 I3
6 I2
5 I1
4 I0
3 ??7
2 ??6
1 ??5
0 I7

Preferred from left
0 I7
1 ?05
2 ?16
3 ?27
4 I0
5 I1
6 I2
7 I3

Preferred
0 I7
1 ?05 ?50
2 ?16 ?61
3 ?27 ?72
4 I0
5 I1
6 I2
7 I3

Matching
0 I7
1 ?05 ?50 - Identity absent, NOT absent, Constant C0, AND absent, OR absent, XOR absent, AND-NOT absent, OR-NOT absent, XOR-NOT absent
2 ?16 ?61 - Identity absent, NOT absent, Constant C0, AND absent, OR absent, XOR absent, AND-NOT61, OR-NOT absent, XOR-NOT absent
3 ?27 ?72 - Identity absent, NOT absent, Constant C0, AND absent, OR absent, XOR absent, AND-NOT72, OR-NOT absent, XOR-NOT absent
4 I0
5 I1
6 I2
7 I3

Perfect match
Identity no
NOT no
Constant yes
AND no
OR no
XOR no
AND-NOT no
OR-NOT no
XOR-NOT no

Matched
0 I7
1 C0
2 C0
3 C0
4 I0
5 I1
6 I2
7 I3

Selected
0 I7
1 C0
2 C0
3 C0
4 I0
5 I1
6 I2
7 I3

Applying to 00001101
Input
0 0
1 0
2 0
3 0
4 1
5 1
6 0
7 1
Output
0 I7 = 1
1 C0 = 0
2 C0 = 0
3 C0 = 0
4 I0 = 0
5 I1 = 0
6 I2 = 0
7 I3 = 0

I will now return the answer in \boxed{}
The answer in \boxed{–} is \boxed{10000000}
[correct]
true
