[category]
bit_manipulation
[prompt]
In Alice's Wonderland, a secret bit manipulation rule transforms 8-bit binary numbers. The transformation involves operations like bit shifts, rotations, XOR, AND, OR, NOT, and possibly majority or choice functions.

Here are some examples of input -> output:
10010010 -> 00111101
10001101 -> 10001001
11010000 -> 10111101
00101110 -> 11000111
11101111 -> 10001110
10011100 -> 10001101
10100000 -> 01111111
01110101 -> 01101111
00101100 -> 01001111

Now, determine the output for: 11011011
[completion]
We need to deduce the transformation by matching the example outputs.
I will put my final answer inside \boxed{}.

Output 0: 00111101
0 0
1 0
2 1
3 1
4 1
5 1
6 0
7 1

Output 1: 10001001
0 1
1 0
2 0
3 0
4 1
5 0
6 0
7 1

Output 2: 10111101
0 1
1 0
2 1
3 1
4 1
5 1
6 0
7 1

Output 3: 11000111
0 1
1 1
2 0
3 0
4 0
5 1
6 1
7 1

Output 4: 10001110
0 1
1 0
2 0
3 0
4 1
5 1
6 1
7 0

Output 5: 10001101
0 1
1 0
2 0
3 0
4 1
5 1
6 0
7 1

Output 6: 01111111
0 0
1 1
2 1
3 1
4 1
5 1
6 1
7 1

Output 7: 01101111
0 0
1 1
2 1
3 0
4 1
5 1
6 1
7 1

Output 8: 01001111
0 0
1 1
2 0
3 0
4 1
5 1
6 1
7 1

Output bit columns (with bitsum as hash)
0 011111000 5
1 000100111 4
2 101000110 4
3 101000100 3
4 111011111 8
5 101111111 8
6 000110111 5
7 111101111 8

Input 0: 10010010
0 1
1 0
2 0
3 1
4 0
5 0
6 1
7 0

Input 1: 10001101
0 1
1 0
2 0
3 0
4 1
5 1
6 0
7 1

Input 2: 11010000
0 1
1 1
2 0
3 1
4 0
5 0
6 0
7 0

Input 3: 00101110
0 0
1 0
2 1
3 0
4 1
5 1
6 1
7 0

Input 4: 11101111
0 1
1 1
2 1
3 0
4 1
5 1
6 1
7 1

Input 5: 10011100
0 1
1 0
2 0
3 1
4 1
5 1
6 0
7 0

Input 6: 10100000
0 1
1 0
2 1
3 0
4 0
5 0
6 0
7 0

Input 7: 01110101
0 0
1 1
2 1
3 1
4 0
5 1
6 0
7 1

Input 8: 00101100
0 0
1 0
2 1
3 0
4 1
5 1
6 0
7 0

When matching output
x: not in operator
y: wrong position

Identity
0 111011100 6
1 001010010 3
2 000110111 5 match 6
3 101001010 4
4 010111001 5
5 010111011 6
6 100110000 3
7 010010010 3

Matching output
0 absent
1 absent
2 absent
3 absent
4 absent
5 absent
6 2
7 absent

Left
none
Best: none

Right
none
Best: none

NOT
0 000100011 3
1 110101101 6
2 111001000 4
3 010110101 5
4 101000110 4 match 2
5 101000100 3 match 3
6 011001111 6
7 101101101 6

Matching output
0 absent
1 absent
2 4
3 5
4 absent
5 absent
6 absent
7 absent

Left
none
Best: none

Right
none
Best: none

Constant
0 000000000 a
1 111111111 a

Matching output
0 absent
1 absent
2 absent
3 absent
4 absent
5 absent
6 absent
7 absent

Left
none
Best: none

Right
none
Best: none

AND
01 10 001010000 2
12 21 000010010 2
23 32 000000010 1
34 43 000001000 1
45 54 010111001 5
56 65 000110000 2
67 76 000010000 1
70 07 010010000 2

02 20 000010100 2
13 31 001000010 2
24 42 000110001 3
35 53 000001010 2
46 64 000110000 2
57 75 010010010 3
60 06 100010000 2
71 17 000010010 2

03 30 101001000 3
14 41 000010000 1
25 52 000110011 4
36 63 100000000 1
47 74 010010000 2
50 05 010011000 3
61 16 000010000 1
72 27 000010010 2

04 40 010011000 3
15 51 000010010 2
26 62 000110000 2
37 73 000000010 1

Matching output
0 absent
1 absent
2 absent
3 absent
4 absent
5 absent
6 absent
7 absent

Left
none
Best: none

Right
none
Best: none

OR
01 10 111011110 7
12 21 001110111 6
23 32 101111111 8 match 5
34 43 111111011 8
45 54 010111011 6
56 65 110111011 7
67 76 110110010 5
70 07 111011110 7

02 20 111111111 a
13 31 101011010 5
24 42 010111111 7
35 53 111111011 8
46 64 110111001 6
57 75 010111011 6
60 06 111111100 7
71 17 011010010 4

03 30 111011110 7
14 41 011111011 7
25 52 010111111 7
36 63 101111010 6
47 74 010111011 6
50 05 111111111 a
61 16 101110010 5
72 27 010110111 6

04 40 111111101 8
15 51 011111011 7
26 62 100110111 6
37 73 111011010 6

Matching output
0 absent
1 absent
2 absent
3 absent
4 absent
5 23 32
6 absent
7 absent

Left
none
Best: none

Right
none
Best: none

XOR
01 10 110001110 5
12 21 001100101 4
23 32 101111101 7
34 43 111110011 7
45 54 000000010 1
56 65 110001011 5
67 76 110100010 4
70 07 101001110 5

02 20 111101011 7
13 31 100011000 3
24 42 010001110 4
35 53 111110001 6
46 64 110001001 4
57 75 000101001 3
60 06 011101100 5
71 17 011000000 2

03 30 010010110 4
14 41 011101011 6
25 52 010001100 3
36 63 001111010 5
47 74 000101011 4
50 05 101100111 6
61 16 101100010 4
72 27 010100101 4

04 40 101100101 5
15 51 011101001 5
26 62 100000111 4
37 73 111011000 5

Matching output
0 absent
1 absent
2 absent
3 absent
4 absent
5 absent
6 absent
7 absent

Left
none
Best: none

Right
none
Best: none

AND-NOT
01 110001100 4
12 001000000 1
23 000110101 4
34 101000010 3
45 000000000 a
56 010001011 4
67 100100000 2
70 000000010 1

02 111001000 4
13 000010000 1
24 000000110 2
35 101000000 2
46 010001001 3
57 000101001 3
60 000100000 1
71 010000000 1

03 010010100 3
14 001000010 2
25 000000100 1
36 001001010 3
47 000101001 3
50 000100011 3
61 100100000 2
72 010000000 1

04 101000100 3 match 3
15 001000000 1
26 000000111 3
37 101001000 3
40 000100001 2
51 010101001 4
62 100000000 1
73 010010000 2

05 101000100 3 match 3
16 001000010 2
27 000100101 3
30 000000010 1
41 010101001 4
52 010001000 2
63 000110000 2
74 000000010 1

06 011001100 4
17 001000000 1
20 000100011 3
31 100001000 2
42 010001000 2
53 010110001 4
64 100000000 1
75 000000000 a

07 101001100 4
10 000000010 1
21 000100101 3
32 101001000 3
43 010110001 4
54 000000010 1
65 100000000 1
76 010000010 2

Matching output
0 absent
1 absent
2 absent
3 04 05
4 absent
5 absent
6 absent
7 absent

Left
none
Best: none

Right
none
Best: none

OR-NOT
01 111111101 8
12 111011010 6
23 010110111 6
34 101001110 5
45 111111101 8
56 011111111 8
67 101111101 7
70 010110011 5

02 111011100 6
13 011110111 7
24 101110111 7
35 101001110 5
46 011111111 8
57 111111111 a
60 100110011 5
71 110111111 8

03 111111101 8
14 101010110 5
25 101110111 7
36 111001111 7
47 111111101 8
50 010111011 6
61 110111101 7
72 111011010 6

04 111011110 7
15 101010110 5
26 011111111 8
37 101101111 7
40 010111011 6
51 110111111 8
62 111111000 6
73 010110111 6

05 111011100 6
16 011011111 7
27 101111111 8 match 5
30 101101011 6
41 110111101 7
52 111111011 8
63 110110101 6
74 111010110 6

06 111011111 8 match 4
17 101111111 8 match 5
20 000110111 5 match 6
31 111101111 8 match 7
42 111111001 7
53 010111111 7
64 101110110 6
75 111010110 6

07 111111101 8
10 001110011 5
21 110111111 8
32 111001010 5
43 010111101 6
54 111111111 a
65 101110100 5
76 011011111 7

Matching output
0 absent
1 absent
2 absent
3 absent
4 06
5 27 17
6 20
7 31

Left
none
Best: none

Right
31 20 17 06 75x
Best: OR-NOT31 20 17 06: 4

XOR-NOT
01 001110001 4
12 110011010 5
23 010000010 2
34 000001100 2
45 111111101 8
56 001110100 4
67 001011101 5
70 010110001 4

02 000010100 2
13 011100111 6
24 101110001 5
35 000001110 3
46 001110110 5
57 111010110 6
60 100010011 4
71 100111111 7

03 101101001 5
14 100010100 3
25 101110011 6
36 110000101 4
47 111010100 5
50 010011000 3
61 010011101 5
72 101011010 5

04 010011010 4
15 100010110 4
26 011111000 5 match 0
37 000100111 4 match 1
40 010011010 4
51 100010110 4
62 011111000 5 match 0
73 000100111 4 match 1

05 010011000 3
16 010011101 5
27 101011010 5
30 101101001 5
41 100010100 3
52 101110011 6
63 110000101 4
74 111010100 5

06 100010011 4
17 100111111 7
20 000010100 2
31 011100111 6
42 101110001 5
53 000001110 3
64 001110110 5
75 111010110 6

07 010110001 4
10 001110001 4
21 110011010 5
32 010000010 2
43 000001100 2
54 111111101 8
65 001110100 4
76 001011101 5

Matching output
0 26 62
1 37 73
2 absent
3 absent
4 absent
5 absent
6 absent
7 absent

Left
26 37 40x
62 73 04x
Best: XOR-NOT26 37: 2

Right
none
Best: none

Selecting

Lefts
Identity none
NOT none
Constant none
AND none
OR none
XOR none
AND-NOT none
OR-NOT none
XOR-NOT XOR-NOT26 37: 2

Rights
Identity none
NOT none
Constant none
AND none
OR none
XOR none
AND-NOT none
OR-NOT OR-NOT31 20 17 06: 4
XOR-NOT none

Left longest: 2
Right longest: 4

Right winner: Identity no, NOT no, Constant no, AND no, OR no, XOR no, AND-NOT no, OR-NOT yes, XOR-NOT no
Left winner: Identity no, NOT no, Constant no, AND no, OR no, XOR no, AND-NOT no, OR-NOT no, XOR-NOT yes

Best right: OR-NOT31 20 17 06: 4
Best left: XOR-NOT26 37: 2

Truncated right: OR-NOT31 20 17 06: 4
Truncated left: XOR-NOT26 37: 2

Tentative from right
7 OR-NOT31
6 OR-NOT20
5 OR-NOT17
4 OR-NOT06
3 pending
2 pending
1 pending
0 pending

Tentative
0 XOR-NOT26
1 XOR-NOT37
2 pending
3 pending
4 OR-NOT06
5 OR-NOT17
6 OR-NOT20
7 OR-NOT31

Preferred from right
7 OR-NOT31
6 OR-NOT20
5 OR-NOT17
4 OR-NOT06
3 ?75
2 ?64
1 XOR-NOT37
0 XOR-NOT26

Preferred from left
0 XOR-NOT26
1 XOR-NOT37
2 ?64
3 ?75
4 OR-NOT06
5 OR-NOT17
6 OR-NOT20
7 OR-NOT31

Preferred
0 XOR-NOT26
1 XOR-NOT37
2 ?64 ?46
3 ?75 ?57
4 OR-NOT06
5 OR-NOT17
6 OR-NOT20
7 OR-NOT31

Matching
0 XOR-NOT26
1 XOR-NOT37
2 ?64 ?46 - Identity absent, NOT NOT4, Constant absent, AND absent, OR absent, XOR absent, AND-NOT absent, OR-NOT absent, XOR-NOT absent
3 ?75 ?57 - Identity absent, NOT NOT5, Constant absent, AND absent, OR absent, XOR absent, AND-NOT absent, OR-NOT absent, XOR-NOT absent
4 OR-NOT06
5 OR-NOT17
6 OR-NOT20
7 OR-NOT31

Perfect match
Identity no
NOT yes
Constant no
AND no
OR no
XOR no
AND-NOT no
OR-NOT no
XOR-NOT no

Matched
0 XOR-NOT26
1 XOR-NOT37
2 NOT4
3 NOT5
4 OR-NOT06
5 OR-NOT17
6 OR-NOT20
7 OR-NOT31

Selected
0 XOR-NOT26
1 XOR-NOT37
2 NOT4
3 NOT5
4 OR-NOT06
5 OR-NOT17
6 OR-NOT20
7 OR-NOT31

Applying to 11011011
Input
0 1
1 1
2 0
3 1
4 1
5 0
6 1
7 1
Output
0 XOR-NOT26 = XOR(0,NOT(1)) = 0
1 XOR-NOT37 = XOR(1,NOT(1)) = 1
2 NOT4 = NOT(1) = 0
3 NOT5 = NOT(0) = 1
4 OR-NOT06 = OR(1,NOT(1)) = 1
5 OR-NOT17 = OR(1,NOT(1)) = 1
6 OR-NOT20 = OR(0,NOT(1)) = 0
7 OR-NOT31 = OR(1,NOT(1)) = 1

I will now return the answer in \boxed{}
The answer in \boxed{–} is \boxed{01011101}
[correct]
true
