[category]
bit_manipulation
[prompt]
In Alice's Wonderland, a secret bit manipulation rule transforms 8-bit binary numbers. The transformation involves operations like bit shifts, rotations, XOR, AND, OR, NOT, and possibly majority or choice functions.

Here are some examples of input -> output:
11001111 -> 11010011
01111010 -> 01011110
10010001 -> 00000100
01000110 -> 11010001
10010010 -> 01100100
11010010 -> 01110100
11010110 -> 11110101

Now, determine the output for: 11110111
[completion]
We need to deduce the transformation by matching the example outputs.
I will put my final answer inside \boxed{}.

Output 0: 11010011
0 1
1 1
2 0
3 1
4 0
5 0
6 1
7 1

Output 1: 01011110
0 0
1 1
2 0
3 1
4 1
5 1
6 1
7 0

Output 2: 00000100
0 0
1 0
2 0
3 0
4 0
5 1
6 0
7 0

Output 3: 11010001
0 1
1 1
2 0
3 1
4 0
5 0
6 0
7 1

Output 4: 01100100
0 0
1 1
2 1
3 0
4 0
5 1
6 0
7 0

Output 5: 01110100
0 0
1 1
2 1
3 1
4 0
5 1
6 0
7 0

Output 6: 11110101
0 1
1 1
2 1
3 1
4 0
5 1
6 0
7 1

Output bit columns (with bitsum as hash)
0 1001001 3
1 1101111 6
2 0000111 3
3 1101011 5
4 0100000 1
5 0110111 5
6 1100000 2
7 1001001 3

Input 0: 11001111
0 1
1 1
2 0
3 0
4 1
5 1
6 1
7 1

Input 1: 01111010
0 0
1 1
2 1
3 1
4 1
5 0
6 1
7 0

Input 2: 10010001
0 1
1 0
2 0
3 1
4 0
5 0
6 0
7 1

Input 3: 01000110
0 0
1 1
2 0
3 0
4 0
5 1
6 1
7 0

Input 4: 10010010
0 1
1 0
2 0
3 1
4 0
5 0
6 1
7 0

Input 5: 11010010
0 1
1 1
2 0
3 1
4 0
5 0
6 1
7 0

Input 6: 11010110
0 1
1 1
2 0
3 1
4 0
5 1
6 1
7 0

When matching output
x: not in operator
y: wrong position

Identity
0 1010111 5
1 1101011 5 match 3
2 0100000 1 match 4
3 0110111 5 match 5
4 1100000 2 match 6
5 1001001 3 match 0 7
6 1101111 6 match 1
7 1010000 2

Matching output
0 5
1 6
2 absent
3 1
4 2
5 3
6 4
7 5

Left
5 6 7x
Best: I5 6: 2

Right
5 4 3 2 1 0x
Best: I5 4 3 2 1: 5

NOT
0 0101000 2
1 0010100 2
2 1011111 6
3 1001000 2
4 0011111 5
5 0110110 4
6 0010000 1
7 0101111 5

Matching output
0 absent
1 absent
2 absent
3 absent
4 absent
5 absent
6 absent
7 absent

Left
none
Best: none

Right
none
Best: none

Constant
0 0000000 a
1 1111111 a

Matching output
0 absent
1 absent
2 absent
3 absent
4 absent
5 absent
6 absent
7 absent

Left
none
Best: none

Right
none
Best: none

AND
01 10 1000011 3
12 21 0100000 1 match 4
23 32 0100000 1 match 4
34 43 0100000 1 match 4
45 54 1000000 1
56 65 1001001 3 match 0 7
67 76 1000000 1
70 07 1010000 2

02 20 0000000 a
13 31 0100011 3
24 42 0100000 1 match 4
35 53 0000001 1
46 64 1100000 2 match 6
57 75 1000000 1
60 06 1000111 4
71 17 1000000 1

03 30 0010111 4
14 41 1100000 2 match 6
25 52 0000000 a
36 63 0100111 4
47 74 1000000 1
50 05 1000001 2
61 16 1101011 5 match 3
72 27 0000000 a

04 40 1000000 1
15 51 1001001 3 match 0 7
26 62 0100000 1 match 4
37 73 0010000 1

Matching output
0 56 65 15 51
1 absent
2 absent
3 61 16
4 12 21 23 32 34 43 24 42 26 62
5 absent
6 46 64 14 41
7 56 65 15 51

Left
56 67x
65 76x
15 26y
51 62y
Best: AND56: 1

Right
56 45x
65 54x
15 04x
51 40x
Best: AND56: 1

OR
01 10 1111111 a
12 21 1101011 5 match 3
23 32 0110111 5 match 5
34 43 1110111 6
45 54 1101001 4
56 65 1101111 6 match 1
67 76 1111111 a
70 07 1010111 5

02 20 1110111 6
13 31 1111111 a
24 42 1100000 2 match 6
35 53 1111111 a
46 64 1101111 6 match 1
57 75 1011001 4
60 06 1111111 a
71 17 1111011 6

03 30 1110111 6
14 41 1101011 5 match 3
25 52 1101001 4
36 63 1111111 a
47 74 1110000 3
50 05 1011111 6
61 16 1101111 6 match 1
72 27 1110000 3

04 40 1110111 6
15 51 1101011 5 match 3
26 62 1101111 6 match 1
37 73 1110111 6

Matching output
0 absent
1 56 65 46 64 61 16 26 62
2 absent
3 12 21 14 41 15 51
4 absent
5 23 32
6 24 42
7 absent

Left
none
Best: none

Right
none
Best: none

XOR
01 10 0111100 4
12 21 1001011 4
23 32 0010111 4
34 43 1010111 5
45 54 0101001 3
56 65 0100110 3
67 76 0111111 6
70 07 0000111 3 match 2

02 20 1110111 6
13 31 1011100 4
24 42 1000000 1
35 53 1111110 6
46 64 0001111 4
57 75 0011001 3
60 06 0111000 3
71 17 0111011 5

03 30 1100000 2 match 6
14 41 0001011 3
25 52 1101001 4
36 63 1011000 3
47 74 0110000 2
50 05 0011110 4
61 16 0000100 1
72 27 1110000 3

04 40 0110111 5 match 5
15 51 0100010 2
26 62 1001111 5
37 73 1100111 5

Matching output
0 absent
1 absent
2 70 07
3 absent
4 absent
5 04 40
6 03 30
7 absent

Left
none
Best: none

Right
none
Best: none

AND-NOT
01 0010100 2
12 1001011 4
23 0000000 a
34 0010111 4
45 0100000 1 match 4
56 0000000 a
67 0101111 5
70 0000000 a

02 1010111 5
13 1001000 2
24 0000000 a
35 0110110 4
46 0000000 a
57 0001001 2
60 0101000 2
71 0010000 1

03 1000000 1
14 0001011 3
25 0100000 1 match 4
36 0010000 1
47 0100000 1 match 4
50 0001000 1
61 0000100 1
72 1010000 2

04 0010111 4
15 0100010 2
26 0000000 a
37 0100111 4
40 0100000 1 match 4
51 0000000 a
62 1001111 5
73 1000000 1

05 0010110 3
16 0000000 a
27 0100000 1 match 4
30 0100000 1 match 4
41 0000000 a
52 1001001 3 match 0 7
63 1001000 2
74 0010000 1

06 0010000 1
17 0101011 4
20 0100000 1 match 4
31 0010100 2
42 1000000 1
53 1001000 2
64 0001111 4
75 0010000 1

07 0000111 3 match 2
10 0101000 2
21 0000000 a
32 0010111 4
43 1000000 1
54 0001001 2
65 0100110 3
76 0010000 1

Matching output
0 52
1 absent
2 07
3 absent
4 45 25 47 40 27 30 20
5 absent
6 absent
7 52

Left
52 63x
Best: AND-NOT52: 1

Right
52 41x
Best: AND-NOT52: 1

OR-NOT
01 1010111 5
12 1111111 a
23 1101000 3
34 0111111 6
45 1110110 5
56 1011001 4
67 1101111 6 match 1
70 1111000 4

02 1011111 6
13 1101011 5 match 3
24 0111111 6
35 0110111 5 match 5
46 1110000 3
57 1101111 6 match 1
60 1101111 6 match 1
71 1010100 3

03 1011111 6
14 1111111 a
25 0110110 4
36 0110111 5 match 5
47 1101111 6 match 1
50 1101001 4
61 1111111 a
72 1011111 6

04 1011111 6
15 1111111 a
26 0110000 2
37 0111111 6
40 1101000 3
51 1011101 5
62 1111111 a
73 1011000 3

05 1110111 6
16 1111011 6
27 0101111 5
30 0111111 6
41 1110100 4
52 1011111 6
63 1101111 6 match 1
74 1011111 6

06 1010111 5
17 1101111 6 match 1
20 0101000 2
31 0110111 5 match 5
42 1111111 a
53 1001001 3 match 0 7
64 1111111 a
75 1110110 5

07 1111111 a
10 1101011 5 match 3
21 0110100 3
32 1111111 a
43 1101000 3
54 1011111 6
65 1111111 a
76 1010000 2

Matching output
0 53
1 67 57 60 47 63 17
2 absent
3 13 10
4 absent
5 35 36 31
6 absent
7 53

Left
53 64x
Best: OR-NOT53: 1

Right
53 42x
Best: OR-NOT53: 1

XOR-NOT
01 1000011 3
12 0110100 3
23 1101000 3
34 0101000 2
45 1010110 4
56 1011001 4
67 1000000 1
70 1111000 4

02 0001000 1
13 0100011 3
24 0111111 6
35 0000001 1
46 1110000 3
57 1100110 4
60 1000111 4
71 1000100 2

03 0011111 5
14 1110100 4
25 0010110 3
36 0100111 4
47 1001111 5
50 1100001 3
61 1111011 6
72 0001111 4

04 1001000 2
15 1011101 5
26 0110000 2
37 0011000 2
40 1001000 2
51 1011101 5
62 0110000 2
73 0011000 2

05 1100001 3
16 1111011 6
27 0001111 4
30 0011111 5
41 1110100 4
52 0010110 3
63 0100111 4
74 1001111 5

06 1000111 4
17 1000100 2
20 0001000 1
31 0100011 3
42 0111111 6
53 0000001 1
64 1110000 3
75 1100110 4

07 1111000 4
10 1000011 3
21 0110100 3
32 1101000 3
43 0101000 2
54 1010110 4
65 1011001 4
76 1000000 1

Matching output
0 absent
1 absent
2 absent
3 absent
4 absent
5 absent
6 absent
7 absent

Left
none
Best: none

Right
none
Best: none

Selecting

Lefts
Identity I5 6: 2
NOT none
Constant none
AND AND56: 1
OR none
XOR none
AND-NOT AND-NOT52: 1
OR-NOT OR-NOT53: 1
XOR-NOT none

Rights
Identity I5 4 3 2 1: 5
NOT none
Constant none
AND AND56: 1
OR none
XOR none
AND-NOT AND-NOT52: 1
OR-NOT OR-NOT53: 1
XOR-NOT none

Left longest: 2
Right longest: 5

Right winner: Identity yes, NOT no, Constant no, AND no, OR no, XOR no, AND-NOT no, OR-NOT no, XOR-NOT no
Left winner: Identity yes, NOT no, Constant no, AND no, OR no, XOR no, AND-NOT no, OR-NOT no, XOR-NOT no

Best right: I5 4 3 2 1: 5
Best left: I5 6: 2

Truncated right: I5 4 3 2 1: 5
Truncated left: I5 6: 2

Tentative from right
7 I5
6 I4
5 I3
4 I2
3 I1
2 pending
1 pending
0 pending

Tentative
0 I5
1 I6
2 pending
3 I1
4 I2
5 I3
6 I4
7 I5

Preferred from right
7 I5
6 I4
5 I3
4 I2
3 I1
2 ??0
1 I6
0 I5

Preferred from left
0 I5
1 I6
2 ?70
3 I1
4 I2
5 I3
6 I4
7 I5

Preferred
0 I5
1 I6
2 ?70 ?07
3 I1
4 I2
5 I3
6 I4
7 I5

Matching
0 I5
1 I6
2 ?70 ?07 - Identity absent, NOT absent, Constant absent, AND absent, OR absent, XOR70, AND-NOT07, OR-NOT absent, XOR-NOT absent
3 I1
4 I2
5 I3
6 I4
7 I5

Perfect match
Identity no
NOT no
Constant no
AND no
OR no
XOR yes
AND-NOT no
OR-NOT no
XOR-NOT no

Matched
0 I5
1 I6
2 XOR70
3 I1
4 I2
5 I3
6 I4
7 I5

Selected
0 I5
1 I6
2 XOR70
3 I1
4 I2
5 I3
6 I4
7 I5

Applying to 11110111
Input
0 1
1 1
2 1
3 1
4 0
5 1
6 1
7 1
Output
0 I5 = 1
1 I6 = 1
2 XOR70 = XOR(1,1) = 0
3 I1 = 1
4 I2 = 1
5 I3 = 1
6 I4 = 0
7 I5 = 1

I will now return the answer in \boxed{}
The answer in \boxed{–} is \boxed{11011101}
[correct]
true
