[category]
bit_manipulation
[prompt]
In Alice's Wonderland, a secret bit manipulation rule transforms 8-bit binary numbers. The transformation involves operations like bit shifts, rotations, XOR, AND, OR, NOT, and possibly majority or choice functions.

Here are some examples of input -> output:
10001011 -> 11001101
11110110 -> 01111111
01101011 -> 10110111
01101001 -> 10110110
01000101 -> 10100110
11100010 -> 01111111
01011101 -> 10101111
01010110 -> 00101111
11111011 -> 11111111

Now, determine the output for: 11010111
[completion]
We need to deduce the transformation by matching the example outputs.
I will put my final answer inside \boxed{}.

Output 0: 11001101
0 1
1 1
2 0
3 0
4 1
5 1
6 0
7 1

Output 1: 01111111
0 0
1 1
2 1
3 1
4 1
5 1
6 1
7 1

Output 2: 10110111
0 1
1 0
2 1
3 1
4 0
5 1
6 1
7 1

Output 3: 10110110
0 1
1 0
2 1
3 1
4 0
5 1
6 1
7 0

Output 4: 10100110
0 1
1 0
2 1
3 0
4 0
5 1
6 1
7 0

Output 5: 01111111
0 0
1 1
2 1
3 1
4 1
5 1
6 1
7 1

Output 6: 10101111
0 1
1 0
2 1
3 0
4 1
5 1
6 1
7 1

Output 7: 00101111
0 0
1 0
2 1
3 0
4 1
5 1
6 1
7 1

Output 8: 11111111
0 1
1 1
2 1
3 1
4 1
5 1
6 1
7 1

Output bit columns (with bitsum as hash)
0 101110101 6
1 110001001 4
2 011111111 8
3 011101001 5
4 110001111 6
5 111111111 a
6 011111111 8
7 111001111 7

Input 0: 10001011
0 1
1 0
2 0
3 0
4 1
5 0
6 1
7 1

Input 1: 11110110
0 1
1 1
2 1
3 1
4 0
5 1
6 1
7 0

Input 2: 01101011
0 0
1 1
2 1
3 0
4 1
5 0
6 1
7 1

Input 3: 01101001
0 0
1 1
2 1
3 0
4 1
5 0
6 0
7 1

Input 4: 01000101
0 0
1 1
2 0
3 0
4 0
5 1
6 0
7 1

Input 5: 11100010
0 1
1 1
2 1
3 0
4 0
5 0
6 1
7 0

Input 6: 01011101
0 0
1 1
2 0
3 1
4 1
5 1
6 0
7 1

Input 7: 01010110
0 0
1 1
2 0
3 1
4 0
5 1
6 1
7 0

Input 8: 11111011
0 1
1 1
2 1
3 1
4 1
5 0
6 1
7 1

When matching output
x: not in operator
y: wrong position

Identity
0 110001001 4 match 1
1 011111111 8 match 2 6
2 011101001 5 match 3
3 010000111 4
4 101100101 5
5 010010110 4
6 111001011 6
7 101110101 6 match 0

Matching output
0 7
1 0
2 1
3 2
4 absent
5 absent
6 1
7 absent

Left
7 0 1 2 3x
Best: I7 0 1 2: 4

Right
none
Best: none

NOT
0 001110110 5
1 100000000 1
2 100010110 4
3 101111000 5
4 010011010 4
5 101101001 5
6 000110100 3
7 010001010 3

Matching output
0 absent
1 absent
2 absent
3 absent
4 absent
5 absent
6 absent
7 absent

Left
none
Best: none

Right
none
Best: none

Constant
0 000000000 a
1 111111111 a match 5

Matching output
0 absent
1 absent
2 absent
3 absent
4 absent
5 C1
6 absent
7 absent

Left
none
Best: none

Right
none
Best: none

AND
01 10 010001001 3
12 21 011101001 5 match 3
23 32 010000001 2
34 43 000000101 2
45 54 000000100 1
56 65 010000010 2
67 76 101000001 3
70 07 100000001 2

02 20 010001001 3
13 31 010000111 4
24 42 001100001 3
35 53 010000110 3
46 64 101000001 3
57 75 000010100 2
60 06 110001001 4 match 1
71 17 001110101 5

03 30 010000001 2
14 41 001100101 4
25 52 010000000 1
36 63 010000011 3
47 74 101100101 5
50 05 010000000 1
61 16 011001011 5
72 27 001100001 3

04 40 100000001 2
15 51 010010110 4
26 62 011001001 4
37 73 000000101 2

Matching output
0 absent
1 60 06
2 absent
3 12 21
4 absent
5 absent
6 absent
7 absent

Left
none
Best: none

Right
none
Best: none

OR
01 10 111111111 a match 5
12 21 011111111 8 match 2 6
23 32 011101111 7
34 43 111100111 7
45 54 111110111 8
56 65 111011111 8
67 76 111111111 a match 5
70 07 111111101 8

02 20 111101001 6
13 31 011111111 8 match 2 6
24 42 111101101 7
35 53 010010111 5
46 64 111101111 8
57 75 111110111 8
60 06 111001011 6
71 17 111111111 a match 5

03 30 110001111 6 match 4
14 41 111111111 a match 5
25 52 011111111 8 match 2 6
36 63 111001111 7 match 7
47 74 101110101 6 match 0
50 05 110011111 7
61 16 111111111 a match 5
72 27 111111101 8

04 40 111101101 7
15 51 011111111 8 match 2 6
26 62 111101011 7
37 73 111110111 8

Matching output
0 47 74
1 absent
2 12 21 13 31 25 52 15 51
3 absent
4 03 30
5 01 10 67 76 71 17 14 41 61 16
6 12 21 13 31 25 52 15 51
7 36 63

Left
47 50x
74 05x
Best: OR47: 1

Right
36 25 14 03 72x
63 52 41 30 27x
Best: OR36 25 14 03: 4

XOR
01 10 101110110 6
12 21 000010110 3
23 32 001101110 5
34 43 111100010 5
45 54 111110011 7
56 65 101011101 6
67 76 010111110 6
70 07 011111100 6

02 20 101100000 3
13 31 001111000 4
24 42 110001100 4
35 53 000010001 2
46 64 010101110 5
57 75 111100011 6
60 06 001000010 2
71 17 110001010 4

03 30 100001110 4
14 41 110011010 5
25 52 001111111 7
36 63 101001100 4
47 74 000010000 1
50 05 100011111 6
61 16 100110100 4
72 27 110011100 5

04 40 011101100 5
15 51 001101001 4
26 62 100100010 3
37 73 111110010 6

Matching output
0 absent
1 absent
2 absent
3 absent
4 absent
5 absent
6 absent
7 absent

Left
none
Best: none

Right
none
Best: none

AND-NOT
01 100000000 1
12 000010110 3
23 001101000 3
34 010000010 2
45 101100001 4
56 000010100 2
67 010001010 3
70 001110100 4

02 100000000 1
13 001111000 4
24 010001000 2
35 000000001 1
46 000100100 2
57 010000010 2
60 001000010 2
71 100000000 1

03 100001000 2
14 010011010 4
25 001101001 4
36 000000100 1
47 000000000 a
50 000010110 3
61 100000000 1
72 100010100 3

04 010001000 2
15 001101001 4
26 000100000 1
37 010000010 2
40 001100100 3
51 000000000 a
62 100000010 2
73 101110000 4

05 100001001 3
16 000110100 3
27 010001000 2
30 000000110 2
41 100000000 1
52 000010110 3
63 101001000 3
74 000010000 1

06 000000000 a
17 010001010 3
20 001100000 2
31 000000000 a
42 100000100 2
53 000010000 1
64 010001010 3
75 101100001 4

07 010001000 2
10 001110110 5
21 000000000 a
32 000000110 2
43 101100000 3
54 010010010 3
65 101001001 4
76 000110100 3

Matching output
0 absent
1 absent
2 absent
3 absent
4 absent
5 absent
6 absent
7 absent

Left
none
Best: none

Right
none
Best: none

OR-NOT
01 110001001 4 match 1
12 111111111 a match 5
23 111111001 7
34 010011111 6
45 101101101 6
56 010110110 5
67 111001011 6
70 101110111 7

02 110011111 7
13 111111111 a match 5
24 011111011 7
35 111101111 8
46 101110101 6 match 0
57 010011110 5
60 111111111 a match 5
71 101110101 6 match 0

03 111111001 7
14 011111111 8 match 2 6
25 111101001 6
36 010110111 6
47 111101111 8
50 011110110 6
61 111001011 6
72 101110111 7

04 110011011 6
15 111111111 a match 5
26 011111101 7
37 010001111 5
40 101110111 7
51 110010110 5
62 111011111 8
73 101111101 7

05 111101001 6
16 011111111 8 match 2 6
27 011101011 6
30 011110111 7
41 101100101 5
52 110010110 5
63 111111011 8
74 111111111 a match 5

06 110111101 7
17 011111111 8 match 2 6
20 011111111 8 match 2 6
31 110000111 5
42 101110111 7
53 111111110 8
64 111011011 7
75 101111101 7

07 110001011 5
10 011111111 8 match 2 6
21 111101001 6
32 110010111 6
43 101111101 7
54 010011110 5
65 111101011 7
76 101110101 6 match 0

Matching output
0 46 71 76
1 01
2 14 16 17 20 10
3 absent
4 absent
5 12 13 60 15 74
6 14 16 17 20 10
7 absent

Left
46 57x
71 02x
76 07x
Best: OR-NOT46: 1

Right
none
Best: none

XOR-NOT
01 010001001 3
12 111101001 6
23 110010001 4
34 000011101 4
45 000001100 2
56 010100010 3
67 101000001 3
70 100000011 3

02 010011111 6
13 110000111 5
24 001110011 5
35 111101110 7
46 101010001 4
57 000011100 3
60 110111101 7
71 001110101 5

03 011110001 5
14 001100101 4
25 110000000 2
36 010110011 5
47 111101111 8
50 011100000 3
61 011001011 5
72 001100011 4

04 100010011 4
15 110010110 5
26 011011101 6
37 000001101 3
40 100010011 4
51 110010110 5
62 011011101 6
73 000001101 3

05 011100000 3
16 011001011 5
27 001100011 4
30 011110001 5
41 001100101 4
52 110000000 2
63 010110011 5
74 111101111 8

06 110111101 7
17 001110101 5
20 010011111 6
31 110000111 5
42 001110011 5
53 111101110 7
64 101010001 4
75 000011100 3

07 100000011 3
10 010001001 3
21 111101001 6
32 110010001 4
43 000011101 4
54 000001100 2
65 010100010 3
76 101000001 3

Matching output
0 absent
1 absent
2 absent
3 absent
4 absent
5 absent
6 absent
7 absent

Left
none
Best: none

Right
none
Best: none

Selecting

Lefts
Identity I7 0 1 2: 4
NOT none
Constant none
AND none
OR OR47: 1
XOR none
AND-NOT none
OR-NOT OR-NOT46: 1
XOR-NOT none

Rights
Identity none
NOT none
Constant none
AND none
OR OR36 25 14 03: 4
XOR none
AND-NOT none
OR-NOT none
XOR-NOT none

Left longest: 4
Right longest: 4

Left winner: Identity yes, NOT no, Constant no, AND no, OR no, XOR no, AND-NOT no, OR-NOT no, XOR-NOT no
Right winner: Identity no, NOT no, Constant no, AND no, OR yes, XOR no, AND-NOT no, OR-NOT no, XOR-NOT no

Best left: I7 0 1 2: 4
Best right: OR36 25 14 03: 4

Truncated left: I7 0 1 2: 4
Truncated right: OR36 25 14 03: 4

Tentative from right
7 OR36
6 OR25
5 OR14
4 OR03
3 pending
2 pending
1 pending
0 pending

Tentative
0 I7
1 I0
2 I1
3 I2
4 OR03
5 OR14
6 OR25
7 OR36

Preferred from left
0 I7
1 I0
2 I1
3 I2
4 OR03
5 OR14
6 OR25
7 OR36

Preferred from right
7 OR36
6 OR25
5 OR14
4 OR03
3 I2
2 I1
1 I0
0 I7

Preferred
0 I7
1 I0
2 I1
3 I2
4 OR03
5 OR14
6 OR25
7 OR36

Matching
0 I7
1 I0
2 I1
3 I2
4 OR03
5 OR14
6 OR25
7 OR36

Perfect match
Identity no
NOT no
Constant no
AND no
OR no
XOR no
AND-NOT no
OR-NOT no
XOR-NOT no

Matched
0 I7
1 I0
2 I1
3 I2
4 OR03
5 OR14
6 OR25
7 OR36

Selected
0 I7
1 I0
2 I1
3 I2
4 OR03
5 OR14
6 OR25
7 OR36

Applying to 11010111
Input
0 1
1 1
2 0
3 1
4 0
5 1
6 1
7 1
Output
0 I7 = 1
1 I0 = 1
2 I1 = 1
3 I2 = 0
4 OR03 = OR(1,1) = 1
5 OR14 = OR(1,0) = 1
6 OR25 = OR(0,1) = 1
7 OR36 = OR(1,1) = 1

I will now return the answer in \boxed{}
The answer in \boxed{–} is \boxed{11101111}
[correct]
true
