[category]
bit_manipulation
[prompt]
In Alice's Wonderland, a secret bit manipulation rule transforms 8-bit binary numbers. The transformation involves operations like bit shifts, rotations, XOR, AND, OR, NOT, and possibly majority or choice functions.

Here are some examples of input -> output:
10110111 -> 10000111
01010100 -> 01011111
00000001 -> 10110111
00011100 -> 00011111
01100010 -> 01101111
10001101 -> 11010111
10110010 -> 11101111
00000111 -> 00000111
01000011 -> 00100111
11100011 -> 00100111

Now, determine the output for: 00111011
[completion]
We need to deduce the transformation by matching the example outputs.
I will put my final answer inside \boxed{}.

Output 0: 10000111
0 1
1 0
2 0
3 0
4 0
5 1
6 1
7 1

Output 1: 01011111
0 0
1 1
2 0
3 1
4 1
5 1
6 1
7 1

Output 2: 10110111
0 1
1 0
2 1
3 1
4 0
5 1
6 1
7 1

Output 3: 00011111
0 0
1 0
2 0
3 1
4 1
5 1
6 1
7 1

Output 4: 01101111
0 0
1 1
2 1
3 0
4 1
5 1
6 1
7 1

Output 5: 11010111
0 1
1 1
2 0
3 1
4 0
5 1
6 1
7 1

Output 6: 11101111
0 1
1 1
2 1
3 0
4 1
5 1
6 1
7 1

Output 7: 00000111
0 0
1 0
2 0
3 0
4 0
5 1
6 1
7 1

Output 8: 00100111
0 0
1 0
2 1
3 0
4 0
5 1
6 1
7 1

Output 9: 00100111
0 0
1 0
2 1
3 0
4 0
5 1
6 1
7 1

Output bit columns (with bitsum as hash)
0 1010011000 4
1 0100111000 4
2 0010101011 5
3 0111010000 4
4 0101101000 4
5 1111111111 a
6 1111111111 a
7 1111111111 a

Input 0: 10110111
0 1
1 0
2 1
3 1
4 0
5 1
6 1
7 1

Input 1: 01010100
0 0
1 1
2 0
3 1
4 0
5 1
6 0
7 0

Input 2: 00000001
0 0
1 0
2 0
3 0
4 0
5 0
6 0
7 1

Input 3: 00011100
0 0
1 0
2 0
3 1
4 1
5 1
6 0
7 0

Input 4: 01100010
0 0
1 1
2 1
3 0
4 0
5 0
6 1
7 0

Input 5: 10001101
0 1
1 0
2 0
3 0
4 1
5 1
6 0
7 1

Input 6: 10110010
0 1
1 0
2 1
3 1
4 0
5 0
6 1
7 0

Input 7: 00000111
0 0
1 0
2 0
3 0
4 0
5 1
6 1
7 1

Input 8: 01000011
0 0
1 1
2 0
3 0
4 0
5 0
6 1
7 1

Input 9: 11100011
0 1
1 1
2 1
3 0
4 0
5 0
6 1
7 1

When matching output
x: not in operator
y: wrong position

Identity
0 1000011001 4
1 0100100011 4
2 1000101001 4
3 1101001000 4
4 0001010000 2
5 1101010100 5
6 1000101111 6
7 1010010111 6

Matching output
0 absent
1 absent
2 absent
3 absent
4 absent
5 absent
6 absent
7 absent

Left
none
Best: none

Right
none
Best: none

NOT
0 0111100110 6
1 1011011100 6
2 0111010110 6
3 0010110111 6
4 1110101111 8
5 0010101011 5 match 2
6 0111010000 4 match 3
7 0101101000 4 match 4

Matching output
0 absent
1 absent
2 5
3 6
4 7
5 absent
6 absent
7 absent

Left
none
Best: none

Right
none
Best: none

Constant
0 0000000000 a
1 1111111111 a match 5 6 7

Matching output
0 absent
1 absent
2 absent
3 absent
4 absent
5 C1
6 C1
7 C1

Left
none
Best: none

Right
1 1 1
Best: C1 1 1: 3

AND
01 10 0000000001 1
12 21 0000100001 2
23 32 1000001000 2
34 43 0001000000 1
45 54 0001010000 2
56 65 1000000100 2
67 76 1000000111 4
70 07 1000010001 3

02 20 1000001001 3
13 31 0100000000 1
24 42 0000000000 a
35 53 1101000000 3
46 64 0000000000 a
57 75 1000010100 3
60 06 1000001001 3
71 17 0000000011 2

03 30 1000001000 2
14 41 0000000000 a
25 52 1000000000 1
36 63 1000001000 2
47 74 0000010000 1
50 05 1000010000 2
61 16 0000100011 3
72 27 1000000001 2

04 40 0000010000 1
15 51 0100000000 1
26 62 1000101001 4
37 73 1000000000 1

Matching output
0 absent
1 absent
2 absent
3 absent
4 absent
5 absent
6 absent
7 absent

Left
none
Best: none

Right
none
Best: none

OR
01 10 1100111011 7
12 21 1100101011 6
23 32 1101101001 6
34 43 1101011000 5
45 54 1101010100 5
56 65 1101111111 9
67 76 1010111111 8
70 07 1010011111 7

02 20 1000111001 5
13 31 1101101011 7
24 42 1001111001 6
35 53 1101011100 6
46 64 1001111111 8
57 75 1111010111 8
60 06 1000111111 7
71 17 1110110111 8

03 30 1101011001 6
14 41 0101110011 6
25 52 1101111101 8
36 63 1101101111 8
47 74 1011010111 7
50 05 1101011101 7
61 16 1100101111 7
72 27 1010111111 8

04 40 1001011001 5
15 51 1101110111 8
26 62 1000101111 6
37 73 1111011111 9

Matching output
0 absent
1 absent
2 absent
3 absent
4 absent
5 absent
6 absent
7 absent

Left
none
Best: none

Right
none
Best: none

XOR
01 10 1100111010 6
12 21 1100001010 4
23 32 0101100001 4
34 43 1100011000 4
45 54 1100000100 3
56 65 0101111011 7
67 76 0010111000 4
70 07 0010001110 4

02 20 0000110000 2
13 31 1001101011 6
24 42 1001111001 6
35 53 0000011100 3
46 64 1001111111 8
57 75 0111000011 5
60 06 0000110110 4
71 17 1110110100 6

03 30 0101010001 4
14 41 0101110011 6
25 52 0101111101 7
36 63 0101100111 6
47 74 1011000111 6
50 05 0101001101 5
61 16 1100001100 4
72 27 0010111110 6

04 40 1001001001 4
15 51 1001110111 7
26 62 0000000110 2
37 73 0111011111 8

Matching output
0 absent
1 absent
2 absent
3 absent
4 absent
5 absent
6 absent
7 absent

Left
none
Best: none

Right
none
Best: none

AND-NOT
01 1000011000 3
12 0100000010 2
23 0000100001 2
34 1100001000 3
45 0000000000 a
56 0101010000 3
67 0000101000 2
70 0010000110 3

02 0000010000 1
13 0000100011 3
24 1000101001 4
35 0000001000 1
46 0001010000 2
57 0101000000 2
60 0000100110 3
71 1010010100 4

03 0000010001 2
14 0100100011 4
25 0000101001 3
36 0101000000 2
47 0001000000 1
50 0101000100 3
61 1000001100 3
72 0010010110 4

04 1000001001 3
15 0000100011 3
26 0000000000 a
37 0101001000 3
40 0001000000 1
51 1001010100 4
62 0000000110 2
73 0010010111 5

05 0000001001 2
16 0100000000 1
27 0000101000 2
30 0101000000 2
41 0001010000 2
52 0101010100 4
63 0000100111 4
74 1010000111 5

06 0000010000 1
17 0100100000 2
20 0000100000 1
31 1001001000 3
42 0001010000 2
53 0000010100 2
64 1000101111 6
75 0010000011 3

07 0000001000 1
10 0100100010 3
21 1000001000 2
32 0101000000 2
43 0000010000 1
54 1100000100 3
65 0000101011 4
76 0010010000 2

Matching output
0 absent
1 absent
2 absent
3 absent
4 absent
5 absent
6 absent
7 absent

Left
none
Best: none

Right
none
Best: none

OR-NOT
01 1011011101 7
12 0111110111 8
23 1010111111 8
34 1111101111 9
45 0011111011 7
56 1111010100 6
67 1101101111 8
70 1111110111 9

02 1111011111 9
13 0110110111 7
24 1110101111 8
35 1111101011 8
46 0111010000 4 match 3
57 1101111100 7
60 1111101111 9
71 1011011111 8

03 1010111111 8
14 1110101111 8
25 1010101011 6
36 1111011000 6
47 0101111000 5
50 1111110110 8
61 1011111111 9
72 1111010111 8

04 1110111111 9
15 0110101011 6
26 1111111001 8
37 1101101000 5
40 0111110110 7
51 1111011100 7
62 1111111111 a match 5 6 7
73 1010110111 7

05 1010111011 7
16 0111110011 7
27 1101101001 6
30 1111101110 8
41 1011011100 6
52 1111010110 7
63 1010111111 8
74 1110111111 9

06 1111011001 7
17 0101101011 6
20 1111101111 9
31 1111011100 7
42 0111010110 6
53 1111110111 9
64 1110101111 8
75 1010111111 8

07 1101111001 7
10 0111100111 7
21 1011111101 8
32 1111011110 8
43 0011110111 7
54 1111111111 a match 5 6 7
65 1010101111 7
76 1111010111 8

Matching output
0 absent
1 absent
2 absent
3 46
4 absent
5 62 54
6 62 54
7 62 54

Left
none
Best: none

Right
62 51x
54 43x
Best: OR-NOT62: 1

XOR-NOT
01 0011000101 4
12 0011110101 6
23 1010011110 6
34 0011100111 6
45 0011111011 7
56 1010000100 3
67 1101000111 6
70 1101110001 6

02 1111001111 8
13 0110010100 4
24 0110000110 4
35 1111100011 7
46 0110000000 2
57 1000111100 5
60 1111001001 6
71 0001001011 4

03 1010101110 6
14 1010001100 4
25 1010000010 3
36 1010011000 4 match 0
47 0100111000 4 match 1
50 1010110010 5
61 0011110011 6
72 1101000001 4

04 0110110110 6
15 0110001000 3
26 1111111001 8
37 1000100000 2
40 0110110110 6
51 0110001000 3
62 1111111001 8
73 1000100000 2

05 1010110010 5
16 0011110011 6
27 1101000001 4
30 1010101110 6
41 1010001100 4
52 1010000010 3
63 1010011000 4 match 0
74 0100111000 4 match 1

06 1111001001 6
17 0001001011 4
20 1111001111 8
31 0110010100 4
42 0110000110 4
53 1111100011 7
64 0110000000 2
75 1000111100 5

07 1101110001 6
10 0011000101 4
21 0011110101 6
32 1010011110 6
43 0011100111 6
54 0011111011 7
65 1010000100 3
76 1101000111 6

Matching output
0 36 63
1 47 74
2 absent
3 absent
4 absent
5 absent
6 absent
7 absent

Left
36 47 50x
63 74 05x
Best: XOR-NOT36 47: 2

Right
none
Best: none

Selecting

Lefts
Identity none
NOT none
Constant none
AND none
OR none
XOR none
AND-NOT none
OR-NOT none
XOR-NOT XOR-NOT36 47: 2

Rights
Identity none
NOT none
Constant C1 1 1: 3
AND none
OR none
XOR none
AND-NOT none
OR-NOT OR-NOT62: 1
XOR-NOT none

Left longest: 2
Right longest: 3

Right winner: Identity no, NOT no, Constant yes, AND no, OR no, XOR no, AND-NOT no, OR-NOT no, XOR-NOT no
Left winner: Identity no, NOT no, Constant no, AND no, OR no, XOR no, AND-NOT no, OR-NOT no, XOR-NOT yes

Best right: C1 1 1: 3
Best left: XOR-NOT36 47: 2

Truncated right: C1 1 1: 3
Truncated left: XOR-NOT36 47: 2

Tentative from right
7 C1
6 C1
5 C1
4 pending
3 pending
2 pending
1 pending
0 pending

Tentative
0 XOR-NOT36
1 XOR-NOT47
2 pending
3 pending
4 pending
5 C1
6 C1
7 C1

Preferred from right
7 C1
6 C1
5 C1
4 pending
3 pending
2 pending
1 XOR-NOT47
0 XOR-NOT36

Preferred from left
0 XOR-NOT36
1 XOR-NOT47
2 ?50
3 ?61
4 ?72
5 C1
6 C1
7 C1

Preferred
0 XOR-NOT36
1 XOR-NOT47
2 ?50 ?05
3 ?61 ?16
4 ?72 ?27
5 C1
6 C1
7 C1

Matching
0 XOR-NOT36
1 XOR-NOT47
2 ?50 ?05 - Identity absent, NOT NOT5, Constant absent, AND absent, OR absent, XOR absent, AND-NOT absent, OR-NOT absent, XOR-NOT absent
3 ?61 ?16 - Identity absent, NOT NOT6, Constant absent, AND absent, OR absent, XOR absent, AND-NOT absent, OR-NOT absent, XOR-NOT absent
4 ?72 ?27 - Identity absent, NOT NOT7, Constant absent, AND absent, OR absent, XOR absent, AND-NOT absent, OR-NOT absent, XOR-NOT absent
5 C1
6 C1
7 C1

Perfect match
Identity no
NOT yes
Constant no
AND no
OR no
XOR no
AND-NOT no
OR-NOT no
XOR-NOT no

Matched
0 XOR-NOT36
1 XOR-NOT47
2 NOT5
3 NOT6
4 NOT7
5 C1
6 C1
7 C1

Selected
0 XOR-NOT36
1 XOR-NOT47
2 NOT5
3 NOT6
4 NOT7
5 C1
6 C1
7 C1

Applying to 00111011
Input
0 0
1 0
2 1
3 1
4 1
5 0
6 1
7 1
Output
0 XOR-NOT36 = XOR(1,NOT(1)) = 1
1 XOR-NOT47 = XOR(1,NOT(1)) = 1
2 NOT5 = NOT(0) = 1
3 NOT6 = NOT(1) = 0
4 NOT7 = NOT(1) = 0
5 C1 = 1
6 C1 = 1
7 C1 = 1

I will now return the answer in \boxed{}
The answer in \boxed{–} is \boxed{11100111}
[correct]
true
