[category]
bit_manipulation
[prompt]
In Alice's Wonderland, a secret bit manipulation rule transforms 8-bit binary numbers. The transformation involves operations like bit shifts, rotations, XOR, AND, OR, NOT, and possibly majority or choice functions.

Here are some examples of input -> output:
00111110 -> 10111100
11001011 -> 11110111
11111111 -> 00011111
10100110 -> 10001101
01100010 -> 10000100
00011010 -> 01110100
00010011 -> 01000110
11100111 -> 00101111

Now, determine the output for: 00000000
[completion]
We need to deduce the transformation by matching the example outputs.
I will put my final answer inside \boxed{}.

Output 0: 10111100
0 1
1 0
2 1
3 1
4 1
5 1
6 0
7 0

Output 1: 11110111
0 1
1 1
2 1
3 1
4 0
5 1
6 1
7 1

Output 2: 00011111
0 0
1 0
2 0
3 1
4 1
5 1
6 1
7 1

Output 3: 10001101
0 1
1 0
2 0
3 0
4 1
5 1
6 0
7 1

Output 4: 10000100
0 1
1 0
2 0
3 0
4 0
5 1
6 0
7 0

Output 5: 01110100
0 0
1 1
2 1
3 1
4 0
5 1
6 0
7 0

Output 6: 01000110
0 0
1 1
2 0
3 0
4 0
5 1
6 1
7 0

Output 7: 00101111
0 0
1 0
2 1
3 0
4 1
5 1
6 1
7 1

Output bit columns (with bitsum as hash)
0 11011000 4
1 01000110 3
2 11000101 4
3 11100100 4
4 10110001 4
5 11111111 a
6 01100011 4
7 01110001 4

Input 0: 00111110
0 0
1 0
2 1
3 1
4 1
5 1
6 1
7 0

Input 1: 11001011
0 1
1 1
2 0
3 0
4 1
5 0
6 1
7 1

Input 2: 11111111
0 1
1 1
2 1
3 1
4 1
5 1
6 1
7 1

Input 3: 10100110
0 1
1 0
2 1
3 0
4 0
5 1
6 1
7 0

Input 4: 01100010
0 0
1 1
2 1
3 0
4 0
5 0
6 1
7 0

Input 5: 00011010
0 0
1 0
2 0
3 1
4 1
5 0
6 1
7 0

Input 6: 00010011
0 0
1 0
2 0
3 1
4 0
5 0
6 1
7 1

Input 7: 11100111
0 1
1 1
2 1
3 0
4 0
5 1
6 1
7 1

When matching output
x: not in operator
y: wrong position

Identity
0 01110001 4 match 7
1 01101001 4
2 10111001 5
3 10100110 4
4 11100100 4 match 3
5 10110001 4 match 4
6 11111111 a match 5
7 01100011 4 match 6

Matching output
0 absent
1 absent
2 absent
3 4
4 5
5 6
6 7
7 0

Left
none
Best: none

Right
0 7 6 5 4 3x
Best: I0 7 6 5 4: 5

NOT
0 10001110 4
1 10010110 4
2 01000110 3 match 1
3 01011001 4
4 00011011 4
5 01001110 4
6 00000000 a
7 10011100 4

Matching output
0 absent
1 2
2 absent
3 absent
4 absent
5 absent
6 absent
7 absent

Left
none
Best: none

Right
none
Best: none

Constant
0 00000000 a
1 11111111 a match 5

Matching output
0 absent
1 absent
2 absent
3 absent
4 absent
5 C1
6 absent
7 absent

Left
none
Best: none

Right
none
Best: none

AND
01 10 01100001 3
12 21 00101001 3
23 32 10100000 2
34 43 10100100 3
45 54 10100000 2
56 65 10110001 4 match 4
67 76 01100011 4 match 6
70 07 01100001 3

02 20 00110001 3
13 31 00100000 1
24 42 10100000 2
35 53 10100000 2
46 64 11100100 4 match 3
57 75 00100001 2
60 06 01110001 4 match 7
71 17 01100001 3

03 30 00100000 1
14 41 01100000 2
25 52 10110001 4 match 4
36 63 10100110 4
47 74 01100000 2
50 05 00110001 3
61 16 01101001 4
72 27 00100001 2

04 40 01100000 2
15 51 00100001 2
26 62 10111001 5
37 73 00100010 2

Matching output
0 absent
1 absent
2 absent
3 46 64
4 56 65 25 52
5 absent
6 67 76
7 60 06

Left
none
Best: none

Right
60 57x
06 75x
Best: AND60: 1

OR
01 10 01111001 5
12 21 11111001 6
23 32 10111111 7
34 43 11100110 5
45 54 11110101 6
56 65 11111111 a match 5
67 76 11111111 a match 5
70 07 01110011 5

02 20 11111001 6
13 31 11101111 7
24 42 11111101 7
35 53 10110111 6
46 64 11111111 a match 5
57 75 11110011 6
60 06 11111111 a match 5
71 17 01101011 5

03 30 11110111 7
14 41 11101101 6
25 52 10111001 5
36 63 11111111 a match 5
47 74 11100111 6
50 05 11110001 5
61 16 11111111 a match 5
72 27 11111011 7

04 40 11110101 6
15 51 11111001 6
26 62 11111111 a match 5
37 73 11100111 6

Matching output
0 absent
1 absent
2 absent
3 absent
4 absent
5 56 65 67 76 46 64 60 06 36 63 61 16 26 62
6 absent
7 absent

Left
none
Best: none

Right
none
Best: none

XOR
01 10 00011000 2
12 21 11010000 3
23 32 00011111 5
34 43 01000010 2
45 54 01010101 4
56 65 01001110 4
67 76 10011100 4
70 07 00010010 2

02 20 11001000 3
13 31 11001111 6
24 42 01011101 5
35 53 00010111 4
46 64 00011011 4
57 75 11010010 4
60 06 10001110 4
71 17 00001010 2

03 30 11010111 6
14 41 10001101 4
25 52 00001000 1
36 63 01011001 4
47 74 10000111 4
50 05 11000000 2
61 16 10010110 4
72 27 11011010 5

04 40 10010101 4
15 51 11011000 4 match 0
26 62 01000110 3 match 1
37 73 11000101 4 match 2

Matching output
0 15 51
1 26 62
2 37 73
3 absent
4 absent
5 absent
6 absent
7 absent

Left
15 26 37 40x
51 62 73 04x
Best: XOR15 26 37: 3

Right
none
Best: none

AND-NOT
01 00010000 1
12 01000000 1
23 00011001 3
34 00000010 1
45 01000100 2
56 00000000 a
67 10011100 4
70 00000010 1

02 01000000 1
13 01001001 3
24 00011001 3
35 00000110 2
46 00000000 a
57 10010000 2
60 10001110 4
71 00000010 1

03 01010001 3
14 00001001 2
25 00001000 1
36 00000000 a
47 10000100 2
50 10000000 1
61 10010110 4
72 01000010 2

04 00010001 2
15 01001000 2
26 00000000 a
37 10000100 2
40 10000100 2
51 10010000 2
62 01000110 3 match 1
73 01000001 2

05 01000000 1
16 00000000 a
27 10011000 3
30 10000110 3
41 10000100 2
52 00000000 a
63 01011001 4
74 00000011 2

06 00000000 a
17 00001000 1
20 10001000 2
31 10000110 3
42 01000100 2
53 00010001 2
64 00011011 4
75 01000010 2

07 00010000 1
10 00001000 1
21 10010000 2
32 00000110 2
43 01000000 1
54 00010001 2
65 01001110 4
76 00000000 a

Matching output
0 absent
1 62
2 absent
3 absent
4 absent
5 absent
6 absent
7 absent

Left
none
Best: none

Right
none
Best: none

OR-NOT
01 11110111 7
12 01101111 6
23 11111001 6
34 10111111 7
45 11101110 6
56 10110001 4 match 4
67 11111111 a match 5
70 11101111 7

02 01110111 6
13 01111001 5
24 10111011 6
35 11101110 6
46 11100100 4 match 3
57 10111101 6
60 11111111 a match 5
71 11110111 7

03 01111001 5
14 01111011 6
25 11111111 a match 5
36 10100110 4
47 11111100 6
50 10111111 7
61 11111111 a match 5
72 01100111 5

04 01111011 6
15 01101111 6
26 10111001 5
37 10111110 6
40 11101110 6
51 10110111 6
62 11111111 a match 5
73 01111011 6

05 01111111 7
16 01101001 4
27 10111101 6
30 10101110 5
41 11110110 6
52 11110111 7
63 11111111 a match 5
74 01111011 6

06 01110001 4 match 7
17 11111101 7
20 10111111 7
31 10110110 5
42 11100110 5
53 11111001 6
64 11111111 a match 5
75 01101111 6

07 11111101 7
10 11101111 7
21 10111111 7
32 11100110 5
43 11111101 7
54 10111011 6
65 11111111 a match 5
76 01100011 4 match 6

Matching output
0 absent
1 absent
2 absent
3 46
4 56
5 67 60 25 61 62 63 64 65
6 76
7 06

Left
none
Best: none

Right
06 75x
Best: OR-NOT06: 1

XOR-NOT
01 11100111 6
12 00101111 5
23 11100000 3
34 10111101 6
45 10101010 4
56 10110001 4 match 4
67 01100011 4 match 6
70 11101101 6

02 00110111 5
13 00110000 2
24 10100010 3
35 11101000 4
46 11100100 4 match 3
57 00101101 4
60 01110001 4 match 7
71 11110101 6

03 00101000 2
14 01110010 4
25 11110111 7
36 10100110 4
47 01111000 4
50 00111111 6
61 01101001 4
72 00100101 3

04 01101010 4
15 00100111 4
26 10111001 5
37 00111010 4
40 01101010 4
51 00100111 4
62 10111001 5
73 00111010 4

05 00111111 6
16 01101001 4
27 00100101 3
30 00101000 2
41 01110010 4
52 11110111 7
63 10100110 4
74 01111000 4

06 01110001 4 match 7
17 11110101 6
20 00110111 5
31 00110000 2
42 10100010 3
53 11101000 4
64 11100100 4 match 3
75 00101101 4

07 11101101 6
10 11100111 6
21 00101111 5
32 11100000 3
43 10111101 6
54 10101010 4
65 10110001 4 match 4
76 01100011 4 match 6

Matching output
0 absent
1 absent
2 absent
3 46 64
4 56 65
5 absent
6 67 76
7 60 06

Left
none
Best: none

Right
60 57x
06 75x
Best: XOR-NOT60: 1

Selecting

Lefts
Identity none
NOT none
Constant none
AND none
OR none
XOR XOR15 26 37: 3
AND-NOT none
OR-NOT none
XOR-NOT none

Rights
Identity I0 7 6 5 4: 5
NOT none
Constant none
AND AND60: 1
OR none
XOR none
AND-NOT none
OR-NOT OR-NOT06: 1
XOR-NOT XOR-NOT60: 1

Left longest: 3
Right longest: 5

Right winner: Identity yes, NOT no, Constant no, AND no, OR no, XOR no, AND-NOT no, OR-NOT no, XOR-NOT no
Left winner: Identity no, NOT no, Constant no, AND no, OR no, XOR yes, AND-NOT no, OR-NOT no, XOR-NOT no

Best right: I0 7 6 5 4: 5
Best left: XOR15 26 37: 3

Truncated right: I0 7 6 5 4: 5
Truncated left: XOR15 26 37: 3

Tentative from right
7 I0
6 I7
5 I6
4 I5
3 I4
2 pending
1 pending
0 pending

Tentative
0 XOR15
1 XOR26
2 XOR37
3 I4
4 I5
5 I6
6 I7
7 I0

Preferred from right
7 I0
6 I7
5 I6
4 I5
3 I4
2 XOR37
1 XOR26
0 XOR15

Preferred from left
0 XOR15
1 XOR26
2 XOR37
3 I4
4 I5
5 I6
6 I7
7 I0

Preferred
0 XOR15
1 XOR26
2 XOR37
3 I4
4 I5
5 I6
6 I7
7 I0

Matching
0 XOR15
1 XOR26
2 XOR37
3 I4
4 I5
5 I6
6 I7
7 I0

Perfect match
Identity no
NOT no
Constant no
AND no
OR no
XOR no
AND-NOT no
OR-NOT no
XOR-NOT no

Matched
0 XOR15
1 XOR26
2 XOR37
3 I4
4 I5
5 I6
6 I7
7 I0

Selected
0 XOR15
1 XOR26
2 XOR37
3 I4
4 I5
5 I6
6 I7
7 I0

Applying to 00000000
Input
0 0
1 0
2 0
3 0
4 0
5 0
6 0
7 0
Output
0 XOR15 = XOR(0,0) = 0
1 XOR26 = XOR(0,0) = 0
2 XOR37 = XOR(0,0) = 0
3 I4 = 0
4 I5 = 0
5 I6 = 0
6 I7 = 0
7 I0 = 0

I will now return the answer in \boxed{}
The answer in \boxed{–} is \boxed{00000000}
[correct]
true
