[category]
bit_manipulation
[prompt]
In Alice's Wonderland, a secret bit manipulation rule transforms 8-bit binary numbers. The transformation involves operations like bit shifts, rotations, XOR, AND, OR, NOT, and possibly majority or choice functions.

Here are some examples of input -> output:
11011001 -> 11001111
10110111 -> 10111111
11110110 -> 10111111
10001010 -> 01011100
10100101 -> 00101111
01100001 -> 00001111
01110100 -> 10100111
00111001 -> 11001011
00100000 -> 00000011

Now, determine the output for: 11000010
[completion]
We need to deduce the transformation by matching the example outputs.
I will put my final answer inside \boxed{}.

Output 0: 11001111
0 1
1 1
2 0
3 0
4 1
5 1
6 1
7 1

Output 1: 10111111
0 1
1 0
2 1
3 1
4 1
5 1
6 1
7 1

Output 2: 10111111
0 1
1 0
2 1
3 1
4 1
5 1
6 1
7 1

Output 3: 01011100
0 0
1 1
2 0
3 1
4 1
5 1
6 0
7 0

Output 4: 00101111
0 0
1 0
2 1
3 0
4 1
5 1
6 1
7 1

Output 5: 00001111
0 0
1 0
2 0
3 0
4 1
5 1
6 1
7 1

Output 6: 10100111
0 1
1 0
2 1
3 0
4 0
5 1
6 1
7 1

Output 7: 11001011
0 1
1 1
2 0
3 0
4 1
5 0
6 1
7 1

Output 8: 00000011
0 0
1 0
2 0
3 0
4 0
5 0
6 1
7 1

Output bit columns (with bitsum as hash)
0 111000110 5
1 100100010 3
2 011010100 4
3 011100000 3
4 111111010 7
5 111111100 7
6 111011111 8
7 111011111 8

Input 0: 11011001
0 1
1 1
2 0
3 1
4 1
5 0
6 0
7 1

Input 1: 10110111
0 1
1 0
2 1
3 1
4 0
5 1
6 1
7 1

Input 2: 11110110
0 1
1 1
2 1
3 1
4 0
5 1
6 1
7 0

Input 3: 10001010
0 1
1 0
2 0
3 0
4 1
5 0
6 1
7 0

Input 4: 10100101
0 1
1 0
2 1
3 0
4 0
5 1
6 0
7 1

Input 5: 01100001
0 0
1 1
2 1
3 0
4 0
5 0
6 0
7 1

Input 6: 01110100
0 0
1 1
2 1
3 1
4 0
5 1
6 0
7 0

Input 7: 00111001
0 0
1 0
2 1
3 1
4 1
5 0
6 0
7 1

Input 8: 00100000
0 0
1 0
2 1
3 0
4 0
5 0
6 0
7 0

When matching output
x: not in operator
y: wrong position

Identity
0 111110000 5
1 101001100 4
2 011011111 7
3 111000110 5 match 0
4 100100010 3 match 1
5 011010100 4 match 2
6 011100000 3 match 3
7 110011010 5

Matching output
0 3
1 4
2 5
3 6
4 absent
5 absent
6 absent
7 absent

Left
3 4 5 6 7x
Best: I3 4 5 6: 4

Right
none
Best: none

NOT
0 000001111 4
1 010110011 5
2 100100000 2
3 000111001 4
4 011011101 6
5 100101011 5
6 100011111 6
7 001100101 4

Matching output
0 absent
1 absent
2 absent
3 absent
4 absent
5 absent
6 absent
7 absent

Left
none
Best: none

Right
none
Best: none

Constant
0 000000000 a
1 111111111 a

Matching output
0 absent
1 absent
2 absent
3 absent
4 absent
5 absent
6 absent
7 absent

Left
none
Best: none

Right
none
Best: none

AND
01 10 101000000 2
12 21 001001100 3
23 32 011000110 4
34 43 100000010 2
45 54 000000000 a
56 65 011000000 2
67 76 010000000 1
70 07 110010000 3

02 20 011010000 3
13 31 101000100 3
24 42 000000010 1
35 53 011000100 3
46 64 000100000 1
57 75 010010000 2
60 06 011100000 3 match 3
71 17 100001000 2

03 30 111000000 3
14 41 100000000 1
25 52 011010100 4 match 2
36 63 011000000 2
47 74 100000010 2
50 05 011010000 3
61 16 001000000 1
72 27 010011010 4

04 40 100100000 2
15 51 001000100 2
26 62 011000000 2
37 73 110000010 3

Matching output
0 absent
1 absent
2 25 52
3 60 06
4 absent
5 absent
6 absent
7 absent

Left
none
Best: none

Right
none
Best: none

OR
01 10 111111100 7 match 5
12 21 111011111 8 match 6 7
23 32 111011111 8 match 6 7
34 43 111100110 6
45 54 111110110 7
56 65 011110100 5
67 76 111111010 7 match 4
70 07 111111010 7 match 4

02 20 111111111 a
13 31 111001110 6
24 42 111111111 a
35 53 111010110 6
46 64 111100010 5
57 75 111011110 7
60 06 111110000 5
71 17 111011110 7

03 30 111110110 7
14 41 101101110 6
25 52 011011111 7
36 63 111100110 6
47 74 110111010 6
50 05 111110100 6
61 16 111101100 6
72 27 111011111 8 match 6 7

04 40 111110010 6
15 51 111011100 6
26 62 011111111 8
37 73 111011110 7

Matching output
0 absent
1 absent
2 absent
3 absent
4 67 76 70 07
5 01 10
6 12 21 23 32 72 27
7 12 21 23 32 72 27

Left
none
Best: none

Right
12 01y
21 10y
23 12 01 70 67y
32 21 10 07 76y
72 61x
27 16x
Best: OR23 12 01 70: 4

XOR
01 10 010111100 5
12 21 110010011 5
23 32 100011001 4
34 43 011100100 4
45 54 111110110 7
56 65 000110100 3
67 76 101111010 6
70 07 001101010 4

02 20 100101111 6
13 31 010001010 3
24 42 111111101 8
35 53 100010010 3
46 64 111000010 4
57 75 101001110 5
60 06 100010000 2
71 17 011010110 5

03 30 000110110 4
14 41 001101110 5
25 52 000001011 3
36 63 100100110 4
47 74 010111000 4
50 05 100100100 3
61 16 110101100 5
72 27 101000101 4

04 40 011010010 4
15 51 110011000 4
26 62 000111111 6
37 73 001011100 4

Matching output
0 absent
1 absent
2 absent
3 absent
4 absent
5 absent
6 absent
7 absent

Left
none
Best: none

Right
none
Best: none

AND-NOT
01 010110000 3
12 100000000 1
23 000011001 3
34 011000100 3
45 100100010 3 match 1
56 000010100 2
67 001100000 2
70 000001010 2

02 100100000 2
13 000001000 1
24 011011101 6
35 100000010 2
46 100000010 2
57 001000100 2
60 000000000 a
71 010010010 3

03 000110000 2
14 001001100 3
25 000001011 3
36 100000110 3
47 000100000 1
50 000000100 1
61 010100000 2
72 100000000 1

04 011010000 3
15 100001000 2
26 000011111 5
37 001000100 2
40 000000010 1
51 010010000 2
62 000100000 1
73 000011000 2

05 100100000 2
16 100001100 3
27 001000101 3
30 000000110 2
41 000100010 2
52 000000000 a
63 000100000 1
74 010011000 3

06 100010000 2
17 001000100 2
20 000001111 4
31 010000010 2
42 100100000 2
53 000010000 1
64 011000000 2
75 100001010 3

07 001100000 2
10 000001100 2
21 010010011 4
32 100000000 1
43 000100000 1
54 011010100 4 match 2
65 000100000 1
76 100011010 4

Matching output
0 absent
1 45
2 54
3 absent
4 absent
5 absent
6 absent
7 absent

Left
none
Best: none

Right
none
Best: none

OR-NOT
01 111110011 7
12 101101100 5
23 011111111 8
34 111011111 8 match 6 7
45 100101011 5
56 111011111 8 match 6 7
67 011100101 5
70 110011111 7

02 111110000 5
13 101111101 7
24 011011111 7
35 111101111 8
46 100111111 7
57 011110101 6
60 011101111 7
71 110111011 7

03 111111001 7
14 111011101 7
25 111111111 a
36 111011111 8 match 6 7
47 101100111 6
50 011011111 7
61 011110011 6
72 110111010 6

04 111111101 8
15 101101111 7
26 111011111 8 match 6 7
37 111100111 7
40 100101111 6
51 011110111 7
62 111100000 4
73 110111011 7

05 111111011 8
16 101011111 7
27 011111111 8
30 111001111 7
41 110110011 6
52 111110100 6
63 011111001 6
74 111011111 8 match 6 7

06 111111111 a
17 101101101 6
20 011011111 7
31 111110111 8
42 100100010 3 match 1
53 011111101 7
64 011111101 7
75 110111011 7

07 111110101 7
10 101001111 6
21 011111111 8
32 111100110 6
43 100111011 6
54 011011101 6
65 111101011 7
76 110011111 7

Matching output
0 absent
1 42
2 absent
3 absent
4 absent
5 absent
6 34 56 36 26 74
7 34 56 36 26 74

Left
none
Best: none

Right
34 23x
56 45x
36 25x
26 15x
74 63x
Best: OR-NOT34: 1

XOR-NOT
01 101000011 4
12 001101100 4
23 011100110 5
34 100011011 5
45 000001001 2
56 111001011 6
67 010000101 3
70 110010101 5

02 011010000 3
13 101110101 6
24 000000010 1
35 011101101 6
46 000111101 5
57 010110001 4
60 011101111 7
71 100101001 4

03 111001001 5
14 110010001 4
25 111110100 6
36 011011001 5
47 101000111 5
50 011011011 6
61 001010011 4
72 010111010 5

04 100101101 5
15 001100111 5
26 111000000 3
37 110100011 5
40 100101101 5
51 001100111 5
62 111000000 3
73 110100011 5

05 011011011 6
16 001010011 4
27 010111010 5
30 111001001 5
41 110010001 4
52 111110100 6
63 011011001 5
74 101000111 5

06 011101111 7
17 100101001 4
20 011010000 3
31 101110101 6
42 000000010 1
53 011101101 6
64 000111101 5
75 010110001 4

07 110010101 5
10 101000011 4
21 001101100 4
32 011100110 5
43 100011011 5
54 000001001 2
65 111001011 6
76 010000101 3

Matching output
0 absent
1 absent
2 absent
3 absent
4 absent
5 absent
6 absent
7 absent

Left
none
Best: none

Right
none
Best: none

Selecting

Lefts
Identity I3 4 5 6: 4
NOT none
Constant none
AND none
OR none
XOR none
AND-NOT none
OR-NOT none
XOR-NOT none

Rights
Identity none
NOT none
Constant none
AND none
OR OR23 12 01 70: 4
XOR none
AND-NOT none
OR-NOT OR-NOT34: 1
XOR-NOT none

Left longest: 4
Right longest: 4

Left winner: Identity yes, NOT no, Constant no, AND no, OR no, XOR no, AND-NOT no, OR-NOT no, XOR-NOT no
Right winner: Identity no, NOT no, Constant no, AND no, OR yes, XOR no, AND-NOT no, OR-NOT no, XOR-NOT no

Best left: I3 4 5 6: 4
Best right: OR23 12 01 70: 4

Truncated left: I3 4 5 6: 4
Truncated right: OR23 12 01 70: 4

Tentative from right
7 OR23
6 OR12
5 OR01
4 OR70
3 pending
2 pending
1 pending
0 pending

Tentative
0 I3
1 I4
2 I5
3 I6
4 OR70
5 OR01
6 OR12
7 OR23

Preferred from left
0 I3
1 I4
2 I5
3 I6
4 OR70
5 OR01
6 OR12
7 OR23

Preferred from right
7 OR23
6 OR12
5 OR01
4 OR70
3 I6
2 I5
1 I4
0 I3

Preferred
0 I3
1 I4
2 I5
3 I6
4 OR70
5 OR01
6 OR12
7 OR23

Matching
0 I3
1 I4
2 I5
3 I6
4 OR70
5 OR01
6 OR12
7 OR23

Perfect match
Identity no
NOT no
Constant no
AND no
OR no
XOR no
AND-NOT no
OR-NOT no
XOR-NOT no

Matched
0 I3
1 I4
2 I5
3 I6
4 OR70
5 OR01
6 OR12
7 OR23

Selected
0 I3
1 I4
2 I5
3 I6
4 OR70
5 OR01
6 OR12
7 OR23

Applying to 11000010
Input
0 1
1 1
2 0
3 0
4 0
5 0
6 1
7 0
Output
0 I3 = 0
1 I4 = 0
2 I5 = 0
3 I6 = 1
4 OR70 = OR(0,1) = 1
5 OR01 = OR(1,1) = 1
6 OR12 = OR(1,0) = 1
7 OR23 = OR(0,0) = 0

I will now return the answer in \boxed{}
The answer in \boxed{–} is \boxed{00011110}
[correct]
true
