[category]
bit_manipulation
[prompt]
In Alice's Wonderland, a secret bit manipulation rule transforms 8-bit binary numbers. The transformation involves operations like bit shifts, rotations, XOR, AND, OR, NOT, and possibly majority or choice functions.

Here are some examples of input -> output:
01011101 -> 01001010
10111010 -> 10010101
00000111 -> 00011000
10111001 -> 11001101
11110111 -> 00011111
10001111 -> 00011100
11110101 -> 00001111
11111110 -> 00110111
00011000 -> 11000000
10010000 -> 10000100

Now, determine the output for: 10101000
[completion]
We need to deduce the transformation by matching the example outputs.
I will put my final answer inside \boxed{}.

Output 0: 01001010
0 0
1 1
2 0
3 0
4 1
5 0
6 1
7 0

Output 1: 10010101
0 1
1 0
2 0
3 1
4 0
5 1
6 0
7 1

Output 2: 00011000
0 0
1 0
2 0
3 1
4 1
5 0
6 0
7 0

Output 3: 11001101
0 1
1 1
2 0
3 0
4 1
5 1
6 0
7 1

Output 4: 00011111
0 0
1 0
2 0
3 1
4 1
5 1
6 1
7 1

Output 5: 00011100
0 0
1 0
2 0
3 1
4 1
5 1
6 0
7 0

Output 6: 00001111
0 0
1 0
2 0
3 0
4 1
5 1
6 1
7 1

Output 7: 00110111
0 0
1 0
2 1
3 1
4 0
5 1
6 1
7 1

Output 8: 11000000
0 1
1 1
2 0
3 0
4 0
5 0
6 0
7 0

Output 9: 10000100
0 1
1 0
2 0
3 0
4 0
5 1
6 0
7 0

Output bit columns (with bitsum as hash)
0 0101000011 4
1 1001000010 3
2 0000000100 1
3 0110110100 5
4 1011111000 6
5 0101111101 7
6 1000101100 4
7 0101101100 5

Input 0: 01011101
0 0
1 1
2 0
3 1
4 1
5 1
6 0
7 1

Input 1: 10111010
0 1
1 0
2 1
3 1
4 1
5 0
6 1
7 0

Input 2: 00000111
0 0
1 0
2 0
3 0
4 0
5 1
6 1
7 1

Input 3: 10111001
0 1
1 0
2 1
3 1
4 1
5 0
6 0
7 1

Input 4: 11110111
0 1
1 1
2 1
3 1
4 0
5 1
6 1
7 1

Input 5: 10001111
0 1
1 0
2 0
3 0
4 1
5 1
6 1
7 1

Input 6: 11110101
0 1
1 1
2 1
3 1
4 0
5 1
6 0
7 1

Input 7: 11111110
0 1
1 1
2 1
3 1
4 1
5 1
6 1
7 0

Input 8: 00011000
0 0
1 0
2 0
3 1
4 1
5 0
6 0
7 0

Input 9: 10010000
0 1
1 0
2 0
3 1
4 0
5 0
6 0
7 0

When matching output
x: not in operator
y: wrong position

Identity
0 0101111101 7 match 5
1 1000101100 4 match 6
2 0101101100 5 match 7
3 1101101111 8
4 1101010110 6
5 1010111100 6
6 0110110100 5 match 3
7 1011111000 6 match 4

Matching output
0 absent
1 absent
2 absent
3 6
4 7
5 0
6 1
7 2

Left
none
Best: none

Right
2 1 0 7 6 5x
Best: I2 1 0 7 6: 5

NOT
0 1010000010 3
1 0111010011 6
2 1010010011 5
3 0010010000 2
4 0010101001 4
5 0101000011 4 match 0
6 1001001011 5
7 0100000111 4

Matching output
0 5
1 absent
2 absent
3 absent
4 absent
5 absent
6 absent
7 absent

Left
5 6x
Best: NOT5: 1

Right
none
Best: none

Constant
0 0000000000 a
1 1111111111 a

Matching output
0 absent
1 absent
2 absent
3 absent
4 absent
5 absent
6 absent
7 absent

Left
none
Best: none

Right
none
Best: none

AND
01 10 0000101100 3
12 21 0000101100 3
23 32 0101101100 5 match 7
34 43 1101000110 5
45 54 1000010100 3
56 65 0010110100 4
67 76 0010110000 3
70 07 0001111000 4

02 20 0101101100 5 match 7
13 31 1000101100 4 match 6
24 42 0101000100 3
35 53 1000101100 4 match 6
46 64 0100010100 3
57 75 1010111000 5
60 06 0100110100 4
71 17 1000101000 3

03 30 0101101101 6
14 41 1000000100 2
25 52 0000101100 3
36 63 0100100100 3
47 74 1001010000 3
50 05 0000111100 4
61 16 0000100100 2
72 27 0001101000 3

04 40 0101010100 4
15 51 1000101100 4 match 6
26 62 0100100100 3
37 73 1001101000 4

Matching output
0 absent
1 absent
2 absent
3 absent
4 absent
5 absent
6 13 31 35 53 15 51
7 23 32 02 20

Left
none
Best: none

Right
23 12x
32 21x
02 71x
20 17x
Best: AND23: 1

OR
01 10 1101111101 8
12 21 1101101100 6
23 32 1101101111 8
34 43 1101111111 9
45 54 1111111110 9
56 65 1110111100 7
67 76 1111111100 8
70 07 1111111101 9

02 20 0101111101 7 match 5
13 31 1101101111 8
24 42 1101111110 8
35 53 1111111111 a
46 64 1111110110 8
57 75 1011111100 7
60 06 0111111101 8
71 17 1011111100 7

03 30 1101111111 9
14 41 1101111110 8
25 52 1111111100 8
36 63 1111111111 a
47 74 1111111110 9
50 05 1111111101 9
61 16 1110111100 7
72 27 1111111100 8

04 40 1101111111 9
15 51 1010111100 6
26 62 0111111100 7
37 73 1111111111 a

Matching output
0 absent
1 absent
2 absent
3 absent
4 absent
5 02 20
6 absent
7 absent

Left
none
Best: none

Right
none
Best: none

XOR
01 10 1101010001 5
12 21 1101000000 3
23 32 1000000011 3
34 43 0000111001 4
45 54 0111101010 6
56 65 1100001000 3
67 76 1101001100 5
70 07 1110000101 5

02 20 0000010001 2
13 31 0101000011 4 match 0
24 42 1000111010 5
35 53 0111010011 6
46 64 1011100010 5
57 75 0001000100 2
60 06 0011001001 4
71 17 0011010100 4

03 30 1000010010 3
14 41 0101111010 6
25 52 1111010000 5
36 63 1011011011 7
47 74 0110101110 6
50 05 1111000001 5
61 16 1110011000 5
72 27 1110010100 5

04 40 1000101011 5
15 51 0010010000 2
26 62 0011011000 4
37 73 0110010111 6

Matching output
0 13 31
1 absent
2 absent
3 absent
4 absent
5 absent
6 absent
7 absent

Left
13 24x
31 42x
Best: XOR13: 1

Right
none
Best: none

AND-NOT
01 0101010001 4
12 1000000000 1
23 0000000000 a
34 0000101001 3
45 0101000010 3
56 1000001000 2
67 0100000100 2
70 1010000000 2

02 0000010001 2
13 0000000000 a
24 0000101000 2
35 0101000011 4 match 0
46 1001000010 3 match 1
57 0000000100 1 match 2
60 0010000000 1
71 0011010000 3

03 0000010000 1
14 0000101000 2
25 0101000000 2
36 1001001011 5
47 0100000110 3
50 1010000000 2
61 0110010000 3
72 1010010000 3

04 0000101001 3
15 0000000000 a
26 0001001000 2
37 0100000111 4
40 1000000010 2
51 0010010000 2
62 0010010000 2
73 0010010000 2

05 0101000001 3
16 1000001000 2
27 0100000100 2
30 1000000010 2
41 0101010010 4
52 1010010000 3
63 0010010000 2
74 0010101000 3

06 0001001001 3
17 0000000100 1 match 2
20 0000000000 a
31 0101000011 4 match 0
42 1000010010 3
53 0010010000 2
64 0010100000 2
75 0001000000 1

07 0100000101 3
10 1000000000 1
21 0101000000 2
32 1000000011 3
43 0000010000 1
54 0010101000 3
65 0100000000 1
76 1001001000 3

Matching output
0 35 31
1 46
2 57 17
3 absent
4 absent
5 absent
6 absent
7 absent

Left
35 46 57 60x
31 42x
Best: AND-NOT35 46 57: 3

Right
none
Best: none

OR-NOT
01 0111111111 9
12 1010111111 8
23 0111111100 7
34 1111101111 9
45 1101010111 7
56 1011111111 9
67 0110110111 7
70 1011111010 7

02 1111111111 a
13 1010111100 6
24 0111101101 7
35 1101101111 8
46 1101011111 8
57 1110111111 9
60 1110110110 7
71 1111111011 9

03 0111111101 8
14 1010101101 6
25 0101101111 7
36 1101101111 8
47 1101010111 7
50 1010111110 7
61 0111110111 8
72 1011111011 8

04 0111111101 8
15 1101101111 8
26 1101101111 8
37 1101101111 8
40 1111010110 7
51 1111111111 a
62 1110110111 8
73 1011111000 6 match 4

05 0101111111 8
16 1001101111 7
27 0101101111 7
30 1111101111 9
41 1111010111 8
52 1010111111 8
63 0110110100 5 match 3
74 1011111001 7

06 1101111111 9
17 1100101111 7
20 1111101110 8
31 1111111111 a
42 1111010111 8
53 1010111100 6
64 0110111101 7
75 1111111011 9

07 0101111111 8
10 1010101110 6
21 0111111111 9
32 1111111111 a
43 1111010110 7
54 1010111101 7
65 0111110111 8
76 1011111011 8

Matching output
0 absent
1 absent
2 absent
3 63
4 73
5 absent
6 absent
7 absent

Left
none
Best: none

Right
none
Best: none

XOR-NOT
01 0010101110 5
12 0010111111 7
23 0111111100 7
34 1111000110 6
45 1000010101 4
56 0011110111 7
67 0010110011 5
70 0001111010 5

02 1111101110 8
13 1010111100 6
24 0111000101 5
35 1000101100 4 match 6
46 0100011101 5
57 1110111011 8
60 1100110110 6
71 1100101011 6

03 0111101101 7
14 1010000101 4
25 0000101111 5
36 0100100100 3
47 1001010001 4
50 0000111110 5
61 0001100111 5
72 0001101011 5

04 0111010100 5
15 1101101111 8
26 1100100111 6
37 1001101000 4
40 0111010100 5
51 1101101111 8
62 1100100111 6
73 1001101000 4

05 0000111110 5
16 0001100111 5
27 0001101011 5
30 0111101101 7
41 1010000101 4
52 0000101111 5
63 0100100100 3
74 1001010001 4

06 1100110110 6
17 1100101011 6
20 1111101110 8
31 1010111100 6
42 0111000101 5
53 1000101100 4 match 6
64 0100011101 5
75 1110111011 8

07 0001111010 5
10 0010101110 5
21 0010111111 7
32 0111111100 7
43 1111000110 6
54 1000010101 4
65 0011110111 7
76 0010110011 5

Matching output
0 absent
1 absent
2 absent
3 absent
4 absent
5 absent
6 35 53
7 absent

Left
none
Best: none

Right
none
Best: none

Selecting

Lefts
Identity none
NOT NOT5: 1
Constant none
AND none
OR none
XOR XOR13: 1
AND-NOT AND-NOT35 46 57: 3
OR-NOT none
XOR-NOT none

Rights
Identity I2 1 0 7 6: 5
NOT none
Constant none
AND AND23: 1
OR none
XOR none
AND-NOT none
OR-NOT none
XOR-NOT none

Left longest: 3
Right longest: 5

Right winner: Identity yes, NOT no, Constant no, AND no, OR no, XOR no, AND-NOT no, OR-NOT no, XOR-NOT no
Left winner: Identity no, NOT no, Constant no, AND no, OR no, XOR no, AND-NOT yes, OR-NOT no, XOR-NOT no

Best right: I2 1 0 7 6: 5
Best left: AND-NOT35 46 57: 3

Truncated right: I2 1 0 7 6: 5
Truncated left: AND-NOT35 46 57: 3

Tentative from right
7 I2
6 I1
5 I0
4 I7
3 I6
2 pending
1 pending
0 pending

Tentative
0 AND-NOT35
1 AND-NOT46
2 AND-NOT57
3 I6
4 I7
5 I0
6 I1
7 I2

Preferred from right
7 I2
6 I1
5 I0
4 I7
3 I6
2 AND-NOT57
1 AND-NOT46
0 AND-NOT35

Preferred from left
0 AND-NOT35
1 AND-NOT46
2 AND-NOT57
3 I6
4 I7
5 I0
6 I1
7 I2

Preferred
0 AND-NOT35
1 AND-NOT46
2 AND-NOT57
3 I6
4 I7
5 I0
6 I1
7 I2

Matching
0 AND-NOT35
1 AND-NOT46
2 AND-NOT57
3 I6
4 I7
5 I0
6 I1
7 I2

Perfect match
Identity no
NOT no
Constant no
AND no
OR no
XOR no
AND-NOT no
OR-NOT no
XOR-NOT no

Matched
0 AND-NOT35
1 AND-NOT46
2 AND-NOT57
3 I6
4 I7
5 I0
6 I1
7 I2

Selected
0 AND-NOT35
1 AND-NOT46
2 AND-NOT57
3 I6
4 I7
5 I0
6 I1
7 I2

Applying to 10101000
Input
0 1
1 0
2 1
3 0
4 1
5 0
6 0
7 0
Output
0 AND-NOT35 = AND(0,NOT(0)) = 0
1 AND-NOT46 = AND(1,NOT(0)) = 1
2 AND-NOT57 = AND(0,NOT(0)) = 0
3 I6 = 0
4 I7 = 0
5 I0 = 1
6 I1 = 0
7 I2 = 1

I will now return the answer in \boxed{}
The answer in \boxed{–} is \boxed{01000101}
[correct]
true
