[category]
bit_manipulation
[prompt]
In Alice's Wonderland, a secret bit manipulation rule transforms 8-bit binary numbers. The transformation involves operations like bit shifts, rotations, XOR, AND, OR, NOT, and possibly majority or choice functions.

Here are some examples of input -> output:
10101101 -> 00110101
00000100 -> 10000000
10011101 -> 00110011
00000011 -> 11100000
01001111 -> 01101001
10101010 -> 01010101
00001011 -> 11100001
00001111 -> 01100001
01001100 -> 10001001
11110100 -> 10011110

Now, determine the output for: 00011110
[completion]
We need to deduce the transformation by matching the example outputs.
I will put my final answer inside \boxed{}.

Output 0: 00110101
0 0
1 0
2 1
3 1
4 0
5 1
6 0
7 1

Output 1: 10000000
0 1
1 0
2 0
3 0
4 0
5 0
6 0
7 0

Output 2: 00110011
0 0
1 0
2 1
3 1
4 0
5 0
6 1
7 1

Output 3: 11100000
0 1
1 1
2 1
3 0
4 0
5 0
6 0
7 0

Output 4: 01101001
0 0
1 1
2 1
3 0
4 1
5 0
6 0
7 1

Output 5: 01010101
0 0
1 1
2 0
3 1
4 0
5 1
6 0
7 1

Output 6: 11100001
0 1
1 1
2 1
3 0
4 0
5 0
6 0
7 1

Output 7: 01100001
0 0
1 1
2 1
3 0
4 0
5 0
6 0
7 1

Output 8: 10001001
0 1
1 0
2 0
3 0
4 1
5 0
6 0
7 1

Output 9: 10011110
0 1
1 0
2 0
3 1
4 1
5 1
6 1
7 0

Output bit columns (with bitsum as hash)
0 0101001011 5
1 0001111100 5
2 1011101100 6
3 1010010001 4
4 0000100011 3
5 1000010001 3
6 0010000001 2
7 1010111110 7

Input 0: 10101101
0 1
1 0
2 1
3 0
4 1
5 1
6 0
7 1

Input 1: 00000100
0 0
1 0
2 0
3 0
4 0
5 1
6 0
7 0

Input 2: 10011101
0 1
1 0
2 0
3 1
4 1
5 1
6 0
7 1

Input 3: 00000011
0 0
1 0
2 0
3 0
4 0
5 0
6 1
7 1

Input 4: 01001111
0 0
1 1
2 0
3 0
4 1
5 1
6 1
7 1

Input 5: 10101010
0 1
1 0
2 1
3 0
4 1
5 0
6 1
7 0

Input 6: 00001011
0 0
1 0
2 0
3 0
4 1
5 0
6 1
7 1

Input 7: 00001111
0 0
1 0
2 0
3 0
4 1
5 1
6 1
7 1

Input 8: 01001100
0 0
1 1
2 0
3 0
4 1
5 1
6 0
7 0

Input 9: 11110100
0 1
1 1
2 1
3 1
4 0
5 1
6 0
7 0

When matching output
x: not in operator
y: wrong position

Identity
0 1010010001 4 match 3
1 0000100011 3 match 4
2 1000010001 3 match 5
3 0010000001 2 match 6
4 1010111110 7 match 7
5 1110100111 7
6 0001111100 5 match 1
7 1011101100 6 match 2

Matching output
0 absent
1 6
2 7
3 0
4 1
5 2
6 3
7 4

Left
none
Best: none

Right
4 3 2 1 0 7 6 5x
Best: I4 3 2 1 0 7 6: 7

NOT
0 0101101110 6
1 1111011100 7
2 0111101110 7
3 1101111110 8
4 0101000001 3
5 0001011000 3
6 1110000011 5
7 0100010011 4

Matching output
0 absent
1 absent
2 absent
3 absent
4 absent
5 absent
6 absent
7 absent

Left
none
Best: none

Right
none
Best: none

Constant
0 0000000000 a
1 1111111111 a

Matching output
0 absent
1 absent
2 absent
3 absent
4 absent
5 absent
6 absent
7 absent

Left
none
Best: none

Right
none
Best: none

AND
01 10 0000000001 1
12 21 0000000001 1
23 32 0000000001 1
34 43 0010000000 1
45 54 1010100110 5
56 65 0000100100 2
67 76 0001101100 4
70 07 1010000000 2

02 20 1000010001 3 match 5
13 31 0000000001 1
24 42 1000010000 2
35 53 0010000001 2 match 6
46 64 0000111100 4
57 75 1010100100 4
60 06 0000010000 1
71 17 0000100000 1

03 30 0010000001 2 match 6
14 41 0000100010 2
25 52 1000000001 2
36 63 0000000000 a
47 74 1010101100 5
50 05 1010000001 3
61 16 0000100000 1
72 27 1000000000 1

04 40 1010010000 3
15 51 0000100011 3 match 4
26 62 0000010000 1
37 73 0010000000 1

Matching output
0 absent
1 absent
2 absent
3 absent
4 15 51
5 02 20
6 35 53 03 30
7 absent

Left
none
Best: none

Right
none
Best: none

OR
01 10 1010110011 6
12 21 1000110011 5
23 32 1010010001 4 match 3
34 43 1010111111 8
45 54 1110111111 9
56 65 1111111111 a
67 76 1011111100 7
70 07 1011111101 8

02 20 1010010001 4 match 3
13 31 0010100011 4
24 42 1010111111 8
35 53 1110100111 7
46 64 1011111110 8
57 75 1111101111 9
60 06 1011111101 8
71 17 1011101111 8

03 30 1010010001 4 match 3
14 41 1010111111 8
25 52 1110110111 8
36 63 0011111101 7
47 74 1011111110 8
50 05 1110110111 8
61 16 0001111111 7
72 27 1011111101 8

04 40 1010111111 8
15 51 1110100111 7
26 62 1001111101 7
37 73 1011101101 7

Matching output
0 absent
1 absent
2 absent
3 23 32 02 20 03 30
4 absent
5 absent
6 absent
7 absent

Left
none
Best: none

Right
none
Best: none

XOR
01 10 1010110010 5
12 21 1000110010 4
23 32 1010010000 3
34 43 1000111111 7
45 54 0100011001 4
56 65 1111011011 8
67 76 1010010000 3
70 07 0001111101 6

02 20 0010000000 1
13 31 0010100010 3
24 42 0010101111 6
35 53 1100100110 5
46 64 1011000010 4
57 75 0101001011 5 match 0
60 06 1011101101 7
71 17 1011001111 7

03 30 1000010000 2
14 41 1010011101 6
25 52 0110110110 6
36 63 0011111101 7
47 74 0001010010 3
50 05 0100110110 5
61 16 0001011111 6
72 27 0011111101 7

04 40 0000101111 5
15 51 1110000100 4
26 62 1001101101 6
37 73 1001101101 6

Matching output
0 57 75
1 absent
2 absent
3 absent
4 absent
5 absent
6 absent
7 absent

Left
57 60x
75 06x
Best: XOR57: 1

Right
none
Best: none

AND-NOT
01 1010010000 3
12 0000100010 2
23 1000010000 2
34 0000000001 1
45 0000011000 2
56 1110000011 5
67 0000010000 1
70 0001101100 4

02 0010000000 1
13 0000100010 2
24 0000000001 1
35 0000000000 a
46 1010000010 3
57 0100000011 3
60 0001101100 4
71 1011001100 5

03 1000010000 2
14 0000000001 1
25 0000010000 1
36 0010000001 2 match 6
47 0000010010 2
50 0100100110 4
61 0001011100 4
72 0011101100 5

04 0000000001 1
15 0000000000 a
26 1000000001 2
37 0000000001 1
40 0000101110 4
51 1110000100 4
62 0001101100 4
73 1001101100 5

05 0000010000 1
16 0000000011 2
27 0000010001 2
30 0000000000 a
41 1010011100 5
52 0110100110 5
63 0001111100 5 match 1
74 0001000000 1

06 1010000001 3
17 0000000011 2
20 0000000000 a
31 0010000000 1
42 0010101110 5
53 1100100110 5
64 0001000000 1
75 0001001000 2

07 0000010001 2
10 0000100010 2
21 1000010000 2
32 0010000000 1
43 1000111110 6
54 0100000001 2
65 0001011000 3
76 1010000000 2

Matching output
0 absent
1 63
2 absent
3 absent
4 absent
5 absent
6 36
7 absent

Left
none
Best: none

Right
none
Best: none

OR-NOT
01 1111011101 8
12 0111101111 8
23 1101111111 9
34 0111000001 4
45 1011111110 8
56 1110100111 7
67 0101111111 8
70 1111101110 8

02 1111111111 a
13 1101111111 9
24 1101010001 5
35 0011011001 5
46 1110111111 9
57 1110110111 8
60 0101111110 7
71 1111111100 8

03 1111111111 a
14 0101100011 5
25 1001011001 5
36 1110000011 5
47 1110111111 9
50 1111101111 9
61 1111111100 8
72 1111101110 8

04 1111010001 6
15 0001111011 6
26 1110010011 6
37 0110010011 5
40 1111111110 9
51 1111111111 a
62 0111111110 8
73 1111111110 9

05 1011011001 6
16 1110100011 6
27 1100010011 5
30 0111101111 8
41 1111111110 9
52 1111101111 9
63 1101111110 8
74 1111101101 8

06 1110010011 6
17 0100110011 5
20 1101111111 9
31 1111011101 8
42 1111111110 9
53 1111111111 a
64 0101111101 7
75 1011111100 7

07 1110010011 6
10 0101101111 7
21 1111011101 8
32 0111101111 8
43 1111111110 9
54 1111100111 8
65 0001111100 5 match 1
76 1111101111 9

Matching output
0 absent
1 65
2 absent
3 absent
4 absent
5 absent
6 absent
7 absent

Left
none
Best: none

Right
none
Best: none

XOR-NOT
01 0101001101 5
12 0111001101 6
23 0101101111 7
34 0111000000 3
45 1011100110 6
56 0000100100 2
67 0101101111 7
70 1110000010 4

02 1101111111 9
13 1101011101 7
24 1101010000 4
35 0011011001 5
46 0100111101 6
57 1010110100 5
60 0100010010 3
71 0100110000 3

03 0111101111 8
14 0101100010 4
25 1001001001 4
36 1100000010 3
47 1110101101 7
50 1011001001 5
61 1110100000 4
72 1100000010 3

04 1111010000 5
15 0001111011 6
26 0110010010 4
37 0110010010 4
40 1111010000 5
51 0001111011 6
62 0110010010 4
73 0110010010 4

05 1011001001 5
16 1110100000 4
27 1100000010 3
30 0111101111 8
41 0101100010 4
52 1001001001 4
63 1100000010 3
74 1110101101 7

06 0100010010 3
17 0100110000 3
20 1101111111 9
31 1101011101 7
42 1101010000 4
53 0011011001 5
64 0100111101 6
75 1010110100 5

07 1110000010 4
10 0101001101 5
21 0111001101 6
32 0101101111 7
43 0111000000 3
54 1011100110 6
65 0000100100 2
76 0101101111 7

Matching output
0 absent
1 absent
2 absent
3 absent
4 absent
5 absent
6 absent
7 absent

Left
none
Best: none

Right
none
Best: none

Selecting

Lefts
Identity none
NOT none
Constant none
AND none
OR none
XOR XOR57: 1
AND-NOT none
OR-NOT none
XOR-NOT none

Rights
Identity I4 3 2 1 0 7 6: 7
NOT none
Constant none
AND none
OR none
XOR none
AND-NOT none
OR-NOT none
XOR-NOT none

Left longest: 1
Right longest: 7

Right winner: Identity yes, NOT no, Constant no, AND no, OR no, XOR no, AND-NOT no, OR-NOT no, XOR-NOT no
Left winner: Identity no, NOT no, Constant no, AND no, OR no, XOR yes, AND-NOT no, OR-NOT no, XOR-NOT no

Best right: I4 3 2 1 0 7 6: 7
Best left: XOR57: 1

Truncated right: I4 3 2 1 0 7 6: 7
Truncated left: XOR57: 1

Tentative from right
7 I4
6 I3
5 I2
4 I1
3 I0
2 I7
1 I6
0 pending

Tentative
0 XOR57
1 I6
2 I7
3 I0
4 I1
5 I2
6 I3
7 I4

Preferred from right
7 I4
6 I3
5 I2
4 I1
3 I0
2 I7
1 I6
0 XOR57

Preferred from left
0 XOR57
1 I6
2 I7
3 I0
4 I1
5 I2
6 I3
7 I4

Preferred
0 XOR57
1 I6
2 I7
3 I0
4 I1
5 I2
6 I3
7 I4

Matching
0 XOR57
1 I6
2 I7
3 I0
4 I1
5 I2
6 I3
7 I4

Perfect match
Identity no
NOT no
Constant no
AND no
OR no
XOR no
AND-NOT no
OR-NOT no
XOR-NOT no

Matched
0 XOR57
1 I6
2 I7
3 I0
4 I1
5 I2
6 I3
7 I4

Selected
0 XOR57
1 I6
2 I7
3 I0
4 I1
5 I2
6 I3
7 I4

Applying to 00011110
Input
0 0
1 0
2 0
3 1
4 1
5 1
6 1
7 0
Output
0 XOR57 = XOR(1,0) = 1
1 I6 = 1
2 I7 = 0
3 I0 = 0
4 I1 = 0
5 I2 = 0
6 I3 = 1
7 I4 = 1

I will now return the answer in \boxed{}
The answer in \boxed{–} is \boxed{11000011}
[correct]
true
