[category]
bit_manipulation
[prompt]
In Alice's Wonderland, a secret bit manipulation rule transforms 8-bit binary numbers. The transformation involves operations like bit shifts, rotations, XOR, AND, OR, NOT, and possibly majority or choice functions.

Here are some examples of input -> output:
10101000 -> 00000000
01100101 -> 00000100
10100011 -> 00000100
01110100 -> 00000000
01101011 -> 00001101
11000000 -> 00000000
00111001 -> 00000100
01001011 -> 00001001
11111011 -> 00001111
01101110 -> 00001001

Now, determine the output for: 01010000
[completion]
We need to deduce the transformation by matching the example outputs.
I will put my final answer inside \boxed{}.

Output 0: 00000000
0 0
1 0
2 0
3 0
4 0
5 0
6 0
7 0

Output 1: 00000100
0 0
1 0
2 0
3 0
4 0
5 1
6 0
7 0

Output 2: 00000100
0 0
1 0
2 0
3 0
4 0
5 1
6 0
7 0

Output 3: 00000000
0 0
1 0
2 0
3 0
4 0
5 0
6 0
7 0

Output 4: 00001101
0 0
1 0
2 0
3 0
4 1
5 1
6 0
7 1

Output 5: 00000000
0 0
1 0
2 0
3 0
4 0
5 0
6 0
7 0

Output 6: 00000100
0 0
1 0
2 0
3 0
4 0
5 1
6 0
7 0

Output 7: 00001001
0 0
1 0
2 0
3 0
4 1
5 0
6 0
7 1

Output 8: 00001111
0 0
1 0
2 0
3 0
4 1
5 1
6 1
7 1

Output 9: 00001001
0 0
1 0
2 0
3 0
4 1
5 0
6 0
7 1

Output bit columns (with bitsum as hash)
0 0000000000 a
1 0000000000 a
2 0000000000 a
3 0000000000 a
4 0000100111 4
5 0110101010 5
6 0000000010 1
7 0000100111 4

Input 0: 10101000
0 1
1 0
2 1
3 0
4 1
5 0
6 0
7 0

Input 1: 01100101
0 0
1 1
2 1
3 0
4 0
5 1
6 0
7 1

Input 2: 10100011
0 1
1 0
2 1
3 0
4 0
5 0
6 1
7 1

Input 3: 01110100
0 0
1 1
2 1
3 1
4 0
5 1
6 0
7 0

Input 4: 01101011
0 0
1 1
2 1
3 0
4 1
5 0
6 1
7 1

Input 5: 11000000
0 1
1 1
2 0
3 0
4 0
5 0
6 0
7 0

Input 6: 00111001
0 0
1 0
2 1
3 1
4 1
5 0
6 0
7 1

Input 7: 01001011
0 0
1 1
2 0
3 0
4 1
5 0
6 1
7 1

Input 8: 11111011
0 1
1 1
2 1
3 1
4 1
5 0
6 1
7 1

Input 9: 01101110
0 0
1 1
2 1
3 0
4 1
5 1
6 1
7 0

When matching output
x: not in operator
y: wrong position

Identity
0 1010010010 4
1 0101110111 7
2 1111101011 8
3 0001001010 3
4 1000101111 6
5 0101000001 3
6 0010100111 5
7 0110101110 6

Matching output
0 absent
1 absent
2 absent
3 absent
4 absent
5 absent
6 absent
7 absent

Left
none
Best: none

Right
none
Best: none

NOT
0 0101101101 6
1 1010001000 3
2 0000010100 2
3 1110110101 7
4 0111010000 4
5 1010111110 7
6 1101011000 5
7 1001010001 4

Matching output
0 absent
1 absent
2 absent
3 absent
4 absent
5 absent
6 absent
7 absent

Left
none
Best: none

Right
none
Best: none

Constant
0 0000000000 a match 0 1 2 3
1 1111111111 a

Matching output
0 C0
1 C0
2 C0
3 C0
4 absent
5 absent
6 absent
7 absent

Left
0 0 0 0
Best: C0 0 0 0: 4

Right
none
Best: none

AND
01 10 0000010010 2
12 21 0101100011 5
23 32 0001001010 3
34 43 0000001010 2
45 54 0000000001 1
56 65 0000000001 1
67 76 0010100110 4
70 07 0010000010 2

02 20 1010000010 3
13 31 0001000010 2
24 42 1000101011 5
35 53 0001000000 1
46 64 0000100111 4 match 4 7
57 75 0100000000 1
60 06 0010000010 2
71 17 0100100110 4

03 30 0000000010 1 match 6
14 41 0000100111 4 match 4 7
25 52 0101000001 3
36 63 0000000010 1 match 6
47 74 0000101110 4
50 05 0000000000 a match 0 1 2 3
61 16 0000100111 4 match 4 7
72 27 0110101010 5 match 5

04 40 1000000010 2
15 51 0101000001 3
26 62 0010100011 4
37 73 0000001010 2

Matching output
0 50 05
1 50 05
2 50 05
3 50 05
4 46 64 14 41 61 16
5 72 27
6 03 30 36 63
7 46 64 14 41 61 16

Left
50 61y
05 16y
Best: AND50: 1

Right
46 35x
64 53x
14 03 72 61 50 47x
41 30 27 16 05 74x
61 50y
16 05y
Best: AND14 03 72 61 50: 5

OR
01 10 1111110111 9
12 21 1111111111 a
23 32 1111101011 8
34 43 1001101111 7
45 54 1101101111 8
56 65 0111100111 7
67 76 0110101111 7
70 07 1110111110 8

02 20 1111111011 9
13 31 0101111111 8
24 42 1111101111 9
35 53 0101001011 5
46 64 1010101111 7
57 75 0111101111 8
60 06 1010110111 7
71 17 0111111111 9

03 30 1011011010 6
14 41 1101111111 9
25 52 1111101011 8
36 63 0011101111 7
47 74 1110101111 8
50 05 1111010011 7
61 16 0111110111 8
72 27 1111101111 9

04 40 1010111111 8
15 51 0101110111 7
26 62 1111101111 9
37 73 0111101110 7

Matching output
0 absent
1 absent
2 absent
3 absent
4 absent
5 absent
6 absent
7 absent

Left
none
Best: none

Right
none
Best: none

XOR
01 10 1111100101 7
12 21 1010011100 5
23 32 1110100001 5
34 43 1001100101 5
45 54 1101101110 7
56 65 0111100110 6
67 76 0100001001 3
70 07 1100111100 6

02 20 0101111001 6
13 31 0100111101 6
24 42 0111000100 4
35 53 0100001011 4
46 64 1010001000 3
57 75 0011101111 7
60 06 1000110101 5
71 17 0011011001 5

03 30 1011011000 5
14 41 1101011000 5
25 52 1010101010 5
36 63 0011101101 6
47 74 1110000001 4
50 05 1111010011 7
61 16 0111010000 4
72 27 1001000101 4

04 40 0010111101 6
15 51 0000110110 4
26 62 1101001100 5
37 73 0111100100 5

Matching output
0 absent
1 absent
2 absent
3 absent
4 absent
5 absent
6 absent
7 absent

Left
none
Best: none

Right
none
Best: none

AND-NOT
01 1010000000 2
12 0000010100 2
23 1110100001 5
34 0001000000 1
45 1000101110 5
56 0101000000 2
67 0000000001 1
70 0100101100 4

02 0000010000 1
13 0100110101 5
24 0111000000 3
35 0000001010 2
46 1000001000 2
57 0001000001 2
60 0000100101 3
71 0010001000 2

03 1010010000 3
14 0101010000 3
25 1010101010 5
36 0001001000 2
47 1000000001 2
50 0101000001 3
61 0010000000 1
72 0000000100 1

04 0010010000 2
15 0000110110 4
26 1101001000 4
37 0001000000 1
40 0000101101 4
51 0000000000 a match 0 1 2 3
62 0000000100 1
73 0110100100 4

05 1010010010 4
16 0101010000 3
27 1001000001 3
30 0001001000 2
41 1000001000 2
52 0000000000 a match 0 1 2 3
63 0010100101 4
74 0110000000 2

06 1000010000 2
17 0001010001 3
20 0101101001 5
31 0000001000 1
42 0000000100 1
53 0100000001 2
64 0010000000 1
75 0010101110 5

07 1000010000 2
10 0101100101 5
21 1010001000 3
32 0000000000 a match 0 1 2 3
43 1000100101 4
54 0101000000 2
65 0010100110 4
76 0100001000 2

Matching output
0 51 52 32
1 51 52 32
2 51 52 32
3 51 52 32
4 absent
5 absent
6 absent
7 absent

Left
51 62x
52 63x
32 43x
Best: AND-NOT51: 1

Right
none
Best: none

OR-NOT
01 1010011010 5
12 0101110111 7
23 1111111111 a
34 0111011010 6
45 1010111111 8
56 1101011001 6
67 1011110111 8
70 0111101111 8

02 1010010110 5
13 1111110111 9
24 1111111011 9
35 1011111110 8
46 1101111111 9
57 1101010001 5
60 0111101111 8
71 1110101110 7

03 1110110111 8
14 0111110111 8
25 1111111111 a
36 1101011010 6
47 1001111111 8
50 0101101101 6
61 1010101111 7
72 0110111110 7

04 1111010010 6
15 1111111111 a
26 1111111011 9
37 1001011011 6
40 1101101111 8
51 1111001001 6
62 0010110111 6
73 1110111111 9

05 1010111110 7
16 1101111111 9
27 1111111011 9
30 0101101111 7
41 1010101111 7
52 0101010101 5
63 1110110111 8
74 0111111110 8

06 1111011010 7
17 1101110111 8
20 1111101111 9
31 1011001010 5
42 1000111111 7
53 1111110101 8
64 0111110111 8
75 1110111110 8

07 1011010011 6
10 0101111111 8
21 1111101011 8
32 0001011110 5
43 1110111111 9
54 0111010001 5
65 1010111111 8
76 1111111110 9

Matching output
0 absent
1 absent
2 absent
3 absent
4 absent
5 absent
6 absent
7 absent

Left
none
Best: none

Right
none
Best: none

XOR-NOT
01 0000011010 3
12 0101100011 5
23 0001011110 5
34 0110011010 5
45 0010010001 3
56 1000011001 4
67 1011110110 7
70 0011000011 4

02 1010000110 4
13 1011000010 4
24 1000111011 6
35 1011110100 6
46 0101110111 7
57 1100010000 3
60 0111001010 5
71 1100100110 5

03 0100100111 5
14 0010100111 5
25 0101010101 5
36 1100010010 4
47 0001111110 6
50 0000101100 3
61 1000101111 6
72 0110111010 6

04 1101000010 4
15 1111001001 6
26 0010110011 5
37 1000011011 5
40 1101000010 4
51 1111001001 6
62 0010110011 5
73 1000011011 5

05 0000101100 3
16 1000101111 6
27 0110111010 6
30 0100100111 5
41 0010100111 5
52 0101010101 5
63 1100010010 4
74 0001111110 6

06 0111001010 5
17 1100100110 5
20 1010000110 4
31 1011000010 4
42 1000111011 6
53 1011110100 6
64 0101110111 7
75 1100010000 3

07 0011000011 4
10 0000011010 3
21 0101100011 5
32 0001011110 5
43 0110011010 5
54 0010010001 3
65 1000011001 4
76 1011110110 7

Matching output
0 absent
1 absent
2 absent
3 absent
4 absent
5 absent
6 absent
7 absent

Left
none
Best: none

Right
none
Best: none

Selecting

Lefts
Identity none
NOT none
Constant C0 0 0 0: 4
AND AND50: 1
OR none
XOR none
AND-NOT AND-NOT51: 1
OR-NOT none
XOR-NOT none

Rights
Identity none
NOT none
Constant none
AND AND14 03 72 61 50: 5
OR none
XOR none
AND-NOT none
OR-NOT none
XOR-NOT none

Left longest: 4
Right longest: 5

Right winner: Identity no, NOT no, Constant no, AND yes, OR no, XOR no, AND-NOT no, OR-NOT no, XOR-NOT no
Left winner: Identity no, NOT no, Constant yes, AND no, OR no, XOR no, AND-NOT no, OR-NOT no, XOR-NOT no

Best right: AND14 03 72 61 50: 5
Best left: C0 0 0 0: 4

Truncated right: AND14 03 72 61 50: 5
Truncated left: C0 0 0: 3 truncated

Tentative from right
7 AND14
6 AND03
5 AND72
4 AND61
3 AND50
2 pending
1 pending
0 pending

Tentative
0 C0
1 C0
2 C0
3 AND50
4 AND61
5 AND72
6 AND03
7 AND14

Preferred from right
7 AND14
6 AND03
5 AND72
4 AND61
3 AND50
2 C0
1 C0
0 C0

Preferred from left
0 C0
1 C0
2 C0
3 AND50
4 AND61
5 AND72
6 AND03
7 AND14

Preferred
0 C0
1 C0
2 C0
3 AND50
4 AND61
5 AND72
6 AND03
7 AND14

Matching
0 C0
1 C0
2 C0
3 AND50
4 AND61
5 AND72
6 AND03
7 AND14

Perfect match
Identity no
NOT no
Constant no
AND no
OR no
XOR no
AND-NOT no
OR-NOT no
XOR-NOT no

Matched
0 C0
1 C0
2 C0
3 AND50
4 AND61
5 AND72
6 AND03
7 AND14

Selected
0 C0
1 C0
2 C0
3 AND50
4 AND61
5 AND72
6 AND03
7 AND14

Applying to 01010000
Input
0 0
1 1
2 0
3 1
4 0
5 0
6 0
7 0
Output
0 C0 = 0
1 C0 = 0
2 C0 = 0
3 AND50 = AND(0,0) = 0
4 AND61 = AND(0,1) = 0
5 AND72 = AND(0,0) = 0
6 AND03 = AND(0,1) = 0
7 AND14 = AND(1,0) = 0

I will now return the answer in \boxed{}
The answer in \boxed{–} is \boxed{00000000}
[correct]
true
