[category]
bit_manipulation
[prompt]
In Alice's Wonderland, a secret bit manipulation rule transforms 8-bit binary numbers. The transformation involves operations like bit shifts, rotations, XOR, AND, OR, NOT, and possibly majority or choice functions.

Here are some examples of input -> output:
10000001 -> 00001100
01001001 -> 01001010
11111100 -> 11100111
00101001 -> 01001001
01010101 -> 00101010
10111100 -> 11100101
01110100 -> 10100011
00010101 -> 00101000

Now, determine the output for: 11110100
[completion]
We need to deduce the transformation by matching the example outputs.
I will put my final answer inside \boxed{}.

Output 0: 00001100
0 0
1 0
2 0
3 0
4 1
5 1
6 0
7 0

Output 1: 01001010
0 0
1 1
2 0
3 0
4 1
5 0
6 1
7 0

Output 2: 11100111
0 1
1 1
2 1
3 0
4 0
5 1
6 1
7 1

Output 3: 01001001
0 0
1 1
2 0
3 0
4 1
5 0
6 0
7 1

Output 4: 00101010
0 0
1 0
2 1
3 0
4 1
5 0
6 1
7 0

Output 5: 11100101
0 1
1 1
2 1
3 0
4 0
5 1
6 0
7 1

Output 6: 10100011
0 1
1 0
2 1
3 0
4 0
5 0
6 1
7 1

Output 7: 00101000
0 0
1 0
2 1
3 0
4 1
5 0
6 0
7 0

Output bit columns (with bitsum as hash)
0 00100110 3
1 01110100 4
2 00101111 5
3 00000000 a
4 11011001 5
5 10100100 3
6 01101010 4
7 00110110 4

Input 0: 10000001
0 1
1 0
2 0
3 0
4 0
5 0
6 0
7 1

Input 1: 01001001
0 0
1 1
2 0
3 0
4 1
5 0
6 0
7 1

Input 2: 11111100
0 1
1 1
2 1
3 1
4 1
5 1
6 0
7 0

Input 3: 00101001
0 0
1 0
2 1
3 0
4 1
5 0
6 0
7 1

Input 4: 01010101
0 0
1 1
2 0
3 1
4 0
5 1
6 0
7 1

Input 5: 10111100
0 1
1 0
2 1
3 1
4 1
5 1
6 0
7 0

Input 6: 01110100
0 0
1 1
2 1
3 1
4 0
5 1
6 0
7 0

Input 7: 00010101
0 0
1 0
2 0
3 1
4 0
5 1
6 0
7 1

When matching output
x: not in operator
y: wrong position

Identity
0 10100100 3 match 5
1 01101010 4 match 6
2 00110110 4 match 7
3 00101111 5 match 2
4 01110100 4 match 1
5 00101111 5 match 2
6 00000000 a match 3
7 11011001 5 match 4

Matching output
0 absent
1 4
2 3 5
3 6
4 7
5 0
6 1
7 2

Left
none
Best: none

Right
2 1 0 7 6 5 4 3y
Best: I2 1 0 7 6 5 4: 7

NOT
0 01011011 5
1 10010101 4
2 11001001 4
3 11010000 3
4 10001011 4
5 11010000 3
6 11111111 a
7 00100110 3 match 0

Matching output
0 7
1 absent
2 absent
3 absent
4 absent
5 absent
6 absent
7 absent

Left
7 0x
Best: NOT7: 1

Right
none
Best: none

Constant
0 00000000 a match 3
1 11111111 a

Matching output
0 absent
1 absent
2 absent
3 C0
4 absent
5 absent
6 absent
7 absent

Left
none
Best: none

Right
none
Best: none

AND
01 10 00100000 1
12 21 00100010 2
23 32 00100110 3 match 0
34 43 00100100 2
45 54 00100100 2
56 65 00000000 a match 3
67 76 00000000 a match 3
70 07 10000000 1

02 20 00100100 2
13 31 00101010 3
24 42 00110100 3
35 53 00101111 5 match 2
46 64 00000000 a match 3
57 75 00001001 2
60 06 00000000 a match 3
71 17 01001000 2

03 30 00100100 2
14 41 01100000 2
25 52 00100110 3 match 0
36 63 00000000 a match 3
47 74 01010000 2
50 05 00100100 2
61 16 00000000 a match 3
72 27 00010000 1

04 40 00100100 2
15 51 00101010 3
26 62 00000000 a match 3
37 73 00001001 2

Matching output
0 23 32 25 52
1 absent
2 35 53
3 56 65 67 76 46 64 60 06 36 63 61 16 26 62
4 absent
5 absent
6 absent
7 absent

Left
23 34x
32 43x
25 36y
52 63y
Best: AND23: 1

Right
none
Best: none

OR
01 10 11101110 6
12 21 01111110 6
23 32 00111111 6
34 43 01111111 7
45 54 01111111 7
56 65 00101111 5 match 2
67 76 11011001 5 match 4
70 07 11111101 7

02 20 10110110 5
13 31 01101111 6
24 42 01110110 5
35 53 00101111 5 match 2
46 64 01110100 4 match 1
57 75 11111111 a
60 06 10100100 3 match 5
71 17 11111011 7

03 30 10101111 6
14 41 01111110 6
25 52 00111111 6
36 63 00101111 5 match 2
47 74 11111101 7
50 05 10101111 6
61 16 01101010 4 match 6
72 27 11111111 a

04 40 11110100 5
15 51 01101111 6
26 62 00110110 4 match 7
37 73 11111111 a

Matching output
0 absent
1 46 64
2 56 65 35 53 36 63
3 absent
4 67 76
5 60 06
6 61 16
7 26 62

Left
none
Best: none

Right
26 15x
62 51x
Best: OR26: 1

XOR
01 10 11001110 5
12 21 01011100 4
23 32 00011001 3
34 43 01011011 5
45 54 01011011 5
56 65 00101111 5 match 2
67 76 11011001 5 match 4
70 07 01111101 6

02 20 10010010 3
13 31 01000101 3
24 42 01000010 2
35 53 00000000 a match 3
46 64 01110100 4 match 1
57 75 11110110 6
60 06 10100100 3 match 5
71 17 10110011 5

03 30 10001011 4
14 41 00011110 4
25 52 00011001 3
36 63 00101111 5 match 2
47 74 10101101 5
50 05 10001011 4
61 16 01101010 4 match 6
72 27 11101111 7

04 40 11010000 3
15 51 01000101 3
26 62 00110110 4 match 7
37 73 11110110 6

Matching output
0 absent
1 46 64
2 56 65 36 63
3 35 53
4 67 76
5 60 06
6 61 16
7 26 62

Left
none
Best: none

Right
26 15x
62 51x
Best: XOR26: 1

AND-NOT
01 10000100 2
12 01001000 2
23 00010000 1
34 00001011 3
45 01010000 2
56 00101111 5 match 2
67 00000000 a match 3
70 01011001 4

02 10000000 1
13 01000000 1
24 00000010 1
35 00000000 a match 3
46 01110100 4 match 1
57 00100110 3 match 0
60 00000000 a match 3
71 10010001 3

03 10000000 1
14 00001010 2
25 00010000 1
36 00101111 5 match 2
47 00100100 2
50 00001011 3
61 00000000 a match 3
72 11001001 4

04 10000000 1
15 01000000 1
26 00110110 4 match 7
37 00100110 3 match 0
40 01010000 2
51 00000101 2
62 00000000 a match 3
73 11010000 3

05 10000000 1
16 01101010 4 match 6
27 00100110 3 match 0
30 00001011 3
41 00010100 2
52 00001001 2
63 00000000 a match 3
74 10001001 3

06 10100100 3 match 5
17 00100010 2
20 00010010 2
31 00000101 2
42 01000000 1
53 00000000 a match 3
64 00000000 a match 3
75 11010000 3

07 00100100 2
10 01001010 3
21 00010100 2
32 00001001 2
43 01010000 2
54 00001011 3
65 00000000 a match 3
76 11011001 5 match 4

Matching output
0 57 37 27
1 46
2 56 36
3 67 35 60 61 62 63 53 64 65
4 76
5 06
6 16
7 26

Left
57 60y
37 40x
27 30x
Best: AND-NOT57: 1

Right
26 15x
Best: AND-NOT26: 1

OR-NOT
01 10110101 5
12 11101011 6
23 11110110 6
34 10101111 6
45 11110100 5
56 11111111 a
67 00100110 3 match 0
70 11011011 6

02 11101101 6
13 11111010 6
24 10111111 7
35 11111111 a
46 11111111 a
57 00101111 5 match 2
60 01011011 5
71 11011101 6

03 11110100 5
14 11101011 6
25 11110110 6
36 11111111 a
47 01110110 5
50 01111111 7
61 10010101 4
72 11011001 5 match 4

04 10101111 6
15 11111010 6
26 11111111 a
37 00101111 5 match 2
40 01111111 7
51 10111111 7
62 11001001 4
73 11011001 5 match 4

05 11110100 5
16 11111111 a
27 00110110 4 match 7
30 01111111 7
41 11110101 6
52 11101111 7
63 11010000 3
74 11011011 6

06 11111111 a
17 01101110 5
20 01111111 7
31 10111111 7
42 11111101 7
53 11111111 a
64 10001011 4
75 11011001 5 match 4

07 10100110 4
10 01111011 6
21 10110111 6
32 11101111 7
43 11110100 5
54 10101111 6
65 11010000 3
76 11111111 a

Matching output
0 67
1 absent
2 57 37
3 absent
4 72 73 75
5 absent
6 absent
7 27

Left
67 70x
Best: OR-NOT67: 1

Right
27 16x
Best: OR-NOT27: 1

XOR-NOT
01 00110001 3
12 10100011 4
23 11100110 5
34 10100100 3 match 5
45 10100100 3 match 5
56 11010000 3
67 00100110 3 match 0
70 10000010 2

02 01101101 5
13 10111010 5
24 10111101 6
35 11111111 a
46 10001011 4
57 00001001 2
60 01011011 5
71 01001100 3

03 01110100 4 match 1
14 11100001 4
25 11100110 5
36 11010000 3
47 01010010 3
50 01110100 4 match 1
61 10010101 4
72 00010000 1

04 00101111 5 match 2
15 10111010 5
26 11001001 4
37 00001001 2
40 00101111 5 match 2
51 10111010 5
62 11001001 4
73 00001001 2

05 01110100 4 match 1
16 10010101 4
27 00010000 1
30 01110100 4 match 1
41 11100001 4
52 11100110 5
63 11010000 3
74 01010010 3

06 01011011 5
17 01001100 3
20 01101101 5
31 10111010 5
42 10111101 6
53 11111111 a
64 10001011 4
75 00001001 2

07 10000010 2
10 00110001 3
21 10100011 4
32 11100110 5
43 10100100 3 match 5
54 10100100 3 match 5
65 11010000 3
76 00100110 3 match 0

Matching output
0 67 76
1 03 50 05 30
2 04 40
3 absent
4 absent
5 34 45 43 54
6 absent
7 absent

Left
67 70x
76 07x
Best: XOR-NOT67: 1

Right
none
Best: none

Selecting

Lefts
Identity none
NOT NOT7: 1
Constant none
AND AND23: 1
OR none
XOR none
AND-NOT AND-NOT57: 1
OR-NOT OR-NOT67: 1
XOR-NOT XOR-NOT67: 1

Rights
Identity I2 1 0 7 6 5 4: 7
NOT none
Constant none
AND none
OR OR26: 1
XOR XOR26: 1
AND-NOT AND-NOT26: 1
OR-NOT OR-NOT27: 1
XOR-NOT none

Left longest: 1
Right longest: 7

Right winner: Identity yes, NOT no, Constant no, AND no, OR no, XOR no, AND-NOT no, OR-NOT no, XOR-NOT no
Left winner: Identity no, NOT yes, Constant no, AND no, OR no, XOR no, AND-NOT no, OR-NOT no, XOR-NOT no

Best right: I2 1 0 7 6 5 4: 7
Best left: NOT7: 1

Truncated right: I2 1 0 7 6 5 4: 7
Truncated left: NOT7: 1

Tentative from right
7 I2
6 I1
5 I0
4 I7
3 I6
2 I5
1 I4
0 pending

Tentative
0 NOT7
1 I4
2 I5
3 I6
4 I7
5 I0
6 I1
7 I2

Preferred from right
7 I2
6 I1
5 I0
4 I7
3 I6
2 I5
1 I4
0 NOT7

Preferred from left
0 NOT7
1 I4
2 I5
3 I6
4 I7
5 I0
6 I1
7 I2

Preferred
0 NOT7
1 I4
2 I5
3 I6
4 I7
5 I0
6 I1
7 I2

Matching
0 NOT7
1 I4
2 I5
3 I6
4 I7
5 I0
6 I1
7 I2

Perfect match
Identity no
NOT no
Constant no
AND no
OR no
XOR no
AND-NOT no
OR-NOT no
XOR-NOT no

Matched
0 NOT7
1 I4
2 I5
3 I6
4 I7
5 I0
6 I1
7 I2

Selected
0 NOT7
1 I4
2 I5
3 I6
4 I7
5 I0
6 I1
7 I2

Applying to 11110100
Input
0 1
1 1
2 1
3 1
4 0
5 1
6 0
7 0
Output
0 NOT7 = NOT(0) = 1
1 I4 = 0
2 I5 = 1
3 I6 = 0
4 I7 = 0
5 I0 = 1
6 I1 = 1
7 I2 = 1

I will now return the answer in \boxed{}
The answer in \boxed{–} is \boxed{10100111}
[correct]
true
