[category]
bit_manipulation
[prompt]
In Alice's Wonderland, a secret bit manipulation rule transforms 8-bit binary numbers. The transformation involves operations like bit shifts, rotations, XOR, AND, OR, NOT, and possibly majority or choice functions.

Here are some examples of input -> output:
11101000 -> 01110100
01001001 -> 00100100
00000101 -> 10000010
00011100 -> 00001110
11011101 -> 00101110
00010011 -> 10001001
10011001 -> 01001100
01100111 -> 10000011
00001000 -> 00000100

Now, determine the output for: 00010101
[completion]
We need to deduce the transformation by matching the example outputs.
I will put my final answer inside \boxed{}.

Output 0: 01110100
0 0
1 1
2 1
3 1
4 0
5 1
6 0
7 0

Output 1: 00100100
0 0
1 0
2 1
3 0
4 0
5 1
6 0
7 0

Output 2: 10000010
0 1
1 0
2 0
3 0
4 0
5 0
6 1
7 0

Output 3: 00001110
0 0
1 0
2 0
3 0
4 1
5 1
6 1
7 0

Output 4: 00101110
0 0
1 0
2 1
3 0
4 1
5 1
6 1
7 0

Output 5: 10001001
0 1
1 0
2 0
3 0
4 1
5 0
6 0
7 1

Output 6: 01001100
0 0
1 1
2 0
3 0
4 1
5 1
6 0
7 0

Output 7: 10000011
0 1
1 0
2 0
3 0
4 0
5 0
6 1
7 1

Output 8: 00000100
0 0
1 0
2 0
3 0
4 0
5 1
6 0
7 0

Output bit columns (with bitsum as hash)
0 001001010 3
1 100000100 2
2 110010000 3
3 100000000 1
4 000111100 4
5 110110101 6
6 001110010 4
7 000001010 2

Input 0: 11101000
0 1
1 1
2 1
3 0
4 1
5 0
6 0
7 0

Input 1: 01001001
0 0
1 1
2 0
3 0
4 1
5 0
6 0
7 1

Input 2: 00000101
0 0
1 0
2 0
3 0
4 0
5 1
6 0
7 1

Input 3: 00011100
0 0
1 0
2 0
3 1
4 1
5 1
6 0
7 0

Input 4: 11011101
0 1
1 1
2 0
3 1
4 1
5 1
6 0
7 1

Input 5: 00010011
0 0
1 0
2 0
3 1
4 0
5 0
6 1
7 1

Input 6: 10011001
0 1
1 0
2 0
3 1
4 1
5 0
6 0
7 1

Input 7: 01100111
0 0
1 1
2 1
3 0
4 0
5 1
6 1
7 1

Input 8: 00001000
0 0
1 0
2 0
3 0
4 1
5 0
6 0
7 0

When matching output
x: not in operator
y: wrong position

Identity
0 100010100 3
1 110010010 4
2 100000010 2
3 000111100 4 match 4
4 110110101 6 match 5
5 001110010 4 match 6
6 000001010 2 match 7
7 011011110 6

Matching output
0 absent
1 absent
2 absent
3 absent
4 3
5 4
6 5
7 6

Left
none
Best: none

Right
6 5 4 3 2x
Best: I6 5 4 3: 4

NOT
0 011101011 6
1 001101101 5
2 011111101 7
3 111000011 5
4 001001010 3 match 0
5 110001101 5
6 111110101 7
7 100100001 3

Matching output
0 4
1 absent
2 absent
3 absent
4 absent
5 absent
6 absent
7 absent

Left
4 5x
Best: NOT4: 1

Right
none
Best: none

Constant
0 000000000 a
1 111111111 a

Matching output
0 absent
1 absent
2 absent
3 absent
4 absent
5 absent
6 absent
7 absent

Left
none
Best: none

Right
none
Best: none

AND
01 10 100010000 2
12 21 100000010 2
23 32 000000000 a
34 43 000110100 3
45 54 000110000 2
56 65 000000010 1
67 76 000001010 2 match 7
70 07 000010100 2

02 20 100000000 1 match 3
13 31 000010000 1
24 42 100000000 1 match 3
35 53 000110000 2
46 64 000000000 a
57 75 001010010 3
60 06 000000000 a
71 17 010010010 3

03 30 000010100 2
14 41 110010000 3 match 2
25 52 000000010 1
36 63 000001000 1
47 74 010010100 3
50 05 000010000 1
61 16 000000010 1
72 27 000000010 1

04 40 100010100 3
15 51 000010010 2
26 62 000000010 1
37 73 000011100 3

Matching output
0 absent
1 absent
2 14 41
3 02 20 24 42
4 absent
5 absent
6 absent
7 67 76

Left
none
Best: none

Right
67 56x
76 65x
Best: AND67: 1

OR
01 10 110010110 5
12 21 110010010 4
23 32 100111110 6
34 43 110111101 7
45 54 111110111 8
56 65 001111010 5
67 76 011011110 6
70 07 111011110 7

02 20 100010110 4
13 31 110111110 7
24 42 110110111 7
35 53 001111110 6
46 64 110111111 8
57 75 011111110 7
60 06 100011110 5
71 17 111011110 7

03 30 100111100 5
14 41 110110111 7
25 52 101110010 5
36 63 000111110 5
47 74 111111111 a
50 05 101110110 6
61 16 110011010 5
72 27 111011110 7

04 40 110110101 6 match 5
15 51 111110010 6
26 62 100001010 3
37 73 011111110 7

Matching output
0 absent
1 absent
2 absent
3 absent
4 absent
5 04 40
6 absent
7 absent

Left
none
Best: none

Right
none
Best: none

XOR
01 10 010000110 3
12 21 010010000 2
23 32 100111110 6
34 43 110001001 4
45 54 111000111 6
56 65 001111000 4
67 76 011010100 4
70 07 111001010 5

02 20 000010110 3
13 31 110101110 6
24 42 010110111 6
35 53 001001110 4
46 64 110111111 8
57 75 010101100 4
60 06 100011110 5
71 17 101001100 4

03 30 100101000 3
14 41 000100111 4
25 52 101110000 4
36 63 000110110 4
47 74 101101011 6
50 05 101100110 5
61 16 110011000 4
72 27 111011100 6

04 40 010100001 3
15 51 111100000 4
26 62 100001000 2
37 73 011100010 4

Matching output
0 absent
1 absent
2 absent
3 absent
4 absent
5 absent
6 absent
7 absent

Left
none
Best: none

Right
none
Best: none

AND-NOT
01 000000100 1
12 010010000 2
23 100000010 2
34 000001000 1
45 110000101 4
56 001110000 3
67 000000000 a
70 011001010 4

02 000010100 2
13 110000010 3
24 000000010 1
35 000001100 2
46 110110101 6 match 5
57 000100000 1
60 000001010 2 match 7
71 001001100 3

03 100000000 1 match 3
14 000000010 1
25 100000000 1 match 3
36 000110100 3
47 100100001 3
50 001100010 3
61 000001000 1
72 011011100 5

04 000000000 a
15 110000000 2
26 100000000 1 match 3
37 000100000 1
40 010100001 3
51 001100000 2
62 000001000 1
73 011000010 3

05 100000100 2 match 1
16 110010000 3 match 2
27 100000000 1 match 3
30 000101000 2
41 000100101 3
52 001110000 3
63 000000010 1
74 001001010 3 match 0

06 100010100 3
17 100000000 1 match 3
20 000000010 1
31 000101100 3
42 010110101 5
53 001000010 2
64 000001010 2 match 7
75 010001100 3

07 100000000 1 match 3
10 010000010 2
21 000000000 a
32 000111100 4 match 4
43 110000001 3
54 001000010 2
65 000001000 1
76 011010100 4

Matching output
0 74
1 05
2 16
3 03 25 26 27 17 07
4 32
5 46
6 absent
7 60 64

Left
74 05 16 27 30x
Best: AND-NOT74 05 16 27: 4

Right
60 57x
64 53x
Best: AND-NOT60: 1

OR-NOT
01 101111101 7
12 111111111 a
23 111000011 5
34 001111110 6
45 110111101 7
56 111110111 8
67 100101011 5
70 011111111 8

02 111111101 8
13 111010011 6
24 101001010 4
35 110111101 7
46 111110101 7
57 101110011 6
60 011101011 6
71 011111111 8

03 111010111 7
14 111011010 6
25 110001111 6
36 111111101 8
47 110110101 6 match 5
50 011111011 7
61 001101111 6
72 011111111 8

04 101011110 6
15 110011111 7
26 111110111 8
37 100111101 6
40 111111111 a
51 001111111 7
62 011111111 8
73 111011111 8

05 110011101 6
16 111110111 8
27 100100011 4
30 011111111 8
41 111111101 8
52 011111111 8
63 111001011 6
74 011011110 6

06 111110101 7
17 110110011 6
20 111101011 7
31 001111101 6
42 111111101 8
53 111110011 7
64 001001010 3 match 0
75 111011111 8

07 100110101 5
10 111111011 8
21 101101111 7
32 011111101 7
43 111110111 8
54 001111010 5
65 110001111 6
76 111111111 a

Matching output
0 64
1 absent
2 absent
3 absent
4 absent
5 47
6 absent
7 absent

Left
64 75x
Best: OR-NOT64: 1

Right
none
Best: none

XOR-NOT
01 101111001 6
12 101101111 7
23 011000001 3
34 001110110 5
45 000111000 3
56 110000111 5
67 100101011 5
70 000110101 4

02 111101001 6
13 001010001 3
24 101001000 3
35 110110001 5
46 001000000 1
57 101010011 5
60 011100001 4
71 010110011 5

03 011010111 6
14 111011000 5
25 010001111 5
36 111001001 5
47 010010100 3
50 010011001 4
61 001100111 5
72 000100011 3

04 101011110 6
15 000011111 5
26 011110111 7
37 100011101 5
40 101011110 6
51 000011111 5
62 011110111 7
73 100011101 5

05 010011001 4
16 001100111 5
27 000100011 3
30 011010111 6
41 111011000 5
52 010001111 5
63 111001001 5
74 010010100 3

06 011100001 4
17 010110011 5
20 111101001 6
31 001010001 3
42 101001000 3
53 110110001 5
64 001000000 1
75 101010011 5

07 000110101 4
10 101111001 6
21 101101111 7
32 011000001 3
43 001110110 5
54 000111000 3
65 110000111 5
76 100101011 5

Matching output
0 absent
1 absent
2 absent
3 absent
4 absent
5 absent
6 absent
7 absent

Left
none
Best: none

Right
none
Best: none

Selecting

Lefts
Identity none
NOT NOT4: 1
Constant none
AND none
OR none
XOR none
AND-NOT AND-NOT74 05 16 27: 4
OR-NOT OR-NOT64: 1
XOR-NOT none

Rights
Identity I6 5 4 3: 4
NOT none
Constant none
AND AND67: 1
OR none
XOR none
AND-NOT AND-NOT60: 1
OR-NOT none
XOR-NOT none

Left longest: 4
Right longest: 4

Left winner: Identity no, NOT no, Constant no, AND no, OR no, XOR no, AND-NOT yes, OR-NOT no, XOR-NOT no
Right winner: Identity yes, NOT no, Constant no, AND no, OR no, XOR no, AND-NOT no, OR-NOT no, XOR-NOT no

Best left: AND-NOT74 05 16 27: 4
Best right: I6 5 4 3: 4

Truncated left: AND-NOT74 05 16 27: 4
Truncated right: I6 5 4 3: 4

Tentative from right
7 I6
6 I5
5 I4
4 I3
3 pending
2 pending
1 pending
0 pending

Tentative
0 AND-NOT74
1 AND-NOT05
2 AND-NOT16
3 AND-NOT27
4 I3
5 I4
6 I5
7 I6

Preferred from left
0 AND-NOT74
1 AND-NOT05
2 AND-NOT16
3 AND-NOT27
4 I3
5 I4
6 I5
7 I6

Preferred from right
7 I6
6 I5
5 I4
4 I3
3 AND-NOT27
2 AND-NOT16
1 AND-NOT05
0 AND-NOT74

Preferred
0 AND-NOT74
1 AND-NOT05
2 AND-NOT16
3 AND-NOT27
4 I3
5 I4
6 I5
7 I6

Matching
0 AND-NOT74
1 AND-NOT05
2 AND-NOT16
3 AND-NOT27
4 I3
5 I4
6 I5
7 I6

Perfect match
Identity no
NOT no
Constant no
AND no
OR no
XOR no
AND-NOT no
OR-NOT no
XOR-NOT no

Matched
0 AND-NOT74
1 AND-NOT05
2 AND-NOT16
3 AND-NOT27
4 I3
5 I4
6 I5
7 I6

Selected
0 AND-NOT74
1 AND-NOT05
2 AND-NOT16
3 AND-NOT27
4 I3
5 I4
6 I5
7 I6

Applying to 00010101
Input
0 0
1 0
2 0
3 1
4 0
5 1
6 0
7 1
Output
0 AND-NOT74 = AND(1,NOT(0)) = 1
1 AND-NOT05 = AND(0,NOT(1)) = 0
2 AND-NOT16 = AND(0,NOT(0)) = 0
3 AND-NOT27 = AND(0,NOT(1)) = 0
4 I3 = 1
5 I4 = 0
6 I5 = 1
7 I6 = 0

I will now return the answer in \boxed{}
The answer in \boxed{–} is \boxed{10001010}
[correct]
true
