[category]
bit_manipulation
[prompt]
In Alice's Wonderland, a secret bit manipulation rule transforms 8-bit binary numbers. The transformation involves operations like bit shifts, rotations, XOR, AND, OR, NOT, and possibly majority or choice functions.

Here are some examples of input -> output:
11111110 -> 11100111
01101011 -> 11110011
01001001 -> 11111111
11010010 -> 11110110
10110011 -> 11111011
10111100 -> 11101111
01101111 -> 11110011
10110111 -> 11101011
01100101 -> 11111010
10100111 -> 11101001

Now, determine the output for: 10011000
[completion]
We need to deduce the transformation by matching the example outputs.
I will put my final answer inside \boxed{}.

Output 0: 11100111
0 1
1 1
2 1
3 0
4 0
5 1
6 1
7 1

Output 1: 11110011
0 1
1 1
2 1
3 1
4 0
5 0
6 1
7 1

Output 2: 11111111
0 1
1 1
2 1
3 1
4 1
5 1
6 1
7 1

Output 3: 11110110
0 1
1 1
2 1
3 1
4 0
5 1
6 1
7 0

Output 4: 11111011
0 1
1 1
2 1
3 1
4 1
5 0
6 1
7 1

Output 5: 11101111
0 1
1 1
2 1
3 0
4 1
5 1
6 1
7 1

Output 6: 11110011
0 1
1 1
2 1
3 1
4 0
5 0
6 1
7 1

Output 7: 11101011
0 1
1 1
2 1
3 0
4 1
5 0
6 1
7 1

Output 8: 11111010
0 1
1 1
2 1
3 1
4 1
5 0
6 1
7 0

Output 9: 11101001
0 1
1 1
2 1
3 0
4 1
5 0
6 0
7 1

Output bit columns (with bitsum as hash)
0 1111111111 a
1 1111111111 a
2 1111111111 a
3 0111101010 6
4 0010110111 6
5 1011010000 4
6 1111111110 9
7 1110111101 8

Input 0: 11111110
0 1
1 1
2 1
3 1
4 1
5 1
6 1
7 0

Input 1: 01101011
0 0
1 1
2 1
3 0
4 1
5 0
6 1
7 1

Input 2: 01001001
0 0
1 1
2 0
3 0
4 1
5 0
6 0
7 1

Input 3: 11010010
0 1
1 1
2 0
3 1
4 0
5 0
6 1
7 0

Input 4: 10110011
0 1
1 0
2 1
3 1
4 0
5 0
6 1
7 1

Input 5: 10111100
0 1
1 0
2 1
3 1
4 1
5 1
6 0
7 0

Input 6: 01101111
0 0
1 1
2 1
3 0
4 1
5 1
6 1
7 1

Input 7: 10110111
0 1
1 0
2 1
3 1
4 0
5 1
6 1
7 1

Input 8: 01100101
0 0
1 1
2 1
3 0
4 0
5 1
6 0
7 1

Input 9: 10100111
0 1
1 0
2 1
3 0
4 0
5 1
6 1
7 1

When matching output
x: not in operator
y: wrong position

Identity
0 1001110101 6
1 1111001010 6
2 1100111111 8
3 1001110100 5
4 1110011000 5
5 1000011111 6
6 1101101101 7
7 0110101111 7

Matching output
0 absent
1 absent
2 absent
3 absent
4 absent
5 absent
6 absent
7 absent

Left
none
Best: none

Right
none
Best: none

NOT
0 0110001010 4
1 0000110101 4
2 0011000000 2
3 0110001011 5
4 0001100111 5
5 0111100000 4
6 0010010010 3
7 1001010000 3

Matching output
0 absent
1 absent
2 absent
3 absent
4 absent
5 absent
6 absent
7 absent

Left
none
Best: none

Right
none
Best: none

Constant
0 0000000000 a
1 1111111111 a match 0 1 2

Matching output
0 C1
1 C1
2 C1
3 absent
4 absent
5 absent
6 absent
7 absent

Left
1 1 1
Best: C1 1 1: 3

Right
none
Best: none

AND
01 10 1001000000 2
12 21 1100001010 4
23 32 1000110100 4
34 43 1000010000 2
45 54 1000011000 3
56 65 1000001101 4
67 76 0100101101 5
70 07 0000100101 3

02 20 1000110101 5
13 31 1001000000 2
24 42 1100011000 4
35 53 1000010100 3
46 64 1100001000 3
57 75 0000001111 4
60 06 1001100101 5
71 17 0110001010 4

03 30 1001110100 5
14 41 1110001000 4
25 52 1000011111 6
36 63 1001100100 4
47 74 0110001000 3
50 05 1000010101 4
61 16 1101001000 4
72 27 0100101111 6

04 40 1000010000 2
15 51 1000001010 3
26 62 1100101101 6
37 73 0000100100 2

Matching output
0 absent
1 absent
2 absent
3 absent
4 absent
5 absent
6 absent
7 absent

Left
none
Best: none

Right
none
Best: none

OR
01 10 1111111111 a match 0 1 2
12 21 1111111111 a match 0 1 2
23 32 1101111111 9
34 43 1111111100 8
45 54 1110011111 8
56 65 1101111111 9
67 76 1111101111 9
70 07 1111111111 a match 0 1 2

02 20 1101111111 9
13 31 1111111110 9 match 6
24 42 1110111111 9
35 53 1001111111 8
46 64 1111111101 9
57 75 1110111111 9
60 06 1101111101 8
71 17 1111101111 9

03 30 1001110101 6
14 41 1111011010 7
25 52 1100111111 8
36 63 1101111101 8
47 74 1110111111 9
50 05 1001111111 8
61 16 1111101111 9
72 27 1110111111 9

04 40 1111111101 9
15 51 1111011111 9
26 62 1101111111 9
37 73 1111111111 a match 0 1 2

Matching output
0 01 10 12 21 70 07 37 73
1 01 10 12 21 70 07 37 73
2 01 10 12 21 70 07 37 73
3 absent
4 absent
5 absent
6 13 31
7 absent

Left
01 12 23x
10 21 32x
12 23x
21 32x
70 01 12 23x
07 10 21 32x
37 40x
73 04x
Best: OR70 01 12: 3

Right
none
Best: none

XOR
01 10 0110111111 8
12 21 0011110101 6
23 32 0101001011 5
34 43 0111101100 6
45 54 0110000111 5
56 65 0101110010 5
67 76 1011000010 4
70 07 1111011010 7

02 20 0101001010 4
13 31 0110111110 7
24 42 0010100111 5
35 53 0001101011 5
46 64 0011110101 6
57 75 1110110000 5
60 06 0100011000 3
71 17 1001100101 5

03 30 0000000001 1
14 41 0001010010 3
25 52 0100100000 2
36 63 0100011001 4
47 74 1000110111 6
50 05 0001101010 4
61 16 0010100111 5
72 27 1010010000 3

04 40 0111101101 7
15 51 0111010101 6
26 62 0001010010 3
37 73 1111011011 8

Matching output
0 absent
1 absent
2 absent
3 absent
4 absent
5 absent
6 absent
7 absent

Left
none
Best: none

Right
none
Best: none

AND-NOT
01 0000110101 4
12 0011000000 2
23 0100001011 4
34 0001100100 3
45 0110000000 2
56 0000010010 2
67 1001000000 2
70 0110001010 4

02 0001000000 1
13 0110001010 4
24 0000100111 4
35 0001100000 2
46 0010010000 2
57 1000010000 2
60 0100001000 2
71 0000100101 3

03 0000000001 1
14 0001000010 2
25 0100100000 2
36 0000010000 1
47 1000010000 2
50 0000001010 2
61 0000100101 3
72 0010000000 1

04 0001100101 4
15 0111000000 3
26 0000010010 2
37 1001010000 3
40 0110001000 3
51 0000010101 3
62 0001000000 1
73 0110001011 5

05 0001100000 2
16 0010000010 2
27 1000010000 2
30 0000000000 a
41 0000010000 1
52 0000000000 a
63 0100001001 3
74 0000100111 4

06 0000010000 1
17 1001000000 2
20 0100001010 3
31 0000110100 3
42 0010000000 1
53 0000001011 3
64 0001100101 4
75 0110100000 3

07 1001010000 3
10 0110001010 4
21 0000110101 4
32 0001000000 1
43 0110001000 3
54 0000000111 3
65 0101100000 3
76 0010000010 2

Matching output
0 absent
1 absent
2 absent
3 absent
4 absent
5 absent
6 absent
7 absent

Left
none
Best: none

Right
none
Best: none

OR-NOT
01 1001110101 6
12 1111001010 6
23 1110111111 9
34 1001110111 7
45 1111111000 7
56 1010011111 7
67 1101111101 8
70 0110101111 7

02 1011110101 7
13 1111001011 7
24 1101111111 9
35 1111110100 7
46 1110011010 6
57 1001011111 7
60 1111101111 9
71 0110111111 8

03 1111111111 a match 0 1 2
14 1111101111 9
25 1111111111 a match 0 1 2
36 1011110110 7
47 1111011000 6
50 1110011111 8
61 1101111101 8
72 0111101111 8

04 1001110111 7
15 1111101010 7
26 1110111111 9
37 1001110100 5
40 1110011010 6
51 1000111111 7
62 1111101101 8
73 0110101111 7

05 1111110101 8
16 1111011010 7
27 1101111111 9
30 1111111110 9 match 6
41 1110111101 8 match 7
52 1011011111 8
63 1111101111 9
74 0111101111 8

06 1011110111 8
17 1111011010 7
20 1110111111 9
31 1001110101 6
42 1111011000 6
53 1110011111 8
64 1101101111 8
75 0111101111 8

07 1001110101 6
10 1111001010 6
21 1100111111 8
32 1011110100 6
43 1110011011 7
54 1001111111 8
65 1111101101 8
76 0110111111 8

Matching output
0 03 25
1 03 25
2 03 25
3 absent
4 absent
5 absent
6 30
7 41

Left
03 14x
25 36x
Best: OR-NOT03: 1

Right
41 30 27x
Best: OR-NOT41 30: 2

XOR-NOT
01 1001000000 2
12 1100001010 4
23 1010110100 5
34 1000010011 4
45 1001111000 5
56 1010001101 5
67 0100111101 6
70 0000100101 3

02 1010110101 6
13 1001000001 3
24 1101011000 5
35 1110010100 5
46 1100001010 4
57 0001001111 5
60 1011100111 7
71 0110011010 5

03 1111111110 9 match 6
14 1110101101 7
25 1011011111 8
36 1011100110 6
47 0111001000 4
50 1110010101 6
61 1101011000 5
72 0101101111 7

04 1000010010 3
15 1000101010 4
26 1110101101 7
37 0000100100 2
40 1000010010 3
51 1000101010 4
62 1110101101 7
73 0000100100 2

05 1110010101 6
16 1101011000 5
27 0101101111 7
30 1111111110 9 match 6
41 1110101101 7
52 1011011111 8
63 1011100110 6
74 0111001000 4

06 1011100111 7
17 0110011010 5
20 1010110101 6
31 1001000001 3
42 1101011000 5
53 1110010100 5
64 1100001010 4
75 0001001111 5

07 0000100101 3
10 1001000000 2
21 1100001010 4
32 1010110100 5
43 1000010011 4
54 1001111000 5
65 1010001101 5
76 0100111101 6

Matching output
0 absent
1 absent
2 absent
3 absent
4 absent
5 absent
6 03 30
7 absent

Left
none
Best: none

Right
none
Best: none

Selecting

Lefts
Identity none
NOT none
Constant C1 1 1: 3
AND none
OR OR70 01 12: 3
XOR none
AND-NOT none
OR-NOT OR-NOT03: 1
XOR-NOT none

Rights
Identity none
NOT none
Constant none
AND none
OR none
XOR none
AND-NOT none
OR-NOT OR-NOT41 30: 2
XOR-NOT none

Left longest: 3
Right longest: 2

Left winner: Identity no, NOT no, Constant yes, AND no, OR no, XOR no, AND-NOT no, OR-NOT no, XOR-NOT no
Right winner: Identity no, NOT no, Constant no, AND no, OR no, XOR no, AND-NOT no, OR-NOT yes, XOR-NOT no

Best left: C1 1 1: 3
Best right: OR-NOT41 30: 2

Truncated left: C1 1 1: 3
Truncated right: OR-NOT41 30: 2

Tentative from right
7 OR-NOT41
6 OR-NOT30
5 pending
4 pending
3 pending
2 pending
1 pending
0 pending

Tentative
0 C1
1 C1
2 C1
3 pending
4 pending
5 pending
6 OR-NOT30
7 OR-NOT41

Preferred from left
0 C1
1 C1
2 C1
3 pending
4 pending
5 pending
6 OR-NOT30
7 OR-NOT41

Preferred from right
7 OR-NOT41
6 OR-NOT30
5 ?27
4 ?16
3 ?05
2 C1
1 C1
0 C1

Preferred
0 C1
1 C1
2 C1
3 ?05 ?50
4 ?16 ?61
5 ?27 ?72
6 OR-NOT30
7 OR-NOT41

Matching
0 C1
1 C1
2 C1
3 ?05 ?50 - Identity absent, NOT absent, Constant absent, AND absent, OR absent, XOR absent, AND-NOT absent, OR-NOT absent, XOR-NOT absent
4 ?16 ?61 - Identity absent, NOT absent, Constant absent, AND absent, OR absent, XOR absent, AND-NOT absent, OR-NOT absent, XOR-NOT absent
5 ?27 ?72 - Identity absent, NOT absent, Constant absent, AND absent, OR absent, XOR absent, AND-NOT absent, OR-NOT absent, XOR-NOT absent
6 OR-NOT30
7 OR-NOT41

Perfect match
Identity no
NOT no
Constant no
AND no
OR no
XOR no
AND-NOT no
OR-NOT no
XOR-NOT no

Matched
0 C1
1 C1
2 C1
3 none
4 none
5 none
6 OR-NOT30
7 OR-NOT41

Selected
0 C1
1 C1
2 C1
3 default 1
4 default 1
5 default 1
6 OR-NOT30
7 OR-NOT41

Applying to 10011000
Input
0 1
1 0
2 0
3 1
4 1
5 0
6 0
7 0
Output
0 C1 = 1
1 C1 = 1
2 C1 = 1
3 default 1 = 1
4 default 1 = 1
5 default 1 = 1
6 OR-NOT30 = OR(1,NOT(1)) = 1
7 OR-NOT41 = OR(1,NOT(0)) = 1

I will now return the answer in \boxed{}
The answer in \boxed{–} is \boxed{11111111}
[correct]
true
