[category]
bit_manipulation
[prompt]
In Alice's Wonderland, a secret bit manipulation rule transforms 8-bit binary numbers. The transformation involves operations like bit shifts, rotations, XOR, AND, OR, NOT, and possibly majority or choice functions.

Here are some examples of input -> output:
10010000 -> 01011110
00100111 -> 10001001
00000001 -> 11110101
10011000 -> 00001110
00010110 -> 01100011
00000100 -> 11010111
10111101 -> 01101110
10100000 -> 10111110

Now, determine the output for: 11001001
[completion]
We need to deduce the transformation by matching the example outputs.
I will put my final answer inside \boxed{}.

Output 0: 01011110
0 0
1 1
2 0
3 1
4 1
5 1
6 1
7 0

Output 1: 10001001
0 1
1 0
2 0
3 0
4 1
5 0
6 0
7 1

Output 2: 11110101
0 1
1 1
2 1
3 1
4 0
5 1
6 0
7 1

Output 3: 00001110
0 0
1 0
2 0
3 0
4 1
5 1
6 1
7 0

Output 4: 01100011
0 0
1 1
2 1
3 0
4 0
5 0
6 1
7 1

Output 5: 11010111
0 1
1 1
2 0
3 1
4 0
5 1
6 1
7 1

Output 6: 01101110
0 0
1 1
2 1
3 0
4 1
5 1
6 1
7 0

Output 7: 10111110
0 1
1 0
2 1
3 1
4 1
5 1
6 1
7 0

Output bit columns (with bitsum as hash)
0 01100101 4
1 10101110 5
2 00101011 4
3 10100101 4
4 11010011 5
5 10110111 6
6 10011111 6
7 01101100 4

Input 0: 10010000
0 1
1 0
2 0
3 1
4 0
5 0
6 0
7 0

Input 1: 00100111
0 0
1 0
2 1
3 0
4 0
5 1
6 1
7 1

Input 2: 00000001
0 0
1 0
2 0
3 0
4 0
5 0
6 0
7 1

Input 3: 10011000
0 1
1 0
2 0
3 1
4 1
5 0
6 0
7 0

Input 4: 00010110
0 0
1 0
2 0
3 1
4 0
5 1
6 1
7 0

Input 5: 00000100
0 0
1 0
2 0
3 0
4 0
5 1
6 0
7 0

Input 6: 10111101
0 1
1 0
2 1
3 1
4 1
5 1
6 0
7 1

Input 7: 10100000
0 1
1 0
2 1
3 0
4 0
5 0
6 0
7 0

When matching output
x: not in operator
y: wrong position

Identity
0 10010011 4
1 00000000 a
2 01000011 3
3 10011010 4
4 00010010 2
5 01001110 4
6 01001000 2
7 01100010 3

Matching output
0 absent
1 absent
2 absent
3 absent
4 absent
5 absent
6 absent
7 absent

Left
none
Best: none

Right
none
Best: none

NOT
0 01101100 4 match 7
1 11111111 a
2 10111100 5
3 01100101 4 match 0
4 11101101 6
5 10110001 4
6 10110111 6 match 5
7 10011101 5

Matching output
0 3
1 absent
2 absent
3 absent
4 absent
5 6
6 absent
7 0

Left
3 4x
Best: NOT3: 1

Right
0 7x
Best: NOT0: 1

Constant
0 00000000 a
1 11111111 a

Matching output
0 absent
1 absent
2 absent
3 absent
4 absent
5 absent
6 absent
7 absent

Left
none
Best: none

Right
none
Best: none

AND
01 10 00000000 a
12 21 00000000 a
23 32 00000010 1
34 43 00010010 2
45 54 00000010 1
56 65 01001000 2
67 76 01000000 1
70 07 00000010 1

02 20 00000011 2
13 31 00000000 a
24 42 00000010 1
35 53 00001010 2
46 64 00000000 a
57 75 01000010 2
60 06 00000000 a
71 17 00000000 a

03 30 10010010 3
14 41 00000000 a
25 52 01000010 2
36 63 00001000 1
47 74 00000010 1
50 05 00000010 1
61 16 00000000 a
72 27 01000010 2

04 40 00010010 2
15 51 00000000 a
26 62 01000000 1
37 73 00000010 1

Matching output
0 absent
1 absent
2 absent
3 absent
4 absent
5 absent
6 absent
7 absent

Left
none
Best: none

Right
none
Best: none

OR
01 10 10010011 4
12 21 01000011 3
23 32 11011011 6
34 43 10011010 4
45 54 01011110 5
56 65 01001110 4
67 76 01101010 4
70 07 11110011 6

02 20 11010011 5 match 4
13 31 10011010 4
24 42 01010011 4
35 53 11011110 6
46 64 01011010 4
57 75 01101110 5
60 06 11011011 6
71 17 01100010 3

03 30 10011011 5
14 41 00010010 2
25 52 01001111 5
36 63 11011010 5
47 74 01110010 4
50 05 11011111 7
61 16 01001000 2
72 27 01100011 4

04 40 10010011 4
15 51 01001110 4
26 62 01001011 4
37 73 11111010 6

Matching output
0 absent
1 absent
2 absent
3 absent
4 02 20
5 absent
6 absent
7 absent

Left
none
Best: none

Right
none
Best: none

XOR
01 10 10010011 4
12 21 01000011 3
23 32 11011001 5
34 43 10001000 2
45 54 01011100 4
56 65 00000110 2
67 76 00101010 3
70 07 11110001 5

02 20 11010000 3
13 31 10011010 4
24 42 01010001 3
35 53 11010100 4
46 64 01011010 4
57 75 00101100 3
60 06 11011011 6
71 17 01100010 3

03 30 00001001 2
14 41 00010010 2
25 52 00001101 3
36 63 11010010 4
47 74 01110000 3
50 05 11011101 6
61 16 01001000 2
72 27 00100001 2

04 40 10000001 2
15 51 01001110 4
26 62 00001011 3
37 73 11111000 5

Matching output
0 absent
1 absent
2 absent
3 absent
4 absent
5 absent
6 absent
7 absent

Left
none
Best: none

Right
none
Best: none

AND-NOT
01 10010011 4
12 00000000 a
23 01000001 2
34 10001000 2
45 00010000 1
56 00000110 2
67 00001000 1
70 01100000 2

02 10010000 2
13 00000000 a
24 01000001 2
35 10010000 2
46 00010010 2
57 00001100 2
60 01001000 2
71 01100010 3

03 00000001 1
14 00000000 a
25 00000001 1
36 10010010 3
47 00010000 1
50 01001100 3
61 01001000 2
72 00100000 1

04 10000001 2
15 00000000 a
26 00000011 2
37 10011000 3
40 00000000 a
51 01001110 4
62 00001000 1
73 01100000 2

05 10010001 3
16 00000000 a
27 00000001 1
30 00001000 1
41 00010010 2
52 00001100 2
63 01000000 1
74 01100000 2

06 10010011 4
17 00000000 a
20 01000000 1
31 10011010 4
42 00010000 1
53 01000100 2
64 01001000 2
75 00100000 1

07 10010001 3
10 00000000 a
21 01000011 3
32 10011000 3
43 00000000 a
54 01001100 3
65 00000000 a
76 00100010 2

Matching output
0 absent
1 absent
2 absent
3 absent
4 absent
5 absent
6 absent
7 absent

Left
none
Best: none

Right
none
Best: none

OR-NOT
01 11111111 a
12 10111100 5
23 01100111 5
34 11111111 a
45 10110011 5
56 11111111 a
67 11011101 6
70 01101110 5

02 10111111 7
13 01100101 4 match 0
24 11101111 7
35 10111011 6
46 10110111 6 match 5
57 11011111 7
60 01101100 4 match 7
71 11111111 a

03 11110111 7
14 11101101 6
25 11110011 6
36 10111111 7
47 10011111 6 match 6
50 01101110 5
61 11111111 a
72 11111110 7

04 11111111 a
15 10110001 4
26 11110111 7
37 10011111 6 match 6
40 01111110 6
51 11111111 a
62 11111100 6
73 01100111 5

05 10110011 5
16 10110111 6 match 5
27 11011111 7
30 11111110 7
41 11111111 a
52 11111110 7
63 01101101 5
74 11101111 7

06 10110111 6 match 5
17 10011101 5
20 01101111 6
31 11111111 a
42 10111110 6
53 01101111 6
64 11101101 6
75 11110011 6

07 10011111 6 match 6
10 01101100 4 match 7
21 11111111 a
32 10111110 6
43 01110111 6
54 11101111 7
65 11111001 6
76 11110111 7

Matching output
0 13
1 absent
2 absent
3 absent
4 absent
5 46 16 06
6 47 37 07
7 60 10

Left
13 24x
Best: OR-NOT13: 1

Right
60 57x
10 07 76x
Best: OR-NOT10 07: 2

XOR-NOT
01 01101100 4 match 7
12 10111100 5
23 00100110 3
34 01110111 6
45 10100011 4
56 11111001 6
67 11010101 5
70 00001110 3

02 00101111 5
13 01100101 4 match 0
24 10101110 5 match 1
35 00101011 4 match 2
46 10100101 4 match 3
57 11010011 5 match 4
60 00100100 2
71 10011101 5

03 11110110 6
14 11101101 6
25 11110010 5
36 00101101 4
47 10001111 5
50 00100010 2
61 10110111 6 match 5
72 11011110 6

04 01111110 6
15 10110001 4
26 11110100 5
37 00000111 3
40 01111110 6
51 10110001 4
62 11110100 5
73 00000111 3

05 00100010 2
16 10110111 6 match 5
27 11011110 6
30 11110110 6
41 11101101 6
52 11110010 5
63 00101101 4
74 10001111 5

06 00100100 2
17 10011101 5
20 00101111 5
31 01100101 4 match 0
42 10101110 5 match 1
53 00101011 4 match 2
64 10100101 4 match 3
75 11010011 5 match 4

07 00001110 3
10 01101100 4 match 7
21 10111100 5
32 00100110 3
43 01110111 6
54 10100011 4
65 11111001 6
76 11010101 5

Matching output
0 13 31
1 24 42
2 35 53
3 46 64
4 57 75
5 61 16
6 absent
7 01 10

Left
13 24 35 46 57 60x
31 42 53 64 75 06x
Best: XOR-NOT13 24 35 46 57: 5

Right
01 70x
10 07x
Best: XOR-NOT01: 1

Selecting

Lefts
Identity none
NOT NOT3: 1
Constant none
AND none
OR none
XOR none
AND-NOT none
OR-NOT OR-NOT13: 1
XOR-NOT XOR-NOT13 24 35 46 57: 5

Rights
Identity none
NOT NOT0: 1
Constant none
AND none
OR none
XOR none
AND-NOT none
OR-NOT OR-NOT10 07: 2
XOR-NOT XOR-NOT01: 1

Left longest: 5
Right longest: 2

Left winner: Identity no, NOT no, Constant no, AND no, OR no, XOR no, AND-NOT no, OR-NOT no, XOR-NOT yes
Right winner: Identity no, NOT no, Constant no, AND no, OR no, XOR no, AND-NOT no, OR-NOT yes, XOR-NOT no

Best left: XOR-NOT13 24 35 46 57: 5
Best right: OR-NOT10 07: 2

Truncated left: XOR-NOT13 24 35 46 57: 5
Truncated right: OR-NOT10 07: 2

Tentative from right
7 OR-NOT10
6 OR-NOT07
5 pending
4 pending
3 pending
2 pending
1 pending
0 pending

Tentative
0 XOR-NOT13
1 XOR-NOT24
2 XOR-NOT35
3 XOR-NOT46
4 XOR-NOT57
5 pending
6 OR-NOT07
7 OR-NOT10

Preferred from left
0 XOR-NOT13
1 XOR-NOT24
2 XOR-NOT35
3 XOR-NOT46
4 XOR-NOT57
5 ?60
6 OR-NOT07
7 OR-NOT10

Preferred from right
7 OR-NOT10
6 OR-NOT07
5 ?60
4 XOR-NOT57
3 XOR-NOT46
2 XOR-NOT35
1 XOR-NOT24
0 XOR-NOT13

Preferred
0 XOR-NOT13
1 XOR-NOT24
2 XOR-NOT35
3 XOR-NOT46
4 XOR-NOT57
5 ?60 ?06
6 OR-NOT07
7 OR-NOT10

Matching
0 XOR-NOT13
1 XOR-NOT24
2 XOR-NOT35
3 XOR-NOT46
4 XOR-NOT57
5 ?60 ?06 - Identity absent, NOT NOT6, Constant absent, AND absent, OR absent, XOR absent, AND-NOT absent, OR-NOT06, XOR-NOT absent
6 OR-NOT07
7 OR-NOT10

Perfect match
Identity no
NOT yes
Constant no
AND no
OR no
XOR no
AND-NOT no
OR-NOT no
XOR-NOT no

Matched
0 XOR-NOT13
1 XOR-NOT24
2 XOR-NOT35
3 XOR-NOT46
4 XOR-NOT57
5 NOT6
6 OR-NOT07
7 OR-NOT10

Selected
0 XOR-NOT13
1 XOR-NOT24
2 XOR-NOT35
3 XOR-NOT46
4 XOR-NOT57
5 NOT6
6 OR-NOT07
7 OR-NOT10

Applying to 11001001
Input
0 1
1 1
2 0
3 0
4 1
5 0
6 0
7 1
Output
0 XOR-NOT13 = XOR(1,NOT(0)) = 0
1 XOR-NOT24 = XOR(0,NOT(1)) = 0
2 XOR-NOT35 = XOR(0,NOT(0)) = 1
3 XOR-NOT46 = XOR(1,NOT(0)) = 0
4 XOR-NOT57 = XOR(0,NOT(1)) = 0
5 NOT6 = NOT(0) = 1
6 OR-NOT07 = OR(1,NOT(1)) = 1
7 OR-NOT10 = OR(1,NOT(1)) = 1

I will now return the answer in \boxed{}
The answer in \boxed{–} is \boxed{00100111}
[correct]
true
