[category]
bit_manipulation
[prompt]
In Alice's Wonderland, a secret bit manipulation rule transforms 8-bit binary numbers. The transformation involves operations like bit shifts, rotations, XOR, AND, OR, NOT, and possibly majority or choice functions.

Here are some examples of input -> output:
01011101 -> 01110111
10011101 -> 01110111
00011011 -> 01101110
01100101 -> 10011101
11110111 -> 11111111
00001000 -> 00100010
00111000 -> 11101110

Now, determine the output for: 01000011
[completion]
We need to deduce the transformation by matching the example outputs.
I will put my final answer inside \boxed{}.

Output 0: 01110111
0 0
1 1
2 1
3 1
4 0
5 1
6 1
7 1

Output 1: 01110111
0 0
1 1
2 1
3 1
4 0
5 1
6 1
7 1

Output 2: 01101110
0 0
1 1
2 1
3 0
4 1
5 1
6 1
7 0

Output 3: 10011101
0 1
1 0
2 0
3 1
4 1
5 1
6 0
7 1

Output 4: 11111111
0 1
1 1
2 1
3 1
4 1
5 1
6 1
7 1

Output 5: 00100010
0 0
1 0
2 1
3 0
4 0
5 0
6 1
7 0

Output 6: 11101110
0 1
1 1
2 1
3 0
4 1
5 1
6 1
7 0

Output bit columns (with bitsum as hash)
0 0001101 3
1 1110101 5
2 1110111 6
3 1101100 4
4 0011101 4
5 1111101 6
6 1110111 6
7 1101100 4

Input 0: 01011101
0 0
1 1
2 0
3 1
4 1
5 1
6 0
7 1

Input 1: 10011101
0 1
1 0
2 0
3 1
4 1
5 1
6 0
7 1

Input 2: 00011011
0 0
1 0
2 0
3 1
4 1
5 0
6 1
7 1

Input 3: 01100101
0 0
1 1
2 1
3 0
4 0
5 1
6 0
7 1

Input 4: 11110111
0 1
1 1
2 1
3 1
4 0
5 1
6 1
7 1

Input 5: 00001000
0 0
1 0
2 0
3 0
4 1
5 0
6 0
7 0

Input 6: 00111000
0 0
1 0
2 1
3 1
4 1
5 0
6 0
7 0

When matching output
x: not in operator
y: wrong position

Identity
0 0100100 2
1 1001100 3
2 0001101 3 match 0
3 1110101 5 match 1
4 1110011 5
5 1101100 4 match 3 7
6 0010100 2
7 1111100 5

Matching output
0 2
1 3
2 absent
3 5
4 absent
5 absent
6 absent
7 5

Left
2 3 4x
Best: I2 3: 2

Right
5 4x
Best: I5: 1

NOT
0 1011011 5
1 0110011 4
2 1110010 4
3 0001010 2
4 0001100 2
5 0010011 3
6 1101011 5
7 0000011 2

Matching output
0 absent
1 absent
2 absent
3 absent
4 absent
5 absent
6 absent
7 absent

Left
none
Best: none

Right
none
Best: none

Constant
0 0000000 a
1 1111111 a

Matching output
0 absent
1 absent
2 absent
3 absent
4 absent
5 absent
6 absent
7 absent

Left
none
Best: none

Right
none
Best: none

AND
01 10 0000100 1
12 21 0001100 2
23 32 0000101 2
34 43 1110001 4
45 54 1100000 2
56 65 0000100 1
67 76 0010100 2
70 07 0100100 2

02 20 0000100 1
13 31 1000100 2
24 42 0000001 1
35 53 1100100 3
46 64 0010000 1
57 75 1101100 4 match 3 7
60 06 0000100 1
71 17 1001100 3

03 30 0100100 2
14 41 1000000 1
25 52 0001100 2
36 63 0010100 2
47 74 1110000 3
50 05 0100100 2
61 16 0000100 1
72 27 0001100 2

04 40 0100000 1
15 51 1001100 3
26 62 0000100 1
37 73 1110100 4

Matching output
0 absent
1 absent
2 absent
3 57 75
4 absent
5 absent
6 absent
7 57 75

Left
none
Best: none

Right
57 46x
75 64x
Best: AND57: 1

OR
01 10 1101100 4 match 3 7
12 21 1001101 4
23 32 1111101 6 match 5
34 43 1110111 6 match 2 6
45 54 1111111 a
56 65 1111100 5
67 76 1111100 5
70 07 1111100 5

02 20 0101101 4
13 31 1111101 6 match 5
24 42 1111111 a
35 53 1111101 6 match 5
46 64 1110111 6 match 2 6
57 75 1111100 5
60 06 0110100 3
71 17 1111100 5

03 30 1110101 5 match 1
14 41 1111111 a
25 52 1101101 5
36 63 1110101 5 match 1
47 74 1111111 a
50 05 1101100 4 match 3 7
61 16 1011100 4
72 27 1111101 6 match 5

04 40 1110111 6 match 2 6
15 51 1101100 4 match 3 7
26 62 0011101 4 match 4
37 73 1111101 6 match 5

Matching output
0 absent
1 03 30 36 63
2 34 43 46 64 04 40
3 01 10 50 05 15 51
4 26 62
5 23 32 13 31 35 53 72 27 37 73
6 34 43 46 64 04 40
7 01 10 50 05 15 51

Left
none
Best: none

Right
01 70x
10 07x
50 47x
05 74x
15 04 73 62 51 40 37y
51 40 37 26 15 04 73y
Best: OR15 04 73 62 51 40: 6

XOR
01 10 1101000 3
12 21 1000001 2
23 32 1111000 4
34 43 0000110 2
45 54 0011111 5
56 65 1111000 4
67 76 1101000 3
70 07 1011000 3

02 20 0101001 3
13 31 0111001 4
24 42 1111110 6
35 53 0011001 3
46 64 1100111 5
57 75 0010000 1
60 06 0110000 2
71 17 0110000 2

03 30 1010001 3
14 41 0111111 6
25 52 1100001 3
36 63 1100001 3
47 74 0001111 4
50 05 1001000 2
61 16 1011000 3
72 27 1110001 4

04 40 1010111 5
15 51 0100000 1
26 62 0011001 3
37 73 0001001 2

Matching output
0 absent
1 absent
2 absent
3 absent
4 absent
5 absent
6 absent
7 absent

Left
none
Best: none

Right
none
Best: none

AND-NOT
01 0100000 1
12 1000000 1
23 0001000 1
34 0000100 1
45 0010011 3
56 1101000 3
67 0000000 a
70 1011000 3

02 0100000 1
13 0001000 1
24 0001100 2
35 0010001 2
46 1100011 4
57 0000000 a
60 0010000 1
71 0110000 2

03 0000000 a
14 0001100 2
25 0000001 1
36 1100001 3
47 0000011 2
50 1001000 2
61 0010000 1
72 1110000 3

04 0000100 1
15 0000000 a
26 0001001 2
37 0000001 1
40 1010011 4
51 0100000 1
62 0010000 1
73 0001000 1

05 0000000 a
16 1001000 2
27 0000001 1
30 1010001 3
41 0110011 4
52 1100000 2
63 0000000 a
74 0001100 2

06 0100000 1
17 0000000 a
20 0001001 2
31 0110001 3
42 1110010 4
53 0001000 1
64 0000100 1
75 0010000 1

07 0000000 a
10 1001000 2
21 0000001 1
32 1110000 3
43 0000010 1
54 0001100 2
65 0010000 1
76 1101000 3

Matching output
0 absent
1 absent
2 absent
3 absent
4 absent
5 absent
6 absent
7 absent

Left
none
Best: none

Right
none
Best: none

OR-NOT
01 0110111 5
12 1111110 6
23 0001111 4
34 1111101 6 match 5
45 1110011 5
56 1101111 6
67 0010111 4
70 1111111 a

02 1110110 5
13 1001110 4
24 0001101 3 match 0
35 1110111 6 match 2 6
46 1111011 6
57 1101111 6
60 1011111 6
71 1111111 a

03 0101110 4
14 1001100 3
25 0011111 5
36 1111111 a
47 1110011 5
50 1111111 a
61 0110111 5
72 1111110 6

04 0101100 3
15 1011111 6
26 1101111 6
37 1110111 6 match 2 6
40 1111011 6
51 1111111 a
62 1110110 5
73 1111110 6

05 0110111 5
16 1101111 6
27 0001111 4
30 1111111 a
41 1110011 5
52 1111110 6
63 0011110 4
74 1111100 5

06 1101111 6
17 1001111 5
20 1011111 6
31 1110111 6 match 2 6
42 1110011 5
53 1101110 5
64 0011100 3
75 1111111 a

07 0100111 4
10 1011111 6
21 0111111 6
32 1110111 6 match 2 6
43 1111011 6
54 1101100 4 match 3 7
65 0010111 4
76 1111111 a

Matching output
0 24
1 absent
2 35 37 31 32
3 54
4 absent
5 34
6 35 37 31 32
7 54

Left
24 35y
Best: OR-NOT24: 1

Right
54 43x
Best: OR-NOT54: 1

XOR-NOT
01 0010111 4
12 0111110 5
23 0000111 3
34 1111001 5
45 1100000 2
56 0000111 3
67 0010111 4
70 0100111 4

02 1010110 4
13 1000110 3
24 0000001 1
35 1100110 4
46 0011000 2
57 1101111 6
60 1001111 5
71 1001111 5

03 0101110 4
14 1000000 1
25 0011110 4
36 0011110 4
47 1110000 3
50 0110111 5
61 0100111 4
72 0001110 3

04 0101000 2
15 1011111 6
26 1100110 4
37 1110110 5
40 0101000 2
51 1011111 6
62 1100110 4
73 1110110 5

05 0110111 5
16 0100111 4
27 0001110 3
30 0101110 4
41 1000000 1
52 0011110 4
63 0011110 4
74 1110000 3

06 1001111 5
17 1001111 5
20 1010110 4
31 1000110 3
42 0000001 1
53 1100110 4
64 0011000 2
75 1101111 6

07 0100111 4
10 0010111 4
21 0111110 5
32 0000111 3
43 1111001 5
54 1100000 2
65 0000111 3
76 0010111 4

Matching output
0 absent
1 absent
2 absent
3 absent
4 absent
5 absent
6 absent
7 absent

Left
none
Best: none

Right
none
Best: none

Selecting

Lefts
Identity I2 3: 2
NOT none
Constant none
AND none
OR none
XOR none
AND-NOT none
OR-NOT OR-NOT24: 1
XOR-NOT none

Rights
Identity I5: 1
NOT none
Constant none
AND AND57: 1
OR OR15 04 73 62 51 40: 6
XOR none
AND-NOT none
OR-NOT OR-NOT54: 1
XOR-NOT none

Left longest: 2
Right longest: 6

Right winner: Identity no, NOT no, Constant no, AND no, OR yes, XOR no, AND-NOT no, OR-NOT no, XOR-NOT no
Left winner: Identity yes, NOT no, Constant no, AND no, OR no, XOR no, AND-NOT no, OR-NOT no, XOR-NOT no

Best right: OR15 04 73 62 51 40: 6
Best left: I2 3: 2

Truncated right: OR15 04 73 62 51 40: 6
Truncated left: I2 3: 2

Tentative from right
7 OR15
6 OR04
5 OR73
4 OR62
3 OR51
2 OR40
1 pending
0 pending

Tentative
0 I2
1 I3
2 OR40
3 OR51
4 OR62
5 OR73
6 OR04
7 OR15

Preferred from right
7 OR15
6 OR04
5 OR73
4 OR62
3 OR51
2 OR40
1 I3
0 I2

Preferred from left
0 I2
1 I3
2 OR40
3 OR51
4 OR62
5 OR73
6 OR04
7 OR15

Preferred
0 I2
1 I3
2 OR40
3 OR51
4 OR62
5 OR73
6 OR04
7 OR15

Matching
0 I2
1 I3
2 OR40
3 OR51
4 OR62
5 OR73
6 OR04
7 OR15

Perfect match
Identity no
NOT no
Constant no
AND no
OR no
XOR no
AND-NOT no
OR-NOT no
XOR-NOT no

Matched
0 I2
1 I3
2 OR40
3 OR51
4 OR62
5 OR73
6 OR04
7 OR15

Selected
0 I2
1 I3
2 OR40
3 OR51
4 OR62
5 OR73
6 OR04
7 OR15

Applying to 01000011
Input
0 0
1 1
2 0
3 0
4 0
5 0
6 1
7 1
Output
0 I2 = 0
1 I3 = 0
2 OR40 = OR(0,0) = 0
3 OR51 = OR(0,1) = 1
4 OR62 = OR(1,0) = 1
5 OR73 = OR(1,0) = 1
6 OR04 = OR(0,0) = 0
7 OR15 = OR(1,0) = 1

I will now return the answer in \boxed{}
The answer in \boxed{–} is \boxed{00011101}
[correct]
true
