[category]
bit_manipulation
[prompt]
In Alice's Wonderland, a secret bit manipulation rule transforms 8-bit binary numbers. The transformation involves operations like bit shifts, rotations, XOR, AND, OR, NOT, and possibly majority or choice functions.

Here are some examples of input -> output:
10101110 -> 01001010
10011000 -> 00000000
01111011 -> 10110111
00010110 -> 00100000
11000110 -> 00001100
01001100 -> 10000000
10110011 -> 00100010

Now, determine the output for: 00011100
[completion]
We need to deduce the transformation by matching the example outputs.
I will put my final answer inside \boxed{}.

Output 0: 01001010
0 0
1 1
2 0
3 0
4 1
5 0
6 1
7 0

Output 1: 00000000
0 0
1 0
2 0
3 0
4 0
5 0
6 0
7 0

Output 2: 10110111
0 1
1 0
2 1
3 1
4 0
5 1
6 1
7 1

Output 3: 00100000
0 0
1 0
2 1
3 0
4 0
5 0
6 0
7 0

Output 4: 00001100
0 0
1 0
2 0
3 0
4 1
5 1
6 0
7 0

Output 5: 10000000
0 1
1 0
2 0
3 0
4 0
5 0
6 0
7 0

Output 6: 00100010
0 0
1 0
2 1
3 0
4 0
5 0
6 1
7 0

Output bit columns (with bitsum as hash)
0 0010010 2
1 1000000 1
2 0011001 3
3 0010000 1
4 1000100 2
5 0010100 2
6 1010001 3
7 0010000 1

Input 0: 10101110
0 1
1 0
2 1
3 0
4 1
5 1
6 1
7 0

Input 1: 10011000
0 1
1 0
2 0
3 1
4 1
5 0
6 0
7 0

Input 2: 01111011
0 0
1 1
2 1
3 1
4 1
5 0
6 1
7 1

Input 3: 00010110
0 0
1 0
2 0
3 1
4 0
5 1
6 1
7 0

Input 4: 11000110
0 1
1 1
2 0
3 0
4 0
5 1
6 1
7 0

Input 5: 01001100
0 0
1 1
2 0
3 0
4 1
5 1
6 0
7 0

Input 6: 10110011
0 1
1 0
2 1
3 1
4 0
5 0
6 1
7 1

When matching output
x: not in operator
y: wrong position

Identity
0 1100101 4
1 0010110 3
2 1010001 3 match 6
3 0111001 4
4 1110010 4
5 1001110 4
6 1011101 5
7 0010001 2

Matching output
0 absent
1 absent
2 absent
3 absent
4 absent
5 absent
6 2
7 absent

Left
none
Best: none

Right
none
Best: none

NOT
0 0011010 3
1 1101001 4
2 0101110 4
3 1000110 3
4 0001101 3
5 0110001 3
6 0100010 2
7 1101110 5

Matching output
0 absent
1 absent
2 absent
3 absent
4 absent
5 absent
6 absent
7 absent

Left
none
Best: none

Right
none
Best: none

Constant
0 0000000 a
1 1111111 a

Matching output
0 absent
1 absent
2 absent
3 absent
4 absent
5 absent
6 absent
7 absent

Left
none
Best: none

Right
none
Best: none

AND
01 10 0000100 1
12 21 0010000 1 match 3 7
23 32 0010001 2
34 43 0110000 2
45 54 1000010 2
56 65 1001100 3
67 76 0010001 2
70 07 0000001 1

02 20 1000001 2
13 31 0010000 1 match 3 7
24 42 1010000 2
35 53 0001000 1
46 64 1010000 2
57 75 0000000 a
60 06 1000101 3
71 17 0010000 1 match 3 7

03 30 0100001 2
14 41 0010010 2 match 0
25 52 1000000 1 match 1
36 63 0011001 3 match 2
47 74 0010000 1 match 3 7
50 05 1000100 2 match 4
61 16 0010100 2 match 5
72 27 0010001 2

04 40 1100000 2
15 51 0000110 2
26 62 1010001 3 match 6
37 73 0010001 2

Matching output
0 14 41
1 25 52
2 36 63
3 12 21 13 31 71 17 47 74
4 50 05
5 61 16
6 26 62
7 12 21 13 31 71 17 47 74

Left
14 25 36 47 50 61 72x
41 52 63 74 05 16 27x
Best: AND14 25 36 47 50 61: 6

Right
12 01x
21 10x
13 02x
31 20x
71 60x
17 06x
47 36y
74 63y
Best: AND12: 1

OR
01 10 1110111 6
12 21 1010111 5
23 32 1111001 5
34 43 1111011 6
45 54 1111110 6
56 65 1011111 6
67 76 1011101 5
70 07 1110101 5

02 20 1110101 5
13 31 0111111 6
24 42 1110011 5
35 53 1111111 a
46 64 1111111 a
57 75 1011111 6
60 06 1111101 6
71 17 0010111 4

03 30 1111101 6
14 41 1110110 5
25 52 1011111 6
36 63 1111101 6
47 74 1110011 5
50 05 1101111 6
61 16 1011111 6
72 27 1010001 3 match 6

04 40 1110111 6
15 51 1011110 5
26 62 1011101 5
37 73 0111001 4

Matching output
0 absent
1 absent
2 absent
3 absent
4 absent
5 absent
6 72 27
7 absent

Left
none
Best: none

Right
none
Best: none

XOR
01 10 1110011 5
12 21 1000111 4
23 32 1101000 3
34 43 1001011 4
45 54 0111100 4
56 65 0010011 3
67 76 1001100 3
70 07 1110100 4

02 20 0110100 3
13 31 0101111 5
24 42 0100011 3
35 53 1110111 6
46 64 0101111 5
57 75 1011111 6
60 06 0111000 3
71 17 0000111 3

03 30 1011100 4
14 41 1100100 3
25 52 0011111 5
36 63 1100100 3
47 74 1100011 4
50 05 0101011 4
61 16 1001011 4
72 27 1000000 1 match 1

04 40 0010111 4
15 51 1011000 3
26 62 0001100 2
37 73 0101000 2

Matching output
0 absent
1 72 27
2 absent
3 absent
4 absent
5 absent
6 absent
7 absent

Left
none
Best: none

Right
none
Best: none

AND-NOT
01 1100001 3
12 0000110 2
23 1000000 1 match 1
34 0001001 2
45 0110000 2
56 0000010 1
67 1001100 3
70 0010000 1 match 3 7

02 0100100 2
13 0000110 2
24 0000001 1
35 0110001 3
46 0100010 2
57 1001110 4
60 0011000 2
71 0000001 1

03 1000100 2 match 4
14 0000100 1
25 0010001 2
36 0100000 1
47 1100010 3
50 0001010 2
61 1001001 3
72 0000000 a

04 0000101 2
15 0010000 1 match 3 7
26 0000000 a
37 0101000 2
40 0010010 2 match 0
51 1001000 2
62 0001100 2
73 0000000 a

05 0100001 2
16 0000010 1
27 1000000 1 match 1
30 0011000 2
41 1100000 2
52 0001110 3
63 1000100 2 match 4
74 0000001 1

06 0100000 1
17 0000110 2
20 0010000 1 match 3 7
31 0101001 3
42 0100010 2
53 1000110 3
64 0001101 3
75 0010001 2

07 1100100 3
10 0010010 2 match 0
21 1000001 2
32 0101000 2
43 1000010 2
54 0001100 2
65 0010001 2
76 0000000 a

Matching output
0 40 10
1 23 27
2 absent
3 70 15 20
4 03 63
5 absent
6 absent
7 70 15 20

Left
40 51x
10 21x
Best: AND-NOT40: 1

Right
70 67x
15 04x
20 17x
Best: AND-NOT70: 1

OR-NOT
01 1101101 5
12 0111110 5
23 1010111 5
34 0111101 5
45 1110011 5
56 1101110 5
67 1111111 a
70 0011011 4

02 1101111 6
13 1010110 4
24 1011101 5
35 0111001 4
46 1110010 4
57 1101110 5
60 1011111 6
71 1111001 5

03 1100111 5
14 0011111 5
25 1110001 4
36 0111011 5
47 1111110 6
50 1011110 5
61 1111101 6
72 0111111 6

04 1101101 5
15 0110111 5
26 1110011 5
37 1111111 a
40 1111010 5
51 1101111 6
62 1111111 a
73 1010111 5

05 1110101 5
16 0110110 4
27 1111111 a
30 0111011 5
41 1111011 6
52 1101110 5
63 1011111 6
74 0011101 4

06 1100111 5
17 1111110 6
20 1011011 5
31 1111001 5
42 1111110 6
53 1001110 4
64 1011101 5
75 0110001 3

07 1101111 6
10 0011110 4
21 1111001 5
32 0111111 6
43 1110110 5
54 1001111 5
65 1111101 6
76 0110011 4

Matching output
0 absent
1 absent
2 absent
3 absent
4 absent
5 absent
6 absent
7 absent

Left
none
Best: none

Right
none
Best: none

XOR-NOT
01 0001100 2
12 0111000 3
23 0010111 4
34 0110100 3
45 1000011 3
56 1101100 4
67 0110011 4
70 0001011 3

02 1001011 4
13 1010000 2
24 1011100 4
35 0001000 1
46 1010000 2
57 0100000 1
60 1000111 4
71 1111000 4

03 0100011 3
14 0011011 4
25 1100000 2
36 0011011 4
47 0011100 3
50 1010100 3
61 0110100 3
72 0111111 6

04 1101000 3
15 0100111 4
26 1110011 5
37 1010111 5
40 1101000 3
51 0100111 4
62 1110011 5
73 1010111 5

05 1010100 3
16 0110100 3
27 0111111 6
30 0100011 3
41 0011011 4
52 1100000 2
63 0011011 4
74 0011100 3

06 1000111 4
17 1111000 4
20 1001011 4
31 1010000 2
42 1011100 4
53 0001000 1
64 1010000 2
75 0100000 1

07 0001011 3
10 0001100 2
21 0111000 3
32 0010111 4
43 0110100 3
54 1000011 3
65 1101100 4
76 0110011 4

Matching output
0 absent
1 absent
2 absent
3 absent
4 absent
5 absent
6 absent
7 absent

Left
none
Best: none

Right
none
Best: none

Selecting

Lefts
Identity none
NOT none
Constant none
AND AND14 25 36 47 50 61: 6
OR none
XOR none
AND-NOT AND-NOT40: 1
OR-NOT none
XOR-NOT none

Rights
Identity none
NOT none
Constant none
AND AND12: 1
OR none
XOR none
AND-NOT AND-NOT70: 1
OR-NOT none
XOR-NOT none

Left longest: 6
Right longest: 1

Left winner: Identity no, NOT no, Constant no, AND yes, OR no, XOR no, AND-NOT no, OR-NOT no, XOR-NOT no
Right winner: Identity no, NOT no, Constant no, AND yes, OR no, XOR no, AND-NOT no, OR-NOT no, XOR-NOT no

Best left: AND14 25 36 47 50 61: 6
Best right: AND12: 1

Truncated left: AND14 25 36 47 50 61: 6
Truncated right: AND12: 1

Tentative from right
7 AND12
6 pending
5 pending
4 pending
3 pending
2 pending
1 pending
0 pending

Tentative
0 AND14
1 AND25
2 AND36
3 AND47
4 AND50
5 AND61
6 pending
7 AND12

Preferred from left
0 AND14
1 AND25
2 AND36
3 AND47
4 AND50
5 AND61
6 ?72
7 AND12

Preferred from right
7 AND12
6 ?72
5 AND61
4 AND50
3 AND47
2 AND36
1 AND25
0 AND14

Preferred
0 AND14
1 AND25
2 AND36
3 AND47
4 AND50
5 AND61
6 ?72 ?27
7 AND12

Matching
0 AND14
1 AND25
2 AND36
3 AND47
4 AND50
5 AND61
6 ?72 ?27 - Identity I2, NOT absent, Constant absent, AND absent, OR72, XOR absent, AND-NOT absent, OR-NOT absent, XOR-NOT absent
7 AND12

Perfect match
Identity yes
NOT no
Constant no
AND no
OR no
XOR no
AND-NOT no
OR-NOT no
XOR-NOT no

Matched
0 AND14
1 AND25
2 AND36
3 AND47
4 AND50
5 AND61
6 I2
7 AND12

Selected
0 AND14
1 AND25
2 AND36
3 AND47
4 AND50
5 AND61
6 I2
7 AND12

Applying to 00011100
Input
0 0
1 0
2 0
3 1
4 1
5 1
6 0
7 0
Output
0 AND14 = AND(0,1) = 0
1 AND25 = AND(0,1) = 0
2 AND36 = AND(1,0) = 0
3 AND47 = AND(1,0) = 0
4 AND50 = AND(1,0) = 0
5 AND61 = AND(0,0) = 0
6 I2 = 0
7 AND12 = AND(0,0) = 0

I will now return the answer in \boxed{}
The answer in \boxed{–} is \boxed{00000000}
[correct]
true
