[category]
bit_manipulation
[prompt]
In Alice's Wonderland, a secret bit manipulation rule transforms 8-bit binary numbers. The transformation involves operations like bit shifts, rotations, XOR, AND, OR, NOT, and possibly majority or choice functions.

Here are some examples of input -> output:
01100110 -> 00000100
01100001 -> 00001100
11110110 -> 10011110
00100111 -> 00100000
01000010 -> 00000000
11110100 -> 10001110
10000000 -> 00000000
10111011 -> 01011011
01101011 -> 01001100

Now, determine the output for: 11101011
[completion]
We need to deduce the transformation by matching the example outputs.
I will put my final answer inside \boxed{}.

Output 0: 00000100
0 0
1 0
2 0
3 0
4 0
5 1
6 0
7 0

Output 1: 00001100
0 0
1 0
2 0
3 0
4 1
5 1
6 0
7 0

Output 2: 10011110
0 1
1 0
2 0
3 1
4 1
5 1
6 1
7 0

Output 3: 00100000
0 0
1 0
2 1
3 0
4 0
5 0
6 0
7 0

Output 4: 00000000
0 0
1 0
2 0
3 0
4 0
5 0
6 0
7 0

Output 5: 10001110
0 1
1 0
2 0
3 0
4 1
5 1
6 1
7 0

Output 6: 00000000
0 0
1 0
2 0
3 0
4 0
5 0
6 0
7 0

Output 7: 01011011
0 0
1 1
2 0
3 1
4 1
5 0
6 1
7 1

Output 8: 01001100
0 0
1 1
2 0
3 0
4 1
5 1
6 0
7 0

Output bit columns (with bitsum as hash)
0 001001000 2
1 000000011 2
2 000100000 1
3 001000010 2
4 011001011 5
5 111001001 5
6 001001010 3
7 000000010 1

Input 0: 01100110
0 0
1 1
2 1
3 0
4 0
5 1
6 1
7 0

Input 1: 01100001
0 0
1 1
2 1
3 0
4 0
5 0
6 0
7 1

Input 2: 11110110
0 1
1 1
2 1
3 1
4 0
5 1
6 1
7 0

Input 3: 00100111
0 0
1 0
2 1
3 0
4 0
5 1
6 1
7 1

Input 4: 01000010
0 0
1 1
2 0
3 0
4 0
5 0
6 1
7 0

Input 5: 11110100
0 1
1 1
2 1
3 1
4 0
5 1
6 0
7 0

Input 6: 10000000
0 1
1 0
2 0
3 0
4 0
5 0
6 0
7 0

Input 7: 10111011
0 1
1 0
2 1
3 1
4 1
5 0
6 1
7 1

Input 8: 01101011
0 0
1 1
2 1
3 0
4 1
5 0
6 1
7 1

When matching output
x: not in operator
y: wrong position

Identity
0 001001110 4
1 111011001 6
2 111101011 7
3 001001010 3 match 6
4 000000011 2 match 1
5 101101000 4
6 101110011 6
7 010100011 4

Matching output
0 absent
1 4
2 absent
3 absent
4 absent
5 absent
6 3
7 absent

Left
none
Best: none

Right
none
Best: none

NOT
0 110110001 5
1 000100110 3
2 000010100 2
3 110110101 6
4 111111100 7
5 010010111 5
6 010001100 3
7 101011100 5

Matching output
0 absent
1 absent
2 absent
3 absent
4 absent
5 absent
6 absent
7 absent

Left
none
Best: none

Right
none
Best: none

Constant
0 000000000 a
1 111111111 a

Matching output
0 absent
1 absent
2 absent
3 absent
4 absent
5 absent
6 absent
7 absent

Left
none
Best: none

Right
none
Best: none

AND
01 10 001001000 2 match 0
12 21 111001001 5 match 5
23 32 001001010 3 match 6
34 43 000000010 1 match 7
45 54 000000000 a
56 65 101100000 3
67 76 000100011 3
70 07 000000010 1 match 7

02 20 001001010 3 match 6
13 31 001001000 2 match 0
24 42 000000011 2 match 1
35 53 001001000 2 match 0
46 64 000000011 2 match 1
57 75 000100000 1 match 2
60 06 001000010 2 match 3
71 17 010000001 2

03 30 001001010 3 match 6
14 41 000000001 1
25 52 101101000 4
36 63 001000010 2 match 3
47 74 000000011 2 match 1
50 05 001001000 2 match 0
61 16 101010001 4
72 27 010100011 4

04 40 000000010 1 match 7
15 51 101001000 3
26 62 101100011 5
37 73 000000010 1 match 7

Matching output
0 01 10 13 31 35 53 50 05
1 24 42 46 64 47 74
2 57 75
3 60 06 36 63
4 absent
5 12 21
6 23 32 02 20 03 30
7 34 43 70 07 04 40 37 73

Left
01 12y
10 21y
13 24 35y
31 42 53y
35 46 57 60 71x
53 64 75 06 17x
50 61x
05 16x
Best: AND35 46 57 60: 4

Right
34 23 12 01y
43 32 21 10y
70 67x
07 76x
04 73y
40 37y
37 26x
73 62x
Best: AND34 23 12: 3

OR
01 10 111011111 8
12 21 111111011 8
23 32 111101011 7
34 43 001001011 4
45 54 101101011 6
56 65 101111011 7
67 76 111110011 7
70 07 011101111 7

02 20 111101111 8
13 31 111011011 7
24 42 111101011 7
35 53 101101010 5
46 64 101110011 6
57 75 111101011 7
60 06 101111111 8
71 17 111111011 8

03 30 001001110 4
14 41 111011011 7
25 52 111101011 7
36 63 101111011 7
47 74 010100011 4
50 05 101101110 6
61 16 111111011 8
72 27 111101011 7

04 40 001001111 5
15 51 111111001 7
26 62 111111011 8
37 73 011101011 6

Matching output
0 absent
1 absent
2 absent
3 absent
4 absent
5 absent
6 absent
7 absent

Left
none
Best: none

Right
none
Best: none

XOR
01 10 110010111 6
12 21 000110010 3
23 32 110100001 4
34 43 001001001 3
45 54 101101011 6
56 65 000011011 4
67 76 111010000 4
70 07 011101101 6

02 20 110100101 5
13 31 110010011 5
24 42 111101000 5
35 53 100100010 3
46 64 101110000 4
57 75 111001011 6
60 06 100111101 6
71 17 101111010 6

03 30 000000100 1
14 41 111011010 6
25 52 010000011 3
36 63 100111001 5
47 74 010100000 2
50 05 100100110 4
61 16 010101010 4
72 27 101001000 3

04 40 001001101 4
15 51 010110001 4
26 62 010011000 3
37 73 011101001 5

Matching output
0 absent
1 absent
2 absent
3 absent
4 absent
5 absent
6 absent
7 absent

Left
none
Best: none

Right
none
Best: none

AND-NOT
01 000000110 2
12 000010000 1
23 110100001 4
34 001001000 2 match 0
45 000000011 2 match 1
56 000001000 1
67 101010000 3
70 010100001 3

02 000000100 1
13 110010001 4
24 111101000 5
35 000000010 1 match 7
46 000000000 a
57 101001000 3
60 100110001 4
71 000100010 2

03 000000100 1
14 111011000 5
25 010000011 3
36 000001000 1
47 000000000 a
50 100100000 2
61 000100010 2
72 000000000 a

04 001001100 3
15 010010001 3
26 010001000 2
37 001001000 2 match 0
40 000000001 1
51 000100000 1 match 2
62 000010000 1
73 010100001 3

05 000000110 2
16 010001000 2
27 101001000 3
30 000000000 a
41 000000010 1 match 7
52 000000000 a
63 100110001 4
74 010100000 2

06 000001100 2
17 101011000 4
20 110100001 4
31 000000010 1 match 7
42 000000000 a
53 100100000 2
64 101110000 4
75 010000011 3

07 001001100 3
10 110010001 4
21 000100010 2
32 000000000 a
43 000000001 1
54 101101000 4
65 000010011 3
76 010000000 1

Matching output
0 34 37
1 45
2 51
3 absent
4 absent
5 absent
6 absent
7 35 41 31

Left
34 45 56x
37 40x
Best: AND-NOT34 45: 2

Right
35 24x
41 30x
31 20x
Best: AND-NOT35: 1

OR-NOT
01 001101110 5
12 111011101 7
23 111111111 a
34 111111110 8
45 010010111 5
56 111101100 6
67 101111111 8
70 110110011 6

02 001011110 5
13 111111101 8
24 111111111 a
35 011011111 7
46 010001111 5
57 101111100 6
60 111110011 7
71 010100111 5

03 111111111 a
14 111111101 8
25 111111111 a
36 011001110 5
47 101011111 7
50 111111001 7
61 101110111 7
72 010110111 6

04 111111110 8
15 111011111 8
26 111101111 8
37 101011110 6
40 110110011 6
51 101101110 6
62 101110111 7
73 110110111 7

05 011011111 7
16 111011101 7
27 111111111 a
30 111111011 8
41 000100111 4
52 101111100 6
63 111110111 8
74 111111111 a

06 011001110 5
17 111011101 7
20 111111011 8
31 001101110 5
42 000010111 4
53 111111101 8
64 111111111 a
75 010110111 6

07 101011110 6
10 111111001 7
21 111101111 8
32 001011110 5
43 110110111 7
54 111111100 7
65 111110111 8
76 010101111 6

Matching output
0 absent
1 absent
2 absent
3 absent
4 absent
5 absent
6 absent
7 absent

Left
none
Best: none

Right
none
Best: none

XOR-NOT
01 001101000 3
12 111001101 6
23 001011110 5
34 110110110 6
45 010010100 3
56 111100100 5
67 000101111 5
70 100010010 3

02 001011010 4
13 001101100 4
24 000010111 4
35 011011101 6
46 010001111 5
57 000110100 3
60 011000010 3
71 010000101 3

03 111111011 8
14 000100101 3
25 101111100 6
36 011000110 4
47 101011111 7
50 011011001 5
61 101010101 5
72 010110111 6

04 110110010 5
15 101001110 5
26 101100111 6
37 100010110 4
40 110110010 5
51 101001110 5
62 101100111 6
73 100010110 4

05 011011001 5
16 101010101 5
27 010110111 6
30 111111011 8
41 000100101 3
52 101111100 6
63 011000110 4
74 101011111 7

06 011000010 3
17 010000101 3
20 001011010 4
31 001101100 4
42 000010111 4
53 011011101 6
64 010001111 5
75 000110100 3

07 100010010 3
10 001101000 3
21 111001101 6
32 001011110 5
43 110110110 6
54 010010100 3
65 111100100 5
76 000101111 5

Matching output
0 absent
1 absent
2 absent
3 absent
4 absent
5 absent
6 absent
7 absent

Left
none
Best: none

Right
none
Best: none

Selecting

Lefts
Identity none
NOT none
Constant none
AND AND35 46 57 60: 4
OR none
XOR none
AND-NOT AND-NOT34 45: 2
OR-NOT none
XOR-NOT none

Rights
Identity none
NOT none
Constant none
AND AND34 23 12: 3
OR none
XOR none
AND-NOT AND-NOT35: 1
OR-NOT none
XOR-NOT none

Left longest: 4
Right longest: 3

Left winner: Identity no, NOT no, Constant no, AND yes, OR no, XOR no, AND-NOT no, OR-NOT no, XOR-NOT no
Right winner: Identity no, NOT no, Constant no, AND yes, OR no, XOR no, AND-NOT no, OR-NOT no, XOR-NOT no

Best left: AND35 46 57 60: 4
Best right: AND34 23 12: 3

Truncated left: AND35 46 57 60: 4
Truncated right: AND34 23 12: 3

Tentative from right
7 AND34
6 AND23
5 AND12
4 pending
3 pending
2 pending
1 pending
0 pending

Tentative
0 AND35
1 AND46
2 AND57
3 AND60
4 pending
5 AND12
6 AND23
7 AND34

Preferred from left
0 AND35
1 AND46
2 AND57
3 AND60
4 ?71
5 AND12
6 AND23
7 AND34

Preferred from right
7 AND34
6 AND23
5 AND12
4 ?71
3 AND60
2 AND57
1 AND46
0 AND35

Preferred
0 AND35
1 AND46
2 AND57
3 AND60
4 ?71 ?17
5 AND12
6 AND23
7 AND34

Matching
0 AND35
1 AND46
2 AND57
3 AND60
4 ?71 ?17 - Identity absent, NOT absent, Constant absent, AND absent, OR absent, XOR absent, AND-NOT absent, OR-NOT absent, XOR-NOT absent
5 AND12
6 AND23
7 AND34

Perfect match
Identity no
NOT no
Constant no
AND no
OR no
XOR no
AND-NOT no
OR-NOT no
XOR-NOT no

Matched
0 AND35
1 AND46
2 AND57
3 AND60
4 none
5 AND12
6 AND23
7 AND34

Selected
0 AND35
1 AND46
2 AND57
3 AND60
4 default 1
5 AND12
6 AND23
7 AND34

Applying to 11101011
Input
0 1
1 1
2 1
3 0
4 1
5 0
6 1
7 1
Output
0 AND35 = AND(0,0) = 0
1 AND46 = AND(1,1) = 1
2 AND57 = AND(0,1) = 0
3 AND60 = AND(1,1) = 1
4 default 1 = 1
5 AND12 = AND(1,1) = 1
6 AND23 = AND(1,0) = 0
7 AND34 = AND(0,1) = 0

I will now return the answer in \boxed{}
The answer in \boxed{–} is \boxed{01011100}
[correct]
true
