[category]
bit_manipulation
[prompt]
In Alice's Wonderland, a secret bit manipulation rule transforms 8-bit binary numbers. The transformation involves operations like bit shifts, rotations, XOR, AND, OR, NOT, and possibly majority or choice functions.

Here are some examples of input -> output:
11100010 -> 01011100
01001010 -> 01001001
01101011 -> 01101101
11000100 -> 10011000
10000111 -> 01110000
01100011 -> 01101100
10101110 -> 11010101

Now, determine the output for: 11000111
[completion]
We need to deduce the transformation by matching the example outputs.
I will put my final answer inside \boxed{}.

Output 0: 01011100
0 0
1 1
2 0
3 1
4 1
5 1
6 0
7 0

Output 1: 01001001
0 0
1 1
2 0
3 0
4 1
5 0
6 0
7 1

Output 2: 01101101
0 0
1 1
2 1
3 0
4 1
5 1
6 0
7 1

Output 3: 10011000
0 1
1 0
2 0
3 1
4 1
5 0
6 0
7 0

Output 4: 01110000
0 0
1 1
2 1
3 1
4 0
5 0
6 0
7 0

Output 5: 01101100
0 0
1 1
2 1
3 0
4 1
5 1
6 0
7 0

Output 6: 11010101
0 1
1 1
2 0
3 1
4 0
5 1
6 0
7 1

Output bit columns (with bitsum as hash)
0 0001001 2
1 1110111 6
2 0010110 3
3 1001101 4
4 1111010 5
5 1010011 4
6 0000000 a
7 0110001 3

Input 0: 11100010
0 1
1 1
2 1
3 0
4 0
5 0
6 1
7 0

Input 1: 01001010
0 0
1 1
2 0
3 0
4 1
5 0
6 1
7 0

Input 2: 01101011
0 0
1 1
2 1
3 0
4 1
5 0
6 1
7 1

Input 3: 11000100
0 1
1 1
2 0
3 0
4 0
5 1
6 0
7 0

Input 4: 10000111
0 1
1 0
2 0
3 0
4 0
5 1
6 1
7 1

Input 5: 01100011
0 0
1 1
2 1
3 0
4 0
5 0
6 1
7 1

Input 6: 10101110
0 1
1 0
2 1
3 0
4 1
5 1
6 1
7 0

When matching output
x: not in operator
y: wrong position

Identity
0 1001101 4 match 3
1 1111010 5 match 4
2 1010011 4 match 5
3 0000000 a match 6
4 0110001 3 match 7
5 0001101 3
6 1110111 6 match 1
7 0010110 3 match 2

Matching output
0 absent
1 6
2 7
3 0
4 1
5 2
6 3
7 4

Left
none
Best: none

Right
4 3 2 1 0 7 6 5x
Best: I4 3 2 1 0 7 6: 7

NOT
0 0110010 3
1 0000101 2
2 0101100 3
3 1111111 a
4 1001110 4
5 1110010 4
6 0001000 1
7 1101001 4

Matching output
0 absent
1 absent
2 absent
3 absent
4 absent
5 absent
6 absent
7 absent

Left
none
Best: none

Right
none
Best: none

Constant
0 0000000 a match 6
1 1111111 a

Matching output
0 absent
1 absent
2 absent
3 absent
4 absent
5 absent
6 C0
7 absent

Left
none
Best: none

Right
none
Best: none

AND
01 10 1001000 2
12 21 1010010 3
23 32 0000000 a match 6
34 43 0000000 a match 6
45 54 0000001 1
56 65 0000101 2
67 76 0010110 3 match 2
70 07 0000100 1

02 20 1000001 2
13 31 0000000 a match 6
24 42 0010001 2
35 53 0000000 a match 6
46 64 0110001 3 match 7
57 75 0000100 1
60 06 1000101 3
71 17 0010010 2

03 30 0000000 a match 6
14 41 0110000 2
25 52 0000001 1
36 63 0000000 a match 6
47 74 0010000 1
50 05 0001101 3
61 16 1110010 4
72 27 0010010 2

04 40 0000001 1
15 51 0001000 1
26 62 1010011 4 match 5
37 73 0000000 a match 6

Matching output
0 absent
1 absent
2 67 76
3 absent
4 absent
5 26 62
6 23 32 34 43 13 31 35 53 03 30 36 63 37 73
7 46 64

Left
none
Best: none

Right
46 35 24x
64 53 42x
Best: AND46 35: 2

OR
01 10 1111111 a
12 21 1111011 6
23 32 1010011 4 match 5
34 43 0110001 3 match 7
45 54 0111101 5
56 65 1111111 a
67 76 1110111 6 match 1
70 07 1011111 6

02 20 1011111 6
13 31 1111010 5 match 4
24 42 1110011 5
35 53 0001101 3
46 64 1110111 6 match 1
57 75 0011111 5
60 06 1111111 a
71 17 1111110 6

03 30 1001101 4 match 3
14 41 1111011 6
25 52 1011111 6
36 63 1110111 6 match 1
47 74 0110111 5
50 05 1001101 4 match 3
61 16 1111111 a
72 27 1010111 5

04 40 1111101 6
15 51 1111111 a
26 62 1110111 6 match 1
37 73 0010110 3 match 2

Matching output
0 absent
1 67 76 46 64 36 63 26 62
2 37 73
3 03 30 50 05
4 13 31
5 23 32
6 absent
7 34 43

Left
none
Best: none

Right
34 23y
43 32y
Best: OR34: 1

XOR
01 10 0110111 5
12 21 0101001 3
23 32 1010011 4 match 5
34 43 0110001 3 match 7
45 54 0111100 4
56 65 1111010 5 match 4
67 76 1100001 3
70 07 1011011 5

02 20 0011110 4
13 31 1111010 5 match 4
24 42 1100010 3
35 53 0001101 3
46 64 1000110 3
57 75 0011011 4
60 06 0111010 4
71 17 1101100 4

03 30 1001101 4 match 3
14 41 1001011 4
25 52 1011110 5
36 63 1110111 6 match 1
47 74 0100111 4
50 05 1000000 1
61 16 0001101 3
72 27 1000101 3

04 40 1111100 5
15 51 1110111 6 match 1
26 62 0100100 2
37 73 0010110 3 match 2

Matching output
0 absent
1 36 63 15 51
2 37 73
3 03 30
4 56 65 13 31
5 23 32
6 absent
7 34 43

Left
none
Best: none

Right
34 23y
43 32y
Best: XOR34: 1

AND-NOT
01 0000101 2
12 0101000 2
23 1010011 4 match 5
34 0000000 a match 6
45 0110000 2
56 0001000 1
67 1100001 3
70 0010010 2

02 0001100 2
13 1111010 5 match 4
24 1000010 2
35 0000000 a match 6
46 0000000 a match 6
57 0001001 2 match 0
60 0110010 3
71 0000100 1

03 1001101 4 match 3
14 1001010 3
25 1010010 3
36 0000000 a match 6
47 0100001 2
50 0000000 a match 6
61 0000101 2
72 0000100 1

04 1001100 3
15 1110010 4
26 0000000 a match 6
37 0000000 a match 6
40 0110000 2
51 0000101 2
62 0100100 2
73 0010110 3 match 2

05 1000000 1
16 0001000 1
27 1000001 2
30 0000000 a match 6
41 0000001 1
52 0001100 2
63 1110111 6 match 1
74 0000110 2

06 0001000 1
17 1101000 3
20 0010010 2
31 0000000 a match 6
42 0100000 1
53 0001101 3
64 1000110 3
75 0010010 2

07 1001001 3
10 0110010 3
21 0000001 1
32 0000000 a match 6
43 0110001 3 match 7
54 0001100 2
65 1110010 4
76 0000000 a match 6

Matching output
0 57
1 63
2 73
3 03
4 13
5 23
6 34 35 46 36 50 26 37 30 31 32 76
7 43

Left
57 60x
Best: AND-NOT57: 1

Right
43 32 21x
Best: AND-NOT43 32: 2

OR-NOT
01 1001101 4 match 3
12 1111110 6
23 1111111 a
34 1001110 4
45 1110011 5
56 0001101 3
67 1111111 a
70 0110110 4

02 1101101 5
13 1111111 a
24 1011111 6
35 1110010 4
46 0111001 4
57 1101101 5
60 1110111 6 match 1
71 0010111 4

03 1111111 a
14 1111110 6
25 1110011 5
36 0001000 1
47 1111001 5
50 0111111 6
61 1110111 6 match 1
72 0111110 5

04 1001111 5
15 1111010 5 match 4
26 1011011 5
37 1101001 4
40 0110011 4
51 0001101 3
62 1111111 a
73 1111111 a

05 1111111 a
16 1111010 5 match 4
27 1111011 6
30 0110010 3
41 0110101 4
52 0101101 4
63 1111111 a
74 1011110 5

06 1001101 4 match 3
17 1111011 6
20 1110011 5
31 0000101 2
42 0111101 5
53 1111111 a
64 1111111 a
75 1110110 5

07 1101101 5
10 1111010 5 match 4
21 1010111 5
32 0101100 3
43 1111111 a
54 1001111 5
65 1110111 6 match 1
76 0011110 4

Matching output
0 absent
1 60 61 65
2 absent
3 01 06
4 15 16 10
5 absent
6 absent
7 absent

Left
none
Best: none

Right
none
Best: none

XOR-NOT
01 1001000 2
12 1010110 4
23 0101100 3
34 1001110 4
45 1000011 3
56 0000101 2
67 0011110 4
70 0100100 2

02 1100001 3
13 0000101 2
24 0011101 4
35 1110010 4
46 0111001 4
57 1100100 3
60 1000101 3
71 0010011 3

03 0110010 3
14 0110100 3
25 0100001 2
36 0001000 1
47 1011000 3
50 0111111 6
61 1110010 4
72 0111010 4

04 0000011 2
15 0001000 1
26 1011011 5
37 1101001 4
40 0000011 2
51 0001000 1
62 1011011 5
73 1101001 4

05 0111111 6
16 1110010 4
27 0111010 4
30 0110010 3
41 0110100 3
52 0100001 2
63 0001000 1
74 1011000 3

06 1000101 3
17 0010011 3
20 1100001 3
31 0000101 2
42 0011101 4
53 1110010 4
64 0111001 4
75 1100100 3

07 0100100 2
10 1001000 2
21 1010110 4
32 0101100 3
43 1001110 4
54 1000011 3
65 0000101 2
76 0011110 4

Matching output
0 absent
1 absent
2 absent
3 absent
4 absent
5 absent
6 absent
7 absent

Left
none
Best: none

Right
none
Best: none

Selecting

Lefts
Identity none
NOT none
Constant none
AND none
OR none
XOR none
AND-NOT AND-NOT57: 1
OR-NOT none
XOR-NOT none

Rights
Identity I4 3 2 1 0 7 6: 7
NOT none
Constant none
AND AND46 35: 2
OR OR34: 1
XOR XOR34: 1
AND-NOT AND-NOT43 32: 2
OR-NOT none
XOR-NOT none

Left longest: 1
Right longest: 7

Right winner: Identity yes, NOT no, Constant no, AND no, OR no, XOR no, AND-NOT no, OR-NOT no, XOR-NOT no
Left winner: Identity no, NOT no, Constant no, AND no, OR no, XOR no, AND-NOT yes, OR-NOT no, XOR-NOT no

Best right: I4 3 2 1 0 7 6: 7
Best left: AND-NOT57: 1

Truncated right: I4 3 2 1 0 7 6: 7
Truncated left: AND-NOT57: 1

Tentative from right
7 I4
6 I3
5 I2
4 I1
3 I0
2 I7
1 I6
0 pending

Tentative
0 AND-NOT57
1 I6
2 I7
3 I0
4 I1
5 I2
6 I3
7 I4

Preferred from right
7 I4
6 I3
5 I2
4 I1
3 I0
2 I7
1 I6
0 AND-NOT57

Preferred from left
0 AND-NOT57
1 I6
2 I7
3 I0
4 I1
5 I2
6 I3
7 I4

Preferred
0 AND-NOT57
1 I6
2 I7
3 I0
4 I1
5 I2
6 I3
7 I4

Matching
0 AND-NOT57
1 I6
2 I7
3 I0
4 I1
5 I2
6 I3
7 I4

Perfect match
Identity no
NOT no
Constant no
AND no
OR no
XOR no
AND-NOT no
OR-NOT no
XOR-NOT no

Matched
0 AND-NOT57
1 I6
2 I7
3 I0
4 I1
5 I2
6 I3
7 I4

Selected
0 AND-NOT57
1 I6
2 I7
3 I0
4 I1
5 I2
6 I3
7 I4

Applying to 11000111
Input
0 1
1 1
2 0
3 0
4 0
5 1
6 1
7 1
Output
0 AND-NOT57 = AND(1,NOT(1)) = 0
1 I6 = 1
2 I7 = 1
3 I0 = 1
4 I1 = 1
5 I2 = 0
6 I3 = 0
7 I4 = 0

I will now return the answer in \boxed{}
The answer in \boxed{–} is \boxed{01111000}
[correct]
true
