[category]
bit_manipulation
[prompt]
In Alice's Wonderland, a secret bit manipulation rule transforms 8-bit binary numbers. The transformation involves operations like bit shifts, rotations, XOR, AND, OR, NOT, and possibly majority or choice functions.

Here are some examples of input -> output:
11001011 -> 01101010
11010111 -> 10001101
10000000 -> 00100000
01110100 -> 10111101
00111001 -> 11000110
01101010 -> 01001010
11010100 -> 10010101
11110101 -> 10010101
00001101 -> 01101011

Now, determine the output for: 10000110
[completion]
We need to deduce the transformation by matching the example outputs.
I will put my final answer inside \boxed{}.

Output 0: 01101010
0 0
1 1
2 1
3 0
4 1
5 0
6 1
7 0

Output 1: 10001101
0 1
1 0
2 0
3 0
4 1
5 1
6 0
7 1

Output 2: 00100000
0 0
1 0
2 1
3 0
4 0
5 0
6 0
7 0

Output 3: 10111101
0 1
1 0
2 1
3 1
4 1
5 1
6 0
7 1

Output 4: 11000110
0 1
1 1
2 0
3 0
4 0
5 1
6 1
7 0

Output 5: 01001010
0 0
1 1
2 0
3 0
4 1
5 0
6 1
7 0

Output 6: 10010101
0 1
1 0
2 0
3 1
4 0
5 1
6 0
7 1

Output 7: 10010101
0 1
1 0
2 0
3 1
4 0
5 1
6 0
7 1

Output 8: 01101011
0 0
1 1
2 1
3 0
4 1
5 0
6 1
7 1

Output bit columns (with bitsum as hash)
0 010110110 5
1 100011001 4
2 101100001 4
3 000100110 3
4 110101001 5
5 010110110 5
6 100011001 4
7 010100111 5

Input 0: 11001011
0 1
1 1
2 0
3 0
4 1
5 0
6 1
7 1

Input 1: 11010111
0 1
1 1
2 0
3 1
4 0
5 1
6 1
7 1

Input 2: 10000000
0 1
1 0
2 0
3 0
4 0
5 0
6 0
7 0

Input 3: 01110100
0 0
1 1
2 1
3 1
4 0
5 1
6 0
7 0

Input 4: 00111001
0 0
1 0
2 1
3 1
4 1
5 0
6 0
7 1

Input 5: 01101010
0 0
1 1
2 1
3 0
4 1
5 0
6 1
7 0

Input 6: 11010100
0 1
1 1
2 0
3 1
4 0
5 1
6 0
7 0

Input 7: 11110101
0 1
1 1
2 1
3 1
4 0
5 1
6 0
7 1

Input 8: 00001101
0 0
1 0
2 0
3 0
4 1
5 1
6 0
7 1

When matching output
x: not in operator
y: wrong position

Identity
0 111000110 5
1 110101110 6
2 000111010 4
3 010110110 5 match 0 5
4 100011001 4 match 1 6
5 010100111 5 match 7
6 110001000 3
7 110010011 5

Matching output
0 3
1 4
2 absent
3 absent
4 absent
5 3
6 4
7 5

Left
3 4 5y
Best: I3 4: 2

Right
5 4 3 2x
Best: I5 4 3: 3

NOT
0 000111001 4
1 001010001 3
2 111000101 5
3 101001001 4
4 011100110 5
5 101011000 4
6 001110111 6
7 001101100 4

Matching output
0 absent
1 absent
2 absent
3 absent
4 absent
5 absent
6 absent
7 absent

Left
none
Best: none

Right
none
Best: none

Constant
0 000000000 a
1 111111111 a

Matching output
0 absent
1 absent
2 absent
3 absent
4 absent
5 absent
6 absent
7 absent

Left
none
Best: none

Right
none
Best: none

AND
01 10 110000110 4
12 21 000101010 3
23 32 000110010 3
34 43 000010000 1
45 54 000000001 1
56 65 010000000 1
67 76 110000000 2
70 07 110000010 3

02 20 000000010 1
13 31 010100110 4
24 42 000011000 2
35 53 010100110 4
46 64 100001000 2
57 75 010000011 3
60 06 110000000 2
71 17 110000010 3

03 30 010000110 3
14 41 100001000 2
25 52 000100010 2
36 63 010000000 1
47 74 100010001 3
50 05 010000110 3
61 16 110001000 3
72 27 000010010 2

04 40 100000000 1
15 51 010100110 4
26 62 000001000 1
37 73 010010010 3

Matching output
0 absent
1 absent
2 absent
3 absent
4 absent
5 absent
6 absent
7 absent

Left
none
Best: none

Right
none
Best: none

OR
01 10 111101110 7
12 21 110111110 7
23 32 010111110 6
34 43 110111111 8
45 54 110111111 8
56 65 110101111 7
67 76 110011011 6
70 07 111010111 7

02 20 111111110 8
13 31 110111110 7
24 42 100111011 6
35 53 010110111 6
46 64 110011001 5
57 75 110110111 7
60 06 111001110 6
71 17 110111111 8

03 30 111110110 7
14 41 110111111 8
25 52 010111111 7
36 63 110111110 7
47 74 110011011 6
50 05 111100111 7
61 16 110101110 6
72 27 110111011 7

04 40 111011111 8
15 51 110101111 7
26 62 110111010 6
37 73 110110111 7

Matching output
0 absent
1 absent
2 absent
3 absent
4 absent
5 absent
6 absent
7 absent

Left
none
Best: none

Right
none
Best: none

XOR
01 10 001101000 3
12 21 110010100 4
23 32 010001100 3
34 43 110101111 7
45 54 110111110 7
56 65 100101111 6
67 76 000011011 4
70 07 001010101 4

02 20 111111100 7
13 31 100011000 3
24 42 100100011 4
35 53 000010001 2
46 64 010010001 3
57 75 100110100 4
60 06 001001110 4
71 17 000111101 5

03 30 101110000 4
14 41 010110111 6
25 52 010011101 5
36 63 100111110 6
47 74 010001010 3
50 05 101100001 4 match 2
61 16 000100110 3 match 3
72 27 110101001 5 match 4

04 40 011011111 7
15 51 100001001 3
26 62 110110010 5
37 73 100100101 4

Matching output
0 absent
1 absent
2 50 05
3 61 16
4 72 27
5 absent
6 absent
7 absent

Left
none
Best: none

Right
none
Best: none

AND-NOT
01 001000000 1
12 110000100 3
23 000001000 1
34 010100110 4
45 100011000 3
56 000100111 4
67 000001000 1
70 000010001 2

02 111000100 4
13 100001000 2
24 000100010 2
35 000010000 1
46 000010001 2
57 000100100 2
60 000001000 1
71 000010001 2

03 101000000 2
14 010100110 4
25 000011000 2
36 000110110 4
47 000001000 1
50 000100001 2
61 000000000 a
72 110000001 3

04 011000110 4
15 100001000 2
26 000110010 3
37 000100100 2
40 000011001 3
51 000000001 1
62 110000000 2
73 100000001 2

05 101000000 2
16 000100110 3 match 3
27 000101000 2
30 000110000 2
41 000010001 2
52 010000101 3
63 100001000 2
74 010000010 2

06 001000110 3
17 000101100 3
20 000111000 3
31 000010000 1
42 100000001 2
53 000000001 1
64 010000000 1
75 100010000 2

07 001000100 2
10 000101000 2
21 000010000 1
32 010000100 2
43 100001001 3
54 010100110 4
65 100001000 2
76 000010011 3

Matching output
0 absent
1 absent
2 absent
3 16
4 absent
5 absent
6 absent
7 absent

Left
none
Best: none

Right
none
Best: none

OR-NOT
01 111010111 7
12 111101111 8
23 101111011 7
34 011110110 6
45 101011001 5
56 011110111 7
67 111101100 6
70 110111011 7

02 111000111 6
13 111101111 8
24 011111110 7
35 111111110 8
46 101111111 8
57 011101111 7
60 110111001 6
71 111010011 6

03 111001111 7
14 111101110 7
25 101111010 6
36 011110111 7
47 101111101 7
50 010111111 7
61 111011001 6
72 111010111 7

04 111100110 6
15 111111110 8
26 001111111 7
37 011111110 7
40 100111001 5
51 011110111 7
62 111001101 6
73 111011011 7

05 111011110 7
16 111111111 a
27 001111110 6
30 010111111 7
41 101011001 5
52 111100111 7
63 111001001 5
74 111110111 8

06 111110111 8
17 111101110 7
20 000111011 5
31 011110111 7
42 111011101 7
53 111101111 8
64 111101110 7
75 111011011 7

07 111101110 7
10 110111111 8
21 001111011 6
32 111110111 8
43 101011001 5
54 011100111 6
65 111011000 5
76 111110111 8

Matching output
0 absent
1 absent
2 absent
3 absent
4 absent
5 absent
6 absent
7 absent

Left
none
Best: none

Right
none
Best: none

XOR-NOT
01 110010111 6
12 001101011 5
23 101110011 6
34 001010000 2
45 001000001 2
56 011010000 3
67 111100100 5
70 110101010 5

02 000000011 2
13 011100111 6
24 011011100 5
35 111101110 7
46 101101110 6
57 011001011 5
60 110110001 5
71 111000010 4

03 010001111 5
14 101001000 3
25 101100010 4
36 011000001 3
47 101110101 6
50 010011110 5
61 111011001 6
72 001010110 4

04 100100000 2
15 011110110 6
26 001001101 4
37 011011010 5
40 100100000 2
51 011110110 6
62 001001101 4
73 011011010 5

05 010011110 5
16 111011001 6
27 001010110 4
30 010001111 5
41 101001000 3
52 101100010 4
63 011000001 3
74 101110101 6

06 110110001 5
17 111000010 4
20 000000011 2
31 011100111 6
42 011011100 5
53 111101110 7
64 101101110 6
75 011001011 5

07 110101010 5
10 110010111 6
21 001101011 5
32 101110011 6
43 001010000 2
54 001000001 2
65 011010000 3
76 111100100 5

Matching output
0 absent
1 absent
2 absent
3 absent
4 absent
5 absent
6 absent
7 absent

Left
none
Best: none

Right
none
Best: none

Selecting

Lefts
Identity I3 4: 2
NOT none
Constant none
AND none
OR none
XOR none
AND-NOT none
OR-NOT none
XOR-NOT none

Rights
Identity I5 4 3: 3
NOT none
Constant none
AND none
OR none
XOR none
AND-NOT none
OR-NOT none
XOR-NOT none

Left longest: 2
Right longest: 3

Right winner: Identity yes, NOT no, Constant no, AND no, OR no, XOR no, AND-NOT no, OR-NOT no, XOR-NOT no
Left winner: Identity yes, NOT no, Constant no, AND no, OR no, XOR no, AND-NOT no, OR-NOT no, XOR-NOT no

Best right: I5 4 3: 3
Best left: I3 4: 2

Truncated right: I5 4 3: 3
Truncated left: I3 4: 2

Tentative from right
7 I5
6 I4
5 I3
4 pending
3 pending
2 pending
1 pending
0 pending

Tentative
0 I3
1 I4
2 pending
3 pending
4 pending
5 I3
6 I4
7 I5

Preferred from right
7 I5
6 I4
5 I3
4 ??2
3 ??1
2 ??0
1 I4
0 I3

Preferred from left
0 I3
1 I4
2 ?50
3 ?61
4 ?72
5 I3
6 I4
7 I5

Preferred
0 I3
1 I4
2 ?50 ?05
3 ?61 ?16
4 ?72 ?27
5 I3
6 I4
7 I5

Matching
0 I3
1 I4
2 ?50 ?05 - Identity absent, NOT absent, Constant absent, AND absent, OR absent, XOR50, AND-NOT absent, OR-NOT absent, XOR-NOT absent
3 ?61 ?16 - Identity absent, NOT absent, Constant absent, AND absent, OR absent, XOR61, AND-NOT16, OR-NOT absent, XOR-NOT absent
4 ?72 ?27 - Identity absent, NOT absent, Constant absent, AND absent, OR absent, XOR72, AND-NOT absent, OR-NOT absent, XOR-NOT absent
5 I3
6 I4
7 I5

Perfect match
Identity no
NOT no
Constant no
AND no
OR no
XOR yes
AND-NOT no
OR-NOT no
XOR-NOT no

Matched
0 I3
1 I4
2 XOR50
3 XOR61
4 XOR72
5 I3
6 I4
7 I5

Selected
0 I3
1 I4
2 XOR50
3 XOR61
4 XOR72
5 I3
6 I4
7 I5

Applying to 10000110
Input
0 1
1 0
2 0
3 0
4 0
5 1
6 1
7 0
Output
0 I3 = 0
1 I4 = 0
2 XOR50 = XOR(1,1) = 0
3 XOR61 = XOR(1,0) = 1
4 XOR72 = XOR(0,0) = 0
5 I3 = 0
6 I4 = 0
7 I5 = 1

I will now return the answer in \boxed{}
The answer in \boxed{–} is \boxed{00010001}
[correct]
true
