[category]
bit_manipulation
[prompt]
In Alice's Wonderland, a secret bit manipulation rule transforms 8-bit binary numbers. The transformation involves operations like bit shifts, rotations, XOR, AND, OR, NOT, and possibly majority or choice functions.

Here are some examples of input -> output:
11100101 -> 01010010
10111011 -> 10011101
10110100 -> 01011010
00101010 -> 00010101
00100100 -> 00010010
01110100 -> 00111010
00101110 -> 00010111
11111001 -> 11011100
00011110 -> 00001111

Now, determine the output for: 10011101
[completion]
We need to deduce the transformation by matching the example outputs.
I will put my final answer inside \boxed{}.

Output 0: 01010010
0 0
1 1
2 0
3 1
4 0
5 0
6 1
7 0

Output 1: 10011101
0 1
1 0
2 0
3 1
4 1
5 1
6 0
7 1

Output 2: 01011010
0 0
1 1
2 0
3 1
4 1
5 0
6 1
7 0

Output 3: 00010101
0 0
1 0
2 0
3 1
4 0
5 1
6 0
7 1

Output 4: 00010010
0 0
1 0
2 0
3 1
4 0
5 0
6 1
7 0

Output 5: 00111010
0 0
1 0
2 1
3 1
4 1
5 0
6 1
7 0

Output 6: 00010111
0 0
1 0
2 0
3 1
4 0
5 1
6 1
7 1

Output 7: 11011100
0 1
1 1
2 0
3 1
4 1
5 1
6 0
7 0

Output 8: 00001111
0 0
1 0
2 0
3 0
4 1
5 1
6 1
7 1

Output bit columns (with bitsum as hash)
0 010000010 2
1 101000010 3
2 000001000 1
3 111111110 8
4 011001011 5
5 010100111 5
6 101011101 6
7 010100101 4

Input 0: 11100101
0 1
1 1
2 1
3 0
4 0
5 1
6 0
7 1

Input 1: 10111011
0 1
1 0
2 1
3 1
4 1
5 0
6 1
7 1

Input 2: 10110100
0 1
1 0
2 1
3 1
4 0
5 1
6 0
7 0

Input 3: 00101010
0 0
1 0
2 1
3 0
4 1
5 0
6 1
7 0

Input 4: 00100100
0 0
1 0
2 1
3 0
4 0
5 1
6 0
7 0

Input 5: 01110100
0 0
1 1
2 1
3 1
4 0
5 1
6 0
7 0

Input 6: 00101110
0 0
1 0
2 1
3 0
4 1
5 1
6 1
7 0

Input 7: 11111001
0 1
1 1
2 1
3 1
4 1
5 0
6 0
7 1

Input 8: 00011110
0 0
1 0
2 0
3 1
4 1
5 1
6 1
7 0

When matching output
x: not in operator
y: wrong position

Identity
0 111000010 4
1 100001010 3
2 111111110 8 match 3
3 011001011 5 match 4
4 010100111 5 match 5
5 101011101 6 match 6
6 010100101 4 match 7
7 110000010 3

Matching output
0 absent
1 absent
2 absent
3 2
4 3
5 4
6 5
7 6

Left
none
Best: none

Right
6 5 4 3 2 1x
Best: I6 5 4 3 2: 5

NOT
0 000111101 5
1 011110101 6
2 000000001 1
3 100110100 4
4 101011000 4
5 010100010 3
6 101011010 5
7 001111101 6

Matching output
0 absent
1 absent
2 absent
3 absent
4 absent
5 absent
6 absent
7 absent

Left
none
Best: none

Right
none
Best: none

Constant
0 000000000 a
1 111111111 a

Matching output
0 absent
1 absent
2 absent
3 absent
4 absent
5 absent
6 absent
7 absent

Left
none
Best: none

Right
none
Best: none

AND
01 10 100000010 2
12 21 100001010 3
23 32 011001010 4
34 43 010000011 3
45 54 000000101 2
56 65 000000101 2
67 76 010000000 1
70 07 110000010 3

02 20 111000010 4
13 31 000001010 2
24 42 010100110 4
35 53 001001001 3
46 64 010100101 4 match 7
57 75 100000000 1
60 06 010000000 1
71 17 100000010 2

03 30 011000010 3
14 41 000000010 1
25 52 101011100 5
36 63 010000001 2
47 74 010000010 2 match 0
50 05 101000000 2
61 16 000000000 a
72 27 110000010 3

04 40 010000010 2 match 0
15 51 100001000 2
26 62 010100100 3
37 73 010000010 2 match 0

Matching output
0 47 74 04 40 37 73
1 absent
2 absent
3 absent
4 absent
5 absent
6 absent
7 46 64

Left
47 50x
74 05x
04 15x
40 51x
37 40y
73 04y
Best: AND47: 1

Right
46 35x
64 53x
Best: AND46: 1

OR
01 10 111001010 5
12 21 111111110 8 match 3
23 32 111111111 a
34 43 011101111 7
45 54 111111111 a
56 65 111111101 8
67 76 110100111 6
70 07 111000010 4

02 20 111111110 8 match 3
13 31 111001011 6
24 42 111111111 a
35 53 111011111 8
46 64 010100111 5 match 5
57 75 111011111 8
60 06 111100111 7
71 17 110001010 4

03 30 111001011 6
14 41 110101111 7
25 52 111111111 a
36 63 011101111 7
47 74 110100111 6
50 05 111011111 8
61 16 110101111 7
72 27 111111110 8 match 3

04 40 111100111 7
15 51 101011111 7
26 62 111111111 a
37 73 111001011 6

Matching output
0 absent
1 absent
2 absent
3 12 21 02 20 72 27
4 absent
5 46 64
6 absent
7 absent

Left
none
Best: none

Right
none
Best: none

XOR
01 10 011001000 3
12 21 011110100 5
23 32 100110101 5
34 43 001101100 4
45 54 111111010 7
56 65 111111000 6
67 76 100100111 5
70 07 001000000 1

02 20 000111100 4
13 31 111000001 4
24 42 101011001 5
35 53 110010110 5
46 64 000000010 1
57 75 011011111 7
60 06 101100111 6
71 17 010001000 2

03 30 100001001 3
14 41 110101101 6
25 52 010100011 4
36 63 001101110 5
47 74 100100101 4
50 05 010011111 6
61 16 110101111 7
72 27 001111100 5

04 40 101100101 5
15 51 001010111 5
26 62 101011011 6
37 73 101001001 4

Matching output
0 absent
1 absent
2 absent
3 absent
4 absent
5 absent
6 absent
7 absent

Left
none
Best: none

Right
none
Best: none

AND-NOT
01 011000000 2
12 000000000 a
23 100110100 4
34 001001000 2
45 010100010 3
56 101011000 4
67 000100101 3
70 000000000 a

02 000000000 a
13 100000000 1
24 101011000 4
35 010000010 2 match 0
46 000000010 1
57 001011101 5
60 000100101 3
71 010000000 1

03 100000000 1
14 100001000 2
25 010100010 3
36 001001010 3
47 000100101 3
50 000011101 4
61 010100101 4 match 7
72 000000000 a

04 101000000 2
15 000000010 1
26 101011010 5
37 001001001 3
40 000100101 3
51 001010101 4
62 000000001 1
73 100000000 1

05 010000010 2 match 0
16 100001010 3
27 001111100 5
30 000001001 2
41 010100101 4 match 7
52 000000001 1
63 000100100 2
74 100000000 1

06 101000010 3 match 1
17 000001000 1 match 2
20 000111100 4
31 011000001 3
42 000000001 1
53 100010100 3
64 000000000 a
75 010000010 2 match 0

07 001000000 1
10 000001000 1 match 2
21 011110100 5
32 000000001 1
43 000100100 2
54 101011000 4
65 010100000 2
76 100000010 2

Matching output
0 35 05 75
1 06
2 17 10
3 absent
4 absent
5 absent
6 absent
7 61 41

Left
35 46x
05 16x
75 06 17 20x
Best: AND-NOT75 06 17: 3

Right
61 50x
41 30x
Best: AND-NOT61: 1

OR-NOT
01 111110111 8
12 100001011 4
23 111111110 8 match 3
34 111011011 7
45 010100111 5 match 5
56 101011111 7
67 011111101 7
70 110111111 8

02 111000011 5
13 100111110 6
24 111111110 8 match 3
35 011101011 6
46 111111111 a
57 101111101 7
60 010111101 6
71 111110111 8

03 111110110 7
14 101011010 5
25 111111110 8 match 3
36 111011011 7
47 011111111 8
50 101111101 7
61 011110101 6
72 110000011 4

04 111011010 6
15 110101010 5
26 111111110 8 match 3
37 011111111 8
40 010111111 7
51 111111101 8
62 010100101 4 match 7
73 110110110 6

05 111100010 5
16 101011010 5
27 111111111 a
30 011111111 8
41 011110111 7
52 101011101 6 match 6
63 110110101 6
74 111011010 6

06 111011010 6
17 101111111 8
20 111111111 a
31 011111111 8
42 010100111 5 match 5
53 101111101 7
64 111111101 8
75 110100010 4

07 111111111 a
10 100111111 7
21 111111111 a
32 011001011 5 match 4
43 110110111 7
54 101011101 6 match 6
65 010100111 5 match 5
76 111011010 6

Matching output
0 absent
1 absent
2 absent
3 23 24 25 26
4 32
5 45 42 65
6 52 54
7 62

Left
none
Best: none

Right
62 51x
Best: OR-NOT62: 1

XOR-NOT
01 100110111 6
12 100001011 4
23 011001010 4
34 110010011 5
45 000000101 2
56 000000111 3
67 011011000 4
70 110111111 8

02 111000011 5
13 000111110 5
24 010100110 4
35 001101001 4
46 111111101 8
57 100100000 2
60 010011000 3
71 101110111 7

03 011110110 6
14 001010010 3
25 101011100 5
36 110010001 4
47 011011010 5
50 101100000 3
61 001010000 2
72 110000011 4

04 010011010 4
15 110101000 4
26 010100100 3
37 010110110 5
40 010011010 4
51 110101000 4
62 010100100 3
73 010110110 5

05 101100000 3
16 001010000 2
27 110000011 4
30 011110110 6
41 001010010 3
52 101011100 5
63 110010001 4
74 011011010 5

06 010011000 3
17 101110111 7
20 111000011 5
31 000111110 5
42 010100110 4
53 001101001 4
64 111111101 8
75 100100000 2

07 110111111 8
10 100110111 6
21 100001011 4
32 011001010 4
43 110010011 5
54 000000101 2
65 000000111 3
76 011011000 4

Matching output
0 absent
1 absent
2 absent
3 absent
4 absent
5 absent
6 absent
7 absent

Left
none
Best: none

Right
none
Best: none

Selecting

Lefts
Identity none
NOT none
Constant none
AND AND47: 1
OR none
XOR none
AND-NOT AND-NOT75 06 17: 3
OR-NOT none
XOR-NOT none

Rights
Identity I6 5 4 3 2: 5
NOT none
Constant none
AND AND46: 1
OR none
XOR none
AND-NOT AND-NOT61: 1
OR-NOT OR-NOT62: 1
XOR-NOT none

Left longest: 3
Right longest: 5

Right winner: Identity yes, NOT no, Constant no, AND no, OR no, XOR no, AND-NOT no, OR-NOT no, XOR-NOT no
Left winner: Identity no, NOT no, Constant no, AND no, OR no, XOR no, AND-NOT yes, OR-NOT no, XOR-NOT no

Best right: I6 5 4 3 2: 5
Best left: AND-NOT75 06 17: 3

Truncated right: I6 5 4 3 2: 5
Truncated left: AND-NOT75 06 17: 3

Tentative from right
7 I6
6 I5
5 I4
4 I3
3 I2
2 pending
1 pending
0 pending

Tentative
0 AND-NOT75
1 AND-NOT06
2 AND-NOT17
3 I2
4 I3
5 I4
6 I5
7 I6

Preferred from right
7 I6
6 I5
5 I4
4 I3
3 I2
2 AND-NOT17
1 AND-NOT06
0 AND-NOT75

Preferred from left
0 AND-NOT75
1 AND-NOT06
2 AND-NOT17
3 I2
4 I3
5 I4
6 I5
7 I6

Preferred
0 AND-NOT75
1 AND-NOT06
2 AND-NOT17
3 I2
4 I3
5 I4
6 I5
7 I6

Matching
0 AND-NOT75
1 AND-NOT06
2 AND-NOT17
3 I2
4 I3
5 I4
6 I5
7 I6

Perfect match
Identity no
NOT no
Constant no
AND no
OR no
XOR no
AND-NOT no
OR-NOT no
XOR-NOT no

Matched
0 AND-NOT75
1 AND-NOT06
2 AND-NOT17
3 I2
4 I3
5 I4
6 I5
7 I6

Selected
0 AND-NOT75
1 AND-NOT06
2 AND-NOT17
3 I2
4 I3
5 I4
6 I5
7 I6

Applying to 10011101
Input
0 1
1 0
2 0
3 1
4 1
5 1
6 0
7 1
Output
0 AND-NOT75 = AND(1,NOT(1)) = 0
1 AND-NOT06 = AND(1,NOT(0)) = 1
2 AND-NOT17 = AND(0,NOT(1)) = 0
3 I2 = 0
4 I3 = 1
5 I4 = 1
6 I5 = 1
7 I6 = 0

I will now return the answer in \boxed{}
The answer in \boxed{–} is \boxed{01001110}
[correct]
true
