[category]
bit_manipulation
[prompt]
In Alice's Wonderland, a secret bit manipulation rule transforms 8-bit binary numbers. The transformation involves operations like bit shifts, rotations, XOR, AND, OR, NOT, and possibly majority or choice functions.

Here are some examples of input -> output:
11101011 -> 11010111
01000011 -> 10000110
10101010 -> 01010101
11100000 -> 11000001
00011000 -> 00110000
01010111 -> 10101110
00000110 -> 00001100
01100000 -> 11000000

Now, determine the output for: 11111110
[completion]
We need to deduce the transformation by matching the example outputs.
I will put my final answer inside \boxed{}.

Output 0: 11010111
0 1
1 1
2 0
3 1
4 0
5 1
6 1
7 1

Output 1: 10000110
0 1
1 0
2 0
3 0
4 0
5 1
6 1
7 0

Output 2: 01010101
0 0
1 1
2 0
3 1
4 0
5 1
6 0
7 1

Output 3: 11000001
0 1
1 1
2 0
3 0
4 0
5 0
6 0
7 1

Output 4: 00110000
0 0
1 0
2 1
3 1
4 0
5 0
6 0
7 0

Output 5: 10101110
0 1
1 0
2 1
3 0
4 1
5 1
6 1
7 0

Output 6: 00001100
0 0
1 0
2 0
3 0
4 1
5 1
6 0
7 0

Output 7: 11000000
0 1
1 1
2 0
3 0
4 0
5 0
6 0
7 0

Output bit columns (with bitsum as hash)
0 11010101 5
1 10110001 4
2 00001100 2
3 10101000 3
4 00000110 2
5 11100110 5
6 11000100 3
7 10110000 3

Input 0: 11101011
0 1
1 1
2 1
3 0
4 1
5 0
6 1
7 1

Input 1: 01000011
0 0
1 1
2 0
3 0
4 0
5 0
6 1
7 1

Input 2: 10101010
0 1
1 0
2 1
3 0
4 1
5 0
6 1
7 0

Input 3: 11100000
0 1
1 1
2 1
3 0
4 0
5 0
6 0
7 0

Input 4: 00011000
0 0
1 0
2 0
3 1
4 1
5 0
6 0
7 0

Input 5: 01010111
0 0
1 1
2 0
3 1
4 0
5 1
6 1
7 1

Input 6: 00000110
0 0
1 0
2 0
3 0
4 0
5 1
6 1
7 0

Input 7: 01100000
0 0
1 1
2 1
3 0
4 0
5 0
6 0
7 0

When matching output
x: not in operator
y: wrong position

Identity
0 10110000 3 match 7
1 11010101 5 match 0
2 10110001 4 match 1
3 00001100 2 match 2
4 10101000 3 match 3
5 00000110 2 match 4
6 11100110 5 match 5
7 11000100 3 match 6

Matching output
0 1
1 2
2 3
3 4
4 5
5 6
6 7
7 0

Left
1 2 3 4 5 6 7 0
Best: I1 2 3 4 5 6 7 0: 8

Right
0 7 6 5 4 3 2 1
Best: I0 7 6 5 4 3 2 1: 8

NOT
0 01001111 5
1 00101010 3
2 01001110 4
3 11110011 6
4 01010111 5
5 11111001 6
6 00011001 3
7 00111011 5

Matching output
0 absent
1 absent
2 absent
3 absent
4 absent
5 absent
6 absent
7 absent

Left
none
Best: none

Right
none
Best: none

Constant
0 00000000 a
1 11111111 a

Matching output
0 absent
1 absent
2 absent
3 absent
4 absent
5 absent
6 absent
7 absent

Left
none
Best: none

Right
none
Best: none

AND
01 10 10010000 2
12 21 10010001 3
23 32 00000000 a
34 43 00001000 1
45 54 00000000 a
56 65 00000110 2 match 4
67 76 11000100 3 match 6
70 07 10000000 1

02 20 10110000 3 match 7
13 31 00000100 1
24 42 10100000 2
35 53 00000100 1
46 64 10100000 2
57 75 00000100 1
60 06 10100000 2
71 17 11000100 3 match 6

03 30 00000000 a
14 41 10000000 1
25 52 00000000 a
36 63 00000100 1
47 74 10000000 1
50 05 00000000 a
61 16 11000100 3 match 6
72 27 10000000 1

04 40 10100000 2
15 51 00000100 1
26 62 10100000 2
37 73 00000100 1

Matching output
0 absent
1 absent
2 absent
3 absent
4 56 65
5 absent
6 67 76 71 17 61 16
7 02 20

Left
none
Best: none

Right
02 71 60x
20 17 06x
Best: AND02 71: 2

OR
01 10 11110101 6
12 21 11110101 6
23 32 10111101 6
34 43 10101100 4
45 54 10101110 5
56 65 11100110 5 match 5
67 76 11100110 5 match 5
70 07 11110100 5

02 20 10110001 4 match 1
13 31 11011101 6
24 42 10111001 5
35 53 00001110 3
46 64 11101110 6
57 75 11000110 4
60 06 11110110 6
71 17 11010101 5 match 0

03 30 10111100 5
14 41 11111101 7
25 52 10110111 6
36 63 11101110 6
47 74 11101100 5
50 05 10110110 5
61 16 11110111 7
72 27 11110101 6

04 40 10111000 4
15 51 11010111 6
26 62 11110111 7
37 73 11001100 4

Matching output
0 71 17
1 02 20
2 absent
3 absent
4 absent
5 56 65 67 76
6 absent
7 absent

Left
71 02 13x
17 20 31x
Best: OR71 02: 2

Right
none
Best: none

XOR
01 10 01100101 4
12 21 01100100 3
23 32 10111101 6
34 43 10100100 3
45 54 10101110 5
56 65 11100000 3
67 76 00100010 2
70 07 01110100 4

02 20 00000001 1
13 31 11011001 5
24 42 00011001 3
35 53 00001010 2
46 64 01001110 4
57 75 11000010 3
60 06 01010110 4
71 17 00010001 2

03 30 10111100 5
14 41 01111101 6
25 52 10110111 6
36 63 11101010 5
47 74 01101100 4
50 05 10110110 5
61 16 00110011 4
72 27 01110101 5

04 40 00011000 2
15 51 11010011 5
26 62 01010111 5
37 73 11001000 3

Matching output
0 absent
1 absent
2 absent
3 absent
4 absent
5 absent
6 absent
7 absent

Left
none
Best: none

Right
none
Best: none

AND-NOT
01 00100000 1
12 01000100 2
23 10110001 4 match 1
34 00000100 1
45 10101000 3 match 3
56 00000000 a
67 00100010 2
70 01000100 2

02 00000000 a
13 11010001 4
24 00010001 2
35 00001000 1
46 00001000 1
57 00000010 1
60 01000110 3
71 00000000 a

03 10110000 3 match 7
14 01010101 4
25 10110001 4 match 1
36 00001000 1
47 00101000 2
50 00000110 2 match 4
61 00100010 2
72 01000100 2

04 00010000 1
15 11010001 4
26 00010001 2
37 00001000 1
40 00001000 1
51 00000010 1
62 01000110 3
73 11000000 2

05 10110000 3 match 7
16 00010001 2
27 00110001 3
30 00001100 2 match 2
41 00101000 2
52 00000110 2 match 4
63 11100010 4
74 01000100 2

06 00010000 1
17 00010001 2
20 00000001 1
31 00001000 1
42 00001000 1
53 00000010 1
64 01000110 3
75 11000000 2

07 00110000 2
10 01000101 3
21 00100000 1
32 00001100 2 match 2
43 10100000 2
54 00000110 2 match 4
65 11100000 3
76 00000000 a

Matching output
0 absent
1 23 25
2 30 32
3 45
4 50 52 54
5 absent
6 absent
7 03 05

Left
none
Best: none

Right
03 72x
05 74x
Best: AND-NOT03: 1

OR-NOT
01 10111010 5
12 11011111 7
23 11110011 6
34 01011111 6
45 11111001 6
56 00011111 5
67 11111111 a
70 11001111 6

02 11111110 7
13 11110111 7
24 11110111 7
35 11111101 7
46 10111001 5
57 00111111 6
60 11101111 7
71 11101110 6

03 11110011 6
14 11010111 6
25 11111001 6
36 00011101 4
47 10111011 6
50 01001111 5
61 11101110 6
72 11001110 5

04 11110111 7
15 11111101 7
26 10111001 5
37 00111111 6
40 11101111 7
51 00101110 4
62 11101110 6
73 11110111 7

05 11111001 6
16 11011101 6
27 10111011 6
30 01001111 5
41 10101010 4
52 01001110 4
63 11110111 7
74 11010111 6

06 10111001 5
17 11111111 a
20 11111111 a
31 00101110 4
42 11101110 6
53 11110111 7
64 11110111 7
75 11111101 7

07 10111011 6
10 11011111 7
21 10111011 6
32 01001110 4
43 11111011 7
54 01010111 5
65 11111111 a
76 11011101 6

Matching output
0 absent
1 absent
2 absent
3 absent
4 absent
5 absent
6 absent
7 absent

Left
none
Best: none

Right
none
Best: none

XOR-NOT
01 10011010 4
12 10011011 5
23 01000010 2
34 01011011 5
45 01010001 3
56 00011111 5
67 11011101 6
70 10001011 4

02 11111110 7
13 00100110 3
24 11100110 5 match 5
35 11110101 6
46 10110001 4 match 1
57 00111101 5
60 10101001 4
71 11101110 6

03 01000011 3
14 10000010 2
25 01001000 2
36 00010101 3
47 10010011 4
50 01001001 3
61 11001100 4
72 10001010 3

04 11100111 6
15 00101100 3
26 10101000 3 match 3
37 00110111 5
40 11100111 6
51 00101100 3
62 10101000 3 match 3
73 00110111 5

05 01001001 3
16 11001100 4
27 10001010 3
30 01000011 3
41 10000010 2
52 01001000 2
63 00010101 3
74 10010011 4

06 10101001 4
17 11101110 6
20 11111110 7
31 00100110 3
42 11100110 5 match 5
53 11110101 6
64 10110001 4 match 1
75 00111101 5

07 10001011 4
10 10011010 4
21 10011011 5
32 01000010 2
43 01011011 5
54 01010001 3
65 00011111 5
76 11011101 6

Matching output
0 absent
1 46 64
2 absent
3 26 62
4 absent
5 24 42
6 absent
7 absent

Left
none
Best: none

Right
none
Best: none

Selecting

Lefts
Identity I1 2 3 4 5 6 7 0: 8
NOT none
Constant none
AND none
OR OR71 02: 2
XOR none
AND-NOT none
OR-NOT none
XOR-NOT none

Rights
Identity I0 7 6 5 4 3 2 1: 8
NOT none
Constant none
AND AND02 71: 2
OR none
XOR none
AND-NOT AND-NOT03: 1
OR-NOT none
XOR-NOT none

Left longest: 8
Right longest: 8

Left winner: Identity yes, NOT no, Constant no, AND no, OR no, XOR no, AND-NOT no, OR-NOT no, XOR-NOT no
Right winner: Identity yes, NOT no, Constant no, AND no, OR no, XOR no, AND-NOT no, OR-NOT no, XOR-NOT no

Best left: I1 2 3 4 5 6 7 0: 8
Best right: I0 7 6 5 4 3 2 1: 8

Truncated left: I1 2 3 4 5 6 7 0: 8
Truncated right: none truncated

Tentative from right
7 pending
6 pending
5 pending
4 pending
3 pending
2 pending
1 pending
0 pending

Tentative
0 I1
1 I2
2 I3
3 I4
4 I5
5 I6
6 I7
7 I0

Preferred from left
0 I1
1 I2
2 I3
3 I4
4 I5
5 I6
6 I7
7 I0

Preferred from right
7 I0
6 I7
5 I6
4 I5
3 I4
2 I3
1 I2
0 I1

Preferred
0 I1
1 I2
2 I3
3 I4
4 I5
5 I6
6 I7
7 I0

Matching
0 I1
1 I2
2 I3
3 I4
4 I5
5 I6
6 I7
7 I0

Perfect match
Identity no
NOT no
Constant no
AND no
OR no
XOR no
AND-NOT no
OR-NOT no
XOR-NOT no

Matched
0 I1
1 I2
2 I3
3 I4
4 I5
5 I6
6 I7
7 I0

Selected
0 I1
1 I2
2 I3
3 I4
4 I5
5 I6
6 I7
7 I0

Applying to 11111110
Input
0 1
1 1
2 1
3 1
4 1
5 1
6 1
7 0
Output
0 I1 = 1
1 I2 = 1
2 I3 = 1
3 I4 = 1
4 I5 = 1
5 I6 = 1
6 I7 = 0
7 I0 = 1

I will now return the answer in \boxed{}
The answer in \boxed{–} is \boxed{11111101}
[correct]
true
