[category]
bit_manipulation
[prompt]
In Alice's Wonderland, a secret bit manipulation rule transforms 8-bit binary numbers. The transformation involves operations like bit shifts, rotations, XOR, AND, OR, NOT, and possibly majority or choice functions.

Here are some examples of input -> output:
10110001 -> 00001011
11010010 -> 00001101
00010010 -> 00000001
10000100 -> 00001000
10011010 -> 00001001
01101001 -> 00000110
01100010 -> 00000110
00110110 -> 00000011
01101010 -> 00000110

Now, determine the output for: 01001110
[completion]
We need to deduce the transformation by matching the example outputs.
I will put my final answer inside \boxed{}.

Output 0: 00001011
0 0
1 0
2 0
3 0
4 1
5 0
6 1
7 1

Output 1: 00001101
0 0
1 0
2 0
3 0
4 1
5 1
6 0
7 1

Output 2: 00000001
0 0
1 0
2 0
3 0
4 0
5 0
6 0
7 1

Output 3: 00001000
0 0
1 0
2 0
3 0
4 1
5 0
6 0
7 0

Output 4: 00001001
0 0
1 0
2 0
3 0
4 1
5 0
6 0
7 1

Output 5: 00000110
0 0
1 0
2 0
3 0
4 0
5 1
6 1
7 0

Output 6: 00000110
0 0
1 0
2 0
3 0
4 0
5 1
6 1
7 0

Output 7: 00000011
0 0
1 0
2 0
3 0
4 0
5 0
6 1
7 1

Output 8: 00000110
0 0
1 0
2 0
3 0
4 0
5 1
6 1
7 0

Output bit columns (with bitsum as hash)
0 000000000 a
1 000000000 a
2 000000000 a
3 000000000 a
4 110110000 4
5 010001101 4
6 100001111 5
7 111010010 5

Input 0: 10110001
0 1
1 0
2 1
3 1
4 0
5 0
6 0
7 1

Input 1: 11010010
0 1
1 1
2 0
3 1
4 0
5 0
6 1
7 0

Input 2: 00010010
0 0
1 0
2 0
3 1
4 0
5 0
6 1
7 0

Input 3: 10000100
0 1
1 0
2 0
3 0
4 0
5 1
6 0
7 0

Input 4: 10011010
0 1
1 0
2 0
3 1
4 1
5 0
6 1
7 0

Input 5: 01101001
0 0
1 1
2 1
3 0
4 1
5 0
6 0
7 1

Input 6: 01100010
0 0
1 1
2 1
3 0
4 0
5 0
6 1
7 0

Input 7: 00110110
0 0
1 0
2 1
3 1
4 0
5 1
6 1
7 0

Input 8: 01101010
0 0
1 1
2 1
3 0
4 1
5 0
6 1
7 0

When matching output
x: not in operator
y: wrong position

Identity
0 110110000 4 match 4
1 010001101 4 match 5
2 100001111 5 match 6
3 111010010 5 match 7
4 000011001 3
5 000100010 2
6 011010111 6
7 100001000 2

Matching output
0 absent
1 absent
2 absent
3 absent
4 0
5 1
6 2
7 3

Left
none
Best: none

Right
3 2 1 0 7x
Best: I3 2 1 0: 4

NOT
0 001001111 5
1 101110010 5
2 011110000 4
3 000101101 4
4 111100110 6
5 111011101 7
6 100101000 3
7 011110111 7

Matching output
0 absent
1 absent
2 absent
3 absent
4 absent
5 absent
6 absent
7 absent

Left
none
Best: none

Right
none
Best: none

Constant
0 000000000 a match 0 1 2 3
1 111111111 a

Matching output
0 C0
1 C0
2 C0
3 C0
4 absent
5 absent
6 absent
7 absent

Left
0 0 0 0
Best: C0 0 0 0: 4

Right
none
Best: none

AND
01 10 010000000 1
12 21 000001101 3
23 32 100000010 2
34 43 000010000 1
45 54 000000000 a match 0 1 2 3
56 65 000000010 1
67 76 000000000 a match 0 1 2 3
70 07 100000000 1

02 20 100000000 1
13 31 010000000 1
24 42 000001001 2
35 53 000000010 1
46 64 000010001 2
57 75 000000000 a match 0 1 2 3
60 06 010010000 2
71 17 000001000 1

03 30 110010000 3
14 41 000001001 2
25 52 000000010 1
36 63 011010010 4
47 74 000001000 1
50 05 000100000 1
61 16 010000101 3
72 27 100001000 2

04 40 000010000 1
15 51 000000000 a match 0 1 2 3
26 62 000000111 3
37 73 100000000 1

Matching output
0 45 54 67 76 57 75 15 51
1 45 54 67 76 57 75 15 51
2 45 54 67 76 57 75 15 51
3 45 54 67 76 57 75 15 51
4 absent
5 absent
6 absent
7 absent

Left
45 56x
54 65x
67 70x
76 07x
57 60x
75 06x
15 26x
51 62x
Best: AND45: 1

Right
none
Best: none

OR
01 10 110111101 7
12 21 110001111 6
23 32 111011111 8
34 43 111011011 7
45 54 000111011 5
56 65 011110111 7
67 76 111011111 8
70 07 110111000 5

02 20 110111111 8
13 31 111011111 8
24 42 100011111 6
35 53 111110010 6
46 64 011011111 7
57 75 100101010 4
60 06 111110111 8
71 17 110001101 5

03 30 111110010 6
14 41 010011101 5
25 52 100101111 6
36 63 111010111 7
47 74 100011001 4
50 05 110110010 5
61 16 011011111 7
72 27 100001111 5 match 6

04 40 110111001 6
15 51 010101111 6
26 62 111011111 8
37 73 111011010 6

Matching output
0 absent
1 absent
2 absent
3 absent
4 absent
5 absent
6 72 27
7 absent

Left
none
Best: none

Right
none
Best: none

XOR
01 10 100111101 6
12 21 110000010 3
23 32 011011101 6
34 43 111001011 6
45 54 000111011 5
56 65 011110101 6
67 76 111011111 8
70 07 010111000 4

02 20 010111111 7
13 31 101011111 7
24 42 100010110 4
35 53 111110000 5
46 64 011001110 5
57 75 100101010 4
60 06 101100111 6
71 17 110000101 4

03 30 001100010 3
14 41 010010100 3
25 52 100101101 5
36 63 100000101 3
47 74 100010001 3
50 05 110010010 4
61 16 001011010 4
72 27 000000111 3

04 40 110101001 5
15 51 010101111 6
26 62 111011000 5
37 73 011011010 5

Matching output
0 absent
1 absent
2 absent
3 absent
4 absent
5 absent
6 absent
7 absent

Left
none
Best: none

Right
none
Best: none

AND-NOT
01 100110000 3
12 010000000 1
23 000001101 3
34 111000010 4
45 000011001 3
56 000100000 1
67 011010111 6
70 000001000 1

02 010110000 3
13 000001101 3
24 100000110 3
35 111010000 4
46 000001000 1
57 000100010 2
60 001000111 4
71 100000000 1

03 000100000 1
14 010000100 2
25 100001101 4
36 100000000 1
47 000010001 2
50 000000010 1
61 001010010 3
72 000000000 a match 0 1 2 3

04 110100000 3
15 010001101 4 match 5
26 100001000 2
37 011010010 4
40 000001001 2
51 000100010 2
62 011010000 3
73 000001000 1

05 110010000 3
16 000001000 1
27 000000111 3
30 001000010 2
41 000010000 1
52 000100000 1
63 000000101 2
74 100000000 1

06 100100000 2
17 010000101 3
20 000001111 4
31 101010010 4
42 000010000 1
53 000100000 1
64 011000110 4
75 100001000 2

07 010110000 3
10 000001101 3
21 100000010 2
32 011010000 3
43 000001001 2
54 000100010 2
65 011010101 5
76 100001000 2

Matching output
0 72
1 72
2 72
3 72
4 absent
5 15
6 absent
7 absent

Left
72 03x
Best: AND-NOT72: 1

Right
none
Best: none

OR-NOT
01 111110010 6
12 011111101 7
23 100101111 6
34 111110110 7
45 111011101 7
56 100101010 4
67 011110111 7
70 101001111 6

02 111110000 5
13 010101101 5
24 111101111 8
35 111011111 8
46 100111001 5
57 011110111 7
60 011011111 7
71 101111010 6

03 110111101 7
14 111101111 8
25 111011111 8
36 111111010 7
47 011111111 8
50 001101111 6
61 111110111 8
72 111111000 6

04 111110110 7
15 111011101 7
26 100101111 6
37 111110111 8
40 001011111 6
51 101110010 5
62 011110111 7
73 100101101 5

05 111111101 8
16 110101101 6
27 111111111 a
30 111011111 8
41 101111011 7
52 011110010 5
63 011111111 8
74 111101110 7

06 110111000 5
17 011111111 8
20 101001111 6
31 111110010 6
42 011111001 6
53 000101111 5
64 111110111 8
75 111011101 7

07 111110111 8
10 011001111 6
21 101111111 8
32 111110010 6
43 000111101 5
54 111100110 6
65 111011111 8
76 100101000 3

Matching output
0 absent
1 absent
2 absent
3 absent
4 absent
5 absent
6 absent
7 absent

Left
none
Best: none

Right
none
Best: none

XOR-NOT
01 011000010 3
12 001111101 6
23 100100010 3
34 000110100 3
45 111000100 4
56 100001010 3
67 000100000 1
70 101000111 5

02 101000000 2
13 010100000 2
24 011101001 5
35 000001111 4
46 100110001 4
57 011010101 5
60 010011000 3
71 001111010 5

03 110011101 6
14 101101011 6
25 011010010 4
36 011111010 6
47 011101110 6
50 001101101 5
61 110100101 5
72 111111000 6

04 001010110 4
15 101010000 3
26 000100111 4
37 100100101 4
40 001010110 4
51 101010000 3
62 000100111 4
73 100100101 4

05 001101101 5
16 110100101 5
27 111111000 6
30 110011101 6
41 101101011 6
52 011010010 4
63 011111010 6
74 011101110 6

06 010011000 3
17 001111010 5
20 101000000 2
31 010100000 2
42 011101001 5
53 000001111 4
64 100110001 4
75 011010101 5

07 101000111 5
10 011000010 3
21 001111101 6
32 100100010 3
43 000110100 3
54 111000100 4
65 100001010 3
76 000100000 1

Matching output
0 absent
1 absent
2 absent
3 absent
4 absent
5 absent
6 absent
7 absent

Left
none
Best: none

Right
none
Best: none

Selecting

Lefts
Identity none
NOT none
Constant C0 0 0 0: 4
AND AND45: 1
OR none
XOR none
AND-NOT AND-NOT72: 1
OR-NOT none
XOR-NOT none

Rights
Identity I3 2 1 0: 4
NOT none
Constant none
AND none
OR none
XOR none
AND-NOT none
OR-NOT none
XOR-NOT none

Left longest: 4
Right longest: 4

Left winner: Identity no, NOT no, Constant yes, AND no, OR no, XOR no, AND-NOT no, OR-NOT no, XOR-NOT no
Right winner: Identity yes, NOT no, Constant no, AND no, OR no, XOR no, AND-NOT no, OR-NOT no, XOR-NOT no

Best left: C0 0 0 0: 4
Best right: I3 2 1 0: 4

Truncated left: C0 0 0 0: 4
Truncated right: I3 2 1 0: 4

Tentative from right
7 I3
6 I2
5 I1
4 I0
3 pending
2 pending
1 pending
0 pending

Tentative
0 C0
1 C0
2 C0
3 C0
4 I0
5 I1
6 I2
7 I3

Preferred from left
0 C0
1 C0
2 C0
3 C0
4 I0
5 I1
6 I2
7 I3

Preferred from right
7 I3
6 I2
5 I1
4 I0
3 C0
2 C0
1 C0
0 C0

Preferred
0 C0
1 C0
2 C0
3 C0
4 I0
5 I1
6 I2
7 I3

Matching
0 C0
1 C0
2 C0
3 C0
4 I0
5 I1
6 I2
7 I3

Perfect match
Identity no
NOT no
Constant no
AND no
OR no
XOR no
AND-NOT no
OR-NOT no
XOR-NOT no

Matched
0 C0
1 C0
2 C0
3 C0
4 I0
5 I1
6 I2
7 I3

Selected
0 C0
1 C0
2 C0
3 C0
4 I0
5 I1
6 I2
7 I3

Applying to 01001110
Input
0 0
1 1
2 0
3 0
4 1
5 1
6 1
7 0
Output
0 C0 = 0
1 C0 = 0
2 C0 = 0
3 C0 = 0
4 I0 = 0
5 I1 = 1
6 I2 = 0
7 I3 = 0

I will now return the answer in \boxed{}
The answer in \boxed{–} is \boxed{00000100}
[correct]
true
