[category]
bit_manipulation
[prompt]
In Alice's Wonderland, a secret bit manipulation rule transforms 8-bit binary numbers. The transformation involves operations like bit shifts, rotations, XOR, AND, OR, NOT, and possibly majority or choice functions.

Here are some examples of input -> output:
01000100 -> 01010101
00001001 -> 10100101
01000101 -> 01011111
10110101 -> 00111010
10100001 -> 10110010
11110101 -> 10111001
11010110 -> 11100111
00111000 -> 01001110

Now, determine the output for: 11000100
[completion]
We need to deduce the transformation by matching the example outputs.
I will put my final answer inside \boxed{}.

Output 0: 01010101
0 0
1 1
2 0
3 1
4 0
5 1
6 0
7 1

Output 1: 10100101
0 1
1 0
2 1
3 0
4 0
5 1
6 0
7 1

Output 2: 01011111
0 0
1 1
2 0
3 1
4 1
5 1
6 1
7 1

Output 3: 00111010
0 0
1 0
2 1
3 1
4 1
5 0
6 1
7 0

Output 4: 10110010
0 1
1 0
2 1
3 1
4 0
5 0
6 1
7 0

Output 5: 10111001
0 1
1 0
2 1
3 1
4 1
5 0
6 0
7 1

Output 6: 11100111
0 1
1 1
2 1
3 0
4 0
5 1
6 1
7 1

Output 7: 01001110
0 0
1 1
2 0
3 0
4 1
5 1
6 1
7 0

Output bit columns (with bitsum as hash)
0 01001110 4
1 10100011 4
2 01011110 5
3 10111100 5
4 00110101 4
5 11100011 5
6 00111011 5
7 11100110 5

Input 0: 01000100
0 0
1 1
2 0
3 0
4 0
5 1
6 0
7 0

Input 1: 00001001
0 0
1 0
2 0
3 0
4 1
5 0
6 0
7 1

Input 2: 01000101
0 0
1 1
2 0
3 0
4 0
5 1
6 0
7 1

Input 3: 10110101
0 1
1 0
2 1
3 1
4 0
5 1
6 0
7 1

Input 4: 10100001
0 1
1 0
2 1
3 0
4 0
5 0
6 0
7 1

Input 5: 11110101
0 1
1 1
2 1
3 1
4 0
5 1
6 0
7 1

Input 6: 11010110
0 1
1 1
2 0
3 1
4 0
5 1
6 1
7 0

Input 7: 00111000
0 0
1 0
2 1
3 1
4 1
5 0
6 0
7 0

When matching output
x: not in operator
y: wrong position

Identity
0 00011110 4
1 10100110 4
2 00011101 4
3 00010111 4
4 01000001 2
5 10110110 5
6 00000010 1
7 01111100 5

Matching output
0 absent
1 absent
2 absent
3 absent
4 absent
5 absent
6 absent
7 absent

Left
none
Best: none

Right
none
Best: none

NOT
0 11100001 4
1 01011001 4
2 11100010 4
3 11101000 4
4 10111110 6
5 01001001 3
6 11111101 7
7 10000011 3

Matching output
0 absent
1 absent
2 absent
3 absent
4 absent
5 absent
6 absent
7 absent

Left
none
Best: none

Right
none
Best: none

Constant
0 00000000 a
1 11111111 a

Matching output
0 absent
1 absent
2 absent
3 absent
4 absent
5 absent
6 absent
7 absent

Left
none
Best: none

Right
none
Best: none

AND
01 10 00000110 2
12 21 00000100 1
23 32 00010101 3
34 43 00000001 1
45 54 00000000 a
56 65 00000010 1
67 76 00000000 a
70 07 00011100 3

02 20 00011100 3
13 31 00000110 2
24 42 00000001 1
35 53 00010110 3
46 64 00000000 a
57 75 00110100 3
60 06 00000010 1
71 17 00100100 2

03 30 00010110 3
14 41 00000000 a
25 52 00010100 2
36 63 00000010 1
47 74 01000000 1
50 05 00010110 3
61 16 00000010 1
72 27 00011100 3

04 40 00000000 a
15 51 10100110 4
26 62 00000000 a
37 73 00010100 2

Matching output
0 absent
1 absent
2 absent
3 absent
4 absent
5 absent
6 absent
7 absent

Left
none
Best: none

Right
none
Best: none

OR
01 10 10111110 6
12 21 10111111 7
23 32 00011111 5
34 43 01010111 5
45 54 11110111 7
56 65 10110110 5
67 76 01111110 6
70 07 01111110 6

02 20 00011111 5
13 31 10110111 6
24 42 01011101 5
35 53 10110111 6
46 64 01000011 3
57 75 11111110 7
60 06 00011110 4
71 17 11111110 7

03 30 00011111 5
14 41 11100111 6
25 52 10111111 7
36 63 00010111 4
47 74 01111101 6
50 05 10111110 6
61 16 10100110 4
72 27 01111101 6

04 40 01011111 6
15 51 10110110 5
26 62 00011111 5
37 73 01111111 7

Matching output
0 absent
1 absent
2 absent
3 absent
4 absent
5 absent
6 absent
7 absent

Left
none
Best: none

Right
none
Best: none

XOR
01 10 10111000 4
12 21 10111011 6
23 32 00001010 2
34 43 01010110 4
45 54 11110111 7
56 65 10110100 4
67 76 01111110 6
70 07 01100010 3

02 20 00000011 2
13 31 10110001 4
24 42 01011100 4
35 53 10100001 3
46 64 01000011 3
57 75 11001010 4
60 06 00011100 3
71 17 11011010 5

03 30 00001001 2
14 41 11100111 6
25 52 10101011 5
36 63 00010101 3
47 74 00111101 5
50 05 10101000 3
61 16 10100100 3
72 27 01100001 3

04 40 01011111 6
15 51 00010000 1
26 62 00011111 5
37 73 01101011 5

Matching output
0 absent
1 absent
2 absent
3 absent
4 absent
5 absent
6 absent
7 absent

Left
none
Best: none

Right
none
Best: none

AND-NOT
01 00011000 2
12 10100010 3
23 00001000 1
34 00010110 3
45 01000001 2
56 10110100 4
67 00000010 1
70 01100000 2

02 00000010 1
13 10100000 2
24 00011100 3
35 00000001 1
46 01000001 2
57 10000010 2
60 00000000 a
71 01011000 3

03 00001000 1
14 10100110 4
25 00001001 2
36 00010101 3
47 00000001 1
50 10100000 2
61 00000000 a
72 01100000 2

04 00011110 4
15 00000000 a
26 00011101 4
37 00000011 2
40 01000001 2
51 00010000 1
62 00000010 1
73 01101000 3

05 00001000 1
16 10100100 3
27 00000001 1
30 00000001 1
41 01000001 2
52 10100010 3
63 00000000 a
74 00111100 4

06 00011100 3
17 10000010 2
20 00000001 1
31 00010001 2
42 01000000 1
53 10100000 2
64 00000010 1
75 01001000 2

07 00000010 1
10 10100000 2
21 00011001 3
32 00000010 1
43 01000000 1
54 10110110 5
65 00000000 a
76 01111100 5

Matching output
0 absent
1 absent
2 absent
3 absent
4 absent
5 absent
6 absent
7 absent

Left
none
Best: none

Right
none
Best: none

OR-NOT
01 01011111 6
12 11100110 5 match 7
23 11111101 7
34 10111111 7
45 01001001 3
56 11111111 a
67 10000011 3
70 11111101 7

02 11111110 7
13 11101110 6
24 10111111 7
35 01011111 6
46 11111101 7
57 10110111 6
60 11100011 5 match 5
71 01111101 6

03 11111110 7
14 10111110 6
25 01011101 5
36 11111111 a
47 11000011 4
50 11110111 7
61 01011011 5
72 11111110 7

04 10111110 6
15 11101111 7
26 11111101 7
37 10010111 5
40 11100001 4
51 11111111 a
62 11100010 4
73 11111100 6

05 01011111 6
16 11111111 a
27 10011111 6
30 11110111 7
41 01011001 4
52 11110110 6
63 11101010 5
74 11111110 7

06 11111111 a
17 10100111 5
20 11111101 7
31 01011111 6
42 11100011 5 match 5
53 11111110 7
64 10111110 6
75 01111101 6

07 10011111 6
10 11100111 6
21 01011101 5
32 11110111 7
43 11101001 5
54 10111110 6
65 01001011 4
76 11111101 7

Matching output
0 absent
1 absent
2 absent
3 absent
4 absent
5 60 42
6 absent
7 12

Left
none
Best: none

Right
12 01x
Best: OR-NOT12: 1

XOR-NOT
01 01000111 4
12 01000100 2
23 11110101 6
34 10101001 4
45 00001000 1
56 01001011 4
67 10000001 2
70 10011101 5

02 11111100 6
13 01001110 4 match 0
24 10100011 4 match 1
35 01011110 5 match 2
46 10111100 5 match 3
57 00110101 4 match 4
60 11100011 5 match 5
71 00100101 3

03 11110110 6
14 00011000 2
25 01010100 3
36 11101010 5
47 11000010 3
50 01010111 5
61 01011011 5
72 10011110 5

04 10100000 2
15 11101111 7
26 11100000 3
37 10010100 3
40 10100000 2
51 11101111 7
62 11100000 3
73 10010100 3

05 01010111 5
16 01011011 5
27 10011110 5
30 11110110 6
41 00011000 2
52 01010100 3
63 11101010 5
74 11000010 3

06 11100011 5 match 5
17 00100101 3
20 11111100 6
31 01001110 4 match 0
42 10100011 4 match 1
53 01011110 5 match 2
64 10111100 5 match 3
75 00110101 4 match 4

07 10011101 5
10 01000111 4
21 01000100 2
32 11110101 6
43 10101001 4
54 00001000 1
65 01001011 4
76 10000001 2

Matching output
0 13 31
1 24 42
2 35 53
3 46 64
4 57 75
5 60 06
6 absent
7 absent

Left
13 24 35 46 57 60 71x
31 42 53 64 75 06 17x
Best: XOR-NOT13 24 35 46 57 60: 6

Right
none
Best: none

Selecting

Lefts
Identity none
NOT none
Constant none
AND none
OR none
XOR none
AND-NOT none
OR-NOT none
XOR-NOT XOR-NOT13 24 35 46 57 60: 6

Rights
Identity none
NOT none
Constant none
AND none
OR none
XOR none
AND-NOT none
OR-NOT OR-NOT12: 1
XOR-NOT none

Left longest: 6
Right longest: 1

Left winner: Identity no, NOT no, Constant no, AND no, OR no, XOR no, AND-NOT no, OR-NOT no, XOR-NOT yes
Right winner: Identity no, NOT no, Constant no, AND no, OR no, XOR no, AND-NOT no, OR-NOT yes, XOR-NOT no

Best left: XOR-NOT13 24 35 46 57 60: 6
Best right: OR-NOT12: 1

Truncated left: XOR-NOT13 24 35 46 57 60: 6
Truncated right: OR-NOT12: 1

Tentative from right
7 OR-NOT12
6 pending
5 pending
4 pending
3 pending
2 pending
1 pending
0 pending

Tentative
0 XOR-NOT13
1 XOR-NOT24
2 XOR-NOT35
3 XOR-NOT46
4 XOR-NOT57
5 XOR-NOT60
6 pending
7 OR-NOT12

Preferred from left
0 XOR-NOT13
1 XOR-NOT24
2 XOR-NOT35
3 XOR-NOT46
4 XOR-NOT57
5 XOR-NOT60
6 ?71
7 OR-NOT12

Preferred from right
7 OR-NOT12
6 ?71
5 XOR-NOT60
4 XOR-NOT57
3 XOR-NOT46
2 XOR-NOT35
1 XOR-NOT24
0 XOR-NOT13

Preferred
0 XOR-NOT13
1 XOR-NOT24
2 XOR-NOT35
3 XOR-NOT46
4 XOR-NOT57
5 XOR-NOT60
6 ?71 ?17
7 OR-NOT12

Matching
0 XOR-NOT13
1 XOR-NOT24
2 XOR-NOT35
3 XOR-NOT46
4 XOR-NOT57
5 XOR-NOT60
6 ?71 ?17 - Identity absent, NOT absent, Constant absent, AND absent, OR absent, XOR absent, AND-NOT absent, OR-NOT absent, XOR-NOT absent
7 OR-NOT12

Perfect match
Identity no
NOT no
Constant no
AND no
OR no
XOR no
AND-NOT no
OR-NOT no
XOR-NOT no

Matched
0 XOR-NOT13
1 XOR-NOT24
2 XOR-NOT35
3 XOR-NOT46
4 XOR-NOT57
5 XOR-NOT60
6 none
7 OR-NOT12

Selected
0 XOR-NOT13
1 XOR-NOT24
2 XOR-NOT35
3 XOR-NOT46
4 XOR-NOT57
5 XOR-NOT60
6 default 1
7 OR-NOT12

Applying to 11000100
Input
0 1
1 1
2 0
3 0
4 0
5 1
6 0
7 0
Output
0 XOR-NOT13 = XOR(1,NOT(0)) = 0
1 XOR-NOT24 = XOR(0,NOT(0)) = 1
2 XOR-NOT35 = XOR(0,NOT(1)) = 0
3 XOR-NOT46 = XOR(0,NOT(0)) = 1
4 XOR-NOT57 = XOR(1,NOT(0)) = 0
5 XOR-NOT60 = XOR(0,NOT(1)) = 0
6 default 1 = 1
7 OR-NOT12 = OR(1,NOT(0)) = 1

I will now return the answer in \boxed{}
The answer in \boxed{–} is \boxed{01010011}
[correct]
true
