[category]
bit_manipulation
[prompt]
In Alice's Wonderland, a secret bit manipulation rule transforms 8-bit binary numbers. The transformation involves operations like bit shifts, rotations, XOR, AND, OR, NOT, and possibly majority or choice functions.

Here are some examples of input -> output:
11010100 -> 00000110
00100011 -> 00110101
01010111 -> 00001110
01011011 -> 00100110
10000101 -> 11100111
01001010 -> 01000010
01000011 -> 01110110
00001101 -> 11010001
11011010 -> 00100110
00000001 -> 11111001

Now, determine the output for: 00010100
[completion]
We need to deduce the transformation by matching the example outputs.
I will put my final answer inside \boxed{}.

Output 0: 00000110
0 0
1 0
2 0
3 0
4 0
5 1
6 1
7 0

Output 1: 00110101
0 0
1 0
2 1
3 1
4 0
5 1
6 0
7 1

Output 2: 00001110
0 0
1 0
2 0
3 0
4 1
5 1
6 1
7 0

Output 3: 00100110
0 0
1 0
2 1
3 0
4 0
5 1
6 1
7 0

Output 4: 11100111
0 1
1 1
2 1
3 0
4 0
5 1
6 1
7 1

Output 5: 01000010
0 0
1 1
2 0
3 0
4 0
5 0
6 1
7 0

Output 6: 01110110
0 0
1 1
2 1
3 1
4 0
5 1
6 1
7 0

Output 7: 11010001
0 1
1 1
2 0
3 1
4 0
5 0
6 0
7 1

Output 8: 00100110
0 0
1 0
2 1
3 0
4 0
5 1
6 1
7 0

Output 9: 11111001
0 1
1 1
2 1
3 1
4 1
5 0
6 0
7 1

Output bit columns (with bitsum as hash)
0 0000100101 3
1 0000111101 5
2 0101101011 6
3 0100001101 4
4 0010000001 2
5 1111101010 7
6 1011111010 7
7 0100100101 4

Input 0: 11010100
0 1
1 1
2 0
3 1
4 0
5 1
6 0
7 0

Input 1: 00100011
0 0
1 0
2 1
3 0
4 0
5 0
6 1
7 1

Input 2: 01010111
0 0
1 1
2 0
3 1
4 0
5 1
6 1
7 1

Input 3: 01011011
0 0
1 1
2 0
3 1
4 1
5 0
6 1
7 1

Input 4: 10000101
0 1
1 0
2 0
3 0
4 0
5 1
6 0
7 1

Input 5: 01001010
0 0
1 1
2 0
3 0
4 1
5 0
6 1
7 0

Input 6: 01000011
0 0
1 1
2 0
3 0
4 0
5 0
6 1
7 1

Input 7: 00001101
0 0
1 0
2 0
3 0
4 1
5 1
6 0
7 1

Input 8: 11011010
0 1
1 1
2 0
3 1
4 1
5 0
6 1
7 0

Input 9: 00000001
0 0
1 0
2 0
3 0
4 0
5 0
6 0
7 1

When matching output
x: not in operator
y: wrong position

Identity
0 1000100010 3
1 1011011010 6
2 0100000000 1
3 1011000010 4
4 0001010110 4
5 1010100100 4
6 0111011010 6
7 0111101101 7

Matching output
0 absent
1 absent
2 absent
3 absent
4 absent
5 absent
6 absent
7 absent

Left
none
Best: none

Right
none
Best: none

NOT
0 0111011101 7
1 0100100101 4 match 7
2 1011111111 9
3 0100111101 6
4 1110101001 6
5 0101011011 6
6 1000100101 4
7 1000010010 3

Matching output
0 absent
1 absent
2 absent
3 absent
4 absent
5 absent
6 absent
7 1

Left
none
Best: none

Right
1 0x
Best: NOT1: 1

Constant
0 0000000000 a
1 1111111111 a

Matching output
0 absent
1 absent
2 absent
3 absent
4 absent
5 absent
6 absent
7 absent

Left
none
Best: none

Right
none
Best: none

AND
01 10 1000000010 2
12 21 0000000000 a
23 32 0000000000 a
34 43 0001000010 2
45 54 0000000100 1
56 65 0010000000 1
67 76 0111001000 4
70 07 0000100000 1

02 20 0000000000 a
13 31 1011000010 4
24 42 0000000000 a
35 53 1010000000 2
46 64 0001010010 3
57 75 0010100100 3
60 06 0000000010 1
71 17 0011001000 3

03 30 1000000010 2
14 41 0001010010 3
25 52 0000000000 a
36 63 0011000010 3
47 74 0001000100 2
50 05 1000100000 2
61 16 0011011010 5
72 27 0100000000 1

04 40 0000000010 1
15 51 1010000000 2
26 62 0100000000 1
37 73 0011000000 2

Matching output
0 absent
1 absent
2 absent
3 absent
4 absent
5 absent
6 absent
7 absent

Left
none
Best: none

Right
none
Best: none

OR
01 10 1011111010 7 match 6
12 21 1111011010 7
23 32 1111000010 5
34 43 1011010110 6
45 54 1011110110 7
56 65 1111111110 9
67 76 0111111111 9
70 07 1111101111 9

02 20 1100100010 4
13 31 1011011010 6
24 42 0101010110 5
35 53 1011100110 6
46 64 0111011110 7
57 75 1111101101 8
60 06 1111111010 8
71 17 1111111111 a

03 30 1011100010 5
14 41 1011011110 7
25 52 1110100100 5
36 63 1111011010 7
47 74 0111111111 9
50 05 1010100110 5
61 16 1111011010 7
72 27 0111101101 7

04 40 1001110110 6
15 51 1011111110 8
26 62 0111011010 6
37 73 1111101111 9

Matching output
0 absent
1 absent
2 absent
3 absent
4 absent
5 absent
6 01 10
7 absent

Left
none
Best: none

Right
none
Best: none

XOR
01 10 0011111000 5
12 21 1111011010 7
23 32 1111000010 5
34 43 1010010100 4
45 54 1011110010 6
56 65 1101111110 8
67 76 0000110111 5
70 07 1111001111 8

02 20 1100100010 4
13 31 0000011000 2
24 42 0101010110 5
35 53 0001100110 4
46 64 0110001100 4
57 75 1101001001 5
60 06 1111111000 7
71 17 1100110111 7

03 30 0011100000 3
14 41 1010001100 4
25 52 1110100100 5
36 63 1100011000 4
47 74 0110111011 7
50 05 0010000110 3
61 16 1100000000 2
72 27 0011101101 6

04 40 1001110100 5
15 51 0001111110 6
26 62 0011011010 5
37 73 1100101111 7

Matching output
0 absent
1 absent
2 absent
3 absent
4 absent
5 absent
6 absent
7 absent

Left
none
Best: none

Right
none
Best: none

AND-NOT
01 0000100000 1
12 1011011010 6
23 0100000000 1
34 1010000000 2
45 0001010010 3
56 1000100100 3
67 0000010010 2
70 0111001101 6

02 1000100010 3
13 0000011000 2
24 0100000000 1
35 0001000010 2
46 0000000100 1
57 1000000000 1
60 0111011000 5
71 0100100101 4 match 7

03 0000100000 1
14 1010001000 3
25 0100000000 1
36 1000000000 1
47 0000010010 2
50 0010000100 2
61 0100000000 1
72 0011101101 6

04 1000100000 2
15 0001011010 4
26 0000000000 a
37 1000000010 2
40 0001010100 3
51 0000100100 2
62 0011011010 5
73 0100101101 5

05 0000000010 1
16 1000000000 1
27 0000000000 a
30 0011000000 2
41 0000000100 1
52 1010100100 4
63 0100011000 3
74 0110101001 5

06 1000100000 2
17 1000010010 3
20 0100000000 1
31 0000000000 a
42 0001010110 4
53 0000100100 2
64 0110001000 3
75 0101001001 4

07 1000000010 2
10 0011011000 4
21 0100000000 1
32 1011000010 4
43 0000010100 2
54 1010100000 3
65 0101011010 5
76 0000100101 3 match 0

Matching output
0 76
1 absent
2 absent
3 absent
4 absent
5 absent
6 absent
7 71

Left
76 07x
Best: AND-NOT76: 1

Right
71 60x
Best: AND-NOT71: 1

OR-NOT
01 1100100111 6
12 1011111111 9
23 0100111101 6
34 1111101011 8
45 0101011111 7
56 1010100101 5
67 1111011010 7
70 0111111101 8

02 1011111111 9
13 1111111111 a
24 1110101001 6
35 1111011011 8
46 1001110111 7
57 1010110110 6
60 0111011111 8
71 0111101101 7

03 1100111111 8
14 1111111011 9
25 0101011011 6
36 1011100111 7
47 1001010110 5
50 1111111101 9
61 0111111111 9
72 1111111111 a

04 1110101011 7
15 1111011011 8
26 1100100101 5
37 1011010010 5
40 0111011111 8
51 1110100101 6
62 1111111111 a
73 0111111101 8

05 1101111011 8
16 1011111111 9
27 1100010010 4
30 1111011111 9
41 0101110111 7
52 1011111111 9
63 0111111111 9
74 1111101101 8

06 1000100111 5
17 1011011010 6
20 0111011101 7
31 1111100111 8
42 1011111111 9
53 1110111101 8
64 1111111011 9
75 0111111111 9

07 1000110010 4
10 1111011111 9
21 0100100101 4 match 7
32 1011111111 9
43 0101111111 8
54 1110101101 7
65 0111011011 7
76 1111101101 8

Matching output
0 absent
1 absent
2 absent
3 absent
4 absent
5 absent
6 absent
7 21

Left
none
Best: none

Right
21 10x
Best: OR-NOT21: 1

XOR-NOT
01 1100000111 5
12 0000100101 3 match 0
23 0000111101 5 match 1
34 0101101011 6 match 2
45 0100001101 4 match 3
56 0010000001 2 match 4
67 1111001000 5
70 0000110000 2

02 0011011101 6
13 1111100111 8
24 1010101001 5
35 1110011001 6
46 1001110011 6
57 0010110110 5
60 0000000111 3
71 0011001000 3

03 1100011111 7
14 0101110011 6
25 0001011011 5
36 0011100111 6
47 1001000100 3
50 1101111001 7
61 0011111111 8
72 1100010010 4

04 0110001011 5
15 1110000001 4
26 1100100101 5
37 0011010000 3
40 0110001011 5
51 1110000001 4
62 1100100101 5
73 0011010000 3

05 1101111001 7
16 0011111111 8
27 1100010010 4
30 1100011111 7
41 0101110011 6
52 0001011011 5
63 0011100111 6
74 1001000100 3

06 0000000111 3
17 0011001000 3
20 0011011101 6
31 1111100111 8
42 1010101001 5
53 1110011001 6
64 1001110011 6
75 0010110110 5

07 0000110000 2
10 1100000111 5
21 0000100101 3 match 0
32 0000111101 5 match 1
43 0101101011 6 match 2
54 0100001101 4 match 3
65 0010000001 2 match 4
76 1111001000 5

Matching output
0 12 21
1 23 32
2 34 43
3 45 54
4 56 65
5 absent
6 absent
7 absent

Left
12 23 34 45 56 67x
21 32 43 54 65 76x
Best: XOR-NOT12 23 34 45 56: 5

Right
none
Best: none

Selecting

Lefts
Identity none
NOT none
Constant none
AND none
OR none
XOR none
AND-NOT AND-NOT76: 1
OR-NOT none
XOR-NOT XOR-NOT12 23 34 45 56: 5

Rights
Identity none
NOT NOT1: 1
Constant none
AND none
OR none
XOR none
AND-NOT AND-NOT71: 1
OR-NOT OR-NOT21: 1
XOR-NOT none

Left longest: 5
Right longest: 1

Left winner: Identity no, NOT no, Constant no, AND no, OR no, XOR no, AND-NOT no, OR-NOT no, XOR-NOT yes
Right winner: Identity no, NOT yes, Constant no, AND no, OR no, XOR no, AND-NOT no, OR-NOT no, XOR-NOT no

Best left: XOR-NOT12 23 34 45 56: 5
Best right: NOT1: 1

Truncated left: XOR-NOT12 23 34 45 56: 5
Truncated right: NOT1: 1

Tentative from right
7 NOT1
6 pending
5 pending
4 pending
3 pending
2 pending
1 pending
0 pending

Tentative
0 XOR-NOT12
1 XOR-NOT23
2 XOR-NOT34
3 XOR-NOT45
4 XOR-NOT56
5 pending
6 pending
7 NOT1

Preferred from left
0 XOR-NOT12
1 XOR-NOT23
2 XOR-NOT34
3 XOR-NOT45
4 XOR-NOT56
5 ?67
6 ?70
7 NOT1

Preferred from right
7 NOT1
6 ?70
5 ?67
4 XOR-NOT56
3 XOR-NOT45
2 XOR-NOT34
1 XOR-NOT23
0 XOR-NOT12

Preferred
0 XOR-NOT12
1 XOR-NOT23
2 XOR-NOT34
3 XOR-NOT45
4 XOR-NOT56
5 ?67 ?76
6 ?70 ?07
7 NOT1

Matching
0 XOR-NOT12
1 XOR-NOT23
2 XOR-NOT34
3 XOR-NOT45
4 XOR-NOT56
5 ?67 ?76 - Identity absent, NOT absent, Constant absent, AND absent, OR absent, XOR absent, AND-NOT absent, OR-NOT absent, XOR-NOT absent
6 ?70 ?07 - Identity absent, NOT absent, Constant absent, AND absent, OR absent, XOR absent, AND-NOT absent, OR-NOT absent, XOR-NOT absent
7 NOT1

Perfect match
Identity no
NOT no
Constant no
AND no
OR no
XOR no
AND-NOT no
OR-NOT no
XOR-NOT no

Matched
0 XOR-NOT12
1 XOR-NOT23
2 XOR-NOT34
3 XOR-NOT45
4 XOR-NOT56
5 none
6 none
7 NOT1

Selected
0 XOR-NOT12
1 XOR-NOT23
2 XOR-NOT34
3 XOR-NOT45
4 XOR-NOT56
5 default 1
6 default 1
7 NOT1

Applying to 00010100
Input
0 0
1 0
2 0
3 1
4 0
5 1
6 0
7 0
Output
0 XOR-NOT12 = XOR(0,NOT(0)) = 1
1 XOR-NOT23 = XOR(0,NOT(1)) = 0
2 XOR-NOT34 = XOR(1,NOT(0)) = 0
3 XOR-NOT45 = XOR(0,NOT(1)) = 0
4 XOR-NOT56 = XOR(1,NOT(0)) = 0
5 default 1 = 1
6 default 1 = 1
7 NOT1 = NOT(0) = 1

I will now return the answer in \boxed{}
The answer in \boxed{–} is \boxed{10000111}
[correct]
true
