[category]
bit_manipulation
[prompt]
In Alice's Wonderland, a secret bit manipulation rule transforms 8-bit binary numbers. The transformation involves operations like bit shifts, rotations, XOR, AND, OR, NOT, and possibly majority or choice functions.

Here are some examples of input -> output:
10100110 -> 11001101
01010101 -> 11101010
10110100 -> 01101001
10000000 -> 00000001
01011010 -> 00110100
10011011 -> 11110111
01001011 -> 01010110
01101101 -> 10011010

Now, determine the output for: 11100000
[completion]
We need to deduce the transformation by matching the example outputs.
I will put my final answer inside \boxed{}.

Output 0: 11001101
0 1
1 1
2 0
3 0
4 1
5 1
6 0
7 1

Output 1: 11101010
0 1
1 1
2 1
3 0
4 1
5 0
6 1
7 0

Output 2: 01101001
0 0
1 1
2 1
3 0
4 1
5 0
6 0
7 1

Output 3: 00000001
0 0
1 0
2 0
3 0
4 0
5 0
6 0
7 1

Output 4: 00110100
0 0
1 0
2 1
3 1
4 0
5 1
6 0
7 0

Output 5: 11110111
0 1
1 1
2 1
3 1
4 0
5 1
6 1
7 1

Output 6: 01010110
0 0
1 1
2 0
3 1
4 0
5 1
6 1
7 0

Output 7: 10011010
0 1
1 0
2 0
3 1
4 1
5 0
6 1
7 0

Output bit columns (with bitsum as hash)
0 11000101 4
1 11100110 5
2 01101100 4
3 00001111 4
4 11100001 4
5 10001110 4
6 01000111 4
7 10110100 4

Input 0: 10100110
0 1
1 0
2 1
3 0
4 0
5 1
6 1
7 0

Input 1: 01010101
0 0
1 1
2 0
3 1
4 0
5 1
6 0
7 1

Input 2: 10110100
0 1
1 0
2 1
3 1
4 0
5 1
6 0
7 0

Input 3: 10000000
0 1
1 0
2 0
3 0
4 0
5 0
6 0
7 0

Input 4: 01011010
0 0
1 1
2 0
3 1
4 1
5 0
6 1
7 0

Input 5: 10011011
0 1
1 0
2 0
3 1
4 1
5 0
6 1
7 1

Input 6: 01001011
0 0
1 1
2 0
3 0
4 1
5 0
6 1
7 1

Input 7: 01101101
0 0
1 1
2 1
3 0
4 1
5 1
6 0
7 1

When matching output
x: not in operator
y: wrong position

Identity
0 10110100 4 match 7
1 01001011 4
2 10100001 3
3 01101100 4 match 2
4 00001111 4 match 3
5 11100001 4 match 4
6 10001110 4 match 5
7 01000111 4 match 6

Matching output
0 absent
1 absent
2 3
3 4
4 5
5 6
6 7
7 0

Left
none
Best: none

Right
0 7 6 5 4 3 2x
Best: I0 7 6 5 4 3: 6

NOT
0 01001011 4
1 10110100 4 match 7
2 01011110 5
3 10010011 4
4 11110000 4
5 00011110 4
6 01110001 4
7 10111000 4

Matching output
0 absent
1 absent
2 absent
3 absent
4 absent
5 absent
6 absent
7 1

Left
none
Best: none

Right
1 0x
Best: NOT1: 1

Constant
0 00000000 a
1 11111111 a

Matching output
0 absent
1 absent
2 absent
3 absent
4 absent
5 absent
6 absent
7 absent

Left
none
Best: none

Right
none
Best: none

AND
01 10 00000000 a
12 21 00000001 1
23 32 00100000 1
34 43 00001100 2
45 54 00000001 1
56 65 10000000 1
67 76 00000110 2
70 07 00000100 1

02 20 10100000 2
13 31 01001000 2
24 42 00000001 1
35 53 01100000 2
46 64 00001110 3
57 75 01000001 2
60 06 10000100 2
71 17 01000011 3

03 30 00100100 2
14 41 00001011 3
25 52 10100001 3
36 63 00001100 2
47 74 00000111 3
50 05 10100000 2
61 16 00001010 2
72 27 00000001 1

04 40 00000100 1
15 51 01000001 2
26 62 10000000 1
37 73 01000100 2

Matching output
0 absent
1 absent
2 absent
3 absent
4 absent
5 absent
6 absent
7 absent

Left
none
Best: none

Right
none
Best: none

OR
01 10 11111111 a
12 21 11101011 6
23 32 11101101 6
34 43 01101111 6
45 54 11101111 7
56 65 11101111 7
67 76 11001111 6
70 07 11110111 7

02 20 10110101 5
13 31 01101111 6
24 42 10101111 6
35 53 11101101 6
46 64 10001111 5
57 75 11100111 6
60 06 10111110 6
71 17 01001111 5

03 30 11111100 6
14 41 01001111 5
25 52 11100001 4 match 4
36 63 11101110 6
47 74 01001111 5
50 05 11110101 6
61 16 11001111 6
72 27 11100111 6

04 40 10111111 7
15 51 11101011 6
26 62 10101111 6
37 73 01101111 6

Matching output
0 absent
1 absent
2 absent
3 absent
4 25 52
5 absent
6 absent
7 absent

Left
none
Best: none

Right
none
Best: none

XOR
01 10 11111111 a
12 21 11101010 5
23 32 11001101 5
34 43 01100011 4
45 54 11101110 6
56 65 01101111 6
67 76 11001001 4
70 07 11110011 6

02 20 00010101 3
13 31 00100111 4
24 42 10101110 5
35 53 10001101 4
46 64 10000001 2
57 75 10100110 4
60 06 00111010 4
71 17 00001100 2

03 30 11011000 4
14 41 01000100 2
25 52 01000000 1
36 63 11100010 4
47 74 01001000 2
50 05 01010101 4
61 16 11000101 4 match 0
72 27 11100110 5 match 1

04 40 10111011 6
15 51 10101010 4
26 62 00101111 5
37 73 00101011 4

Matching output
0 61 16
1 72 27
2 absent
3 absent
4 absent
5 absent
6 absent
7 absent

Left
61 72 03x
16 27 30x
Best: XOR61 72: 2

Right
none
Best: none

AND-NOT
01 10110100 4 match 7
12 01001010 3
23 10000001 2
34 01100000 2
45 00001110 3
56 01100001 3
67 10001000 2
70 01000011 3

02 00010100 2
13 00000011 2
24 10100000 2
35 00001100 2
46 00000001 1
57 10100000 2
60 00001010 2
71 00000100 1

03 10010000 2
14 01000000 1
25 00000000 a
36 01100000 2
47 00001000 1
50 01000001 2
61 10000100 2
72 01000110 3

04 10110000 3
15 00001010 2
26 00100001 2
37 00101000 2
40 00001011 3
51 10100000 2
62 00001110 3
73 00000011 2

05 00010100 2
16 01000001 2
27 10100000 2
30 01001000 2
41 00000100 1
52 01000000 1
63 10000010 2
74 01000000 1

06 00110000 2
17 00001000 1
20 00000001 1
31 00100100 2
42 00001110 3
53 10000001 2
64 10000000 1
75 00000110 2

07 10110000 3
10 01001011 4
21 10100000 2
32 01001100 3
43 00000011 2
54 11100000 3
65 00001110 3
76 01000001 2

Matching output
0 absent
1 absent
2 absent
3 absent
4 absent
5 absent
6 absent
7 01

Left
none
Best: none

Right
01 70x
Best: AND-NOT01: 1

OR-NOT
01 10110100 4 match 7
12 01011111 6
23 10110011 5
34 11111100 6
45 00011111 5
56 11110001 5
67 10111110 6
70 01001111 5

02 11111110 7
13 11011011 6
24 11110001 5
35 01111110 6
46 01111111 7
57 11111001 6
60 11001111 6
71 11110111 7

03 10110111 6
14 11111011 7
25 10111111 7
36 01111101 6
47 10111111 7
50 11101011 6
61 10111110 6
72 01011111 6

04 11110100 5
15 01011111 6
26 11110001 5
37 11111100 6
40 01001111 5
51 11110101 6
62 11011110 6
73 11010111 6

05 10111110 6
16 01111011 6
27 10111001 5
30 01101111 6
41 10111111 7
52 11111111 a
63 10011111 6
74 11110111 7

06 11110101 6
17 11111011 7
20 11101011 6
31 11111100 6
42 01011111 6
53 11110011 6
64 11111110 7
75 01011111 6

07 10111100 5
10 01001011 4
21 10110101 5
32 01111110 6
43 10011111 6
54 11110001 5
65 10011110 5
76 01110111 6

Matching output
0 absent
1 absent
2 absent
3 absent
4 absent
5 absent
6 absent
7 01

Left
none
Best: none

Right
01 70x
Best: OR-NOT01: 1

XOR-NOT
01 00000000 a
12 00010101 3
23 00110010 3
34 10011100 4
45 00010001 2
56 10010000 2
67 00110110 4
70 00001100 2

02 11101010 5
13 11011000 4
24 01010001 3
35 01110010 4
46 01111110 6
57 01011001 4
60 11000101 4 match 0
71 11110011 6

03 00100111 4
14 10111011 6
25 10111111 7
36 00011101 4
47 10110111 6
50 10101010 4
61 00111010 4
72 00011001 3

04 01000100 2
15 01010101 4
26 11010000 3
37 11010100 4
40 01000100 2
51 01010101 4
62 11010000 3
73 11010100 4

05 10101010 4
16 00111010 4
27 00011001 3
30 00100111 4
41 10111011 6
52 10111111 7
63 00011101 4
74 10110111 6

06 11000101 4 match 0
17 11110011 6
20 11101010 5
31 11011000 4
42 01010001 3
53 01110010 4
64 01111110 6
75 01011001 4

07 00001100 2
10 00000000 a
21 00010101 3
32 00110010 3
43 10011100 4
54 00010001 2
65 10010000 2
76 00110110 4

Matching output
0 60 06
1 absent
2 absent
3 absent
4 absent
5 absent
6 absent
7 absent

Left
60 71x
06 17x
Best: XOR-NOT60: 1

Right
none
Best: none

Selecting

Lefts
Identity none
NOT none
Constant none
AND none
OR none
XOR XOR61 72: 2
AND-NOT none
OR-NOT none
XOR-NOT XOR-NOT60: 1

Rights
Identity I0 7 6 5 4 3: 6
NOT NOT1: 1
Constant none
AND none
OR none
XOR none
AND-NOT AND-NOT01: 1
OR-NOT OR-NOT01: 1
XOR-NOT none

Left longest: 2
Right longest: 6

Right winner: Identity yes, NOT no, Constant no, AND no, OR no, XOR no, AND-NOT no, OR-NOT no, XOR-NOT no
Left winner: Identity no, NOT no, Constant no, AND no, OR no, XOR yes, AND-NOT no, OR-NOT no, XOR-NOT no

Best right: I0 7 6 5 4 3: 6
Best left: XOR61 72: 2

Truncated right: I0 7 6 5 4 3: 6
Truncated left: XOR61 72: 2

Tentative from right
7 I0
6 I7
5 I6
4 I5
3 I4
2 I3
1 pending
0 pending

Tentative
0 XOR61
1 XOR72
2 I3
3 I4
4 I5
5 I6
6 I7
7 I0

Preferred from right
7 I0
6 I7
5 I6
4 I5
3 I4
2 I3
1 XOR72
0 XOR61

Preferred from left
0 XOR61
1 XOR72
2 I3
3 I4
4 I5
5 I6
6 I7
7 I0

Preferred
0 XOR61
1 XOR72
2 I3
3 I4
4 I5
5 I6
6 I7
7 I0

Matching
0 XOR61
1 XOR72
2 I3
3 I4
4 I5
5 I6
6 I7
7 I0

Perfect match
Identity no
NOT no
Constant no
AND no
OR no
XOR no
AND-NOT no
OR-NOT no
XOR-NOT no

Matched
0 XOR61
1 XOR72
2 I3
3 I4
4 I5
5 I6
6 I7
7 I0

Selected
0 XOR61
1 XOR72
2 I3
3 I4
4 I5
5 I6
6 I7
7 I0

Applying to 11100000
Input
0 1
1 1
2 1
3 0
4 0
5 0
6 0
7 0
Output
0 XOR61 = XOR(0,1) = 1
1 XOR72 = XOR(0,1) = 1
2 I3 = 0
3 I4 = 0
4 I5 = 0
5 I6 = 0
6 I7 = 0
7 I0 = 1

I will now return the answer in \boxed{}
The answer in \boxed{–} is \boxed{11000001}
[correct]
true
