[category]
bit_manipulation
[prompt]
In Alice's Wonderland, a secret bit manipulation rule transforms 8-bit binary numbers. The transformation involves operations like bit shifts, rotations, XOR, AND, OR, NOT, and possibly majority or choice functions.

Here are some examples of input -> output:
10101111 -> 11110101
11011100 -> 10011011
01110010 -> 01001110
10110010 -> 01010110
10000100 -> 10010000
01100010 -> 01001100
00101001 -> 00100101
01110110 -> 11001110
10110011 -> 01110110
00010100 -> 10000010

Now, determine the output for: 10010101
[completion]
We need to deduce the transformation by matching the example outputs.
I will put my final answer inside \boxed{}.

Output 0: 11110101
0 1
1 1
2 1
3 1
4 0
5 1
6 0
7 1

Output 1: 10011011
0 1
1 0
2 0
3 1
4 1
5 0
6 1
7 1

Output 2: 01001110
0 0
1 1
2 0
3 0
4 1
5 1
6 1
7 0

Output 3: 01010110
0 0
1 1
2 0
3 1
4 0
5 1
6 1
7 0

Output 4: 10010000
0 1
1 0
2 0
3 1
4 0
5 0
6 0
7 0

Output 5: 01001100
0 0
1 1
2 0
3 0
4 1
5 1
6 0
7 0

Output 6: 00100101
0 0
1 0
2 1
3 0
4 0
5 1
6 0
7 1

Output 7: 11001110
0 1
1 1
2 0
3 0
4 1
5 1
6 1
7 0

Output 8: 01110110
0 0
1 1
2 1
3 1
4 0
5 1
6 1
7 0

Output 9: 10000010
0 1
1 0
2 0
3 0
4 0
5 0
6 1
7 0

Output bit columns (with bitsum as hash)
0 1100100101 5
1 1011010110 6
2 1000001010 3
3 1101100010 5
4 0110010100 4
5 1011011110 7
6 0111000111 6
7 1100001000 3

Input 0: 10101111
0 1
1 0
2 1
3 0
4 1
5 1
6 1
7 1

Input 1: 11011100
0 1
1 1
2 0
3 1
4 1
5 1
6 0
7 0

Input 2: 01110010
0 0
1 1
2 1
3 1
4 0
5 0
6 1
7 0

Input 3: 10110010
0 1
1 0
2 1
3 1
4 0
5 0
6 1
7 0

Input 4: 10000100
0 1
1 0
2 0
3 0
4 0
5 1
6 0
7 0

Input 5: 01100010
0 0
1 1
2 1
3 0
4 0
5 0
6 1
7 0

Input 6: 00101001
0 0
1 0
2 1
3 0
4 1
5 0
6 0
7 1

Input 7: 01110110
0 0
1 1
2 1
3 1
4 0
5 1
6 1
7 0

Input 8: 10110011
0 1
1 0
2 1
3 1
4 0
5 0
6 1
7 1

Input 9: 00010100
0 0
1 0
2 0
3 1
4 0
5 1
6 0
7 0

When matching output
x: not in operator
y: wrong position

Identity
0 1101100010 5 match 3
1 0110010100 4 match 4
2 1011011110 7 match 5
3 0111000111 6 match 6
4 1100001000 3 match 7
5 1100100101 5 match 0
6 1011010110 6 match 1
7 1000001010 3 match 2

Matching output
0 5
1 6
2 7
3 0
4 1
5 2
6 3
7 4

Left
5 6 7 0 1 2 3 4
Best: I5 6 7 0 1 2 3 4: 8

Right
4 3 2 1 0 7 6 5
Best: I4 3 2 1 0 7 6 5: 8

NOT
0 0010011101 5
1 1001101011 6
2 0100100001 3
3 1000111000 4
4 0011110111 7
5 0011011010 5
6 0100101001 4
7 0111110101 7

Matching output
0 absent
1 absent
2 absent
3 absent
4 absent
5 absent
6 absent
7 absent

Left
none
Best: none

Right
none
Best: none

Constant
0 0000000000 a
1 1111111111 a

Matching output
0 absent
1 absent
2 absent
3 absent
4 absent
5 absent
6 absent
7 absent

Left
none
Best: none

Right
none
Best: none

AND
01 10 0100000000 1
12 21 0010010100 3
23 32 0011000110 4
34 43 0100000000 1
45 54 1100000000 2
56 65 1000000100 2
67 76 1000000010 2
70 07 1000000010 2

02 20 1001000010 3
13 31 0110000100 3
24 42 1000001000 2
35 53 0100000101 3
46 64 1000000000 1
57 75 1000000000 1
60 06 1001000010 3
71 17 0000000000 a

03 30 0101000010 3
14 41 0100000000 1
25 52 1000000100 2
36 63 0011000110 4
47 74 1000001000 2
50 05 1100100000 3
61 16 0010010100 3
72 27 1000001010 3 match 2

04 40 1100000000 2
15 51 0100000100 2
26 62 1011010110 6 match 1
37 73 0000000010 1

Matching output
0 absent
1 26 62
2 72 27
3 absent
4 absent
5 absent
6 absent
7 absent

Left
none
Best: none

Right
none
Best: none

OR
01 10 1111110110 8
12 21 1111011110 8
23 32 1111011111 9
34 43 1111001111 8
45 54 1100101101 6
56 65 1111110111 9
67 76 1011011110 7 match 5
70 07 1101101010 6

02 20 1111111110 9
13 31 0111010111 7
24 42 1111011110 8
35 53 1111100111 8
46 64 1111011110 8
57 75 1100101111 7
60 06 1111110110 8
71 17 1110011110 7

03 30 1111100111 8
14 41 1110011100 6
25 52 1111111111 a
36 63 1111010111 8
47 74 1100001010 4
50 05 1101100111 7
61 16 1111010110 7
72 27 1011011110 7 match 5

04 40 1101101010 6
15 51 1110110101 7
26 62 1011011110 7 match 5
37 73 1111001111 8

Matching output
0 absent
1 absent
2 absent
3 absent
4 absent
5 67 76 72 27 26 62
6 absent
7 absent

Left
none
Best: none

Right
none
Best: none

XOR
01 10 1011110110 7
12 21 1101001010 5
23 32 1100011001 5
34 43 1011001111 7
45 54 0000101101 4
56 65 0111110011 7
67 76 0011011100 5
70 07 0101101000 4

02 20 0110111100 6
13 31 0001010011 4
24 42 0111010110 6
35 53 1011100010 5
46 64 0111011110 7
57 75 0100101111 6
60 06 0110110100 5
71 17 1110011110 7

03 30 1010100101 5
14 41 1010011100 5
25 52 0111111011 8
36 63 1100010001 4
47 74 0100000010 2
50 05 0001000111 4
61 16 1101000010 4
72 27 0011010100 4

04 40 0001101010 4
15 51 1010110001 5
26 62 0000001000 1
37 73 1111001101 7

Matching output
0 absent
1 absent
2 absent
3 absent
4 absent
5 absent
6 absent
7 absent

Left
none
Best: none

Right
none
Best: none

AND-NOT
01 1001100010 4
12 0100000000 1
23 1000011000 3
34 0011000111 5
45 0000001000 1
56 0100100001 3
67 0011010100 4
70 0000001000 1

02 0100100000 2
13 0000010000 1
24 0011010110 5
35 0011000010 3
46 0100001000 2
57 0100100101 4
60 0010010100 3
71 1000001010 3 match 2

03 1000100000 2
14 0010010100 3
25 0011011010 5
36 0100000001 2
47 0100000000 1
50 0000000101 2
61 1001000010 3
72 0000000000 a

04 0001100010 3
15 0010010000 2
26 0000001000 1
37 0111000101 5
40 0000001000 1
51 1000100001 3
62 0000000000 a
73 1000001000 2

05 0001000010 2
16 0100000000 1
27 0011010100 4
30 0010000101 3
41 1000001000 2
52 0100100001 3
63 1000010000 2
74 0000000010 1

06 0100100000 2
17 0110010100 4 match 4
20 0010011100 4
31 0001000011 3
42 0100000000 1
53 1000100000 2
64 0011010110 5
75 0000001010 2

07 0101100000 3
10 0010010100 3
21 1001001010 4
32 0100000001 2
43 1000001000 2
54 0000100101 3
65 0011010010 4
76 0000001000 1

Matching output
0 absent
1 absent
2 71
3 absent
4 17
5 absent
6 absent
7 absent

Left
none
Best: none

Right
none
Best: none

OR-NOT
01 1101101011 7
12 0110110101 6
23 1011111110 8
34 0111110111 8
45 1111011010 7
56 1100101101 6
67 1111110111 9
70 1010011111 7

02 1101100011 6
13 1110111100 7
24 1011111111 9
35 0111011111 8
46 1100101001 5
57 1111110101 8
60 1011011111 8
71 1001101011 6

03 1101111010 7
14 0111110111 8
25 1011011110 7 match 5
36 0111101111 8
47 1111111101 9
50 1110111101 8
61 1011111111 9
72 1100101011 6

04 1111110111 9
15 0111011110 7
26 1111111111 a
37 0111110111 8
40 1110011101 7
51 1101101111 8
62 1111110111 9
73 1000111010 5

05 1111111010 8
16 0110111101 7
27 1111111111 a
30 0111011111 8
41 1101101011 7
52 1100100101 5 match 0
63 1011111110 8
74 1011111111 9

06 1101101011 7
17 0111110101 7
20 1011011111 8
31 1111101111 9
42 1100101001 5
53 1100111101 7
64 1011110111 8
75 1011011010 6

07 1111110111 9
10 0110011101 6
21 1011111111 9
32 0111100111 7
43 1100111000 5
54 1111110111 9
65 1011011110 7 match 5
76 1100101011 6

Matching output
0 52
1 absent
2 absent
3 absent
4 absent
5 25 65
6 absent
7 absent

Left
52 63x
Best: OR-NOT52: 1

Right
none
Best: none

XOR-NOT
01 0100001001 3
12 0010110101 5
23 0011100110 5
34 0100110000 3
45 1111010010 6
56 1000001100 3
67 1100100011 5
70 1010010111 6

02 1001000011 4
13 1110101100 6
24 1000101001 4
35 0100011101 5
46 1000100001 3
57 1011010000 4
60 1001001011 5
71 0001100001 3

03 0101011010 5
14 0101100011 5
25 1000000100 2
36 0011101110 6
47 1011111101 8
50 1110111000 6
61 0010111101 6
72 1100101011 6

04 1110010101 6
15 0101001110 5
26 1111110111 9
37 0000110010 3
40 1110010101 6
51 0101001110 5
62 1111110111 9
73 0000110010 3

05 1110111000 6
16 0010111101 6
27 1100101011 6
30 0101011010 5
41 0101100011 5
52 1000000100 2
63 0011101110 6
74 1011111101 8

06 1001001011 5
17 0001100001 3
20 1001000011 4
31 1110101100 6
42 1000101001 4
53 0100011101 5
64 1000100001 3
75 1011010000 4

07 1010010111 6
10 0100001001 3
21 0010110101 5
32 0011100110 5
43 0100110000 3
54 1111010010 6
65 1000001100 3
76 1100100011 5

Matching output
0 absent
1 absent
2 absent
3 absent
4 absent
5 absent
6 absent
7 absent

Left
none
Best: none

Right
none
Best: none

Selecting

Lefts
Identity I5 6 7 0 1 2 3 4: 8
NOT none
Constant none
AND none
OR none
XOR none
AND-NOT none
OR-NOT OR-NOT52: 1
XOR-NOT none

Rights
Identity I4 3 2 1 0 7 6 5: 8
NOT none
Constant none
AND none
OR none
XOR none
AND-NOT none
OR-NOT none
XOR-NOT none

Left longest: 8
Right longest: 8

Left winner: Identity yes, NOT no, Constant no, AND no, OR no, XOR no, AND-NOT no, OR-NOT no, XOR-NOT no
Right winner: Identity yes, NOT no, Constant no, AND no, OR no, XOR no, AND-NOT no, OR-NOT no, XOR-NOT no

Best left: I5 6 7 0 1 2 3 4: 8
Best right: I4 3 2 1 0 7 6 5: 8

Truncated left: I5 6 7 0 1 2 3 4: 8
Truncated right: none truncated

Tentative from right
7 pending
6 pending
5 pending
4 pending
3 pending
2 pending
1 pending
0 pending

Tentative
0 I5
1 I6
2 I7
3 I0
4 I1
5 I2
6 I3
7 I4

Preferred from left
0 I5
1 I6
2 I7
3 I0
4 I1
5 I2
6 I3
7 I4

Preferred from right
7 I4
6 I3
5 I2
4 I1
3 I0
2 I7
1 I6
0 I5

Preferred
0 I5
1 I6
2 I7
3 I0
4 I1
5 I2
6 I3
7 I4

Matching
0 I5
1 I6
2 I7
3 I0
4 I1
5 I2
6 I3
7 I4

Perfect match
Identity no
NOT no
Constant no
AND no
OR no
XOR no
AND-NOT no
OR-NOT no
XOR-NOT no

Matched
0 I5
1 I6
2 I7
3 I0
4 I1
5 I2
6 I3
7 I4

Selected
0 I5
1 I6
2 I7
3 I0
4 I1
5 I2
6 I3
7 I4

Applying to 10010101
Input
0 1
1 0
2 0
3 1
4 0
5 1
6 0
7 1
Output
0 I5 = 1
1 I6 = 0
2 I7 = 1
3 I0 = 1
4 I1 = 0
5 I2 = 0
6 I3 = 1
7 I4 = 0

I will now return the answer in \boxed{}
The answer in \boxed{–} is \boxed{10110010}
[correct]
true
