[category]
bit_manipulation
[prompt]
In Alice's Wonderland, a secret bit manipulation rule transforms 8-bit binary numbers. The transformation involves operations like bit shifts, rotations, XOR, AND, OR, NOT, and possibly majority or choice functions.

Here are some examples of input -> output:
11001000 -> 00000000
11000111 -> 01110000
11110111 -> 01110110
11010110 -> 01000010
11000001 -> 00010000
01101011 -> 00100001
10111101 -> 10010101
10110101 -> 00010100
01011001 -> 00000010
00011011 -> 00100000

Now, determine the output for: 00001101
[completion]
We need to deduce the transformation by matching the example outputs.
I will put my final answer inside \boxed{}.

Output 0: 00000000
0 0
1 0
2 0
3 0
4 0
5 0
6 0
7 0

Output 1: 01110000
0 0
1 1
2 1
3 1
4 0
5 0
6 0
7 0

Output 2: 01110110
0 0
1 1
2 1
3 1
4 0
5 1
6 1
7 0

Output 3: 01000010
0 0
1 1
2 0
3 0
4 0
5 0
6 1
7 0

Output 4: 00010000
0 0
1 0
2 0
3 1
4 0
5 0
6 0
7 0

Output 5: 00100001
0 0
1 0
2 1
3 0
4 0
5 0
6 0
7 1

Output 6: 10010101
0 1
1 0
2 0
3 1
4 0
5 1
6 0
7 1

Output 7: 00010100
0 0
1 0
2 0
3 1
4 0
5 1
6 0
7 0

Output 8: 00000010
0 0
1 0
2 0
3 0
4 0
5 0
6 1
7 0

Output 9: 00100000
0 0
1 0
2 1
3 0
4 0
5 0
6 0
7 0

Output bit columns (with bitsum as hash)
0 0000001000 1
1 0111000000 3
2 0110010001 4
3 0110101100 5
4 0000000000 a
5 0010001100 3
6 0011000010 3
7 0000011000 2

Input 0: 11001000
0 1
1 1
2 0
3 0
4 1
5 0
6 0
7 0

Input 1: 11000111
0 1
1 1
2 0
3 0
4 0
5 1
6 1
7 1

Input 2: 11110111
0 1
1 1
2 1
3 1
4 0
5 1
6 1
7 1

Input 3: 11010110
0 1
1 1
2 0
3 1
4 0
5 1
6 1
7 0

Input 4: 11000001
0 1
1 1
2 0
3 0
4 0
5 0
6 0
7 1

Input 5: 01101011
0 0
1 1
2 1
3 0
4 1
5 0
6 1
7 1

Input 6: 10111101
0 1
1 0
2 1
3 1
4 1
5 1
6 0
7 1

Input 7: 10110101
0 1
1 0
2 1
3 1
4 0
5 1
6 0
7 1

Input 8: 01011001
0 0
1 1
2 0
3 1
4 1
5 0
6 0
7 1

Input 9: 00011011
0 0
1 0
2 0
3 1
4 1
5 0
6 1
7 1

When matching output
x: not in operator
y: wrong position

Identity
0 1111101100 7
1 1111110010 7
2 0010011100 4
3 0011001111 6
4 1000011011 5
5 0111001100 5
6 0111010001 5
7 0110111111 8

Matching output
0 absent
1 absent
2 absent
3 absent
4 absent
5 absent
6 absent
7 absent

Left
none
Best: none

Right
none
Best: none

NOT
0 0000010011 3
1 0000001101 3
2 1101100011 6
3 1100110000 4
4 0111100100 5
5 1000110011 5
6 1000101110 5
7 1001000000 2

Matching output
0 absent
1 absent
2 absent
3 absent
4 absent
5 absent
6 absent
7 absent

Left
none
Best: none

Right
none
Best: none

Constant
0 0000000000 a match 4
1 1111111111 a

Matching output
0 absent
1 absent
2 absent
3 absent
4 C0
5 absent
6 absent
7 absent

Left
none
Best: none

Right
none
Best: none

AND
01 10 1111100000 5
12 21 0010010000 2
23 32 0010001100 3 match 5
34 43 0000001011 3
45 54 0000001000 1 match 0
56 65 0111000000 3 match 1
67 76 0110010001 4 match 2
70 07 0110101100 5 match 3

02 20 0010001100 3 match 5
13 31 0011000010 3 match 6
24 42 0000011000 2 match 7
35 53 0011001100 4
46 64 0000010001 2
57 75 0110001100 4
60 06 0111000000 3 match 1
71 17 0110110010 5

03 30 0011001100 4
14 41 1000010010 3
25 52 0010001100 3 match 5
36 63 0011000001 3
47 74 0000011011 4
50 05 0111001100 5
61 16 0111010000 4
72 27 0010011100 4

04 40 1000001000 2
15 51 0111000000 3 match 1
26 62 0010010000 2
37 73 0010001111 5

Matching output
0 45 54
1 56 65 60 06 15 51
2 67 76
3 70 07
4 absent
5 23 32 02 20 25 52
6 13 31
7 24 42

Left
45 56 67 70 01x
54 65 76 07 10x
Best: AND45 56 67 70: 4

Right
24 13 02 71x
42 31 20 17x
Best: AND24 13 02: 3

OR
01 10 1111111110 9
12 21 1111111110 9
23 32 0011011111 7
34 43 1011011111 8
45 54 1111011111 9
56 65 0111011101 7
67 76 0111111111 9
70 07 1111111111 a

02 20 1111111100 8
13 31 1111111111 a
24 42 1010011111 7
35 53 0111001111 7
46 64 1111011011 8
57 75 0111111111 9
60 06 1111111101 9
71 17 1111111111 a

03 30 1111101111 9
14 41 1111111011 9
25 52 0111011100 6
36 63 0111011111 8
47 74 1110111111 9
50 05 1111101100 7
61 16 1111110011 8
72 27 0110111111 8

04 40 1111111111 a
15 51 1111111110 9
26 62 0111011101 7
37 73 0111111111 9

Matching output
0 absent
1 absent
2 absent
3 absent
4 absent
5 absent
6 absent
7 absent

Left
none
Best: none

Right
none
Best: none

XOR
01 10 0000011110 4
12 21 1101101110 7
23 32 0001010011 4
34 43 1011010100 5
45 54 1111010111 8
56 65 0000011101 4
67 76 0001101110 5
70 07 1001010011 5

02 20 1101110000 5
13 31 1100111101 7
24 42 1010000111 5
35 53 0100000011 3
46 64 1111001010 6
57 75 0001110011 5
60 06 1000111101 6
71 17 1001001101 5

03 30 1100100011 5
14 41 0111101001 6
25 52 0101010000 3
36 63 0100011110 5
47 74 1110100100 5
50 05 1000100000 2
61 16 1000100011 4
72 27 0100100011 4

04 40 0111110111 8
15 51 1000111110 6
26 62 0101001101 5
37 73 0101110000 4

Matching output
0 absent
1 absent
2 absent
3 absent
4 absent
5 absent
6 absent
7 absent

Left
none
Best: none

Right
none
Best: none

AND-NOT
01 0000001100 2
12 1101100010 5
23 0000010000 1
34 0011000100 3
45 1000010011 4
56 0000001100 2
67 0001000000 1
70 0000010011 3

02 1101100000 4
13 1100110000 4
24 0010000100 2
35 0000000011 2
46 1000001010 3
57 0001000000 1
60 0000010001 2
71 0000001101 3

03 1100100000 3
14 0111100000 4
25 0000010000 1
36 0000001110 3
47 1000000000 1
50 0000000000 a match 4
61 0000000001 1
72 0100100011 4

04 0111100100 5
15 1000110010 4
26 0000001100 2
37 0001000000 1
40 0000010011 3
51 0000001100 2
62 0101000001 3
73 0100110000 3

05 1000100000 2
16 1000100010 3
27 0000000000 a match 4
30 0000000011 2
41 0000001001 2
52 0101000000 2
63 0100010000 2
74 0110100100 4

06 1000101100 4
17 1001000000 2
20 0000010000 1
31 0000001101 3
42 1000000011 3
53 0100000000 1
64 0111000000 3 match 1
75 0000110011 4

07 1001000000 2
10 0000010010 2
21 0000001100 2
32 0001000011 3
43 1000010000 2
54 0111000100 4
65 0000010001 2
76 0000101110 4

Matching output
0 absent
1 64
2 absent
3 absent
4 50 27
5 absent
6 absent
7 absent

Left
none
Best: none

Right
none
Best: none

OR-NOT
01 1111101101 8
12 1111110011 8
23 1110111100 7
34 0111101111 8
45 1000111011 6
56 1111101110 8
67 1111010001 6
70 0110111111 8

02 1111101111 9
13 1111110010 7
24 0111111100 7
35 1011111111 9
46 1000111111 7
57 1111001100 6
60 0111010011 6
71 0110111111 8

03 1111111100 8
14 1111110110 8
25 1010111111 8
36 1011101111 8
47 1001011011 6
50 0111011111 8
61 0111011101 7
72 1111111111 a

04 1111101100 7
15 1111110011 8
26 1010111110 7
37 1011001111 7
40 1000011011 5
51 0111001101 6
62 1111110011 8
73 1110111111 9

05 1111111111 a
16 1111111110 9
27 1011011100 6
30 0011011111 7
41 1000011111 6
52 1111101111 9
63 1111110001 7
74 0111111111 9

06 1111101110 8
17 1111110010 7
20 0010011111 6
31 0011001111 6
42 1101111011 8
53 1111111100 8
64 0111110101 7
75 1110111111 9

07 1111101100 7
10 1111110011 8
21 0010011101 5
32 1111101111 9
43 1100111011 7
54 0111101100 6
65 1111110011 8
76 1110111111 9

Matching output
0 absent
1 absent
2 absent
3 absent
4 absent
5 absent
6 absent
7 absent

Left
none
Best: none

Right
none
Best: none

XOR-NOT
01 1111100001 6
12 0010010001 3
23 1110101100 6
34 0100101011 5
45 0000101000 2
56 1111100010 6
67 1110010001 5
70 0110101100 5 match 3

02 0010001111 5
13 0011000010 3 match 6
24 0101111000 5
35 1011111100 7
46 0000110101 4
57 1110001100 5
60 0111000010 4
71 0110110010 5

03 0011011100 5
14 1000010110 4
25 1010101111 7
36 1011100001 5
47 0001011011 5
50 0111011111 8
61 0111011100 6
72 1011011100 6

04 1000001000 2
15 0111000001 4
26 1010110010 5
37 1010001111 6
40 1000001000 2
51 0111000001 4
62 1010110010 5
73 1010001111 6

05 0111011111 8
16 0111011100 6
27 1011011100 6
30 0011011100 5
41 1000010110 4
52 1010101111 7
63 1011100001 5
74 0001011011 5

06 0111000010 4
17 0110110010 5
20 0010001111 5
31 0011000010 3 match 6
42 0101111000 5
53 1011111100 7
64 0000110101 4
75 1110001100 5

07 0110101100 5 match 3
10 1111100001 6
21 0010010001 3
32 1110101100 6
43 0100101011 5
54 0000101000 2
65 1111100010 6
76 1110010001 5

Matching output
0 absent
1 absent
2 absent
3 70 07
4 absent
5 absent
6 13 31
7 absent

Left
none
Best: none

Right
none
Best: none

Selecting

Lefts
Identity none
NOT none
Constant none
AND AND45 56 67 70: 4
OR none
XOR none
AND-NOT none
OR-NOT none
XOR-NOT none

Rights
Identity none
NOT none
Constant none
AND AND24 13 02: 3
OR none
XOR none
AND-NOT none
OR-NOT none
XOR-NOT none

Left longest: 4
Right longest: 3

Left winner: Identity no, NOT no, Constant no, AND yes, OR no, XOR no, AND-NOT no, OR-NOT no, XOR-NOT no
Right winner: Identity no, NOT no, Constant no, AND yes, OR no, XOR no, AND-NOT no, OR-NOT no, XOR-NOT no

Best left: AND45 56 67 70: 4
Best right: AND24 13 02: 3

Truncated left: AND45 56 67 70: 4
Truncated right: AND24 13 02: 3

Tentative from right
7 AND24
6 AND13
5 AND02
4 pending
3 pending
2 pending
1 pending
0 pending

Tentative
0 AND45
1 AND56
2 AND67
3 AND70
4 pending
5 AND02
6 AND13
7 AND24

Preferred from left
0 AND45
1 AND56
2 AND67
3 AND70
4 ?01
5 AND02
6 AND13
7 AND24

Preferred from right
7 AND24
6 AND13
5 AND02
4 ?01
3 AND70
2 AND67
1 AND56
0 AND45

Preferred
0 AND45
1 AND56
2 AND67
3 AND70
4 ?01 ?10
5 AND02
6 AND13
7 AND24

Matching
0 AND45
1 AND56
2 AND67
3 AND70
4 ?01 ?10 - Identity absent, NOT absent, Constant C0, AND absent, OR absent, XOR absent, AND-NOT absent, OR-NOT absent, XOR-NOT absent
5 AND02
6 AND13
7 AND24

Perfect match
Identity no
NOT no
Constant yes
AND no
OR no
XOR no
AND-NOT no
OR-NOT no
XOR-NOT no

Matched
0 AND45
1 AND56
2 AND67
3 AND70
4 C0
5 AND02
6 AND13
7 AND24

Selected
0 AND45
1 AND56
2 AND67
3 AND70
4 C0
5 AND02
6 AND13
7 AND24

Applying to 00001101
Input
0 0
1 0
2 0
3 0
4 1
5 1
6 0
7 1
Output
0 AND45 = AND(1,1) = 1
1 AND56 = AND(1,0) = 0
2 AND67 = AND(0,1) = 0
3 AND70 = AND(1,0) = 0
4 C0 = 0
5 AND02 = AND(0,0) = 0
6 AND13 = AND(0,0) = 0
7 AND24 = AND(0,1) = 0

I will now return the answer in \boxed{}
The answer in \boxed{–} is \boxed{10000000}
[correct]
true
