[category]
bit_manipulation
[prompt]
In Alice's Wonderland, a secret bit manipulation rule transforms 8-bit binary numbers. The transformation involves operations like bit shifts, rotations, XOR, AND, OR, NOT, and possibly majority or choice functions.

Here are some examples of input -> output:
11000101 -> 01011100
01010101 -> 01010101
01110010 -> 10100111
00000010 -> 10100000
00100100 -> 01000010
10011001 -> 11011001
11011010 -> 10101101
11001111 -> 11111100

Now, determine the output for: 00001000
[completion]
We need to deduce the transformation by matching the example outputs.
I will put my final answer inside \boxed{}.

Output 0: 01011100
0 0
1 1
2 0
3 1
4 1
5 1
6 0
7 0

Output 1: 01010101
0 0
1 1
2 0
3 1
4 0
5 1
6 0
7 1

Output 2: 10100111
0 1
1 0
2 1
3 0
4 0
5 1
6 1
7 1

Output 3: 10100000
0 1
1 0
2 1
3 0
4 0
5 0
6 0
7 0

Output 4: 01000010
0 0
1 1
2 0
3 0
4 0
5 0
6 1
7 0

Output 5: 11011001
0 1
1 1
2 0
3 1
4 1
5 0
6 0
7 1

Output 6: 10101101
0 1
1 0
2 1
3 0
4 1
5 1
6 0
7 1

Output 7: 11111100
0 1
1 1
2 1
3 1
4 1
5 1
6 0
7 0

Output bit columns (with bitsum as hash)
0 00110111 5
1 11001101 5
2 00110011 4
3 11000101 4
4 10000111 4
5 11100011 5
6 00101000 2
7 01100110 4

Input 0: 11000101
0 1
1 1
2 0
3 0
4 0
5 1
6 0
7 1

Input 1: 01010101
0 0
1 1
2 0
3 1
4 0
5 1
6 0
7 1

Input 2: 01110010
0 0
1 1
2 1
3 1
4 0
5 0
6 1
7 0

Input 3: 00000010
0 0
1 0
2 0
3 0
4 0
5 0
6 1
7 0

Input 4: 00100100
0 0
1 0
2 1
3 0
4 0
5 1
6 0
7 0

Input 5: 10011001
0 1
1 0
2 0
3 1
4 1
5 0
6 0
7 1

Input 6: 11011010
0 1
1 1
2 0
3 1
4 1
5 0
6 1
7 0

Input 7: 11001111
0 1
1 1
2 0
3 0
4 1
5 1
6 1
7 1

When matching output
x: not in operator
y: wrong position

Identity
0 10000111 4 match 4
1 11100011 5 match 5
2 00101000 2 match 6
3 01100110 4 match 7
4 00000111 3
5 11001001 4
6 00110011 4 match 2
7 11000101 4 match 3

Matching output
0 absent
1 absent
2 6
3 7
4 0
5 1
6 2
7 3

Left
none
Best: none

Right
3 2 1 0 7 6 5x
Best: I3 2 1 0 7 6: 6

NOT
0 01111000 4
1 00011100 3
2 11010111 6
3 10011001 4
4 11111000 5
5 00110110 4
6 11001100 4
7 00111010 4

Matching output
0 absent
1 absent
2 absent
3 absent
4 absent
5 absent
6 absent
7 absent

Left
none
Best: none

Right
none
Best: none

Constant
0 00000000 a
1 11111111 a

Matching output
0 absent
1 absent
2 absent
3 absent
4 absent
5 absent
6 absent
7 absent

Left
none
Best: none

Right
none
Best: none

AND
01 10 10000011 3
12 21 00100000 1
23 32 00100000 1
34 43 00000110 2
45 54 00000001 1
56 65 00000001 1
67 76 00000001 1
70 07 10000101 3

02 20 00000000 a
13 31 01100010 3
24 42 00000000 a
35 53 01000000 1
46 64 00000011 2
57 75 11000001 3
60 06 00000011 2
71 17 11000001 3

03 30 00000110 2
14 41 00000011 2
25 52 00001000 1
36 63 00100010 2
47 74 00000101 2
50 05 10000001 2
61 16 00100011 3
72 27 00000000 a

04 40 00000111 3
15 51 11000001 3
26 62 00100000 1
37 73 01000100 2

Matching output
0 absent
1 absent
2 absent
3 absent
4 absent
5 absent
6 absent
7 absent

Left
none
Best: none

Right
none
Best: none

OR
01 10 11100111 6
12 21 11101011 6
23 32 01101110 5
34 43 01100111 5
45 54 11001111 6
56 65 11111011 7
67 76 11110111 7
70 07 11000111 5

02 20 10101111 6
13 31 11100111 6
24 42 00101111 5
35 53 11101111 7
46 64 00110111 5 match 0
57 75 11001101 5 match 1
60 06 10110111 6
71 17 11100111 6

03 30 11100111 6
14 41 11100111 6
25 52 11101001 5
36 63 01110111 6
47 74 11000111 5
50 05 11001111 6
61 16 11110011 6
72 27 11101101 6

04 40 10000111 4 match 4
15 51 11101011 6
26 62 00111011 5
37 73 11100111 6

Matching output
0 46 64
1 57 75
2 absent
3 absent
4 04 40
5 absent
6 absent
7 absent

Left
46 57 60x
64 75 06x
Best: OR46 57: 2

Right
none
Best: none

XOR
01 10 01100100 3
12 21 11001011 5
23 32 01001110 4
34 43 01100001 3
45 54 11001110 5
56 65 11111010 6
67 76 11110110 6
70 07 01000010 2

02 20 10101111 6
13 31 10000101 3
24 42 00101111 5
35 53 10101111 6
46 64 00110100 3
57 75 00001100 2
60 06 10110100 4
71 17 00100110 3

03 30 11100001 4
14 41 11100100 4
25 52 11100001 4
36 63 01010101 4
47 74 11000010 3
50 05 01001110 4
61 16 11010000 3
72 27 11101101 6

04 40 10000000 1
15 51 00101010 3
26 62 00011011 4
37 73 10100011 4

Matching output
0 absent
1 absent
2 absent
3 absent
4 absent
5 absent
6 absent
7 absent

Left
none
Best: none

Right
none
Best: none

AND-NOT
01 00000100 1
12 11000011 4
23 00001000 1
34 01100000 2
45 00000110 2
56 11001000 3
67 00110010 3
70 01000000 1

02 10000111 4 match 4
13 10000001 2
24 00101000 2 match 6
35 00100110 3
46 00000100 1
57 00001000 1
60 00110000 2
71 00000100 1

03 10000001 2
14 11100000 3
25 00100000 1
36 01000100 2
47 00000010 1
50 01001000 2
61 00010000 1
72 11000101 4 match 3

04 10000000 1
15 00100010 2
26 00001000 1
37 00100010 2
40 00000000 a
51 00001000 1
62 00010011 3
73 10000001 2

05 00000110 2
16 11000000 2
27 00101000 2 match 6
30 01100000 2
41 00000100 1
52 11000001 3
63 00010001 2
74 11000000 2

06 10000100 2
17 00100010 2
20 00101000 2 match 6
31 00000100 1
42 00000111 3
53 10001001 3
64 00110000 2
75 00000100 1

07 00000010 1
10 01100000 2
21 00001000 1
32 01000110 3
43 00000001 1
54 11001000 3
65 00110010 3
76 11000100 3

Matching output
0 absent
1 absent
2 absent
3 72
4 02
5 absent
6 24 27 20
7 absent

Left
none
Best: none

Right
none
Best: none

OR-NOT
01 10011111 6
12 11110111 7
23 10111001 5
34 11111110 7
45 00110111 5 match 0
56 11001101 5 match 1
67 00111011 5
70 11111101 7

02 11010111 6
13 11111011 7
24 11111000 5
35 01110110 5
46 11001111 6
57 11111011 7
60 01111011 6
71 11011101 6

03 10011111 6
14 11111011 7
25 00111110 5
36 11101110 6
47 00111111 6
50 11111001 6
61 00111111 6
72 11010111 6

04 11111111 a
15 11110111 7
26 11101100 5
37 01111110 6
40 01111111 7
51 11011101 6
62 11110111 7
73 11011101 6

05 10110111 6
16 11101111 7
27 00111010 4
30 01111110 6
41 00011111 5
52 11011111 7
63 10111011 6
74 11111101 7

06 11001111 6
17 11111011 7
20 01111000 4
31 01111110 6
42 11010111 6
53 11011001 5
64 11111011 7
75 11110111 7

07 10111111 7
10 11111011 7
21 00111100 4
32 11110111 7
43 10011111 6
54 11111001 6
65 00110111 5 match 0
76 11001101 5 match 1

Matching output
0 45 65
1 56 76
2 absent
3 absent
4 absent
5 absent
6 absent
7 absent

Left
45 56 67x
65 76 07x
Best: OR-NOT45 56: 2

Right
none
Best: none

XOR-NOT
01 10011011 5
12 00110100 3
23 10110001 4
34 10011110 5
45 00110001 3
56 00000101 2
67 00001001 2
70 10111101 6

02 01010000 2
13 01111010 5
24 11010000 3
35 01010000 2
46 11001011 5
57 11110011 6
60 01001011 4
71 11011001 5

03 00011110 4
14 00011011 4
25 00011110 4
36 10101010 4
47 00111101 5
50 10110001 4
61 00101111 5
72 00010010 2

04 01111111 7
15 11010101 5
26 11100100 4
37 01011100 4
40 01111111 7
51 11010101 5
62 11100100 4
73 01011100 4

05 10110001 4
16 00101111 5
27 00010010 2
30 00011110 4
41 00011011 4
52 00011110 4
63 10101010 4
74 00111101 5

06 01001011 4
17 11011001 5
20 01010000 2
31 01111010 5
42 11010000 3
53 01010000 2
64 11001011 5
75 11110011 6

07 10111101 6
10 10011011 5
21 00110100 3
32 10110001 4
43 10011110 5
54 00110001 3
65 00000101 2
76 00001001 2

Matching output
0 absent
1 absent
2 absent
3 absent
4 absent
5 absent
6 absent
7 absent

Left
none
Best: none

Right
none
Best: none

Selecting

Lefts
Identity none
NOT none
Constant none
AND none
OR OR46 57: 2
XOR none
AND-NOT none
OR-NOT OR-NOT45 56: 2
XOR-NOT none

Rights
Identity I3 2 1 0 7 6: 6
NOT none
Constant none
AND none
OR none
XOR none
AND-NOT none
OR-NOT none
XOR-NOT none

Left longest: 2
Right longest: 6

Right winner: Identity yes, NOT no, Constant no, AND no, OR no, XOR no, AND-NOT no, OR-NOT no, XOR-NOT no
Left winner: Identity no, NOT no, Constant no, AND no, OR yes, XOR no, AND-NOT no, OR-NOT no, XOR-NOT no

Best right: I3 2 1 0 7 6: 6
Best left: OR46 57: 2

Truncated right: I3 2 1 0 7 6: 6
Truncated left: OR46 57: 2

Tentative from right
7 I3
6 I2
5 I1
4 I0
3 I7
2 I6
1 pending
0 pending

Tentative
0 OR46
1 OR57
2 I6
3 I7
4 I0
5 I1
6 I2
7 I3

Preferred from right
7 I3
6 I2
5 I1
4 I0
3 I7
2 I6
1 OR57
0 OR46

Preferred from left
0 OR46
1 OR57
2 I6
3 I7
4 I0
5 I1
6 I2
7 I3

Preferred
0 OR46
1 OR57
2 I6
3 I7
4 I0
5 I1
6 I2
7 I3

Matching
0 OR46
1 OR57
2 I6
3 I7
4 I0
5 I1
6 I2
7 I3

Perfect match
Identity no
NOT no
Constant no
AND no
OR no
XOR no
AND-NOT no
OR-NOT no
XOR-NOT no

Matched
0 OR46
1 OR57
2 I6
3 I7
4 I0
5 I1
6 I2
7 I3

Selected
0 OR46
1 OR57
2 I6
3 I7
4 I0
5 I1
6 I2
7 I3

Applying to 00001000
Input
0 0
1 0
2 0
3 0
4 1
5 0
6 0
7 0
Output
0 OR46 = OR(1,0) = 1
1 OR57 = OR(0,0) = 0
2 I6 = 0
3 I7 = 0
4 I0 = 0
5 I1 = 0
6 I2 = 0
7 I3 = 0

I will now return the answer in \boxed{}
The answer in \boxed{–} is \boxed{10000000}
[correct]
true
