[category]
bit_manipulation
[prompt]
In Alice's Wonderland, a secret bit manipulation rule transforms 8-bit binary numbers. The transformation involves operations like bit shifts, rotations, XOR, AND, OR, NOT, and possibly majority or choice functions.

Here are some examples of input -> output:
01110010 -> 01000111
10101001 -> 00101010
00111000 -> 00000011
01010101 -> 10100101
00001100 -> 10000000
11110001 -> 00101111
01101000 -> 00000110

Now, determine the output for: 10000111
[completion]
We need to deduce the transformation by matching the example outputs.
I will put my final answer inside \boxed{}.

Output 0: 01000111
0 0
1 1
2 0
3 0
4 0
5 1
6 1
7 1

Output 1: 00101010
0 0
1 0
2 1
3 0
4 1
5 0
6 1
7 0

Output 2: 00000011
0 0
1 0
2 0
3 0
4 0
5 0
6 1
7 1

Output 3: 10100101
0 1
1 0
2 1
3 0
4 0
5 1
6 0
7 1

Output 4: 10000000
0 1
1 0
2 0
3 0
4 0
5 0
6 0
7 0

Output 5: 00101111
0 0
1 0
2 1
3 0
4 1
5 1
6 1
7 1

Output 6: 00000110
0 0
1 0
2 0
3 0
4 0
5 1
6 1
7 0

Output bit columns (with bitsum as hash)
0 0001100 2
1 1000000 1
2 0101010 3
3 0000000 a
4 0100010 2
5 1001011 4
6 1110011 5
7 1011010 4

Input 0: 01110010
0 0
1 1
2 1
3 1
4 0
5 0
6 1
7 0

Input 1: 10101001
0 1
1 0
2 1
3 0
4 1
5 0
6 0
7 1

Input 2: 00111000
0 0
1 0
2 1
3 1
4 1
5 0
6 0
7 0

Input 3: 01010101
0 0
1 1
2 0
3 1
4 0
5 1
6 0
7 1

Input 4: 00001100
0 0
1 0
2 0
3 0
4 1
5 1
6 0
7 0

Input 5: 11110001
0 1
1 1
2 1
3 1
4 0
5 0
6 0
7 1

Input 6: 01101000
0 0
1 1
2 1
3 0
4 1
5 0
6 0
7 0

When matching output
x: not in operator
y: wrong position

Identity
0 0100010 2 match 4
1 1001011 4 match 5
2 1110011 5 match 6
3 1011010 4 match 7
4 0110101 4
5 0001100 2 match 0
6 1000000 1 match 1
7 0101010 3 match 2

Matching output
0 5
1 6
2 7
3 absent
4 0
5 1
6 2
7 3

Left
5 6 7 0y
Best: I5 6 7: 3

Right
3 2 1 0 7y
Best: I3 2 1 0: 4

NOT
0 1011101 5
1 0110100 3
2 0001100 2 match 0
3 0100101 3
4 1001010 3
5 1110011 5 match 6
6 0111111 6
7 1010101 4

Matching output
0 2
1 absent
2 absent
3 absent
4 absent
5 absent
6 5
7 absent

Left
2 3x
Best: NOT2: 1

Right
none
Best: none

Constant
0 0000000 a match 3
1 1111111 a

Matching output
0 absent
1 absent
2 absent
3 C0
4 absent
5 absent
6 absent
7 absent

Left
none
Best: none

Right
none
Best: none

AND
01 10 0000010 1
12 21 1000011 3
23 32 1010010 3
34 43 0010000 1
45 54 0000100 1
56 65 0000000 a match 3
67 76 0000000 a match 3
70 07 0100010 2 match 4

02 20 0100010 2 match 4
13 31 1001010 3
24 42 0110001 3
35 53 0001000 1
46 64 0000000 a match 3
57 75 0001000 1
60 06 0000000 a match 3
71 17 0001010 2

03 30 0000010 1
14 41 0000001 1
25 52 0000000 a match 3
36 63 1000000 1 match 1
47 74 0100000 1
50 05 0000000 a match 3
61 16 1000000 1 match 1
72 27 0100010 2 match 4

04 40 0100000 1
15 51 0001000 1
26 62 1000000 1 match 1
37 73 0001010 2

Matching output
0 absent
1 36 63 61 16 26 62
2 absent
3 56 65 67 76 46 64 60 06 25 52 50 05
4 70 07 02 20 72 27
5 absent
6 absent
7 absent

Left
none
Best: none

Right
none
Best: none

OR
01 10 1101011 5
12 21 1111011 6
23 32 1111011 6
34 43 1111111 a
45 54 0111101 5
56 65 1001100 3
67 76 1101010 4
70 07 0101010 3 match 2

02 20 1110011 5 match 6
13 31 1011011 5
24 42 1110111 6
35 53 1011110 5
46 64 1110101 5
57 75 0101110 4
60 06 1100010 3
71 17 1101011 5

03 30 1111010 5
14 41 1111111 a
25 52 1111111 a
36 63 1011010 4 match 7
47 74 0111111 6
50 05 0101110 4
61 16 1001011 4 match 5
72 27 1111011 6

04 40 0110111 5
15 51 1001111 5
26 62 1110011 5 match 6
37 73 1111010 5

Matching output
0 absent
1 absent
2 70 07
3 absent
4 absent
5 61 16
6 02 20 26 62
7 36 63

Left
none
Best: none

Right
36 25x
63 52x
Best: OR36: 1

XOR
01 10 1101001 4
12 21 0111000 3
23 32 0101001 3
34 43 1101111 6
45 54 0111001 4
56 65 1001100 3
67 76 1101010 4
70 07 0001000 1

02 20 1010001 3
13 31 0010001 2
24 42 1000110 3
35 53 1010110 4
46 64 1110101 5
57 75 0100110 3
60 06 1100010 3
71 17 1100001 3

03 30 1111000 4
14 41 1111110 6
25 52 1111111 a
36 63 0011010 3
47 74 0011111 5
50 05 0101110 4
61 16 0001011 3
72 27 1011001 4

04 40 0010111 4
15 51 1000111 4
26 62 0110011 4
37 73 1110000 3

Matching output
0 absent
1 absent
2 absent
3 absent
4 absent
5 absent
6 absent
7 absent

Left
none
Best: none

Right
none
Best: none

AND-NOT
01 0100000 1
12 0001000 1
23 0100001 2
34 1001010 3
45 0110001 3
56 0001100 2 match 0
67 1000000 1 match 1
70 0001000 1

02 0000000 a match 3
13 0000001 1
24 1000010 2
35 1010010 3
46 0110101 4
57 0000100 1
60 1000000 1 match 1
71 0100000 1

03 0100000 1
14 1001010 3
25 1110011 5 match 6
36 0011010 3
47 0010101 3
50 0001100 2 match 0
61 0000000 a match 3
72 0001000 1

04 0000010 1
15 1000011 3
26 0110011 4
37 1010000 2
40 0010101 3
51 0000100 1
62 0000000 a match 3
73 0100000 1

05 0100010 2 match 4
16 0001011 3
27 1010001 3
30 1011000 3
41 0110100 3
52 0001100 2 match 0
63 0000000 a match 3
74 0001010 2

06 0100010 2 match 4
17 1000001 2
20 1010001 3
31 0010000 1
42 0000100 1
53 0000100 1
64 1000000 1 match 1
75 0100010 2 match 4

07 0000000 a match 3
10 1001001 3
21 0110000 2
32 0001000 1
43 0100101 3
54 0001000 1
65 1000000 1 match 1
76 0101010 3 match 2

Matching output
0 56 50 52
1 67 60 64 65
2 76
3 02 61 62 63 07
4 05 06 75
5 absent
6 25
7 absent

Left
56 67 70x
50 61y
52 63y
Best: AND-NOT56 67: 2

Right
none
Best: none

OR-NOT
01 0110110 4
12 1001111 5
23 1110111 6
34 1011010 4 match 7
45 1110111 6
56 0111111 6
67 1010101 4
70 1111111 a

02 0101110 4
13 1101111 6
24 1111011 6
35 1111011 6
46 0111111 6
57 1011101 5
60 1011101 5
71 0111110 5

03 0100111 4
14 1001011 4 match 5
25 1110011 5 match 6
36 1111111 a
47 1110101 5
50 1011101 5
61 1110100 4
72 0101110 4

04 1101010 4
15 1111011 6
26 1111111 a
37 1011111 6
40 1111101 6
51 0111100 4
62 1001100 3
73 0101111 5

05 1110011 5 match 6
16 1111111 a
27 1110111 6
30 1011111 6
41 0110101 4
52 0001100 2 match 0
63 1100101 4
74 1101010 4

06 0111111 6
17 1011111 6
20 1111111 a
31 1111110 6
42 0111101 5
53 0101101 4
64 1001010 3
75 1111011 6

07 1110111 6
10 1011111 6
21 1110111 6
32 1011110 5
43 0110101 4
54 1001110 4
65 1110011 5 match 6
76 0111111 6

Matching output
0 52
1 absent
2 absent
3 absent
4 absent
5 14
6 25 05 65
7 34

Left
52 63x
Best: OR-NOT52: 1

Right
34 23x
Best: OR-NOT34: 1

XOR-NOT
01 0010110 3
12 1000111 4
23 1010110 4
34 0010000 1
45 1000110 3
56 0110011 4
67 0010101 3
70 1110111 6

02 0101110 4
13 1101110 5
24 0111001 4
35 0101001 3
46 0001010 2
57 1011001 4
60 0011101 4
71 0011110 4

03 0000111 3
14 0000001 1
25 0000000 a match 3
36 1100101 4
47 1100000 2
50 1010001 3
61 1110100 4
72 0100110 3

04 1101000 3
15 0111000 3
26 1001100 3
37 0001111 4
40 1101000 3
51 0111000 3
62 1001100 3
73 0001111 4

05 1010001 3
16 1110100 4
27 0100110 3
30 0000111 3
41 0000001 1
52 0000000 a match 3
63 1100101 4
74 1100000 2

06 0011101 4
17 0011110 4
20 0101110 4
31 1101110 5
42 0111001 4
53 0101001 3
64 0001010 2
75 1011001 4

07 1110111 6
10 0010110 3
21 1000111 4
32 1010110 4
43 0010000 1
54 1000110 3
65 0110011 4
76 0010101 3

Matching output
0 absent
1 absent
2 absent
3 25 52
4 absent
5 absent
6 absent
7 absent

Left
none
Best: none

Right
none
Best: none

Selecting

Lefts
Identity I5 6 7: 3
NOT NOT2: 1
Constant none
AND none
OR none
XOR none
AND-NOT AND-NOT56 67: 2
OR-NOT OR-NOT52: 1
XOR-NOT none

Rights
Identity I3 2 1 0: 4
NOT none
Constant none
AND none
OR OR36: 1
XOR none
AND-NOT none
OR-NOT OR-NOT34: 1
XOR-NOT none

Left longest: 3
Right longest: 4

Right winner: Identity yes, NOT no, Constant no, AND no, OR no, XOR no, AND-NOT no, OR-NOT no, XOR-NOT no
Left winner: Identity yes, NOT no, Constant no, AND no, OR no, XOR no, AND-NOT no, OR-NOT no, XOR-NOT no

Best right: I3 2 1 0: 4
Best left: I5 6 7: 3

Truncated right: I3 2 1 0: 4
Truncated left: I5 6 7: 3

Tentative from right
7 I3
6 I2
5 I1
4 I0
3 pending
2 pending
1 pending
0 pending

Tentative
0 I5
1 I6
2 I7
3 pending
4 I0
5 I1
6 I2
7 I3

Preferred from right
7 I3
6 I2
5 I1
4 I0
3 ??7
2 I7
1 I6
0 I5

Preferred from left
0 I5
1 I6
2 I7
3 ?07
4 I0
5 I1
6 I2
7 I3

Preferred
0 I5
1 I6
2 I7
3 ?07 ?70
4 I0
5 I1
6 I2
7 I3

Matching
0 I5
1 I6
2 I7
3 ?07 ?70 - Identity absent, NOT absent, Constant C0, AND absent, OR absent, XOR absent, AND-NOT07, OR-NOT absent, XOR-NOT absent
4 I0
5 I1
6 I2
7 I3

Perfect match
Identity no
NOT no
Constant yes
AND no
OR no
XOR no
AND-NOT no
OR-NOT no
XOR-NOT no

Matched
0 I5
1 I6
2 I7
3 C0
4 I0
5 I1
6 I2
7 I3

Selected
0 I5
1 I6
2 I7
3 C0
4 I0
5 I1
6 I2
7 I3

Applying to 10000111
Input
0 1
1 0
2 0
3 0
4 0
5 1
6 1
7 1
Output
0 I5 = 1
1 I6 = 1
2 I7 = 1
3 C0 = 0
4 I0 = 1
5 I1 = 0
6 I2 = 0
7 I3 = 0

I will now return the answer in \boxed{}
The answer in \boxed{–} is \boxed{11101000}
[correct]
true
