[category]
bit_manipulation
[prompt]
In Alice's Wonderland, a secret bit manipulation rule transforms 8-bit binary numbers. The transformation involves operations like bit shifts, rotations, XOR, AND, OR, NOT, and possibly majority or choice functions.

Here are some examples of input -> output:
10001010 -> 01000101
01001001 -> 10100100
11001010 -> 01100101
00100110 -> 00010011
00100111 -> 10010011
01011001 -> 10101100
00110111 -> 10011011
00100000 -> 00010000
11111001 -> 11111100
11100100 -> 01110010

Now, determine the output for: 00101111
[completion]
We need to deduce the transformation by matching the example outputs.
I will put my final answer inside \boxed{}.

Output 0: 01000101
0 0
1 1
2 0
3 0
4 0
5 1
6 0
7 1

Output 1: 10100100
0 1
1 0
2 1
3 0
4 0
5 1
6 0
7 0

Output 2: 01100101
0 0
1 1
2 1
3 0
4 0
5 1
6 0
7 1

Output 3: 00010011
0 0
1 0
2 0
3 1
4 0
5 0
6 1
7 1

Output 4: 10010011
0 1
1 0
2 0
3 1
4 0
5 0
6 1
7 1

Output 5: 10101100
0 1
1 0
2 1
3 0
4 1
5 1
6 0
7 0

Output 6: 10011011
0 1
1 0
2 0
3 1
4 1
5 0
6 1
7 1

Output 7: 00010000
0 0
1 0
2 0
3 1
4 0
5 0
6 0
7 0

Output 8: 11111100
0 1
1 1
2 1
3 1
4 1
5 1
6 0
7 0

Output 9: 01110010
0 0
1 1
2 1
3 1
4 0
5 0
6 1
7 0

Output bit columns (with bitsum as hash)
0 0100111010 5
1 1010000011 4
2 0110010011 5
3 0001101111 6
4 0000011010 3
5 1110010010 5
6 0001101001 4
7 1011101000 5

Input 0: 10001010
0 1
1 0
2 0
3 0
4 1
5 0
6 1
7 0

Input 1: 01001001
0 0
1 1
2 0
3 0
4 1
5 0
6 0
7 1

Input 2: 11001010
0 1
1 1
2 0
3 0
4 1
5 0
6 1
7 0

Input 3: 00100110
0 0
1 0
2 1
3 0
4 0
5 1
6 1
7 0

Input 4: 00100111
0 0
1 0
2 1
3 0
4 0
5 1
6 1
7 1

Input 5: 01011001
0 0
1 1
2 0
3 1
4 1
5 0
6 0
7 1

Input 6: 00110111
0 0
1 0
2 1
3 1
4 0
5 1
6 1
7 1

Input 7: 00100000
0 0
1 0
2 1
3 0
4 0
5 0
6 0
7 0

Input 8: 11111001
0 1
1 1
2 1
3 1
4 1
5 0
6 0
7 1

Input 9: 11100100
0 1
1 1
2 1
3 0
4 0
5 1
6 0
7 0

When matching output
x: not in operator
y: wrong position

Identity
0 1010000011 4 match 1
1 0110010011 5 match 2
2 0001101111 6 match 3
3 0000011010 3 match 4
4 1110010010 5 match 5
5 0001101001 4 match 6
6 1011101000 5 match 7
7 0100111010 5 match 0

Matching output
0 7
1 0
2 1
3 2
4 3
5 4
6 5
7 6

Left
7 0 1 2 3 4 5 6
Best: I7 0 1 2 3 4 5 6: 8

Right
6 5 4 3 2 1 0 7
Best: I6 5 4 3 2 1 0 7: 8

NOT
0 0101111100 6
1 1001101100 5
2 1110010000 4
3 1111100101 7
4 0001101101 5
5 1110010110 6
6 0100010111 5
7 1011000101 5

Matching output
0 absent
1 absent
2 absent
3 absent
4 absent
5 absent
6 absent
7 absent

Left
none
Best: none

Right
none
Best: none

Constant
0 0000000000 a
1 1111111111 a

Matching output
0 absent
1 absent
2 absent
3 absent
4 absent
5 absent
6 absent
7 absent

Left
none
Best: none

Right
none
Best: none

AND
01 10 0010000011 3
12 21 0000000011 2
23 32 0000001010 2
34 43 0000010010 2
45 54 0000000000 a
56 65 0001101000 3
67 76 0000101000 2
70 07 0000000010 1

02 20 0000000011 2
13 31 0000010010 2
24 42 0000000010 1
35 53 0000001000 1
46 64 1010000000 2
57 75 0000101000 2
60 06 1010000000 2
71 17 0100010010 3

03 30 0000000010 1
14 41 0110010010 4
25 52 0001101001 4 match 6
36 63 0000001000 1
47 74 0100010010 3
50 05 0000000001 1
61 16 0010000000 1
72 27 0000101010 3

04 40 1010000010 3
15 51 0000000001 1
26 62 0001101000 3
37 73 0000011010 3 match 4

Matching output
0 absent
1 absent
2 absent
3 absent
4 37 73
5 absent
6 25 52
7 absent

Left
none
Best: none

Right
none
Best: none

OR
01 10 1110010011 6
12 21 0111111111 9
23 32 0001111111 7
34 43 1110011010 6
45 54 1111111011 9
56 65 1011101001 6
67 76 1111111010 8
70 07 1110111011 8

02 20 1011101111 8
13 31 0110011011 6
24 42 1111111111 a
35 53 0001111011 6
46 64 1111111010 8
57 75 0101111011 7
60 06 1011101011 7
71 17 0110111011 7

03 30 1010011011 6
14 41 1110010011 6
25 52 0001101111 6 match 3
36 63 1011111010 7
47 74 1110111010 7
50 05 1011101011 7
61 16 1111111011 9
72 27 0101111111 8

04 40 1110010011 6
15 51 0111111011 8
26 62 1011101111 8
37 73 0100111010 5 match 0

Matching output
0 37 73
1 absent
2 absent
3 25 52
4 absent
5 absent
6 absent
7 absent

Left
37 40x
73 04x
Best: OR37: 1

Right
none
Best: none

XOR
01 10 1100010000 3
12 21 0111111100 7
23 32 0001110101 5
34 43 1110001000 4
45 54 1111111011 9
56 65 1010000001 3
67 76 1111010010 6
70 07 1110111001 7

02 20 1011101100 6
13 31 0110001001 4
24 42 1111111101 9
35 53 0001110011 5
46 64 0101111010 6
57 75 0101010011 5
60 06 0001101011 5
71 17 0010101001 4

03 30 1010011001 5
14 41 1000000001 2
25 52 0000000110 2
36 63 1011110010 6
47 74 1010101000 4
50 05 1011101010 6
61 16 1101111011 8
72 27 0101010101 5

04 40 0100010001 3
15 51 0111111010 7
26 62 1010000111 5
37 73 0100100000 2

Matching output
0 absent
1 absent
2 absent
3 absent
4 absent
5 absent
6 absent
7 absent

Left
none
Best: none

Right
none
Best: none

AND-NOT
01 1000000000 1
12 0110010000 3
23 0001100101 4
34 0000001000 1
45 1110010010 5 match 5
56 0000000001 1
67 1011000000 3
70 0100111000 4

02 1010000000 2
13 0110000001 3
24 0001101101 5
35 0000010010 2
46 0100010010 3
57 0001000001 2
60 0001101000 3
71 0000101000 2

03 1010000001 3
14 0000000001 1
25 0000000110 2
36 0000010010 2
47 1010000000 2
50 0001101000 3
61 1001101000 4
72 0100010000 2

04 0000000001 1
15 0110010010 4
26 0000000111 3
37 0000000000 a
40 0100010000 2
51 0001101000 3
62 1010000000 2
73 0100100000 2

05 1010000010 3
16 0100010011 4
27 0001000101 3
30 0000011000 2
41 1000000000 1
52 0000000000 a
63 1011100000 4
74 0000101000 2

06 0000000011 2
17 0010000001 2
20 0001101100 4
31 0000001000 1
42 1110010000 4
53 0001100001 3
64 0001101000 3
75 0100010010 3

07 1010000001 3
10 0100010000 2
21 0001101100 4
32 0000010000 1
43 1110000000 3
54 0001101001 4 match 6
65 1010000000 2
76 0100010010 3

Matching output
0 absent
1 absent
2 absent
3 absent
4 absent
5 45
6 54
7 absent

Left
none
Best: none

Right
none
Best: none

OR-NOT
01 1011101111 8
12 1110010011 6
23 1111101111 9
34 0001111111 7
45 1110010110 6
56 0101111111 8
67 1011101101 7
70 0101111110 7

02 1110010011 6
13 1111110111 9
24 0001101111 6 match 3
35 1110011110 7
46 1110010111 7
57 1011101101 7
60 1111111100 8
71 1101111110 8

03 1111100111 8
14 0111111111 9
25 1111111111 a
36 0100011111 6
47 1111010111 8
50 0101111101 7
61 1011101100 6
72 1110111010 7

04 1011101111 8
15 1110010111 7
26 0101111111 8
37 1011011111 8
40 1111111110 9
51 1001101101 6
62 1111111000 7
73 1111111111 a

05 1110010111 7
16 0110010111 6
27 1011101111 8
30 0101111110 7
41 1111111110 9
52 1111111001 8
63 1111101101 8
74 0101111111 8

06 1110010111 7
17 1111010111 8
20 0101111111 8
31 1001111110 7
42 1110010010 5 match 5
53 1111101101 8
64 1011101101 7
75 1110111110 8

07 1011000111 6
10 0111111111 9
21 1001101111 7
32 1110011010 6
43 1111110111 9
54 0001101101 5
65 1111111110 9
76 0100111111 7

Matching output
0 absent
1 absent
2 absent
3 24
4 absent
5 42
6 absent
7 absent

Left
none
Best: none

Right
none
Best: none

XOR-NOT
01 0011101111 7
12 1000000011 3
23 1110001010 5
34 0001110111 6
45 0000000100 1
56 0101111110 7
67 0000101101 4
70 0001000110 3

02 0100010011 4
13 1001110110 6
24 0000000010 1
35 1110001100 5
46 1010000101 4
57 1010101100 5
60 1110010100 5
71 1101010110 6

03 0101100110 5
14 0111111110 8
25 1111111001 8
36 0100001101 4
47 0101010111 6
50 0100010101 4
61 0010000100 2
72 1010101010 5

04 1011101110 7
15 1000000101 3
26 0101111000 5
37 1011011111 8
40 1011101110 7
51 1000000101 3
62 0101111000 5
73 1011011111 8

05 0100010101 4
16 0010000100 2
27 1010101010 5
30 0101100110 5
41 0111111110 8
52 1111111001 8
63 0100001101 4
74 0101010111 6

06 1110010100 5
17 1101010110 6
20 0100010011 4
31 1001110110 6
42 0000000010 1
53 1110001100 5
64 1010000101 4
75 1010101100 5

07 0001000110 3
10 0011101111 7
21 1000000011 3
32 1110001010 5
43 0001110111 6
54 0000000100 1
65 0101111110 7
76 0000101101 4

Matching output
0 absent
1 absent
2 absent
3 absent
4 absent
5 absent
6 absent
7 absent

Left
none
Best: none

Right
none
Best: none

Selecting

Lefts
Identity I7 0 1 2 3 4 5 6: 8
NOT none
Constant none
AND none
OR OR37: 1
XOR none
AND-NOT none
OR-NOT none
XOR-NOT none

Rights
Identity I6 5 4 3 2 1 0 7: 8
NOT none
Constant none
AND none
OR none
XOR none
AND-NOT none
OR-NOT none
XOR-NOT none

Left longest: 8
Right longest: 8

Left winner: Identity yes, NOT no, Constant no, AND no, OR no, XOR no, AND-NOT no, OR-NOT no, XOR-NOT no
Right winner: Identity yes, NOT no, Constant no, AND no, OR no, XOR no, AND-NOT no, OR-NOT no, XOR-NOT no

Best left: I7 0 1 2 3 4 5 6: 8
Best right: I6 5 4 3 2 1 0 7: 8

Truncated left: I7 0 1 2 3 4 5 6: 8
Truncated right: none truncated

Tentative from right
7 pending
6 pending
5 pending
4 pending
3 pending
2 pending
1 pending
0 pending

Tentative
0 I7
1 I0
2 I1
3 I2
4 I3
5 I4
6 I5
7 I6

Preferred from left
0 I7
1 I0
2 I1
3 I2
4 I3
5 I4
6 I5
7 I6

Preferred from right
7 I6
6 I5
5 I4
4 I3
3 I2
2 I1
1 I0
0 I7

Preferred
0 I7
1 I0
2 I1
3 I2
4 I3
5 I4
6 I5
7 I6

Matching
0 I7
1 I0
2 I1
3 I2
4 I3
5 I4
6 I5
7 I6

Perfect match
Identity no
NOT no
Constant no
AND no
OR no
XOR no
AND-NOT no
OR-NOT no
XOR-NOT no

Matched
0 I7
1 I0
2 I1
3 I2
4 I3
5 I4
6 I5
7 I6

Selected
0 I7
1 I0
2 I1
3 I2
4 I3
5 I4
6 I5
7 I6

Applying to 00101111
Input
0 0
1 0
2 1
3 0
4 1
5 1
6 1
7 1
Output
0 I7 = 1
1 I0 = 0
2 I1 = 0
3 I2 = 1
4 I3 = 0
5 I4 = 1
6 I5 = 1
7 I6 = 1

I will now return the answer in \boxed{}
The answer in \boxed{–} is \boxed{10010111}
[correct]
true
