[category]
bit_manipulation
[prompt]
In Alice's Wonderland, a secret bit manipulation rule transforms 8-bit binary numbers. The transformation involves operations like bit shifts, rotations, XOR, AND, OR, NOT, and possibly majority or choice functions.

Here are some examples of input -> output:
10110010 -> 00100000
11000001 -> 00010000
10101010 -> 10100000
10011100 -> 11000000
11110110 -> 01100000
10010011 -> 00110000
11001010 -> 10100000

Now, determine the output for: 00101011
[completion]
We need to deduce the transformation by matching the example outputs.
I will put my final answer inside \boxed{}.

Output 0: 00100000
0 0
1 0
2 1
3 0
4 0
5 0
6 0
7 0

Output 1: 00010000
0 0
1 0
2 0
3 1
4 0
5 0
6 0
7 0

Output 2: 10100000
0 1
1 0
2 1
3 0
4 0
5 0
6 0
7 0

Output 3: 11000000
0 1
1 1
2 0
3 0
4 0
5 0
6 0
7 0

Output 4: 01100000
0 0
1 1
2 1
3 0
4 0
5 0
6 0
7 0

Output 5: 00110000
0 0
1 0
2 1
3 1
4 0
5 0
6 0
7 0

Output 6: 10100000
0 1
1 0
2 1
3 0
4 0
5 0
6 0
7 0

Output bit columns (with bitsum as hash)
0 0011001 3
1 0001100 2
2 1010111 5
3 0100010 2
4 0000000 a
5 0000000 a
6 0000000 a
7 0000000 a

Input 0: 10110010
0 1
1 0
2 1
3 1
4 0
5 0
6 1
7 0

Input 1: 11000001
0 1
1 1
2 0
3 0
4 0
5 0
6 0
7 1

Input 2: 10101010
0 1
1 0
2 1
3 0
4 1
5 0
6 1
7 0

Input 3: 10011100
0 1
1 0
2 0
3 1
4 1
5 1
6 0
7 0

Input 4: 11110110
0 1
1 1
2 1
3 1
4 0
5 1
6 1
7 0

Input 5: 10010011
0 1
1 0
2 0
3 1
4 0
5 0
6 1
7 1

Input 6: 11001010
0 1
1 1
2 0
3 0
4 1
5 0
6 1
7 0

When matching output
x: not in operator
y: wrong position

Identity
0 1111111 a
1 0100101 3
2 1010100 3
3 1001110 4
4 0011001 3 match 0
5 0001100 2 match 1
6 1010111 5 match 2
7 0100010 2 match 3

Matching output
0 4
1 5
2 6
3 7
4 absent
5 absent
6 absent
7 absent

Left
4 5 6 7 0x
Best: I4 5 6 7: 4

Right
none
Best: none

NOT
0 0000000 a match 4 5 6 7
1 1011010 4
2 0101011 4
3 0110001 3
4 1100110 4
5 1110011 5
6 0101000 2
7 1011101 5

Matching output
0 absent
1 absent
2 absent
3 absent
4 0
5 0
6 0
7 0

Left
none
Best: none

Right
0 7x
Best: NOT0: 1

Constant
0 0000000 a match 4 5 6 7
1 1111111 a

Matching output
0 absent
1 absent
2 absent
3 absent
4 C0
5 C0
6 C0
7 C0

Left
none
Best: none

Right
0 0 0 0
Best: C0 0 0 0: 4

AND
01 10 0100101 3
12 21 0000100 1
23 32 1000100 2
34 43 0001000 1
45 54 0001000 1
56 65 0000100 1
67 76 0000010 1
70 07 0100010 2 match 3

02 20 1010100 3
13 31 0000100 1
24 42 0010000 1
35 53 0001100 2 match 1
46 64 0010001 2
57 75 0000000 a match 4 5 6 7
60 06 1010111 5 match 2
71 17 0100000 1

03 30 1001110 4
14 41 0000001 1
25 52 0000100 1
36 63 1000110 3
47 74 0000000 a match 4 5 6 7
50 05 0001100 2 match 1
61 16 0000101 2
72 27 0000000 a match 4 5 6 7

04 40 0011001 3 match 0
15 51 0000100 1
26 62 1010100 3
37 73 0000010 1

Matching output
0 04 40
1 35 53 50 05
2 60 06
3 70 07
4 57 75 47 74 72 27
5 57 75 47 74 72 27
6 57 75 47 74 72 27
7 57 75 47 74 72 27

Left
04 15x
40 51x
Best: AND04: 1

Right
57 46x
75 64x
47 36x
74 63x
72 61x
27 16x
Best: AND57: 1

OR
01 10 1111111 a
12 21 1110101 5
23 32 1011110 5
34 43 1011111 6
45 54 0011101 4
56 65 1011111 6
67 76 1110111 6
70 07 1111111 a

02 20 1111111 a
13 31 1101111 6
24 42 1011101 5
35 53 1001110 4
46 64 1011111 6
57 75 0101110 4
60 06 1111111 a
71 17 0100111 4

03 30 1111111 a
14 41 0111101 5
25 52 1011100 4
36 63 1011111 6
47 74 0111011 5
50 05 1111111 a
61 16 1110111 6
72 27 1110110 5

04 40 1111111 a
15 51 0101101 4
26 62 1010111 5 match 2
37 73 1101110 5

Matching output
0 absent
1 absent
2 26 62
3 absent
4 absent
5 absent
6 absent
7 absent

Left
none
Best: none

Right
none
Best: none

XOR
01 10 1011010 4
12 21 1110001 4
23 32 0011010 3
34 43 1010111 5 match 2
45 54 0010101 3
56 65 1011011 5
67 76 1110101 5
70 07 1011101 5

02 20 0101011 4
13 31 1101011 5
24 42 1001101 4
35 53 1000010 2
46 64 1001110 4
57 75 0101110 4
60 06 0101000 2
71 17 0000111 3

03 30 0110001 3
14 41 0111100 4
25 52 1011000 3
36 63 0011001 3 match 0
47 74 0111011 5
50 05 1110011 5
61 16 1110010 4
72 27 1110110 5

04 40 1100110 4
15 51 0101001 3
26 62 0000011 2
37 73 1101100 4

Matching output
0 36 63
1 absent
2 34 43
3 absent
4 absent
5 absent
6 absent
7 absent

Left
36 47x
63 74x
Best: XOR36: 1

Right
none
Best: none

AND-NOT
01 1011010 4
12 0100001 2
23 0010000 1
34 1000110 3
45 0010001 2
56 0001000 1
67 1010101 4
70 0000000 a match 4 5 6 7

02 0101011 4
13 0100001 2
24 1000100 2
35 1000010 2
46 0001000 1
57 0001100 2 match 1
60 0000000 a match 4 5 6 7
71 0000010 1

03 0110001 3
14 0100100 2
25 1010000 2
36 0001000 1
47 0011001 3 match 0
50 0000000 a match 4 5 6 7
61 1010010 3
72 0100010 2 match 3

04 1100110 4
15 0100001 2
26 0000000 a match 4 5 6 7
37 1001100 3
40 0000000 a match 4 5 6 7
51 0001000 1
62 0000011 2
73 0100000 1

05 1110011 5
16 0100000 1
27 1010100 3
30 0000000 a match 4 5 6 7
41 0011000 2
52 0001000 1
63 0010001 2
74 0100010 2 match 3

06 0101000 2
17 0000101 2
20 0000000 a match 4 5 6 7
31 1001010 3
42 0001001 2
53 0000000 a match 4 5 6 7
64 1000110 3
75 0100010 2 match 3

07 1011101 5
10 0000000 a match 4 5 6 7
21 1010000 2
32 0001010 2
43 0010001 2
54 0000100 1
65 1010011 4
76 0100000 1

Matching output
0 47
1 57
2 absent
3 72 74 75
4 70 60 50 26 40 30 20 53 10
5 70 60 50 26 40 30 20 53 10
6 70 60 50 26 40 30 20 53 10
7 70 60 50 26 40 30 20 53 10

Left
47 50y
Best: AND-NOT47: 1

Right
70 67x
60 57y
50 47y
26 15x
40 37x
30 27x
20 17x
53 42x
10 07x
Best: AND-NOT70: 1

OR-NOT
01 1111111 a
12 0101111 5
23 1110101 5
34 1101110 5
45 1111011 6
56 0101100 3
67 1011111 6
70 0100010 2 match 3

02 1111111 a
13 0110101 4
24 1110110 5
35 1111111 a
46 0111001 4
57 1011101 5
60 1010111 5 match 2
71 1111010 5

03 1111111 a
14 1100111 5
25 1110111 6
36 1101110 5
47 1011101 5
50 0001100 2 match 1
61 1011111 6
72 0101011 4

04 1111111 a
15 1110111 6
26 1111100 5
37 1011111 6
40 0011001 3 match 0
51 1011110 5
62 1111111 a
73 0110011 4

05 1111111 a
16 0101101 4
27 1011101 5
30 1001110 4
41 1011011 5
52 0101111 5
63 1110111 6
74 1100110 4

06 1111111 a
17 1111101 6
20 1010100 3
31 1011110 5
42 0111011 5
53 0111101 5
64 1110111 6
75 1110011 5

07 1111111 a
10 0100101 3
21 1011110 5
32 1101111 6
43 0111001 4
54 1101110 5
65 1110111 6
76 0101010 3

Matching output
0 40
1 50
2 60
3 70
4 absent
5 absent
6 absent
7 absent

Left
40 51x
Best: OR-NOT40: 1

Right
none
Best: none

XOR-NOT
01 0100101 3
12 0001110 3
23 1100101 4
34 0101000 2
45 1101010 4
56 0100100 2
67 0001010 2
70 0100010 2 match 3

02 1010100 3
13 0010100 2
24 0110010 3
35 0111101 5
46 0110001 3
57 1010001 3
60 1010111 5 match 2
71 1111000 4

03 1001110 4
14 1000011 3
25 0100111 4
36 1100110 4
47 1000100 2
50 0001100 2 match 1
61 0001101 3
72 0001001 2

04 0011001 3 match 0
15 1010110 4
26 1111100 5
37 0010011 3
40 0011001 3 match 0
51 1010110 4
62 1111100 5
73 0010011 3

05 0001100 2 match 1
16 0001101 3
27 0001001 2
30 1001110 4
41 1000011 3
52 0100111 4
63 1100110 4
74 1000100 2

06 1010111 5 match 2
17 1111000 4
20 1010100 3
31 0010100 2
42 0110010 3
53 0111101 5
64 0110001 3
75 1010001 3

07 0100010 2 match 3
10 0100101 3
21 0001110 3
32 1100101 4
43 0101000 2
54 1101010 4
65 0100100 2
76 0001010 2

Matching output
0 04 40
1 50 05
2 60 06
3 70 07
4 absent
5 absent
6 absent
7 absent

Left
04 15x
40 51x
Best: XOR-NOT04: 1

Right
none
Best: none

Selecting

Lefts
Identity I4 5 6 7: 4
NOT none
Constant none
AND AND04: 1
OR none
XOR XOR36: 1
AND-NOT AND-NOT47: 1
OR-NOT OR-NOT40: 1
XOR-NOT XOR-NOT04: 1

Rights
Identity none
NOT NOT0: 1
Constant C0 0 0 0: 4
AND AND57: 1
OR none
XOR none
AND-NOT AND-NOT70: 1
OR-NOT none
XOR-NOT none

Left longest: 4
Right longest: 4

Left winner: Identity yes, NOT no, Constant no, AND no, OR no, XOR no, AND-NOT no, OR-NOT no, XOR-NOT no
Right winner: Identity no, NOT no, Constant yes, AND no, OR no, XOR no, AND-NOT no, OR-NOT no, XOR-NOT no

Best left: I4 5 6 7: 4
Best right: C0 0 0 0: 4

Truncated left: I4 5 6 7: 4
Truncated right: C0 0 0 0: 4

Tentative from right
7 C0
6 C0
5 C0
4 C0
3 pending
2 pending
1 pending
0 pending

Tentative
0 I4
1 I5
2 I6
3 I7
4 C0
5 C0
6 C0
7 C0

Preferred from left
0 I4
1 I5
2 I6
3 I7
4 C0
5 C0
6 C0
7 C0

Preferred from right
7 C0
6 C0
5 C0
4 C0
3 I7
2 I6
1 I5
0 I4

Preferred
0 I4
1 I5
2 I6
3 I7
4 C0
5 C0
6 C0
7 C0

Matching
0 I4
1 I5
2 I6
3 I7
4 C0
5 C0
6 C0
7 C0

Perfect match
Identity no
NOT no
Constant no
AND no
OR no
XOR no
AND-NOT no
OR-NOT no
XOR-NOT no

Matched
0 I4
1 I5
2 I6
3 I7
4 C0
5 C0
6 C0
7 C0

Selected
0 I4
1 I5
2 I6
3 I7
4 C0
5 C0
6 C0
7 C0

Applying to 00101011
Input
0 0
1 0
2 1
3 0
4 1
5 0
6 1
7 1
Output
0 I4 = 1
1 I5 = 0
2 I6 = 1
3 I7 = 1
4 C0 = 0
5 C0 = 0
6 C0 = 0
7 C0 = 0

I will now return the answer in \boxed{}
The answer in \boxed{–} is \boxed{10110000}
[correct]
true
