[category]
bit_manipulation
[prompt]
In Alice's Wonderland, a secret bit manipulation rule transforms 8-bit binary numbers. The transformation involves operations like bit shifts, rotations, XOR, AND, OR, NOT, and possibly majority or choice functions.

Here are some examples of input -> output:
01101011 -> 10000101
10101010 -> 11110101
00001001 -> 10010100
11011100 -> 10101110
01011010 -> 10001101
01001010 -> 10000101
10010010 -> 01101001
01100001 -> 00100000

Now, determine the output for: 10100100
[completion]
We need to deduce the transformation by matching the example outputs.
I will put my final answer inside \boxed{}.

Output 0: 10000101
0 1
1 0
2 0
3 0
4 0
5 1
6 0
7 1

Output 1: 11110101
0 1
1 1
2 1
3 1
4 0
5 1
6 0
7 1

Output 2: 10010100
0 1
1 0
2 0
3 1
4 0
5 1
6 0
7 0

Output 3: 10101110
0 1
1 0
2 1
3 0
4 1
5 1
6 1
7 0

Output 4: 10001101
0 1
1 0
2 0
3 0
4 1
5 1
6 0
7 1

Output 5: 10000101
0 1
1 0
2 0
3 0
4 0
5 1
6 0
7 1

Output 6: 01101001
0 0
1 1
2 1
3 0
4 1
5 0
6 0
7 1

Output 7: 00100000
0 0
1 0
2 1
3 0
4 0
5 0
6 0
7 0

Output bit columns (with bitsum as hash)
0 11111100 6
1 01000010 2
2 01010011 4
3 01100000 2
4 00011010 3
5 11111100 6
6 00010000 1
7 11001110 5

Input 0: 01101011
0 0
1 1
2 1
3 0
4 1
5 0
6 1
7 1

Input 1: 10101010
0 1
1 0
2 1
3 0
4 1
5 0
6 1
7 0

Input 2: 00001001
0 0
1 0
2 0
3 0
4 1
5 0
6 0
7 1

Input 3: 11011100
0 1
1 1
2 0
3 1
4 1
5 1
6 0
7 0

Input 4: 01011010
0 0
1 1
2 0
3 1
4 1
5 0
6 1
7 0

Input 5: 01001010
0 0
1 1
2 0
3 0
4 1
5 0
6 1
7 0

Input 6: 10010010
0 1
1 0
2 0
3 1
4 0
5 0
6 1
7 0

Input 7: 01100001
0 0
1 1
2 1
3 0
4 0
5 0
6 0
7 1

When matching output
x: not in operator
y: wrong position

Identity
0 01010010 3
1 10011101 5
2 11000001 3
3 00011010 3 match 4
4 11111100 6 match 0 5
5 00010000 1 match 6
6 11001110 5 match 7
7 10100001 3

Matching output
0 4
1 absent
2 absent
3 absent
4 3
5 4
6 5
7 6

Left
4 5y
Best: I4: 1

Right
6 5 4 3 2x
Best: I6 5 4 3: 4

NOT
0 10101101 5
1 01100010 3
2 00111110 5
3 11100101 5
4 00000011 2
5 11101111 7
6 00110001 3
7 01011110 5

Matching output
0 absent
1 absent
2 absent
3 absent
4 absent
5 absent
6 absent
7 absent

Left
none
Best: none

Right
none
Best: none

Constant
0 00000000 a
1 11111111 a

Matching output
0 absent
1 absent
2 absent
3 absent
4 absent
5 absent
6 absent
7 absent

Left
none
Best: none

Right
none
Best: none

AND
01 10 00010000 1 match 6
12 21 10000001 2
23 32 00000000 a
34 43 00011000 2
45 54 00010000 1 match 6
56 65 00000000 a
67 76 10000000 1
70 07 00000000 a

02 20 01000000 1
13 31 00011000 2
24 42 11000000 2
35 53 00010000 1 match 6
46 64 11001100 4
57 75 00000000 a
60 06 01000010 2 match 1
71 17 10000001 2

03 30 00010010 2
14 41 10011100 4
25 52 00000000 a
36 63 00001010 2
47 74 10100000 2
50 05 00010000 1 match 6
61 16 10001100 3
72 27 10000001 2

04 40 01010000 2
15 51 00010000 1 match 6
26 62 11000000 2
37 73 00000000 a

Matching output
0 absent
1 60 06
2 absent
3 absent
4 absent
5 absent
6 01 10 45 54 35 53 50 05 15 51
7 absent

Left
none
Best: none

Right
none
Best: none

OR
01 10 11011111 7
12 21 11011101 6
23 32 11011011 6
34 43 11111110 7
45 54 11111100 6 match 0 5
56 65 11011110 6
67 76 11101111 7
70 07 11110011 6

02 20 11010011 5
13 31 10011111 6
24 42 11111101 7
35 53 00011010 3 match 4
46 64 11111110 7
57 75 10110001 4
60 06 11011110 6
71 17 10111101 6

03 30 01011010 4
14 41 11111101 7
25 52 11010001 4
36 63 11011110 6
47 74 11111101 7
50 05 01010010 3
61 16 11011111 7
72 27 11100001 4

04 40 11111110 7
15 51 10011101 5
26 62 11001111 6
37 73 10111011 6

Matching output
0 45 54
1 absent
2 absent
3 absent
4 35 53
5 45 54
6 absent
7 absent

Left
45 56x
54 65x
Best: OR45: 1

Right
none
Best: none

XOR
01 10 11001111 6
12 21 01011100 4
23 32 11011011 6
34 43 11100110 5
45 54 11101100 5
56 65 11011110 6
67 76 01101111 6
70 07 11110011 6

02 20 10010011 4
13 31 10000111 4
24 42 00111101 5
35 53 00001010 2
46 64 00110010 3
57 75 10110001 4
60 06 10011100 4
71 17 00111100 4

03 30 01001000 2
14 41 01100001 3
25 52 11010001 4
36 63 11010100 4
47 74 01011101 5
50 05 01000010 2 match 1
61 16 01010011 4 match 2
72 27 01100000 2 match 3

04 40 10101110 5
15 51 10001101 4
26 62 00001111 4
37 73 10111011 6

Matching output
0 absent
1 50 05
2 61 16
3 72 27
4 absent
5 absent
6 absent
7 absent

Left
none
Best: none

Right
none
Best: none

AND-NOT
01 01000010 2 match 1
12 00011100 3
23 11000001 3
34 00000010 1
45 11101100 5
56 00010000 1 match 6
67 01001110 4
70 10100001 3

02 00010010 2
13 10000101 3
24 00000001 1
35 00001010 2
46 00110000 2
57 00010000 1 match 6
60 10001100 3
71 00100000 1

03 01000000 1
14 00000001 1
25 11000001 3
36 00010000 1 match 6
47 01011100 4
50 00000000 a
61 01000010 2 match 1
72 00100000 1

04 00000010 1
15 10001101 4
26 00000001 1
37 00011010 3 match 4
40 10101100 4
51 00000000 a
62 00001110 3
73 10100001 3

05 01000010 2 match 1
16 00010001 2
27 01000000 1
30 00001000 1
41 01100000 2 match 3
52 00010000 1 match 6
63 11000100 3
74 00000001 1

06 00010000 1 match 6
17 00011100 3
20 10000001 2
31 00000010 1
42 00111100 4
53 00000000 a
64 00000010 1
75 10100001 3

07 01010010 3
10 10001101 4
21 01000000 1
32 00011010 3 match 4
43 11100100 4
54 00000000 a
65 11001110 5 match 7
76 00100001 2

Matching output
0 absent
1 01 61 05
2 absent
3 41
4 37 32
5 absent
6 56 57 36 52 06
7 65

Left
none
Best: none

Right
65 54x
Best: AND-NOT65: 1

OR-NOT
01 01110010 4
12 10111111 7
23 11100101 5
34 00011011 4
45 11111111 a
56 00110001 3
67 11011110 6
70 10101101 5

02 01111110 6
13 11111101 7
24 11000011 4
35 11111111 a
46 11111101 7
57 01011110 5
60 11101111 7
71 11100011 5

03 11110111 7
14 10011111 6
25 11101111 7
36 00111011 5
47 11111110 7
50 10111101 6
61 11101110 6
72 10111111 7

04 01010011 4 match 2
15 11111111 a
26 11110001 5
37 01011110 5
40 11111101 7
51 01110010 4
62 11111110 7
73 11100101 5

05 11111111 a
16 10111101 6
27 11011111 7
30 10111111 7
41 11111110 7
52 00111110 5
63 11101111 7
74 10100011 4

06 01110011 5
17 11011111 7
20 11101101 6
31 01111010 5
42 11111110 7
53 11110101 6
64 11001111 6
75 11101111 7

07 01011110 5
10 10111101 6
21 11100011 5
32 00111110 5
43 11111101 7
54 00010011 3
65 11101111 7
76 10110001 4

Matching output
0 absent
1 absent
2 04
3 absent
4 absent
5 absent
6 absent
7 absent

Left
none
Best: none

Right
none
Best: none

XOR-NOT
01 00110000 2
12 10100011 4
23 00100100 2
34 00011001 3
45 00010011 3
56 00100001 2
67 10010000 2
70 00001100 2

02 01101100 4
13 01111000 4
24 11000010 3
35 11110101 6
46 11001101 5
57 01001110 4
60 01100011 4
71 11000011 4

03 10110111 6
14 10011110 5
25 00101110 4
36 00101011 4
47 10100010 3
50 10111101 6
61 10101100 4
72 10011111 6

04 01010001 3
15 01110010 4
26 11110000 4
37 01000100 2
40 01010001 3
51 01110010 4
62 11110000 4
73 01000100 2

05 10111101 6
16 10101100 4
27 10011111 6
30 10110111 6
41 10011110 5
52 00101110 4
63 00101011 4
74 10100010 3

06 01100011 4
17 11000011 4
20 01101100 4
31 01111000 4
42 11000010 3
53 11110101 6
64 11001101 5
75 01001110 4

07 00001100 2
10 00110000 2
21 10100011 4
32 00100100 2
43 00011001 3
54 00010011 3
65 00100001 2
76 10010000 2

Matching output
0 absent
1 absent
2 absent
3 absent
4 absent
5 absent
6 absent
7 absent

Left
none
Best: none

Right
none
Best: none

Selecting

Lefts
Identity I4: 1
NOT none
Constant none
AND none
OR OR45: 1
XOR none
AND-NOT none
OR-NOT none
XOR-NOT none

Rights
Identity I6 5 4 3: 4
NOT none
Constant none
AND none
OR none
XOR none
AND-NOT AND-NOT65: 1
OR-NOT none
XOR-NOT none

Left longest: 1
Right longest: 4

Right winner: Identity yes, NOT no, Constant no, AND no, OR no, XOR no, AND-NOT no, OR-NOT no, XOR-NOT no
Left winner: Identity yes, NOT no, Constant no, AND no, OR no, XOR no, AND-NOT no, OR-NOT no, XOR-NOT no

Best right: I6 5 4 3: 4
Best left: I4: 1

Truncated right: I6 5 4 3: 4
Truncated left: I4: 1

Tentative from right
7 I6
6 I5
5 I4
4 I3
3 pending
2 pending
1 pending
0 pending

Tentative
0 I4
1 pending
2 pending
3 pending
4 I3
5 I4
6 I5
7 I6

Preferred from right
7 I6
6 I5
5 I4
4 I3
3 ??2
2 ??1
1 ??0
0 I4

Preferred from left
0 I4
1 ?50
2 ?61
3 ?72
4 I3
5 I4
6 I5
7 I6

Preferred
0 I4
1 ?50 ?05
2 ?61 ?16
3 ?72 ?27
4 I3
5 I4
6 I5
7 I6

Matching
0 I4
1 ?50 ?05 - Identity absent, NOT absent, Constant absent, AND absent, OR absent, XOR50, AND-NOT05, OR-NOT absent, XOR-NOT absent
2 ?61 ?16 - Identity absent, NOT absent, Constant absent, AND absent, OR absent, XOR61, AND-NOT absent, OR-NOT absent, XOR-NOT absent
3 ?72 ?27 - Identity absent, NOT absent, Constant absent, AND absent, OR absent, XOR72, AND-NOT absent, OR-NOT absent, XOR-NOT absent
4 I3
5 I4
6 I5
7 I6

Perfect match
Identity no
NOT no
Constant no
AND no
OR no
XOR yes
AND-NOT no
OR-NOT no
XOR-NOT no

Matched
0 I4
1 XOR50
2 XOR61
3 XOR72
4 I3
5 I4
6 I5
7 I6

Selected
0 I4
1 XOR50
2 XOR61
3 XOR72
4 I3
5 I4
6 I5
7 I6

Applying to 10100100
Input
0 1
1 0
2 1
3 0
4 0
5 1
6 0
7 0
Output
0 I4 = 0
1 XOR50 = XOR(1,1) = 0
2 XOR61 = XOR(0,0) = 0
3 XOR72 = XOR(0,1) = 1
4 I3 = 0
5 I4 = 0
6 I5 = 1
7 I6 = 0

I will now return the answer in \boxed{}
The answer in \boxed{–} is \boxed{00010010}
[correct]
true
