[category]
bit_manipulation
[prompt]
In Alice's Wonderland, a secret bit manipulation rule transforms 8-bit binary numbers. The transformation involves operations like bit shifts, rotations, XOR, AND, OR, NOT, and possibly majority or choice functions.

Here are some examples of input -> output:
01100111 -> 11111001
11100001 -> 00011000
00110000 -> 00001100
01111110 -> 11011111
11101110 -> 11111011
01101000 -> 00011010
11000001 -> 00010000
10000010 -> 01100000
00111110 -> 11001111

Now, determine the output for: 00000111
[completion]
We need to deduce the transformation by matching the example outputs.
I will put my final answer inside \boxed{}.

Output 0: 11111001
0 1
1 1
2 1
3 1
4 1
5 0
6 0
7 1

Output 1: 00011000
0 0
1 0
2 0
3 1
4 1
5 0
6 0
7 0

Output 2: 00001100
0 0
1 0
2 0
3 0
4 1
5 1
6 0
7 0

Output 3: 11011111
0 1
1 1
2 0
3 1
4 1
5 1
6 1
7 1

Output 4: 11111011
0 1
1 1
2 1
3 1
4 1
5 0
6 1
7 1

Output 5: 00011010
0 0
1 0
2 0
3 1
4 1
5 0
6 1
7 0

Output 6: 00010000
0 0
1 0
2 0
3 1
4 0
5 0
6 0
7 0

Output 7: 01100000
0 0
1 1
2 1
3 0
4 0
5 0
6 0
7 0

Output 8: 11001111
0 1
1 1
2 0
3 0
4 1
5 1
6 1
7 1

Output bit columns (with bitsum as hash)
0 100110001 4
1 100110011 5
2 100010010 3
3 110111100 6
4 111111001 7
5 001100001 3
6 000111001 4
7 100110001 4

Input 0: 01100111
0 0
1 1
2 1
3 0
4 0
5 1
6 1
7 1

Input 1: 11100001
0 1
1 1
2 1
3 0
4 0
5 0
6 0
7 1

Input 2: 00110000
0 0
1 0
2 1
3 1
4 0
5 0
6 0
7 0

Input 3: 01111110
0 0
1 1
2 1
3 1
4 1
5 1
6 1
7 0

Input 4: 11101110
0 1
1 1
2 1
3 0
4 1
5 1
6 1
7 0

Input 5: 01101000
0 0
1 1
2 1
3 0
4 1
5 0
6 0
7 0

Input 6: 11000001
0 1
1 1
2 0
3 0
4 0
5 0
6 0
7 1

Input 7: 10000010
0 1
1 0
2 0
3 0
4 0
5 0
6 1
7 0

Input 8: 00111110
0 0
1 0
2 1
3 1
4 1
5 1
6 1
7 0

When matching output
x: not in operator
y: wrong position

Identity
0 010010110 4
1 110111100 6 match 3
2 111111001 7 match 4
3 001100001 3 match 5
4 000111001 4 match 6
5 100110001 4 match 0 7
6 100110011 5 match 1
7 110000100 3

Matching output
0 5
1 6
2 absent
3 1
4 2
5 3
6 4
7 5

Left
5 6 7x
Best: I5 6: 2

Right
5 4 3 2 1 0x
Best: I5 4 3 2 1: 5

NOT
0 101101001 5
1 001000011 3
2 000000110 2
3 110011110 6
4 111000110 5
5 011001110 5
6 011001100 4
7 001111011 6

Matching output
0 absent
1 absent
2 absent
3 absent
4 absent
5 absent
6 absent
7 absent

Left
none
Best: none

Right
none
Best: none

Constant
0 000000000 a
1 111111111 a

Matching output
0 absent
1 absent
2 absent
3 absent
4 absent
5 absent
6 absent
7 absent

Left
none
Best: none

Right
none
Best: none

AND
01 10 010010100 3
12 21 110111000 5
23 32 001100001 3 match 5
34 43 000100001 2
45 54 000110001 3
56 65 100110001 4 match 0 7
67 76 100000000 1
70 07 010000100 2

02 20 010010000 2
13 31 000100000 1
24 42 000111001 4 match 6
35 53 000100001 2
46 64 000110001 3
57 75 100000000 1
60 06 000010010 2
71 17 110000100 3

03 30 000000000 a
14 41 000111000 3
25 52 100110001 4 match 0 7
36 63 000100001 2
47 74 000000000 a
50 05 000010000 1
61 16 100110000 3
72 27 110000000 2

04 40 000010000 1
15 51 100110000 3
26 62 100110001 4 match 0 7
37 73 000000000 a

Matching output
0 56 65 25 52 26 62
1 absent
2 absent
3 absent
4 absent
5 23 32
6 24 42
7 56 65 25 52 26 62

Left
56 67x
65 76x
25 36x
52 63x
26 37x
62 73x
Best: AND56: 1

Right
56 45x
65 54x
25 14x
52 41x
26 15x
62 51x
Best: AND56: 1

OR
01 10 110111110 7
12 21 111111101 8
23 32 111111001 7 match 4
34 43 001111001 5
45 54 100111001 5
56 65 100110011 5 match 1
67 76 110110111 7
70 07 110010110 5

02 20 111111111 a
13 31 111111101 8
24 42 111111001 7 match 4
35 53 101110001 5
46 64 100111011 6
57 75 110110101 6
60 06 110110111 7
71 17 110111100 6 match 3

03 30 011110111 7
14 41 110111101 7
25 52 111111001 7 match 4
36 63 101110011 6
47 74 110111101 7
50 05 110110111 7
61 16 110111111 8
72 27 111111101 8

04 40 010111111 7
15 51 110111101 7
26 62 111111011 8
37 73 111100101 6

Matching output
0 absent
1 56 65
2 absent
3 71 17
4 23 32 24 42 25 52
5 absent
6 absent
7 absent

Left
none
Best: none

Right
none
Best: none

XOR
01 10 100101010 4
12 21 001000101 3
23 32 110011000 4
34 43 001011000 3
45 54 100001000 2
56 65 000000010 1
67 76 010110111 6
70 07 100010010 3 match 2

02 20 101101111 7
13 31 111011101 7
24 42 111000000 3
35 53 101010000 3
46 64 100001010 3
57 75 010110101 5
60 06 110100101 5
71 17 000111000 3

03 30 011110111 7
14 41 110000101 4
25 52 011001000 3
36 63 101010010 4
47 74 110111101 7
50 05 110100111 6
61 16 010001111 5
72 27 001111101 6

04 40 010101111 6
15 51 010001101 4
26 62 011001010 4
37 73 111100101 6

Matching output
0 absent
1 absent
2 70 07
3 absent
4 absent
5 absent
6 absent
7 absent

Left
none
Best: none

Right
none
Best: none

AND-NOT
01 000000010 1
12 000000100 1
23 110011000 4
34 001000000 1
45 000001000 1
56 000000000 a
67 000110011 4
70 100000000 1

02 000000110 2
13 110011100 5
24 111000000 3
35 001000000 1
46 000001000 1
57 000110001 3
60 100100001 3
71 000000000 a

03 010010110 4
14 110000100 3
25 011001000 3
36 001000000 1
47 000111001 4 match 6
50 100100001 3
61 000000011 2
72 000000100 1

04 010000110 3
15 010001100 3
26 011001000 3
37 001100001 3 match 5
40 000101001 3
51 000000001 1
62 000000010 1
73 110000100 3

05 010000110 3
16 010001100 3
27 001111001 5
30 001100001 3 match 5
41 000000001 1
52 000000000 a
63 100010010 3 match 2
74 110000100 3

06 010000100 2
17 000111000 3
20 101101001 5
31 001000001 2
42 000000000 a
53 100010000 2
64 100000010 2
75 010000100 2

07 000010010 2
10 100101000 3
21 001000001 2
32 000000000 a
43 000011000 2
54 100000000 1
65 000000010 1
76 010000100 2

Matching output
0 absent
1 absent
2 63
3 absent
4 absent
5 37 30
6 47
7 absent

Left
none
Best: none

Right
none
Best: none

OR-NOT
01 011010111 6
12 110111110 7
23 111111111 a
34 111100111 7
45 011111111 8
56 111111101 8
67 101111011 7
70 111101101 7

02 010010110 4
13 110111110 7
24 111111111 a
35 011101111 7
46 011111101 7
57 101111011 7
60 101111011 7
71 111000111 6

03 110011110 6
14 111111110 8
25 111111111 a
36 011101101 6
47 001111011 6
50 101111001 6
61 101110011 6
72 110000110 4

04 111010110 6
15 111111110 8
26 111111101 8
37 001111011 6
40 101111001 6
51 101110011 6
62 100110111 6
73 110011110 6

05 011011110 6
16 111111100 7
27 111111011 8
30 101101001 5
41 001111011 6
52 100110111 6
63 110111111 8
74 111000110 5

06 011011110 6
17 111111111 a
20 111111001 7 match 4
31 001100011 4
42 000111111 6
53 110111111 8
64 111110111 8
75 111001110 6

07 011111111 8
10 111111101 8
21 111111011 8
32 001100111 5
43 110111111 8
54 111110111 8
65 111111111 a
76 111001100 5

Matching output
0 absent
1 absent
2 absent
3 absent
4 20
5 absent
6 absent
7 absent

Left
none
Best: none

Right
none
Best: none

XOR-NOT
01 011010101 5
12 110111010 6
23 001100111 5
34 110100111 6
45 011110111 7
56 111111101 8
67 101001000 3
70 011101101 6

02 010010000 2
13 000100010 2
24 000111111 6
35 010101111 6
46 011110101 6
57 101001010 4
60 001011010 4
71 111000111 6

03 100001000 2
14 001111010 5
25 100110111 6
36 010101101 5
47 001000010 2
50 001011000 3
61 101110000 4
72 110000010 3

04 101010000 3
15 101110010 5
26 100110101 5
37 000011010 3
40 101010000 3
51 101110010 5
62 100110101 5
73 000011010 3

05 001011000 3
16 101110000 4
27 110000010 3
30 100001000 2
41 001111010 5
52 100110111 6
63 010101101 5
74 001000010 2

06 001011010 4
17 111000111 6
20 010010000 2
31 000100010 2
42 000111111 6
53 010101111 6
64 011110101 6
75 101001010 4

07 011101101 6
10 011010101 5
21 110111010 6
32 001100111 5
43 110100111 6
54 011110111 7
65 111111101 8
76 101001000 3

Matching output
0 absent
1 absent
2 absent
3 absent
4 absent
5 absent
6 absent
7 absent

Left
none
Best: none

Right
none
Best: none

Selecting

Lefts
Identity I5 6: 2
NOT none
Constant none
AND AND56: 1
OR none
XOR none
AND-NOT none
OR-NOT none
XOR-NOT none

Rights
Identity I5 4 3 2 1: 5
NOT none
Constant none
AND AND56: 1
OR none
XOR none
AND-NOT none
OR-NOT none
XOR-NOT none

Left longest: 2
Right longest: 5

Right winner: Identity yes, NOT no, Constant no, AND no, OR no, XOR no, AND-NOT no, OR-NOT no, XOR-NOT no
Left winner: Identity yes, NOT no, Constant no, AND no, OR no, XOR no, AND-NOT no, OR-NOT no, XOR-NOT no

Best right: I5 4 3 2 1: 5
Best left: I5 6: 2

Truncated right: I5 4 3 2 1: 5
Truncated left: I5 6: 2

Tentative from right
7 I5
6 I4
5 I3
4 I2
3 I1
2 pending
1 pending
0 pending

Tentative
0 I5
1 I6
2 pending
3 I1
4 I2
5 I3
6 I4
7 I5

Preferred from right
7 I5
6 I4
5 I3
4 I2
3 I1
2 ??0
1 I6
0 I5

Preferred from left
0 I5
1 I6
2 ?70
3 I1
4 I2
5 I3
6 I4
7 I5

Preferred
0 I5
1 I6
2 ?70 ?07
3 I1
4 I2
5 I3
6 I4
7 I5

Matching
0 I5
1 I6
2 ?70 ?07 - Identity absent, NOT absent, Constant absent, AND absent, OR absent, XOR70, AND-NOT absent, OR-NOT absent, XOR-NOT absent
3 I1
4 I2
5 I3
6 I4
7 I5

Perfect match
Identity no
NOT no
Constant no
AND no
OR no
XOR yes
AND-NOT no
OR-NOT no
XOR-NOT no

Matched
0 I5
1 I6
2 XOR70
3 I1
4 I2
5 I3
6 I4
7 I5

Selected
0 I5
1 I6
2 XOR70
3 I1
4 I2
5 I3
6 I4
7 I5

Applying to 00000111
Input
0 0
1 0
2 0
3 0
4 0
5 1
6 1
7 1
Output
0 I5 = 1
1 I6 = 1
2 XOR70 = XOR(1,0) = 1
3 I1 = 0
4 I2 = 0
5 I3 = 0
6 I4 = 0
7 I5 = 1

I will now return the answer in \boxed{}
The answer in \boxed{–} is \boxed{11100001}
[correct]
true
