[category]
bit_manipulation
[prompt]
In Alice's Wonderland, a secret bit manipulation rule transforms 8-bit binary numbers. The transformation involves operations like bit shifts, rotations, XOR, AND, OR, NOT, and possibly majority or choice functions.

Here are some examples of input -> output:
11100011 -> 11111000
10101010 -> 10101010
01111111 -> 11011111
00011001 -> 01000110
01111100 -> 00011111
00010100 -> 00000101
00111011 -> 11001110
10011101 -> 01100111

Now, determine the output for: 11111111
[completion]
We need to deduce the transformation by matching the example outputs.
I will put my final answer inside \boxed{}.

Output 0: 11111000
0 1
1 1
2 1
3 1
4 1
5 0
6 0
7 0

Output 1: 10101010
0 1
1 0
2 1
3 0
4 1
5 0
6 1
7 0

Output 2: 11011111
0 1
1 1
2 0
3 1
4 1
5 1
6 1
7 1

Output 3: 01000110
0 0
1 1
2 0
3 0
4 0
5 1
6 1
7 0

Output 4: 00011111
0 0
1 0
2 0
3 1
4 1
5 1
6 1
7 1

Output 5: 00000101
0 0
1 0
2 0
3 0
4 0
5 1
6 0
7 1

Output 6: 11001110
0 1
1 1
2 0
3 0
4 1
5 1
6 1
7 0

Output 7: 01100111
0 0
1 1
2 1
3 0
4 0
5 1
6 1
7 1

Output bit columns (with bitsum as hash)
0 11100010 4
1 10110011 5
2 11000001 3
3 10101000 3
4 11101010 5
5 00111111 6
6 01111011 6
7 00101101 4

Input 0: 11100011
0 1
1 1
2 1
3 0
4 0
5 0
6 1
7 1

Input 1: 10101010
0 1
1 0
2 1
3 0
4 1
5 0
6 1
7 0

Input 2: 01111111
0 0
1 1
2 1
3 1
4 1
5 1
6 1
7 1

Input 3: 00011001
0 0
1 0
2 0
3 1
4 1
5 0
6 0
7 1

Input 4: 01111100
0 0
1 1
2 1
3 1
4 1
5 1
6 0
7 0

Input 5: 00010100
0 0
1 0
2 0
3 1
4 0
5 1
6 0
7 0

Input 6: 00111011
0 0
1 0
2 1
3 1
4 1
5 0
6 1
7 1

Input 7: 10011101
0 1
1 0
2 0
3 1
4 1
5 1
6 0
7 1

When matching output
x: not in operator
y: wrong position

Identity
0 11000001 3 match 2
1 10101000 3 match 3
2 11101010 5 match 4
3 00111111 6 match 5
4 01111011 6 match 6
5 00101101 4 match 7
6 11100010 4 match 0
7 10110011 5 match 1

Matching output
0 6
1 7
2 0
3 1
4 2
5 3
6 4
7 5

Left
6 7 0 1 2 3 4 5
Best: I6 7 0 1 2 3 4 5: 8

Right
5 4 3 2 1 0 7 6
Best: I5 4 3 2 1 0 7 6: 8

NOT
0 00111110 5
1 01010111 5
2 00010101 3
3 11000000 2
4 10000100 2
5 11010010 4
6 00011101 4
7 01001100 3

Matching output
0 absent
1 absent
2 absent
3 absent
4 absent
5 absent
6 absent
7 absent

Left
none
Best: none

Right
none
Best: none

Constant
0 00000000 a
1 11111111 a

Matching output
0 absent
1 absent
2 absent
3 absent
4 absent
5 absent
6 absent
7 absent

Left
none
Best: none

Right
none
Best: none

AND
01 10 10000000 1
12 21 10101000 3 match 3
23 32 00101010 3
34 43 00111011 5
45 54 00101001 3
56 65 00100000 1
67 76 10100010 3
70 07 10000001 2

02 20 11000000 2
13 31 00101000 2
24 42 01101010 4
35 53 00101101 4 match 7
46 64 01100010 3
57 75 00100001 2
60 06 11000000 2
71 17 10100000 2

03 30 00000001 1
14 41 00101000 2
25 52 00101000 2
36 63 00100010 2
47 74 00110011 4
50 05 00000001 1
61 16 10100000 2
72 27 10100010 3

04 40 01000001 2
15 51 00101000 2
26 62 11100010 4 match 0
37 73 00110011 4

Matching output
0 26 62
1 absent
2 absent
3 12 21
4 absent
5 absent
6 absent
7 35 53

Left
26 37x
62 73x
Best: AND26: 1

Right
35 24x
53 42x
Best: AND35: 1

OR
01 10 11101001 5
12 21 11101010 5 match 4
23 32 11111111 a
34 43 01111111 7
45 54 01111111 7
56 65 11101111 7
67 76 11110011 6
70 07 11110011 6

02 20 11101011 6
13 31 10111111 7
24 42 11111011 7
35 53 00111111 6 match 5
46 64 11111011 7
57 75 10111111 7
60 06 11100011 5
71 17 10111011 6

03 30 11111111 a
14 41 11111011 7
25 52 11101111 7
36 63 11111111 a
47 74 11111011 7
50 05 11101101 6
61 16 11101010 5 match 4
72 27 11111011 7

04 40 11111011 7
15 51 10101101 5
26 62 11101010 5 match 4
37 73 10111111 7

Matching output
0 absent
1 absent
2 absent
3 absent
4 12 21 61 16 26 62
5 35 53
6 absent
7 absent

Left
none
Best: none

Right
none
Best: none

XOR
01 10 01101001 4
12 21 01000010 2
23 32 11010101 5
34 43 01000100 2
45 54 01010110 4
56 65 11001111 6
67 76 01010001 3
70 07 01110010 4

02 20 00101011 4
13 31 10010111 5
24 42 10010001 3
35 53 00010010 2
46 64 10011001 4
57 75 10011110 5
60 06 00100011 3
71 17 00011011 4

03 30 11111110 7
14 41 11010011 5
25 52 11000111 5
36 63 11011101 6
47 74 11001000 3
50 05 11101100 5
61 16 01001010 3
72 27 01011001 4

04 40 10111010 5
15 51 10000101 3
26 62 00001000 1
37 73 10001100 3

Matching output
0 absent
1 absent
2 absent
3 absent
4 absent
5 absent
6 absent
7 absent

Left
none
Best: none

Right
none
Best: none

AND-NOT
01 01000001 2
12 00000000 a
23 11000000 2
34 00000100 1
45 01010010 3
56 00001101 3
67 01000000 1
70 00110010 3

02 00000001 1
13 10000000 1
24 10000000 1
35 00010010 2
46 00011001 3
57 00001100 2
60 00100010 2
71 00010011 3

03 11000000 2
14 10000000 1
25 11000010 3
36 00011101 4
47 01001000 2
50 00101100 3
61 01000010 2
72 00010001 2

04 10000000 1
15 10000000 1
26 00001000 1
37 00001100 2
40 00111010 4
51 00000101 2
62 00000000 a
73 10000000 1

05 11000000 2
16 00001000 1
27 01001000 2
30 00111110 5
41 01010011 4
52 00000101 2
63 11000000 2
74 10000000 1

06 00000001 1
17 00001000 1
20 00101010 3
31 00010111 4
42 00010001 2
53 00000000 a
64 10000000 1
75 10010010 3

07 01000000 1
10 00101000 2
21 01000010 2
32 00010101 3
43 01000000 1
54 00000100 1
65 11000010 3
76 00010001 2

Matching output
0 absent
1 absent
2 absent
3 absent
4 absent
5 absent
6 absent
7 absent

Left
none
Best: none

Right
none
Best: none

OR-NOT
01 11010111 6
12 10111101 6
23 11101010 5 match 4
34 10111111 7
45 11111011 7
56 00111101 5
67 11101110 6
70 10111111 7

02 11010101 5
13 11101000 4
24 11101110 6
35 11111111 a
46 01111111 7
57 01101101 5
60 11111110 7
71 11110111 7

03 11000001 3 match 2
14 10101100 4
25 11111010 6
36 00111111 6 match 5
47 01111111 7
50 00111111 6 match 5
61 11110111 7
72 10110111 6

04 11000101 4
15 11111010 6
26 11111111 a
37 01111111 7
40 01111111 7
51 01111111 7
62 11110111 7
73 11110011 6

05 11010011 5
16 10111101 6
27 11101110 6
30 00111111 6 match 5
41 01111111 7
52 00111101 5
63 11100010 4 match 0
74 10110111 6

06 11011101 6
17 11101100 5
20 11111110 7
31 01111111 7
42 01111111 7
53 11101101 6
64 11100110 5
75 11110011 6

07 11001101 5
10 10111110 6
21 11111111 a
32 00111111 6 match 5
43 11111011 7
54 10101101 5
65 11110010 5
76 10111111 7

Matching output
0 63
1 absent
2 03
3 absent
4 23
5 36 50 30 32
6 absent
7 absent

Left
63 74x
Best: OR-NOT63: 1

Right
none
Best: none

XOR-NOT
01 10010110 4
12 10111101 6
23 00101010 3
34 10111011 6
45 10101001 4
56 00110000 2
67 10101110 5
70 10001101 4

02 11010100 4
13 01101000 3
24 01101110 5
35 11101101 6
46 01100110 4
57 01100001 3
60 11011100 5
71 11100100 4

03 00000001 1
14 00101100 3
25 00111000 3
36 00100010 2
47 00110111 5
50 00010011 3
61 10110101 5
72 10100110 4

04 01000101 3
15 01111010 5
26 11110111 7
37 01110011 5
40 01000101 3
51 01111010 5
62 11110111 7
73 01110011 5

05 00010011 3
16 10110101 5
27 10100110 4
30 00000001 1
41 00101100 3
52 00111000 3
63 00100010 2
74 00110111 5

06 11011100 5
17 11100100 4
20 11010100 4
31 01101000 3
42 01101110 5
53 11101101 6
64 01100110 4
75 01100001 3

07 10001101 4
10 10010110 4
21 10111101 6
32 00101010 3
43 10111011 6
54 10101001 4
65 00110000 2
76 10101110 5

Matching output
0 absent
1 absent
2 absent
3 absent
4 absent
5 absent
6 absent
7 absent

Left
none
Best: none

Right
none
Best: none

Selecting

Lefts
Identity I6 7 0 1 2 3 4 5: 8
NOT none
Constant none
AND AND26: 1
OR none
XOR none
AND-NOT none
OR-NOT OR-NOT63: 1
XOR-NOT none

Rights
Identity I5 4 3 2 1 0 7 6: 8
NOT none
Constant none
AND AND35: 1
OR none
XOR none
AND-NOT none
OR-NOT none
XOR-NOT none

Left longest: 8
Right longest: 8

Left winner: Identity yes, NOT no, Constant no, AND no, OR no, XOR no, AND-NOT no, OR-NOT no, XOR-NOT no
Right winner: Identity yes, NOT no, Constant no, AND no, OR no, XOR no, AND-NOT no, OR-NOT no, XOR-NOT no

Best left: I6 7 0 1 2 3 4 5: 8
Best right: I5 4 3 2 1 0 7 6: 8

Truncated left: I6 7 0 1 2 3 4 5: 8
Truncated right: none truncated

Tentative from right
7 pending
6 pending
5 pending
4 pending
3 pending
2 pending
1 pending
0 pending

Tentative
0 I6
1 I7
2 I0
3 I1
4 I2
5 I3
6 I4
7 I5

Preferred from left
0 I6
1 I7
2 I0
3 I1
4 I2
5 I3
6 I4
7 I5

Preferred from right
7 I5
6 I4
5 I3
4 I2
3 I1
2 I0
1 I7
0 I6

Preferred
0 I6
1 I7
2 I0
3 I1
4 I2
5 I3
6 I4
7 I5

Matching
0 I6
1 I7
2 I0
3 I1
4 I2
5 I3
6 I4
7 I5

Perfect match
Identity no
NOT no
Constant no
AND no
OR no
XOR no
AND-NOT no
OR-NOT no
XOR-NOT no

Matched
0 I6
1 I7
2 I0
3 I1
4 I2
5 I3
6 I4
7 I5

Selected
0 I6
1 I7
2 I0
3 I1
4 I2
5 I3
6 I4
7 I5

Applying to 11111111
Input
0 1
1 1
2 1
3 1
4 1
5 1
6 1
7 1
Output
0 I6 = 1
1 I7 = 1
2 I0 = 1
3 I1 = 1
4 I2 = 1
5 I3 = 1
6 I4 = 1
7 I5 = 1

I will now return the answer in \boxed{}
The answer in \boxed{–} is \boxed{11111111}
[correct]
true
