[category]
bit_manipulation
[prompt]
In Alice's Wonderland, a secret bit manipulation rule transforms 8-bit binary numbers. The transformation involves operations like bit shifts, rotations, XOR, AND, OR, NOT, and possibly majority or choice functions.

Here are some examples of input -> output:
00001000 -> 00000000
01100101 -> 10000000
11111110 -> 11000001
10010110 -> 01000000
01000111 -> 00000000
10000111 -> 00000000
00101000 -> 00000000
11010000 -> 00000001
01111100 -> 10000000

Now, determine the output for: 00000100
[completion]
We need to deduce the transformation by matching the example outputs.
I will put my final answer inside \boxed{}.

Output 0: 00000000
0 0
1 0
2 0
3 0
4 0
5 0
6 0
7 0

Output 1: 10000000
0 1
1 0
2 0
3 0
4 0
5 0
6 0
7 0

Output 2: 11000001
0 1
1 1
2 0
3 0
4 0
5 0
6 0
7 1

Output 3: 01000000
0 0
1 1
2 0
3 0
4 0
5 0
6 0
7 0

Output 4: 00000000
0 0
1 0
2 0
3 0
4 0
5 0
6 0
7 0

Output 5: 00000000
0 0
1 0
2 0
3 0
4 0
5 0
6 0
7 0

Output 6: 00000000
0 0
1 0
2 0
3 0
4 0
5 0
6 0
7 0

Output 7: 00000001
0 0
1 0
2 0
3 0
4 0
5 0
6 0
7 1

Output 8: 10000000
0 1
1 0
2 0
3 0
4 0
5 0
6 0
7 0

Output bit columns (with bitsum as hash)
0 011000001 3
1 001100000 2
2 000000000 a
3 000000000 a
4 000000000 a
5 000000000 a
6 000000000 a
7 001000010 2

Input 0: 00001000
0 0
1 0
2 0
3 0
4 1
5 0
6 0
7 0

Input 1: 01100101
0 0
1 1
2 1
3 0
4 0
5 1
6 0
7 1

Input 2: 11111110
0 1
1 1
2 1
3 1
4 1
5 1
6 1
7 0

Input 3: 10010110
0 1
1 0
2 0
3 1
4 0
5 1
6 1
7 0

Input 4: 01000111
0 0
1 1
2 0
3 0
4 0
5 1
6 1
7 1

Input 5: 10000111
0 1
1 0
2 0
3 0
4 0
5 1
6 1
7 1

Input 6: 00101000
0 0
1 0
2 1
3 0
4 1
5 0
6 0
7 0

Input 7: 11010000
0 1
1 1
2 0
3 1
4 0
5 0
6 0
7 0

Input 8: 01111100
0 0
1 1
2 1
3 1
4 1
5 1
6 0
7 0

When matching output
x: not in operator
y: wrong position

Identity
0 001101010 4
1 011010011 5
2 011000101 4
3 001100011 4
4 101000101 4
5 011111001 6
6 001111000 4
7 010011000 3

Matching output
0 absent
1 absent
2 absent
3 absent
4 absent
5 absent
6 absent
7 absent

Left
none
Best: none

Right
none
Best: none

NOT
0 110010101 5
1 100101100 4
2 100111010 5
3 110011100 5
4 010111010 5
5 100000110 3
6 110000111 5
7 101100111 6

Matching output
0 absent
1 absent
2 absent
3 absent
4 absent
5 absent
6 absent
7 absent

Left
none
Best: none

Right
none
Best: none

Constant
0 000000000 a match 2 3 4 5 6
1 111111111 a

Matching output
0 absent
1 absent
2 C0
3 C0
4 C0
5 C0
6 C0
7 absent

Left
none
Best: none

Right
none
Best: none

AND
01 10 001000010 2 match 7
12 21 011000001 3 match 0
23 32 001000001 2
34 43 001000001 2
45 54 001000001 2
56 65 001111000 4
67 76 000011000 2
70 07 000001000 1

02 20 001000000 1
13 31 001000011 3
24 42 001000101 3
35 53 001100001 3
46 64 001000000 1
57 75 010011000 3
60 06 001101000 3
71 17 010010000 2

03 30 001100010 3
14 41 001000001 2
25 52 011000001 3 match 0
36 63 001100000 2 match 1
47 74 000000000 a match 2 3 4 5 6
50 05 001101000 3
61 16 001010000 2
72 27 010000000 1

04 40 001000000 1
15 51 011010001 4
26 62 001000000 1
37 73 000000000 a match 2 3 4 5 6

Matching output
0 12 21 25 52
1 36 63
2 47 74 37 73
3 47 74 37 73
4 47 74 37 73
5 47 74 37 73
6 47 74 37 73
7 01 10

Left
12 23x
21 32x
25 36 47 50x
52 63 74 05x
Best: AND25 36 47: 3

Right
01 70x
10 07x
Best: AND01: 1

OR
01 10 011111011 7
12 21 011010111 6
23 32 011100111 6
34 43 101100111 6
45 54 111111101 8
56 65 011111001 6
67 76 011111000 5
70 07 011111010 6

02 20 011101111 7
13 31 011110011 6
24 42 111000101 5
35 53 011111011 7
46 64 101111101 7
57 75 011111001 6
60 06 001111010 5
71 17 011011011 6

03 30 001101011 5
14 41 111010111 7
25 52 011111101 7
36 63 001111011 6
47 74 111011101 7
50 05 011111011 7
61 16 011111011 7
72 27 011011101 6

04 40 101101111 7
15 51 011111011 7
26 62 011111101 7
37 73 011111011 7

Matching output
0 absent
1 absent
2 absent
3 absent
4 absent
5 absent
6 absent
7 absent

Left
none
Best: none

Right
none
Best: none

XOR
01 10 010111001 5
12 21 000010110 3
23 32 010100110 4
34 43 100100110 4
45 54 110111100 6
56 65 010000001 2
67 76 011100000 3
70 07 011110010 5

02 20 010101111 6
13 31 010110000 3
24 42 110000000 2
35 53 010011010 4
46 64 100111101 6
57 75 001100001 3
60 06 000010010 2
71 17 001001011 4

03 30 000001001 2
14 41 110010110 5
25 52 000111100 4
36 63 000011011 4
47 74 111011101 7
50 05 010010011 4
61 16 010101011 5
72 27 001011101 5

04 40 100101111 6
15 51 000101010 3
26 62 010111101 6
37 73 011111011 7

Matching output
0 absent
1 absent
2 absent
3 absent
4 absent
5 absent
6 absent
7 absent

Left
none
Best: none

Right
none
Best: none

AND-NOT
01 000101000 2
12 000010010 2
23 010000100 2
34 000100010 2
45 100000100 2
56 010000001 2
67 001100000 2 match 1
70 010010000 2

02 000101010 3
13 010010000 2
24 010000000 1
35 000000010 1
46 100000101 3
57 001100001 3
60 000010000 1
71 000001000 1

03 000001000 1
14 010010010 3
25 000000100 1
36 000000011 2
47 101000101 4
50 010010001 3
61 000101000 2
72 000011000 2

04 000101010 3
15 000000010 1
26 010000101 3
37 001100011 4
40 100000101 3
51 000101000 2
62 000111000 3
73 010011000 3

05 000000010 1
16 010000011 3
27 001000101 3
30 000000001 1
41 100000100 2
52 000111000 3
63 000011000 2
74 010011000 3

06 000000010 1
17 001000011 3
20 010000101 3
31 000100000 1
42 100000000 1
53 010011000 3
64 000111000 3
75 000000000 a match 2 3 4 5 6

07 001100010 3
10 010010001 3
21 000000100 1
32 000100010 2
43 100000100 2
54 010111000 4
65 000000000 a match 2 3 4 5 6
76 010000000 1

Matching output
0 absent
1 67
2 75 65
3 75 65
4 75 65
5 75 65
6 75 65
7 absent

Left
none
Best: none

Right
none
Best: none

OR-NOT
01 101101110 6
12 111111011 8
23 111011101 7
34 011111011 7
45 101000111 5
56 111111111 a
67 101111111 8
70 110011101 6

02 101111010 6
13 111011111 8
24 011111111 8
35 101100111 6
46 111000111 6
57 111111111 a
60 111111101 8
71 110111100 6

03 111111110 8
14 011111011 7
25 111000111 6
36 111100111 7
47 101100111 6
50 111111101 8
61 101111100 6
72 110111010 6

04 011111010 6
15 111010111 7
26 111000111 6
37 101100111 6
40 111010101 6
51 111111101 8
62 101111010 6
73 110011100 5

05 101101110 6
16 111010111 7
27 111100111 7
30 111110111 8
41 101101101 6
52 111111011 8
63 111111100 7
74 010111010 5

06 111101111 8
17 111110111 8
20 111010101 6
31 101101111 7
42 101111111 8
53 111111101 8
64 011111010 6
75 110011110 6

07 101101111 7
10 111010111 7
21 111101101 7
32 101111011 7
43 111011101 7
54 011111011 7
65 101111110 7
76 110011111 7

Matching output
0 absent
1 absent
2 absent
3 absent
4 absent
5 absent
6 absent
7 absent

Left
none
Best: none

Right
none
Best: none

XOR-NOT
01 101000110 4
12 111101001 6
23 101011001 5
34 011011001 5
45 001000011 3
56 101111110 7
67 100011111 6
70 100001101 4

02 101010000 3
13 101001111 6
24 001111111 7
35 101100101 5
46 011000010 3
57 110011110 6
60 111101101 7
71 110110100 5

03 111110110 7
14 001101001 4
25 111000011 5
36 111100100 5
47 000100010 2
50 101101100 5
61 101010100 4
72 110100010 4

04 011010000 3
15 111010101 6
26 101000010 3
37 100000100 2
40 011010000 3
51 111010101 6
62 101000010 3
73 100000100 2

05 101101100 5
16 101010100 4
27 110100010 4
30 111110110 7
41 001101001 4
52 111000011 5
63 111100100 5
74 000100010 2

06 111101101 7
17 110110100 5
20 101010000 3
31 101001111 6
42 001111111 7
53 101100101 5
64 011000010 3
75 110011110 6

07 100001101 4
10 101000110 4
21 111101001 6
32 101011001 5
43 011011001 5
54 001000011 3
65 101111110 7
76 100011111 6

Matching output
0 absent
1 absent
2 absent
3 absent
4 absent
5 absent
6 absent
7 absent

Left
none
Best: none

Right
none
Best: none

Selecting

Lefts
Identity none
NOT none
Constant none
AND AND25 36 47: 3
OR none
XOR none
AND-NOT none
OR-NOT none
XOR-NOT none

Rights
Identity none
NOT none
Constant none
AND AND01: 1
OR none
XOR none
AND-NOT none
OR-NOT none
XOR-NOT none

Left longest: 3
Right longest: 1

Left winner: Identity no, NOT no, Constant no, AND yes, OR no, XOR no, AND-NOT no, OR-NOT no, XOR-NOT no
Right winner: Identity no, NOT no, Constant no, AND yes, OR no, XOR no, AND-NOT no, OR-NOT no, XOR-NOT no

Best left: AND25 36 47: 3
Best right: AND01: 1

Truncated left: AND25 36 47: 3
Truncated right: AND01: 1

Tentative from right
7 AND01
6 pending
5 pending
4 pending
3 pending
2 pending
1 pending
0 pending

Tentative
0 AND25
1 AND36
2 AND47
3 pending
4 pending
5 pending
6 pending
7 AND01

Preferred from left
0 AND25
1 AND36
2 AND47
3 ?50
4 ?61
5 ?72
6 ?03
7 AND01

Preferred from right
7 AND01
6 ?03
5 ?72
4 ?61
3 ?50
2 AND47
1 AND36
0 AND25

Preferred
0 AND25
1 AND36
2 AND47
3 ?50 ?05
4 ?61 ?16
5 ?72 ?27
6 ?03 ?30
7 AND01

Matching
0 AND25
1 AND36
2 AND47
3 ?50 ?05 - Identity absent, NOT absent, Constant C0, AND absent, OR absent, XOR absent, AND-NOT absent, OR-NOT absent, XOR-NOT absent
4 ?61 ?16 - Identity absent, NOT absent, Constant C0, AND absent, OR absent, XOR absent, AND-NOT absent, OR-NOT absent, XOR-NOT absent
5 ?72 ?27 - Identity absent, NOT absent, Constant C0, AND absent, OR absent, XOR absent, AND-NOT absent, OR-NOT absent, XOR-NOT absent
6 ?03 ?30 - Identity absent, NOT absent, Constant C0, AND absent, OR absent, XOR absent, AND-NOT absent, OR-NOT absent, XOR-NOT absent
7 AND01

Perfect match
Identity no
NOT no
Constant yes
AND no
OR no
XOR no
AND-NOT no
OR-NOT no
XOR-NOT no

Matched
0 AND25
1 AND36
2 AND47
3 C0
4 C0
5 C0
6 C0
7 AND01

Selected
0 AND25
1 AND36
2 AND47
3 C0
4 C0
5 C0
6 C0
7 AND01

Applying to 00000100
Input
0 0
1 0
2 0
3 0
4 0
5 1
6 0
7 0
Output
0 AND25 = AND(0,1) = 0
1 AND36 = AND(0,0) = 0
2 AND47 = AND(0,0) = 0
3 C0 = 0
4 C0 = 0
5 C0 = 0
6 C0 = 0
7 AND01 = AND(0,0) = 0

I will now return the answer in \boxed{}
The answer in \boxed{–} is \boxed{00000000}
[correct]
true
