[category]
bit_manipulation
[prompt]
In Alice's Wonderland, a secret bit manipulation rule transforms 8-bit binary numbers. The transformation involves operations like bit shifts, rotations, XOR, AND, OR, NOT, and possibly majority or choice functions.

Here are some examples of input -> output:
00110011 -> 01111001
00110110 -> 11011011
10011001 -> 01101100
00010010 -> 01001001
10100111 -> 10110011
11111001 -> 01011100
01000011 -> 01000001
10101001 -> 01110100

Now, determine the output for: 00001011
[completion]
We need to deduce the transformation by matching the example outputs.
I will put my final answer inside \boxed{}.

Output 0: 01111001
0 0
1 1
2 1
3 1
4 1
5 0
6 0
7 1

Output 1: 11011011
0 1
1 1
2 0
3 1
4 1
5 0
6 1
7 1

Output 2: 01101100
0 0
1 1
2 1
3 0
4 1
5 1
6 0
7 0

Output 3: 01001001
0 0
1 1
2 0
3 0
4 1
5 0
6 0
7 1

Output 4: 10110011
0 1
1 0
2 1
3 1
4 0
5 0
6 1
7 1

Output 5: 01011100
0 0
1 1
2 0
3 1
4 1
5 1
6 0
7 0

Output 6: 01000001
0 0
1 1
2 0
3 0
4 0
5 0
6 0
7 1

Output 7: 01110100
0 0
1 1
2 1
3 1
4 0
5 1
6 0
7 0

Output bit columns (with bitsum as hash)
0 01001000 2
1 11110111 7
2 10101001 4
3 11001101 5
4 11110100 5
5 00100101 3
6 01001000 2
7 11011010 5

Input 0: 00110011
0 0
1 0
2 1
3 1
4 0
5 0
6 1
7 1

Input 1: 00110110
0 0
1 0
2 1
3 1
4 0
5 1
6 1
7 0

Input 2: 10011001
0 1
1 0
2 0
3 1
4 1
5 0
6 0
7 1

Input 3: 00010010
0 0
1 0
2 0
3 1
4 0
5 0
6 1
7 0

Input 4: 10100111
0 1
1 0
2 1
3 0
4 0
5 1
6 1
7 1

Input 5: 11111001
0 1
1 1
2 1
3 1
4 1
5 0
6 0
7 1

Input 6: 01000011
0 0
1 1
2 0
3 0
4 0
5 0
6 1
7 1

Input 7: 10101001
0 1
1 0
2 1
3 0
4 1
5 0
6 0
7 1

When matching output
x: not in operator
y: wrong position

Identity
0 00101101 4
1 00000110 2
2 11001101 5 match 3
3 11110100 5 match 4
4 00100101 3 match 5
5 01001000 2 match 0 6
6 11011010 5 match 7
7 10101111 6

Matching output
0 5
1 absent
2 absent
3 2
4 3
5 4
6 5
7 6

Left
5 6y
Best: I5: 1

Right
6 5 4 3 2 1x
Best: I6 5 4 3 2: 5

NOT
0 11010010 4
1 11111001 6
2 00110010 3
3 00001011 3
4 11011010 5 match 7
5 10110111 6
6 00100101 3 match 5
7 01010000 2

Matching output
0 absent
1 absent
2 absent
3 absent
4 absent
5 6
6 absent
7 4

Left
none
Best: none

Right
4 3x
Best: NOT4: 1

Constant
0 00000000 a
1 11111111 a

Matching output
0 absent
1 absent
2 absent
3 absent
4 absent
5 absent
6 absent
7 absent

Left
none
Best: none

Right
none
Best: none

AND
01 10 00000100 1
12 21 00000100 1
23 32 11000100 3
34 43 00100100 2
45 54 00000000 a
56 65 01001000 2 match 0 6
67 76 10001010 3
70 07 00101101 4

02 20 00001101 3
13 31 00000100 1
24 42 00000101 2
35 53 01000000 1
46 64 00000000 a
57 75 00001000 1
60 06 00001000 1
71 17 00000110 2

03 30 00100100 2
14 41 00000100 1
25 52 01001000 2 match 0 6
36 63 11010000 3
47 74 00100101 3 match 5
50 05 00001000 1
61 16 00000010 1
72 27 10001101 4

04 40 00100101 3 match 5
15 51 00000000 a
26 62 11001000 3
37 73 10100100 3

Matching output
0 56 65 25 52
1 absent
2 absent
3 absent
4 absent
5 47 74 04 40
6 56 65 25 52
7 absent

Left
56 67x
65 76x
25 36x
52 63x
Best: AND56: 1

Right
none
Best: none

OR
01 10 00101111 5
12 21 11001111 6
23 32 11111101 7
34 43 11110101 6
45 54 01101101 5
56 65 11011010 5 match 7
67 76 11111111 a
70 07 10101111 6

02 20 11101101 6
13 31 11110110 6
24 42 11101101 6
35 53 11111100 6
46 64 11111111 a
57 75 11101111 7
60 06 11111111 a
71 17 10101111 6

03 30 11111101 7
14 41 00100111 4
25 52 11001101 5 match 3
36 63 11111110 7
47 74 10101111 6
50 05 01101101 5
61 16 11011110 6
72 27 11101111 7

04 40 00101101 4
15 51 01001110 4
26 62 11011111 7
37 73 11111111 a

Matching output
0 absent
1 absent
2 absent
3 25 52
4 absent
5 absent
6 absent
7 56 65

Left
none
Best: none

Right
56 45x
65 54x
Best: OR56: 1

XOR
01 10 00101011 4
12 21 11001011 5
23 32 00111001 4
34 43 11010001 4
45 54 01101101 5
56 65 10010010 3
67 76 01110101 5
70 07 10000010 2

02 20 11100000 3
13 31 11110010 5
24 42 11101000 4
35 53 10111100 5
46 64 11111111 a
57 75 11100111 6
60 06 11110111 7 match 1
71 17 10101001 4 match 2

03 30 11011001 5
14 41 00100011 3
25 52 10000101 3
36 63 00101110 4
47 74 10001010 3
50 05 01100101 4
61 16 11011100 5
72 27 01100010 3

04 40 00001000 1
15 51 01001110 4
26 62 00010111 4
37 73 01011011 5

Matching output
0 absent
1 60 06
2 71 17
3 absent
4 absent
5 absent
6 absent
7 absent

Left
none
Best: none

Right
none
Best: none

AND-NOT
01 00101001 3
12 00000010 1
23 00001001 2
34 11010000 3
45 00100101 3 match 5
56 00000000 a
67 01010000 2
70 10000010 2

02 00100000 1
13 00000010 1
24 11001000 3
35 10110100 4
46 00100101 3 match 5
57 01000000 1
60 11010010 4
71 10101001 4 match 2

03 00001001 2
14 00000010 1
25 10000101 3
36 00100100 2
47 00000000 a
50 01000000 1
61 11011000 4
72 00100010 2

04 00001000 1
15 00000110 2
26 00000101 2
37 01010000 2
40 00000000 a
51 01001000 2 match 0 6
62 00010010 2
73 00001011 3

05 00100101 3 match 5
16 00000100 1
27 01000000 1
30 11010000 3
41 00100001 2
52 00000000 a
63 00001010 2
74 10001010 3

06 00100101 3 match 5
17 00000000 a
20 11000000 2
31 11110000 4
42 00100000 1
53 00001000 1
64 11011010 5 match 7
75 10100111 5

07 00000000 a
10 00000010 1
21 11001001 4
32 00110000 2
43 00000001 1
54 01001000 2 match 0 6
65 10010010 3
76 00100101 3 match 5

Matching output
0 51 54
1 absent
2 71
3 absent
4 absent
5 45 46 05 06 76
6 51 54
7 64

Left
51 62x
54 65x
Best: AND-NOT51: 1

Right
64 53x
Best: AND-NOT64: 1

OR-NOT
01 11111101 7
12 00110110 4
23 11001111 6
34 11111110 7
45 10110111 6
56 01101101 5
67 11011010 5 match 7
70 11111111 a

02 00111111 6
13 00001111 4
24 11011111 7
35 11110111 7 match 1
46 00100101 3 match 5
57 01011000 3
60 11011010 5 match 7
71 11111111 a

03 00101111 5
14 11011110 6
25 11111111 a
36 11110101 6
47 01110101 5
50 11011010 5 match 7
61 11111011 7
72 10111111 7

04 11111111 a
15 10110111 6
26 11101101 6
37 11110100 5 match 4
40 11110111 7 match 1
51 11111001 6
62 11111010 6
73 10101111 6

05 10111111 7
16 00100111 4
27 11011101 6
30 11110110 6
41 11111101 7
52 01111010 5
63 11011011 6
74 11111111 a

06 00101101 4
17 01010110 4
20 11011111 7
31 11111101 7
42 00110111 5
53 01001011 4
64 11011010 5 match 7
75 10111111 7

07 01111101 6
10 11010110 5
21 11111101 7
32 11110110 6
43 00101111 5
54 11011010 5 match 7
65 11111111 a
76 10101111 6

Matching output
0 absent
1 35 40
2 absent
3 absent
4 37
5 46
6 absent
7 67 60 50 64 54

Left
none
Best: none

Right
67 56x
60 57x
50 47x
64 53x
54 43x
Best: OR-NOT67: 1

XOR-NOT
01 11010100 4
12 00110100 3
23 11000110 4
34 00101110 4
45 10010010 3
56 01101101 5
67 10001010 3
70 01111101 6

02 00011111 5
13 00001101 3
24 00010111 4
35 01000011 3
46 00000000 a
57 00011000 2
60 00001000 1
71 01010110 4

03 00100110 3
14 11011100 5
25 01111010 5
36 11010001 4
47 01110101 5
50 10011010 4
61 00100011 3
72 10011101 5

04 11110111 7 match 1
15 10110001 4
26 11101000 4
37 10100100 3
40 11110111 7 match 1
51 10110001 4
62 11101000 4
73 10100100 3

05 10011010 4
16 00100011 3
27 10011101 5
30 00100110 3
41 11011100 5
52 01111010 5
63 11010001 4
74 01110101 5

06 00001000 1
17 01010110 4
20 00011111 5
31 00001101 3
42 00010111 4
53 01000011 3
64 00000000 a
75 00011000 2

07 01111101 6
10 11010100 4
21 00110100 3
32 11000110 4
43 00101110 4
54 10010010 3
65 01101101 5
76 10001010 3

Matching output
0 absent
1 04 40
2 absent
3 absent
4 absent
5 absent
6 absent
7 absent

Left
none
Best: none

Right
none
Best: none

Selecting

Lefts
Identity I5: 1
NOT none
Constant none
AND AND56: 1
OR none
XOR none
AND-NOT AND-NOT51: 1
OR-NOT none
XOR-NOT none

Rights
Identity I6 5 4 3 2: 5
NOT NOT4: 1
Constant none
AND none
OR OR56: 1
XOR none
AND-NOT AND-NOT64: 1
OR-NOT OR-NOT67: 1
XOR-NOT none

Left longest: 1
Right longest: 5

Right winner: Identity yes, NOT no, Constant no, AND no, OR no, XOR no, AND-NOT no, OR-NOT no, XOR-NOT no
Left winner: Identity yes, NOT no, Constant no, AND no, OR no, XOR no, AND-NOT no, OR-NOT no, XOR-NOT no

Best right: I6 5 4 3 2: 5
Best left: I5: 1

Truncated right: I6 5 4 3 2: 5
Truncated left: I5: 1

Tentative from right
7 I6
6 I5
5 I4
4 I3
3 I2
2 pending
1 pending
0 pending

Tentative
0 I5
1 pending
2 pending
3 I2
4 I3
5 I4
6 I5
7 I6

Preferred from right
7 I6
6 I5
5 I4
4 I3
3 I2
2 ??1
1 ??0
0 I5

Preferred from left
0 I5
1 ?60
2 ?71
3 I2
4 I3
5 I4
6 I5
7 I6

Preferred
0 I5
1 ?60 ?06
2 ?71 ?17
3 I2
4 I3
5 I4
6 I5
7 I6

Matching
0 I5
1 ?60 ?06 - Identity absent, NOT absent, Constant absent, AND absent, OR absent, XOR60, AND-NOT absent, OR-NOT absent, XOR-NOT absent
2 ?71 ?17 - Identity absent, NOT absent, Constant absent, AND absent, OR absent, XOR71, AND-NOT71, OR-NOT absent, XOR-NOT absent
3 I2
4 I3
5 I4
6 I5
7 I6

Perfect match
Identity no
NOT no
Constant no
AND no
OR no
XOR yes
AND-NOT no
OR-NOT no
XOR-NOT no

Matched
0 I5
1 XOR60
2 XOR71
3 I2
4 I3
5 I4
6 I5
7 I6

Selected
0 I5
1 XOR60
2 XOR71
3 I2
4 I3
5 I4
6 I5
7 I6

Applying to 00001011
Input
0 0
1 0
2 0
3 0
4 1
5 0
6 1
7 1
Output
0 I5 = 0
1 XOR60 = XOR(1,0) = 1
2 XOR71 = XOR(1,0) = 1
3 I2 = 0
4 I3 = 0
5 I4 = 1
6 I5 = 0
7 I6 = 1

I will now return the answer in \boxed{}
The answer in \boxed{–} is \boxed{01100101}
[correct]
true
