[category]
bit_manipulation
[prompt]
In Alice's Wonderland, a secret bit manipulation rule transforms 8-bit binary numbers. The transformation involves operations like bit shifts, rotations, XOR, AND, OR, NOT, and possibly majority or choice functions.

Here are some examples of input -> output:
10101110 -> 11011101
11100011 -> 00010111
01001011 -> 00000010
00111011 -> 10111011
00101001 -> 00100011
11111001 -> 11001111
01100000 -> 11001111
10010110 -> 00000100

Now, determine the output for: 11001110
[completion]
We need to deduce the transformation by matching the example outputs.
I will put my final answer inside \boxed{}.

Output 0: 11011101
0 1
1 1
2 0
3 1
4 1
5 1
6 0
7 1

Output 1: 00010111
0 0
1 0
2 0
3 1
4 0
5 1
6 1
7 1

Output 2: 00000010
0 0
1 0
2 0
3 0
4 0
5 0
6 1
7 0

Output 3: 10111011
0 1
1 0
2 1
3 1
4 1
5 0
6 1
7 1

Output 4: 00100011
0 0
1 0
2 1
3 0
4 0
5 0
6 1
7 1

Output 5: 11001111
0 1
1 1
2 0
3 0
4 1
5 1
6 1
7 1

Output 6: 11001111
0 1
1 1
2 0
3 0
4 1
5 1
6 1
7 1

Output 7: 00000100
0 0
1 0
2 0
3 0
4 0
5 1
6 0
7 0

Output bit columns (with bitsum as hash)
0 10010110 4
1 10000110 3
2 00011000 2
3 11010000 3
4 10010110 4
5 11000111 5
6 01111110 6
7 11011110 6

Input 0: 10101110
0 1
1 0
2 1
3 0
4 1
5 1
6 1
7 0

Input 1: 11100011
0 1
1 1
2 1
3 0
4 0
5 0
6 1
7 1

Input 2: 01001011
0 0
1 1
2 0
3 0
4 1
5 0
6 1
7 1

Input 3: 00111011
0 0
1 0
2 1
3 1
4 1
5 0
6 1
7 1

Input 4: 00101001
0 0
1 0
2 1
3 0
4 1
5 0
6 0
7 1

Input 5: 11111001
0 1
1 1
2 1
3 1
4 1
5 0
6 0
7 1

Input 6: 01100000
0 0
1 1
2 1
3 0
4 0
5 0
6 0
7 0

Input 7: 10010110
0 1
1 0
2 0
3 1
4 0
5 1
6 1
7 0

When matching output
x: not in operator
y: wrong position

Identity
0 11000101 4
1 01100110 4
2 11011110 6 match 7
3 00010101 3
4 10111100 5
5 10000001 2
6 11110001 5
7 01111100 5

Matching output
0 absent
1 absent
2 absent
3 absent
4 absent
5 absent
6 absent
7 2

Left
none
Best: none

Right
2 1x
Best: I2: 1

NOT
0 00111010 4
1 10011001 4
2 00100001 2
3 11101010 5
4 01000011 3
5 01111110 6 match 6
6 00001110 3
7 10000011 3

Matching output
0 absent
1 absent
2 absent
3 absent
4 absent
5 absent
6 5
7 absent

Left
none
Best: none

Right
none
Best: none

Constant
0 00000000 a
1 11111111 a

Matching output
0 absent
1 absent
2 absent
3 absent
4 absent
5 absent
6 absent
7 absent

Left
none
Best: none

Right
none
Best: none

AND
01 10 01000100 2
12 21 01000110 3
23 32 00010100 2
34 43 00010100 2
45 54 10000000 1
56 65 10000001 2
67 76 01110000 3
70 07 01000100 2

02 20 11000100 3
13 31 00000100 1
24 42 10011100 4
35 53 00000001 1
46 64 10110000 3
57 75 00000000 a
60 06 11000001 3
71 17 01100100 3

03 30 00000101 2
14 41 00100100 2
25 52 10000000 1
36 63 00010001 2
47 74 00111100 4
50 05 10000001 2
61 16 01100000 2
72 27 01011100 4

04 40 10000100 2
15 51 00000000 a
26 62 11010000 3 match 3
37 73 00010100 2

Matching output
0 absent
1 absent
2 absent
3 26 62
4 absent
5 absent
6 absent
7 absent

Left
none
Best: none

Right
none
Best: none

OR
01 10 11100111 6
12 21 11111110 7
23 32 11011111 7
34 43 10111101 6
45 54 10111101 6
56 65 11110001 5
67 76 11111101 7
70 07 11111101 7

02 20 11011111 7
13 31 01110111 6
24 42 11111110 7
35 53 10010101 4
46 64 11111101 7
57 75 11111101 7
60 06 11110101 6
71 17 01111110 6 match 6

03 30 11010101 5
14 41 11111110 7
25 52 11011111 7
36 63 11110101 6
47 74 11111100 6
50 05 11000101 4
61 16 11110111 7
72 27 11111110 7

04 40 11111101 7
15 51 11100111 6
26 62 11111111 a
37 73 01111101 6

Matching output
0 absent
1 absent
2 absent
3 absent
4 absent
5 absent
6 71 17
7 absent

Left
none
Best: none

Right
none
Best: none

XOR
01 10 10100011 4
12 21 10111000 4
23 32 11001011 5
34 43 10101001 4
45 54 00111101 5
56 65 01110000 3
67 76 10001101 4
70 07 10111001 5

02 20 00011011 4
13 31 01110011 5
24 42 01100010 3
35 53 10010100 3
46 64 01001101 4
57 75 11111101 7
60 06 00110100 3
71 17 00011010 3

03 30 11010000 3 match 3
14 41 11011010 5
25 52 01011111 6
36 63 11100100 4
47 74 11000000 2
50 05 01000100 2
61 16 10010111 5
72 27 10100010 3

04 40 01111001 5
15 51 11100111 6
26 62 00101111 5
37 73 01101001 4

Matching output
0 absent
1 absent
2 absent
3 03 30
4 absent
5 absent
6 absent
7 absent

Left
none
Best: none

Right
none
Best: none

AND-NOT
01 10000001 2
12 00100000 1
23 11001010 4
34 00000001 1
45 00111100 4
56 00000000 a
67 10000001 2
70 00111000 3

02 00000001 1
13 01100010 3
24 01000010 2
35 00010100 2
46 00001100 2
57 10000001 2
60 00110000 2
71 00011000 2 match 2

03 11000000 2
14 01000010 2
25 01011110 5
36 00000100 1
47 10000000 1
50 00000000 a
61 10010001 3
72 00100000 1

04 01000001 2
15 01100110 4
26 00001110 3
37 00000001 1
40 00111000 3
51 10000001 2
62 00100001 2
73 01101000 3

05 01000100 2
16 00000110 2
27 10000010 2
30 00010000 1
41 10011000 3
52 00000001 1
63 11100000 3
74 01000000 1

06 00000100 1
17 00000010 1
20 00011010 3
31 00010001 2
42 00100000 1
53 10000000 1
64 01000001 2
75 01111100 5

07 10000001 2
10 00100010 2
21 10011000 3
32 00000001 1
43 10101000 3
54 00000001 1
65 01110000 3
76 00001100 2

Matching output
0 absent
1 absent
2 71
3 absent
4 absent
5 absent
6 absent
7 absent

Left
none
Best: none

Right
none
Best: none

OR-NOT
01 11011101 6
12 01100111 5
23 11111110 7
34 01010111 5
45 11111110 7
56 10001111 5
67 11110011 6
70 01111110 6 match 6

02 11100101 5
13 11101110 6
24 11011111 7
35 01111111 7
46 10111110 6
57 10000011 3
60 11111011 7
71 11111101 7

03 11101111 7
14 01100111 5
25 11111110 7
36 00011111 5
47 10111111 7
50 10111011 6
61 11111001 6
72 01111101 6

04 11000111 5 match 5
15 01111110 6 match 6
26 11011110 6 match 7
37 10010111 5
40 10111110 6
51 10011001 4
62 11110001 5
73 11111110 7

05 11111111 a
16 01101110 5
27 11011111 7
30 00111111 6
41 10111101 6
52 10100001 3
63 11111011 7
74 01111111 7

06 11001111 6
17 11100111 6
20 11111110 7
31 10011101 5
42 10111101 6
53 11101011 6
64 11110011 6
75 01111110 6 match 6

07 11000111 5 match 5
10 01111110 6 match 6
21 11011111 7
32 00110101 4
43 11111110 7
54 11000011 4
65 11111111 a
76 01111110 6 match 6

Matching output
0 absent
1 absent
2 absent
3 absent
4 absent
5 04 07
6 70 15 75 10 76
7 26

Left
none
Best: none

Right
26 15 04 73x
Best: OR-NOT26 15 04: 3

XOR-NOT
01 01011100 4
12 01000111 4
23 00110100 3
34 01010110 4
45 11000010 3
56 10001111 5
67 01110010 4
70 01000110 3

02 11100100 4
13 10001100 3
24 10011101 5
35 01101011 5
46 10110010 4
57 00000010 1
60 11001011 5
71 11100101 5

03 00101111 5
14 00100101 3
25 10100000 2
36 00011011 4
47 00111111 6
50 10111011 6
61 01101000 3
72 01011101 5

04 10000110 3 match 1
15 00011000 2 match 2
26 11010000 3 match 3
37 10010110 4 match 0 4
40 10000110 3 match 1
51 00011000 2 match 2
62 11010000 3 match 3
73 10010110 4 match 0 4

05 10111011 6
16 01101000 3
27 01011101 5
30 00101111 5
41 00100101 3
52 10100000 2
63 00011011 4
74 00111111 6

06 11001011 5
17 11100101 5
20 11100100 4
31 10001100 3
42 10011101 5
53 01101011 5
64 10110010 4
75 00000010 1

07 01000110 3
10 01011100 4
21 01000111 4
32 00110100 3
43 01010110 4
54 11000010 3
65 10001111 5
76 01110010 4

Matching output
0 37 73
1 04 40
2 15 51
3 26 62
4 37 73
5 absent
6 absent
7 absent

Left
37 40 51 62 73 04y
73 04 15 26 37 40y
Best: XOR-NOT37 40 51 62 73: 5

Right
none
Best: none

Selecting

Lefts
Identity none
NOT none
Constant none
AND none
OR none
XOR none
AND-NOT none
OR-NOT none
XOR-NOT XOR-NOT37 40 51 62 73: 5

Rights
Identity I2: 1
NOT none
Constant none
AND none
OR none
XOR none
AND-NOT none
OR-NOT OR-NOT26 15 04: 3
XOR-NOT none

Left longest: 5
Right longest: 3

Left winner: Identity no, NOT no, Constant no, AND no, OR no, XOR no, AND-NOT no, OR-NOT no, XOR-NOT yes
Right winner: Identity no, NOT no, Constant no, AND no, OR no, XOR no, AND-NOT no, OR-NOT yes, XOR-NOT no

Best left: XOR-NOT37 40 51 62 73: 5
Best right: OR-NOT26 15 04: 3

Truncated left: XOR-NOT37 40 51 62 73: 5
Truncated right: OR-NOT26 15 04: 3

Tentative from right
7 OR-NOT26
6 OR-NOT15
5 OR-NOT04
4 pending
3 pending
2 pending
1 pending
0 pending

Tentative
0 XOR-NOT37
1 XOR-NOT40
2 XOR-NOT51
3 XOR-NOT62
4 XOR-NOT73
5 OR-NOT04
6 OR-NOT15
7 OR-NOT26

Preferred from left
0 XOR-NOT37
1 XOR-NOT40
2 XOR-NOT51
3 XOR-NOT62
4 XOR-NOT73
5 OR-NOT04
6 OR-NOT15
7 OR-NOT26

Preferred from right
7 OR-NOT26
6 OR-NOT15
5 OR-NOT04
4 XOR-NOT73
3 XOR-NOT62
2 XOR-NOT51
1 XOR-NOT40
0 XOR-NOT37

Preferred
0 XOR-NOT37
1 XOR-NOT40
2 XOR-NOT51
3 XOR-NOT62
4 XOR-NOT73
5 OR-NOT04
6 OR-NOT15
7 OR-NOT26

Matching
0 XOR-NOT37
1 XOR-NOT40
2 XOR-NOT51
3 XOR-NOT62
4 XOR-NOT73
5 OR-NOT04
6 OR-NOT15
7 OR-NOT26

Perfect match
Identity no
NOT no
Constant no
AND no
OR no
XOR no
AND-NOT no
OR-NOT no
XOR-NOT no

Matched
0 XOR-NOT37
1 XOR-NOT40
2 XOR-NOT51
3 XOR-NOT62
4 XOR-NOT73
5 OR-NOT04
6 OR-NOT15
7 OR-NOT26

Selected
0 XOR-NOT37
1 XOR-NOT40
2 XOR-NOT51
3 XOR-NOT62
4 XOR-NOT73
5 OR-NOT04
6 OR-NOT15
7 OR-NOT26

Applying to 11001110
Input
0 1
1 1
2 0
3 0
4 1
5 1
6 1
7 0
Output
0 XOR-NOT37 = XOR(0,NOT(0)) = 1
1 XOR-NOT40 = XOR(1,NOT(1)) = 1
2 XOR-NOT51 = XOR(1,NOT(1)) = 1
3 XOR-NOT62 = XOR(1,NOT(0)) = 0
4 XOR-NOT73 = XOR(0,NOT(0)) = 1
5 OR-NOT04 = OR(1,NOT(1)) = 1
6 OR-NOT15 = OR(1,NOT(1)) = 1
7 OR-NOT26 = OR(0,NOT(1)) = 0

I will now return the answer in \boxed{}
The answer in \boxed{–} is \boxed{11101110}
[correct]
true
