[category]
bit_manipulation
[prompt]
In Alice's Wonderland, a secret bit manipulation rule transforms 8-bit binary numbers. The transformation involves operations like bit shifts, rotations, XOR, AND, OR, NOT, and possibly majority or choice functions.

Here are some examples of input -> output:
01111011 -> 10010111
01110111 -> 01010111
11001110 -> 10101100
11010111 -> 01111111
11000000 -> 11001111
00001011 -> 10001101
01010101 -> 11111111
00001000 -> 01111101

Now, determine the output for: 11010000
[completion]
We need to deduce the transformation by matching the example outputs.
I will put my final answer inside \boxed{}.

Output 0: 10010111
0 1
1 0
2 0
3 1
4 0
5 1
6 1
7 1

Output 1: 01010111
0 0
1 1
2 0
3 1
4 0
5 1
6 1
7 1

Output 2: 10101100
0 1
1 0
2 1
3 0
4 1
5 1
6 0
7 0

Output 3: 01111111
0 0
1 1
2 1
3 1
4 1
5 1
6 1
7 1

Output 4: 11001111
0 1
1 1
2 0
3 0
4 1
5 1
6 1
7 1

Output 5: 10001101
0 1
1 0
2 0
3 0
4 1
5 1
6 0
7 1

Output 6: 11111111
0 1
1 1
2 1
3 1
4 1
5 1
6 1
7 1

Output 7: 01111101
0 0
1 1
2 1
3 1
4 1
5 1
6 0
7 1

Output bit columns (with bitsum as hash)
0 10101110 5
1 01011011 5
2 00110011 4
3 11010011 5
4 00111111 6
5 11111111 a
6 11011010 5
7 11011111 7

Input 0: 01111011
0 0
1 1
2 1
3 1
4 1
5 0
6 1
7 1

Input 1: 01110111
0 0
1 1
2 1
3 1
4 0
5 1
6 1
7 1

Input 2: 11001110
0 1
1 1
2 0
3 0
4 1
5 1
6 1
7 0

Input 3: 11010111
0 1
1 1
2 0
3 1
4 0
5 1
6 1
7 1

Input 4: 11000000
0 1
1 1
2 0
3 0
4 0
5 0
6 0
7 0

Input 5: 00001011
0 0
1 0
2 0
3 0
4 1
5 0
6 1
7 1

Input 6: 01010101
0 0
1 1
2 0
3 1
4 0
5 1
6 0
7 1

Input 7: 00001000
0 0
1 0
2 0
3 0
4 1
5 0
6 0
7 0

When matching output
x: not in operator
y: wrong position

Identity
0 00111000 3
1 11111010 6
2 11000000 2
3 11010010 4
4 10100101 4
5 01110010 4
6 11110100 5
7 11010110 5

Matching output
0 absent
1 absent
2 absent
3 absent
4 absent
5 absent
6 absent
7 absent

Left
none
Best: none

Right
none
Best: none

NOT
0 11000111 5
1 00000101 2
2 00111111 6 match 4
3 00101101 4
4 01011010 4
5 10001101 4
6 00001011 3
7 00101001 3

Matching output
0 absent
1 absent
2 absent
3 absent
4 2
5 absent
6 absent
7 absent

Left
none
Best: none

Right
none
Best: none

Constant
0 00000000 a
1 11111111 a match 5

Matching output
0 absent
1 absent
2 absent
3 absent
4 absent
5 C1
6 absent
7 absent

Left
none
Best: none

Right
none
Best: none

AND
01 10 00111000 3
12 21 11000000 2
23 32 11000000 2
34 43 10000000 1
45 54 00100000 1
56 65 01110000 3
67 76 11010100 4
70 07 00010000 1

02 20 00000000 a
13 31 11010010 4
24 42 10000000 1
35 53 01010010 3
46 64 10100100 3
57 75 01010010 3
60 06 00110000 2
71 17 11010010 4

03 30 00010000 1
14 41 10100000 2
25 52 01000000 1
36 63 11010000 3
47 74 10000100 2
50 05 00110000 2
61 16 11110000 4
72 27 11000000 2

04 40 00100000 1
15 51 01110010 4
26 62 11000000 2
37 73 11010010 4

Matching output
0 absent
1 absent
2 absent
3 absent
4 absent
5 absent
6 absent
7 absent

Left
none
Best: none

Right
none
Best: none

OR
01 10 11111010 6
12 21 11111010 6
23 32 11010010 4
34 43 11110111 7
45 54 11110111 7
56 65 11110110 6
67 76 11110110 6
70 07 11111110 7

02 20 11111000 5
13 31 11111010 6
24 42 11100101 5
35 53 11110010 5
46 64 11110101 6
57 75 11110110 6
60 06 11111100 6
71 17 11111110 7

03 30 11111010 6
14 41 11111111 a match 5
25 52 11110010 5
36 63 11110110 6
47 74 11110111 7
50 05 01111010 5
61 16 11111110 7
72 27 11010110 5

04 40 10111101 6
15 51 11111010 6
26 62 11110100 5
37 73 11010110 5

Matching output
0 absent
1 absent
2 absent
3 absent
4 absent
5 14 41
6 absent
7 absent

Left
none
Best: none

Right
none
Best: none

XOR
01 10 11000010 3
12 21 00111010 4
23 32 00010010 2
34 43 01110111 6
45 54 11010111 6
56 65 10000110 3
67 76 00100010 2
70 07 11101110 6

02 20 11111000 5
13 31 00101000 2
24 42 01100101 4
35 53 10100000 2
46 64 01010001 3
57 75 10100100 3
60 06 11001100 4
71 17 00101100 3

03 30 11101010 5
14 41 01011111 6
25 52 10110010 4
36 63 00100110 3
47 74 01110011 5
50 05 01001010 3
61 16 00001110 3
72 27 00010110 3

04 40 10011101 5
15 51 10001000 2
26 62 00110100 3
37 73 00000100 1

Matching output
0 absent
1 absent
2 absent
3 absent
4 absent
5 absent
6 absent
7 absent

Left
none
Best: none

Right
none
Best: none

AND-NOT
01 00000000 a
12 00111010 4
23 00000000 a
34 01010010 3
45 10000101 3
56 00000010 1
67 00100000 1
70 11000110 4

02 00111000 3
13 00101000 2
24 01000000 1
35 10000000 1
46 00000001 1
57 00100000 1
60 11000100 3
71 00000100 1

03 00101000 2
14 01011010 4
25 10000000 1
36 00000010 1
47 00100001 2
50 01000010 2
61 00000100 1
72 00010110 3

04 00011000 2
15 10001000 2
26 00000000 a
37 00000000 a
40 10000101 3
51 00000000 a
62 00110100 3
73 00000100 1

05 00001000 1
16 00001010 2
27 00000000 a
30 11000010 3
41 00000101 2
52 00110010 3
63 00100100 2
74 01010010 3

06 00001000 1
17 00101000 2
20 11000000 2
31 00000000 a
42 00100101 3
53 00100000 1
64 01010000 2
75 10000100 2

07 00101000 2
10 11000010 3
21 00000000 a
32 00010010 2
43 00100101 3
54 01010010 3
65 10000100 2
76 00000010 1

Matching output
0 absent
1 absent
2 absent
3 absent
4 absent
5 absent
6 absent
7 absent

Left
none
Best: none

Right
none
Best: none

OR-NOT
01 00111101 5
12 11111111 a match 5
23 11101101 6
34 11011010 5 match 6
45 10101101 5
56 01111011 6
67 11111101 7
70 11010111 6

02 00111111 6 match 4
13 11111111 a match 5
24 11011010 5 match 6
35 11011111 7 match 7
46 10101111 6
57 01111011 6
60 11110111 7
71 11010111 6

03 00111101 5
14 11111010 6
25 11001101 5
36 11011011 6
47 10101101 5
50 11110111 7
61 11110101 6
72 11111111 a match 5

04 01111010 5
15 11111111 a match 5
26 11001011 5
37 11111011 7
40 11100111 6
51 01110111 6
62 11111111 a match 5
73 11111111 a match 5

05 10111101 6
16 11111011 7
27 11101001 5
30 11010111 6
41 10100101 4
52 01111111 7
63 11111101 7
74 11011110 6

06 00111011 5
17 11111011 7
20 11000111 5
31 11010111 6
42 10111111 7
53 01111111 7
64 11111110 7
75 11011111 7 match 7

07 00111001 4
10 11111111 a match 5
21 11000101 4
32 11111111 a match 5
43 10101101 5
54 01111010 5
65 11111101 7
76 11011111 7 match 7

Matching output
0 absent
1 absent
2 absent
3 absent
4 02
5 12 13 72 15 62 73 10 32
6 34 24
7 35 75 76

Left
none
Best: none

Right
35 24 13 02 71x
75 64x
76 65x
Best: OR-NOT35 24 13 02: 4

XOR-NOT
01 00111101 5
12 11000101 4
23 11101101 6
34 10001000 2
45 00101000 2
56 01111001 5
67 11011101 6
70 00010001 2

02 00000111 3
13 11010111 6
24 10011010 4
35 01011111 6
46 10101110 5 match 0
57 01011011 5 match 1
60 00110011 4 match 2
71 11010011 5 match 3

03 00010101 3
14 10100000 2
25 01001101 4
36 11011001 5
47 10001100 3
50 10110101 5
61 11110001 5
72 11101001 5

04 01100010 3
15 01110111 6
26 11001011 5
37 11111011 7
40 01100010 3
51 01110111 6
62 11001011 5
73 11111011 7

05 10110101 5
16 11110001 5
27 11101001 5
30 00010101 3
41 10100000 2
52 01001101 4
63 11011001 5
74 10001100 3

06 00110011 4 match 2
17 11010011 5 match 3
20 00000111 3
31 11010111 6
42 10011010 4
53 01011111 6
64 10101110 5 match 0
75 01011011 5 match 1

07 00010001 2
10 00111101 5
21 11000101 4
32 11101101 6
43 10001000 2
54 00101000 2
65 01111001 5
76 11011101 6

Matching output
0 46 64
1 57 75
2 60 06
3 71 17
4 absent
5 absent
6 absent
7 absent

Left
46 57 60 71 02x
64 75 06 17 20x
Best: XOR-NOT46 57 60 71: 4

Right
none
Best: none

Selecting

Lefts
Identity none
NOT none
Constant none
AND none
OR none
XOR none
AND-NOT none
OR-NOT none
XOR-NOT XOR-NOT46 57 60 71: 4

Rights
Identity none
NOT none
Constant none
AND none
OR none
XOR none
AND-NOT none
OR-NOT OR-NOT35 24 13 02: 4
XOR-NOT none

Left longest: 4
Right longest: 4

Left winner: Identity no, NOT no, Constant no, AND no, OR no, XOR no, AND-NOT no, OR-NOT no, XOR-NOT yes
Right winner: Identity no, NOT no, Constant no, AND no, OR no, XOR no, AND-NOT no, OR-NOT yes, XOR-NOT no

Best left: XOR-NOT46 57 60 71: 4
Best right: OR-NOT35 24 13 02: 4

Truncated left: XOR-NOT46 57 60 71: 4
Truncated right: OR-NOT35 24 13 02: 4

Tentative from right
7 OR-NOT35
6 OR-NOT24
5 OR-NOT13
4 OR-NOT02
3 pending
2 pending
1 pending
0 pending

Tentative
0 XOR-NOT46
1 XOR-NOT57
2 XOR-NOT60
3 XOR-NOT71
4 OR-NOT02
5 OR-NOT13
6 OR-NOT24
7 OR-NOT35

Preferred from left
0 XOR-NOT46
1 XOR-NOT57
2 XOR-NOT60
3 XOR-NOT71
4 OR-NOT02
5 OR-NOT13
6 OR-NOT24
7 OR-NOT35

Preferred from right
7 OR-NOT35
6 OR-NOT24
5 OR-NOT13
4 OR-NOT02
3 XOR-NOT71
2 XOR-NOT60
1 XOR-NOT57
0 XOR-NOT46

Preferred
0 XOR-NOT46
1 XOR-NOT57
2 XOR-NOT60
3 XOR-NOT71
4 OR-NOT02
5 OR-NOT13
6 OR-NOT24
7 OR-NOT35

Matching
0 XOR-NOT46
1 XOR-NOT57
2 XOR-NOT60
3 XOR-NOT71
4 OR-NOT02
5 OR-NOT13
6 OR-NOT24
7 OR-NOT35

Perfect match
Identity no
NOT no
Constant no
AND no
OR no
XOR no
AND-NOT no
OR-NOT no
XOR-NOT no

Matched
0 XOR-NOT46
1 XOR-NOT57
2 XOR-NOT60
3 XOR-NOT71
4 OR-NOT02
5 OR-NOT13
6 OR-NOT24
7 OR-NOT35

Selected
0 XOR-NOT46
1 XOR-NOT57
2 XOR-NOT60
3 XOR-NOT71
4 OR-NOT02
5 OR-NOT13
6 OR-NOT24
7 OR-NOT35

Applying to 11010000
Input
0 1
1 1
2 0
3 1
4 0
5 0
6 0
7 0
Output
0 XOR-NOT46 = XOR(0,NOT(0)) = 1
1 XOR-NOT57 = XOR(0,NOT(0)) = 1
2 XOR-NOT60 = XOR(0,NOT(1)) = 0
3 XOR-NOT71 = XOR(0,NOT(1)) = 0
4 OR-NOT02 = OR(1,NOT(0)) = 1
5 OR-NOT13 = OR(1,NOT(1)) = 1
6 OR-NOT24 = OR(0,NOT(0)) = 1
7 OR-NOT35 = OR(1,NOT(0)) = 1

I will now return the answer in \boxed{}
The answer in \boxed{–} is \boxed{11001111}
[correct]
true
