[category]
bit_manipulation
[prompt]
In Alice's Wonderland, a secret bit manipulation rule transforms 8-bit binary numbers. The transformation involves operations like bit shifts, rotations, XOR, AND, OR, NOT, and possibly majority or choice functions.

Here are some examples of input -> output:
11011100 -> 11110111
10100110 -> 10111001
10111000 -> 11101110
01111111 -> 11111111
01010100 -> 10110101
01001010 -> 11010010
10100010 -> 10111000
10100111 -> 11111001
10100101 -> 01101001

Now, determine the output for: 11000101
[completion]
We need to deduce the transformation by matching the example outputs.
I will put my final answer inside \boxed{}.

Output 0: 11110111
0 1
1 1
2 1
3 1
4 0
5 1
6 1
7 1

Output 1: 10111001
0 1
1 0
2 1
3 1
4 1
5 0
6 0
7 1

Output 2: 11101110
0 1
1 1
2 1
3 0
4 1
5 1
6 1
7 0

Output 3: 11111111
0 1
1 1
2 1
3 1
4 1
5 1
6 1
7 1

Output 4: 10110101
0 1
1 0
2 1
3 1
4 0
5 1
6 0
7 1

Output 5: 11010010
0 1
1 1
2 0
3 1
4 0
5 0
6 1
7 0

Output 6: 10111000
0 1
1 0
2 1
3 1
4 1
5 0
6 0
7 0

Output 7: 11111001
0 1
1 1
2 1
3 1
4 1
5 0
6 0
7 1

Output 8: 01101001
0 0
1 1
2 1
3 0
4 1
5 0
6 0
7 1

Output bit columns (with bitsum as hash)
0 111111110 8
1 101101011 6
2 111110111 8
3 110111110 7
4 011100111 6
5 101110000 4
6 101101000 4
7 110110011 6

Input 0: 11011100
0 1
1 1
2 0
3 1
4 1
5 1
6 0
7 0

Input 1: 10100110
0 1
1 0
2 1
3 0
4 0
5 1
6 1
7 0

Input 2: 10111000
0 1
1 0
2 1
3 1
4 1
5 0
6 0
7 0

Input 3: 01111111
0 0
1 1
2 1
3 1
4 1
5 1
6 1
7 1

Input 4: 01010100
0 0
1 1
2 0
3 1
4 0
5 1
6 0
7 0

Input 5: 01001010
0 0
1 1
2 0
3 0
4 1
5 0
6 1
7 0

Input 6: 10100010
0 1
1 0
2 1
3 0
4 0
5 0
6 1
7 0

Input 7: 10100111
0 1
1 0
2 1
3 0
4 0
5 1
6 1
7 1

Input 8: 10100101
0 1
1 0
2 1
3 0
4 0
5 1
6 0
7 1

When matching output
x: not in operator
y: wrong position

Identity
0 111000111 6
1 100111000 4
2 011100111 6 match 4
3 101110000 4 match 5
4 101101000 4 match 6
5 110110011 6 match 7
6 010101110 5
7 000100011 3

Matching output
0 absent
1 absent
2 absent
3 absent
4 2
5 3
6 4
7 5

Left
none
Best: none

Right
5 4 3 2 1x
Best: I5 4 3 2: 4

NOT
0 000111000 3
1 011000111 5
2 100011000 3
3 010001111 5
4 010010111 5
5 001001100 3
6 101010001 4
7 111011100 6

Matching output
0 absent
1 absent
2 absent
3 absent
4 absent
5 absent
6 absent
7 absent

Left
none
Best: none

Right
none
Best: none

Constant
0 000000000 a
1 111111111 a

Matching output
0 absent
1 absent
2 absent
3 absent
4 absent
5 absent
6 absent
7 absent

Left
none
Best: none

Right
none
Best: none

AND
01 10 100000000 1
12 21 000100000 1
23 32 001100000 2
34 43 101100000 3
45 54 100100000 2
56 65 010100010 3
67 76 000100010 2
70 07 000000011 2

02 20 011000111 5
13 31 100110000 3
24 42 001100000 2
35 53 100110000 3
46 64 000101000 2
57 75 000100011 3
60 06 010000110 3
71 17 000100000 1

03 30 101000000 2
14 41 100101000 3
25 52 010100011 4
36 63 000100000 1
47 74 000100000 1
50 05 110000011 4
61 16 000101000 2
72 27 000100011 3

04 40 101000000 2
15 51 100110000 3
26 62 010100110 4
37 73 000100000 1

Matching output
0 absent
1 absent
2 absent
3 absent
4 absent
5 absent
6 absent
7 absent

Left
none
Best: none

Right
none
Best: none

OR
01 10 111111111 a
12 21 111111111 a
23 32 111110111 8 match 2
34 43 101111000 5
45 54 111111011 8
56 65 110111111 8
67 76 010101111 6
70 07 111100111 7

02 20 111100111 7
13 31 101111000 5
24 42 111101111 8
35 53 111110011 7
46 64 111101110 7
57 75 110110011 6 match 7
60 06 111101111 8
71 17 100111011 6

03 30 111110111 8 match 2
14 41 101111000 5
25 52 111110111 8 match 2
36 63 111111110 8 match 0
47 74 101101011 6 match 1
50 05 111110111 8 match 2
61 16 110111110 7 match 3
72 27 011100111 6 match 4

04 40 111101111 8
15 51 110111011 7
26 62 011101111 7
37 73 101110011 6

Matching output
0 36 63
1 47 74
2 23 32 03 30 25 52 50 05
3 61 16
4 72 27
5 absent
6 absent
7 57 75

Left
36 47 50 61 72 03y
63 74 05 16 27 30y
Best: OR36 47 50 61 72: 5

Right
57 46x
75 64x
Best: OR57: 1

XOR
01 10 011111111 8
12 21 111011111 8
23 32 110010111 6
34 43 000011000 2
45 54 011011011 6
56 65 100011101 5
67 76 010001101 4
70 07 111100100 5

02 20 100100000 2
13 31 001001000 2
24 42 110001111 6
35 53 011000011 4
46 64 111000110 5
57 75 110010000 3
60 06 101101001 5
71 17 100011011 5

03 30 010110111 6
14 41 001010000 2
25 52 101010100 4
36 63 111011110 7
47 74 101001011 5
50 05 001110100 4
61 16 110010110 5
72 27 011000100 3

04 40 010101111 6
15 51 010001011 4
26 62 001001001 3
37 73 101010011 5

Matching output
0 absent
1 absent
2 absent
3 absent
4 absent
5 absent
6 absent
7 absent

Left
none
Best: none

Right
none
Best: none

AND-NOT
01 011000111 5
12 100011000 3
23 010000111 4
34 000010000 1
45 001001000 2
56 100010001 3
67 010001100 3
70 000100000 1

02 100000000 1
13 000001000 1
24 010000111 4
35 001000000 1
46 101000000 2
57 110010000 3
60 000101000 2
71 000000011 2

03 010000111 4
14 000010000 1
25 001000100 2
36 101010000 3
47 101001000 3
50 000110000 2
61 010000110 3
72 000000000 a

04 010000111 4
15 000001000 1
26 001000001 2
37 101010000 3
40 000101000 2
51 010000011 3
62 000001000 1
73 000000011 2

05 001000100 2
16 100010000 2
27 011000100 3
30 000110000 2
41 001000000 1
52 100010000 2
63 010001110 4
74 000000011 2

06 101000001 3
17 100011000 3
20 000100000 1
31 001000000 1
42 100001000 2
53 010000011 3
64 010000110 3
75 000000000 a

07 111000100 4
10 000111000 3
21 011000111 5
32 100010000 2
43 000001000 1
54 010010011 4
65 000001100 2
76 000000001 1

Matching output
0 absent
1 absent
2 absent
3 absent
4 absent
5 absent
6 absent
7 absent

Left
none
Best: none

Right
none
Best: none

OR-NOT
01 111000111 6
12 100111000 4
23 011101111 7
34 111110111 8 match 2
45 101101100 5
56 111110011 7
67 111111110 8 match 0
70 000111011 5

02 111011111 8
13 110111111 8
24 011110111 7
35 101111100 6
46 101111001 6
57 111111111 a
60 010111110 6
71 011100111 6 match 4

03 111001111 7
14 110111111 8
25 011101111 7
36 101110001 5
47 111111100 7
50 110111011 7
61 011101111 7
72 100111011 6

04 111010111 7
15 101111100 6
26 111110111 8 match 2
37 111111100 7
40 101111000 5
51 111110111 8 match 2
62 110111110 7 match 3
73 010101111 6

05 111001111 7
16 101111001 6
27 111111111 a
30 101111000 5
41 111101111 8
52 110111011 7
63 010101111 6
74 010110111 6

06 111010111 7
17 111111100 7
20 011111111 8
31 111110111 8 match 2
42 101111000 5
53 110111111 8
64 010111111 7
75 001101111 6

07 111011111 8
10 100111000 4
21 011100111 6 match 4
32 101111000 5
43 111101111 8
54 110110111 7
65 011101110 6
76 101110011 6

Matching output
0 67
1 absent
2 34 26 51 31
3 62
4 71 21
5 absent
6 absent
7 absent

Left
67 70x
Best: OR-NOT67: 1

Right
none
Best: none

XOR-NOT
01 100000000 1
12 000100000 1
23 001101000 3
34 111100111 7
45 100100100 3
56 011100010 4
67 101110010 5
70 000011011 4

02 011011111 7
13 110110111 7
24 001110000 3
35 100111100 5
46 000111001 4
57 001101111 6
60 010010110 4
71 011100100 4

03 101001000 3
14 110101111 7
25 010101011 5
36 000100001 2
47 010110100 4
50 110001011 5
61 001101001 4
72 100111011 6

04 101010000 3
15 101110100 5
26 110110110 6
37 010101100 4
40 101010000 3
51 101110100 5
62 110110110 6
73 010101100 4

05 110001011 5
16 001101001 4
27 100111011 6
30 101001000 3
41 110101111 7
52 010101011 5
63 000100001 2
74 010110100 4

06 010010110 4
17 011100100 4
20 011011111 7
31 110110111 7
42 001110000 3
53 100111100 5
64 000111001 4
75 001101111 6

07 000011011 4
10 100000000 1
21 000100000 1
32 001101000 3
43 111100111 7
54 100100100 3
65 011100010 4
76 101110010 5

Matching output
0 absent
1 absent
2 absent
3 absent
4 absent
5 absent
6 absent
7 absent

Left
none
Best: none

Right
none
Best: none

Selecting

Lefts
Identity none
NOT none
Constant none
AND none
OR OR36 47 50 61 72: 5
XOR none
AND-NOT none
OR-NOT OR-NOT67: 1
XOR-NOT none

Rights
Identity I5 4 3 2: 4
NOT none
Constant none
AND none
OR OR57: 1
XOR none
AND-NOT none
OR-NOT none
XOR-NOT none

Left longest: 5
Right longest: 4

Left winner: Identity no, NOT no, Constant no, AND no, OR yes, XOR no, AND-NOT no, OR-NOT no, XOR-NOT no
Right winner: Identity yes, NOT no, Constant no, AND no, OR no, XOR no, AND-NOT no, OR-NOT no, XOR-NOT no

Best left: OR36 47 50 61 72: 5
Best right: I5 4 3 2: 4

Truncated left: OR36 47 50 61 72: 5
Truncated right: I5 4 3: 3 truncated

Tentative from right
7 I5
6 I4
5 I3
4 pending
3 pending
2 pending
1 pending
0 pending

Tentative
0 OR36
1 OR47
2 OR50
3 OR61
4 OR72
5 I3
6 I4
7 I5

Preferred from left
0 OR36
1 OR47
2 OR50
3 OR61
4 OR72
5 I3
6 I4
7 I5

Preferred from right
7 I5
6 I4
5 I3
4 OR72
3 OR61
2 OR50
1 OR47
0 OR36

Preferred
0 OR36
1 OR47
2 OR50
3 OR61
4 OR72
5 I3
6 I4
7 I5

Matching
0 OR36
1 OR47
2 OR50
3 OR61
4 OR72
5 I3
6 I4
7 I5

Perfect match
Identity no
NOT no
Constant no
AND no
OR no
XOR no
AND-NOT no
OR-NOT no
XOR-NOT no

Matched
0 OR36
1 OR47
2 OR50
3 OR61
4 OR72
5 I3
6 I4
7 I5

Selected
0 OR36
1 OR47
2 OR50
3 OR61
4 OR72
5 I3
6 I4
7 I5

Applying to 11000101
Input
0 1
1 1
2 0
3 0
4 0
5 1
6 0
7 1
Output
0 OR36 = OR(0,0) = 0
1 OR47 = OR(0,1) = 1
2 OR50 = OR(1,1) = 1
3 OR61 = OR(0,1) = 1
4 OR72 = OR(1,0) = 1
5 I3 = 0
6 I4 = 0
7 I5 = 1

I will now return the answer in \boxed{}
The answer in \boxed{–} is \boxed{01111001}
[correct]
true
