[category]
bit_manipulation
[prompt]
In Alice's Wonderland, a secret bit manipulation rule transforms 8-bit binary numbers. The transformation involves operations like bit shifts, rotations, XOR, AND, OR, NOT, and possibly majority or choice functions.

Here are some examples of input -> output:
01001101 -> 11011010
10100110 -> 01101101
11011110 -> 11111101
10100000 -> 01000001
10110101 -> 01111011
01110100 -> 11101000
00110110 -> 01101100
00110101 -> 01111010
00010100 -> 01101000
00001011 -> 10110110

Now, determine the output for: 01011110
[completion]
We need to deduce the transformation by matching the example outputs.
I will put my final answer inside \boxed{}.

Output 0: 11011010
0 1
1 1
2 0
3 1
4 1
5 0
6 1
7 0

Output 1: 01101101
0 0
1 1
2 1
3 0
4 1
5 1
6 0
7 1

Output 2: 11111101
0 1
1 1
2 1
3 1
4 1
5 1
6 0
7 1

Output 3: 01000001
0 0
1 1
2 0
3 0
4 0
5 0
6 0
7 1

Output 4: 01111011
0 0
1 1
2 1
3 1
4 1
5 0
6 1
7 1

Output 5: 11101000
0 1
1 1
2 1
3 0
4 1
5 0
6 0
7 0

Output 6: 01101100
0 0
1 1
2 1
3 0
4 1
5 1
6 0
7 0

Output 7: 01111010
0 0
1 1
2 1
3 1
4 1
5 0
6 1
7 0

Output 8: 01101000
0 0
1 1
2 1
3 0
4 1
5 0
6 0
7 0

Output 9: 10110110
0 1
1 0
2 1
3 1
4 0
5 1
6 1
7 0

Output bit columns (with bitsum as hash)
0 1010010001 4
1 1111111110 9
2 0110111111 8
3 1010100101 5
4 1110111110 8
5 0110001001 4
6 1000100101 4
7 0111100000 4

Input 0: 01001101
0 0
1 1
2 0
3 0
4 1
5 1
6 0
7 1

Input 1: 10100110
0 1
1 0
2 1
3 0
4 0
5 1
6 1
7 0

Input 2: 11011110
0 1
1 1
2 0
3 1
4 1
5 1
6 1
7 0

Input 3: 10100000
0 1
1 0
2 1
3 0
4 0
5 0
6 0
7 0

Input 4: 10110101
0 1
1 0
2 1
3 1
4 0
5 1
6 0
7 1

Input 5: 01110100
0 0
1 1
2 1
3 1
4 0
5 1
6 0
7 0

Input 6: 00110110
0 0
1 0
2 1
3 1
4 0
5 1
6 1
7 0

Input 7: 00110101
0 0
1 0
2 1
3 1
4 0
5 1
6 0
7 1

Input 8: 00010100
0 0
1 0
2 0
3 1
4 0
5 1
6 0
7 0

Input 9: 00001011
0 0
1 0
2 0
3 0
4 1
5 0
6 1
7 1

When matching output
x: not in operator
y: wrong position

Identity
0 0111100000 4 match 7
1 1010010000 3
2 0101111100 6
3 0010111110 6
4 1010000001 3
5 1110111110 8 match 4
6 0110001001 4 match 5
7 1000100101 4 match 6

Matching output
0 absent
1 absent
2 absent
3 absent
4 5
5 6
6 7
7 0

Left
none
Best: none

Right
0 7 6 5 4x
Best: I0 7 6 5: 4

NOT
0 1000011111 6
1 0101101111 7
2 1010000011 4
3 1101000001 4
4 0101111110 7
5 0001000001 2
6 1001110110 6
7 0111011010 6

Matching output
0 absent
1 absent
2 absent
3 absent
4 absent
5 absent
6 absent
7 absent

Left
none
Best: none

Right
none
Best: none

Constant
0 0000000000 a
1 1111111111 a

Matching output
0 absent
1 absent
2 absent
3 absent
4 absent
5 absent
6 absent
7 absent

Left
none
Best: none

Right
none
Best: none

AND
01 10 0010000000 1
12 21 0000010000 1
23 32 0000111100 4
34 43 0010000000 1
45 54 1010000000 2
56 65 0110001000 3
67 76 0000000001 1
70 07 0000100000 1

02 20 0101100000 3
13 31 0010010000 2
24 42 0000000000 a
35 53 0010111110 6
46 64 0010000001 2
57 75 1000100100 3
60 06 0110000000 2
71 17 1000000000 1

03 30 0010100000 2
14 41 1010000000 2
25 52 0100111100 5
36 63 0010001000 2
47 74 1000000001 2
50 05 0110100000 3
61 16 0010000000 1
72 27 0000100100 2

04 40 0010000000 1
15 51 1010010000 3
26 62 0100001000 2
37 73 0000100100 2

Matching output
0 absent
1 absent
2 absent
3 absent
4 absent
5 absent
6 absent
7 absent

Left
none
Best: none

Right
none
Best: none

OR
01 10 1111110000 6
12 21 1111111100 8
23 32 0111111110 8
34 43 1010111111 8
45 54 1110111111 9
56 65 1110111111 9
67 76 1110101101 7
70 07 1111100101 7

02 20 0111111100 7
13 31 1010111110 7
24 42 1111111101 9
35 53 1110111110 8 match 4
46 64 1110001001 5
57 75 1110111111 9
60 06 0111101001 6
71 17 1010110101 6

03 30 0111111110 8
14 41 1010010001 4 match 0
25 52 1111111110 9 match 1
36 63 0110111111 8 match 2
47 74 1010100101 5 match 3
50 05 1111111110 9 match 1
61 16 1110011001 6
72 27 1101111101 8

04 40 1111100001 6
15 51 1110111110 8 match 4
26 62 0111111101 8
37 73 1010111111 8

Matching output
0 14 41
1 25 52 50 05
2 36 63
3 47 74
4 35 53 15 51
5 absent
6 absent
7 absent

Left
14 25 36 47 50y
41 52 63 74 05y
Best: OR14 25 36 47: 4

Right
none
Best: none

XOR
01 10 1101110000 5
12 21 1111101100 7
23 32 0111000010 4
34 43 1000111111 7
45 54 0100111111 7
56 65 1000110111 6
67 76 1110101100 6
70 07 1111000101 6

02 20 0010011100 4
13 31 1000101110 5
24 42 1111111101 9
35 53 1100000000 2
46 64 1100001000 3
57 75 0110011011 6
60 06 0001101001 4
71 17 0010110101 5

03 30 0101011110 6
14 41 0000010001 2
25 52 1011000010 4
36 63 0100110111 6
47 74 0010100100 3
50 05 1001011110 6
61 16 1100011001 5
72 27 1101011001 6

04 40 1101100001 5
15 51 0100101110 5
26 62 0011110101 6
37 73 1010011011 6

Matching output
0 absent
1 absent
2 absent
3 absent
4 absent
5 absent
6 absent
7 absent

Left
none
Best: none

Right
none
Best: none

AND-NOT
01 0101100000 3
12 1010000000 2
23 0101000000 2
34 0000111110 5
45 0000000001 1
56 1000110110 5
67 0110001000 3
70 1000000101 3

02 0010000000 1
13 1000000000 1
24 0101111100 6
35 0000000000 a
46 1000000000 1
57 0110011010 5
60 0000001001 2
71 0000100101 3

03 0101000000 2
14 0000010000 1
25 0001000000 1
36 0000110110 4
47 0010000000 1
50 1000011110 5
61 0100001001 3
72 1000000001 2

04 0101100000 3
15 0000000000 a
26 0001110100 4
37 0010011010 4
40 1000000001 2
51 0100101110 5
62 0010000001 2
73 1000000001 2

05 0001000000 1
16 1000010000 2
27 0101011000 4
30 0000011110 4
41 0000000001 1
52 1010000010 3
63 0100000001 2
74 0000100100 2

06 0001100000 2
17 0010010000 2
20 0000011100 3
31 0000101110 4
42 1010000001 3
53 1100000000 2
64 0100001000 2
75 0000000001 1

07 0111000000 3
10 1000010000 2
21 0101101100 5
32 0010000010 2
43 1000000001 2
54 0100111110 6
65 0000000001 1
76 1000100100 3

Matching output
0 absent
1 absent
2 absent
3 absent
4 absent
5 absent
6 absent
7 absent

Left
none
Best: none

Right
none
Best: none

OR-NOT
01 0111101111 8
12 1010010011 5
23 1101111101 8
34 0111111110 8
45 1011000001 4
56 1111111110 9 match 1
67 0111011011 7
70 1000111111 7

02 1111100011 7
13 1111010001 6
24 0101111110 7
35 0011111111 8
46 1011110111 8
57 1111111110 9 match 1
60 1110011111 8
71 1101101111 8

03 1111100001 6
14 1111111110 9 match 1
25 0101111101 7
36 1011111110 8
47 1111011011 8
50 1110111111 9
61 0111101111 8
72 1010100111 6

04 0111111110 8
15 1011010001 5
26 1101111110 8
37 0111111110 8
40 1010011111 7
51 1111111111 a
62 1110001011 6
73 1101100101 6

05 0111100001 5
16 1011110110 7
27 0111111110 8
30 1010111111 8
41 1111101111 9
52 1110111111 9
63 1111001001 6
74 1101111111 9

06 1111110110 8
17 1111011010 7
20 1101111111 9
31 0111111111 9
42 1010000011 4
53 1111111111 a
64 0111111111 9
75 1001100101 5

07 0111111010 7
10 1010011111 7
21 0101111111 8
32 1010111111 8
43 1111000001 5
54 1111111110 9 match 1
65 0111001001 5
76 1001110111 7

Matching output
0 absent
1 56 57 14 54
2 absent
3 absent
4 absent
5 absent
6 absent
7 absent

Left
none
Best: none

Right
none
Best: none

XOR-NOT
01 0010001111 5
12 0000010011 3
23 1000111101 6
34 0111000000 3
45 1011000000 3
56 0111001000 4
67 0001010011 4
70 0000111010 4

02 1101100011 6
13 0111010001 5
24 0000000010 1
35 0011111111 8
46 0011110111 7
57 1001100100 4
60 1110010110 6
71 1101001010 5

03 1010100001 4
14 1111101110 8
25 0100111101 6
36 1011001000 4
47 1101011011 7
50 0110100001 4
61 0011100110 5
72 0010100110 4

04 0010011110 5
15 1011010001 5
26 1100001010 4
37 0101100100 4
40 0010011110 5
51 1011010001 5
62 1100001010 4
73 0101100100 4

05 0110100001 4
16 0011100110 5
27 0010100110 4
30 1010100001 4
41 1111101110 8
52 0100111101 6
63 1011001000 4
74 1101011011 7

06 1110010110 6
17 1101001010 5
20 1101100011 6
31 0111010001 5
42 0000000010 1
53 0011111111 8
64 0011110111 7
75 1001100100 4

07 0000111010 4
10 0010001111 5
21 0000010011 3
32 1000111101 6
43 0111000000 3
54 1011000000 3
65 0111001000 4
76 0001010011 4

Matching output
0 absent
1 absent
2 absent
3 absent
4 absent
5 absent
6 absent
7 absent

Left
none
Best: none

Right
none
Best: none

Selecting

Lefts
Identity none
NOT none
Constant none
AND none
OR OR14 25 36 47: 4
XOR none
AND-NOT none
OR-NOT none
XOR-NOT none

Rights
Identity I0 7 6 5: 4
NOT none
Constant none
AND none
OR none
XOR none
AND-NOT none
OR-NOT none
XOR-NOT none

Left longest: 4
Right longest: 4

Left winner: Identity no, NOT no, Constant no, AND no, OR yes, XOR no, AND-NOT no, OR-NOT no, XOR-NOT no
Right winner: Identity yes, NOT no, Constant no, AND no, OR no, XOR no, AND-NOT no, OR-NOT no, XOR-NOT no

Best left: OR14 25 36 47: 4
Best right: I0 7 6 5: 4

Truncated left: OR14 25 36 47: 4
Truncated right: I0 7 6 5: 4

Tentative from right
7 I0
6 I7
5 I6
4 I5
3 pending
2 pending
1 pending
0 pending

Tentative
0 OR14
1 OR25
2 OR36
3 OR47
4 I5
5 I6
6 I7
7 I0

Preferred from left
0 OR14
1 OR25
2 OR36
3 OR47
4 I5
5 I6
6 I7
7 I0

Preferred from right
7 I0
6 I7
5 I6
4 I5
3 OR47
2 OR36
1 OR25
0 OR14

Preferred
0 OR14
1 OR25
2 OR36
3 OR47
4 I5
5 I6
6 I7
7 I0

Matching
0 OR14
1 OR25
2 OR36
3 OR47
4 I5
5 I6
6 I7
7 I0

Perfect match
Identity no
NOT no
Constant no
AND no
OR no
XOR no
AND-NOT no
OR-NOT no
XOR-NOT no

Matched
0 OR14
1 OR25
2 OR36
3 OR47
4 I5
5 I6
6 I7
7 I0

Selected
0 OR14
1 OR25
2 OR36
3 OR47
4 I5
5 I6
6 I7
7 I0

Applying to 01011110
Input
0 0
1 1
2 0
3 1
4 1
5 1
6 1
7 0
Output
0 OR14 = OR(1,1) = 1
1 OR25 = OR(0,1) = 1
2 OR36 = OR(1,1) = 1
3 OR47 = OR(1,0) = 1
4 I5 = 1
5 I6 = 1
6 I7 = 0
7 I0 = 0

I will now return the answer in \boxed{}
The answer in \boxed{–} is \boxed{11111100}
[correct]
true
