[category]
bit_manipulation
[prompt]
In Alice's Wonderland, a secret bit manipulation rule transforms 8-bit binary numbers. The transformation involves operations like bit shifts, rotations, XOR, AND, OR, NOT, and possibly majority or choice functions.

Here are some examples of input -> output:
10010011 -> 01000100
01111111 -> 11011100
11101100 -> 00110001
00100110 -> 10001000
01101110 -> 10011000
01101111 -> 10011000
00010111 -> 01000100
01100010 -> 10001000
10000000 -> 00000000
10000110 -> 00000001

Now, determine the output for: 00100010
[completion]
We need to deduce the transformation by matching the example outputs.
I will put my final answer inside \boxed{}.

Output 0: 01000100
0 0
1 1
2 0
3 0
4 0
5 1
6 0
7 0

Output 1: 11011100
0 1
1 1
2 0
3 1
4 1
5 1
6 0
7 0

Output 2: 00110001
0 0
1 0
2 1
3 1
4 0
5 0
6 0
7 1

Output 3: 10001000
0 1
1 0
2 0
3 0
4 1
5 0
6 0
7 0

Output 4: 10011000
0 1
1 0
2 0
3 1
4 1
5 0
6 0
7 0

Output 5: 10011000
0 1
1 0
2 0
3 1
4 1
5 0
6 0
7 0

Output 6: 01000100
0 0
1 1
2 0
3 0
4 0
5 1
6 0
7 0

Output 7: 10001000
0 1
1 0
2 0
3 0
4 1
5 0
6 0
7 0

Output 8: 00000000
0 0
1 0
2 0
3 0
4 0
5 0
6 0
7 0

Output 9: 00000001
0 0
1 0
2 0
3 0
4 0
5 0
6 0
7 1

Output bit columns (with bitsum as hash)
0 0101110100 5
1 1100001000 3
2 0010000000 1
3 0110110000 4
4 0101110100 5
5 1100001000 3
6 0000000000 a
7 0010000001 2

Input 0: 10010011
0 1
1 0
2 0
3 1
4 0
5 0
6 1
7 1

Input 1: 01111111
0 0
1 1
2 1
3 1
4 1
5 1
6 1
7 1

Input 2: 11101100
0 1
1 1
2 1
3 0
4 1
5 1
6 0
7 0

Input 3: 00100110
0 0
1 0
2 1
3 0
4 0
5 1
6 1
7 0

Input 4: 01101110
0 0
1 1
2 1
3 0
4 1
5 1
6 1
7 0

Input 5: 01101111
0 0
1 1
2 1
3 0
4 1
5 1
6 1
7 1

Input 6: 00010111
0 0
1 0
2 0
3 1
4 0
5 1
6 1
7 1

Input 7: 01100010
0 0
1 1
2 1
3 0
4 0
5 0
6 1
7 0

Input 8: 10000000
0 1
1 0
2 0
3 0
4 0
5 0
6 0
7 0

Input 9: 10000110
0 1
1 0
2 0
3 0
4 0
5 1
6 1
7 0

When matching output
x: not in operator
y: wrong position

Identity
0 1010000011 4
1 0110110100 5
2 0111110100 6
3 1100001000 3 match 1 5
4 0110110000 4 match 3
5 0111111001 7
6 1101111101 8
7 1100011000 4

Matching output
0 absent
1 3
2 absent
3 4
4 absent
5 3
6 absent
7 absent

Left
none
Best: none

Right
none
Best: none

NOT
0 0101111100 6
1 1001001011 5
2 1000001011 4
3 0011110111 7
4 1001001111 6
5 1000000110 3
6 0010000010 2
7 0011100111 6

Matching output
0 absent
1 absent
2 absent
3 absent
4 absent
5 absent
6 absent
7 absent

Left
none
Best: none

Right
none
Best: none

Constant
0 0000000000 a match 6
1 1111111111 a

Matching output
0 absent
1 absent
2 absent
3 absent
4 absent
5 absent
6 C0
7 absent

Left
none
Best: none

Right
none
Best: none

AND
01 10 0010000000 1 match 2
12 21 0110110100 5
23 32 0100000000 1
34 43 0100000000 1
45 54 0110110000 4 match 3
56 65 0101111001 6
67 76 1100011000 4
70 07 1000000000 1

02 20 0010000000 1 match 2
13 31 0100000000 1
24 42 0110110000 4 match 3
35 53 0100001000 2
46 64 0100110000 3
57 75 0100011000 3
60 06 1000000001 2
71 17 0100010000 2

03 30 1000000000 1
14 41 0110110000 4 match 3
25 52 0111110000 5
36 63 1100001000 3 match 1 5
47 74 0100010000 2
50 05 0010000001 2 match 7
61 16 0100110100 4
72 27 0100010000 2

04 40 0010000000 1 match 2
15 51 0110110000 4 match 3
26 62 0101110100 5 match 0 4
37 73 1100001000 3 match 1 5

Matching output
0 26 62
1 36 63 37 73
2 01 10 02 20 04 40
3 45 54 24 42 14 41 15 51
4 26 62
5 36 63 37 73
6 absent
7 50 05

Left
26 37 40 51 62 73 04y
62 73 04 15 26 37 40y
Best: AND26 37 40 51 62 73: 6

Right
50 47x
05 74x
Best: AND50: 1

OR
01 10 1110110111 8
12 21 0111110100 6
23 32 1111111100 8
34 43 1110111000 6
45 54 0111111001 7
56 65 1111111101 9
67 76 1101111101 8
70 07 1110011011 7

02 20 1111110111 9
13 31 1110111100 7
24 42 0111110100 6
35 53 1111111001 8
46 64 1111111101 9
57 75 1111111001 8
60 06 1111111111 a
71 17 1110111100 7

03 30 1110001011 6
14 41 0110110100 5
25 52 0111111101 8
36 63 1101111101 8
47 74 1110111000 6
50 05 1111111011 9
61 16 1111111101 9
72 27 1111111100 8

04 40 1110110011 7
15 51 0111111101 8
26 62 1111111101 9
37 73 1100011000 4

Matching output
0 absent
1 absent
2 absent
3 absent
4 absent
5 absent
6 absent
7 absent

Left
none
Best: none

Right
none
Best: none

XOR
01 10 1100110111 7
12 21 0001000000 1
23 32 1011111100 7
34 43 1010111000 5
45 54 0001001001 3
56 65 1010000100 3
67 76 0001100101 4
70 07 0110011011 6

02 20 1101110111 8
13 31 1010111100 6
24 42 0001000100 2
35 53 1011110001 6
46 64 1011001101 6
57 75 1011100001 5
60 06 0111111110 8
71 17 1010101100 5

03 30 0110001011 5
14 41 0000000100 1
25 52 0000001101 3
36 63 0001110101 5
47 74 1010101000 4
50 05 1101111010 7
61 16 1011001001 5
72 27 1011101100 6

04 40 1100110011 6
15 51 0001001101 4
26 62 1010001001 4
37 73 0000010000 1

Matching output
0 absent
1 absent
2 absent
3 absent
4 absent
5 absent
6 absent
7 absent

Left
none
Best: none

Right
none
Best: none

AND-NOT
01 1000000011 3
12 0000000000 a match 6
23 0011110100 5
34 1000001000 2
45 0000000000 a match 6
56 0010000000 1 match 2
67 0001100101 4
70 0100011000 3

02 1000000011 3
13 0010110100 4
24 0001000100 2
35 1000000000 1
46 0010000000 1 match 2
57 0011100001 4
60 0101111100 6
71 1000001000 2

03 0010000011 3
14 0000000100 1
25 0000000100 1
36 0000000000 a match 6
47 0010100000 2
50 0101111000 5
61 1001001001 4
72 1000001000 2

04 1000000011 3
15 0000000100 1
26 0010000000 1 match 2
37 0000000000 a match 6
40 0100110000 3
51 0001001001 3
62 1000001001 3
73 0000010000 1

05 1000000010 2
16 0010000000 1 match 2
27 0011100100 4
30 0100001000 2
41 0000000000 a match 6
52 0000001001 2
63 0001110101 5
74 1000001000 2

06 0010000010 2
17 0010100100 3
20 0101110100 5 match 0 4
31 1000001000 2
42 0000000000 a match 6
53 0011110001 5
64 1001001101 5
75 1000000000 1

07 0010000011 3
10 0100110100 4
21 0001000000 1
32 1000001000 2
43 0010110000 3
54 0001001001 3
65 1000000100 2
76 0000000000 a match 6

Matching output
0 20
1 absent
2 56 46 26 16
3 absent
4 20
5 absent
6 12 45 36 37 41 42 76
7 absent

Left
20 31x
Best: AND-NOT20: 1

Right
none
Best: none

OR-NOT
01 1011001011 6
12 1110111111 9
23 0111110111 8
34 1101001111 7
45 1110110110 7
56 0111111011 8
67 1111111111 a
70 1101111100 7

02 1010001011 5
13 0111110111 8
24 1111111111 a
35 1100001110 5
46 0110110010 5
57 0111111111 9
60 1101111101 8
71 1101011011 7

03 1011110111 8
14 1111111111 a
25 1111110110 8
36 1110001010 5
47 0111110111 8
50 0111111101 8
61 1101111111 9
72 1100011011 6

04 1011001111 7
15 1110110110 7
26 0111110110 7
37 1111101111 9
40 0111111100 7
51 1111111011 9
62 1101111111 9
73 1111111111 a

05 1010000111 5
16 0110110110 6
27 0111110111 8
30 1101111100 7
41 1111111011 9
52 1111111011 9
63 1111111111 a
74 1101011111 8

06 1010000011 4
17 0111110111 8
20 0111111100 7
31 1101001011 6
42 1110111011 8
53 0111111111 9
64 1101111111 9
75 1100011110 6

07 1011100111 7
10 0111111100 7
21 1111111111 a
32 1100001011 5
43 0111110111 8
54 1111111111 a
65 1101111111 9
76 1110011010 6

Matching output
0 absent
1 absent
2 absent
3 absent
4 absent
5 absent
6 absent
7 absent

Left
none
Best: none

Right
none
Best: none

XOR-NOT
01 0011001000 3
12 1110111111 9
23 0100000011 3
34 0101000111 5
45 1110110110 7
56 0101111011 7
67 1110011010 6
70 1001100100 4

02 0010001000 2
13 0101000011 4
24 1110111011 8
35 0100001110 4
46 0100110010 4
57 0100011110 5
60 1000000001 2
71 0101010011 5

03 1001110100 5
14 1111111011 9
25 1111110010 7
36 1110001010 5
47 0101010111 6
50 0010000101 3
61 0100110110 5
72 0100010011 4

04 0011001100 4
15 1110110010 6
26 0101110110 6
37 1111101111 9
40 0011001100 4
51 1110110010 6
62 0101110110 6
73 1111101111 9

05 0010000101 3
16 0100110110 5
27 0100010011 4
30 1001110100 5
41 1111111011 9
52 1111110010 7
63 1110001010 5
74 0101010111 6

06 1000000001 2
17 0101010011 5
20 0010001000 2
31 0101000011 4
42 1110111011 8
53 0100001110 4
64 0100110010 4
75 0100011110 5

07 1001100100 4
10 0011001000 3
21 1110111111 9
32 0100000011 3
43 0101000111 5
54 1110110110 7
65 0101111011 7
76 1110011010 6

Matching output
0 absent
1 absent
2 absent
3 absent
4 absent
5 absent
6 absent
7 absent

Left
none
Best: none

Right
none
Best: none

Selecting

Lefts
Identity none
NOT none
Constant none
AND AND26 37 40 51 62 73: 6
OR none
XOR none
AND-NOT AND-NOT20: 1
OR-NOT none
XOR-NOT none

Rights
Identity none
NOT none
Constant none
AND AND50: 1
OR none
XOR none
AND-NOT none
OR-NOT none
XOR-NOT none

Left longest: 6
Right longest: 1

Left winner: Identity no, NOT no, Constant no, AND yes, OR no, XOR no, AND-NOT no, OR-NOT no, XOR-NOT no
Right winner: Identity no, NOT no, Constant no, AND yes, OR no, XOR no, AND-NOT no, OR-NOT no, XOR-NOT no

Best left: AND26 37 40 51 62 73: 6
Best right: AND50: 1

Truncated left: AND26 37 40 51 62 73: 6
Truncated right: AND50: 1

Tentative from right
7 AND50
6 pending
5 pending
4 pending
3 pending
2 pending
1 pending
0 pending

Tentative
0 AND26
1 AND37
2 AND40
3 AND51
4 AND62
5 AND73
6 pending
7 AND50

Preferred from left
0 AND26
1 AND37
2 AND40
3 AND51
4 AND62
5 AND73
6 ?04
7 AND50

Preferred from right
7 AND50
6 ?04
5 AND73
4 AND62
3 AND51
2 AND40
1 AND37
0 AND26

Preferred
0 AND26
1 AND37
2 AND40
3 AND51
4 AND62
5 AND73
6 ?04 ?40
7 AND50

Matching
0 AND26
1 AND37
2 AND40
3 AND51
4 AND62
5 AND73
6 ?04 ?40 - Identity absent, NOT absent, Constant C0, AND absent, OR absent, XOR absent, AND-NOT absent, OR-NOT absent, XOR-NOT absent
7 AND50

Perfect match
Identity no
NOT no
Constant yes
AND no
OR no
XOR no
AND-NOT no
OR-NOT no
XOR-NOT no

Matched
0 AND26
1 AND37
2 AND40
3 AND51
4 AND62
5 AND73
6 C0
7 AND50

Selected
0 AND26
1 AND37
2 AND40
3 AND51
4 AND62
5 AND73
6 C0
7 AND50

Applying to 00100010
Input
0 0
1 0
2 1
3 0
4 0
5 0
6 1
7 0
Output
0 AND26 = AND(1,1) = 1
1 AND37 = AND(0,0) = 0
2 AND40 = AND(0,0) = 0
3 AND51 = AND(0,0) = 0
4 AND62 = AND(1,1) = 1
5 AND73 = AND(0,0) = 0
6 C0 = 0
7 AND50 = AND(0,0) = 0

I will now return the answer in \boxed{}
The answer in \boxed{–} is \boxed{10001000}
[correct]
true
