[category]
bit_manipulation
[prompt]
In Alice's Wonderland, a secret bit manipulation rule transforms 8-bit binary numbers. The transformation involves operations like bit shifts, rotations, XOR, AND, OR, NOT, and possibly majority or choice functions.

Here are some examples of input -> output:
00001100 -> 00000000
01010001 -> 10000010
01011001 -> 10000010
10010001 -> 10000100
01001000 -> 00000010
11101011 -> 10000111
10011011 -> 10000100
01100100 -> 00000011

Now, determine the output for: 01110010
[completion]
We need to deduce the transformation by matching the example outputs.
I will put my final answer inside \boxed{}.

Output 0: 00000000
0 0
1 0
2 0
3 0
4 0
5 0
6 0
7 0

Output 1: 10000010
0 1
1 0
2 0
3 0
4 0
5 0
6 1
7 0

Output 2: 10000010
0 1
1 0
2 0
3 0
4 0
5 0
6 1
7 0

Output 3: 10000100
0 1
1 0
2 0
3 0
4 0
5 1
6 0
7 0

Output 4: 00000010
0 0
1 0
2 0
3 0
4 0
5 0
6 1
7 0

Output 5: 10000111
0 1
1 0
2 0
3 0
4 0
5 1
6 1
7 1

Output 6: 10000100
0 1
1 0
2 0
3 0
4 0
5 1
6 0
7 0

Output 7: 00000011
0 0
1 0
2 0
3 0
4 0
5 0
6 1
7 1

Output bit columns (with bitsum as hash)
0 01110110 5
1 00000000 a
2 00000000 a
3 00000000 a
4 00000000 a
5 00010110 3
6 01101101 5
7 00000101 2

Input 0: 00001100
0 0
1 0
2 0
3 0
4 1
5 1
6 0
7 0

Input 1: 01010001
0 0
1 1
2 0
3 1
4 0
5 0
6 0
7 1

Input 2: 01011001
0 0
1 1
2 0
3 1
4 1
5 0
6 0
7 1

Input 3: 10010001
0 1
1 0
2 0
3 1
4 0
5 0
6 0
7 1

Input 4: 01001000
0 0
1 1
2 0
3 0
4 1
5 0
6 0
7 0

Input 5: 11101011
0 1
1 1
2 1
3 0
4 1
5 0
6 1
7 1

Input 6: 10011011
0 1
1 0
2 0
3 1
4 1
5 0
6 1
7 1

Input 7: 01100100
0 0
1 1
2 1
3 0
4 0
5 1
6 0
7 0

When matching output
x: not in operator
y: wrong position

Identity
0 00010110 3 match 5
1 01101101 5 match 6
2 00000101 2 match 7
3 01110010 4
4 10101110 5
5 10000001 2
6 00000110 2
7 01110110 5 match 0

Matching output
0 7
1 absent
2 absent
3 absent
4 absent
5 0
6 1
7 2

Left
7 0y
Best: I7: 1

Right
2 1 0 7y
Best: I2 1 0: 3

NOT
0 11101001 5
1 10010010 3
2 11111010 6
3 10001101 4
4 01010001 3
5 01111110 6
6 11111001 6
7 10001001 3

Matching output
0 absent
1 absent
2 absent
3 absent
4 absent
5 absent
6 absent
7 absent

Left
none
Best: none

Right
none
Best: none

Constant
0 00000000 a match 1 2 3 4
1 11111111 a

Matching output
0 absent
1 C0
2 C0
3 C0
4 C0
5 absent
6 absent
7 absent

Left
none
Best: none

Right
none
Best: none

AND
01 10 00000100 1
12 21 00000101 2 match 7
23 32 00000000 a match 1 2 3 4
34 43 00100010 2
45 54 10000000 1
56 65 00000000 a match 1 2 3 4
67 76 00000110 2
70 07 00010110 3 match 5

02 20 00000100 1
13 31 01100000 2
24 42 00000100 1
35 53 00000000 a match 1 2 3 4
46 64 00000110 2
57 75 00000000 a match 1 2 3 4
60 06 00000110 2
71 17 01100100 3

03 30 00010010 2
14 41 00101100 3
25 52 00000001 1
36 63 00000010 1
47 74 00100110 3
50 05 00000000 a match 1 2 3 4
61 16 00000100 1
72 27 00000100 1

04 40 00000110 2
15 51 00000001 1
26 62 00000100 1
37 73 01110010 4

Matching output
0 absent
1 23 32 56 65 35 53 57 75 50 05
2 23 32 56 65 35 53 57 75 50 05
3 23 32 56 65 35 53 57 75 50 05
4 23 32 56 65 35 53 57 75 50 05
5 70 07
6 absent
7 12 21

Left
none
Best: none

Right
12 01x
21 10x
Best: AND12: 1

OR
01 10 01111111 7
12 21 01101101 5 match 6
23 32 01110111 6
34 43 11111110 7
45 54 10101111 6
56 65 10000111 4
67 76 01110110 5 match 0
70 07 01110110 5 match 0

02 20 00010111 4
13 31 01111111 7
24 42 10101111 6
35 53 11110011 6
46 64 10101110 5
57 75 11110111 7
60 06 00010110 3 match 5
71 17 01111111 7

03 30 01110110 5 match 0
14 41 11101111 7
25 52 10000101 3
36 63 01110110 5 match 0
47 74 11111110 7
50 05 10010111 5
61 16 01101111 6
72 27 01110111 6

04 40 10111110 6
15 51 11101101 6
26 62 00000111 3
37 73 01110110 5 match 0

Matching output
0 67 76 70 07 03 30 36 63 37 73
1 absent
2 absent
3 absent
4 absent
5 60 06
6 12 21
7 absent

Left
67 70y
76 07y
70 01x
07 10x
03 14x
30 41x
36 47x
63 74x
37 40x
73 04x
Best: OR67: 1

Right
none
Best: none

XOR
01 10 01111011 6
12 21 01101000 3
23 32 01110111 6
34 43 11011100 5
45 54 00101111 5
56 65 10000111 4
67 76 01110000 3
70 07 01100000 2

02 20 00010011 3
13 31 00011111 5
24 42 10101011 5
35 53 11110011 6
46 64 10101000 3
57 75 11110111 7
60 06 00010000 1
71 17 00011011 4

03 30 01100100 3
14 41 11000011 4
25 52 10000100 2
36 63 01110100 4
47 74 11011000 4
50 05 10010111 5
61 16 01101011 5
72 27 01110011 5

04 40 10111000 4
15 51 11101100 5
26 62 00000011 2
37 73 00000100 1

Matching output
0 absent
1 absent
2 absent
3 absent
4 absent
5 absent
6 absent
7 absent

Left
none
Best: none

Right
none
Best: none

AND-NOT
01 00010010 2
12 01101000 3
23 00000101 2 match 7
34 01010000 2
45 00101110 4
56 10000001 2
67 00000000 a match 1 2 3 4
70 01100000 2

02 00010010 2
13 00001101 3
24 00000001 1
35 01110010 4
46 10101000 3
57 10000001 2
60 00000000 a match 1 2 3 4
71 00010010 2

03 00000100 1
14 01000001 2
25 00000100 1
36 01110000 3
47 10001000 2
50 10000001 2
61 00000010 1
72 01110010 4

04 00010000 1
15 01101100 4
26 00000001 1
37 00000000 a match 1 2 3 4
40 10101000 3
51 10000000 1
62 00000010 1
73 00000100 1

05 00010110 3 match 5
16 01101001 4
27 00000001 1
30 01100000 2
41 10000010 2
52 10000000 1
63 00000100 1
74 01010000 2

06 00010000 1
17 00001001 2
20 00000001 1
31 00010010 2
42 10101010 4
53 10000001 2
64 00000000 a match 1 2 3 4
75 01110110 5 match 0

07 00000000 a match 1 2 3 4
10 01101001 4
21 00000000 a match 1 2 3 4
32 01110010 4
43 10001100 3
54 00000001 1
65 00000110 2
76 01110000 3

Matching output
0 75
1 67 60 37 64 07 21
2 67 60 37 64 07 21
3 67 60 37 64 07 21
4 67 60 37 64 07 21
5 05
6 absent
7 23

Left
75 06x
Best: AND-NOT75: 1

Right
23 12x
Best: AND-NOT23: 1

OR-NOT
01 10010110 4
12 11111111 a
23 10001101 4
34 01110011 5
45 11111110 7
56 11111001 6
67 10001111 5
70 11111111 a

02 11111110 7
13 11101101 6
24 01010101 4
35 01111110 6
46 11111111 a
57 10001001 3
60 11101111 7
71 11110110 6

03 10011111 6
14 01111101 6
25 01111111 7
36 11111011 7
47 10101111 6
50 11101001 5
61 10010110 4
72 11111110 7

04 01010111 5
15 01111111 7
26 11111101 7
37 11111011 7
40 11101111 7
51 10010011 4
62 11111110 7
73 11111111 a

05 01111110 6
16 11111101 7
27 10001101 4
30 11111011 7
41 10111110 6
52 11111011 7
63 10001111 5
74 01110111 6

06 11111111 a
17 11101101 6
20 11101101 6
31 11110010 5
42 11111110 7
53 10001101 4
64 01010111 5
75 01111110 6

07 10011111 6
10 11101101 6
21 10010111 5
32 11111010 6
43 10101111 6
54 11010001 4
65 01111110 6
76 11111111 a

Matching output
0 absent
1 absent
2 absent
3 absent
4 absent
5 absent
6 absent
7 absent

Left
none
Best: none

Right
none
Best: none

XOR-NOT
01 10000100 2
12 10010111 5
23 10001000 2
34 00100011 3
45 11010000 3
56 01111000 4
67 10001111 5
70 10011111 6

02 11101100 5
13 11100000 3
24 01010100 3
35 00001100 2
46 01010111 5
57 00001000 1
60 11101111 7
71 11100100 4

03 10011011 5
14 00111100 4
25 01111011 6
36 10001011 4
47 00100111 4
50 01101000 3
61 10010100 3
72 10001100 3

04 01000111 4
15 00010011 3
26 11111100 6
37 11111011 7
40 01000111 4
51 00010011 3
62 11111100 6
73 11111011 7

05 01101000 3
16 10010100 3
27 10001100 3
30 10011011 5
41 00111100 4
52 01111011 6
63 10001011 4
74 00100111 4

06 11101111 7
17 11100100 4
20 11101100 5
31 11100000 3
42 01010100 3
53 00001100 2
64 01010111 5
75 00001000 1

07 10011111 6
10 10000100 2
21 10010111 5
32 10001000 2
43 00100011 3
54 11010000 3
65 01111000 4
76 10001111 5

Matching output
0 absent
1 absent
2 absent
3 absent
4 absent
5 absent
6 absent
7 absent

Left
none
Best: none

Right
none
Best: none

Selecting

Lefts
Identity I7: 1
NOT none
Constant none
AND none
OR OR67: 1
XOR none
AND-NOT AND-NOT75: 1
OR-NOT none
XOR-NOT none

Rights
Identity I2 1 0: 3
NOT none
Constant none
AND AND12: 1
OR none
XOR none
AND-NOT AND-NOT23: 1
OR-NOT none
XOR-NOT none

Left longest: 1
Right longest: 3

Right winner: Identity yes, NOT no, Constant no, AND no, OR no, XOR no, AND-NOT no, OR-NOT no, XOR-NOT no
Left winner: Identity yes, NOT no, Constant no, AND no, OR no, XOR no, AND-NOT no, OR-NOT no, XOR-NOT no

Best right: I2 1 0: 3
Best left: I7: 1

Truncated right: I2 1 0: 3
Truncated left: I7: 1

Tentative from right
7 I2
6 I1
5 I0
4 pending
3 pending
2 pending
1 pending
0 pending

Tentative
0 I7
1 pending
2 pending
3 pending
4 pending
5 I0
6 I1
7 I2

Preferred from right
7 I2
6 I1
5 I0
4 ??7
3 ??6
2 ??5
1 ??4
0 I7

Preferred from left
0 I7
1 ?04
2 ?15
3 ?26
4 ?37
5 I0
6 I1
7 I2

Preferred
0 I7
1 ?04 ?40
2 ?15 ?51
3 ?26 ?62
4 ?37 ?73
5 I0
6 I1
7 I2

Matching
0 I7
1 ?04 ?40 - Identity absent, NOT absent, Constant C0, AND absent, OR absent, XOR absent, AND-NOT absent, OR-NOT absent, XOR-NOT absent
2 ?15 ?51 - Identity absent, NOT absent, Constant C0, AND absent, OR absent, XOR absent, AND-NOT absent, OR-NOT absent, XOR-NOT absent
3 ?26 ?62 - Identity absent, NOT absent, Constant C0, AND absent, OR absent, XOR absent, AND-NOT absent, OR-NOT absent, XOR-NOT absent
4 ?37 ?73 - Identity absent, NOT absent, Constant C0, AND absent, OR absent, XOR absent, AND-NOT37, OR-NOT absent, XOR-NOT absent
5 I0
6 I1
7 I2

Perfect match
Identity no
NOT no
Constant yes
AND no
OR no
XOR no
AND-NOT no
OR-NOT no
XOR-NOT no

Matched
0 I7
1 C0
2 C0
3 C0
4 C0
5 I0
6 I1
7 I2

Selected
0 I7
1 C0
2 C0
3 C0
4 C0
5 I0
6 I1
7 I2

Applying to 01110010
Input
0 0
1 1
2 1
3 1
4 0
5 0
6 1
7 0
Output
0 I7 = 0
1 C0 = 0
2 C0 = 0
3 C0 = 0
4 C0 = 0
5 I0 = 0
6 I1 = 1
7 I2 = 1

I will now return the answer in \boxed{}
The answer in \boxed{–} is \boxed{00000011}
[correct]
true
