[category]
bit_manipulation
[prompt]
In Alice's Wonderland, a secret bit manipulation rule transforms 8-bit binary numbers. The transformation involves operations like bit shifts, rotations, XOR, AND, OR, NOT, and possibly majority or choice functions.

Here are some examples of input -> output:
10011010 -> 00100001
11000111 -> 00001100
10011111 -> 00111001
11111110 -> 11101101
00010100 -> 00000000
01010100 -> 00000000
10000011 -> 00000000

Now, determine the output for: 01101000
[completion]
We need to deduce the transformation by matching the example outputs.
I will put my final answer inside \boxed{}.

Output 0: 00100001
0 0
1 0
2 1
3 0
4 0
5 0
6 0
7 1

Output 1: 00001100
0 0
1 0
2 0
3 0
4 1
5 1
6 0
7 0

Output 2: 00111001
0 0
1 0
2 1
3 1
4 1
5 0
6 0
7 1

Output 3: 11101101
0 1
1 1
2 1
3 0
4 1
5 1
6 0
7 1

Output 4: 00000000
0 0
1 0
2 0
3 0
4 0
5 0
6 0
7 0

Output 5: 00000000
0 0
1 0
2 0
3 0
4 0
5 0
6 0
7 0

Output 6: 00000000
0 0
1 0
2 0
3 0
4 0
5 0
6 0
7 0

Output bit columns (with bitsum as hash)
0 0001000 1
1 0001000 1
2 1011000 3
3 0010000 1
4 0111000 3
5 0101000 2
6 0000000 a
7 1011000 3

Input 0: 10011010
0 1
1 0
2 0
3 1
4 1
5 0
6 1
7 0

Input 1: 11000111
0 1
1 1
2 0
3 0
4 0
5 1
6 1
7 1

Input 2: 10011111
0 1
1 0
2 0
3 1
4 1
5 1
6 1
7 1

Input 3: 11111110
0 1
1 1
2 1
3 1
4 1
5 1
6 1
7 0

Input 4: 00010100
0 0
1 0
2 0
3 1
4 0
5 1
6 0
7 0

Input 5: 01010100
0 0
1 1
2 0
3 1
4 0
5 1
6 0
7 0

Input 6: 10000011
0 1
1 0
2 0
3 0
4 0
5 0
6 1
7 1

When matching output
x: not in operator
y: wrong position

Identity
0 1111001 5
1 0101010 3
2 0001000 1 match 0 1
3 1011110 5
4 1011000 3 match 2 7
5 0111110 5
6 1111001 5
7 0110001 3

Matching output
0 2
1 2
2 4
3 absent
4 absent
5 absent
6 absent
7 4

Left
2 3x
Best: I2: 1

Right
4 3x
Best: I4: 1

NOT
0 0000110 2
1 1010101 4
2 1110111 6
3 0100001 2
4 0100111 4
5 1000001 2
6 0000110 2
7 1001110 4

Matching output
0 absent
1 absent
2 absent
3 absent
4 absent
5 absent
6 absent
7 absent

Left
none
Best: none

Right
none
Best: none

Constant
0 0000000 a match 6
1 1111111 a

Matching output
0 absent
1 absent
2 absent
3 absent
4 absent
5 absent
6 C0
7 absent

Left
none
Best: none

Right
none
Best: none

AND
01 10 0101000 2 match 5
12 21 0001000 1 match 0 1
23 32 0001000 1 match 0 1
34 43 1011000 3 match 2 7
45 54 0011000 2
56 65 0111000 3 match 4
67 76 0110001 3
70 07 0110001 3

02 20 0001000 1 match 0 1
13 31 0001010 2
24 42 0001000 1 match 0 1
35 53 0011110 4
46 64 1011000 3 match 2 7
57 75 0110000 2
60 06 1111001 5
71 17 0100000 1

03 30 1011000 3 match 2 7
14 41 0001000 1 match 0 1
25 52 0001000 1 match 0 1
36 63 1011000 3 match 2 7
47 74 0010000 1 match 3
50 05 0111000 3 match 4
61 16 0101000 2 match 5
72 27 0000000 a match 6

04 40 1011000 3 match 2 7
15 51 0101010 3
26 62 0001000 1 match 0 1
37 73 0010000 1 match 3

Matching output
0 12 21 23 32 02 20 24 42 14 41 25 52 26 62
1 12 21 23 32 02 20 24 42 14 41 25 52 26 62
2 34 43 46 64 03 30 36 63 04 40
3 47 74 37 73
4 56 65 50 05
5 01 10 61 16
6 72 27
7 34 43 46 64 03 30 36 63 04 40

Left
12 23 34 45x
21 32 43 54x
23 34y
32 43y
02 13x
20 31x
24 35x
42 53x
14 25 36 47 50 61 72 03
41 52 63 74 05 16 27 30
25 36y
52 63y
26 37y
62 73y
Best: AND14 25 36 47 50 61 72 03: 8

Right
34 23y
43 32y
46 35x
64 53x
03 72 61 50 47 36 25 14
30 27 16 05 74 63 52 41
36 25y
63 52y
04 73y
40 37y
Best: AND03 72 61 50 47 36 25 14: 8

OR
01 10 1111011 6
12 21 0101010 3
23 32 1011110 5
34 43 1011110 5
45 54 1111110 6
56 65 1111111 a
67 76 1111001 5
70 07 1111001 5

02 20 1111001 5
13 31 1111110 6
24 42 1011000 3 match 2 7
35 53 1111110 6
46 64 1111001 5
57 75 0111111 6
60 06 1111001 5
71 17 0111011 5

03 30 1111111 a
14 41 1111010 5
25 52 0111110 5
36 63 1111111 a
47 74 1111001 5
50 05 1111111 a
61 16 1111011 6
72 27 0111001 4

04 40 1111001 5
15 51 0111110 5
26 62 1111001 5
37 73 1111111 a

Matching output
0 absent
1 absent
2 24 42
3 absent
4 absent
5 absent
6 absent
7 24 42

Left
none
Best: none

Right
24 13x
42 31x
Best: OR24: 1

XOR
01 10 1010011 4
12 21 0100010 2
23 32 1010110 4
34 43 0000110 2
45 54 1100110 4
56 65 1000111 4
67 76 1001000 2
70 07 1001000 2

02 20 1110001 4
13 31 1110100 4
24 42 1010000 2
35 53 1100000 2
46 64 0100001 2
57 75 0001111 4
60 06 0000000 a match 6
71 17 0011011 4

03 30 0100111 4
14 41 1110010 4
25 52 0110110 4
36 63 0100111 4
47 74 1101001 4
50 05 1000111 4
61 16 1010011 4
72 27 0111001 4

04 40 0100001 2
15 51 0010100 2
26 62 1110001 4
37 73 1101111 6

Matching output
0 absent
1 absent
2 absent
3 absent
4 absent
5 absent
6 60 06
7 absent

Left
none
Best: none

Right
none
Best: none

AND-NOT
01 1010001 3
12 0100010 2
23 0000000 a match 6
34 0000110 2
45 1000000 1
56 0000110 2
67 1001000 2
70 0000000 a match 6

02 1110001 4
13 0100000 1
24 0000000 a match 6
35 1000000 1
46 0000000 a match 6
57 0001110 3
60 0000000 a match 6
71 0010001 2

03 0100001 2
14 0100010 2
25 0000000 a match 6
36 0000110 2
47 1001000 2
50 0000110 2
61 1010001 3
72 0110001 3

04 0100001 2
15 0000000 a match 6
26 0000000 a match 6
37 1001110 4
40 0000000 a match 6
51 0010100 2
62 1110001 4
73 0100001 2

05 1000001 2
16 0000010 1
27 0001000 1 match 0 1
30 0000110 2
41 1010000 2
52 0110110 4
63 0100001 2
74 0100001 2

06 0000000 a match 6
17 0001010 2
20 0000000 a match 6
31 1010100 3
42 1010000 2
53 0100000 1
64 0100001 2
75 0000001 1

07 1001000 2
10 0000010 1
21 0000000 a match 6
32 1010110 4
43 0000000 a match 6
54 0100110 3
65 1000001 2
76 0000000 a match 6

Matching output
0 27
1 27
2 absent
3 absent
4 absent
5 absent
6 23 70 24 46 60 25 15 26 40 06 20 21 43 76
7 absent

Left
27 30x
Best: AND-NOT27: 1

Right
none
Best: none

OR-NOT
01 1111101 6
12 1111111 a
23 0101001 3
34 1111111 a
45 1011001 4
56 0111110 5
67 1111111 a
70 0110111 5

02 1111111 a
13 0101011 4
24 0101111 5
35 1011111 6
46 1011110 5
57 1111110 6
60 1111111 a
71 1110101 5

03 1111001 5
14 0101111 5
25 1001001 3
36 1011110 5
47 1011110 5
50 0111110 5
61 1111101 6
72 1110111 6

04 1111111 a
15 1101011 5
26 0001110 3
37 1011110 5
40 1011110 5
51 1111111 a
62 1111111 a
73 0110001 3

05 1111001 5
16 0101110 4
27 1001110 4
30 1011110 5
41 1011101 5
52 1111111 a
63 1111001 5
74 0110111 5

06 1111111 a
17 1101110 5
20 0001110 3
31 1011111 6
42 1111111 a
53 0111111 6
64 1111111 a
75 1110001 4

07 1111111 a
10 0101110 4
21 1011101 5
32 1111111 a
43 1111001 5
54 0111111 6
65 1111001 5
76 0110111 5

Matching output
0 absent
1 absent
2 absent
3 absent
4 absent
5 absent
6 absent
7 absent

Left
none
Best: none

Right
none
Best: none

XOR-NOT
01 0101100 3
12 1011101 5
23 0101001 3
34 1111001 5
45 0011001 3
56 0111000 3 match 4
67 0110111 5
70 0110111 5

02 0001110 3
13 0001011 3
24 0101111 5
35 0011111 5
46 1011110 5
57 1110000 3
60 1111111 a
71 1100100 3

03 1011000 3 match 2 7
14 0001101 3
25 1001001 3
36 1011000 3 match 2 7
47 0010110 3
50 0111000 3 match 4
61 0101100 3
72 1000110 3

04 1011110 5
15 1101011 5
26 0001110 3
37 0010000 1 match 3
40 1011110 5
51 1101011 5
62 0001110 3
73 0010000 1 match 3

05 0111000 3 match 4
16 0101100 3
27 1000110 3
30 1011000 3 match 2 7
41 0001101 3
52 1001001 3
63 1011000 3 match 2 7
74 0010110 3

06 1111111 a
17 1100100 3
20 0001110 3
31 0001011 3
42 0101111 5
53 0011111 5
64 1011110 5
75 1110000 3

07 0110111 5
10 0101100 3
21 1011101 5
32 0101001 3
43 1111001 5
54 0011001 3
65 0111000 3 match 4
76 0110111 5

Matching output
0 absent
1 absent
2 03 36 30 63
3 37 73
4 56 50 05 65
5 absent
6 absent
7 03 36 30 63

Left
none
Best: none

Right
03 72x
36 25x
30 27x
63 52x
Best: XOR-NOT03: 1

Selecting

Lefts
Identity I2: 1
NOT none
Constant none
AND AND14 25 36 47 50 61 72 03: 8
OR none
XOR none
AND-NOT AND-NOT27: 1
OR-NOT none
XOR-NOT none

Rights
Identity I4: 1
NOT none
Constant none
AND AND03 72 61 50 47 36 25 14: 8
OR OR24: 1
XOR none
AND-NOT none
OR-NOT none
XOR-NOT XOR-NOT03: 1

Left longest: 8
Right longest: 8

Left winner: Identity no, NOT no, Constant no, AND yes, OR no, XOR no, AND-NOT no, OR-NOT no, XOR-NOT no
Right winner: Identity no, NOT no, Constant no, AND yes, OR no, XOR no, AND-NOT no, OR-NOT no, XOR-NOT no

Best left: AND14 25 36 47 50 61 72 03: 8
Best right: AND03 72 61 50 47 36 25 14: 8

Truncated left: AND14 25 36 47 50 61 72 03: 8
Truncated right: none truncated

Tentative from right
7 pending
6 pending
5 pending
4 pending
3 pending
2 pending
1 pending
0 pending

Tentative
0 AND14
1 AND25
2 AND36
3 AND47
4 AND50
5 AND61
6 AND72
7 AND03

Preferred from left
0 AND14
1 AND25
2 AND36
3 AND47
4 AND50
5 AND61
6 AND72
7 AND03

Preferred from right
7 AND03
6 AND72
5 AND61
4 AND50
3 AND47
2 AND36
1 AND25
0 AND14

Preferred
0 AND14
1 AND25
2 AND36
3 AND47
4 AND50
5 AND61
6 AND72
7 AND03

Matching
0 AND14
1 AND25
2 AND36
3 AND47
4 AND50
5 AND61
6 AND72
7 AND03

Perfect match
Identity no
NOT no
Constant no
AND no
OR no
XOR no
AND-NOT no
OR-NOT no
XOR-NOT no

Matched
0 AND14
1 AND25
2 AND36
3 AND47
4 AND50
5 AND61
6 AND72
7 AND03

Selected
0 AND14
1 AND25
2 AND36
3 AND47
4 AND50
5 AND61
6 AND72
7 AND03

Applying to 01101000
Input
0 0
1 1
2 1
3 0
4 1
5 0
6 0
7 0
Output
0 AND14 = AND(1,1) = 1
1 AND25 = AND(1,0) = 0
2 AND36 = AND(0,0) = 0
3 AND47 = AND(1,0) = 0
4 AND50 = AND(0,0) = 0
5 AND61 = AND(0,1) = 0
6 AND72 = AND(0,1) = 0
7 AND03 = AND(0,0) = 0

I will now return the answer in \boxed{}
The answer in \boxed{–} is \boxed{10000000}
[correct]
true
