[category]
bit_manipulation
[prompt]
In Alice's Wonderland, a secret bit manipulation rule transforms 8-bit binary numbers. The transformation involves operations like bit shifts, rotations, XOR, AND, OR, NOT, and possibly majority or choice functions.

Here are some examples of input -> output:
10011010 -> 11100100
00110111 -> 01101000
11110101 -> 00100101
10010101 -> 00010011
11000010 -> 01001101
01101001 -> 10100010
01011111 -> 11011010

Now, determine the output for: 11101010
[completion]
We need to deduce the transformation by matching the example outputs.
I will put my final answer inside \boxed{}.

Output 0: 11100100
0 1
1 1
2 1
3 0
4 0
5 1
6 0
7 0

Output 1: 01101000
0 0
1 1
2 1
3 0
4 1
5 0
6 0
7 0

Output 2: 00100101
0 0
1 0
2 1
3 0
4 0
5 1
6 0
7 1

Output 3: 00010011
0 0
1 0
2 0
3 1
4 0
5 0
6 1
7 1

Output 4: 01001101
0 0
1 1
2 0
3 0
4 1
5 1
6 0
7 1

Output 5: 10100010
0 1
1 0
2 1
3 0
4 0
5 0
6 1
7 0

Output 6: 11011010
0 1
1 1
2 0
3 1
4 1
5 0
6 1
7 0

Output bit columns (with bitsum as hash)
0 1000011 3
1 1100101 4
2 1110010 4
3 0001001 2
4 0100101 3
5 1010100 3
6 0001011 3
7 0011100 3

Input 0: 10011010
0 1
1 0
2 0
3 1
4 1
5 0
6 1
7 0

Input 1: 00110111
0 0
1 0
2 1
3 1
4 0
5 1
6 1
7 1

Input 2: 11110101
0 1
1 1
2 1
3 1
4 0
5 1
6 0
7 1

Input 3: 10010101
0 1
1 0
2 0
3 1
4 0
5 1
6 0
7 1

Input 4: 11000010
0 1
1 1
2 0
3 0
4 0
5 0
6 1
7 0

Input 5: 01101001
0 0
1 1
2 1
3 0
4 1
5 0
6 0
7 1

Input 6: 01011111
0 0
1 1
2 0
3 1
4 1
5 1
6 1
7 1

When matching output
x: not in operator
y: wrong position

Identity
0 1011100 4
1 0010111 4
2 0110010 3
3 1111001 5
4 1000011 3 match 0
5 0111001 4
6 1100101 4 match 1
7 0111011 5

Matching output
0 4
1 6
2 absent
3 absent
4 absent
5 absent
6 absent
7 absent

Left
4 5x
Best: I4: 1

Right
none
Best: none

NOT
0 0100011 3
1 1101000 3
2 1001101 4
3 0000110 2
4 0111100 4
5 1000110 3
6 0011010 3
7 1000100 2

Matching output
0 absent
1 absent
2 absent
3 absent
4 absent
5 absent
6 absent
7 absent

Left
none
Best: none

Right
none
Best: none

Constant
0 0000000 a
1 1111111 a

Matching output
0 absent
1 absent
2 absent
3 absent
4 absent
5 absent
6 absent
7 absent

Left
none
Best: none

Right
none
Best: none

AND
01 10 0010100 2
12 21 0010010 2
23 32 0110000 2
34 43 1000001 2
45 54 0000001 1
56 65 0100001 2
67 76 0100001 2
70 07 0011000 2

02 20 0010000 1
13 31 0010001 2
24 42 0000010 1
35 53 0111001 4
46 64 1000001 2
57 75 0111001 4
60 06 1000100 2
71 17 0010011 3

03 30 1011000 3
14 41 0000011 2
25 52 0110000 2
36 63 1100001 3
47 74 0000011 2
50 05 0011000 2
61 16 0000101 2
72 27 0110010 3

04 40 1000000 1
15 51 0010001 2
26 62 0100000 1
37 73 0111001 4

Matching output
0 absent
1 absent
2 absent
3 absent
4 absent
5 absent
6 absent
7 absent

Left
none
Best: none

Right
none
Best: none

OR
01 10 1011111 6
12 21 0110111 5
23 32 1111011 6
34 43 1111011 6
45 54 1111011 6
56 65 1111101 6
67 76 1111111 a
70 07 1111111 a

02 20 1111110 6
13 31 1111111 a
24 42 1110011 5
35 53 1111001 5
46 64 1100111 5
57 75 0111011 5
60 06 1111101 6
71 17 0111111 6

03 30 1111101 6
14 41 1010111 5
25 52 0111011 5
36 63 1111101 6
47 74 1111011 6
50 05 1111101 6
61 16 1110111 6
72 27 0111011 5

04 40 1011111 6
15 51 0111111 6
26 62 1110111 6
37 73 1111011 6

Matching output
0 absent
1 absent
2 absent
3 absent
4 absent
5 absent
6 absent
7 absent

Left
none
Best: none

Right
none
Best: none

XOR
01 10 1001011 4
12 21 0100101 3 match 4
23 32 1001011 4
34 43 0111010 4
45 54 1111010 5
56 65 1011100 4
67 76 1011110 5
70 07 1100111 5

02 20 1101110 5
13 31 1101110 5
24 42 1110001 4
35 53 1000000 1
46 64 0100110 3
57 75 0000010 1
60 06 0111001 4
71 17 0101100 3

03 30 0100101 3 match 4
14 41 1010100 3 match 5
25 52 0001011 3 match 6
36 63 0011100 3 match 7
47 74 1111000 4
50 05 1100101 4 match 1
61 16 1110010 4 match 2
72 27 0001001 2 match 3

04 40 0011111 5
15 51 0101110 4
26 62 1010111 5
37 73 1000010 2

Matching output
0 absent
1 50 05
2 61 16
3 72 27
4 12 21 03 30
5 14 41
6 25 52
7 36 63

Left
none
Best: none

Right
36 25 14 03 72 61 50 47x
63 52 41 30 27 16 05 74x
Best: XOR36 25 14 03 72 61 50: 7

AND-NOT
01 1001000 2
12 0000101 2
23 0000010 1
34 0111000 3
45 1000010 2
56 0011000 2
67 1000100 2
70 0100011 3

02 1001100 3
13 0000110 2
24 0110000 2
35 1000000 1
46 0000010 1
57 0000000 a
60 0100001 2
71 0101000 2

03 0000100 1
14 0010100 2
25 0000010 1
36 0011000 2
47 1000000 1
50 0100001 2
61 1100000 2
72 0001001 2 match 3

04 0011100 3 match 7
15 0000110 2
26 0010010 2
37 1000000 1
40 0000011 2
51 0101000 2
62 1000101 3
73 0000010 1

05 1000100 2
16 0010010 2
27 0000000 a
30 0100001 2
41 1000000 1
52 0001001 2 match 3
63 0000100 1
74 0111000 3

06 0011000 2
17 0000100 1
20 0100010 2
31 1101000 3
42 1000001 2
53 0000000 a
64 0100100 2
75 0000010 1

07 1000100 2
10 0000011 2
21 0100000 1
32 1001001 3
43 0000010 1
54 0111000 3
65 1000100 2
76 0011010 3

Matching output
0 absent
1 absent
2 absent
3 72 52
4 absent
5 absent
6 absent
7 04

Left
none
Best: none

Right
04 73x
Best: AND-NOT04: 1

OR-NOT
01 1111100 5
12 1011111 6
23 0110110 4
34 1111101 6
45 1000111 4
56 0111011 5
67 1100101 4 match 1
70 0111011 5

02 1011101 5
13 0010111 4
24 0111110 5
35 1111111 a
46 1011011 5
57 1111101 6
60 1100111 5
71 1111011 6

03 1011110 5
14 0111111 6
25 1110110 5
36 1111011 6
47 1000111 4
50 0111011 5
61 1101101 5
72 1111111 a

04 1111100 5
15 1010111 5
26 0111010 4
37 1111101 6
40 1100011 4
51 1111001 5
62 1101101 5
73 0111111 6

05 1011110 5
16 0011111 5
27 1110110 5
30 1111011 6
41 1101011 5
52 1111101 6
63 1100111 5
74 0111111 6

06 1011110 5
17 1010111 5
20 0110011 4
31 1111001 5
42 1001111 5
53 0111111 6
64 1111101 6
75 1111111 a

07 1011100 4
10 0110111 5
21 1111010 5
32 1111101 6
43 1000111 4
54 0111101 5
65 1100111 5
76 0111011 5

Matching output
0 absent
1 67
2 absent
3 absent
4 absent
5 absent
6 absent
7 absent

Left
none
Best: none

Right
none
Best: none

XOR-NOT
01 0110100 3
12 1011010 4
23 0110100 3
34 1000101 3
45 0000101 2
56 0100011 3
67 0100001 2
70 0011000 2

02 0010001 2
13 0010001 2
24 0001110 3
35 0111111 6
46 1011001 4
57 1111101 6
60 1000110 3
71 1010011 4

03 1011010 4
14 0101011 4
25 1110100 4
36 1100011 4
47 0000111 3
50 0011010 3
61 0001101 3
72 1110110 5

04 1100000 2
15 1010001 3
26 0101000 2
37 0111101 5
40 1100000 2
51 1010001 3
62 0101000 2
73 0111101 5

05 0011010 3
16 0001101 3
27 1110110 5
30 1011010 4
41 0101011 4
52 1110100 4
63 1100011 4
74 0000111 3

06 1000110 3
17 1010011 4
20 0010001 2
31 0010001 2
42 0001110 3
53 0111111 6
64 1011001 4
75 1111101 6

07 0011000 2
10 0110100 3
21 1011010 4
32 0110100 3
43 1000101 3
54 0000101 2
65 0100011 3
76 0100001 2

Matching output
0 absent
1 absent
2 absent
3 absent
4 absent
5 absent
6 absent
7 absent

Left
none
Best: none

Right
none
Best: none

Selecting

Lefts
Identity I4: 1
NOT none
Constant none
AND none
OR none
XOR none
AND-NOT none
OR-NOT none
XOR-NOT none

Rights
Identity none
NOT none
Constant none
AND none
OR none
XOR XOR36 25 14 03 72 61 50: 7
AND-NOT AND-NOT04: 1
OR-NOT none
XOR-NOT none

Left longest: 1
Right longest: 7

Right winner: Identity no, NOT no, Constant no, AND no, OR no, XOR yes, AND-NOT no, OR-NOT no, XOR-NOT no
Left winner: Identity yes, NOT no, Constant no, AND no, OR no, XOR no, AND-NOT no, OR-NOT no, XOR-NOT no

Best right: XOR36 25 14 03 72 61 50: 7
Best left: I4: 1

Truncated right: XOR36 25 14 03 72 61 50: 7
Truncated left: I4: 1

Tentative from right
7 XOR36
6 XOR25
5 XOR14
4 XOR03
3 XOR72
2 XOR61
1 XOR50
0 pending

Tentative
0 I4
1 XOR50
2 XOR61
3 XOR72
4 XOR03
5 XOR14
6 XOR25
7 XOR36

Preferred from right
7 XOR36
6 XOR25
5 XOR14
4 XOR03
3 XOR72
2 XOR61
1 XOR50
0 I4

Preferred from left
0 I4
1 XOR50
2 XOR61
3 XOR72
4 XOR03
5 XOR14
6 XOR25
7 XOR36

Preferred
0 I4
1 XOR50
2 XOR61
3 XOR72
4 XOR03
5 XOR14
6 XOR25
7 XOR36

Matching
0 I4
1 XOR50
2 XOR61
3 XOR72
4 XOR03
5 XOR14
6 XOR25
7 XOR36

Perfect match
Identity no
NOT no
Constant no
AND no
OR no
XOR no
AND-NOT no
OR-NOT no
XOR-NOT no

Matched
0 I4
1 XOR50
2 XOR61
3 XOR72
4 XOR03
5 XOR14
6 XOR25
7 XOR36

Selected
0 I4
1 XOR50
2 XOR61
3 XOR72
4 XOR03
5 XOR14
6 XOR25
7 XOR36

Applying to 11101010
Input
0 1
1 1
2 1
3 0
4 1
5 0
6 1
7 0
Output
0 I4 = 1
1 XOR50 = XOR(0,1) = 1
2 XOR61 = XOR(1,1) = 0
3 XOR72 = XOR(0,1) = 1
4 XOR03 = XOR(1,0) = 1
5 XOR14 = XOR(1,1) = 0
6 XOR25 = XOR(1,0) = 1
7 XOR36 = XOR(0,1) = 1

I will now return the answer in \boxed{}
The answer in \boxed{–} is \boxed{11011011}
[correct]
true
