[category]
bit_manipulation
[prompt]
In Alice's Wonderland, a secret bit manipulation rule transforms 8-bit binary numbers. The transformation involves operations like bit shifts, rotations, XOR, AND, OR, NOT, and possibly majority or choice functions.

Here are some examples of input -> output:
10001110 -> 00011101
11011001 -> 10111011
11001100 -> 10011001
00001101 -> 00011011
00111011 -> 01110111
01010100 -> 10101010
10101110 -> 01011101
11101110 -> 11011101

Now, determine the output for: 00011000
[completion]
We need to deduce the transformation by matching the example outputs.
I will put my final answer inside \boxed{}.

Output 0: 00011101
0 0
1 0
2 0
3 1
4 1
5 1
6 0
7 1

Output 1: 10111011
0 1
1 0
2 1
3 1
4 1
5 0
6 1
7 1

Output 2: 10011001
0 1
1 0
2 0
3 1
4 1
5 0
6 0
7 1

Output 3: 00011011
0 0
1 0
2 0
3 1
4 1
5 0
6 1
7 1

Output 4: 01110111
0 0
1 1
2 1
3 1
4 0
5 1
6 1
7 1

Output 5: 10101010
0 1
1 0
2 1
3 0
4 1
5 0
6 1
7 0

Output 6: 01011101
0 0
1 1
2 0
3 1
4 1
5 1
6 0
7 1

Output 7: 11011101
0 1
1 1
2 0
3 1
4 1
5 1
6 0
7 1

Output bit columns (with bitsum as hash)
0 01100101 4
1 00001011 3
2 01001100 3
3 11111011 7
4 11110111 7
5 10001011 4
6 01011100 4
7 11111011 7

Input 0: 10001110
0 1
1 0
2 0
3 0
4 1
5 1
6 1
7 0

Input 1: 11011001
0 1
1 1
2 0
3 1
4 1
5 0
6 0
7 1

Input 2: 11001100
0 1
1 1
2 0
3 0
4 1
5 1
6 0
7 0

Input 3: 00001101
0 0
1 0
2 0
3 0
4 1
5 1
6 0
7 1

Input 4: 00111011
0 0
1 0
2 1
3 1
4 1
5 0
6 1
7 1

Input 5: 01010100
0 0
1 1
2 0
3 1
4 0
5 1
6 0
7 0

Input 6: 10101110
0 1
1 0
2 1
3 0
4 1
5 1
6 1
7 0

Input 7: 11101110
0 1
1 1
2 1
3 0
4 1
5 1
6 1
7 0

When matching output
x: not in operator
y: wrong position

Identity
0 11100011 5
1 01100101 4 match 0
2 00001011 3 match 1
3 01001100 3 match 2
4 11111011 7 match 3 7
5 10110111 6
6 10001011 4 match 5
7 01011000 3

Matching output
0 1
1 2
2 3
3 4
4 absent
5 6
6 absent
7 4

Left
1 2 3 4 5x
Best: I1 2 3 4: 4

Right
4 3y
Best: I4: 1

NOT
0 00011100 3
1 10011010 4
2 11110100 5
3 10110011 5
4 00000100 1
5 01001000 2
6 01110100 4
7 10100111 5

Matching output
0 absent
1 absent
2 absent
3 absent
4 absent
5 absent
6 absent
7 absent

Left
none
Best: none

Right
none
Best: none

Constant
0 00000000 a
1 11111111 a

Matching output
0 absent
1 absent
2 absent
3 absent
4 absent
5 absent
6 absent
7 absent

Left
none
Best: none

Right
none
Best: none

AND
01 10 01100001 3
12 21 00000001 1
23 32 00001000 1
34 43 01001000 2
45 54 10110011 5
56 65 10000011 3
67 76 00001000 1
70 07 01000000 1

02 20 00000011 2
13 31 01000100 2
24 42 00001011 3 match 1
35 53 00000100 1
46 64 10001011 4 match 5
57 75 00010000 1
60 06 10000011 3
71 17 01000000 1

03 30 01000000 1
14 41 01100001 3
25 52 00000011 2
36 63 00001000 1
47 74 01011000 3
50 05 10100011 4
61 16 00000001 1
72 27 00001000 1

04 40 11100011 5
15 51 00100101 3
26 62 00001011 3 match 1
37 73 01001000 2

Matching output
0 absent
1 24 42 26 62
2 absent
3 absent
4 absent
5 46 64
6 absent
7 absent

Left
none
Best: none

Right
none
Best: none

OR
01 10 11100111 6
12 21 01101111 6
23 32 01001111 5
34 43 11111111 a
45 54 11111111 a
56 65 10111111 7
67 76 11011011 6
70 07 11111011 7 match 3 7

02 20 11101011 6
13 31 01101101 5
24 42 11111011 7 match 3 7
35 53 11111111 a
46 64 11111011 7 match 3 7
57 75 11111111 a
60 06 11101011 6
71 17 01111101 6

03 30 11101111 7
14 41 11111111 a
25 52 10111111 7
36 63 11001111 6
47 74 11111011 7 match 3 7
50 05 11110111 7 match 4
61 16 11101111 7
72 27 01011011 5

04 40 11111011 7 match 3 7
15 51 11110111 7 match 4
26 62 10001011 4 match 5
37 73 01011100 4 match 6

Matching output
0 absent
1 absent
2 absent
3 70 07 24 42 46 64 47 74 04 40
4 50 05 15 51
5 26 62
6 37 73
7 70 07 24 42 46 64 47 74 04 40

Left
none
Best: none

Right
70 67x
07 76x
24 13x
42 31x
46 35x
64 53x
47 36x
74 63x
04 73 62 51 40 37y
40 37 26 15 04 73y
Best: OR04 73 62 51 40: 5

XOR
01 10 10000110 3
12 21 01101110 5
23 32 01000111 4
34 43 10110111 6
45 54 01001100 3 match 2
56 65 00111100 4
67 76 11010011 5
70 07 10111011 6

02 20 11101000 4
13 31 00101001 3
24 42 11110000 4
35 53 11111011 7 match 3 7
46 64 01110000 3
57 75 11101111 7
60 06 01101000 3
71 17 00111101 5

03 30 10101111 6
14 41 10011110 5
25 52 10111100 5
36 63 11000111 5
47 74 10100011 4
50 05 01010100 3
61 16 11101110 6
72 27 01010011 4

04 40 00011000 2
15 51 11010010 4
26 62 10000000 1
37 73 00010100 2

Matching output
0 absent
1 absent
2 45 54
3 35 53
4 absent
5 absent
6 absent
7 35 53

Left
none
Best: none

Right
35 24x
53 42x
Best: XOR35: 1

AND-NOT
01 10000010 2
12 01100100 3
23 00000011 2
34 00000100 1
45 01001000 2
56 00110100 3
67 10000011 3
70 00011000 2

02 11100000 3
13 00100001 2
24 00000000 a
35 01001000 2
46 01110000 3
57 10100111 5
60 00001000 1
71 00011000 2

03 10100011 4
14 00000100 1
25 00001000 1
36 01000100 2
47 10100011 4
50 00010100 2
61 10001010 3
72 01010000 2

04 00000000 a
15 01000000 1
26 00000000 a
37 00000100 1
40 00011000 2
51 10010010 3
62 10000000 1
73 00010000 1

05 01000000 1
16 01100100 3
27 00000011 2
30 00001100 2
41 10011010 4
52 10110100 4
63 10000011 3
74 00000000 a

06 01100000 2
17 00100101 3
20 00001000 1
31 00001000 1
42 11110000 4
53 10110011 5
64 00000000 a
75 01001000 2

07 10100011 4
10 00000100 1
21 00001010 2
32 01000100 2
43 10110011 5
54 00000100 1
65 00001000 1
76 01010000 2

Matching output
0 absent
1 absent
2 absent
3 absent
4 absent
5 absent
6 absent
7 absent

Left
none
Best: none

Right
none
Best: none

OR-NOT
01 11111011 7 match 3 7
12 11110101 6
23 10111011 6
34 01001100 3 match 2
45 11111011 7 match 3 7
56 11110111 7 match 4
67 10101111 6
70 01011100 4 match 6

02 11110111 7 match 4
13 11110111 7 match 4
24 00001111 4
35 01001100 3 match 2
46 11111111 a
57 10110111 6
60 10011111 6
71 11011010 5

03 11110011 6
14 01100101 4 match 0
25 01001011 4
36 01111100 5
47 11111111 a
50 10111111 7
61 10011011 5
72 11111100 6

04 11100111 6
15 01101101 5
26 01111111 7
37 11101111 7
40 11111111 a
51 10111111 7
62 11111111 a
73 11111011 7 match 3 7

05 11101011 6
16 01110101 5
27 10101111 6
30 01011100 4 match 6
41 11111011 7 match 3 7
52 11110111 7 match 4
63 10111011 6
74 01011100 4 match 6

06 11110111 7 match 4
17 11100111 6
20 00011111 5
31 11011110 6
42 11111111 a
53 10110111 6
64 10001111 5
75 01011000 3

07 11100111 6
10 01111101 6
21 10011011 5
32 11111100 6
43 11111011 7 match 3 7
54 10110111 6
65 11001011 5
76 01111100 5

Matching output
0 14
1 absent
2 34 35
3 01 45 73 41 43
4 56 02 13 52 06
5 absent
6 70 30 74
7 01 45 73 41 43

Left
14 25x
Best: OR-NOT14: 1

Right
01 70 67x
45 34y
73 62x
41 30 27x
43 32x
Best: OR-NOT01 70: 2

XOR-NOT
01 01111001 5
12 10010001 3
23 10111000 4
34 01001000 2
45 10110011 5
56 11000011 4
67 00101100 3
70 01000100 2

02 00010111 4
13 11010110 5
24 00001111 4
35 00000100 1
46 10001111 5
57 00010000 1
60 10010111 5
71 11000010 3

03 01010000 2
14 01100001 3
25 01000011 3
36 00111000 3
47 01011100 4 match 6
50 10101011 5
61 00010001 2
72 10101100 4

04 11100111 6
15 00101101 4
26 01111111 7
37 11101011 6
40 11100111 6
51 00101101 4
62 01111111 7
73 11101011 6

05 10101011 5
16 00010001 2
27 10101100 4
30 01010000 2
41 01100001 3
52 01000011 3
63 00111000 3
74 01011100 4 match 6

06 10010111 5
17 11000010 3
20 00010111 4
31 11010110 5
42 00001111 4
53 00000100 1
64 10001111 5
75 00010000 1

07 01000100 2
10 01111001 5
21 10010001 3
32 10111000 4
43 01001000 2
54 10110011 5
65 11000011 4
76 00101100 3

Matching output
0 absent
1 absent
2 absent
3 absent
4 absent
5 absent
6 47 74
7 absent

Left
none
Best: none

Right
none
Best: none

Selecting

Lefts
Identity I1 2 3 4: 4
NOT none
Constant none
AND none
OR none
XOR none
AND-NOT none
OR-NOT OR-NOT14: 1
XOR-NOT none

Rights
Identity I4: 1
NOT none
Constant none
AND none
OR OR04 73 62 51 40: 5
XOR XOR35: 1
AND-NOT none
OR-NOT OR-NOT01 70: 2
XOR-NOT none

Left longest: 4
Right longest: 5

Right winner: Identity no, NOT no, Constant no, AND no, OR yes, XOR no, AND-NOT no, OR-NOT no, XOR-NOT no
Left winner: Identity yes, NOT no, Constant no, AND no, OR no, XOR no, AND-NOT no, OR-NOT no, XOR-NOT no

Best right: OR04 73 62 51 40: 5
Best left: I1 2 3 4: 4

Truncated right: OR04 73 62 51 40: 5
Truncated left: I1 2 3: 3 truncated

Tentative from right
7 OR04
6 OR73
5 OR62
4 OR51
3 OR40
2 pending
1 pending
0 pending

Tentative
0 I1
1 I2
2 I3
3 OR40
4 OR51
5 OR62
6 OR73
7 OR04

Preferred from right
7 OR04
6 OR73
5 OR62
4 OR51
3 OR40
2 I3
1 I2
0 I1

Preferred from left
0 I1
1 I2
2 I3
3 OR40
4 OR51
5 OR62
6 OR73
7 OR04

Preferred
0 I1
1 I2
2 I3
3 OR40
4 OR51
5 OR62
6 OR73
7 OR04

Matching
0 I1
1 I2
2 I3
3 OR40
4 OR51
5 OR62
6 OR73
7 OR04

Perfect match
Identity no
NOT no
Constant no
AND no
OR no
XOR no
AND-NOT no
OR-NOT no
XOR-NOT no

Matched
0 I1
1 I2
2 I3
3 OR40
4 OR51
5 OR62
6 OR73
7 OR04

Selected
0 I1
1 I2
2 I3
3 OR40
4 OR51
5 OR62
6 OR73
7 OR04

Applying to 00011000
Input
0 0
1 0
2 0
3 1
4 1
5 0
6 0
7 0
Output
0 I1 = 0
1 I2 = 0
2 I3 = 1
3 OR40 = OR(1,0) = 1
4 OR51 = OR(0,0) = 0
5 OR62 = OR(0,0) = 0
6 OR73 = OR(0,1) = 1
7 OR04 = OR(0,1) = 1

I will now return the answer in \boxed{}
The answer in \boxed{–} is \boxed{00110011}
[correct]
true
