[category]
bit_manipulation
[prompt]
In Alice's Wonderland, a secret bit manipulation rule transforms 8-bit binary numbers. The transformation involves operations like bit shifts, rotations, XOR, AND, OR, NOT, and possibly majority or choice functions.

Here are some examples of input -> output:
11001111 -> 11110011
10001001 -> 01100010
01110100 -> 00011101
00110110 -> 10001101
00111011 -> 11001110
00011101 -> 01000111
10000111 -> 11100011
11011011 -> 11110111
01100001 -> 01011001

Now, determine the output for: 00001000
[completion]
We need to deduce the transformation by matching the example outputs.
I will put my final answer inside \boxed{}.

Output 0: 11110011
0 1
1 1
2 1
3 1
4 0
5 0
6 1
7 1

Output 1: 01100010
0 0
1 1
2 1
3 0
4 0
5 0
6 1
7 0

Output 2: 00011101
0 0
1 0
2 0
3 1
4 1
5 1
6 0
7 1

Output 3: 10001101
0 1
1 0
2 0
3 0
4 1
5 1
6 0
7 1

Output 4: 11001110
0 1
1 1
2 0
3 0
4 1
5 1
6 1
7 0

Output 5: 01000111
0 0
1 1
2 0
3 0
4 0
5 1
6 1
7 1

Output 6: 11100011
0 1
1 1
2 1
3 0
4 0
5 0
6 1
7 1

Output 7: 11110111
0 1
1 1
2 1
3 1
4 0
5 1
6 1
7 1

Output 8: 01011001
0 0
1 1
2 0
3 1
4 1
5 0
6 0
7 1

Output bit columns (with bitsum as hash)
0 100110110 5
1 110011111 7
2 110000110 4
3 101000011 4
4 001110001 4
5 001111010 5
6 110011110 6
7 101101111 7

Input 0: 11001111
0 1
1 1
2 0
3 0
4 1
5 1
6 1
7 1

Input 1: 10001001
0 1
1 0
2 0
3 0
4 1
5 0
6 0
7 1

Input 2: 01110100
0 0
1 1
2 1
3 1
4 0
5 1
6 0
7 0

Input 3: 00110110
0 0
1 0
2 1
3 1
4 0
5 1
6 1
7 0

Input 4: 00111011
0 0
1 0
2 1
3 1
4 1
5 0
6 1
7 1

Input 5: 00011101
0 0
1 0
2 0
3 1
4 1
5 1
6 0
7 1

Input 6: 10000111
0 1
1 0
2 0
3 0
4 0
5 1
6 1
7 1

Input 7: 11011011
0 1
1 1
2 0
3 1
4 1
5 0
6 1
7 1

Input 8: 01100001
0 0
1 1
2 1
3 0
4 0
5 0
6 0
7 1

When matching output
x: not in operator
y: wrong position

Identity
0 110000110 4 match 2
1 101000011 4 match 3
2 001110001 4 match 4
3 001111010 5 match 5
4 110011010 5
5 101101100 5
6 100110110 5 match 0
7 110011111 7 match 1

Matching output
0 6
1 7
2 0
3 1
4 2
5 3
6 absent
7 absent

Left
6 7 0 1 2 3 4x
Best: I6 7 0 1 2 3: 6

Right
none
Best: none

NOT
0 001111001 5
1 010111100 5
2 110001110 5
3 110000101 4
4 001100101 4
5 010010011 4
6 011001001 4
7 001100000 2

Matching output
0 absent
1 absent
2 absent
3 absent
4 absent
5 absent
6 absent
7 absent

Left
none
Best: none

Right
none
Best: none

Constant
0 000000000 a
1 111111111 a

Matching output
0 absent
1 absent
2 absent
3 absent
4 absent
5 absent
6 absent
7 absent

Left
none
Best: none

Right
none
Best: none

AND
01 10 100000010 2
12 21 001000001 2
23 32 001110000 3
34 43 000011010 3
45 54 100001000 2
56 65 100100100 3
67 76 100010110 4
70 07 110000110 4 match 2

02 20 000000000 a
13 31 001000010 2
24 42 000010000 1
35 53 001101000 3
46 64 100010010 3
57 75 100001100 3
60 06 100000110 3
71 17 100000011 3

03 30 000000010 1
14 41 100000010 2
25 52 001100000 2
36 63 000110010 3
47 74 110011010 5
50 05 100000100 2
61 16 100000010 2
72 27 000010001 2

04 40 110000010 3
15 51 101000000 2
26 62 000110000 2
37 73 000011010 3

Matching output
0 absent
1 absent
2 70 07
3 absent
4 absent
5 absent
6 absent
7 absent

Left
none
Best: none

Right
none
Best: none

OR
01 10 111000111 6
12 21 101110011 6
23 32 001111011 6
34 43 111111010 7
45 54 111111110 8
56 65 101111110 7
67 76 110111111 8
70 07 110011111 7 match 1

02 20 111110111 8
13 31 101111011 7
24 42 111111011 8
35 53 101111110 7
46 64 110111110 7
57 75 111111111 a
60 06 110110110 6
71 17 111011111 8

03 30 111111110 8
14 41 111011011 7
25 52 101111101 7
36 63 101111110 7
47 74 110011111 7 match 1
50 05 111101110 7
61 16 101110111 7
72 27 111111111 a

04 40 110011110 6 match 6
15 51 101101111 7 match 7
26 62 101110111 7
37 73 111111111 a

Matching output
0 absent
1 70 07 47 74
2 absent
3 absent
4 absent
5 absent
6 04 40
7 15 51

Left
none
Best: none

Right
15 04 73x
51 40 37x
Best: OR15 04: 2

XOR
01 10 011000101 4
12 21 100110010 4
23 32 000001011 3
34 43 111100000 4
45 54 011110110 6
56 65 001011010 4
67 76 010101001 4
70 07 000011001 3

02 20 111110111 8
13 31 100111001 5
24 42 111101011 7
35 53 100010110 4
46 64 010101100 4
57 75 011110011 6
60 06 010110000 3
71 17 011011100 5

03 30 111111100 7
14 41 011011001 5
25 52 100011101 5
36 63 101001100 4
47 74 000000101 2
50 05 011101010 5
61 16 001110101 5
72 27 111101110 7

04 40 000011100 3
15 51 000101111 5
26 62 101000111 5
37 73 111100101 6

Matching output
0 absent
1 absent
2 absent
3 absent
4 absent
5 absent
6 absent
7 absent

Left
none
Best: none

Right
none
Best: none

AND-NOT
01 010000100 2
12 100000010 2
23 000000001 1
34 001100000 2
45 010010010 3
56 001001000 2
67 000100000 1
70 000011001 3

02 110000110 4 match 2
13 100000001 2
24 001100001 3
35 000010010 2
46 010001000 2
57 001100000 2
60 000110000 2
71 010011100 4

03 110000100 3
14 001000001 2
25 000010001 2
36 001001000 2
47 000000000 a
50 001101000 3
61 000110100 3
72 110001110 5

04 000000100 1
15 000000011 2
26 001000001 2
37 001100000 2
40 000011000 2
51 000101100 3
62 100000110 3
73 110000101 4

05 010000010 2
16 001000001 2
27 001100000 2
30 001111000 4
41 010011000 3
52 100001100 3
63 100000100 2
74 000000101 2

06 010000000 1
17 001000000 1
20 001110001 4 match 4
31 000111000 3
42 110001010 4
53 100000100 2
64 000100100 2
75 010010011 4

07 000000000 a
10 001000001 2
21 000110000 2
32 000001010 2
43 110000000 2
54 001100100 3
65 000010010 2
76 010001001 3

Matching output
0 absent
1 absent
2 02
3 absent
4 20
5 absent
6 absent
7 absent

Left
none
Best: none

Right
none
Best: none

OR-NOT
01 110111110 7
12 111001111 7
23 111110101 7
34 001111111 7
45 110011011 6
56 111101101 7
67 101110110 6
70 111111111 a

02 110001110 5
13 111000111 6
24 001110101 5
35 011111011 7
46 111011011 7
57 101101100 5
60 101111111 8
71 110111111 8

03 110000111 5
14 101100111 6
25 011110011 6
36 011111011 7
47 111111010 7
50 101111101 7
61 110111110 7
72 110011111 7 match 1

04 111100111 7
15 111010011 6
26 011111001 6
37 001111010 5 match 5
40 111111011 8
51 111111100 7
62 110111110 7
73 110011111 7 match 1

05 110010111 6
16 111001011 6
27 001110001 4 match 4
30 001111011 6
41 110111110 7
52 111101110 7
63 110110111 7
74 111111111 a

06 111001111 7
17 101100011 5
20 001111001 5
31 011111110 7
42 110011110 6 match 6
53 111101101 7
64 101110111 7
75 110011111 7 match 1

07 111100110 6
10 101111011 7
21 011111101 7
32 111111110 8
43 110011111 7 match 1
54 101101101 6
65 110110111 7
76 111011111 8

Matching output
0 absent
1 72 73 75 43
2 absent
3 absent
4 27
5 37
6 42
7 absent

Left
none
Best: none

Right
none
Best: none

XOR-NOT
01 100111010 5
12 011001101 5
23 111110100 6
34 000011111 5
45 100001001 3
56 110100101 5
67 101010110 5
70 111100110 6

02 000001000 1
13 011000110 4
24 000010100 2
35 011101001 5
46 101010011 5
57 100001100 3
60 101001111 6
71 100100011 4

03 000000011 2
14 100100110 4
25 011100010 4
36 010110011 5
47 111111010 7
50 100010101 4
61 110001010 4
72 000010001 2

04 111100011 6
15 111010000 4
26 010111000 4
37 000011010 3
40 111100011 6
51 111010000 4
62 010111000 4
73 000011010 3

05 100010101 4
16 110001010 4
27 000010001 2
30 000000011 2
41 100100110 4
52 011100010 4
63 010110011 5
74 111111010 7

06 101001111 6
17 100100011 4
20 000001000 1
31 011000110 4
42 000010100 2
53 011101001 5
64 101010011 5
75 100001100 3

07 111100110 6
10 100111010 5
21 011001101 5
32 111110100 6
43 000011111 5
54 100001001 3
65 110100101 5
76 101010110 5

Matching output
0 absent
1 absent
2 absent
3 absent
4 absent
5 absent
6 absent
7 absent

Left
none
Best: none

Right
none
Best: none

Selecting

Lefts
Identity I6 7 0 1 2 3: 6
NOT none
Constant none
AND none
OR none
XOR none
AND-NOT none
OR-NOT none
XOR-NOT none

Rights
Identity none
NOT none
Constant none
AND none
OR OR15 04: 2
XOR none
AND-NOT none
OR-NOT none
XOR-NOT none

Left longest: 6
Right longest: 2

Left winner: Identity yes, NOT no, Constant no, AND no, OR no, XOR no, AND-NOT no, OR-NOT no, XOR-NOT no
Right winner: Identity no, NOT no, Constant no, AND no, OR yes, XOR no, AND-NOT no, OR-NOT no, XOR-NOT no

Best left: I6 7 0 1 2 3: 6
Best right: OR15 04: 2

Truncated left: I6 7 0 1 2 3: 6
Truncated right: OR15 04: 2

Tentative from right
7 OR15
6 OR04
5 pending
4 pending
3 pending
2 pending
1 pending
0 pending

Tentative
0 I6
1 I7
2 I0
3 I1
4 I2
5 I3
6 OR04
7 OR15

Preferred from left
0 I6
1 I7
2 I0
3 I1
4 I2
5 I3
6 OR04
7 OR15

Preferred from right
7 OR15
6 OR04
5 I3
4 I2
3 I1
2 I0
1 I7
0 I6

Preferred
0 I6
1 I7
2 I0
3 I1
4 I2
5 I3
6 OR04
7 OR15

Matching
0 I6
1 I7
2 I0
3 I1
4 I2
5 I3
6 OR04
7 OR15

Perfect match
Identity no
NOT no
Constant no
AND no
OR no
XOR no
AND-NOT no
OR-NOT no
XOR-NOT no

Matched
0 I6
1 I7
2 I0
3 I1
4 I2
5 I3
6 OR04
7 OR15

Selected
0 I6
1 I7
2 I0
3 I1
4 I2
5 I3
6 OR04
7 OR15

Applying to 00001000
Input
0 0
1 0
2 0
3 0
4 1
5 0
6 0
7 0
Output
0 I6 = 0
1 I7 = 0
2 I0 = 0
3 I1 = 0
4 I2 = 0
5 I3 = 0
6 OR04 = OR(0,1) = 1
7 OR15 = OR(0,0) = 0

I will now return the answer in \boxed{}
The answer in \boxed{–} is \boxed{00000010}
[correct]
true
