[category]
bit_manipulation
[prompt]
In Alice's Wonderland, a secret bit manipulation rule transforms 8-bit binary numbers. The transformation involves operations like bit shifts, rotations, XOR, AND, OR, NOT, and possibly majority or choice functions.

Here are some examples of input -> output:
00100010 -> 01100100
10111000 -> 10010111
00101011 -> 11010101
11000111 -> 10001000
11000110 -> 10111000
00010110 -> 10100010
01011111 -> 00011011
10000001 -> 00100000
10111111 -> 00000111
00001010 -> 11100001

Now, determine the output for: 11110000
[completion]
We need to deduce the transformation by matching the example outputs.
I will put my final answer inside \boxed{}.

Output 0: 01100100
0 0
1 1
2 1
3 0
4 0
5 1
6 0
7 0

Output 1: 10010111
0 1
1 0
2 0
3 1
4 0
5 1
6 1
7 1

Output 2: 11010101
0 1
1 1
2 0
3 1
4 0
5 1
6 0
7 1

Output 3: 10001000
0 1
1 0
2 0
3 0
4 1
5 0
6 0
7 0

Output 4: 10111000
0 1
1 0
2 1
3 1
4 1
5 0
6 0
7 0

Output 5: 10100010
0 1
1 0
2 1
3 0
4 0
5 0
6 1
7 0

Output 6: 00011011
0 0
1 0
2 0
3 1
4 1
5 0
6 1
7 1

Output 7: 00100000
0 0
1 0
2 1
3 0
4 0
5 0
6 0
7 0

Output 8: 00000111
0 0
1 0
2 0
3 0
4 0
5 1
6 1
7 1

Output 9: 11100001
0 1
1 1
2 1
3 0
4 0
5 0
6 0
7 1

Output bit columns (with bitsum as hash)
0 0111110001 6
1 1010000001 3
2 1000110101 5
3 0110101000 4
4 0001101000 3
5 1110000010 4
6 0100011010 4
7 0110001011 5

Input 0: 00100010
0 0
1 0
2 1
3 0
4 0
5 0
6 1
7 0

Input 1: 10111000
0 1
1 0
2 1
3 1
4 1
5 0
6 0
7 0

Input 2: 00101011
0 0
1 0
2 1
3 0
4 1
5 0
6 1
7 1

Input 3: 11000111
0 1
1 1
2 0
3 0
4 0
5 1
6 1
7 1

Input 4: 11000110
0 1
1 1
2 0
3 0
4 0
5 1
6 1
7 0

Input 5: 00010110
0 0
1 0
2 0
3 1
4 0
5 1
6 1
7 0

Input 6: 01011111
0 0
1 1
2 0
3 1
4 1
5 1
6 1
7 1

Input 7: 10000001
0 1
1 0
2 0
3 0
4 0
5 0
6 0
7 1

Input 8: 10111111
0 1
1 0
2 1
3 1
4 1
5 1
6 1
7 1

Input 9: 00001010
0 0
1 0
2 0
3 0
4 1
5 0
6 1
7 0

When matching output
x: not in operator
y: wrong position

Identity
0 0101100110 5
1 0001101000 3 match 4
2 1110000010 4 match 5
3 0100011010 4 match 6
4 0110001011 5 match 7
5 0001111010 5
6 1011111011 8
7 0011001110 5

Matching output
0 absent
1 absent
2 absent
3 absent
4 1
5 2
6 3
7 4

Left
none
Best: none

Right
4 3 2 1 0x
Best: I4 3 2 1: 4

NOT
0 1010011001 5
1 1110010111 7
2 0001111101 6
3 1011100101 6
4 1001110100 5
5 1110000101 5
6 0100000100 2
7 1100110001 5

Matching output
0 absent
1 absent
2 absent
3 absent
4 absent
5 absent
6 absent
7 absent

Left
none
Best: none

Right
none
Best: none

Constant
0 0000000000 a
1 1111111111 a

Matching output
0 absent
1 absent
2 absent
3 absent
4 absent
5 absent
6 absent
7 absent

Left
none
Best: none

Right
none
Best: none

AND
01 10 0001100000 2
12 21 0000000000 a
23 32 0100000010 2
34 43 0100001010 3
45 54 0000001010 2
56 65 0001111010 5
67 76 0011001010 4
70 07 0001000110 3

02 20 0100000010 2
13 31 0000001000 1
24 42 0110000010 3
35 53 0000011010 3
46 64 0010001011 4
57 75 0001001010 3
60 06 0001100010 3
71 17 0001001000 2

03 30 0100000010 2
14 41 0000001000 1
25 52 0000000010 1
36 63 0000011010 3
47 74 0010001010 3
50 05 0001100010 3
61 16 0001101000 3 match 4
72 27 0010000010 2

04 40 0100000010 2
15 51 0001101000 3 match 4
26 62 1010000010 3
37 73 0000001010 2

Matching output
0 absent
1 absent
2 absent
3 absent
4 61 16 15 51
5 absent
6 absent
7 absent

Left
none
Best: none

Right
none
Best: none

OR
01 10 0101101110 6
12 21 1111101010 7
23 32 1110011010 6
34 43 0110011011 6
45 54 0111111011 8
56 65 1011111011 8
67 76 1011111111 9
70 07 0111101110 7

02 20 1111100110 7
13 31 0101111010 6
24 42 1110001011 6
35 53 0101111010 6
46 64 1111111011 9
57 75 0011111110 7
60 06 1111111111 a
71 17 0011101110 6

03 30 0101111110 7
14 41 0111101011 7
25 52 1111111010 8
36 63 1111111011 9
47 74 0111001111 7
50 05 0101111110 7
61 16 1011111011 8
72 27 1111001110 7

04 40 0111101111 8
15 51 0001111010 5
26 62 1111111011 9
37 73 0111011110 7

Matching output
0 absent
1 absent
2 absent
3 absent
4 absent
5 absent
6 absent
7 absent

Left
none
Best: none

Right
none
Best: none

XOR
01 10 0100001110 4
12 21 1111101010 7
23 32 1010011000 4
34 43 0010010001 3
45 54 0111110001 6 match 0
56 65 1010000001 3 match 1
67 76 1000110101 5 match 2
70 07 0110101000 4 match 3

02 20 1011100100 5
13 31 0101110010 5
24 42 1000001001 3
35 53 0101100000 3
46 64 1101110000 5
57 75 0010110100 4
60 06 1110011101 7
71 17 0010100110 4

03 30 0001111100 5
14 41 0111100011 6
25 52 1111111000 7
36 63 1111100001 6
47 74 0101000101 4
50 05 0100011100 4
61 16 1010010011 5
72 27 1101001100 5

04 40 0011101101 6
15 51 0000010010 2
26 62 0101111001 6
37 73 0111010100 5

Matching output
0 45 54
1 56 65
2 67 76
3 70 07
4 absent
5 absent
6 absent
7 absent

Left
45 56 67 70 01x
54 65 76 07 10x
Best: XOR45 56 67 70: 4

Right
none
Best: none

AND-NOT
01 0100000110 3
12 0001101000 3 match 4
23 1010000000 2
34 0000010000 1
45 0110000001 3
56 0000000000 a
67 1000110001 4
70 0010001000 2

02 0001100100 3
13 0001100000 2
24 1000000000 1
35 0100000000 1
46 0100000000 1
57 0000110000 2
60 1010011001 5
71 0010000110 3

03 0001100100 3
14 0001100000 2
25 1110000000 3
36 0100000000 1
47 0100000001 2
50 0000011000 2
61 1010010011 5
72 0001001100 3

04 0001100100 3
15 0000000000 a
26 0100000000 1
37 0100010000 2
40 0010001001 3
51 0000010010 2
62 0001111001 5
73 0011000100 3

05 0100000100 2
16 0000000000 a
27 1100000000 2
30 0000011000 2
41 0110000011 4
52 0001111000 4
63 1011100001 5
74 0001000100 2

06 0100000100 2
17 0000100000 1
20 1010000000 2
31 0100010010 3
42 0000001001 2
53 0001100000 2
64 1001110000 4
75 0010000100 2

07 0100100000 2
10 0000001000 1
21 1110000010 4 match 5
32 0000011000 2
43 0010000001 2
54 0001110000 3
65 1010000001 3 match 1
76 0000000100 1

Matching output
0 absent
1 65
2 absent
3 absent
4 12
5 21
6 absent
7 absent

Left
none
Best: none

Right
none
Best: none

OR-NOT
01 1111110111 9
12 0001111101 6
23 1111100111 8
34 1101111110 8
45 1110001111 7
56 0101111110 7
67 1111111011 9
70 1011011111 8

02 0101111111 8
13 1011101101 7
24 1111110110 8
35 1110011111 8
46 0110001111 6
57 1101111011 8
60 1011111011 8
71 1111011111 9

03 1111100111 8
14 1001111100 6
25 1110000111 6
36 0100011110 5
47 1110111011 8
50 1011111011 8
61 1111111111 a
72 0011111111 8

04 1101110110 7
15 1111101101 8
26 1110000110 5
37 1100111011 7
40 1110011011 7
51 1111111111 a
62 1011111111 9
73 1011101111 8

05 1111100111 8
16 0101101100 5
27 1110110011 7
30 1110011011 7
41 1110011111 8
52 0001111111 7
63 1011111111 9
74 1011111110 8

06 0101100110 5
17 1101111001 7
20 1110011011 7
31 1110011111 8
42 0111111111 9
53 1011111111 9
64 1011111111 9
75 1111001111 8

07 1101110111 8
10 1011111001 7
21 1110010111 7
32 0101111111 8
43 1111101111 9
54 1001111110 7
65 1111111111 a
76 0111001110 6

Matching output
0 absent
1 absent
2 absent
3 absent
4 absent
5 absent
6 absent
7 absent

Left
none
Best: none

Right
none
Best: none

XOR-NOT
01 1011110001 6
12 0000010101 3
23 0101100111 6
34 1101101110 7
45 1000001110 4
56 0101111110 7
67 0111001010 5
70 1001010111 6

02 0100011011 5
13 1010001101 5
24 0111110110 7
35 1010011111 7
46 0010001111 5
57 1101001011 6
60 0001100010 3
71 1101011001 6

03 1110000011 5
14 1000011100 4
25 0000000111 3
36 0000011110 4
47 1010111010 6
50 1011100011 6
61 0101101100 5
72 0010110011 5

04 1100010010 4
15 1111101101 8
26 1010000110 4
37 1000101011 5
40 1100010010 4
51 1111101101 8
62 1010000110 4
73 1000101011 5

05 1011100011 6
16 0101101100 5
27 0010110011 5
30 1110000011 5
41 1000011100 4
52 0000000111 3
63 0000011110 4
74 1010111010 6

06 0001100010 3
17 1101011001 6
20 0100011011 5
31 1010001101 5
42 0111110110 7
53 1010011111 7
64 0010001111 5
75 1101001011 6

07 1001010111 6
10 1011110001 6
21 0000010101 3
32 0101100111 6
43 1101101110 7
54 1000001110 4
65 0101111110 7
76 0111001010 5

Matching output
0 absent
1 absent
2 absent
3 absent
4 absent
5 absent
6 absent
7 absent

Left
none
Best: none

Right
none
Best: none

Selecting

Lefts
Identity none
NOT none
Constant none
AND none
OR none
XOR XOR45 56 67 70: 4
AND-NOT none
OR-NOT none
XOR-NOT none

Rights
Identity I4 3 2 1: 4
NOT none
Constant none
AND none
OR none
XOR none
AND-NOT none
OR-NOT none
XOR-NOT none

Left longest: 4
Right longest: 4

Left winner: Identity no, NOT no, Constant no, AND no, OR no, XOR yes, AND-NOT no, OR-NOT no, XOR-NOT no
Right winner: Identity yes, NOT no, Constant no, AND no, OR no, XOR no, AND-NOT no, OR-NOT no, XOR-NOT no

Best left: XOR45 56 67 70: 4
Best right: I4 3 2 1: 4

Truncated left: XOR45 56 67 70: 4
Truncated right: I4 3 2 1: 4

Tentative from right
7 I4
6 I3
5 I2
4 I1
3 pending
2 pending
1 pending
0 pending

Tentative
0 XOR45
1 XOR56
2 XOR67
3 XOR70
4 I1
5 I2
6 I3
7 I4

Preferred from left
0 XOR45
1 XOR56
2 XOR67
3 XOR70
4 I1
5 I2
6 I3
7 I4

Preferred from right
7 I4
6 I3
5 I2
4 I1
3 XOR70
2 XOR67
1 XOR56
0 XOR45

Preferred
0 XOR45
1 XOR56
2 XOR67
3 XOR70
4 I1
5 I2
6 I3
7 I4

Matching
0 XOR45
1 XOR56
2 XOR67
3 XOR70
4 I1
5 I2
6 I3
7 I4

Perfect match
Identity no
NOT no
Constant no
AND no
OR no
XOR no
AND-NOT no
OR-NOT no
XOR-NOT no

Matched
0 XOR45
1 XOR56
2 XOR67
3 XOR70
4 I1
5 I2
6 I3
7 I4

Selected
0 XOR45
1 XOR56
2 XOR67
3 XOR70
4 I1
5 I2
6 I3
7 I4

Applying to 11110000
Input
0 1
1 1
2 1
3 1
4 0
5 0
6 0
7 0
Output
0 XOR45 = XOR(0,0) = 0
1 XOR56 = XOR(0,0) = 0
2 XOR67 = XOR(0,0) = 0
3 XOR70 = XOR(0,1) = 1
4 I1 = 1
5 I2 = 1
6 I3 = 1
7 I4 = 0

I will now return the answer in \boxed{}
The answer in \boxed{–} is \boxed{00011110}
[correct]
true
