[category]
bit_manipulation
[prompt]
In Alice's Wonderland, a secret bit manipulation rule transforms 8-bit binary numbers. The transformation involves operations like bit shifts, rotations, XOR, AND, OR, NOT, and possibly majority or choice functions.

Here are some examples of input -> output:
01111011 -> 10111111
01000000 -> 11111111
00001010 -> 01111111
00111110 -> 01111111
11110010 -> 01111111
00101000 -> 11111111
01111111 -> 10111111
00000101 -> 00111111

Now, determine the output for: 11001010
[completion]
We need to deduce the transformation by matching the example outputs.
I will put my final answer inside \boxed{}.

Output 0: 10111111
0 1
1 0
2 1
3 1
4 1
5 1
6 1
7 1

Output 1: 11111111
0 1
1 1
2 1
3 1
4 1
5 1
6 1
7 1

Output 2: 01111111
0 0
1 1
2 1
3 1
4 1
5 1
6 1
7 1

Output 3: 01111111
0 0
1 1
2 1
3 1
4 1
5 1
6 1
7 1

Output 4: 01111111
0 0
1 1
2 1
3 1
4 1
5 1
6 1
7 1

Output 5: 11111111
0 1
1 1
2 1
3 1
4 1
5 1
6 1
7 1

Output 6: 10111111
0 1
1 0
2 1
3 1
4 1
5 1
6 1
7 1

Output 7: 00111111
0 0
1 0
2 1
3 1
4 1
5 1
6 1
7 1

Output bit columns (with bitsum as hash)
0 11000110 4
1 01111100 5
2 11111111 a
3 11111111 a
4 11111111 a
5 11111111 a
6 11111111 a
7 11111111 a

Input 0: 01111011
0 0
1 1
2 1
3 1
4 1
5 0
6 1
7 1

Input 1: 01000000
0 0
1 1
2 0
3 0
4 0
5 0
6 0
7 0

Input 2: 00001010
0 0
1 0
2 0
3 0
4 1
5 0
6 1
7 0

Input 3: 00111110
0 0
1 0
2 1
3 1
4 1
5 1
6 1
7 0

Input 4: 11110010
0 1
1 1
2 1
3 1
4 0
5 0
6 1
7 0

Input 5: 00101000
0 0
1 0
2 1
3 0
4 1
5 0
6 0
7 0

Input 6: 01111111
0 0
1 1
2 1
3 1
4 1
5 1
6 1
7 1

Input 7: 00000101
0 0
1 0
2 0
3 0
4 0
5 1
6 0
7 1

When matching output
x: not in operator
y: wrong position

Identity
0 00001000 1
1 11001010 4
2 10011110 5
3 10011010 4
4 10110110 5
5 00010011 3
6 10111010 5
7 10000011 3

Matching output
0 absent
1 absent
2 absent
3 absent
4 absent
5 absent
6 absent
7 absent

Left
none
Best: none

Right
none
Best: none

NOT
0 11110111 7
1 00110101 4
2 01100001 3
3 01100101 4
4 01001001 3
5 11101100 5
6 01000101 3
7 01111100 5 match 1

Matching output
0 absent
1 7
2 absent
3 absent
4 absent
5 absent
6 absent
7 absent

Left
none
Best: none

Right
none
Best: none

Constant
0 00000000 a
1 11111111 a match 2 3 4 5 6 7

Matching output
0 absent
1 absent
2 C1
3 C1
4 C1
5 C1
6 C1
7 C1

Left
none
Best: none

Right
1 1 1 1 1 1
Best: C1 1 1 1 1 1: 6

AND
01 10 00001000 1
12 21 10001010 3
23 32 10011010 4
34 43 10010010 3
45 54 00010010 2
56 65 00010010 2
67 76 10000010 2
70 07 00000000 a

02 20 00001000 1
13 31 10001010 3
24 42 10010110 4
35 53 00010010 2
46 64 10110010 4
57 75 00000011 2
60 06 00001000 1
71 17 10000010 2

03 30 00001000 1
14 41 10000010 2
25 52 00010010 2
36 63 10011010 4
47 74 10000010 2
50 05 00000000 a
61 16 10001010 3
72 27 10000010 2

04 40 00000000 a
15 51 00000010 1
26 62 10011010 4
37 73 10000010 2

Matching output
0 absent
1 absent
2 absent
3 absent
4 absent
5 absent
6 absent
7 absent

Left
none
Best: none

Right
none
Best: none

OR
01 10 11001010 4
12 21 11011110 6
23 32 10011110 5
34 43 10111110 6
45 54 10110111 6
56 65 10111011 6
67 76 10111011 6
70 07 10001011 4

02 20 10011110 5
13 31 11011010 5
24 42 10111110 6
35 53 10011011 5
46 64 10111110 6
57 75 10010011 4
60 06 10111010 5
71 17 11001011 5

03 30 10011010 4
14 41 11111110 7
25 52 10011111 6
36 63 10111010 5
47 74 10110111 6
50 05 00011011 4
61 16 11111010 6
72 27 10011111 6

04 40 10111110 6
15 51 11011011 6
26 62 10111110 6
37 73 10011011 5

Matching output
0 absent
1 absent
2 absent
3 absent
4 absent
5 absent
6 absent
7 absent

Left
none
Best: none

Right
none
Best: none

XOR
01 10 11000010 3
12 21 01010100 3
23 32 00000100 1
34 43 00101100 3
45 54 10100101 4
56 65 10101001 4
67 76 00111001 4
70 07 10001011 4

02 20 10010110 4
13 31 01010000 2
24 42 00101000 2
35 53 10001001 3
46 64 00001100 2
57 75 10010000 2
60 06 10110010 4
71 17 01001001 3

03 30 10010010 3
14 41 01111100 5 match 1
25 52 10001101 4
36 63 00100000 1
47 74 00110101 4
50 05 00011011 4
61 16 01110000 3
72 27 00011101 4

04 40 10111110 6
15 51 11011001 5
26 62 00100100 2
37 73 00011001 3

Matching output
0 absent
1 14 41
2 absent
3 absent
4 absent
5 absent
6 absent
7 absent

Left
none
Best: none

Right
none
Best: none

AND-NOT
01 00000000 a
12 01000000 1
23 00000100 1
34 00001000 1
45 10100100 3
56 00000001 1
67 00111000 3
70 10000011 3

02 00000000 a
13 01000000 1
24 00001000 1
35 10001000 2
46 00000100 1
57 00010000 1
60 10110010 4
71 00000001 1

03 00000000 a
14 01001000 2
25 10001100 3
36 00000000 a
47 00110100 3
50 00010011 3
61 00110000 2
72 00000001 1

04 00001000 1
15 11001000 3
26 00000100 1
37 00011000 2
40 10110110 5
51 00010001 2
62 00100000 1
73 00000001 1

05 00001000 1
16 01000000 1
27 00011100 3
30 10010010 3
41 00110100 3
52 00000001 1
63 00100000 1
74 00000001 1

06 00000000 a
17 01001000 2
20 10010110 4
31 00010000 1
42 00100000 1
53 00000001 1
64 00001000 1
75 10000000 1

07 00001000 1
10 11000010 3
21 00010100 2
32 00000000 a
43 00100100 2
54 00000001 1
65 10101000 3
76 00000001 1

Matching output
0 absent
1 absent
2 absent
3 absent
4 absent
5 absent
6 absent
7 absent

Left
none
Best: none

Right
none
Best: none

OR-NOT
01 00111101 5
12 11101011 6
23 11111111 a match 2 3 4 5 6 7
34 11011011 6
45 11111110 7
56 01010111 5
67 11111110 7
70 11110111 7

02 01101001 4
13 11101111 7
24 11011111 7
35 11111110 7
46 11110111 7
57 01111111 7
60 11111111 a match 2 3 4 5 6 7
71 10110111 6

03 01101101 5
14 11001011 5
25 11111110 7
36 11011111 7
47 11111110 7
50 11110111 7
61 10111111 7
72 11100011 5

04 01001001 3
15 11101110 6
26 11011111 7
37 11111110 7
40 11110111 7
51 00110111 5
62 11111011 7
73 11100111 6

05 11101100 5
16 11001111 6
27 11111110 7
30 11111111 a match 2 3 4 5 6 7
41 10110111 6
52 01110011 5
63 11111111 a match 2 3 4 5 6 7
74 11001011 5

06 01001101 4
17 11111110 7
20 11111111 a match 2 3 4 5 6 7
31 10111111 7
42 11110111 7
53 01110111 6
64 11111011 7
75 11101111 7

07 01111100 5 match 1
10 11111111 a match 2 3 4 5 6 7
21 10111111 7
32 11111011 7
43 11110111 7
54 01011011 5
65 11111110 7
76 11000111 5

Matching output
0 absent
1 07
2 23 60 30 63 20 10
3 23 60 30 63 20 10
4 23 60 30 63 20 10
5 23 60 30 63 20 10
6 23 60 30 63 20 10
7 23 60 30 63 20 10

Left
none
Best: none

Right
23 12x
60 57x
30 27x
63 52x
20 17x
10 07y
Best: OR-NOT23: 1

XOR-NOT
01 00111101 5
12 10101011 5
23 11111011 7
34 11010011 5
45 01011010 4
56 01010110 4
67 11000110 4 match 0
70 01110100 4

02 01101001 4
13 10101111 6
24 11010111 6
35 01110110 5
46 11110011 6
57 01101111 6
60 01001101 4
71 10110110 5

03 01101101 5
14 10000011 3
25 01110010 4
36 11011111 7
47 11001010 4
50 11100100 4
61 10001111 5
72 11100010 4

04 01000001 2
15 00100110 3
26 11011011 6
37 11100110 5
40 01000001 2
51 00100110 3
62 11011011 6
73 11100110 5

05 11100100 4
16 10001111 5
27 11100010 4
30 01101101 5
41 10000011 3
52 01110010 4
63 11011111 7
74 11001010 4

06 01001101 4
17 10110110 5
20 01101001 4
31 10101111 6
42 11010111 6
53 01110110 5
64 11110011 6
75 01101111 6

07 01110100 4
10 00111101 5
21 10101011 5
32 11111011 7
43 11010011 5
54 01011010 4
65 01010110 4
76 11000110 4 match 0

Matching output
0 67 76
1 absent
2 absent
3 absent
4 absent
5 absent
6 absent
7 absent

Left
67 70x
76 07x
Best: XOR-NOT67: 1

Right
none
Best: none

Selecting

Lefts
Identity none
NOT none
Constant none
AND none
OR none
XOR none
AND-NOT none
OR-NOT none
XOR-NOT XOR-NOT67: 1

Rights
Identity none
NOT none
Constant C1 1 1 1 1 1: 6
AND none
OR none
XOR none
AND-NOT none
OR-NOT OR-NOT23: 1
XOR-NOT none

Left longest: 1
Right longest: 6

Right winner: Identity no, NOT no, Constant yes, AND no, OR no, XOR no, AND-NOT no, OR-NOT no, XOR-NOT no
Left winner: Identity no, NOT no, Constant no, AND no, OR no, XOR no, AND-NOT no, OR-NOT no, XOR-NOT yes

Best right: C1 1 1 1 1 1: 6
Best left: XOR-NOT67: 1

Truncated right: C1 1 1 1 1 1: 6
Truncated left: XOR-NOT67: 1

Tentative from right
7 C1
6 C1
5 C1
4 C1
3 C1
2 C1
1 pending
0 pending

Tentative
0 XOR-NOT67
1 pending
2 C1
3 C1
4 C1
5 C1
6 C1
7 C1

Preferred from right
7 C1
6 C1
5 C1
4 C1
3 C1
2 C1
1 pending
0 XOR-NOT67

Preferred from left
0 XOR-NOT67
1 ?70
2 C1
3 C1
4 C1
5 C1
6 C1
7 C1

Preferred
0 XOR-NOT67
1 ?70 ?07
2 C1
3 C1
4 C1
5 C1
6 C1
7 C1

Matching
0 XOR-NOT67
1 ?70 ?07 - Identity absent, NOT NOT7, Constant absent, AND absent, OR absent, XOR absent, AND-NOT absent, OR-NOT07, XOR-NOT absent
2 C1
3 C1
4 C1
5 C1
6 C1
7 C1

Perfect match
Identity no
NOT yes
Constant no
AND no
OR no
XOR no
AND-NOT no
OR-NOT no
XOR-NOT no

Matched
0 XOR-NOT67
1 NOT7
2 C1
3 C1
4 C1
5 C1
6 C1
7 C1

Selected
0 XOR-NOT67
1 NOT7
2 C1
3 C1
4 C1
5 C1
6 C1
7 C1

Applying to 11001010
Input
0 1
1 1
2 0
3 0
4 1
5 0
6 1
7 0
Output
0 XOR-NOT67 = XOR(1,NOT(0)) = 0
1 NOT7 = NOT(0) = 1
2 C1 = 1
3 C1 = 1
4 C1 = 1
5 C1 = 1
6 C1 = 1
7 C1 = 1

I will now return the answer in \boxed{}
The answer in \boxed{–} is \boxed{01111111}
[correct]
true
