[category]
bit_manipulation
[prompt]
In Alice's Wonderland, a secret bit manipulation rule transforms 8-bit binary numbers. The transformation involves operations like bit shifts, rotations, XOR, AND, OR, NOT, and possibly majority or choice functions.

Here are some examples of input -> output:
00011001 -> 10011110
01000100 -> 01110111
00101011 -> 01011010
11101101 -> 00111011
11111011 -> 01111110
11111101 -> 00111111
11000101 -> 00110111
11101110 -> 10111011
10001110 -> 10101111

Now, determine the output for: 11101100
[completion]
We need to deduce the transformation by matching the example outputs.
I will put my final answer inside \boxed{}.

Output 0: 10011110
0 1
1 0
2 0
3 1
4 1
5 1
6 1
7 0

Output 1: 01110111
0 0
1 1
2 1
3 1
4 0
5 1
6 1
7 1

Output 2: 01011010
0 0
1 1
2 0
3 1
4 1
5 0
6 1
7 0

Output 3: 00111011
0 0
1 0
2 1
3 1
4 1
5 0
6 1
7 1

Output 4: 01111110
0 0
1 1
2 1
3 1
4 1
5 1
6 1
7 0

Output 5: 00111111
0 0
1 0
2 1
3 1
4 1
5 1
6 1
7 1

Output 6: 00110111
0 0
1 0
2 1
3 1
4 0
5 1
6 1
7 1

Output 7: 10111011
0 1
1 0
2 1
3 1
4 1
5 0
6 1
7 1

Output 8: 10101111
0 1
1 0
2 1
3 0
4 1
5 1
6 1
7 1

Output bit columns (with bitsum as hash)
0 100000011 3
1 011010000 3
2 010111111 7
3 111111110 8
4 101111011 7
5 110011101 6
6 111111111 a
7 010101111 6

Input 0: 00011001
0 0
1 0
2 0
3 1
4 1
5 0
6 0
7 1

Input 1: 01000100
0 0
1 1
2 0
3 0
4 0
5 1
6 0
7 0

Input 2: 00101011
0 0
1 0
2 1
3 0
4 1
5 0
6 1
7 1

Input 3: 11101101
0 1
1 1
2 1
3 0
4 1
5 1
6 0
7 1

Input 4: 11111011
0 1
1 1
2 1
3 1
4 1
5 0
6 1
7 1

Input 5: 11111101
0 1
1 1
2 1
3 1
4 1
5 1
6 0
7 1

Input 6: 11000101
0 1
1 1
2 0
3 0
4 0
5 1
6 0
7 1

Input 7: 11101110
0 1
1 1
2 1
3 0
4 1
5 1
6 1
7 0

Input 8: 10001110
0 1
1 0
2 0
3 0
4 1
5 1
6 1
7 0

When matching output
x: not in operator
y: wrong position

Identity
0 000111111 6
1 010111110 6
2 001111010 5
3 100011000 3
4 101111011 7 match 4
5 010101111 6 match 7
6 001010011 4
7 101111100 6

Matching output
0 absent
1 absent
2 absent
3 absent
4 4
5 absent
6 absent
7 5

Left
none
Best: none

Right
5 4y
Best: I5: 1

NOT
0 111000000 3
1 101000001 3
2 110000101 4
3 011100111 6
4 010000100 2
5 101010000 3
6 110101100 5
7 010000011 3

Matching output
0 absent
1 absent
2 absent
3 absent
4 absent
5 absent
6 absent
7 absent

Left
none
Best: none

Right
none
Best: none

Constant
0 000000000 a
1 111111111 a match 6

Matching output
0 absent
1 absent
2 absent
3 absent
4 absent
5 absent
6 C1
7 absent

Left
none
Best: none

Right
none
Best: none

AND
01 10 000111110 5
12 21 000111010 4
23 32 000011000 2
34 43 100011000 3
45 54 000101011 4
56 65 000000011 2
67 76 001010000 2
70 07 000111100 4

02 20 000111010 4
13 31 000011000 2
24 42 001111010 5
35 53 000001000 1
46 64 001010011 4
57 75 000101100 3
60 06 000010011 3
71 17 000111100 4

03 30 000011000 2
14 41 000111010 4
25 52 000101010 3
36 63 000010000 1
47 74 101111000 5
50 05 000101111 5
61 16 000010010 2
72 27 001111000 4

04 40 000111011 5
15 51 010101110 5
26 62 001010010 3
37 73 100011000 3

Matching output
0 absent
1 absent
2 absent
3 absent
4 absent
5 absent
6 absent
7 absent

Left
none
Best: none

Right
none
Best: none

OR
01 10 010111111 7 match 2
12 21 011111110 7
23 32 101111010 6
34 43 101111011 7 match 4
45 54 111111111 a match 6
56 65 011111111 8
67 76 101111111 8
70 07 101111111 8

02 20 001111111 7
13 31 110111110 7
24 42 101111011 7 match 4
35 53 110111111 8
46 64 101111011 7 match 4
57 75 111111111 a match 6
60 06 001111111 7
71 17 111111110 8 match 3

03 30 100111111 7
14 41 111111111 a match 6
25 52 011111111 8
36 63 101011011 6
47 74 101111111 8
50 05 010111111 7 match 2
61 16 011111111 8
72 27 101111110 7

04 40 101111111 8
15 51 010111111 7 match 2
26 62 001111011 6
37 73 101111100 6

Matching output
0 absent
1 absent
2 01 10 50 05 15 51
3 71 17
4 34 43 24 42 46 64
5 absent
6 45 54 57 75 14 41
7 absent

Left
none
Best: none

Right
none
Best: none

XOR
01 10 010000001 2
12 21 011000100 3
23 32 101100010 4
34 43 001100011 4
45 54 111010100 5
56 65 011111100 6
67 76 100101111 6
70 07 101000011 4

02 20 001000101 3
13 31 110100110 5
24 42 100000001 2
35 53 110110111 7
46 64 100101000 3
57 75 111010011 6
60 06 001101100 4
71 17 111000010 4

03 30 100100111 5
14 41 111000101 5
25 52 011010101 5
36 63 101001011 5
47 74 000000111 3
50 05 010010000 2
61 16 011101101 6
72 27 100000110 3

04 40 101000100 3
15 51 000010001 2
26 62 000101001 3
37 73 001100100 3

Matching output
0 absent
1 absent
2 absent
3 absent
4 absent
5 absent
6 absent
7 absent

Left
none
Best: none

Right
none
Best: none

AND-NOT
01 000000001 1
12 010000100 2
23 001100010 3
34 000000000 a
45 101010000 3
56 010101100 4
67 000000011 2
70 101000000 2

02 000000101 2
13 010100110 4
24 000000000 a
35 100010000 2
46 100101000 3
57 010000011 3
60 001000000 1
71 101000000 2

03 000100111 4
14 010000100 2
25 001010000 2
36 100001000 2
47 000000011 2
50 010000000 1
61 001000001 2
72 100000100 2

04 000000100 1
15 000010000 1
26 000101000 2
37 000000000 a
40 101000000 2
51 000000001 1
62 000000001 1
73 001100100 3

05 000010000 1
16 010101100 4
27 000000010 1
30 100000000 1
41 101000001 3
52 010000101 3
63 001000011 3
74 000000100 1

06 000101100 3
17 010000010 2
20 001000000 1
31 100000000 1
42 100000001 2
53 010100111 5
64 000000000 a
75 101010000 3

07 000000011 2
10 010000000 1
21 001000000 1
32 100000000 1
43 001100011 4
54 010000100 2
65 001010000 2
76 100101100 4

Matching output
0 absent
1 absent
2 absent
3 absent
4 absent
5 absent
6 absent
7 absent

Left
none
Best: none

Right
none
Best: none

OR-NOT
01 101111111 8
12 110111111 8
23 011111111 8
34 110011100 5
45 101111011 7 match 4
56 110101111 7
67 011010011 5
70 111111100 7

02 110111111 8
13 011111111 8
24 011111110 7
35 101011000 4
46 111111111 a match 6
57 010101111 6 match 7
60 111010011 6
71 101111101 7

03 011111111 8
14 010111110 6
25 101111010 6
36 110111100 6
47 111111011 8
50 111101111 8
61 101010011 5
72 111111101 8

04 010111111 7 match 2
15 111111110 8 match 3
26 111111110 8 match 3
37 110011011 6
40 111111011 8
51 111101111 8
62 111010111 7
73 111111111 a match 6

05 101111111 8
16 110111110 7
27 011111011 7
30 111011000 5
41 101111011 7 match 4
52 110101111 7
63 011110111 7
74 111111100 7

06 110111111 8
17 010111111 7 match 2
20 111111010 7
31 101011001 5
42 111111111 a match 6
53 011101111 7
64 011010111 6
75 101111100 6

07 010111111 7 match 2
10 111111110 8 match 3
21 101111011 7 match 4
32 110011101 6 match 5
43 111111111 a match 6
54 010101111 6 match 7
65 101010011 5
76 111111100 7

Matching output
0 absent
1 absent
2 04 17 07
3 15 26 10
4 45 41 21
5 32
6 46 73 42 43
7 57 54

Left
none
Best: none

Right
57 46 35x
54 43 32 21 10 07 76x
Best: OR-NOT54 43 32 21 10 07: 6

XOR-NOT
01 101111110 7
12 100111011 6
23 010011101 5
34 110011100 5
45 000101011 4
56 100000011 3 match 0
67 011010000 3 match 1
70 010111100 5

02 110111010 6
13 001011001 4
24 011111110 7
35 001001000 2
46 011010111 6
57 000101100 3
60 110010011 5
71 000111101 5

03 011011000 4
14 000111010 4
25 100101010 4
36 010110100 4
47 111111000 6
50 101101111 7
61 100010010 3
72 011111001 6

04 010111011 6
15 111101110 7
26 111010110 6
37 110011011 6
40 010111011 6
51 111101110 7
62 111010110 6
73 110011011 6

05 101101111 7
16 100010010 3
27 011111001 6
30 011011000 4
41 000111010 4
52 100101010 4
63 010110100 4
74 111111000 6

06 110010011 5
17 000111101 5
20 110111010 6
31 001011001 4
42 011111110 7
53 001001000 2
64 011010111 6
75 000101100 3

07 010111100 5
10 101111110 7
21 100111011 6
32 010011101 5
43 110011100 5
54 000101011 4
65 100000011 3 match 0
76 011010000 3 match 1

Matching output
0 56 65
1 67 76
2 absent
3 absent
4 absent
5 absent
6 absent
7 absent

Left
56 67 70x
65 76 07x
Best: XOR-NOT56 67: 2

Right
none
Best: none

Selecting

Lefts
Identity none
NOT none
Constant none
AND none
OR none
XOR none
AND-NOT none
OR-NOT none
XOR-NOT XOR-NOT56 67: 2

Rights
Identity I5: 1
NOT none
Constant none
AND none
OR none
XOR none
AND-NOT none
OR-NOT OR-NOT54 43 32 21 10 07: 6
XOR-NOT none

Left longest: 2
Right longest: 6

Right winner: Identity no, NOT no, Constant no, AND no, OR no, XOR no, AND-NOT no, OR-NOT yes, XOR-NOT no
Left winner: Identity no, NOT no, Constant no, AND no, OR no, XOR no, AND-NOT no, OR-NOT no, XOR-NOT yes

Best right: OR-NOT54 43 32 21 10 07: 6
Best left: XOR-NOT56 67: 2

Truncated right: OR-NOT54 43 32 21 10 07: 6
Truncated left: XOR-NOT56 67: 2

Tentative from right
7 OR-NOT54
6 OR-NOT43
5 OR-NOT32
4 OR-NOT21
3 OR-NOT10
2 OR-NOT07
1 pending
0 pending

Tentative
0 XOR-NOT56
1 XOR-NOT67
2 OR-NOT07
3 OR-NOT10
4 OR-NOT21
5 OR-NOT32
6 OR-NOT43
7 OR-NOT54

Preferred from right
7 OR-NOT54
6 OR-NOT43
5 OR-NOT32
4 OR-NOT21
3 OR-NOT10
2 OR-NOT07
1 XOR-NOT67
0 XOR-NOT56

Preferred from left
0 XOR-NOT56
1 XOR-NOT67
2 OR-NOT07
3 OR-NOT10
4 OR-NOT21
5 OR-NOT32
6 OR-NOT43
7 OR-NOT54

Preferred
0 XOR-NOT56
1 XOR-NOT67
2 OR-NOT07
3 OR-NOT10
4 OR-NOT21
5 OR-NOT32
6 OR-NOT43
7 OR-NOT54

Matching
0 XOR-NOT56
1 XOR-NOT67
2 OR-NOT07
3 OR-NOT10
4 OR-NOT21
5 OR-NOT32
6 OR-NOT43
7 OR-NOT54

Perfect match
Identity no
NOT no
Constant no
AND no
OR no
XOR no
AND-NOT no
OR-NOT no
XOR-NOT no

Matched
0 XOR-NOT56
1 XOR-NOT67
2 OR-NOT07
3 OR-NOT10
4 OR-NOT21
5 OR-NOT32
6 OR-NOT43
7 OR-NOT54

Selected
0 XOR-NOT56
1 XOR-NOT67
2 OR-NOT07
3 OR-NOT10
4 OR-NOT21
5 OR-NOT32
6 OR-NOT43
7 OR-NOT54

Applying to 11101100
Input
0 1
1 1
2 1
3 0
4 1
5 1
6 0
7 0
Output
0 XOR-NOT56 = XOR(1,NOT(0)) = 0
1 XOR-NOT67 = XOR(0,NOT(0)) = 1
2 OR-NOT07 = OR(1,NOT(0)) = 1
3 OR-NOT10 = OR(1,NOT(1)) = 1
4 OR-NOT21 = OR(1,NOT(1)) = 1
5 OR-NOT32 = OR(0,NOT(1)) = 0
6 OR-NOT43 = OR(1,NOT(0)) = 1
7 OR-NOT54 = OR(1,NOT(1)) = 1

I will now return the answer in \boxed{}
The answer in \boxed{–} is \boxed{01111011}
[correct]
true
