[category]
bit_manipulation
[prompt]
In Alice's Wonderland, a secret bit manipulation rule transforms 8-bit binary numbers. The transformation involves operations like bit shifts, rotations, XOR, AND, OR, NOT, and possibly majority or choice functions.

Here are some examples of input -> output:
01011000 -> 00000000
00000101 -> 00000000
01101100 -> 00000000
10100101 -> 00000000
11111110 -> 00000000
01011111 -> 10000000
10011000 -> 00000000

Now, determine the output for: 11000101
[completion]
We need to deduce the transformation by matching the example outputs.
I will put my final answer inside \boxed{}.

Output 0: 00000000
0 0
1 0
2 0
3 0
4 0
5 0
6 0
7 0

Output 1: 00000000
0 0
1 0
2 0
3 0
4 0
5 0
6 0
7 0

Output 2: 00000000
0 0
1 0
2 0
3 0
4 0
5 0
6 0
7 0

Output 3: 00000000
0 0
1 0
2 0
3 0
4 0
5 0
6 0
7 0

Output 4: 00000000
0 0
1 0
2 0
3 0
4 0
5 0
6 0
7 0

Output 5: 10000000
0 1
1 0
2 0
3 0
4 0
5 0
6 0
7 0

Output 6: 00000000
0 0
1 0
2 0
3 0
4 0
5 0
6 0
7 0

Output bit columns (with bitsum as hash)
0 0000010 1
1 0000000 a
2 0000000 a
3 0000000 a
4 0000000 a
5 0000000 a
6 0000000 a
7 0000000 a

Input 0: 01011000
0 0
1 1
2 0
3 1
4 1
5 0
6 0
7 0

Input 1: 00000101
0 0
1 0
2 0
3 0
4 0
5 1
6 0
7 1

Input 2: 01101100
0 0
1 1
2 1
3 0
4 1
5 1
6 0
7 0

Input 3: 10100101
0 1
1 0
2 1
3 0
4 0
5 1
6 0
7 1

Input 4: 11111110
0 1
1 1
2 1
3 1
4 1
5 1
6 1
7 0

Input 5: 01011111
0 0
1 1
2 0
3 1
4 1
5 1
6 1
7 1

Input 6: 10011000
0 1
1 0
2 0
3 1
4 1
5 0
6 0
7 0

When matching output
x: not in operator
y: wrong position

Identity
0 0001101 3
1 1010110 4
2 0011100 3
3 1000111 4
4 1010111 5
5 0111110 5
6 0000110 2
7 0101010 3

Matching output
0 absent
1 absent
2 absent
3 absent
4 absent
5 absent
6 absent
7 absent

Left
none
Best: none

Right
none
Best: none

NOT
0 1110010 4
1 0101001 3
2 1100011 4
3 0111000 3
4 0101000 2
5 1000001 2
6 1111001 5
7 1010101 4

Matching output
0 absent
1 absent
2 absent
3 absent
4 absent
5 absent
6 absent
7 absent

Left
none
Best: none

Right
none
Best: none

Constant
0 0000000 a match 1 2 3 4 5 6 7
1 1111111 a

Matching output
0 absent
1 C0
2 C0
3 C0
4 C0
5 C0
6 C0
7 C0

Left
none
Best: none

Right
0 0 0 0 0 0 0
Best: C0 0 0 0 0 0 0: 7

AND
01 10 0000100 1
12 21 0010100 2
23 32 0000100 1
34 43 1000111 4
45 54 0010110 3
56 65 0000110 2
67 76 0000010 1 match 0
70 07 0001000 1

02 20 0001100 2
13 31 1000110 3
24 42 0010100 2
35 53 0000110 2
46 64 0000110 2
57 75 0101010 3
60 06 0000100 1
71 17 0000010 1 match 0

03 30 0000101 2
14 41 1010110 4
25 52 0011100 3
36 63 0000110 2
47 74 0000010 1 match 0
50 05 0001100 2
61 16 0000110 2
72 27 0001000 1

04 40 0000101 2
15 51 0010110 3
26 62 0000100 1
37 73 0000010 1 match 0

Matching output
0 67 76 71 17 47 74 37 73
1 absent
2 absent
3 absent
4 absent
5 absent
6 absent
7 absent

Left
67 70x
76 07x
71 02x
17 20x
47 50x
74 05x
37 40x
73 04x
Best: AND67: 1

Right
none
Best: none

OR
01 10 1011111 6
12 21 1011110 5
23 32 1011111 6
34 43 1010111 5
45 54 1111111 a
56 65 0111110 5
67 76 0101110 4
70 07 0101111 5

02 20 0011101 4
13 31 1010111 5
24 42 1011111 6
35 53 1111111 a
46 64 1010111 5
57 75 0111110 5
60 06 0001111 4
71 17 1111110 6

03 30 1001111 5
14 41 1010111 5
25 52 0111110 5
36 63 1000111 4
47 74 1111111 a
50 05 0111111 6
61 16 1010110 4
72 27 0111110 5

04 40 1011111 6
15 51 1111110 6
26 62 0011110 4
37 73 1101111 6

Matching output
0 absent
1 absent
2 absent
3 absent
4 absent
5 absent
6 absent
7 absent

Left
none
Best: none

Right
none
Best: none

XOR
01 10 1011011 5
12 21 1001010 3
23 32 1011011 5
34 43 0010000 1
45 54 1101001 4
56 65 0111000 3
67 76 0101100 3
70 07 0100111 4

02 20 0010001 2
13 31 0010001 2
24 42 1001011 4
35 53 1111001 5
46 64 1010001 3
57 75 0010100 2
60 06 0001011 3
71 17 1111100 5

03 30 1001010 3
14 41 0000001 1
25 52 0100010 2
36 63 1000001 2
47 74 1111101 6
50 05 0110011 4
61 16 1010000 2
72 27 0110110 4

04 40 1011010 4
15 51 1101000 3
26 62 0011010 3
37 73 1101101 5

Matching output
0 absent
1 absent
2 absent
3 absent
4 absent
5 absent
6 absent
7 absent

Left
none
Best: none

Right
none
Best: none

AND-NOT
01 0001001 2
12 1000010 2
23 0011000 2
34 0000000 a match 1 2 3 4 5 6 7
45 1000001 2
56 0111000 3
67 0000100 1
70 0100010 2

02 0000001 1
13 0010000 1
24 0001000 1
35 1000001 2
46 1010001 3
57 0010100 2
60 0000010 1 match 0
71 0101000 2

03 0001000 1
14 0000000 a match 1 2 3 4 5 6 7
25 0000000 a match 1 2 3 4 5 6 7
36 1000001 2
47 1010101 4
50 0110010 3
61 0000000 a match 1 2 3 4 5 6 7
72 0100010 2

04 0001000 1
15 1000000 1
26 0011000 2
37 1000101 3
40 1010010 3
51 0101000 2
62 0000010 1 match 0
73 0101000 2

05 0000001 1
16 1010000 2
27 0010100 2
30 1000010 2
41 0000001 1
52 0100010 2
63 0000000 a match 1 2 3 4 5 6 7
74 0101000 2

06 0001001 2
17 1010100 3
20 0010000 1
31 0000001 1
42 1000011 3
53 0111000 3
64 0000000 a match 1 2 3 4 5 6 7
75 0000000 a match 1 2 3 4 5 6 7

07 0000101 2
10 1010010 3
21 0001000 1
32 1000011 3
43 0010000 1
54 0101000 2
65 0000000 a match 1 2 3 4 5 6 7
76 0101000 2

Matching output
0 60 62
1 34 14 25 61 63 64 75 65
2 34 14 25 61 63 64 75 65
3 34 14 25 61 63 64 75 65
4 34 14 25 61 63 64 75 65
5 34 14 25 61 63 64 75 65
6 34 14 25 61 63 64 75 65
7 34 14 25 61 63 64 75 65

Left
60 71x
62 73x
Best: AND-NOT60: 1

Right
34 23x
14 03x
25 14 03x
61 50x
63 52x
64 53x
75 64 53x
65 54x
Best: AND-NOT25 14: 2

OR-NOT
01 0101101 4
12 1110111 6
23 0111100 4
34 1101111 6
45 1010111 5
56 1111111 a
67 1010111 5
70 1111010 5

02 1101111 6
13 1111110 6
24 0111100 4
35 1000111 4
46 1111111 a
57 1111111 a
60 1110110 5
71 0101011 4

03 0111101 5
14 1111110 6
25 1011101 5
36 1111111 a
47 1010111 5
50 1111110 6
61 0101111 5
72 1101011 5

04 0101101 4
15 1010111 5
26 1111101 6
37 1010111 5
40 1110111 6
51 0111111 6
62 1100111 5
73 0111010 4

05 1001101 4
16 1111111 a
27 1011101 5
30 1110111 6
41 1111111 a
52 1111111 a
63 0111110 5
74 0101010 3

06 1111101 6
17 1010111 5
20 1111110 6
31 1101111 6
42 1110111 6
53 0111110 5
64 0101110 4
75 1101011 5

07 1011101 5
10 1110110 5
21 0111101 5
32 1100111 5
43 1111111 a
54 0111110 5
65 1000111 4
76 1111011 6

Matching output
0 absent
1 absent
2 absent
3 absent
4 absent
5 absent
6 absent
7 absent

Left
none
Best: none

Right
none
Best: none

XOR-NOT
01 0100100 2
12 0110101 4
23 0100100 2
34 1101111 6
45 0010110 3
56 1000111 4
67 1010011 4
70 1011000 3

02 1101110 5
13 1101110 5
24 0110100 3
35 0000110 2
46 0101110 4
57 1101011 5
60 1110100 4
71 0000011 2

03 0110101 4
14 1111110 6
25 1011101 5
36 0111110 5
47 0000010 1 match 0
50 1001100 3
61 0101111 5
72 1001001 3

04 0100101 3
15 0010111 4
26 1100101 4
37 0010010 2
40 0100101 3
51 0010111 4
62 1100101 4
73 0010010 2

05 1001100 3
16 0101111 5
27 1001001 3
30 0110101 4
41 1111110 6
52 1011101 5
63 0111110 5
74 0000010 1 match 0

06 1110100 4
17 0000011 2
20 1101110 5
31 1101110 5
42 0110100 3
53 0000110 2
64 0101110 4
75 1101011 5

07 1011000 3
10 0100100 2
21 0110101 4
32 0100100 2
43 1101111 6
54 0010110 3
65 1000111 4
76 1010011 4

Matching output
0 47 74
1 absent
2 absent
3 absent
4 absent
5 absent
6 absent
7 absent

Left
47 50x
74 05x
Best: XOR-NOT47: 1

Right
none
Best: none

Selecting

Lefts
Identity none
NOT none
Constant none
AND AND67: 1
OR none
XOR none
AND-NOT AND-NOT60: 1
OR-NOT none
XOR-NOT XOR-NOT47: 1

Rights
Identity none
NOT none
Constant C0 0 0 0 0 0 0: 7
AND none
OR none
XOR none
AND-NOT AND-NOT25 14: 2
OR-NOT none
XOR-NOT none

Left longest: 1
Right longest: 7

Right winner: Identity no, NOT no, Constant yes, AND no, OR no, XOR no, AND-NOT no, OR-NOT no, XOR-NOT no
Left winner: Identity no, NOT no, Constant no, AND yes, OR no, XOR no, AND-NOT no, OR-NOT no, XOR-NOT no

Best right: C0 0 0 0 0 0 0: 7
Best left: AND67: 1

Truncated right: C0 0 0 0 0 0 0: 7
Truncated left: AND67: 1

Tentative from right
7 C0
6 C0
5 C0
4 C0
3 C0
2 C0
1 C0
0 pending

Tentative
0 AND67
1 C0
2 C0
3 C0
4 C0
5 C0
6 C0
7 C0

Preferred from right
7 C0
6 C0
5 C0
4 C0
3 C0
2 C0
1 C0
0 AND67

Preferred from left
0 AND67
1 C0
2 C0
3 C0
4 C0
5 C0
6 C0
7 C0

Preferred
0 AND67
1 C0
2 C0
3 C0
4 C0
5 C0
6 C0
7 C0

Matching
0 AND67
1 C0
2 C0
3 C0
4 C0
5 C0
6 C0
7 C0

Perfect match
Identity no
NOT no
Constant no
AND no
OR no
XOR no
AND-NOT no
OR-NOT no
XOR-NOT no

Matched
0 AND67
1 C0
2 C0
3 C0
4 C0
5 C0
6 C0
7 C0

Selected
0 AND67
1 C0
2 C0
3 C0
4 C0
5 C0
6 C0
7 C0

Applying to 11000101
Input
0 1
1 1
2 0
3 0
4 0
5 1
6 0
7 1
Output
0 AND67 = AND(0,1) = 0
1 C0 = 0
2 C0 = 0
3 C0 = 0
4 C0 = 0
5 C0 = 0
6 C0 = 0
7 C0 = 0

I will now return the answer in \boxed{}
The answer in \boxed{–} is \boxed{00000000}
[correct]
true
