[category]
bit_manipulation
[prompt]
In Alice's Wonderland, a secret bit manipulation rule transforms 8-bit binary numbers. The transformation involves operations like bit shifts, rotations, XOR, AND, OR, NOT, and possibly majority or choice functions.

Here are some examples of input -> output:
01101001 -> 00111101
00010110 -> 11001011
10110001 -> 01111110
00001010 -> 01000101
01101111 -> 11111111
11010010 -> 01111011
11110111 -> 11111111
01110101 -> 10111110
11001000 -> 01111101
01101110 -> 11111111

Now, determine the output for: 11010101
[completion]
We need to deduce the transformation by matching the example outputs.
I will put my final answer inside \boxed{}.

Output 0: 00111101
0 0
1 0
2 1
3 1
4 1
5 1
6 0
7 1

Output 1: 11001011
0 1
1 1
2 0
3 0
4 1
5 0
6 1
7 1

Output 2: 01111110
0 0
1 1
2 1
3 1
4 1
5 1
6 1
7 0

Output 3: 01000101
0 0
1 1
2 0
3 0
4 0
5 1
6 0
7 1

Output 4: 11111111
0 1
1 1
2 1
3 1
4 1
5 1
6 1
7 1

Output 5: 01111011
0 0
1 1
2 1
3 1
4 1
5 0
6 1
7 1

Output 6: 11111111
0 1
1 1
2 1
3 1
4 1
5 1
6 1
7 1

Output 7: 10111110
0 1
1 0
2 1
3 1
4 1
5 1
6 1
7 0

Output 8: 01111101
0 0
1 1
2 1
3 1
4 1
5 1
6 0
7 1

Output 9: 11111111
0 1
1 1
2 1
3 1
4 1
5 1
6 1
7 1

Output bit columns (with bitsum as hash)
0 0100101101 5
1 0111111011 8
2 1010111111 8
3 1010111111 8
4 1110111111 9
5 1011101111 8
6 0110111101 7
7 1101111011 8

Input 0: 01101001
0 0
1 1
2 1
3 0
4 1
5 0
6 0
7 1

Input 1: 00010110
0 0
1 0
2 0
3 1
4 0
5 1
6 1
7 0

Input 2: 10110001
0 1
1 0
2 1
3 1
4 0
5 0
6 0
7 1

Input 3: 00001010
0 0
1 0
2 0
3 0
4 1
5 0
6 1
7 0

Input 4: 01101111
0 0
1 1
2 1
3 0
4 1
5 1
6 1
7 1

Input 5: 11010010
0 1
1 1
2 0
3 1
4 0
5 0
6 1
7 0

Input 6: 11110111
0 1
1 1
2 1
3 1
4 0
5 1
6 1
7 1

Input 7: 01110101
0 0
1 1
2 1
3 1
4 0
5 1
6 0
7 1

Input 8: 11001000
0 1
1 1
2 0
3 0
4 1
5 0
6 0
7 0

Input 9: 01101110
0 0
1 1
2 1
3 0
4 1
5 1
6 1
7 0

When matching output
x: not in operator
y: wrong position

Identity
0 0010011010 4
1 1000111111 7
2 1010101101 6
3 0110011100 5
4 1001100011 5
5 0100101101 5 match 0
6 0101111001 6
7 1010101100 5

Matching output
0 5
1 absent
2 absent
3 absent
4 absent
5 absent
6 absent
7 absent

Left
5 6x
Best: I5: 1

Right
none
Best: none

NOT
0 1101100101 6
1 0111000000 3
2 0101010010 4
3 1001100011 5
4 0110011100 5
5 1011010010 5
6 1010000110 4
7 0101010011 5

Matching output
0 absent
1 absent
2 absent
3 absent
4 absent
5 absent
6 absent
7 absent

Left
none
Best: none

Right
none
Best: none

Constant
0 0000000000 a
1 1111111111 a

Matching output
0 absent
1 absent
2 absent
3 absent
4 absent
5 absent
6 absent
7 absent

Left
none
Best: none

Right
none
Best: none

AND
01 10 0000011010 3
12 21 1000101101 5
23 32 0010001100 3
34 43 0000000000 a
45 54 0000100001 2
56 65 0100101001 4
67 76 0000101000 2
70 07 0010001000 2

02 20 0010001000 2
13 31 0000011100 3
24 42 1000100001 3
35 53 0100001100 3
46 64 0001100001 3
57 75 0000101100 3
60 06 0000011000 2
71 17 1000101100 4

03 30 0010011000 3
14 41 1000100011 4
25 52 0000101101 4
36 63 0100011000 3
47 74 1000100000 2
50 05 0000001000 1
61 16 0000111001 4
72 27 1010101100 5

04 40 0000000010 1
15 51 0000101101 4
26 62 0000101001 3
37 73 0010001100 3

Matching output
0 absent
1 absent
2 absent
3 absent
4 absent
5 absent
6 absent
7 absent

Left
none
Best: none

Right
none
Best: none

OR
01 10 1010111111 8 match 2 3
12 21 1010111111 8 match 2 3
23 32 1110111101 8
34 43 1111111111 a
45 54 1101101111 8
56 65 0101111101 7
67 76 1111111101 9
70 07 1010111110 7

02 20 1010111111 8 match 2 3
13 31 1110111111 9 match 4
24 42 1011101111 8 match 5
35 53 0110111101 7 match 6
46 64 1101111011 8 match 7
57 75 1110101101 7
60 06 0111111011 8 match 1
71 17 1010111111 8 match 2 3

03 30 0110011110 6
14 41 1001111111 8
25 52 1110101101 7
36 63 0111111101 8
47 74 1011101111 8 match 5
50 05 0110111111 8
61 16 1101111111 9
72 27 1010101101 6

04 40 1011111011 8
15 51 1100111111 8
26 62 1111111101 9
37 73 1110111100 7

Matching output
0 absent
1 60 06
2 01 10 12 21 02 20 71 17
3 01 10 12 21 02 20 71 17
4 13 31
5 24 42 47 74
6 35 53
7 46 64

Left
none
Best: none

Right
46 35 24 13 02 71 60 57x
64 53 42 31 20 17 06 75x
Best: OR46 35 24 13 02 71 60: 7

XOR
01 10 1010100101 5
12 21 0010010010 3
23 32 1100110001 5
34 43 1111111111 a
45 54 1101001110 6
56 65 0001010100 3
67 76 1111010101 7
70 07 1000110110 5

02 20 1000110111 6
13 31 1110100011 6
24 42 0011001110 5
35 53 0010110001 4
46 64 1100011010 5
57 75 1110000001 4
60 06 0111100011 6
71 17 0010010011 4

03 30 0100000110 3
14 41 0001011100 4
25 52 1110000000 3
36 63 0011100101 5
47 74 0011001111 6
50 05 0110110111 7
61 16 1101000110 5
72 27 0000000001 1

04 40 1011111001 7
15 51 1100010010 4
26 62 1111010100 6
37 73 1100110000 4

Matching output
0 absent
1 absent
2 absent
3 absent
4 absent
5 absent
6 absent
7 absent

Left
none
Best: none

Right
none
Best: none

AND-NOT
01 0010000000 1
12 0000010010 2
23 1000100001 3
34 0110011100 5
45 1001000010 3
56 0000000100 1
67 0101010001 4
70 1000100100 3

02 0000010010 2
13 1000100011 4
24 0010001100 3
35 0010010000 2
46 1000000010 2
57 0100000001 2
60 0101100001 4
71 0010000000 1

03 0000000010 1
14 0000011100 3
25 1010000000 2
36 0010000100 2
47 0001000011 3
50 0100100101 4
61 0101000000 2
72 0000000000 a

04 0010011000 3
15 1000010010 3
26 1010000100 3
37 0100010000 2
40 1001100001 4
51 0100000000 1
62 0101010000 3
73 1000100000 2

05 0010010010 3
16 1000000110 3
27 0000000001 1
30 0100000100 2
41 0001000000 1
52 0100000000 1
63 0001100001 3
74 0010001100 3

06 0010000010 2
17 0000010011 3
20 1000100101 4
31 0110000000 2
42 0001000010 2
53 0000100001 2
64 0100011000 3
75 1010000000 2

07 0000010010 2
10 1000100101 4
21 0010000000 1
32 0100010000 2
43 1001100011 5
54 0100001100 3
65 0001010000 2
76 1010000100 3

Matching output
0 absent
1 absent
2 absent
3 absent
4 absent
5 absent
6 absent
7 absent

Left
none
Best: none

Right
none
Best: none

OR-NOT
01 0111011010 6
12 1101111111 9
23 1011101111 8 match 5
34 0110011100 5
45 1011110011 7
56 1110101111 8
67 0101111011 7
70 1111101101 8

02 0111011010 6
13 1001111111 8
24 1110111101 8
35 1111011110 8
46 1011100111 7
57 0101111111 8
60 1101111101 8
71 1111101100 7

03 1011111011 8
14 1110111111 9 match 4
25 1011111111 9
36 1110011110 7
47 1101110011 7
50 1101101101 7
61 0111111001 7
72 1111111110 9

04 0110011110 6
15 1011111111 9
26 1010101111 7
37 0111011111 8
40 1101100111 7
51 0111101101 7
62 0101111011 7
73 1011101111 8 match 5

05 1011011010 6
16 1010111111 8 match 2 3
27 1111111111 a
30 1111111101 9
41 1111100011 7
52 0101111111 8
63 1101111011 8 match 7
74 1110111100 7

06 1010011110 6
17 1101111111 9
20 1111101101 8
31 0111011100 6
42 1101110011 7
53 1101101111 8
64 0111111101 8
75 1011111110 8

07 0111011011 7
10 1101111111 9
21 1111101101 8
32 0111011110 7
43 1001100011 5
54 0110111101 7 match 6
65 1111111011 9
76 1010101110 6

Matching output
0 absent
1 absent
2 16
3 16
4 14
5 23 73
6 54
7 63

Left
none
Best: none

Right
63 52x
Best: OR-NOT63: 1

XOR-NOT
01 0101011010 5
12 1101101101 7
23 0011001110 5
34 0000000000 a
45 0010110001 4
56 1110101011 7
67 0000101010 3
70 0111001001 5

02 0111001000 4
13 0001011100 4
24 1100110001 5
35 1101001110 6
46 0011100101 5
57 0001111110 6
60 1000011100 4
71 1101101100 6

03 1011111001 7
14 1110100011 6
25 0001111111 7
36 1100011010 5
47 1100110000 4
50 1001001000 3
61 0010111001 5
72 1111111110 9

04 0100000110 3
15 0011101101 6
26 0000101011 4
37 0011001111 6
40 0100000110 3
51 0011101101 6
62 0000101011 4
73 0011001111 6

05 1001001000 3
16 0010111001 5
27 1111111110 9
30 1011111001 7
41 1110100011 6
52 0001111111 7
63 1100011010 5
74 1100110000 4

06 1000011100 4
17 1101101100 6
20 0111001000 4
31 0001011100 4
42 1100110001 5
53 1101001110 6
64 0011100101 5
75 0001111110 6

07 0111001001 5
10 0101011010 5
21 1101101101 7
32 0011001110 5
43 0000000000 a
54 0010110001 4
65 1110101011 7
76 0000101010 3

Matching output
0 absent
1 absent
2 absent
3 absent
4 absent
5 absent
6 absent
7 absent

Left
none
Best: none

Right
none
Best: none

Selecting

Lefts
Identity I5: 1
NOT none
Constant none
AND none
OR none
XOR none
AND-NOT none
OR-NOT none
XOR-NOT none

Rights
Identity none
NOT none
Constant none
AND none
OR OR46 35 24 13 02 71 60: 7
XOR none
AND-NOT none
OR-NOT OR-NOT63: 1
XOR-NOT none

Left longest: 1
Right longest: 7

Right winner: Identity no, NOT no, Constant no, AND no, OR yes, XOR no, AND-NOT no, OR-NOT no, XOR-NOT no
Left winner: Identity yes, NOT no, Constant no, AND no, OR no, XOR no, AND-NOT no, OR-NOT no, XOR-NOT no

Best right: OR46 35 24 13 02 71 60: 7
Best left: I5: 1

Truncated right: OR46 35 24 13 02 71 60: 7
Truncated left: I5: 1

Tentative from right
7 OR46
6 OR35
5 OR24
4 OR13
3 OR02
2 OR71
1 OR60
0 pending

Tentative
0 I5
1 OR60
2 OR71
3 OR02
4 OR13
5 OR24
6 OR35
7 OR46

Preferred from right
7 OR46
6 OR35
5 OR24
4 OR13
3 OR02
2 OR71
1 OR60
0 I5

Preferred from left
0 I5
1 OR60
2 OR71
3 OR02
4 OR13
5 OR24
6 OR35
7 OR46

Preferred
0 I5
1 OR60
2 OR71
3 OR02
4 OR13
5 OR24
6 OR35
7 OR46

Matching
0 I5
1 OR60
2 OR71
3 OR02
4 OR13
5 OR24
6 OR35
7 OR46

Perfect match
Identity no
NOT no
Constant no
AND no
OR no
XOR no
AND-NOT no
OR-NOT no
XOR-NOT no

Matched
0 I5
1 OR60
2 OR71
3 OR02
4 OR13
5 OR24
6 OR35
7 OR46

Selected
0 I5
1 OR60
2 OR71
3 OR02
4 OR13
5 OR24
6 OR35
7 OR46

Applying to 11010101
Input
0 1
1 1
2 0
3 1
4 0
5 1
6 0
7 1
Output
0 I5 = 1
1 OR60 = OR(0,1) = 1
2 OR71 = OR(1,1) = 1
3 OR02 = OR(1,0) = 1
4 OR13 = OR(1,1) = 1
5 OR24 = OR(0,0) = 0
6 OR35 = OR(1,1) = 1
7 OR46 = OR(0,0) = 0

I will now return the answer in \boxed{}
The answer in \boxed{–} is \boxed{11111010}
[correct]
true
