[category]
bit_manipulation
[prompt]
In Alice's Wonderland, a secret bit manipulation rule transforms 8-bit binary numbers. The transformation involves operations like bit shifts, rotations, XOR, AND, OR, NOT, and possibly majority or choice functions.

Here are some examples of input -> output:
01001101 -> 00101000
10001011 -> 01010001
11011111 -> 11111001
11111010 -> 01010001
10100001 -> 00000000
11111001 -> 00001001
00000100 -> 00000000
10111111 -> 11110001
01010101 -> 10101000

Now, determine the output for: 10110010
[completion]
We need to deduce the transformation by matching the example outputs.
I will put my final answer inside \boxed{}.

Output 0: 00101000
0 0
1 0
2 1
3 0
4 1
5 0
6 0
7 0

Output 1: 01010001
0 0
1 1
2 0
3 1
4 0
5 0
6 0
7 1

Output 2: 11111001
0 1
1 1
2 1
3 1
4 1
5 0
6 0
7 1

Output 3: 01010001
0 0
1 1
2 0
3 1
4 0
5 0
6 0
7 1

Output 4: 00000000
0 0
1 0
2 0
3 0
4 0
5 0
6 0
7 0

Output 5: 00001001
0 0
1 0
2 0
3 0
4 1
5 0
6 0
7 1

Output 6: 00000000
0 0
1 0
2 0
3 0
4 0
5 0
6 0
7 0

Output 7: 11110001
0 1
1 1
2 1
3 1
4 0
5 0
6 0
7 1

Output 8: 10101000
0 1
1 0
2 1
3 0
4 1
5 0
6 0
7 0

Output bit columns (with bitsum as hash)
0 001000011 3
1 011100010 4
2 101000011 4
3 011100010 4
4 101001001 4
5 000000000 a
6 000000000 a
7 011101010 5

Input 0: 01001101
0 0
1 1
2 0
3 0
4 1
5 1
6 0
7 1

Input 1: 10001011
0 1
1 0
2 0
3 0
4 1
5 0
6 1
7 1

Input 2: 11011111
0 1
1 1
2 0
3 1
4 1
5 1
6 1
7 1

Input 3: 11111010
0 1
1 1
2 1
3 1
4 1
5 0
6 1
7 0

Input 4: 10100001
0 1
1 0
2 1
3 0
4 0
5 0
6 0
7 1

Input 5: 11111001
0 1
1 1
2 1
3 1
4 1
5 0
6 0
7 1

Input 6: 00000100
0 0
1 0
2 0
3 0
4 0
5 1
6 0
7 0

Input 7: 10111111
0 1
1 0
2 1
3 1
4 1
5 1
6 1
7 1

Input 8: 01010101
0 0
1 1
2 0
3 1
4 0
5 1
6 0
7 1

When matching output
x: not in operator
y: wrong position

Identity
0 011111010 6
1 101101001 5
2 000111010 4
3 001101011 5
4 111101010 6
5 101000111 5
6 011100010 4 match 1 3
7 111011011 7

Matching output
0 absent
1 6
2 absent
3 6
4 absent
5 absent
6 absent
7 absent

Left
none
Best: none

Right
none
Best: none

NOT
0 100000101 3
1 010010110 4
2 111000101 5
3 110010100 4
4 000010101 3
5 010111000 4
6 100011101 5
7 000100100 2

Matching output
0 absent
1 absent
2 absent
3 absent
4 absent
5 absent
6 absent
7 absent

Left
none
Best: none

Right
none
Best: none

Constant
0 000000000 a match 5 6
1 111111111 a

Matching output
0 absent
1 absent
2 absent
3 absent
4 absent
5 C0
6 C0
7 absent

Left
none
Best: none

Right
none
Best: none

AND
01 10 001101000 3
12 21 000101000 2
23 32 000101010 3
34 43 001101010 4
45 54 101000010 3
56 65 001000010 2
67 76 011000010 3
70 07 011011010 5

02 20 000111010 4
13 31 001101001 4
24 42 000101010 3
35 53 001000011 3 match 0
46 64 011100010 4 match 1 3
57 75 101000011 4 match 2
60 06 011100010 4 match 1 3
71 17 101001001 4 match 4

03 30 001101010 4
14 41 101101000 4
25 52 000000010 1
36 63 001100010 3
47 74 111001010 5
50 05 001000010 2
61 16 001100000 2
72 27 000011010 3

04 40 011101010 5 match 7
15 51 101000001 3
26 62 000100010 2
37 73 001001011 4

Matching output
0 35 53
1 46 64 60 06
2 57 75
3 46 64 60 06
4 71 17
5 absent
6 absent
7 04 40

Left
35 46 57 60 71 02x
53 64 75 06 17 20x
Best: AND35 46 57 60 71: 5

Right
04 73x
40 37x
Best: AND04: 1

OR
01 10 111111011 8
12 21 101111011 7
23 32 001111011 6
34 43 111101011 7
45 54 111101111 8
56 65 111100111 7
67 76 111111011 8
70 07 111111011 8

02 20 011111010 6
13 31 101101011 6
24 42 111111010 7
35 53 101101111 7
46 64 111101010 6
57 75 111011111 8
60 06 011111010 6
71 17 111111011 8

03 30 011111011 7
14 41 111101011 7
25 52 101111111 8
36 63 011101011 6
47 74 111111011 8
50 05 111111111 a
61 16 111101011 7
72 27 111111011 8

04 40 111111010 7
15 51 101101111 7
26 62 011111010 6
37 73 111111011 8

Matching output
0 absent
1 absent
2 absent
3 absent
4 absent
5 absent
6 absent
7 absent

Left
none
Best: none

Right
none
Best: none

XOR
01 10 110010011 5
12 21 101010011 5
23 32 001010001 3
34 43 110000001 3
45 54 010101101 5
56 65 110100101 5
67 76 100111001 5
70 07 100100001 3

02 20 011000000 2
13 31 100000010 2
24 42 111010000 4
35 53 100101100 4
46 64 100001000 2
57 75 010011100 4
60 06 000011000 2
71 17 010110010 4

03 30 010010001 3
14 41 010000011 3
25 52 101111101 7
36 63 010001001 3
47 74 000110001 3
50 05 110111101 7
61 16 110001011 5
72 27 111100001 5

04 40 100010000 2
15 51 000101110 4
26 62 011011000 4
37 73 110110000 4

Matching output
0 absent
1 absent
2 absent
3 absent
4 absent
5 absent
6 absent
7 absent

Left
none
Best: none

Right
none
Best: none

AND-NOT
01 010010010 3
12 101000001 3
23 000010000 1
34 000000001 1
45 010101000 3
56 100000101 3
67 000100000 1
70 100000001 2

02 011000000 2
13 100000000 1
24 000010000 1
35 000101000 2
46 100001000 2
57 000000100 1
60 000000000 a match 5 6
71 010010010 3

03 010010000 2
14 000000001 1
25 000111000 3
36 000001001 2
47 000100000 1
50 100000101 3
61 010000010 2
72 111000001 4

04 000010000 1
15 000101000 2
26 000011000 2
37 000100000 1
40 100000000 1
51 000000110 2
62 011000000 2
73 110010000 3

05 010111000 4
16 100001001 3
27 000100000 1
30 000000001 1
41 010000010 2
52 101000101 4
63 010000000 1
74 000010001 2

06 000011000 2
17 000100000 1
20 000000000 a match 5 6
31 000000010 1
42 111000000 3
53 100000100 2
64 000000000 a match 5 6
75 010011000 3

07 000100000 1
10 100000001 2
21 000010010 2
32 001000001 2
43 110000000 2
54 000000101 2
65 010100000 2
76 100011001 4

Matching output
0 absent
1 absent
2 absent
3 absent
4 absent
5 60 20 64
6 60 20 64
7 absent

Left
none
Best: none

Right
none
Best: none

OR-NOT
01 011111110 7
12 111101101 7
23 110111110 7
34 001111111 7
45 111111010 7
56 101011111 7
67 011100110 5
70 111011111 8

02 111111111 a
13 111111101 8
24 000111111 6
35 011111011 7
46 111111111 a
57 101100111 6
60 111100111 7
71 111011111 8

03 111111110 8
14 101111101 7
25 010111010 5
36 101111111 8
47 111101110 7
50 101000111 5
61 011110110 6
72 111011111 8

04 011111111 8
15 111111001 7
26 100111111 7
37 001101111 6
40 111101111 8
51 111010111 7
62 111100111 7
73 111011111 8

05 011111010 6
16 101111101 7
27 000111110 5
30 101101111 7
41 111111110 8
52 111000111 6
63 111110110 7
74 111011111 8

06 111111111 a
17 101101101 6
20 100111111 7
31 011111111 8
42 111101111 8
53 111010111 7
64 011110111 7
75 111111011 8

07 011111110 7
10 101101101 6
21 010111110 6
32 111101111 8
43 111111110 8
54 101010111 6
65 011111010 6
76 111011111 8

Matching output
0 absent
1 absent
2 absent
3 absent
4 absent
5 absent
6 absent
7 absent

Left
none
Best: none

Right
none
Best: none

XOR-NOT
01 001101100 4
12 010101100 4
23 110101110 6
34 001111110 6
45 101010010 4
56 001011010 4
67 011000110 4
70 011011110 6

02 100111111 7
13 011111101 7
24 000101111 5
35 011010011 5
46 011110111 7
57 101100011 5
60 111100111 7
71 101001101 5

03 101101110 6
14 101111100 6
25 010000010 2
36 101110110 6
47 111001110 6
50 001000010 2
61 001110100 4
72 000011110 4

04 011101111 7
15 111010001 5
26 100100111 5
37 001001111 5
40 011101111 7
51 111010001 5
62 100100111 5
73 001001111 5

05 001000010 2
16 001110100 4
27 000011110 4
30 101101110 6
41 101111100 6
52 010000010 2
63 101110110 6
74 111001110 6

06 111100111 7
17 101001101 5
20 100111111 7
31 011111101 7
42 000101111 5
53 011010011 5
64 011110111 7
75 101100011 5

07 011011110 6
10 001101100 4
21 010101100 4
32 110101110 6
43 001111110 6
54 101010010 4
65 001011010 4
76 011000110 4

Matching output
0 absent
1 absent
2 absent
3 absent
4 absent
5 absent
6 absent
7 absent

Left
none
Best: none

Right
none
Best: none

Selecting

Lefts
Identity none
NOT none
Constant none
AND AND35 46 57 60 71: 5
OR none
XOR none
AND-NOT none
OR-NOT none
XOR-NOT none

Rights
Identity none
NOT none
Constant none
AND AND04: 1
OR none
XOR none
AND-NOT none
OR-NOT none
XOR-NOT none

Left longest: 5
Right longest: 1

Left winner: Identity no, NOT no, Constant no, AND yes, OR no, XOR no, AND-NOT no, OR-NOT no, XOR-NOT no
Right winner: Identity no, NOT no, Constant no, AND yes, OR no, XOR no, AND-NOT no, OR-NOT no, XOR-NOT no

Best left: AND35 46 57 60 71: 5
Best right: AND04: 1

Truncated left: AND35 46 57 60 71: 5
Truncated right: AND04: 1

Tentative from right
7 AND04
6 pending
5 pending
4 pending
3 pending
2 pending
1 pending
0 pending

Tentative
0 AND35
1 AND46
2 AND57
3 AND60
4 AND71
5 pending
6 pending
7 AND04

Preferred from left
0 AND35
1 AND46
2 AND57
3 AND60
4 AND71
5 ?02
6 ?13
7 AND04

Preferred from right
7 AND04
6 ?13
5 ?02
4 AND71
3 AND60
2 AND57
1 AND46
0 AND35

Preferred
0 AND35
1 AND46
2 AND57
3 AND60
4 AND71
5 ?02 ?20
6 ?13 ?31
7 AND04

Matching
0 AND35
1 AND46
2 AND57
3 AND60
4 AND71
5 ?02 ?20 - Identity absent, NOT absent, Constant C0, AND absent, OR absent, XOR absent, AND-NOT20, OR-NOT absent, XOR-NOT absent
6 ?13 ?31 - Identity absent, NOT absent, Constant C0, AND absent, OR absent, XOR absent, AND-NOT absent, OR-NOT absent, XOR-NOT absent
7 AND04

Perfect match
Identity no
NOT no
Constant yes
AND no
OR no
XOR no
AND-NOT no
OR-NOT no
XOR-NOT no

Matched
0 AND35
1 AND46
2 AND57
3 AND60
4 AND71
5 C0
6 C0
7 AND04

Selected
0 AND35
1 AND46
2 AND57
3 AND60
4 AND71
5 C0
6 C0
7 AND04

Applying to 10110010
Input
0 1
1 0
2 1
3 1
4 0
5 0
6 1
7 0
Output
0 AND35 = AND(1,0) = 0
1 AND46 = AND(0,1) = 0
2 AND57 = AND(0,0) = 0
3 AND60 = AND(1,1) = 1
4 AND71 = AND(0,0) = 0
5 C0 = 0
6 C0 = 0
7 AND04 = AND(1,0) = 0

I will now return the answer in \boxed{}
The answer in \boxed{–} is \boxed{00010000}
[correct]
true
