[category]
bit_manipulation
[prompt]
In Alice's Wonderland, a secret bit manipulation rule transforms 8-bit binary numbers. The transformation involves operations like bit shifts, rotations, XOR, AND, OR, NOT, and possibly majority or choice functions.

Here are some examples of input -> output:
11100001 -> 01000011
11001101 -> 00011011
01110101 -> 01101010
10010111 -> 00101111
11111101 -> 01111011
00101010 -> 01010100
10001100 -> 00011001

Now, determine the output for: 00000011
[completion]
We need to deduce the transformation by matching the example outputs.
I will put my final answer inside \boxed{}.

Output 0: 01000011
0 0
1 1
2 0
3 0
4 0
5 0
6 1
7 1

Output 1: 00011011
0 0
1 0
2 0
3 1
4 1
5 0
6 1
7 1

Output 2: 01101010
0 0
1 1
2 1
3 0
4 1
5 0
6 1
7 0

Output 3: 00101111
0 0
1 0
2 1
3 0
4 1
5 1
6 1
7 1

Output 4: 01111011
0 0
1 1
2 1
3 1
4 1
5 0
6 1
7 1

Output 5: 01010100
0 0
1 1
2 0
3 1
4 0
5 1
6 0
7 0

Output 6: 00011001
0 0
1 0
2 0
3 1
4 1
5 0
6 0
7 1

Output bit columns (with bitsum as hash)
0 0000000 a
1 1010110 4
2 0011100 3
3 0100111 4
4 0111101 5
5 0001010 2
6 1111100 5
7 1101101 5

Input 0: 11100001
0 1
1 1
2 1
3 0
4 0
5 0
6 0
7 1

Input 1: 11001101
0 1
1 1
2 0
3 0
4 1
5 1
6 0
7 1

Input 2: 01110101
0 0
1 1
2 1
3 1
4 0
5 1
6 0
7 1

Input 3: 10010111
0 1
1 0
2 0
3 1
4 0
5 1
6 1
7 1

Input 4: 11111101
0 1
1 1
2 1
3 1
4 1
5 1
6 0
7 1

Input 5: 00101010
0 0
1 0
2 1
3 0
4 1
5 0
6 1
7 0

Input 6: 10001100
0 1
1 0
2 0
3 0
4 1
5 1
6 0
7 0

When matching output
x: not in operator
y: wrong position

Identity
0 1101101 5 match 7
1 1110100 4
2 1010110 4 match 1
3 0011100 3 match 2
4 0100111 4 match 3
5 0111101 5 match 4
6 0001010 2 match 5
7 1111100 5 match 6

Matching output
0 absent
1 2
2 3
3 4
4 5
5 6
6 7
7 0

Left
none
Best: none

Right
0 7 6 5 4 3 2 1x
Best: I0 7 6 5 4 3 2: 7

NOT
0 0010010 2
1 0001011 3
2 0101001 3
3 1100011 4
4 1011000 3
5 1000010 2
6 1110101 5
7 0000011 2

Matching output
0 absent
1 absent
2 absent
3 absent
4 absent
5 absent
6 absent
7 absent

Left
none
Best: none

Right
none
Best: none

Constant
0 0000000 a match 0
1 1111111 a

Matching output
0 C0
1 absent
2 absent
3 absent
4 absent
5 absent
6 absent
7 absent

Left
0
Best: C0: 1

Right
none
Best: none

AND
01 10 1100100 3
12 21 1010100 3
23 32 0010100 2
34 43 0000100 1
45 54 0100101 3
56 65 0001000 1
67 76 0001000 1
70 07 1101100 4

02 20 1000100 2
13 31 0010100 2
24 42 0000110 2
35 53 0011100 3 match 2
46 64 0000010 1
57 75 0111100 4
60 06 0001000 1
71 17 1110100 4

03 30 0001100 2
14 41 0100100 2
25 52 0010100 2
36 63 0001000 1
47 74 0100100 2
50 05 0101101 4
61 16 0000000 a match 0
72 27 1010100 3

04 40 0100101 3
15 51 0110100 3
26 62 0000010 1
37 73 0011100 3 match 2

Matching output
0 61 16
1 absent
2 35 53 37 73
3 absent
4 absent
5 absent
6 absent
7 absent

Left
61 72x
16 27x
Best: AND61: 1

Right
none
Best: none

OR
01 10 1111101 6
12 21 1110110 5
23 32 1011110 5
34 43 0111111 6
45 54 0111111 6
56 65 0111111 6
67 76 1111110 6
70 07 1111101 6

02 20 1111111 a
13 31 1111100 5 match 6
24 42 1110111 6
35 53 0111101 5 match 4
46 64 0101111 5
57 75 1111101 6
60 06 1101111 6
71 17 1111100 5 match 6

03 30 1111101 6
14 41 1110111 6
25 52 1111111 a
36 63 0011110 4
47 74 1111111 a
50 05 1111101 6
61 16 1111110 6
72 27 1111110 6

04 40 1101111 6
15 51 1111101 6
26 62 1011110 5
37 73 1111100 5 match 6

Matching output
0 absent
1 absent
2 absent
3 absent
4 35 53
5 absent
6 13 31 71 17 37 73
7 absent

Left
none
Best: none

Right
none
Best: none

XOR
01 10 0011001 3
12 21 0100010 2
23 32 1001010 3
34 43 0111011 5
45 54 0011010 3
56 65 0110111 5
67 76 1110110 5
70 07 0010001 2

02 20 0111011 5
13 31 1101000 3
24 42 1110001 4
35 53 0100001 2
46 64 0101101 4
57 75 1000001 2
60 06 1100111 5
71 17 0001000 1

03 30 1110001 4
14 41 1010011 4
25 52 1101011 5
36 63 0010110 3
47 74 1011011 5
50 05 1010000 2
61 16 1111110 6
72 27 0101010 3

04 40 1001010 3
15 51 1001001 3
26 62 1011100 4
37 73 1100000 2

Matching output
0 absent
1 absent
2 absent
3 absent
4 absent
5 absent
6 absent
7 absent

Left
none
Best: none

Right
none
Best: none

AND-NOT
01 0001001 2
12 0100000 1
23 1000010 2
34 0011000 2
45 0000010 1
56 0110101 4
67 0000010 1
70 0010000 1

02 0101001 3
13 1100000 2
24 1010000 2
35 0000000 a match 0
46 0100101 3
57 0000001 1
60 0000010 1
71 0001000 1

03 1100001 3
14 1010000 2
25 1000010 2
36 0010100 2
47 0000011 2
50 0010000 1
61 0001010 2 match 5
72 0101000 2

04 1001000 2
15 1000000 1
26 1010100 3
37 0000000 a match 0
40 0000010 1
51 0001001 2
62 0001000 1
73 1100000 2

05 1000000 1
16 1110100 4
27 0000010 1
30 0010000 1
41 0000011 2
52 0101001 3
63 0000010 1
74 1011000 3

06 1100101 4
17 0000000 a match 0
20 0010010 2
31 0001000 1
42 0100001 2
53 0100001 2
64 0001000 1
75 1000000 1

07 0000001 1
10 0010000 1
21 0000010 1
32 0001000 1
43 0100011 3
54 0011000 2
65 0000010 1
76 1110100 4

Matching output
0 35 37 17
1 absent
2 absent
3 absent
4 absent
5 61
6 absent
7 absent

Left
35 46x
37 40x
17 20x
Best: AND-NOT35: 1

Right
none
Best: none

OR-NOT
01 1101111 6
12 1111101 6
23 1110111 6
34 1011100 4
45 1100111 5
56 1111101 6
67 0001011 3
70 1111110 6

02 1101101 5 match 7
13 1110111 6
24 1011110 5
35 1011110 5
46 1110111 6
57 0111111 6
60 0011010 3
71 1111111 a

03 1101111 6
14 1111100 5 match 6
25 1010110 4 match 1
36 1111101 6
47 0100111 4 match 3
50 0111111 6
61 0001011 3
72 1111101 6

04 1111101 6
15 1110110 5
26 1110111 6
37 0011111 5
40 0110111 5
51 0111111 6
62 0101011 4
73 1111111 a

05 1101111 6
16 1110101 5
27 1010111 5
30 0011110 4
41 0101111 5
52 0111101 5 match 4
63 1101011 5
74 1111100 5 match 6

06 1111101 6
17 1110111 6
20 1010110 4 match 1
31 0011111 5
42 0101111 5
53 1111111 a
64 1011010 4
75 1111110 6

07 1101111 6
10 1110110 5
21 1011111 6
32 0111101 5 match 4
43 1100111 5
54 1111101 6
65 1001010 3
76 1111101 6

Matching output
0 absent
1 25 20
2 absent
3 47
4 52 32
5 absent
6 14 74
7 02

Left
none
Best: none

Right
02 71x
Best: OR-NOT02: 1

XOR-NOT
01 1100110 4
12 1011101 5
23 0110101 4
34 1000100 2
45 1100101 4
56 1001000 2
67 0001001 2
70 1101110 5

02 1000100 2
13 0010111 4
24 0001110 3
35 1011110 5
46 1010010 3
57 0111110 5
60 0011000 2
71 1110111 6

03 0001110 3
14 0101100 3
25 0010100 2
36 1101001 4
47 0100100 2
50 0101111 5
61 0000001 1
72 1010101 4

04 0110101 4
15 0110110 4
26 0100011 3
37 0011111 5
40 0110101 4
51 0110110 4
62 0100011 3
73 0011111 5

05 0101111 5
16 0000001 1
27 1010101 4
30 0001110 3
41 0101100 3
52 0010100 2
63 1101001 4
74 0100100 2

06 0011000 2
17 1110111 6
20 1000100 2
31 0010111 4
42 0001110 3
53 1011110 5
64 1010010 3
75 0111110 5

07 1101110 5
10 1100110 4
21 1011101 5
32 0110101 4
43 1000100 2
54 1100101 4
65 1001000 2
76 0001001 2

Matching output
0 absent
1 absent
2 absent
3 absent
4 absent
5 absent
6 absent
7 absent

Left
none
Best: none

Right
none
Best: none

Selecting

Lefts
Identity none
NOT none
Constant C0: 1
AND AND61: 1
OR none
XOR none
AND-NOT AND-NOT35: 1
OR-NOT none
XOR-NOT none

Rights
Identity I0 7 6 5 4 3 2: 7
NOT none
Constant none
AND none
OR none
XOR none
AND-NOT none
OR-NOT OR-NOT02: 1
XOR-NOT none

Left longest: 1
Right longest: 7

Right winner: Identity yes, NOT no, Constant no, AND no, OR no, XOR no, AND-NOT no, OR-NOT no, XOR-NOT no
Left winner: Identity no, NOT no, Constant yes, AND no, OR no, XOR no, AND-NOT no, OR-NOT no, XOR-NOT no

Best right: I0 7 6 5 4 3 2: 7
Best left: C0: 1

Truncated right: I0 7 6 5 4 3 2: 7
Truncated left: C0: 1

Tentative from right
7 I0
6 I7
5 I6
4 I5
3 I4
2 I3
1 I2
0 pending

Tentative
0 C0
1 I2
2 I3
3 I4
4 I5
5 I6
6 I7
7 I0

Preferred from right
7 I0
6 I7
5 I6
4 I5
3 I4
2 I3
1 I2
0 C0

Preferred from left
0 C0
1 I2
2 I3
3 I4
4 I5
5 I6
6 I7
7 I0

Preferred
0 C0
1 I2
2 I3
3 I4
4 I5
5 I6
6 I7
7 I0

Matching
0 C0
1 I2
2 I3
3 I4
4 I5
5 I6
6 I7
7 I0

Perfect match
Identity no
NOT no
Constant no
AND no
OR no
XOR no
AND-NOT no
OR-NOT no
XOR-NOT no

Matched
0 C0
1 I2
2 I3
3 I4
4 I5
5 I6
6 I7
7 I0

Selected
0 C0
1 I2
2 I3
3 I4
4 I5
5 I6
6 I7
7 I0

Applying to 00000011
Input
0 0
1 0
2 0
3 0
4 0
5 0
6 1
7 1
Output
0 C0 = 0
1 I2 = 0
2 I3 = 0
3 I4 = 0
4 I5 = 0
5 I6 = 1
6 I7 = 1
7 I0 = 0

I will now return the answer in \boxed{}
The answer in \boxed{–} is \boxed{00000110}
[correct]
true
