[category]
bit_manipulation
[prompt]
In Alice's Wonderland, a secret bit manipulation rule transforms 8-bit binary numbers. The transformation involves operations like bit shifts, rotations, XOR, AND, OR, NOT, and possibly majority or choice functions.

Here are some examples of input -> output:
10000001 -> 00000000
01010011 -> 00100000
11000111 -> 01100000
11110001 -> 00000000
10111001 -> 00000000
01001101 -> 10000000
11111110 -> 11000000
01001000 -> 00000000
01000100 -> 00000000
00010111 -> 01100000

Now, determine the output for: 11000010
[completion]
We need to deduce the transformation by matching the example outputs.
I will put my final answer inside \boxed{}.

Output 0: 00000000
0 0
1 0
2 0
3 0
4 0
5 0
6 0
7 0

Output 1: 00100000
0 0
1 0
2 1
3 0
4 0
5 0
6 0
7 0

Output 2: 01100000
0 0
1 1
2 1
3 0
4 0
5 0
6 0
7 0

Output 3: 00000000
0 0
1 0
2 0
3 0
4 0
5 0
6 0
7 0

Output 4: 00000000
0 0
1 0
2 0
3 0
4 0
5 0
6 0
7 0

Output 5: 10000000
0 1
1 0
2 0
3 0
4 0
5 0
6 0
7 0

Output 6: 11000000
0 1
1 1
2 0
3 0
4 0
5 0
6 0
7 0

Output 7: 00000000
0 0
1 0
2 0
3 0
4 0
5 0
6 0
7 0

Output 8: 00000000
0 0
1 0
2 0
3 0
4 0
5 0
6 0
7 0

Output 9: 01100000
0 0
1 1
2 1
3 0
4 0
5 0
6 0
7 0

Output bit columns (with bitsum as hash)
0 0000011000 2
1 0010001001 3
2 0110000001 3
3 0000000000 a
4 0000000000 a
5 0000000000 a
6 0000000000 a
7 0000000000 a

Input 0: 10000001
0 1
1 0
2 0
3 0
4 0
5 0
6 0
7 1

Input 1: 01010011
0 0
1 1
2 0
3 1
4 0
5 0
6 1
7 1

Input 2: 11000111
0 1
1 1
2 0
3 0
4 0
5 1
6 1
7 1

Input 3: 11110001
0 1
1 1
2 1
3 1
4 0
5 0
6 0
7 1

Input 4: 10111001
0 1
1 0
2 1
3 1
4 1
5 0
6 0
7 1

Input 5: 01001101
0 0
1 1
2 0
3 0
4 1
5 1
6 0
7 1

Input 6: 11111110
0 1
1 1
2 1
3 1
4 1
5 1
6 1
7 0

Input 7: 01001000
0 0
1 1
2 0
3 0
4 1
5 0
6 0
7 0

Input 8: 01000100
0 0
1 1
2 0
3 0
4 0
5 1
6 0
7 0

Input 9: 00010111
0 0
1 0
2 0
3 1
4 0
5 1
6 1
7 1

When matching output
x: not in operator
y: wrong position

Identity
0 1011101000 5
1 0111011110 7
2 0001101000 3
3 0101101001 5
4 0000111100 4
5 0010011011 5
6 0110001001 4
7 1111110001 7

Matching output
0 absent
1 absent
2 absent
3 absent
4 absent
5 absent
6 absent
7 absent

Left
none
Best: none

Right
none
Best: none

NOT
0 0100010111 5
1 1000100001 3
2 1110010111 7
3 1010010110 5
4 1111000011 6
5 1101100100 5
6 1001110110 6
7 0000001110 3

Matching output
0 absent
1 absent
2 absent
3 absent
4 absent
5 absent
6 absent
7 absent

Left
none
Best: none

Right
none
Best: none

Constant
0 0000000000 a match 3 4 5 6 7
1 1111111111 a

Matching output
0 absent
1 absent
2 absent
3 C0
4 C0
5 C0
6 C0
7 C0

Left
none
Best: none

Right
0 0 0 0 0
Best: C0 0 0 0 0: 5

AND
01 10 0011001000 3
12 21 0001001000 2
23 32 0001101000 3
34 43 0000101000 2
45 54 0000011000 2 match 0
56 65 0010001001 3 match 1
67 76 0110000001 3 match 2
70 07 1011100000 4

02 20 0001101000 3
13 31 0101001000 3
24 42 0000101000 2
35 53 0000001001 2
46 64 0000001000 1
57 75 0010010001 3
60 06 0010001000 2
71 17 0111010000 4

03 30 0001101000 3
14 41 0000011100 3
25 52 0000001000 1
36 63 0100001001 3
47 74 0000110000 2
50 05 0010001000 2
61 16 0110001000 3
72 27 0001100000 2

04 40 0000101000 2
15 51 0010011010 4
26 62 0000001000 1
37 73 0101100001 4

Matching output
0 45 54
1 56 65
2 67 76
3 absent
4 absent
5 absent
6 absent
7 absent

Left
45 56 67 70x
54 65 76 07x
Best: AND45 56 67: 3

Right
none
Best: none

OR
01 10 1111111110 9
12 21 0111111110 8
23 32 0101101001 5
34 43 0101111101 7
45 54 0010111111 7
56 65 0110011011 6
67 76 1111111001 8
70 07 1111111001 8

02 20 1011101000 5
13 31 0111111111 9
24 42 0001111100 5
35 53 0111111011 8
46 64 0110111101 7
57 75 1111111011 9
60 06 1111101001 7
71 17 1111111111 a

03 30 1111101001 7
14 41 0111111110 8
25 52 0011111011 7
36 63 0111101001 6
47 74 1111111101 9
50 05 1011111011 8
61 16 0111011111 8
72 27 1111111001 8

04 40 1011111100 7
15 51 0111011111 8
26 62 0111101001 6
37 73 1111111001 8

Matching output
0 absent
1 absent
2 absent
3 absent
4 absent
5 absent
6 absent
7 absent

Left
none
Best: none

Right
none
Best: none

XOR
01 10 1100110110 6
12 21 0110110110 6
23 32 0100000001 2
34 43 0101010101 5
45 54 0010100111 5
56 65 0100010010 3
67 76 1001111000 5
70 07 0100011001 4

02 20 1010000000 2
13 31 0010110111 6
24 42 0001010100 3
35 53 0111110010 6
46 64 0110110101 6
57 75 1101101010 6
60 06 1101100001 5
71 17 1000101111 6

03 30 1110000001 4
14 41 0111100010 5
25 52 0011110011 6
36 63 0011100000 3
47 74 1111001101 7
50 05 1001110011 6
61 16 0001010111 5
72 27 1110011001 6

04 40 1011010100 5
15 51 0101000101 4
26 62 0111100001 5
37 73 1010011000 4

Matching output
0 absent
1 absent
2 absent
3 absent
4 absent
5 absent
6 absent
7 absent

Left
none
Best: none

Right
none
Best: none

AND-NOT
01 1000100000 2
12 0110010110 5
23 0000000000 a match 3 4 5 6 7
34 0101000001 3
45 0000100100 2
56 0000010010 2
67 0000001000 1
70 0100010001 3

02 1010000000 2
13 0010010110 4
24 0001000000 1
35 0101100000 3
46 0000110100 3
57 0000001010 2
60 0100000001 2
71 1000100001 3

03 1010000000 2
14 0111000010 4
25 0001100000 2
36 0001100000 2
47 0000001100 2
50 0000010011 3
61 0000000001 1
72 1110010001 5

04 1011000000 3
15 0101000100 3
26 0001100000 2
37 0000001000 1
40 0000010100 2
51 0000000001 1
62 0110000001 3 match 2
73 1010010000 3

05 1001100000 3
16 0001010110 4
27 0000001000 1
30 0100000001 2
41 0000100000 1
52 0010010011 4
63 0010000000 1
74 1111000001 5

06 1001100000 3
17 0000001110 3
20 0000000000 a match 3 4 5 6 7
31 0000100001 2
42 0000010100 2
53 0010010010 3
64 0110000001 3 match 2
75 1101100000 4

07 0000001000 1
10 0100010110 4
21 0000100000 1
32 0100000001 2
43 0000010100 2
54 0010000011 3
65 0100000000 1
76 1001110000 4

Matching output
0 absent
1 absent
2 62 64
3 23 20
4 23 20
5 23 20
6 23 20
7 23 20

Left
none
Best: none

Right
23 12x
20 17x
Best: AND-NOT23: 1

OR-NOT
01 1011101001 6
12 1111011111 9
23 1011111110 8
34 1111101011 8
45 1101111100 7
56 1011111111 9
67 0110001111 6
70 1111110111 9

02 1111111111 a
13 1111011110 8
24 1111101011 8
35 1101101101 7
46 1001111110 7
57 0010011111 6
60 0110011111 7
71 1111110001 7

03 1011111110 8
14 1111011111 9
25 1101101100 6
36 1101111111 9
47 0000111110 5
50 0110011111 7
61 1110101001 6
72 1111110111 9

04 1111101011 8
15 1111111110 9
26 1001111110 7
37 0101101111 7
40 0100111111 7
51 1010111011 7
62 1110011111 8
73 1111110111 9

05 1111101100 7
16 1111111110 9
27 0001101110 5
30 0101111111 8
41 1000111101 6
52 1110011111 8
63 1110011111 8
74 1111110011 8

06 1011111110 8
17 0111011110 7
20 0101111111 8
31 1101101001 6
42 1110111111 9
53 1010011111 7
64 1111001011 7
75 1111110101 8

07 1011101110 7
10 0111011111 8
21 1001101001 5
32 1111111111 a
43 1010111110 7
54 1111011011 8
65 1111101101 8
76 1111110111 9

Matching output
0 absent
1 absent
2 absent
3 absent
4 absent
5 absent
6 absent
7 absent

Left
none
Best: none

Right
none
Best: none

XOR-NOT
01 0011001001 4
12 1001001001 4
23 1011111110 8
34 1010101010 5
45 1101011000 5
56 1011101101 7
67 0110000111 5
70 1011100110 6

02 0101111111 8
13 1101001000 4
24 1110101011 7
35 1000001101 4
46 1001001010 4
57 0010010101 4
60 0010011110 5
71 0111010000 4

03 0001111110 6
14 1000011101 5
25 1100001100 4
36 1100011111 7
47 0000110010 3
50 0110001100 4
61 1110101000 5
72 0001100110 4

04 0100101011 5
15 1010111010 6
26 1000011110 5
37 0101100111 6
40 0100101011 5
51 1010111010 6
62 1000011110 5
73 0101100111 6

05 0110001100 4
16 1110101000 5
27 0001100110 4
30 0001111110 6
41 1000011101 5
52 1100001100 4
63 1100011111 7
74 0000110010 3

06 0010011110 5
17 0111010000 4
20 0101111111 8
31 1101001000 4
42 1110101011 7
53 1000001101 4
64 1001001010 4
75 0010010101 4

07 1011100110 6
10 0011001001 4
21 1001001001 4
32 1011111110 8
43 1010101010 5
54 1101011000 5
65 1011101101 7
76 0110000111 5

Matching output
0 absent
1 absent
2 absent
3 absent
4 absent
5 absent
6 absent
7 absent

Left
none
Best: none

Right
none
Best: none

Selecting

Lefts
Identity none
NOT none
Constant none
AND AND45 56 67: 3
OR none
XOR none
AND-NOT none
OR-NOT none
XOR-NOT none

Rights
Identity none
NOT none
Constant C0 0 0 0 0: 5
AND none
OR none
XOR none
AND-NOT AND-NOT23: 1
OR-NOT none
XOR-NOT none

Left longest: 3
Right longest: 5

Right winner: Identity no, NOT no, Constant yes, AND no, OR no, XOR no, AND-NOT no, OR-NOT no, XOR-NOT no
Left winner: Identity no, NOT no, Constant no, AND yes, OR no, XOR no, AND-NOT no, OR-NOT no, XOR-NOT no

Best right: C0 0 0 0 0: 5
Best left: AND45 56 67: 3

Truncated right: C0 0 0 0 0: 5
Truncated left: AND45 56 67: 3

Tentative from right
7 C0
6 C0
5 C0
4 C0
3 C0
2 pending
1 pending
0 pending

Tentative
0 AND45
1 AND56
2 AND67
3 C0
4 C0
5 C0
6 C0
7 C0

Preferred from right
7 C0
6 C0
5 C0
4 C0
3 C0
2 AND67
1 AND56
0 AND45

Preferred from left
0 AND45
1 AND56
2 AND67
3 C0
4 C0
5 C0
6 C0
7 C0

Preferred
0 AND45
1 AND56
2 AND67
3 C0
4 C0
5 C0
6 C0
7 C0

Matching
0 AND45
1 AND56
2 AND67
3 C0
4 C0
5 C0
6 C0
7 C0

Perfect match
Identity no
NOT no
Constant no
AND no
OR no
XOR no
AND-NOT no
OR-NOT no
XOR-NOT no

Matched
0 AND45
1 AND56
2 AND67
3 C0
4 C0
5 C0
6 C0
7 C0

Selected
0 AND45
1 AND56
2 AND67
3 C0
4 C0
5 C0
6 C0
7 C0

Applying to 11000010
Input
0 1
1 1
2 0
3 0
4 0
5 0
6 1
7 0
Output
0 AND45 = AND(0,0) = 0
1 AND56 = AND(0,1) = 0
2 AND67 = AND(1,0) = 0
3 C0 = 0
4 C0 = 0
5 C0 = 0
6 C0 = 0
7 C0 = 0

I will now return the answer in \boxed{}
The answer in \boxed{–} is \boxed{00000000}
[correct]
true
