[category]
bit_manipulation
[prompt]
In Alice's Wonderland, a secret bit manipulation rule transforms 8-bit binary numbers. The transformation involves operations like bit shifts, rotations, XOR, AND, OR, NOT, and possibly majority or choice functions.

Here are some examples of input -> output:
01100011 -> 11000000
01011111 -> 11000000
01111110 -> 10000000
01010110 -> 10000000
00110010 -> 10000000
01000111 -> 11000000
01101101 -> 01000000
00101000 -> 00000000
11010110 -> 10000001

Now, determine the output for: 01110101
[completion]
We need to deduce the transformation by matching the example outputs.
I will put my final answer inside \boxed{}.

Output 0: 11000000
0 1
1 1
2 0
3 0
4 0
5 0
6 0
7 0

Output 1: 11000000
0 1
1 1
2 0
3 0
4 0
5 0
6 0
7 0

Output 2: 10000000
0 1
1 0
2 0
3 0
4 0
5 0
6 0
7 0

Output 3: 10000000
0 1
1 0
2 0
3 0
4 0
5 0
6 0
7 0

Output 4: 10000000
0 1
1 0
2 0
3 0
4 0
5 0
6 0
7 0

Output 5: 11000000
0 1
1 1
2 0
3 0
4 0
5 0
6 0
7 0

Output 6: 01000000
0 0
1 1
2 0
3 0
4 0
5 0
6 0
7 0

Output 7: 00000000
0 0
1 0
2 0
3 0
4 0
5 0
6 0
7 0

Output 8: 10000001
0 1
1 0
2 0
3 0
4 0
5 0
6 0
7 1

Output bit columns (with bitsum as hash)
0 111111001 7
1 110001100 4
2 000000000 a
3 000000000 a
4 000000000 a
5 000000000 a
6 000000000 a
7 000000001 1

Input 0: 01100011
0 0
1 1
2 1
3 0
4 0
5 0
6 1
7 1

Input 1: 01011111
0 0
1 1
2 0
3 1
4 1
5 1
6 1
7 1

Input 2: 01111110
0 0
1 1
2 1
3 1
4 1
5 1
6 1
7 0

Input 3: 01010110
0 0
1 1
2 0
3 1
4 0
5 1
6 1
7 0

Input 4: 00110010
0 0
1 0
2 1
3 1
4 0
5 0
6 1
7 0

Input 5: 01000111
0 0
1 1
2 0
3 0
4 0
5 1
6 1
7 1

Input 6: 01101101
0 0
1 1
2 1
3 0
4 1
5 1
6 0
7 1

Input 7: 00101000
0 0
1 0
2 1
3 0
4 1
5 0
6 0
7 0

Input 8: 11010110
0 1
1 1
2 0
3 1
4 0
5 1
6 1
7 0

When matching output
x: not in operator
y: wrong position

Identity
0 000000001 1 match 7
1 111101101 7
2 101010110 5
3 011110001 5
4 011000110 4
5 011101101 6
6 111111001 7 match 0
7 110001100 4 match 1

Matching output
0 6
1 7
2 absent
3 absent
4 absent
5 absent
6 absent
7 0

Left
6 7 0y
Best: I6 7: 2

Right
0 7y
Best: I0: 1

NOT
0 111111110 8
1 000010010 2
2 010101001 4
3 100001110 4
4 100111001 5
5 100010010 3
6 000000110 2
7 001110011 5

Matching output
0 absent
1 absent
2 absent
3 absent
4 absent
5 absent
6 absent
7 absent

Left
none
Best: none

Right
none
Best: none

Constant
0 000000000 a match 2 3 4 5 6
1 111111111 a

Matching output
0 absent
1 absent
2 C0
3 C0
4 C0
5 C0
6 C0
7 absent

Left
none
Best: none

Right
none
Best: none

AND
01 10 000000001 1 match 7
12 21 101000100 3
23 32 001010000 2
34 43 011000000 2
45 54 011000100 3
56 65 011101001 5
67 76 110001000 3
70 07 000000000 a match 2 3 4 5 6

02 20 000000000 a match 2 3 4 5 6
13 31 011100001 4
24 42 001000110 3
35 53 011100001 4
46 64 011000000 2
57 75 010001100 3
60 06 000000001 1 match 7
71 17 110001100 4 match 1

03 30 000000001 1 match 7
14 41 011000100 3
25 52 001000100 2
36 63 011110001 5
47 74 010000100 2
50 05 000000001 1 match 7
61 16 111101001 6
72 27 100000100 2

04 40 000000000 a match 2 3 4 5 6
15 51 011101101 6
26 62 101010000 3
37 73 010000000 1

Matching output
0 absent
1 71 17
2 70 07 02 20 04 40
3 70 07 02 20 04 40
4 70 07 02 20 04 40
5 70 07 02 20 04 40
6 70 07 02 20 04 40
7 01 10 60 06 03 30 50 05

Left
none
Best: none

Right
01 70 67x
10 07 76x
60 57x
06 75x
03 72x
30 27x
50 47x
05 74x
Best: AND01 70: 2

OR
01 10 111101101 7
12 21 111111111 a
23 32 111110111 8
34 43 011110111 7
45 54 011101111 7
56 65 111111101 8
67 76 111111101 8
70 07 110001101 5

02 20 101010111 6
13 31 111111101 8
24 42 111010110 6
35 53 011111101 7
46 64 111111111 a
57 75 111101101 7
60 06 111111001 7 match 0
71 17 111101101 7

03 30 011110001 5
14 41 111101111 8
25 52 111111111 a
36 63 111111001 7 match 0
47 74 111001110 6
50 05 011101101 6
61 16 111111101 8
72 27 111011110 7

04 40 011000111 5
15 51 111101101 7
26 62 111111111 a
37 73 111111101 8

Matching output
0 60 06 36 63
1 absent
2 absent
3 absent
4 absent
5 absent
6 absent
7 absent

Left
60 71x
06 17x
36 47x
63 74x
Best: OR60: 1

Right
none
Best: none

XOR
01 10 111101100 6
12 21 010111011 6
23 32 110100111 6
34 43 000110111 5
45 54 000101011 4
56 65 100010100 3
67 76 001110101 5
70 07 110001101 5

02 20 101010111 6
13 31 100011100 4
24 42 110010000 3
35 53 000011100 3
46 64 100111111 7
57 75 101100001 4
60 06 111111000 6
71 17 001100001 3

03 30 011110000 4
14 41 100101011 5
25 52 110111011 7
36 63 100001000 2
47 74 101001010 4
50 05 011101100 5
61 16 000010100 2
72 27 011011010 5

04 40 011000111 5
15 51 100000000 1
26 62 010101111 6
37 73 101111101 7

Matching output
0 absent
1 absent
2 absent
3 absent
4 absent
5 absent
6 absent
7 absent

Left
none
Best: none

Right
none
Best: none

AND-NOT
01 000000000 a match 2 3 4 5 6
12 010101001 4
23 100000110 3
34 000110001 3
45 000000010 1
56 000000100 1
67 001110001 4
70 110001100 4 match 1

02 000000001 1 match 7
13 100001100 3
24 100010000 2
35 000010000 1
46 000000110 2
57 001100001 3
60 111111000 6
71 000000000 a match 2 3 4 5 6

03 000000000 a match 2 3 4 5 6
14 100101001 4
25 100010010 3
36 000000000 a match 2 3 4 5 6
47 001000010 2
50 011101100 5
61 000010000 1
72 010001000 2

04 000000001 1 match 7
15 100000000 1
26 000000110 2
37 001110001 4
40 011000110 4
51 000000000 a match 2 3 4 5 6
62 010101001 4
73 100001100 3

05 000000000 a match 2 3 4 5 6
16 000000100 1
27 001010010 3
30 011110000 4
41 000000010 1
52 010101001 4
63 100001000 2
74 100001000 2

06 000000000 a match 2 3 4 5 6
17 001100001 3
20 101010110 5
31 000010000 1
42 010000000 1
53 000001100 2
64 100111001 5
75 100000000 1

07 000000001 1 match 7
10 111101100 6
21 000010010 2
32 010100001 3
43 000000110 2
54 000101001 3
65 100010000 2
76 000000100 1

Matching output
0 absent
1 70
2 01 71 03 36 51 05 06
3 01 71 03 36 51 05 06
4 01 71 03 36 51 05 06
5 01 71 03 36 51 05 06
6 01 71 03 36 51 05 06
7 02 04 07

Left
none
Best: none

Right
02 71 60x
04 73x
07 76x
Best: AND-NOT02 71: 2

OR-NOT
01 000010011 3
12 111101101 7
23 101011110 6
34 111111001 7 match 0
45 111010110 6
56 011101111 7
67 111111011 8
70 111111110 8

02 010101001 4
13 111101111 8
24 101111111 8
35 111110011 7
46 011000110 4
57 011111111 8
60 111111111 a
71 110011110 6

03 100001111 5
14 111111101 8
25 101010110 5
36 011110111 7
47 011110111 7
50 111111111 a
61 111111011 8
72 110101101 6

04 100111001 5
15 111111111 a
26 101010110 5
37 011110011 6
40 111111110 8
51 011111111 8
62 111111001 7 match 0
73 110001110 5

05 100010011 4
16 111101111 8
27 101110111 7
30 111111111 a
41 011010110 5
52 011101101 6
63 111111111 a
74 110111101 7

06 000000111 3
17 111111111 a
20 111111110 8
31 011110011 6
42 011101111 7
53 111101111 8
64 111111001 7 match 0
75 110011110 6

07 001110011 5
10 111111111 a
21 101010110 5
32 011111001 6
43 111001110 6
54 111111101 8
65 111111011 8
76 110001110 5

Matching output
0 34 62 64
1 absent
2 absent
3 absent
4 absent
5 absent
6 absent
7 absent

Left
34 45x
62 73x
64 75x
Best: OR-NOT34: 1

Right
none
Best: none

XOR-NOT
01 000010011 3
12 101000100 3
23 001011000 3
34 111001000 4
45 111010100 5
56 011101011 6
67 110001010 4
70 001110010 4

02 010101000 3
13 011100011 5
24 001101111 6
35 111100011 6
46 011000000 2
57 010011110 5
60 000000111 3
71 110011110 6

03 100001111 5
14 011010100 4
25 001000100 2
36 011110111 7
47 010110101 5
50 100010011 4
61 111101011 7
72 100100101 4

04 100111000 4
15 011111111 8
26 101010000 3
37 010000010 2
40 100111000 4
51 011111111 8
62 101010000 3
73 010000010 2

05 100010011 4
16 111101011 7
27 100100101 4
30 100001111 5
41 011010100 4
52 001000100 2
63 011110111 7
74 010110101 5

06 000000111 3
17 110011110 6
20 010101000 3
31 011100011 5
42 001101111 6
53 111100011 6
64 011000000 2
75 010011110 5

07 001110010 4
10 000010011 3
21 101000100 3
32 001011000 3
43 111001000 4
54 111010100 5
65 011101011 6
76 110001010 4

Matching output
0 absent
1 absent
2 absent
3 absent
4 absent
5 absent
6 absent
7 absent

Left
none
Best: none

Right
none
Best: none

Selecting

Lefts
Identity I6 7: 2
NOT none
Constant none
AND none
OR OR60: 1
XOR none
AND-NOT none
OR-NOT OR-NOT34: 1
XOR-NOT none

Rights
Identity I0: 1
NOT none
Constant none
AND AND01 70: 2
OR none
XOR none
AND-NOT AND-NOT02 71: 2
OR-NOT none
XOR-NOT none

Left longest: 2
Right longest: 2

Left winner: Identity yes, NOT no, Constant no, AND no, OR no, XOR no, AND-NOT no, OR-NOT no, XOR-NOT no
Right winner: Identity no, NOT no, Constant no, AND yes, OR no, XOR no, AND-NOT no, OR-NOT no, XOR-NOT no

Best left: I6 7: 2
Best right: AND01 70: 2

Truncated left: I6 7: 2
Truncated right: AND01 70: 2

Tentative from right
7 AND01
6 AND70
5 pending
4 pending
3 pending
2 pending
1 pending
0 pending

Tentative
0 I6
1 I7
2 pending
3 pending
4 pending
5 pending
6 AND70
7 AND01

Preferred from left
0 I6
1 I7
2 ?0?
3 ?1?
4 ?2?
5 ?3?
6 AND70
7 AND01

Preferred from right
7 AND01
6 AND70
5 ?3?
4 ?2?
3 ?1?
2 ?0?
1 I7
0 I6

Preferred
0 I6
1 I7
2 ?0?
3 ?1?
4 ?2?
5 ?3?
6 AND70
7 AND01

Matching
0 I6
1 I7
2 ?0? - Identity absent, NOT absent, Constant C0, AND07, OR absent, XOR absent, AND-NOT01, OR-NOT absent, XOR-NOT absent
3 ?1? - Identity absent, NOT absent, Constant C0, AND absent, OR absent, XOR absent, AND-NOT absent, OR-NOT absent, XOR-NOT absent
4 ?2? - Identity absent, NOT absent, Constant C0, AND20, OR absent, XOR absent, AND-NOT absent, OR-NOT absent, XOR-NOT absent
5 ?3? - Identity absent, NOT absent, Constant C0, AND absent, OR absent, XOR absent, AND-NOT36, OR-NOT absent, XOR-NOT absent
6 AND70
7 AND01

Perfect match
Identity no
NOT no
Constant yes
AND no
OR no
XOR no
AND-NOT no
OR-NOT no
XOR-NOT no

Matched
0 I6
1 I7
2 C0
3 C0
4 C0
5 C0
6 AND70
7 AND01

Selected
0 I6
1 I7
2 C0
3 C0
4 C0
5 C0
6 AND70
7 AND01

Applying to 01110101
Input
0 0
1 1
2 1
3 1
4 0
5 1
6 0
7 1
Output
0 I6 = 0
1 I7 = 1
2 C0 = 0
3 C0 = 0
4 C0 = 0
5 C0 = 0
6 AND70 = AND(1,0) = 0
7 AND01 = AND(0,1) = 0

I will now return the answer in \boxed{}
The answer in \boxed{–} is \boxed{01000000}
[correct]
true
