[category]
bit_manipulation
[prompt]
In Alice's Wonderland, a secret bit manipulation rule transforms 8-bit binary numbers. The transformation involves operations like bit shifts, rotations, XOR, AND, OR, NOT, and possibly majority or choice functions.

Here are some examples of input -> output:
10010100 -> 00010010
01111010 -> 01001001
10110110 -> 10011010
01111110 -> 00011001
11000000 -> 00000011
00111011 -> 01001100
11111001 -> 01100111
01011111 -> 00001101
00110011 -> 11001100
11000010 -> 00001011

Now, determine the output for: 10110001
[completion]
We need to deduce the transformation by matching the example outputs.
I will put my final answer inside \boxed{}.

Output 0: 00010010
0 0
1 0
2 0
3 1
4 0
5 0
6 1
7 0

Output 1: 01001001
0 0
1 1
2 0
3 0
4 1
5 0
6 0
7 1

Output 2: 10011010
0 1
1 0
2 0
3 1
4 1
5 0
6 1
7 0

Output 3: 00011001
0 0
1 0
2 0
3 1
4 1
5 0
6 0
7 1

Output 4: 00000011
0 0
1 0
2 0
3 0
4 0
5 0
6 1
7 1

Output 5: 01001100
0 0
1 1
2 0
3 0
4 1
5 1
6 0
7 0

Output 6: 01100111
0 0
1 1
2 1
3 0
4 0
5 1
6 1
7 1

Output 7: 00001101
0 0
1 0
2 0
3 0
4 1
5 1
6 0
7 1

Output 8: 11001100
0 1
1 1
2 0
3 0
4 1
5 1
6 0
7 0

Output 9: 00001011
0 0
1 0
2 0
3 0
4 1
5 0
6 1
7 1

Output bit columns (with bitsum as hash)
0 0010000010 2
1 0100011010 4
2 0000001000 1
3 1011000000 3
4 0111010111 7
5 0000011110 4
6 1010101001 5
7 0101101101 6

Input 0: 10010100
0 1
1 0
2 0
3 1
4 0
5 1
6 0
7 0

Input 1: 01111010
0 0
1 1
2 1
3 1
4 1
5 0
6 1
7 0

Input 2: 10110110
0 1
1 0
2 1
3 1
4 0
5 1
6 1
7 0

Input 3: 01111110
0 0
1 1
2 1
3 1
4 1
5 1
6 1
7 0

Input 4: 11000000
0 1
1 1
2 0
3 0
4 0
5 0
6 0
7 0

Input 5: 00111011
0 0
1 0
2 1
3 1
4 1
5 0
6 1
7 1

Input 6: 11111001
0 1
1 1
2 1
3 1
4 1
5 0
6 0
7 1

Input 7: 01011111
0 0
1 1
2 0
3 1
4 1
5 1
6 1
7 1

Input 8: 00110011
0 0
1 0
2 1
3 1
4 0
5 0
6 1
7 1

Input 9: 11000010
0 1
1 1
2 0
3 0
4 0
5 0
6 1
7 0

When matching output
x: not in operator
y: wrong position

Identity
0 1010101001 5 match 6
1 0101101101 6 match 7
2 0111011010 6
3 1111011110 8
4 0101011100 5
5 1011000100 4
6 0111010111 7 match 4
7 0000011110 4 match 5

Matching output
0 absent
1 absent
2 absent
3 absent
4 6
5 7
6 0
7 1

Left
none
Best: none

Right
1 0 7 6 5x
Best: I1 0 7 6: 4

NOT
0 0101010110 5
1 1010010010 4
2 1000100101 4
3 0000100001 2
4 1010100011 5
5 0100111011 6
6 1000101000 3
7 1111100001 6

Matching output
0 absent
1 absent
2 absent
3 absent
4 absent
5 absent
6 absent
7 absent

Left
none
Best: none

Right
none
Best: none

Constant
0 0000000000 a
1 1111111111 a

Matching output
0 absent
1 absent
2 absent
3 absent
4 absent
5 absent
6 absent
7 absent

Left
none
Best: none

Right
none
Best: none

AND
01 10 0000101001 3
12 21 0101001000 3
23 32 0111011010 6
34 43 0101011100 5
45 54 0001000100 2
56 65 0011000100 3
67 76 0000010110 3
70 07 0000001000 1 match 2

02 20 0010001000 2
13 31 0101001100 4
24 42 0101011000 4
35 53 1011000100 4
46 64 0101010100 4
57 75 0000000100 1
60 06 0010000001 2
71 17 0000001100 2

03 30 1010001000 3
14 41 0101001100 4
25 52 0011000000 2
36 63 0111010110 6
47 74 0000011100 3
50 05 1010000000 2
61 16 0101000101 4
72 27 0000011010 3

04 40 0000001000 1 match 2
15 51 0001000100 2
26 62 0111010010 5
37 73 0000011110 4 match 5

Matching output
0 absent
1 absent
2 70 07 04 40
3 absent
4 absent
5 37 73
6 absent
7 absent

Left
none
Best: none

Right
none
Best: none

OR
01 10 1111101101 8
12 21 0111111111 9
23 32 1111011110 8
34 43 1111011110 8
45 54 1111011100 7
56 65 1111010111 8
67 76 0111011111 8
70 07 1010111111 8

02 20 1111111011 9
13 31 1111111111 a
24 42 0111011110 7
35 53 1111011110 8
46 64 0111011111 8
57 75 1011011110 7
60 06 1111111111 a
71 17 0101111111 8

03 30 1111111111 a
14 41 0101111101 7
25 52 1111011110 8
36 63 1111011111 9
47 74 0101011110 6
50 05 1011101101 7
61 16 0111111111 9
72 27 0111011110 7

04 40 1111111101 9
15 51 1111101101 8
26 62 0111011111 8
37 73 1111011110 8

Matching output
0 absent
1 absent
2 absent
3 absent
4 absent
5 absent
6 absent
7 absent

Left
none
Best: none

Right
none
Best: none

XOR
01 10 1111000100 5
12 21 0010110111 6
23 32 1000000100 2
34 43 1010000010 3
45 54 1110011000 5
56 65 1100010011 5
67 76 0111001001 5
70 07 1010110111 7

02 20 1101110011 7
13 31 1010110011 6
24 42 0010000110 3
35 53 0100011010 4 match 1
46 64 0010001011 4
57 75 1011011010 6
60 06 1101111110 8
71 17 0101110011 6

03 30 0101110111 7
14 41 0000110001 3
25 52 1100011110 6
36 63 1000001001 3
47 74 0101000010 3
50 05 0001101101 5
61 16 0010111010 5
72 27 0111000100 4

04 40 1111110101 8
15 51 1110101001 6
26 62 0000001101 3
37 73 1111000000 4

Matching output
0 absent
1 35 53
2 absent
3 absent
4 absent
5 absent
6 absent
7 absent

Left
none
Best: none

Right
none
Best: none

AND-NOT
01 1010000000 2
12 0000100101 3
23 0000000000 a
34 1010000010 3
45 0100011000 3
56 1000000000 1
67 0111000001 4
70 0000010110 3

02 1000100001 3
13 0000100001 2
24 0010000010 2 match 0
35 0100011010 4 match 1
46 0000001000 1 match 2
57 1011000000 3 match 3
60 0101010110 5
71 0000010010 2

03 0000100001 2
14 0000100001 2
25 0100011010 4 match 1
36 1000001000 2
47 0101000000 2
50 0001000100 2
61 0010010010 3
72 0000000100 1

04 1010100001 4
15 0100101001 4
26 0000001000 1 match 2
37 1111000000 4
40 0101010100 4
51 1010000000 2
62 0000000101 2
73 0000000000 a

05 0000101001 3
16 0000101000 2
27 0111000000 3
30 0101010110 5
41 0000010000 1
52 1000000100 2
63 0000000001 1
74 0000000010 1

06 1000101000 3
17 0101100001 4
20 0101010010 4
31 1010010010 4
42 0000000100 1
53 0000000000 a
64 0010000011 3
75 0000011010 3

07 1010100001 4
10 0101000100 3
21 0010010010 3
32 1000000100 2
43 0000000000 a
54 1010000000 2
65 0100010011 4
76 0000001000 1 match 2

Matching output
0 24
1 35 25
2 46 26 76
3 57
4 absent
5 absent
6 absent
7 absent

Left
24 35 46 57 60x
Best: AND-NOT24 35 46 57: 4

Right
none
Best: none

OR-NOT
01 1010111011 7
12 1101101101 7
23 0111111011 8
34 1111111111 a
45 0101111111 8
56 1011101100 6
67 1111110111 9
70 0101011110 6

02 1010101101 6
13 0101101101 6 match 7
24 1111111011 9
35 1111111111 a
46 1101111100 7
57 1111100101 7
60 0111010111 7 match 4
71 1010011110 6

03 1010101001 5 match 6
14 1111101111 9
25 0111111011 8
36 1111111110 9
47 1111111101 9
50 1111010110 7
61 1111010111 8
72 1000111111 7

04 1010101011 6
15 0101111111 8
26 1111111010 8
37 1111111111 a
40 0101011110 6
51 1011010110 6
62 1111110111 9
73 0000111111 6

05 1110111011 8
16 1101101101 7
27 1111111011 9
30 1111011110 8
41 1111011110 8
52 1011100101 6
63 0111110111 8
74 1010111111 8

06 1010101001 5 match 6
17 1111101101 8
20 0111011110 7
31 1111011110 8
42 1101111101 8
53 1011100101 6
64 1111110111 9
75 0100111111 7

07 1111101001 7
10 0101111111 8
21 1111011010 7
32 1111111111 a
43 0101111101 7
54 1011100111 7
65 0111111111 9
76 1000111110 6

Matching output
0 absent
1 absent
2 absent
3 absent
4 60
5 absent
6 03 06
7 13

Left
none
Best: none

Right
13 02x
Best: OR-NOT13: 1

XOR-NOT
01 0000111011 5
12 1101001000 4
23 0111111011 8
34 0101111101 7
45 0001100111 5
56 0011101100 5
67 1000110110 5
70 0101001000 3

02 0010001100 3
13 0101001100 4
24 1101111001 7
35 1011100101 6
46 1101110100 6
57 0100100101 4
60 0010000001 2
71 1010001100 4

03 1010001000 3
14 1111001110 7
25 0011100001 4
36 0111110110 7
47 1010111101 7
50 1110010010 5
61 1101000101 5
72 1000111011 6

04 0000001010 2
15 0001010110 4
26 1111110010 7
37 0000111111 6
40 0000001010 2
51 0001010110 4
62 1111110010 7
73 0000111111 6

05 1110010010 5
16 1101000101 5
27 1000111011 6
30 1010001000 3
41 1111001110 7
52 0011100001 4
63 0111110110 7
74 1010111101 7

06 0010000001 2
17 1010001100 4
20 0010001100 3
31 0101001100 4
42 1101111001 7
53 1011100101 6
64 1101110100 6
75 0100100101 4

07 0101001000 3
10 0000111011 5
21 1101001000 4
32 0111111011 8
43 0101111101 7
54 0001100111 5
65 0011101100 5
76 1000110110 5

Matching output
0 absent
1 absent
2 absent
3 absent
4 absent
5 absent
6 absent
7 absent

Left
none
Best: none

Right
none
Best: none

Selecting

Lefts
Identity none
NOT none
Constant none
AND none
OR none
XOR none
AND-NOT AND-NOT24 35 46 57: 4
OR-NOT none
XOR-NOT none

Rights
Identity I1 0 7 6: 4
NOT none
Constant none
AND none
OR none
XOR none
AND-NOT none
OR-NOT OR-NOT13: 1
XOR-NOT none

Left longest: 4
Right longest: 4

Left winner: Identity no, NOT no, Constant no, AND no, OR no, XOR no, AND-NOT yes, OR-NOT no, XOR-NOT no
Right winner: Identity yes, NOT no, Constant no, AND no, OR no, XOR no, AND-NOT no, OR-NOT no, XOR-NOT no

Best left: AND-NOT24 35 46 57: 4
Best right: I1 0 7 6: 4

Truncated left: AND-NOT24 35 46 57: 4
Truncated right: I1 0 7 6: 4

Tentative from right
7 I1
6 I0
5 I7
4 I6
3 pending
2 pending
1 pending
0 pending

Tentative
0 AND-NOT24
1 AND-NOT35
2 AND-NOT46
3 AND-NOT57
4 I6
5 I7
6 I0
7 I1

Preferred from left
0 AND-NOT24
1 AND-NOT35
2 AND-NOT46
3 AND-NOT57
4 I6
5 I7
6 I0
7 I1

Preferred from right
7 I1
6 I0
5 I7
4 I6
3 AND-NOT57
2 AND-NOT46
1 AND-NOT35
0 AND-NOT24

Preferred
0 AND-NOT24
1 AND-NOT35
2 AND-NOT46
3 AND-NOT57
4 I6
5 I7
6 I0
7 I1

Matching
0 AND-NOT24
1 AND-NOT35
2 AND-NOT46
3 AND-NOT57
4 I6
5 I7
6 I0
7 I1

Perfect match
Identity no
NOT no
Constant no
AND no
OR no
XOR no
AND-NOT no
OR-NOT no
XOR-NOT no

Matched
0 AND-NOT24
1 AND-NOT35
2 AND-NOT46
3 AND-NOT57
4 I6
5 I7
6 I0
7 I1

Selected
0 AND-NOT24
1 AND-NOT35
2 AND-NOT46
3 AND-NOT57
4 I6
5 I7
6 I0
7 I1

Applying to 10110001
Input
0 1
1 0
2 1
3 1
4 0
5 0
6 0
7 1
Output
0 AND-NOT24 = AND(1,NOT(0)) = 1
1 AND-NOT35 = AND(1,NOT(0)) = 1
2 AND-NOT46 = AND(0,NOT(0)) = 0
3 AND-NOT57 = AND(0,NOT(1)) = 0
4 I6 = 0
5 I7 = 1
6 I0 = 1
7 I1 = 0

I will now return the answer in \boxed{}
The answer in \boxed{–} is \boxed{11000110}
[correct]
true
