[category]
bit_manipulation
[prompt]
In Alice's Wonderland, a secret bit manipulation rule transforms 8-bit binary numbers. The transformation involves operations like bit shifts, rotations, XOR, AND, OR, NOT, and possibly majority or choice functions.

Here are some examples of input -> output:
01111100 -> 00011111
00000001 -> 01000000
01101001 -> 01011010
01001011 -> 11010010
01000000 -> 00010000
01101010 -> 10011010
00100011 -> 11001000
01110111 -> 11011101
10101000 -> 00101010

Now, determine the output for: 01101110
[completion]
We need to deduce the transformation by matching the example outputs.
I will put my final answer inside \boxed{}.

Output 0: 00011111
0 0
1 0
2 0
3 1
4 1
5 1
6 1
7 1

Output 1: 01000000
0 0
1 1
2 0
3 0
4 0
5 0
6 0
7 0

Output 2: 01011010
0 0
1 1
2 0
3 1
4 1
5 0
6 1
7 0

Output 3: 11010010
0 1
1 1
2 0
3 1
4 0
5 0
6 1
7 0

Output 4: 00010000
0 0
1 0
2 0
3 1
4 0
5 0
6 0
7 0

Output 5: 10011010
0 1
1 0
2 0
3 1
4 1
5 0
6 1
7 0

Output 6: 11001000
0 1
1 1
2 0
3 0
4 1
5 0
6 0
7 0

Output 7: 11011101
0 1
1 1
2 0
3 1
4 1
5 1
6 0
7 1

Output 8: 00101010
0 0
1 0
2 1
3 0
4 1
5 0
6 1
7 0

Output bit columns (with bitsum as hash)
0 000101110 4
1 011100110 5
2 000000001 1
3 101111010 6
4 101001111 6
5 100000010 2
6 101101001 5
7 100000010 2

Input 0: 01111100
0 0
1 1
2 1
3 1
4 1
5 1
6 0
7 0

Input 1: 00000001
0 0
1 0
2 0
3 0
4 0
5 0
6 0
7 1

Input 2: 01101001
0 0
1 1
2 1
3 0
4 1
5 0
6 0
7 1

Input 3: 01001011
0 0
1 1
2 0
3 0
4 1
5 0
6 1
7 1

Input 4: 01000000
0 0
1 1
2 0
3 0
4 0
5 0
6 0
7 0

Input 5: 01101010
0 0
1 1
2 1
3 0
4 1
5 0
6 1
7 0

Input 6: 00100011
0 0
1 0
2 1
3 0
4 0
5 0
6 1
7 1

Input 7: 01110111
0 0
1 1
2 1
3 1
4 0
5 1
6 1
7 1

Input 8: 10101000
0 1
1 0
2 1
3 0
4 1
5 0
6 0
7 0

When matching output
x: not in operator
y: wrong position

Identity
0 000000001 1 match 2
1 101111010 6 match 3
2 101001111 6 match 4
3 100000010 2 match 5 7
4 101101001 5 match 6
5 100000010 2 match 5 7
6 000101110 4 match 0
7 011100110 5 match 1

Matching output
0 6
1 7
2 0
3 1
4 2
5 3 5
6 4
7 3 5

Left
6 7 0 1 2 3 4 5
Best: I6 7 0 1 2 3 4 5: 8

Right
3 2y
5 4 3 2 1 0 7 6
Best: I5 4 3 2 1 0 7 6: 8

NOT
0 111111110 8
1 010000101 3
2 010110000 3
3 011111101 7
4 010010110 4
5 011111101 7
6 111010001 5
7 100011001 4

Matching output
0 absent
1 absent
2 absent
3 absent
4 absent
5 absent
6 absent
7 absent

Left
none
Best: none

Right
none
Best: none

Constant
0 000000000 a
1 111111111 a

Matching output
0 absent
1 absent
2 absent
3 absent
4 absent
5 absent
6 absent
7 absent

Left
none
Best: none

Right
none
Best: none

AND
01 10 000000000 a
12 21 101001010 4
23 32 100000010 2 match 5 7
34 43 100000000 1
45 54 100000000 1
56 65 000000010 1
67 76 000100110 3
70 07 000000000 a

02 20 000000001 1 match 2
13 31 100000010 2 match 5 7
24 42 101001001 4
35 53 100000010 2 match 5 7
46 64 000101000 2
57 75 000000010 1
60 06 000000000 a
71 17 001100010 3

03 30 000000000 a
14 41 101101000 4
25 52 100000010 2 match 5 7
36 63 000000010 1
47 74 001100000 2
50 05 000000000 a
61 16 000101010 3
72 27 001000110 3

04 40 000000001 1 match 2
15 51 100000010 2 match 5 7
26 62 000001110 3
37 73 000000010 1

Matching output
0 absent
1 absent
2 02 20 04 40
3 absent
4 absent
5 23 32 13 31 35 53 25 52 15 51
6 absent
7 23 32 13 31 35 53 25 52 15 51

Left
none
Best: none

Right
23 12x
32 21x
13 02y
31 20y
35 24x
53 42x
25 14x
52 41x
15 04y
51 40y
Best: AND23: 1

OR
01 10 101111011 7
12 21 101111111 8
23 32 101001111 6 match 4
34 43 101101011 6
45 54 101101011 6
56 65 100101110 5
67 76 011101110 6
70 07 011100111 6

02 20 101001111 6 match 4
13 31 101111010 6 match 3
24 42 101101111 7
35 53 100000010 2 match 5 7
46 64 101101111 7
57 75 111100110 6
60 06 000101111 5
71 17 111111110 8

03 30 100000011 3
14 41 101111011 7
25 52 101001111 6 match 4
36 63 100101110 5
47 74 111101111 8
50 05 100000011 3
61 16 101111110 7
72 27 111101111 8

04 40 101101001 5 match 6
15 51 101111010 6 match 3
26 62 101101111 7
37 73 111100110 6

Matching output
0 absent
1 absent
2 absent
3 13 31 15 51
4 23 32 02 20 25 52
5 35 53
6 04 40
7 35 53

Left
none
Best: none

Right
35 24x
53 42x
Best: OR35: 1

XOR
01 10 101111011 7
12 21 000110101 4
23 32 001001101 4
34 43 001101011 5
45 54 001101011 5
56 65 100101100 4
67 76 011001000 3
70 07 011100111 6

02 20 101001110 5
13 31 001111000 4
24 42 000100110 3
35 53 000000000 a
46 64 101000111 5
57 75 111100100 5
60 06 000101111 5
71 17 110011100 5

03 30 100000011 3
14 41 000010011 3
25 52 001001101 4
36 63 100101100 4
47 74 110001111 6
50 05 100000011 3
61 16 101010100 4
72 27 110101001 5

04 40 101101000 4
15 51 001111000 4
26 62 101100001 4
37 73 111100100 5

Matching output
0 absent
1 absent
2 absent
3 absent
4 absent
5 absent
6 absent
7 absent

Left
none
Best: none

Right
none
Best: none

AND-NOT
01 000000001 1 match 2
12 000110000 2
23 001001101 4
34 000000010 1
45 001101001 4
56 100000000 1
67 000001000 1
70 011100110 5 match 1

02 000000000 a
13 001111000 4
24 000000110 2
35 000000000 a
46 101000001 3
57 100000000 1
60 000101110 4 match 0
71 010000100 2

03 000000001 1 match 2
14 000010010 2
25 001001101 4
36 100000000 1
47 100001001 3
50 100000010 2 match 5 7
61 000000100 1
72 010100000 2

04 000000000 a
15 001111000 4
26 101000001 3
37 100000000 1
40 101101000 4
51 000000000 a
62 000100000 1
73 011100100 4

05 000000001 1 match 2
16 101010000 3
27 100001001 3
30 100000010 2 match 5 7
41 000000001 1 match 2
52 000000000 a
63 000101100 3
74 010000110 3

06 000000001 1 match 2
17 100011000 3
20 101001110 5
31 000000000 a
42 000100000 1
53 000000000 a
64 000000110 2
75 011100100 4

07 000000001 1 match 2
10 101111010 6 match 3
21 000000101 2
32 000000000 a
43 001101001 4
54 000000010 1
65 000101100 3
76 011000000 2

Matching output
0 60
1 70
2 01 03 05 41 06 07
3 10
4 absent
5 50 30
6 absent
7 50 30

Left
60 71x
Best: AND-NOT60: 1

Right
50 47x
30 27x
Best: AND-NOT50: 1

OR-NOT
01 010000101 3
12 111111010 7
23 111111111 a
34 110010110 5
45 111111101 8
56 111010011 6
67 100111111 7
70 111111110 8

02 010110001 4
13 111111111 a
24 111011111 8
35 111111111 a
46 111111001 7
57 100011011 5
60 111111110 8
71 011100111 6

03 011111101 7
14 111111110 8
25 111111111 a
36 111010011 6
47 101111001 6
50 111111110 8
61 010101111 6
72 011110110 6

04 010010111 5
15 111111111 a
26 111011111 8
37 100011011 5
40 111111111 a
51 110000111 5
62 010111110 6
73 011111111 8

05 011111101 7
16 111111011 8
27 101011111 7
30 111111110 8
41 111101101 7
52 110110010 5
63 011111111 8
74 011110110 6

06 111010001 5
17 101111011 7
20 111111111 a
31 110000111 5
42 111111001 7
53 111111111 a
64 010111110 6
75 011111111 8

07 100011001 4
10 111111110 8
21 111001111 7
32 110110010 5
43 111111101 8
54 110010110 5
65 011111111 8
76 111110111 8

Matching output
0 absent
1 absent
2 absent
3 absent
4 absent
5 absent
6 absent
7 absent

Left
none
Best: none

Right
none
Best: none

XOR-NOT
01 010000100 2
12 111001010 5
23 110110010 5
34 110010100 4
45 110010100 4
56 011010011 5
67 100110111 6
70 100011000 3

02 010110001 4
13 110000111 5
24 111011001 6
35 111111111 a
46 010111000 4
57 000011011 4
60 111010000 4
71 001100011 4

03 011111100 6
14 111101100 6
25 110110010 5
36 011010011 5
47 001110000 3
50 011111100 6
61 010101011 5
72 001010110 4

04 010010111 5
15 110000111 5
26 010011110 5
37 000011011 4
40 010010111 5
51 110000111 5
62 010011110 5
73 000011011 4

05 011111100 6
16 010101011 5
27 001010110 4
30 011111100 6
41 111101100 6
52 110110010 5
63 011010011 5
74 001110000 3

06 111010000 4
17 001100011 4
20 010110001 4
31 110000111 5
42 111011001 6
53 111111111 a
64 010111000 4
75 000011011 4

07 100011000 3
10 010000100 2
21 111001010 5
32 110110010 5
43 110010100 4
54 110010100 4
65 011010011 5
76 100110111 6

Matching output
0 absent
1 absent
2 absent
3 absent
4 absent
5 absent
6 absent
7 absent

Left
none
Best: none

Right
none
Best: none

Selecting

Lefts
Identity I6 7 0 1 2 3 4 5: 8
NOT none
Constant none
AND none
OR none
XOR none
AND-NOT AND-NOT60: 1
OR-NOT none
XOR-NOT none

Rights
Identity I5 4 3 2 1 0 7 6: 8
NOT none
Constant none
AND AND23: 1
OR OR35: 1
XOR none
AND-NOT AND-NOT50: 1
OR-NOT none
XOR-NOT none

Left longest: 8
Right longest: 8

Left winner: Identity yes, NOT no, Constant no, AND no, OR no, XOR no, AND-NOT no, OR-NOT no, XOR-NOT no
Right winner: Identity yes, NOT no, Constant no, AND no, OR no, XOR no, AND-NOT no, OR-NOT no, XOR-NOT no

Best left: I6 7 0 1 2 3 4 5: 8
Best right: I5 4 3 2 1 0 7 6: 8

Truncated left: I6 7 0 1 2 3 4 5: 8
Truncated right: none truncated

Tentative from right
7 pending
6 pending
5 pending
4 pending
3 pending
2 pending
1 pending
0 pending

Tentative
0 I6
1 I7
2 I0
3 I1
4 I2
5 I3
6 I4
7 I5

Preferred from left
0 I6
1 I7
2 I0
3 I1
4 I2
5 I3
6 I4
7 I5

Preferred from right
7 I5
6 I4
5 I3
4 I2
3 I1
2 I0
1 I7
0 I6

Preferred
0 I6
1 I7
2 I0
3 I1
4 I2
5 I3
6 I4
7 I5

Matching
0 I6
1 I7
2 I0
3 I1
4 I2
5 I3
6 I4
7 I5

Perfect match
Identity no
NOT no
Constant no
AND no
OR no
XOR no
AND-NOT no
OR-NOT no
XOR-NOT no

Matched
0 I6
1 I7
2 I0
3 I1
4 I2
5 I3
6 I4
7 I5

Selected
0 I6
1 I7
2 I0
3 I1
4 I2
5 I3
6 I4
7 I5

Applying to 01101110
Input
0 0
1 1
2 1
3 0
4 1
5 1
6 1
7 0
Output
0 I6 = 1
1 I7 = 0
2 I0 = 0
3 I1 = 1
4 I2 = 1
5 I3 = 0
6 I4 = 1
7 I5 = 1

I will now return the answer in \boxed{}
The answer in \boxed{–} is \boxed{10011011}
[correct]
true
