[category]
bit_manipulation
[prompt]
In Alice's Wonderland, a secret bit manipulation rule transforms 8-bit binary numbers. The transformation involves operations like bit shifts, rotations, XOR, AND, OR, NOT, and possibly majority or choice functions.

Here are some examples of input -> output:
01011110 -> 10101011
00101110 -> 01010111
01000010 -> 10010100
11010100 -> 10011100
00101001 -> 01011000
11101010 -> 11101111
00110101 -> 01100111
00111011 -> 01111000
00011001 -> 00110100
01110110 -> 11110001

Now, determine the output for: 01100010
[completion]
We need to deduce the transformation by matching the example outputs.
I will put my final answer inside \boxed{}.

Output 0: 10101011
0 1
1 0
2 1
3 0
4 1
5 0
6 1
7 1

Output 1: 01010111
0 0
1 1
2 0
3 1
4 0
5 1
6 1
7 1

Output 2: 10010100
0 1
1 0
2 0
3 1
4 0
5 1
6 0
7 0

Output 3: 10011100
0 1
1 0
2 0
3 1
4 1
5 1
6 0
7 0

Output 4: 01011000
0 0
1 1
2 0
3 1
4 1
5 0
6 0
7 0

Output 5: 11101111
0 1
1 1
2 1
3 0
4 1
5 1
6 1
7 1

Output 6: 01100111
0 0
1 1
2 1
3 0
4 0
5 1
6 1
7 1

Output 7: 01111000
0 0
1 1
2 1
3 1
4 1
5 0
6 0
7 0

Output 8: 00110100
0 0
1 0
2 1
3 1
4 0
5 1
6 0
7 0

Output 9: 11110001
0 1
1 1
2 1
3 1
4 0
5 0
6 0
7 1

Output bit columns (with bitsum as hash)
0 1011010001 5
1 0100111101 6
2 1000011111 6
3 0111100111 7
4 1001110100 5
5 0111011010 6
6 1100011000 4
7 1100011001 5

Input 0: 01011110
0 0
1 1
2 0
3 1
4 1
5 1
6 1
7 0

Input 1: 00101110
0 0
1 0
2 1
3 0
4 1
5 1
6 1
7 0

Input 2: 01000010
0 0
1 1
2 0
3 0
4 0
5 0
6 1
7 0

Input 3: 11010100
0 1
1 1
2 0
3 1
4 0
5 1
6 0
7 0

Input 4: 00101001
0 0
1 0
2 1
3 0
4 1
5 0
6 0
7 1

Input 5: 11101010
0 1
1 1
2 1
3 0
4 1
5 0
6 1
7 0

Input 6: 00110101
0 0
1 0
2 1
3 1
4 0
5 1
6 0
7 1

Input 7: 00111011
0 0
1 0
2 1
3 1
4 1
5 0
6 1
7 1

Input 8: 00011001
0 0
1 0
2 0
3 1
4 1
5 0
6 0
7 1

Input 9: 01110110
0 0
1 1
2 1
3 1
4 0
5 1
6 1
7 0

When matching output
x: not in operator
y: wrong position

Identity
0 0001010000 2
1 1011010001 5 match 0
2 0100111101 6 match 1
3 1001001111 6
4 1100110110 6
5 1101001001 5
6 1110010101 6
7 0000101110 4

Matching output
0 1
1 2
2 absent
3 absent
4 absent
5 absent
6 absent
7 absent

Left
1 2 3x
Best: I1 2: 2

Right
none
Best: none

NOT
0 1110101111 8
1 0100101110 5
2 1011000010 4
3 0110110000 4
4 0011001001 4
5 0010110110 5
6 0001101010 4
7 1111010001 6

Matching output
0 absent
1 absent
2 absent
3 absent
4 absent
5 absent
6 absent
7 absent

Left
none
Best: none

Right
none
Best: none

Constant
0 0000000000 a
1 1111111111 a

Matching output
0 absent
1 absent
2 absent
3 absent
4 absent
5 absent
6 absent
7 absent

Left
none
Best: none

Right
none
Best: none

AND
01 10 0001010000 2
12 21 0000010001 2
23 32 0000001101 3
34 43 1000000110 3
45 54 1100000000 2
56 65 1100000001 3
67 76 0000000100 1
70 07 0000000000 a

02 20 0000010000 1
13 31 1001000001 3
24 42 0100110100 4
35 53 1001001001 4
46 64 1100010100 4
57 75 0000001000 1
60 06 0000010000 1
71 17 0000000000 a

03 30 0001000000 1
14 41 1000010000 2
25 52 0100001001 3
36 63 1000000101 3
47 74 0000100110 3
50 05 0001000000 1
61 16 1010010001 4
72 27 0000101100 3

04 40 0000010000 1
15 51 1001000001 3
26 62 0100010101 4
37 73 0000001110 3

Matching output
0 absent
1 absent
2 absent
3 absent
4 absent
5 absent
6 absent
7 absent

Left
none
Best: none

Right
none
Best: none

OR
01 10 1011010001 5 match 0
12 21 1111111101 9
23 32 1101111111 9
34 43 1101111111 9
45 54 1101111111 9
56 65 1111011101 8
67 76 1110111111 9
70 07 0001111110 6

02 20 0101111101 7
13 31 1011011111 8
24 42 1100111111 8
35 53 1101001111 7
46 64 1110110111 8
57 75 1101101111 8
60 06 1111010101 7
71 17 1011111111 9

03 30 1001011111 7
14 41 1111110111 9
25 52 1101111101 8
36 63 1111011111 9
47 74 1100111110 7
50 05 1101011001 6
61 16 1111010101 7
72 27 0100111111 7

04 40 1101110110 7
15 51 1111011001 7
26 62 1110111101 8
37 73 1001101111 7

Matching output
0 01 10
1 absent
2 absent
3 absent
4 absent
5 absent
6 absent
7 absent

Left
01 12x
10 21x
Best: OR01: 1

Right
none
Best: none

XOR
01 10 1010000001 3
12 21 1111101100 7
23 32 1101110010 6
34 43 0101111001 6
45 54 0001111111 7
56 65 0011011100 5
67 76 1110111011 8
70 07 0001111110 6

02 20 0101101101 6
13 31 0010011110 5
24 42 1000001011 4
35 53 0100000110 3
46 64 0010100011 4
57 75 1101100111 7
60 06 1111000101 6
71 17 1011111111 9

03 30 1000011111 6 match 2
14 41 0111100111 7 match 3
25 52 1001110100 5 match 4
36 63 0111011010 6 match 5
47 74 1100011000 4 match 6
50 05 1100011001 5 match 7
61 16 0101000100 3
72 27 0100010011 4

04 40 1101100110 6
15 51 0110011000 4
26 62 1010101000 4
37 73 1001100001 4

Matching output
0 absent
1 absent
2 03 30
3 14 41
4 25 52
5 36 63
6 47 74
7 50 05

Left
none
Best: none

Right
50 47 36 25 14 03 72x
05 74 63 52 41 30 27x
Best: XOR50 47 36 25 14 03: 6

AND-NOT
01 0000000000 a
12 1011000000 3
23 0100110000 3
34 0001001001 3
45 0000110110 4
56 0001001000 2
67 1110010001 5
70 0000101110 4

02 0001000000 1
13 0010010000 2
24 0000001001 2
35 0000000110 2
46 0000100010 2
57 1101000001 4
60 1110000101 5
71 0000101110 4

03 0000010000 1
14 0011000001 3
25 0000110100 3
36 0001001010 3
47 1100010000 3
50 1100001001 4
61 0100000100 2
72 0000000010 1

04 0001000000 1
15 0010010000 2
26 0000101000 2
37 1001000001 3
40 1100100110 5
51 0100001000 2
62 1010000000 2
73 0000100000 1

05 0000010000 1
16 0001000000 1
27 0100010001 3
30 1000001111 5
41 0100100110 4
52 1001000000 2
63 0110010000 3
74 0000001000 1

06 0001000000 1
17 1011010001 5 match 0
20 0100101101 5
31 0000001110 3
42 1000000010 2
53 0100000000 1
64 0010000001 2
75 0000100110 3

07 0001010000 2
10 1010000001 3
21 0100101100 4
32 1001000010 3
43 0100110000 3
54 0001001001 3
65 0010010100 3
76 0000101010 3

Matching output
0 17
1 absent
2 absent
3 absent
4 absent
5 absent
6 absent
7 absent

Left
17 20x
Best: AND-NOT17: 1

Right
none
Best: none

OR-NOT
01 0101111110 7
12 1011010011 6
23 0110111101 7
34 1011001111 7
45 1110110110 7
56 1101101011 7
67 1111010101 7
70 1110101111 8

02 1011010010 5
13 1111110001 7
24 0111111101 8
35 1011111111 9
46 1101111110 8
57 1111011001 7
60 1110111111 9
71 0100101110 5

03 0111110000 5
14 1011011001 6
25 0110111111 8
36 1001101111 7
47 1111110111 9
50 1111101111 9
61 1110111111 9
72 1011101110 7

04 0011011001 5
15 1011110111 8
26 0101111111 8
37 1111011111 9
40 1110111111 9
51 1101101111 8
62 1111010111 8
73 0110111110 7

05 0011110110 6
16 1011111011 8
27 1111111101 9
30 1111101111 9
41 1100111110 7
52 1111001011 7
63 1110110101 7
74 0011101111 7

06 0001111010 5
17 1111010001 6
20 1110111111 9
31 1101101111 8
42 1111110110 8
53 1111111001 8
64 1111011101 8
75 0010111110 6

07 1111010001 6
10 1111111111 a
21 0100111111 7
32 1011001111 7
43 1110110110 7
54 1111001001 6
65 1110110111 8
76 0001101110 5

Matching output
0 absent
1 absent
2 absent
3 absent
4 absent
5 absent
6 absent
7 absent

Left
none
Best: none

Right
none
Best: none

XOR-NOT
01 0101111110 7
12 0000010011 3
23 0010001101 4
34 1010000110 4
45 1110000000 3
56 1100100011 5
67 0001000100 2
70 1110000001 4

02 1010010010 4
13 1101100001 5
24 0111110100 6
35 1011111001 7
46 1101011100 6
57 0010011000 3
60 0000111010 4
71 0100000000 1

03 0111100000 4
14 1000011000 3
25 0110001011 5
36 1000100101 4
47 0011100111 6
50 0011100110 5
61 1010111011 7
72 1011101100 6

04 0010011001 4
15 1001100111 6
26 0101010111 6
37 0110011110 6
40 0010011001 4
51 1001100111 6
62 0101010111 6
73 0110011110 6

05 0011100110 5
16 1010111011 7
27 1011101100 6
30 0111100000 4
41 1000011000 3
52 0110001011 5
63 1000100101 4
74 0011100111 6

06 0000111010 4
17 0100000000 1
20 1010010010 4
31 1101100001 5
42 0111110100 6
53 1011111001 7
64 1101011100 6
75 0010011000 3

07 1110000001 4
10 0101111110 7
21 0000010011 3
32 0010001101 4
43 1010000110 4
54 1110000000 3
65 1100100011 5
76 0001000100 2

Matching output
0 absent
1 absent
2 absent
3 absent
4 absent
5 absent
6 absent
7 absent

Left
none
Best: none

Right
none
Best: none

Selecting

Lefts
Identity I1 2: 2
NOT none
Constant none
AND none
OR OR01: 1
XOR none
AND-NOT AND-NOT17: 1
OR-NOT none
XOR-NOT none

Rights
Identity none
NOT none
Constant none
AND none
OR none
XOR XOR50 47 36 25 14 03: 6
AND-NOT none
OR-NOT none
XOR-NOT none

Left longest: 2
Right longest: 6

Right winner: Identity no, NOT no, Constant no, AND no, OR no, XOR yes, AND-NOT no, OR-NOT no, XOR-NOT no
Left winner: Identity yes, NOT no, Constant no, AND no, OR no, XOR no, AND-NOT no, OR-NOT no, XOR-NOT no

Best right: XOR50 47 36 25 14 03: 6
Best left: I1 2: 2

Truncated right: XOR50 47 36 25 14 03: 6
Truncated left: I1 2: 2

Tentative from right
7 XOR50
6 XOR47
5 XOR36
4 XOR25
3 XOR14
2 XOR03
1 pending
0 pending

Tentative
0 I1
1 I2
2 XOR03
3 XOR14
4 XOR25
5 XOR36
6 XOR47
7 XOR50

Preferred from right
7 XOR50
6 XOR47
5 XOR36
4 XOR25
3 XOR14
2 XOR03
1 I2
0 I1

Preferred from left
0 I1
1 I2
2 XOR03
3 XOR14
4 XOR25
5 XOR36
6 XOR47
7 XOR50

Preferred
0 I1
1 I2
2 XOR03
3 XOR14
4 XOR25
5 XOR36
6 XOR47
7 XOR50

Matching
0 I1
1 I2
2 XOR03
3 XOR14
4 XOR25
5 XOR36
6 XOR47
7 XOR50

Perfect match
Identity no
NOT no
Constant no
AND no
OR no
XOR no
AND-NOT no
OR-NOT no
XOR-NOT no

Matched
0 I1
1 I2
2 XOR03
3 XOR14
4 XOR25
5 XOR36
6 XOR47
7 XOR50

Selected
0 I1
1 I2
2 XOR03
3 XOR14
4 XOR25
5 XOR36
6 XOR47
7 XOR50

Applying to 01100010
Input
0 0
1 1
2 1
3 0
4 0
5 0
6 1
7 0
Output
0 I1 = 1
1 I2 = 1
2 XOR03 = XOR(0,0) = 0
3 XOR14 = XOR(1,0) = 1
4 XOR25 = XOR(1,0) = 1
5 XOR36 = XOR(0,1) = 1
6 XOR47 = XOR(0,0) = 0
7 XOR50 = XOR(0,0) = 0

I will now return the answer in \boxed{}
The answer in \boxed{–} is \boxed{11011100}
[correct]
true
