[category]
bit_manipulation
[prompt]
In Alice's Wonderland, a secret bit manipulation rule transforms 8-bit binary numbers. The transformation involves operations like bit shifts, rotations, XOR, AND, OR, NOT, and possibly majority or choice functions.

Here are some examples of input -> output:
11110000 -> 00000111
00101110 -> 10100000
10010101 -> 01010100
11011000 -> 00000100
11101011 -> 10101110
11010110 -> 01001100
01011111 -> 01110100
01000101 -> 00010100
01001110 -> 00100000
00001100 -> 00000000

Now, determine the output for: 11111000
[completion]
We need to deduce the transformation by matching the example outputs.
I will put my final answer inside \boxed{}.

Output 0: 00000111
0 0
1 0
2 0
3 0
4 0
5 1
6 1
7 1

Output 1: 10100000
0 1
1 0
2 1
3 0
4 0
5 0
6 0
7 0

Output 2: 01010100
0 0
1 1
2 0
3 1
4 0
5 1
6 0
7 0

Output 3: 00000100
0 0
1 0
2 0
3 0
4 0
5 1
6 0
7 0

Output 4: 10101110
0 1
1 0
2 1
3 0
4 1
5 1
6 1
7 0

Output 5: 01001100
0 0
1 1
2 0
3 0
4 1
5 1
6 0
7 0

Output 6: 01110100
0 0
1 1
2 1
3 1
4 0
5 1
6 0
7 0

Output 7: 00010100
0 0
1 0
2 0
3 1
4 0
5 1
6 0
7 0

Output 8: 00100000
0 0
1 0
2 1
3 0
4 0
5 0
6 0
7 0

Output 9: 00000000
0 0
1 0
2 0
3 0
4 0
5 0
6 0
7 0

Output bit columns (with bitsum as hash)
0 0100100000 2
1 0010011000 3
2 0100101010 4
3 0010001100 3
4 0000110000 2
5 1011111100 7
6 1000100000 2
7 1000000000 1

Input 0: 11110000
0 1
1 1
2 1
3 1
4 0
5 0
6 0
7 0

Input 1: 00101110
0 0
1 0
2 1
3 0
4 1
5 1
6 1
7 0

Input 2: 10010101
0 1
1 0
2 0
3 1
4 0
5 1
6 0
7 1

Input 3: 11011000
0 1
1 1
2 0
3 1
4 1
5 0
6 0
7 0

Input 4: 11101011
0 1
1 1
2 1
3 0
4 1
5 0
6 1
7 1

Input 5: 11010110
0 1
1 1
2 0
3 1
4 0
5 1
6 1
7 0

Input 6: 01011111
0 0
1 1
2 0
3 1
4 1
5 1
6 1
7 1

Input 7: 01000101
0 0
1 1
2 0
3 0
4 0
5 1
6 0
7 1

Input 8: 01001110
0 0
1 1
2 0
3 0
4 1
5 1
6 1
7 0

Input 9: 00001100
0 0
1 0
2 0
3 0
4 1
5 1
6 0
7 0

When matching output
x: not in operator
y: wrong position

Identity
0 1011110000 5
1 1001111110 7
2 1100100000 3
3 1011011000 5
4 0101101011 6
5 0110011111 7
6 0100111010 5
7 0010101100 4

Matching output
0 absent
1 absent
2 absent
3 absent
4 absent
5 absent
6 absent
7 absent

Left
none
Best: none

Right
none
Best: none

NOT
0 0100001111 5
1 0110000001 3
2 0011011111 7
3 0100100111 5
4 1010010100 4
5 1001100000 3
6 1011000101 5
7 1101010011 6

Matching output
0 absent
1 absent
2 absent
3 absent
4 absent
5 absent
6 absent
7 absent

Left
none
Best: none

Right
none
Best: none

Constant
0 0000000000 a
1 1111111111 a

Matching output
0 absent
1 absent
2 absent
3 absent
4 absent
5 absent
6 absent
7 absent

Left
none
Best: none

Right
none
Best: none

AND
01 10 1001110000 4
12 21 1000100000 2 match 6
23 32 1000000000 1 match 7
34 43 0001001000 2
45 54 0100001011 4
56 65 0100011010 4
67 76 0000101000 2
70 07 0010100000 2

02 20 1000100000 2 match 6
13 31 1001011000 4
24 42 0100100000 2 match 0
35 53 0010011000 3 match 1
46 64 0100101010 4 match 2
57 75 0010001100 3 match 3
60 06 0000110000 2 match 4
71 17 0000101100 3

03 30 1011010000 4
14 41 0001101010 4
25 52 0100000000 1
36 63 0000011000 2
47 74 0000101000 2
50 05 0010010000 2
61 16 0000111010 4
72 27 0000100000 1

04 40 0001100000 2
15 51 0000011110 4
26 62 0100100000 2 match 0
37 73 0010001000 2

Matching output
0 24 42 26 62
1 35 53
2 46 64
3 57 75
4 60 06
5 absent
6 12 21 02 20
7 23 32

Left
24 35 46 57 60 71x
42 53 64 75 06 17x
26 37x
62 73x
Best: AND24 35 46 57 60: 5

Right
23 12 01x
32 21 10x
Best: AND23 12: 2

OR
01 10 1011111110 8
12 21 1101111110 8
23 32 1111111000 7
34 43 1111111011 9
45 54 0111111111 9
56 65 0110111111 8
67 76 0110111110 7
70 07 1011111100 7 match 5

02 20 1111110000 6
13 31 1011111110 8
24 42 1101101011 7
35 53 1111011111 9
46 64 0101111011 7
57 75 0110111111 8
60 06 1111111010 8
71 17 1011111110 8

03 30 1011111000 6
14 41 1101111111 9
25 52 1110111111 9
36 63 1111111010 8
47 74 0111101111 8
50 05 1111111111 a
61 16 1101111110 8
72 27 1110101100 6

04 40 1111111011 9
15 51 1111111111 a
26 62 1100111010 6
37 73 1011111100 7 match 5

Matching output
0 absent
1 absent
2 absent
3 absent
4 absent
5 70 07 37 73
6 absent
7 absent

Left
none
Best: none

Right
none
Best: none

XOR
01 10 0010001110 4
12 21 0101011110 6
23 32 0111111000 6
34 43 1110110011 7
45 54 0011110100 5
56 65 0010100101 4
67 76 0110010110 5
70 07 1001011100 5

02 20 0111010000 4
13 31 0010100110 4
24 42 1001001011 5
35 53 1101000111 6
46 64 0001010001 3
57 75 0100110011 5
60 06 1111001010 6
71 17 1011010010 5

03 30 0000101000 2
14 41 1100010101 5
25 52 1010111111 8
36 63 1111100010 6
47 74 0111000111 6
50 05 1101101111 8
61 16 1101000100 4
72 27 1110001100 5

04 40 1110011011 7
15 51 1111100001 6
26 62 1000011010 4
37 73 1001110100 5

Matching output
0 absent
1 absent
2 absent
3 absent
4 absent
5 absent
6 absent
7 absent

Left
none
Best: none

Right
none
Best: none

AND-NOT
01 0010000000 1
12 0001011110 5
23 0100100000 2 match 0
34 1010010000 3
45 0001100000 2
56 0010000101 3
67 0100010010 3
70 0000001100 2

02 0011010000 3
13 0000100110 3
24 1000000000 1 match 7
35 1001000000 2
46 0001000001 2
57 0100010011 4
60 0100001010 3
71 0010000000 1

03 0000100000 1
14 1000010100 3
25 1000100000 2 match 6
36 1011000000 3
47 0101000011 4
50 0100001111 5
61 0100000000 1
72 0010001100 3 match 3

04 1010010000 3
15 1001100000 3
26 1000000000 1 match 7
37 1001010000 3
40 0100001011 4
51 0110000001 3
62 0000011010 3
73 0000100100 2

05 1001100000 3
16 1001000100 3
27 1100000000 2
30 0000001000 1
41 0100000001 2
52 0010011111 6
63 0100100010 3
74 0010000100 2

06 1011000000 3
17 1001010010 4
20 0100000000 1
31 0010000000 1
42 0001001011 4
53 0100000111 4
64 0000010000 1
75 0000100000 1

07 1001010000 3
10 0000001110 3
21 0100000000 1
32 0011011000 4
43 0100100011 4
54 0010010100 3
65 0000100000 1
76 0010000100 2

Matching output
0 23
1 absent
2 absent
3 72
4 absent
5 absent
6 25
7 24 26

Left
23 34x
Best: AND-NOT23: 1

Right
24 13x
26 15x
Best: AND-NOT24: 1

OR-NOT
01 1111110001 7
12 1011111111 9
23 1100100111 6
34 1011011100 6
45 1101101011 7
56 1111011111 9
67 1101111011 8
70 0110101111 7

02 1011111111 9
13 1101111111 9
24 1110110100 6
35 1011111000 6
46 1111101111 9
57 1111011111 9
60 0100111111 7
71 0110101101 6

03 1111110111 9
14 1011111110 8
25 1101100000 4
36 1011011101 7
47 1101111011 8
50 0110011111 7
61 0110111011 7
72 0011111111 8

04 1011110100 6
15 1001111110 7
26 1111100101 7
37 1111011011 8
40 0101101111 7
51 0110011111 7
62 0111111111 9
73 0110101111 7

05 1011110000 5
16 1011111111 9
27 1101110011 7
30 1111011111 9
41 0111101011 7
52 0111011111 8
63 0100111111 7
74 1010111100 6

06 1011110101 7
17 1101111111 9
20 1100101111 7
31 1111011001 7
42 0111111111 9
53 0110111111 8
64 1110111110 8
75 1011101100 6

07 1111110011 8
10 1101111111 9
21 1110100001 5
32 1011011111 8
43 0101101111 7
54 1110011111 8
65 1101111010 7
76 1011101101 7

Matching output
0 absent
1 absent
2 absent
3 absent
4 absent
5 absent
6 absent
7 absent

Left
none
Best: none

Right
none
Best: none

XOR-NOT
01 1101110001 6
12 1010100001 4
23 1000000111 4
34 0001001100 3
45 1100001011 5
56 1101011010 6
67 1001101001 5
70 0110100011 5

02 1000101111 6
13 1101011001 6
24 0110110100 5
35 0010111000 4
46 1110101110 7
57 1011001100 5
60 0000110101 4
71 0100101101 5

03 1111010111 8
14 0011101010 5
25 0101000000 2
36 0000011101 4
47 1000111000 4
50 0010010000 2
61 0010111011 6
72 0001110011 5

04 0001100100 3
15 0000011110 4
26 0111100101 6
37 0110001011 5
40 0001100100 3
51 0000011110 4
62 0111100101 6
73 0110001011 5

05 0010010000 2
16 0010111011 6
27 0001110011 5
30 1111010111 8
41 0011101010 5
52 0101000000 2
63 0000011101 4
74 1000111000 4

06 0000110101 4
17 0100101101 5
20 1000101111 6
31 1101011001 6
42 0110110100 5
53 0010111000 4
64 1110101110 7
75 1011001100 5

07 0110100011 5
10 1101110001 6
21 1010100001 4
32 1000000111 4
43 0001001100 3
54 1100001011 5
65 1101011010 6
76 1001101001 5

Matching output
0 absent
1 absent
2 absent
3 absent
4 absent
5 absent
6 absent
7 absent

Left
none
Best: none

Right
none
Best: none

Selecting

Lefts
Identity none
NOT none
Constant none
AND AND24 35 46 57 60: 5
OR none
XOR none
AND-NOT AND-NOT23: 1
OR-NOT none
XOR-NOT none

Rights
Identity none
NOT none
Constant none
AND AND23 12: 2
OR none
XOR none
AND-NOT AND-NOT24: 1
OR-NOT none
XOR-NOT none

Left longest: 5
Right longest: 2

Left winner: Identity no, NOT no, Constant no, AND yes, OR no, XOR no, AND-NOT no, OR-NOT no, XOR-NOT no
Right winner: Identity no, NOT no, Constant no, AND yes, OR no, XOR no, AND-NOT no, OR-NOT no, XOR-NOT no

Best left: AND24 35 46 57 60: 5
Best right: AND23 12: 2

Truncated left: AND24 35 46 57 60: 5
Truncated right: AND23 12: 2

Tentative from right
7 AND23
6 AND12
5 pending
4 pending
3 pending
2 pending
1 pending
0 pending

Tentative
0 AND24
1 AND35
2 AND46
3 AND57
4 AND60
5 pending
6 AND12
7 AND23

Preferred from left
0 AND24
1 AND35
2 AND46
3 AND57
4 AND60
5 ?71
6 AND12
7 AND23

Preferred from right
7 AND23
6 AND12
5 ?71
4 AND60
3 AND57
2 AND46
1 AND35
0 AND24

Preferred
0 AND24
1 AND35
2 AND46
3 AND57
4 AND60
5 ?71 ?17
6 AND12
7 AND23

Matching
0 AND24
1 AND35
2 AND46
3 AND57
4 AND60
5 ?71 ?17 - Identity absent, NOT absent, Constant absent, AND absent, OR absent, XOR absent, AND-NOT absent, OR-NOT absent, XOR-NOT absent
6 AND12
7 AND23

Perfect match
Identity no
NOT no
Constant no
AND no
OR no
XOR no
AND-NOT no
OR-NOT no
XOR-NOT no

Matched
0 AND24
1 AND35
2 AND46
3 AND57
4 AND60
5 none
6 AND12
7 AND23

Selected
0 AND24
1 AND35
2 AND46
3 AND57
4 AND60
5 default 1
6 AND12
7 AND23

Applying to 11111000
Input
0 1
1 1
2 1
3 1
4 1
5 0
6 0
7 0
Output
0 AND24 = AND(1,1) = 1
1 AND35 = AND(1,0) = 0
2 AND46 = AND(1,0) = 0
3 AND57 = AND(0,0) = 0
4 AND60 = AND(0,1) = 0
5 default 1 = 1
6 AND12 = AND(1,1) = 1
7 AND23 = AND(1,1) = 1

I will now return the answer in \boxed{}
The answer in \boxed{–} is \boxed{10000111}
[correct]
true
