[category]
bit_manipulation
[prompt]
In Alice's Wonderland, a secret bit manipulation rule transforms 8-bit binary numbers. The transformation involves operations like bit shifts, rotations, XOR, AND, OR, NOT, and possibly majority or choice functions.

Here are some examples of input -> output:
10110000 -> 01011000
00111101 -> 10011110
10101000 -> 01010100
01110111 -> 10111011
00000011 -> 10000001
10010000 -> 01001000
01111110 -> 00111111

Now, determine the output for: 00001011
[completion]
We need to deduce the transformation by matching the example outputs.
I will put my final answer inside \boxed{}.

Output 0: 01011000
0 0
1 1
2 0
3 1
4 1
5 0
6 0
7 0

Output 1: 10011110
0 1
1 0
2 0
3 1
4 1
5 1
6 1
7 0

Output 2: 01010100
0 0
1 1
2 0
3 1
4 0
5 1
6 0
7 0

Output 3: 10111011
0 1
1 0
2 1
3 1
4 1
5 0
6 1
7 1

Output 4: 10000001
0 1
1 0
2 0
3 0
4 0
5 0
6 0
7 1

Output 5: 01001000
0 0
1 1
2 0
3 0
4 1
5 0
6 0
7 0

Output 6: 00111111
0 0
1 0
2 1
3 1
4 1
5 1
6 1
7 1

Output bit columns (with bitsum as hash)
0 0101100 3
1 1010010 3
2 0001001 2
3 1111001 5
4 1101011 5
5 0110001 3
6 0101001 3
7 0001101 3

Input 0: 10110000
0 1
1 0
2 1
3 1
4 0
5 0
6 0
7 0

Input 1: 00111101
0 0
1 0
2 1
3 1
4 1
5 1
6 0
7 1

Input 2: 10101000
0 1
1 0
2 1
3 0
4 1
5 0
6 0
7 0

Input 3: 01110111
0 0
1 1
2 1
3 1
4 0
5 1
6 1
7 1

Input 4: 00000011
0 0
1 0
2 0
3 0
4 0
5 0
6 1
7 1

Input 5: 10010000
0 1
1 0
2 0
3 1
4 0
5 0
6 0
7 0

Input 6: 01111110
0 0
1 1
2 1
3 1
4 1
5 1
6 1
7 0

When matching output
x: not in operator
y: wrong position

Identity
0 1010010 3 match 1
1 0001001 2 match 2
2 1111001 5 match 3
3 1101011 5 match 4
4 0110001 3 match 5
5 0101001 3 match 6
6 0001101 3 match 7
7 0101100 3 match 0

Matching output
0 7
1 0
2 1
3 2
4 3
5 4
6 5
7 6

Left
7 0 1 2 3 4 5 6
Best: I7 0 1 2 3 4 5 6: 8

Right
6 5 4 3 2 1 0 7
Best: I6 5 4 3 2 1 0 7: 8

NOT
0 0101101 4
1 1110110 5
2 0000110 2
3 0010100 2
4 1001110 4
5 1010110 4
6 1110010 4
7 1010011 4

Matching output
0 absent
1 absent
2 absent
3 absent
4 absent
5 absent
6 absent
7 absent

Left
none
Best: none

Right
none
Best: none

Constant
0 0000000 a
1 1111111 a

Matching output
0 absent
1 absent
2 absent
3 absent
4 absent
5 absent
6 absent
7 absent

Left
none
Best: none

Right
none
Best: none

AND
01 10 0000000 a
12 21 0001001 2 match 2
23 32 1101001 4
34 43 0100001 2
45 54 0100001 2
56 65 0001001 2 match 2
67 76 0001100 2
70 07 0000000 a

02 20 1010000 2
13 31 0001001 2 match 2
24 42 0110001 3 match 5
35 53 0101001 3 match 6
46 64 0000001 1
57 75 0101000 2
60 06 0000000 a
71 17 0001000 1

03 30 1000010 2
14 41 0000001 1
25 52 0101001 3 match 6
36 63 0001001 2 match 2
47 74 0100000 1
50 05 0000000 a
61 16 0001001 2 match 2
72 27 0101000 2

04 40 0010000 1
15 51 0001001 2 match 2
26 62 0001001 2 match 2
37 73 0101000 2

Matching output
0 absent
1 absent
2 12 21 56 65 13 31 36 63 61 16 15 51 26 62
3 absent
4 absent
5 24 42
6 35 53 25 52
7 absent

Left
none
Best: none

Right
none
Best: none

OR
01 10 1011011 5
12 21 1111001 5 match 3
23 32 1111011 6
34 43 1111011 6
45 54 0111001 4
56 65 0101101 4
67 76 0101101 4
70 07 1111110 6

02 20 1111011 6
13 31 1101011 5 match 4
24 42 1111001 5 match 3
35 53 1101011 5 match 4
46 64 0111101 5
57 75 0101101 4
60 06 1011111 6
71 17 0101101 4

03 30 1111011 6
14 41 0111001 4
25 52 1111001 5 match 3
36 63 1101111 6
47 74 0111101 5
50 05 1111011 6
61 16 0001101 3 match 7
72 27 1111101 6

04 40 1110011 5
15 51 0101001 3 match 6
26 62 1111101 6
37 73 1101111 6

Matching output
0 absent
1 absent
2 absent
3 12 21 24 42 25 52
4 13 31 35 53
5 absent
6 15 51
7 61 16

Left
none
Best: none

Right
61 50x
16 05x
Best: OR61: 1

XOR
01 10 1011011 5
12 21 1110000 3
23 32 0010010 2
34 43 1011010 4
45 54 0011000 2
56 65 0100100 2
67 76 0100001 2
70 07 1111110 6

02 20 0101011 4
13 31 1100010 3
24 42 1001000 2
35 53 1000010 2
46 64 0111100 4
57 75 0000101 2
60 06 1011111 6
71 17 0100101 3

03 30 0111001 4
14 41 0111000 3
25 52 1010000 2
36 63 1100110 4
47 74 0011101 4
50 05 1111011 6
61 16 0000100 1
72 27 1010101 4

04 40 1100011 4
15 51 0100000 1
26 62 1110100 4
37 73 1000111 4

Matching output
0 absent
1 absent
2 absent
3 absent
4 absent
5 absent
6 absent
7 absent

Left
none
Best: none

Right
none
Best: none

AND-NOT
01 1010010 3 match 1
12 0000000 a
23 0010000 1
34 1001010 3
45 0010000 1
56 0100000 1
67 0000001 1
70 0101100 3 match 0

02 0000010 1
13 0000000 a
24 1001000 2
35 1000010 2
46 0110000 2
57 0000001 1
60 0001101 3 match 7
71 0100100 2

03 0010000 1
14 0001000 1
25 1010000 2
36 1100010 3
47 0010001 2
50 0101001 3 match 6
61 0000100 1
72 0000100 1

04 1000010 2
15 0000000 a
26 1110000 3
37 1000011 3
40 0100001 2
51 0100000 1
62 0000100 1
73 0000100 1

05 1010010 3 match 1
16 0000000 a
27 1010001 3
30 0101001 3 match 6
41 0110000 2
52 0000000 a
63 0000100 1
74 0001100 2

06 1010010 3 match 1
17 0000001 1
20 0101001 3 match 6
31 1100010 3
42 0000000 a
53 0000000 a
64 0001100 2
75 0000100 1

07 1010010 3 match 1
10 0001001 2 match 2
21 1110000 3
32 0000010 1
43 0010000 1
54 0001000 1
65 0000100 1
76 0100000 1

Matching output
0 70
1 01 05 06 07
2 10
3 absent
4 absent
5 absent
6 50 30 20
7 60

Left
70 01 12x
Best: AND-NOT70 01: 2

Right
60 57x
Best: AND-NOT60: 1

OR-NOT
01 1110110 5
12 0001111 4
23 1111101 6
34 1101111 6
45 1110111 6
56 1111011 6
67 1011111 6
70 0101101 4

02 1010110 4
13 0011101 4
24 1111111 a
35 1111111 a
46 1110011 5
57 1111011 6
60 0101101 4
71 1111110 6

03 1010110 4
14 1001111 5
25 1111111 a
36 1111011 6
47 1110011 5
50 0101101 4
61 1111111 a
72 0101110 4

04 1011110 5
15 1011111 6
26 1111011 6
37 1111011 6
40 0111101 5
51 1111111 a
62 0001111 4
73 0111100 4

05 1010110 4
16 1111011 6
27 1111011 6
30 1101111 6
41 1110111 6
52 0101111 5
63 0011101 4
74 1101110 5

06 1110010 4
17 1011011 5
20 1111101 6
31 1111111 a
42 0110111 5
53 0111101 5
64 1001111 5
75 1111110 6

07 1010011 4
10 0101101 4
21 1111111 a
32 1101111 6
43 0110101 4
54 1101111 6
65 1011111 6
76 1111110 6

Matching output
0 absent
1 absent
2 absent
3 absent
4 absent
5 absent
6 absent
7 absent

Left
none
Best: none

Right
none
Best: none

XOR-NOT
01 0100100 2
12 0001111 4
23 1101101 5
34 0100101 3
45 1100111 5
56 1011011 5
67 1011110 5
70 0000001 1

02 1010100 3
13 0011101 4
24 0110111 5
35 0111101 5
46 1000011 3
57 1111010 5
60 0100000 1
71 1011010 4

03 1000110 3
14 1000111 4
25 0101111 5
36 0011001 3
47 1100010 3
50 0000100 1
61 1111011 6
72 0101010 3

04 0011100 3
15 1011111 6
26 0001011 3
37 0111000 3
40 0011100 3
51 1011111 6
62 0001011 3
73 0111000 3

05 0000100 1
16 1111011 6
27 0101010 3
30 1000110 3
41 1000111 4
52 0101111 5
63 0011001 3
74 1100010 3

06 0100000 1
17 1011010 4
20 1010100 3
31 0011101 4
42 0110111 5
53 0111101 5
64 1000011 3
75 1111010 5

07 0000001 1
10 0100100 2
21 0001111 4
32 1101101 5
43 0100101 3
54 1100111 5
65 1011011 5
76 1011110 5

Matching output
0 absent
1 absent
2 absent
3 absent
4 absent
5 absent
6 absent
7 absent

Left
none
Best: none

Right
none
Best: none

Selecting

Lefts
Identity I7 0 1 2 3 4 5 6: 8
NOT none
Constant none
AND none
OR none
XOR none
AND-NOT AND-NOT70 01: 2
OR-NOT none
XOR-NOT none

Rights
Identity I6 5 4 3 2 1 0 7: 8
NOT none
Constant none
AND none
OR OR61: 1
XOR none
AND-NOT AND-NOT60: 1
OR-NOT none
XOR-NOT none

Left longest: 8
Right longest: 8

Left winner: Identity yes, NOT no, Constant no, AND no, OR no, XOR no, AND-NOT no, OR-NOT no, XOR-NOT no
Right winner: Identity yes, NOT no, Constant no, AND no, OR no, XOR no, AND-NOT no, OR-NOT no, XOR-NOT no

Best left: I7 0 1 2 3 4 5 6: 8
Best right: I6 5 4 3 2 1 0 7: 8

Truncated left: I7 0 1 2 3 4 5 6: 8
Truncated right: none truncated

Tentative from right
7 pending
6 pending
5 pending
4 pending
3 pending
2 pending
1 pending
0 pending

Tentative
0 I7
1 I0
2 I1
3 I2
4 I3
5 I4
6 I5
7 I6

Preferred from left
0 I7
1 I0
2 I1
3 I2
4 I3
5 I4
6 I5
7 I6

Preferred from right
7 I6
6 I5
5 I4
4 I3
3 I2
2 I1
1 I0
0 I7

Preferred
0 I7
1 I0
2 I1
3 I2
4 I3
5 I4
6 I5
7 I6

Matching
0 I7
1 I0
2 I1
3 I2
4 I3
5 I4
6 I5
7 I6

Perfect match
Identity no
NOT no
Constant no
AND no
OR no
XOR no
AND-NOT no
OR-NOT no
XOR-NOT no

Matched
0 I7
1 I0
2 I1
3 I2
4 I3
5 I4
6 I5
7 I6

Selected
0 I7
1 I0
2 I1
3 I2
4 I3
5 I4
6 I5
7 I6

Applying to 00001011
Input
0 0
1 0
2 0
3 0
4 1
5 0
6 1
7 1
Output
0 I7 = 1
1 I0 = 0
2 I1 = 0
3 I2 = 0
4 I3 = 0
5 I4 = 1
6 I5 = 0
7 I6 = 1

I will now return the answer in \boxed{}
The answer in \boxed{–} is \boxed{10000101}
[correct]
true
