[category]
bit_manipulation
[prompt]
In Alice's Wonderland, a secret bit manipulation rule transforms 8-bit binary numbers. The transformation involves operations like bit shifts, rotations, XOR, AND, OR, NOT, and possibly majority or choice functions.

Here are some examples of input -> output:
10001110 -> 01110010
10010111 -> 10111010
00111101 -> 11101000
01101100 -> 01100001
00101111 -> 01111000
11111001 -> 11001011
11101001 -> 01001011
00100001 -> 00001000
10101101 -> 01101010

Now, determine the output for: 10111100
[completion]
We need to deduce the transformation by matching the example outputs.
I will put my final answer inside \boxed{}.

Output 0: 01110010
0 0
1 1
2 1
3 1
4 0
5 0
6 1
7 0

Output 1: 10111010
0 1
1 0
2 1
3 1
4 1
5 0
6 1
7 0

Output 2: 11101000
0 1
1 1
2 1
3 0
4 1
5 0
6 0
7 0

Output 3: 01100001
0 0
1 1
2 1
3 0
4 0
5 0
6 0
7 1

Output 4: 01111000
0 0
1 1
2 1
3 1
4 1
5 0
6 0
7 0

Output 5: 11001011
0 1
1 1
2 0
3 0
4 1
5 0
6 1
7 1

Output 6: 01001011
0 0
1 1
2 0
3 0
4 1
5 0
6 1
7 1

Output 7: 00001000
0 0
1 0
2 0
3 0
4 1
5 0
6 0
7 0

Output 8: 01101010
0 0
1 1
2 1
3 0
4 1
5 0
6 1
7 0

Output bit columns (with bitsum as hash)
0 011001000 3
1 101111101 7
2 111110001 6
3 110010000 3
4 011011111 7
5 000000000 a
6 110001101 5
7 000101100 3

Input 0: 10001110
0 1
1 0
2 0
3 0
4 1
5 1
6 1
7 0

Input 1: 10010111
0 1
1 0
2 0
3 1
4 0
5 1
6 1
7 1

Input 2: 00111101
0 0
1 0
2 1
3 1
4 1
5 1
6 0
7 1

Input 3: 01101100
0 0
1 1
2 1
3 0
4 1
5 1
6 0
7 0

Input 4: 00101111
0 0
1 0
2 1
3 0
4 1
5 1
6 1
7 1

Input 5: 11111001
0 1
1 1
2 1
3 1
4 1
5 0
6 0
7 1

Input 6: 11101001
0 1
1 1
2 1
3 0
4 1
5 0
6 0
7 1

Input 7: 00100001
0 0
1 0
2 1
3 0
4 0
5 0
6 0
7 1

Input 8: 10101101
0 1
1 0
2 1
3 0
4 1
5 1
6 0
7 1

When matching output
x: not in operator
y: wrong position

Identity
0 110001101 5 match 6
1 000101100 3 match 7
2 001111111 7
3 011001000 3 match 0
4 101111101 7 match 1
5 111110001 6 match 2
6 110010000 3 match 3
7 011011111 7 match 4

Matching output
0 3
1 4
2 5
3 6
4 7
5 absent
6 0
7 1

Left
3 4 5 6 7 0y
Best: I3 4 5 6 7: 5

Right
1 0 7y
Best: I1 0: 2

NOT
0 001110010 4
1 111010011 6
2 110000000 2
3 100110111 6
4 010000010 2
5 000001110 3
6 001101111 6
7 100100000 2

Matching output
0 absent
1 absent
2 absent
3 absent
4 absent
5 absent
6 absent
7 absent

Left
none
Best: none

Right
none
Best: none

Constant
0 000000000 a match 5
1 111111111 a

Matching output
0 absent
1 absent
2 absent
3 absent
4 absent
5 C0
6 absent
7 absent

Left
none
Best: none

Right
none
Best: none

AND
01 10 000001100 2
12 21 000101100 3 match 7
23 32 001001000 2
34 43 001001000 2
45 54 101110001 5
56 65 110010000 3 match 3
67 76 010010000 2
70 07 010001101 4

02 20 000001101 3
13 31 000001000 1
24 42 001111101 6
35 53 011000000 2
46 64 100010000 2
57 75 011010001 4
60 06 110000000 2
71 17 000001100 2

03 30 010001000 2
14 41 000101100 3 match 7
25 52 001110001 4
36 63 010000000 1
47 74 001011101 5
50 05 110000001 3
61 16 000000000 a match 5
72 27 001011111 6

04 40 100001101 4
15 51 000100000 1
26 62 000010000 1
37 73 011001000 3 match 0

Matching output
0 37 73
1 absent
2 absent
3 56 65
4 absent
5 61 16
6 absent
7 12 21 14 41

Left
37 40x
73 04x
Best: AND37: 1

Right
12 01x
21 10x
14 03x
41 30x
Best: AND12: 1

OR
01 10 110101101 6
12 21 001111111 7
23 32 011111111 8
34 43 111111101 8
45 54 111111101 8
56 65 111110001 6 match 2
67 76 111011111 8
70 07 111011111 8

02 20 111111111 a
13 31 011101100 5
24 42 101111111 8
35 53 111111001 7
46 64 111111101 8
57 75 111111111 a
60 06 110011101 6
71 17 011111111 8

03 30 111001101 6
14 41 101111101 7 match 1
25 52 111111111 a
36 63 111011000 5
47 74 111111111 a
50 05 111111101 8
61 16 110111100 6
72 27 011111111 8

04 40 111111101 8
15 51 111111101 8
26 62 111111111 a
37 73 011011111 7 match 4

Matching output
0 absent
1 14 41
2 56 65
3 absent
4 37 73
5 absent
6 absent
7 absent

Left
none
Best: none

Right
none
Best: none

XOR
01 10 110100001 4
12 21 001010011 4
23 32 010110111 6
34 43 110110101 6
45 54 010001100 3
56 65 001100001 3
67 76 101001111 6
70 07 101010010 4

02 20 111110010 6
13 31 011100100 4
24 42 100000010 2
35 53 100111001 5
46 64 011101101 6
57 75 100101110 5
60 06 000011101 4
71 17 011110011 6

03 30 101000101 4
14 41 101010001 4
25 52 110001110 5
36 63 101011000 4
47 74 110100010 4
50 05 001111100 5
61 16 110111100 6
72 27 010100000 2

04 40 011110000 4
15 51 111011101 7
26 62 111101111 8
37 73 000010111 4

Matching output
0 absent
1 absent
2 absent
3 absent
4 absent
5 absent
6 absent
7 absent

Left
none
Best: none

Right
none
Best: none

AND-NOT
01 110000001 3
12 000000000 a match 5
23 000110111 5
34 010000000 1
45 000001100 2
56 001100001 3
67 100000000 1
70 001010010 3

02 110000000 2
13 000100100 2
24 000000010 1
35 000001000 1
46 001101101 5
57 100100000 2
60 000010000 1
71 011010011 5

03 100000101 3
14 000000000 a match 5
25 000001110 3
36 001001000 2
47 100100000 2
50 001110000 3
61 110010000 3 match 3
72 010000000 1

04 010000000 1
15 000001100 2
26 001101111 6
37 000000000 a match 5
40 001110000 3
51 111010001 5
62 110000000 2
73 000010111 4

05 000001100 2
16 000101100 3 match 7
27 000100000 1
30 001000000 1
41 101010001 4
52 110000000 2
63 100010000 2
74 010000010 2

06 000001101 3
17 000100000 1
20 001110010 4
31 011000000 2
42 100000000 1
53 100110001 4
64 010000000 1
75 000001110 3

07 100000000 1
10 000100000 1
21 001010011 4
32 010000000 1
43 100110101 5
54 010000000 1
65 000000000 a match 5
76 001001111 5

Matching output
0 absent
1 absent
2 absent
3 61
4 absent
5 12 14 37 65
6 absent
7 16

Left
none
Best: none

Right
16 05x
Best: AND-NOT16: 1

OR-NOT
01 111011111 8
12 110101100 5
23 101111111 8
34 011001010 4
45 101111111 8
56 111111111 a
67 110110000 4
70 011111111 8

02 110001101 5 match 6
13 100111111 7
24 011111111 8
35 011001110 5
46 101111111 8
57 111110001 6 match 2
60 111110010 6
71 111011111 8

03 110111111 8
14 010101110 5
25 001111111 7
36 011101111 7
47 101111101 7 match 1
50 111110011 7
61 111010011 6
72 111011111 8

04 110001111 6
15 000101110 4
26 001111111 7
37 111101000 5
40 101111111 8
51 111110011 7
62 110010000 3 match 3
73 111111111 a

05 110001111 6
16 001101111 6
27 101111111 8
30 011111010 6
41 111111111 a
52 111110001 6 match 2
63 110110111 7
74 011011111 7 match 4

06 111101111 8
17 100101100 4
20 001111111 7
31 111011011 7
42 111111101 8
53 111110111 8
64 110010010 4
75 011011111 7 match 4

07 110101101 6
10 001111110 6
21 111111111 a
32 111001000 4
43 101111111 8
54 111110011 7
65 110011110 6
76 011111111 8

Matching output
0 absent
1 47
2 57 52
3 62
4 74 75
5 absent
6 02
7 absent

Left
none
Best: none

Right
none
Best: none

XOR-NOT
01 001011110 5
12 110101100 5
23 101001000 3
34 001001010 3
45 101110011 6
56 110011110 6
67 010110000 3
70 010101101 5

02 000001101 3
13 100011011 5
24 011111101 7
35 011000110 4
46 100010010 3
57 011010001 4
60 111100010 5
71 100001100 3

03 010111010 5
14 010101110 5
25 001110001 4
36 010100111 5
47 001011101 5
50 110000011 4
61 001000011 3
72 101011111 7

04 100001111 5
15 000100010 2
26 000010000 1
37 111101000 5
40 100001111 5
51 000100010 2
62 000010000 1
73 111101000 5

05 110000011 4
16 001000011 3
27 101011111 7
30 010111010 5
41 010101110 5
52 001110001 4
63 010100111 5
74 001011101 5

06 111100010 5
17 100001100 3
20 000001101 3
31 100011011 5
42 011111101 7
53 011000110 4
64 100010010 3
75 011010001 4

07 010101101 5
10 001011110 5
21 110101100 5
32 101001000 3
43 001001010 3
54 101110011 6
65 110011110 6
76 010110000 3

Matching output
0 absent
1 absent
2 absent
3 absent
4 absent
5 absent
6 absent
7 absent

Left
none
Best: none

Right
none
Best: none

Selecting

Lefts
Identity I3 4 5 6 7: 5
NOT none
Constant none
AND AND37: 1
OR none
XOR none
AND-NOT none
OR-NOT none
XOR-NOT none

Rights
Identity I1 0: 2
NOT none
Constant none
AND AND12: 1
OR none
XOR none
AND-NOT AND-NOT16: 1
OR-NOT none
XOR-NOT none

Left longest: 5
Right longest: 2

Left winner: Identity yes, NOT no, Constant no, AND no, OR no, XOR no, AND-NOT no, OR-NOT no, XOR-NOT no
Right winner: Identity yes, NOT no, Constant no, AND no, OR no, XOR no, AND-NOT no, OR-NOT no, XOR-NOT no

Best left: I3 4 5 6 7: 5
Best right: I1 0: 2

Truncated left: I3 4 5 6 7: 5
Truncated right: I1 0: 2

Tentative from right
7 I1
6 I0
5 pending
4 pending
3 pending
2 pending
1 pending
0 pending

Tentative
0 I3
1 I4
2 I5
3 I6
4 I7
5 pending
6 I0
7 I1

Preferred from left
0 I3
1 I4
2 I5
3 I6
4 I7
5 ?0?
6 I0
7 I1

Preferred from right
7 I1
6 I0
5 ?07
4 I7
3 I6
2 I5
1 I4
0 I3

Preferred
0 I3
1 I4
2 I5
3 I6
4 I7
5 ?07 ?70
6 I0
7 I1

Matching
0 I3
1 I4
2 I5
3 I6
4 I7
5 ?07 ?70 - Identity absent, NOT absent, Constant C0, AND absent, OR absent, XOR absent, AND-NOT absent, OR-NOT absent, XOR-NOT absent
6 I0
7 I1

Perfect match
Identity no
NOT no
Constant yes
AND no
OR no
XOR no
AND-NOT no
OR-NOT no
XOR-NOT no

Matched
0 I3
1 I4
2 I5
3 I6
4 I7
5 C0
6 I0
7 I1

Selected
0 I3
1 I4
2 I5
3 I6
4 I7
5 C0
6 I0
7 I1

Applying to 10111100
Input
0 1
1 0
2 1
3 1
4 1
5 1
6 0
7 0
Output
0 I3 = 1
1 I4 = 1
2 I5 = 1
3 I6 = 0
4 I7 = 0
5 C0 = 0
6 I0 = 1
7 I1 = 0

I will now return the answer in \boxed{}
The answer in \boxed{–} is \boxed{11100010}
[correct]
true
