[category]
bit_manipulation
[prompt]
In Alice's Wonderland, a secret bit manipulation rule transforms 8-bit binary numbers. The transformation involves operations like bit shifts, rotations, XOR, AND, OR, NOT, and possibly majority or choice functions.

Here are some examples of input -> output:
11111010 -> 11010111
00111011 -> 11011001
10001110 -> 01110100
10010110 -> 10110100
10101111 -> 01111101
00001010 -> 01010000
01110110 -> 10110011
00010110 -> 10110000
11101001 -> 01001111

Now, determine the output for: 00101011
[completion]
We need to deduce the transformation by matching the example outputs.
I will put my final answer inside \boxed{}.

Output 0: 11010111
0 1
1 1
2 0
3 1
4 0
5 1
6 1
7 1

Output 1: 11011001
0 1
1 1
2 0
3 1
4 1
5 0
6 0
7 1

Output 2: 01110100
0 0
1 1
2 1
3 1
4 0
5 1
6 0
7 0

Output 3: 10110100
0 1
1 0
2 1
3 1
4 0
5 1
6 0
7 0

Output 4: 01111101
0 0
1 1
2 1
3 1
4 1
5 1
6 0
7 1

Output 5: 01010000
0 0
1 1
2 0
3 1
4 0
5 0
6 0
7 0

Output 6: 10110011
0 1
1 0
2 1
3 1
4 0
5 0
6 1
7 1

Output 7: 10110000
0 1
1 0
2 1
3 1
4 0
5 0
6 0
7 0

Output 8: 01001111
0 0
1 1
2 0
3 0
4 1
5 1
6 1
7 1

Output bit columns (with bitsum as hash)
0 110100110 5
1 111011001 6
2 001110110 5
3 111111110 8
4 010010001 3
5 101110001 5
6 100000101 3
7 110010101 5

Input 0: 11111010
0 1
1 1
2 1
3 1
4 1
5 0
6 1
7 0

Input 1: 00111011
0 0
1 0
2 1
3 1
4 1
5 0
6 1
7 1

Input 2: 10001110
0 1
1 0
2 0
3 0
4 1
5 1
6 1
7 0

Input 3: 10010110
0 1
1 0
2 0
3 1
4 0
5 1
6 1
7 0

Input 4: 10101111
0 1
1 0
2 1
3 0
4 1
5 1
6 1
7 1

Input 5: 00001010
0 0
1 0
2 0
3 0
4 1
5 0
6 1
7 0

Input 6: 01110110
0 0
1 1
2 1
3 1
4 0
5 1
6 1
7 0

Input 7: 00010110
0 0
1 0
2 0
3 1
4 0
5 1
6 1
7 0

Input 8: 11101001
0 1
1 1
2 1
3 0
4 1
5 0
6 0
7 1

When matching output
x: not in operator
y: wrong position

Identity
0 101110001 5 match 5
1 100000101 3 match 6
2 110010101 5 match 7
3 110100110 5 match 0
4 111011001 6 match 1
5 001110110 5 match 2
6 111111110 8 match 3
7 010010001 3 match 4

Matching output
0 3
1 4
2 5
3 6
4 7
5 0
6 1
7 2

Left
3 4 5 6 7 0 1 2
Best: I3 4 5 6 7 0 1 2: 8

Right
2 1 0 7 6 5 4 3
Best: I2 1 0 7 6 5 4 3: 8

NOT
0 010001110 4
1 011111010 6
2 001101010 4
3 001011001 4
4 000100110 3
5 110001001 4
6 000000001 1
7 101101110 6

Matching output
0 absent
1 absent
2 absent
3 absent
4 absent
5 absent
6 absent
7 absent

Left
none
Best: none

Right
none
Best: none

Constant
0 000000000 a
1 111111111 a

Matching output
0 absent
1 absent
2 absent
3 absent
4 absent
5 absent
6 absent
7 absent

Left
none
Best: none

Right
none
Best: none

AND
01 10 100000001 2
12 21 100000101 3 match 6
23 32 110000100 3
34 43 110000000 2
45 54 001010000 2
56 65 001110110 5 match 2
67 76 010010000 2
70 07 000010001 2

02 20 100010001 3
13 31 100000100 2
24 42 110010001 4
35 53 000100110 3
46 64 111011000 5
57 75 000010000 1
60 06 101110000 4
71 17 000000001 1

03 30 100100000 2
14 41 100000001 2
25 52 000010100 2
36 63 110100110 5 match 0
47 74 010010001 3 match 4
50 05 001110000 3
61 16 100000100 2
72 27 010010001 3 match 4

04 40 101010001 4
15 51 000000100 1
26 62 110010100 4
37 73 010000000 1

Matching output
0 36 63
1 absent
2 56 65
3 absent
4 47 74 72 27
5 absent
6 12 21
7 absent

Left
36 47y
63 74y
Best: AND36: 1

Right
none
Best: none

OR
01 10 101110101 6
12 21 110010101 5 match 7
23 32 110110111 7
34 43 111111111 a
45 54 111111111 a
56 65 111111110 8 match 3
67 76 111111111 a
70 07 111110001 6

02 20 111110101 7
13 31 110100111 6
24 42 111011101 7
35 53 111110110 7
46 64 111111111 a
57 75 011110111 7
60 06 111111111 a
71 17 110010101 5 match 7

03 30 111110111 8
14 41 111011101 7
25 52 111110111 8
36 63 111111110 8 match 3
47 74 111011001 6 match 1
50 05 101110111 7
61 16 111111111 a
72 27 110010101 5 match 7

04 40 111111001 7
15 51 101110111 7
26 62 111111111 a
37 73 110110111 7

Matching output
0 absent
1 47 74
2 absent
3 56 65 36 63
4 absent
5 absent
6 absent
7 12 21 71 17 72 27

Left
none
Best: none

Right
12 01x
21 10x
71 60x
17 06x
72 61x
27 16x
Best: OR12: 1

XOR
01 10 001110100 4
12 21 010010000 2
23 32 000110011 4
34 43 001111111 7
45 54 110101111 7
56 65 110001000 3
67 76 101101111 7
70 07 111100000 4

02 20 011100100 4
13 31 010100011 4
24 42 001001100 3
35 53 111010000 4
46 64 000100111 4
57 75 011100111 6
60 06 010001111 5
71 17 110010100 4

03 30 011010111 6
14 41 011011100 5
25 52 111100011 6
36 63 001011000 3
47 74 101001000 3
50 05 100000111 4
61 16 011111011 7
72 27 100000100 2

04 40 010101000 3
15 51 101110011 6
26 62 001101011 5
37 73 100110111 6

Matching output
0 absent
1 absent
2 absent
3 absent
4 absent
5 absent
6 absent
7 absent

Left
none
Best: none

Right
none
Best: none

AND-NOT
01 001110000 3
12 000000000 a
23 000010001 2
34 000100110 3
45 110001001 4
56 000000000 a
67 101101110 6
70 010000000 1

02 001100000 2
13 000000001 1
24 000000100 1
35 110000000 2
46 000000001 1
57 001100110 4
60 010001110 4
71 010010000 2

03 001010001 3
14 000000100 1
25 110000001 3
36 000000000 a
47 101001000 3
50 000000110 2
61 011111010 6
72 000000000 a

04 000100000 1
15 100000001 2
26 000000001 1
37 100100110 4
40 010001000 2
51 001110010 4
62 001101010 4
73 000010001 2

05 100000001 2
16 000000001 1
27 100000100 2
30 010000110 3
41 011011000 4
52 001100010 3
63 001011000 3
74 000000000 a

06 000000001 1
17 100000100 2
20 010000100 2
31 010100010 3
42 001001000 2
53 001010000 2
64 000100110 3
75 010000001 2

07 101100000 3
10 000000100 1
21 010010000 2
32 000100010 2
43 001011001 4
54 000100110 3
65 110001000 3
76 000000001 1

Matching output
0 absent
1 absent
2 absent
3 absent
4 absent
5 absent
6 absent
7 absent

Left
none
Best: none

Right
none
Best: none

OR-NOT
01 111111011 8
12 101101111 7
23 111011101 7
34 110100110 5 match 0
45 111011001 6 match 1
56 001110111 6
67 111111110 8 match 3
70 010011111 6

02 101111011 7
13 101011101 6
24 110110111 7
35 110101111 7
46 111011001 6 match 1
57 101111110 7
60 111111110 8 match 3
71 011111011 7

03 101111001 6
14 100100111 5
25 110011101 6
36 110100111 6
47 111111111 a
50 011111110 7
61 111111110 8 match 3
72 011111011 7

04 101110111 7
15 110001101 5
26 110010101 5 match 7
37 111101110 7
40 111011111 8
51 011111110 7
62 111111110 8 match 3
73 011011001 5

05 111111001 7
16 100000101 3 match 6
27 111111111 a
30 110101110 6
41 111111011 8
52 001111110 6
63 111111111 a
74 010110111 6

06 101110001 5 match 5
17 101101111 7
20 110011111 7
31 111111110 8 match 3
42 111111011 8
53 001111111 7
64 111111110 8 match 3
75 110011001 5

07 101111111 8
10 110001111 6
21 111111111 a
32 111101110 7
43 111011001 6 match 1
54 001110110 5 match 2
65 111111111 a
76 010010001 3 match 4

Matching output
0 34
1 45 46 43
2 54
3 67 60 61 62 31 64
4 76
5 06
6 16
7 26

Left
34 45 56x
Best: OR-NOT34 45: 2

Right
26 15x
Best: OR-NOT26: 1

XOR-NOT
01 110001011 5
12 101101111 7
23 111001100 5
34 110000000 2
45 001010000 2
56 001110111 6
67 010010000 2
70 000011111 5

02 100011011 5
13 101011100 5
24 110110011 6
35 000101111 5
46 111011000 5
57 100011000 3
60 101110000 4
71 001101011 5

03 100101000 3
14 100100011 4
25 000011100 3
36 110100111 6
47 010110111 6
50 011111000 5
61 100000100 2
72 011111011 7

04 101010111 6
15 010001100 3
26 110010100 4
37 011001000 3
40 101010111 6
51 010001100 3
62 110010100 4
73 011001000 3

05 011111000 5
16 100000100 2
27 011111011 7
30 100101000 3
41 100100011 4
52 000011100 3
63 110100111 6
74 010110111 6

06 101110000 4
17 001101011 5
20 100011011 5
31 101011100 5
42 110110011 6
53 000101111 5
64 111011000 5
75 100011000 3

07 000011111 5
10 110001011 5
21 101101111 7
32 111001100 5
43 110000000 2
54 001010000 2
65 001110111 6
76 010010000 2

Matching output
0 absent
1 absent
2 absent
3 absent
4 absent
5 absent
6 absent
7 absent

Left
none
Best: none

Right
none
Best: none

Selecting

Lefts
Identity I3 4 5 6 7 0 1 2: 8
NOT none
Constant none
AND AND36: 1
OR none
XOR none
AND-NOT none
OR-NOT OR-NOT34 45: 2
XOR-NOT none

Rights
Identity I2 1 0 7 6 5 4 3: 8
NOT none
Constant none
AND none
OR OR12: 1
XOR none
AND-NOT none
OR-NOT OR-NOT26: 1
XOR-NOT none

Left longest: 8
Right longest: 8

Left winner: Identity yes, NOT no, Constant no, AND no, OR no, XOR no, AND-NOT no, OR-NOT no, XOR-NOT no
Right winner: Identity yes, NOT no, Constant no, AND no, OR no, XOR no, AND-NOT no, OR-NOT no, XOR-NOT no

Best left: I3 4 5 6 7 0 1 2: 8
Best right: I2 1 0 7 6 5 4 3: 8

Truncated left: I3 4 5 6 7 0 1 2: 8
Truncated right: none truncated

Tentative from right
7 pending
6 pending
5 pending
4 pending
3 pending
2 pending
1 pending
0 pending

Tentative
0 I3
1 I4
2 I5
3 I6
4 I7
5 I0
6 I1
7 I2

Preferred from left
0 I3
1 I4
2 I5
3 I6
4 I7
5 I0
6 I1
7 I2

Preferred from right
7 I2
6 I1
5 I0
4 I7
3 I6
2 I5
1 I4
0 I3

Preferred
0 I3
1 I4
2 I5
3 I6
4 I7
5 I0
6 I1
7 I2

Matching
0 I3
1 I4
2 I5
3 I6
4 I7
5 I0
6 I1
7 I2

Perfect match
Identity no
NOT no
Constant no
AND no
OR no
XOR no
AND-NOT no
OR-NOT no
XOR-NOT no

Matched
0 I3
1 I4
2 I5
3 I6
4 I7
5 I0
6 I1
7 I2

Selected
0 I3
1 I4
2 I5
3 I6
4 I7
5 I0
6 I1
7 I2

Applying to 00101011
Input
0 0
1 0
2 1
3 0
4 1
5 0
6 1
7 1
Output
0 I3 = 0
1 I4 = 1
2 I5 = 0
3 I6 = 1
4 I7 = 1
5 I0 = 0
6 I1 = 0
7 I2 = 1

I will now return the answer in \boxed{}
The answer in \boxed{–} is \boxed{01011001}
[correct]
true
