[category]
bit_manipulation
[prompt]
In Alice's Wonderland, a secret bit manipulation rule transforms 8-bit binary numbers. The transformation involves operations like bit shifts, rotations, XOR, AND, OR, NOT, and possibly majority or choice functions.

Here are some examples of input -> output:
11101111 -> 01111111
00000110 -> 00110011
10111111 -> 11111111
00111100 -> 11111111
11110111 -> 11111111
01001001 -> 01101110
00100110 -> 00110011
11010001 -> 11101110
01110110 -> 10111011
01111011 -> 11111111

Now, determine the output for: 00011000
[completion]
We need to deduce the transformation by matching the example outputs.
I will put my final answer inside \boxed{}.

Output 0: 01111111
0 0
1 1
2 1
3 1
4 1
5 1
6 1
7 1

Output 1: 00110011
0 0
1 0
2 1
3 1
4 0
5 0
6 1
7 1

Output 2: 11111111
0 1
1 1
2 1
3 1
4 1
5 1
6 1
7 1

Output 3: 11111111
0 1
1 1
2 1
3 1
4 1
5 1
6 1
7 1

Output 4: 11111111
0 1
1 1
2 1
3 1
4 1
5 1
6 1
7 1

Output 5: 01101110
0 0
1 1
2 1
3 0
4 1
5 1
6 1
7 0

Output 6: 00110011
0 0
1 0
2 1
3 1
4 0
5 0
6 1
7 1

Output 7: 11101110
0 1
1 1
2 1
3 0
4 1
5 1
6 1
7 0

Output 8: 10111011
0 1
1 0
2 1
3 1
4 1
5 0
6 1
7 1

Output 9: 11111111
0 1
1 1
2 1
3 1
4 1
5 1
6 1
7 1

Output bit columns (with bitsum as hash)
0 0011100111 6
1 1011110101 7
2 1111111111 a
3 1111101011 8
4 1011110111 8
5 1011110101 7
6 1111111111 a
7 1111101011 8

Input 0: 11101111
0 1
1 1
2 1
3 0
4 1
5 1
6 1
7 1

Input 1: 00000110
0 0
1 0
2 0
3 0
4 0
5 1
6 1
7 0

Input 2: 10111111
0 1
1 0
2 1
3 1
4 1
5 1
6 1
7 1

Input 3: 00111100
0 0
1 0
2 1
3 1
4 1
5 1
6 0
7 0

Input 4: 11110111
0 1
1 1
2 1
3 1
4 0
5 1
6 1
7 1

Input 5: 01001001
0 0
1 1
2 0
3 0
4 1
5 0
6 0
7 1

Input 6: 00100110
0 0
1 0
2 1
3 0
4 0
5 1
6 1
7 0

Input 7: 11010001
0 1
1 1
2 0
3 1
4 0
5 0
6 0
7 1

Input 8: 01110110
0 0
1 1
2 1
3 1
4 0
5 1
6 1
7 0

Input 9: 01111011
0 0
1 1
2 1
3 1
4 1
5 0
6 1
7 1

When matching output
x: not in operator
y: wrong position

Identity
0 1010100100 4
1 1000110111 6
2 1011101011 7
3 0011100111 6 match 0
4 1011010001 5
5 1111101010 7
6 1110101011 7
7 1010110101 6

Matching output
0 3
1 absent
2 absent
3 absent
4 absent
5 absent
6 absent
7 absent

Left
3 4x
Best: I3: 1

Right
none
Best: none

NOT
0 0101011011 6
1 0111001000 4
2 0100010100 3
3 1100011000 4
4 0100101110 5
5 0000010101 3
6 0001010100 3
7 0101001010 4

Matching output
0 absent
1 absent
2 absent
3 absent
4 absent
5 absent
6 absent
7 absent

Left
none
Best: none

Right
none
Best: none

Constant
0 0000000000 a
1 1111111111 a match 2 6

Matching output
0 absent
1 absent
2 C1
3 absent
4 absent
5 absent
6 C1
7 absent

Left
none
Best: none

Right
none
Best: none

AND
01 10 1000100100 3
12 21 1000100011 4
23 32 0011100011 5
34 43 0011000001 3
45 54 1011000000 3
56 65 1110101010 6
67 76 1010100001 4
70 07 1010100100 4

02 20 1010100000 3
13 31 0000100111 4
24 42 1011000001 4
35 53 0011100010 4
46 64 1010000001 3
57 75 1010100000 3
60 06 1010100000 3
71 17 1000110101 5

03 30 0010100100 3
14 41 1000010001 3
25 52 1011101010 6
36 63 0010100011 4
47 74 1010010001 4
50 05 1010100000 3
61 16 1000100011 4
72 27 1010100001 4

04 40 1010000000 2
15 51 1000100010 3
26 62 1010101011 6
37 73 0010100101 4

Matching output
0 absent
1 absent
2 absent
3 absent
4 absent
5 absent
6 absent
7 absent

Left
none
Best: none

Right
none
Best: none

OR
01 10 1010110111 7
12 21 1011111111 9
23 32 1011101111 8
34 43 1011110111 8 match 4
45 54 1111111011 9
56 65 1111101011 8 match 3 7
67 76 1110111111 9
70 07 1010110101 6

02 20 1011101111 8
13 31 1011110111 8 match 4
24 42 1011111011 8
35 53 1111101111 9
46 64 1111111011 9
57 75 1111111111 a match 2 6
60 06 1110101111 8
71 17 1010110111 7

03 30 1011100111 7
14 41 1011110111 8 match 4
25 52 1111101011 8 match 3 7
36 63 1111101111 9
47 74 1011110101 7 match 1 5
50 05 1111101110 8
61 16 1110111111 9
72 27 1011111111 9

04 40 1011110101 7 match 1 5
15 51 1111111111 a match 2 6
26 62 1111101011 8 match 3 7
37 73 1011110111 8 match 4

Matching output
0 absent
1 47 74 04 40
2 57 75 15 51
3 56 65 25 52 26 62
4 34 43 13 31 14 41 37 73
5 47 74 04 40
6 57 75 15 51
7 56 65 25 52 26 62

Left
none
Best: none

Right
56 45x
65 54x
25 14y
52 41y
26 15 04 73 62 51 40 37y
62 51 40 37 26 15 04 73y
Best: OR26 15 04 73 62 51 40: 7

XOR
01 10 0010010011 4
12 21 0011011100 5
23 32 1000001100 3
34 43 1000110110 5
45 54 0100111011 6
56 65 0001000001 2
67 76 0100011110 5
70 07 0000010001 2

02 20 0001001111 5
13 31 1011010000 4
24 42 0000111010 4
35 53 1100001101 5
46 64 0101111010 6
57 75 0101011111 7
60 06 0100001111 5
71 17 0010000010 2

03 30 1001000011 4
14 41 0011100110 5
25 52 0100000001 2
36 63 1101001100 5
47 74 0001100100 3
50 05 0101001110 5
61 16 0110011100 5
72 27 0001011110 5

04 40 0001110101 5
15 51 0111011101 7
26 62 0101000000 2
37 73 1001010010 4

Matching output
0 absent
1 absent
2 absent
3 absent
4 absent
5 absent
6 absent
7 absent

Left
none
Best: none

Right
none
Best: none

AND-NOT
01 0010000000 1
12 0000010100 2
23 1000001000 2
34 0000100110 3
45 0000010001 2
56 0001000000 1
67 0100001010 3
70 0000010001 2

02 0000000100 1
13 1000010000 2
24 0000101010 3
35 0000000101 2
46 0001010000 2
57 0101001010 4
60 0100001011 4
71 0010000000 1

03 1000000000 1
14 0000100110 3
25 0000000001 1
36 0001000100 2
47 0001000000 1
50 0101001010 4
61 0110001000 3
72 0000010100 2

04 0000100100 2
15 0000010101 3
26 0001000000 1
37 0001000010 2
40 0001010001 3
51 0111001000 4
62 0100000000 1
73 1000010000 2

05 0000000100 1
16 0000010100 2
27 0001001010 3
30 0001000011 3
41 0011000000 2
52 0100000000 1
63 1100001000 3
74 0000100100 2

06 0000000100 1
17 0000000010 1
20 0001001011 4
31 0011000000 2
42 0000010000 1
53 1100001000 3
64 0100101010 4
75 0000010101 3

07 0000000000 a
10 0000010011 3
21 0011001000 3
32 0000000100 1
43 1000010000 2
54 0100101010 4
65 0000000001 1
76 0000010100 2

Matching output
0 absent
1 absent
2 absent
3 absent
4 absent
5 absent
6 absent
7 absent

Left
none
Best: none

Right
none
Best: none

OR-NOT
01 1111101100 7
12 1100110111 7
23 1111111011 9
34 0111101111 8
45 1011010101 6
56 1111111110 9
67 1111101011 8 match 3 7
70 1111111111 a match 2 6

02 1110110100 6
13 1100111111 8
24 1111101111 9
35 0011110111 7
46 1011010101 6
57 1111101010 7
60 1111111011 9
71 1111111101 9

03 1110111100 7
14 1100111111 8
25 1011111111 9
36 0011110111 7
47 1111011011 8
50 1111111011 9
61 1111101011 8 match 3 7
72 1110110101 7

04 1110101110 7
15 1000110111 6
26 1011111111 9
37 0111101111 8
40 1111011011 8
51 1111101010 7
62 1110111111 9
73 1110111101 8

05 1010110101 6
16 1001110111 7
27 1111101011 8 match 3 7
30 0111111111 9
41 1111011001 7
52 1111111110 9
63 1110111011 8
74 1110111111 9

06 1011110100 6
17 1101111111 9
20 1111111011 9
31 0111101111 8
42 1111010101 7
53 1111111010 8
64 1110101111 8
75 1010110101 6

07 1111101110 8
10 1101111111 9
21 1111101011 8 match 3 7
32 0111110111 8
43 1111011001 7
54 1111101110 8
65 1110111111 9
76 1011110101 7 match 1 5

Matching output
0 absent
1 76
2 70
3 67 61 27 21
4 absent
5 76
6 70
7 67 61 27 21

Left
none
Best: none

Right
67 56x
61 50x
27 16x
21 10x
Best: OR-NOT67: 1

XOR-NOT
01 1101101100 6
12 1100100011 5
23 0111110011 7
34 0111001001 5
45 1011000100 4
56 1110111110 8
67 1011100001 5
70 1111101110 8

02 1110110000 5
13 0100101111 6
24 1111000101 6
35 0011110010 5
46 1010000101 4
57 1010100000 3
60 1011110000 5
71 1101111101 8

03 0110111100 6
14 1100011001 5
25 1011111110 8
36 0010110011 5
47 1110011011 7
50 1010110001 5
61 1001100011 5
72 1110100001 5

04 1110001010 5
15 1000100010 3
26 1010111111 8
37 0110101101 6
40 1110001010 5
51 1000100010 3
62 1010111111 8
73 0110101101 6

05 1010110001 5
16 1001100011 5
27 1110100001 5
30 0110111100 6
41 1100011001 5
52 1011111110 8
63 0010110011 5
74 1110011011 7

06 1011110000 5
17 1101111101 8
20 1110110000 5
31 0100101111 6
42 1111000101 6
53 0011110010 5
64 1010000101 4
75 1010100000 3

07 1111101110 8
10 1101101100 6
21 1100100011 5
32 0111110011 7
43 0111001001 5
54 1011000100 4
65 1110111110 8
76 1011100001 5

Matching output
0 absent
1 absent
2 absent
3 absent
4 absent
5 absent
6 absent
7 absent

Left
none
Best: none

Right
none
Best: none

Selecting

Lefts
Identity I3: 1
NOT none
Constant none
AND none
OR none
XOR none
AND-NOT none
OR-NOT none
XOR-NOT none

Rights
Identity none
NOT none
Constant none
AND none
OR OR26 15 04 73 62 51 40: 7
XOR none
AND-NOT none
OR-NOT OR-NOT67: 1
XOR-NOT none

Left longest: 1
Right longest: 7

Right winner: Identity no, NOT no, Constant no, AND no, OR yes, XOR no, AND-NOT no, OR-NOT no, XOR-NOT no
Left winner: Identity yes, NOT no, Constant no, AND no, OR no, XOR no, AND-NOT no, OR-NOT no, XOR-NOT no

Best right: OR26 15 04 73 62 51 40: 7
Best left: I3: 1

Truncated right: OR26 15 04 73 62 51 40: 7
Truncated left: I3: 1

Tentative from right
7 OR26
6 OR15
5 OR04
4 OR73
3 OR62
2 OR51
1 OR40
0 pending

Tentative
0 I3
1 OR40
2 OR51
3 OR62
4 OR73
5 OR04
6 OR15
7 OR26

Preferred from right
7 OR26
6 OR15
5 OR04
4 OR73
3 OR62
2 OR51
1 OR40
0 I3

Preferred from left
0 I3
1 OR40
2 OR51
3 OR62
4 OR73
5 OR04
6 OR15
7 OR26

Preferred
0 I3
1 OR40
2 OR51
3 OR62
4 OR73
5 OR04
6 OR15
7 OR26

Matching
0 I3
1 OR40
2 OR51
3 OR62
4 OR73
5 OR04
6 OR15
7 OR26

Perfect match
Identity no
NOT no
Constant no
AND no
OR no
XOR no
AND-NOT no
OR-NOT no
XOR-NOT no

Matched
0 I3
1 OR40
2 OR51
3 OR62
4 OR73
5 OR04
6 OR15
7 OR26

Selected
0 I3
1 OR40
2 OR51
3 OR62
4 OR73
5 OR04
6 OR15
7 OR26

Applying to 00011000
Input
0 0
1 0
2 0
3 1
4 1
5 0
6 0
7 0
Output
0 I3 = 1
1 OR40 = OR(1,0) = 1
2 OR51 = OR(0,0) = 0
3 OR62 = OR(0,0) = 0
4 OR73 = OR(0,1) = 1
5 OR04 = OR(0,1) = 1
6 OR15 = OR(0,0) = 0
7 OR26 = OR(0,0) = 0

I will now return the answer in \boxed{}
The answer in \boxed{–} is \boxed{11001100}
[correct]
true
