[category]
bit_manipulation
[prompt]
In Alice's Wonderland, a secret bit manipulation rule transforms 8-bit binary numbers. The transformation involves operations like bit shifts, rotations, XOR, AND, OR, NOT, and possibly majority or choice functions.

Here are some examples of input -> output:
10000111 -> 00000000
00100010 -> 00000000
10101001 -> 00010000
00111101 -> 01010000
01100111 -> 01000000
01001110 -> 10000000
00101010 -> 00000000
00000000 -> 00000000

Now, determine the output for: 00011011
[completion]
We need to deduce the transformation by matching the example outputs.
I will put my final answer inside \boxed{}.

Output 0: 00000000
0 0
1 0
2 0
3 0
4 0
5 0
6 0
7 0

Output 1: 00000000
0 0
1 0
2 0
3 0
4 0
5 0
6 0
7 0

Output 2: 00010000
0 0
1 0
2 0
3 1
4 0
5 0
6 0
7 0

Output 3: 01010000
0 0
1 1
2 0
3 1
4 0
5 0
6 0
7 0

Output 4: 01000000
0 0
1 1
2 0
3 0
4 0
5 0
6 0
7 0

Output 5: 10000000
0 1
1 0
2 0
3 0
4 0
5 0
6 0
7 0

Output 6: 00000000
0 0
1 0
2 0
3 0
4 0
5 0
6 0
7 0

Output 7: 00000000
0 0
1 0
2 0
3 0
4 0
5 0
6 0
7 0

Output bit columns (with bitsum as hash)
0 00000100 1
1 00011000 2
2 00000000 a
3 00110000 2
4 00000000 a
5 00000000 a
6 00000000 a
7 00000000 a

Input 0: 10000111
0 1
1 0
2 0
3 0
4 0
5 1
6 1
7 1

Input 1: 00100010
0 0
1 0
2 1
3 0
4 0
5 0
6 1
7 0

Input 2: 10101001
0 1
1 0
2 1
3 0
4 1
5 0
6 0
7 1

Input 3: 00111101
0 0
1 0
2 1
3 1
4 1
5 1
6 0
7 1

Input 4: 01100111
0 0
1 1
2 1
3 0
4 0
5 1
6 1
7 1

Input 5: 01001110
0 0
1 1
2 0
3 0
4 1
5 1
6 1
7 0

Input 6: 00101010
0 0
1 0
2 1
3 0
4 1
5 0
6 1
7 0

Input 7: 00000000
0 0
1 0
2 0
3 0
4 0
5 0
6 0
7 0

When matching output
x: not in operator
y: wrong position

Identity
0 10100000 2
1 00001100 2
2 01111010 5
3 00010000 1
4 00110110 4
5 10011100 4
6 11001110 5
7 10111000 4

Matching output
0 absent
1 absent
2 absent
3 absent
4 absent
5 absent
6 absent
7 absent

Left
none
Best: none

Right
none
Best: none

NOT
0 01011111 6
1 11110011 6
2 10000101 3
3 11101111 7
4 11001001 4
5 01100011 4
6 00110001 3
7 01000111 4

Matching output
0 absent
1 absent
2 absent
3 absent
4 absent
5 absent
6 absent
7 absent

Left
none
Best: none

Right
none
Best: none

Constant
0 00000000 a match 2 4 5 6 7
1 11111111 a

Matching output
0 absent
1 absent
2 C0
3 absent
4 C0
5 C0
6 C0
7 C0

Left
none
Best: none

Right
0 0 0 0
Best: C0 0 0 0: 4

AND
01 10 00000000 a match 2 4 5 6 7
12 21 00001000 1
23 32 00010000 1
34 43 00010000 1
45 54 00010100 2
56 65 10001100 3
67 76 10001000 2
70 07 10100000 2

02 20 00100000 1
13 31 00000000 a match 2 4 5 6 7
24 42 00110010 3
35 53 00010000 1
46 64 00000110 2
57 75 10011000 3
60 06 10000000 1
71 17 00001000 1

03 30 00000000 a match 2 4 5 6 7
14 41 00000100 1 match 0
25 52 00011000 2 match 1
36 63 00000000 a match 2 4 5 6 7
47 74 00110000 2 match 3
50 05 10000000 1
61 16 00001100 2
72 27 00111000 3

04 40 00100000 1
15 51 00001100 2
26 62 01001010 3
37 73 00010000 1

Matching output
0 14 41
1 25 52
2 01 10 13 31 03 30 36 63
3 47 74
4 01 10 13 31 03 30 36 63
5 01 10 13 31 03 30 36 63
6 01 10 13 31 03 30 36 63
7 01 10 13 31 03 30 36 63

Left
14 25 36 47 50x
41 52 63 74 05x
Best: AND14 25 36 47: 4

Right
01 70x
10 07x
13 02x
31 20x
03 72x
30 27x
36 25y
63 52y
Best: AND01: 1

OR
01 10 10101100 4
12 21 01111110 6
23 32 01111010 5
34 43 00110110 4
45 54 10111110 6
56 65 11011110 6
67 76 11111110 7
70 07 10111000 4

02 20 11111010 6
13 31 00011100 3
24 42 01111110 6
35 53 10011100 4
46 64 11111110 7
57 75 10111100 5
60 06 11101110 6
71 17 10111100 5

03 30 10110000 3
14 41 00111110 5
25 52 11111110 7
36 63 11011110 6
47 74 10111110 6
50 05 10111100 5
61 16 11001110 5
72 27 11111010 6

04 40 10110110 5
15 51 10011100 4
26 62 11111110 7
37 73 10111000 4

Matching output
0 absent
1 absent
2 absent
3 absent
4 absent
5 absent
6 absent
7 absent

Left
none
Best: none

Right
none
Best: none

XOR
01 10 10101100 4
12 21 01110110 5
23 32 01101010 4
34 43 00100110 3
45 54 10101010 4
56 65 01010010 3
67 76 01110110 5
70 07 00011000 2 match 1

02 20 11011010 5
13 31 00011100 3
24 42 01001100 3
35 53 10001100 3
46 64 11111000 5
57 75 00100100 2
60 06 01101110 5
71 17 10110100 4

03 30 10110000 3
14 41 00111010 4
25 52 11100110 5
36 63 11011110 6
47 74 10001110 4
50 05 00111100 4
61 16 11000010 3
72 27 11000010 3

04 40 10010110 4
15 51 10010000 2
26 62 10110100 4
37 73 10101000 3

Matching output
0 absent
1 70 07
2 absent
3 absent
4 absent
5 absent
6 absent
7 absent

Left
none
Best: none

Right
none
Best: none

AND-NOT
01 10100000 2
12 00000100 1 match 0
23 01101010 4
34 00000000 a match 2 4 5 6 7
45 00100010 2
56 00010000 1
67 01000110 3
70 00011000 2 match 1

02 10000000 1
13 00001100 2
24 01001000 2
35 00000000 a match 2 4 5 6 7
46 00110000 2 match 3
57 00000100 1 match 0
60 01001110 4
71 10110000 3

03 10100000 2
14 00001000 1
25 01100010 3
36 00010000 1
47 00000110 2
50 00011100 3
61 11000010 3
72 10000000 1

04 10000000 1
15 00000000 a match 2 4 5 6 7
26 00110000 2 match 3
37 00000000 a match 2 4 5 6 7
40 00010110 3
51 10010000 2
62 10000100 2
73 10101000 3

05 00100000 1
16 00000000 a match 2 4 5 6 7
27 01000010 2
30 00010000 1
41 00110010 3
52 10000100 2
63 11001110 5
74 10001000 2

06 00100000 1
17 00000100 1 match 0
20 01011010 4
31 00010000 1
42 00000100 1 match 0
53 10001100 3
64 11001000 3
75 00100000 1

07 00000000 a match 2 4 5 6 7
10 00001100 2
21 01110010 4
32 00000000 a match 2 4 5 6 7
43 00100110 3
54 10001000 2
65 01000010 2
76 00110000 2 match 3

Matching output
0 12 57 17 42
1 70
2 34 35 15 37 16 07 32
3 46 26 76
4 34 35 15 37 16 07 32
5 34 35 15 37 16 07 32
6 34 35 15 37 16 07 32
7 34 35 15 37 16 07 32

Left
12 23x
57 60x
17 20x
42 53x
Best: AND-NOT12: 1

Right
34 23x
35 24x
15 04x
37 26y
16 05x
07 76y
32 21x
Best: AND-NOT34: 1

OR-NOT
01 11110011 6
12 10001101 4
23 11111111 a
34 11011001 5
45 01110111 6
56 10111101 6
67 11001111 6
70 11111111 a

02 10100101 4
13 11101111 7
24 11111011 7
35 01110011 5
46 00110111 5
57 11011111 7
60 11011111 7
71 11111011 7

03 11101111 7
14 11001101 5
25 01111011 6
36 00110001 3
47 01110111 6
50 11011111 7
61 11111111 a
72 10111101 6

04 11101001 5
15 01101111 6
26 01111011 6
37 01010111 5
40 01111111 7
51 11111111 a
62 11001111 6
73 11111111 a

05 11100011 5
16 00111101 5
27 01111111 7
30 01011111 6
41 11110111 7
52 10011101 5
63 11101111 7
74 11111001 6

06 10110001 4
17 01001111 5
20 01111111 7
31 11110011 6
42 10110111 6
53 11111111 a
64 11001111 6
75 11111011 7

07 11100111 6
10 01011111 6
21 11111011 7
32 10010101 4
43 11111111 a
54 11011101 6
65 11101111 7
76 10111001 5

Matching output
0 absent
1 absent
2 absent
3 absent
4 absent
5 absent
6 absent
7 absent

Left
none
Best: none

Right
none
Best: none

XOR-NOT
01 01010011 4
12 10001001 3
23 10010101 4
34 11011001 5
45 01010101 4
56 10101101 5
67 10001001 3
70 11100111 6

02 00100101 3
13 11100011 5
24 10110011 5
35 01110011 5
46 00000111 3
57 11011011 6
60 10010001 3
71 01001011 4

03 01001111 5
14 11000101 4
25 00011001 3
36 00100001 2
47 01110001 4
50 11000011 4
61 00111101 5
72 00111101 5

04 01101001 4
15 01101111 6
26 01001011 4
37 01010111 5
40 01101001 4
51 01101111 6
62 01001011 4
73 01010111 5

05 11000011 4
16 00111101 5
27 00111101 5
30 01001111 5
41 11000101 4
52 00011001 3
63 00100001 2
74 01110001 4

06 10010001 3
17 01001011 4
20 00100101 3
31 11100011 5
42 10110011 5
53 01110011 5
64 00000111 3
75 11011011 6

07 11100111 6
10 01010011 4
21 10001001 3
32 10010101 4
43 11011001 5
54 01010101 4
65 10101101 5
76 10001001 3

Matching output
0 absent
1 absent
2 absent
3 absent
4 absent
5 absent
6 absent
7 absent

Left
none
Best: none

Right
none
Best: none

Selecting

Lefts
Identity none
NOT none
Constant none
AND AND14 25 36 47: 4
OR none
XOR none
AND-NOT AND-NOT12: 1
OR-NOT none
XOR-NOT none

Rights
Identity none
NOT none
Constant C0 0 0 0: 4
AND AND01: 1
OR none
XOR none
AND-NOT AND-NOT34: 1
OR-NOT none
XOR-NOT none

Left longest: 4
Right longest: 4

Left winner: Identity no, NOT no, Constant no, AND yes, OR no, XOR no, AND-NOT no, OR-NOT no, XOR-NOT no
Right winner: Identity no, NOT no, Constant yes, AND no, OR no, XOR no, AND-NOT no, OR-NOT no, XOR-NOT no

Best left: AND14 25 36 47: 4
Best right: C0 0 0 0: 4

Truncated left: AND14 25 36 47: 4
Truncated right: C0 0 0 0: 4

Tentative from right
7 C0
6 C0
5 C0
4 C0
3 pending
2 pending
1 pending
0 pending

Tentative
0 AND14
1 AND25
2 AND36
3 AND47
4 C0
5 C0
6 C0
7 C0

Preferred from left
0 AND14
1 AND25
2 AND36
3 AND47
4 C0
5 C0
6 C0
7 C0

Preferred from right
7 C0
6 C0
5 C0
4 C0
3 AND47
2 AND36
1 AND25
0 AND14

Preferred
0 AND14
1 AND25
2 AND36
3 AND47
4 C0
5 C0
6 C0
7 C0

Matching
0 AND14
1 AND25
2 AND36
3 AND47
4 C0
5 C0
6 C0
7 C0

Perfect match
Identity no
NOT no
Constant no
AND no
OR no
XOR no
AND-NOT no
OR-NOT no
XOR-NOT no

Matched
0 AND14
1 AND25
2 AND36
3 AND47
4 C0
5 C0
6 C0
7 C0

Selected
0 AND14
1 AND25
2 AND36
3 AND47
4 C0
5 C0
6 C0
7 C0

Applying to 00011011
Input
0 0
1 0
2 0
3 1
4 1
5 0
6 1
7 1
Output
0 AND14 = AND(0,1) = 0
1 AND25 = AND(0,0) = 0
2 AND36 = AND(1,1) = 1
3 AND47 = AND(1,1) = 1
4 C0 = 0
5 C0 = 0
6 C0 = 0
7 C0 = 0

I will now return the answer in \boxed{}
The answer in \boxed{–} is \boxed{00110000}
[correct]
true
