[category]
bit_manipulation
[prompt]
In Alice's Wonderland, a secret bit manipulation rule transforms 8-bit binary numbers. The transformation involves operations like bit shifts, rotations, XOR, AND, OR, NOT, and possibly majority or choice functions.

Here are some examples of input -> output:
01101010 -> 00010011
10101010 -> 00010101
01110111 -> 01011011
01100000 -> 00000011
11001010 -> 00010110
11001100 -> 11100110
01111110 -> 00110011
00000110 -> 11110000
10110101 -> 00001101
01000000 -> 00000010

Now, determine the output for: 01011101
[completion]
We need to deduce the transformation by matching the example outputs.
I will put my final answer inside \boxed{}.

Output 0: 00010011
0 0
1 0
2 0
3 1
4 0
5 0
6 1
7 1

Output 1: 00010101
0 0
1 0
2 0
3 1
4 0
5 1
6 0
7 1

Output 2: 01011011
0 0
1 1
2 0
3 1
4 1
5 0
6 1
7 1

Output 3: 00000011
0 0
1 0
2 0
3 0
4 0
5 0
6 1
7 1

Output 4: 00010110
0 0
1 0
2 0
3 1
4 0
5 1
6 1
7 0

Output 5: 11100110
0 1
1 1
2 1
3 0
4 0
5 1
6 1
7 0

Output 6: 00110011
0 0
1 0
2 1
3 1
4 0
5 0
6 1
7 1

Output 7: 11110000
0 1
1 1
2 1
3 1
4 0
5 0
6 0
7 0

Output 8: 00001101
0 0
1 0
2 0
3 0
4 1
5 1
6 0
7 1

Output 9: 00000010
0 0
1 0
2 0
3 0
4 0
5 0
6 1
7 0

Output bit columns (with bitsum as hash)
0 0000010100 2
1 0010010100 3
2 0000011100 3
3 1110101100 6
4 0010000010 2
5 0100110010 4
6 1011111001 7
7 1111001010 6

Input 0: 01101010
0 0
1 1
2 1
3 0
4 1
5 0
6 1
7 0

Input 1: 10101010
0 1
1 0
2 1
3 0
4 1
5 0
6 1
7 0

Input 2: 01110111
0 0
1 1
2 1
3 1
4 0
5 1
6 1
7 1

Input 3: 01100000
0 0
1 1
2 1
3 0
4 0
5 0
6 0
7 0

Input 4: 11001010
0 1
1 1
2 0
3 0
4 1
5 0
6 1
7 0

Input 5: 11001100
0 1
1 1
2 0
3 0
4 1
5 1
6 0
7 0

Input 6: 01111110
0 0
1 1
2 1
3 1
4 1
5 1
6 1
7 0

Input 7: 00000110
0 0
1 0
2 0
3 0
4 0
5 1
6 1
7 0

Input 8: 10110101
0 1
1 0
2 1
3 1
4 0
5 1
6 0
7 1

Input 9: 01000000
0 0
1 1
2 0
3 0
4 0
5 0
6 0
7 0

When matching output
x: not in operator
y: wrong position

Identity
0 0100110010 4 match 5
1 1011111001 7 match 6
2 1111001010 6 match 7
3 0010001010 3
4 1100111000 5
5 0010011110 5
6 1110101100 6 match 3
7 0010000010 2 match 4

Matching output
0 absent
1 absent
2 absent
3 6
4 7
5 0
6 1
7 2

Left
none
Best: none

Right
2 1 0 7 6 5x
Best: I2 1 0 7 6: 5

NOT
0 1011001101 6
1 0100000110 3
2 0000110101 4
3 1101110101 7
4 0011000111 5
5 1101100001 5
6 0001010011 4
7 1101111101 8

Matching output
0 absent
1 absent
2 absent
3 absent
4 absent
5 absent
6 absent
7 absent

Left
none
Best: none

Right
none
Best: none

Constant
0 0000000000 a
1 1111111111 a

Matching output
0 absent
1 absent
2 absent
3 absent
4 absent
5 absent
6 absent
7 absent

Left
none
Best: none

Right
none
Best: none

AND
01 10 0000110000 2
12 21 1011001000 4
23 32 0010001010 3
34 43 0000001000 1
45 54 0000011000 2
56 65 0010001100 3
67 76 0010000000 1
70 07 0000000010 1

02 20 0100000010 2
13 31 0010001000 2
24 42 1100001000 3
35 53 0010001010 3
46 64 1100101000 4
57 75 0010000010 2 match 4
60 06 0100100000 2
71 17 0010000000 1

03 30 0000000010 1
14 41 1000111000 4
25 52 0010001010 3
36 63 0010001000 2
47 74 0000000000 a
50 05 0000010010 2
61 16 1010101000 4
72 27 0010000010 2 match 4

04 40 0100110000 3
15 51 0010011000 3
26 62 1110001000 4
37 73 0010000010 2 match 4

Matching output
0 absent
1 absent
2 absent
3 absent
4 57 75 72 27 37 73
5 absent
6 absent
7 absent

Left
none
Best: none

Right
none
Best: none

OR
01 10 1111111011 9
12 21 1111111011 9
23 32 1111001010 6 match 7
34 43 1110111010 7
45 54 1110111110 8
56 65 1110111110 8
67 76 1110101110 7
70 07 0110110010 5

02 20 1111111010 8
13 31 1011111011 8
24 42 1111111010 8
35 53 0010011110 5
46 64 1110111100 7
57 75 0010011110 5
60 06 1110111110 8
71 17 1011111011 8

03 30 0110111010 6
14 41 1111111001 8
25 52 1111011110 8
36 63 1110101110 7
47 74 1110111010 7
50 05 0110111110 7
61 16 1111111101 9
72 27 1111001010 6 match 7

04 40 1100111010 6
15 51 1011111111 9
26 62 1111101110 8
37 73 0010001010 3

Matching output
0 absent
1 absent
2 absent
3 absent
4 absent
5 absent
6 absent
7 23 32 72 27

Left
none
Best: none

Right
23 12x
32 21x
72 61x
27 16x
Best: OR23: 1

XOR
01 10 1111001011 7
12 21 0100110011 5
23 32 1101000000 3
34 43 1110110010 6
45 54 1110100110 6
56 65 1100110010 5
67 76 1100101110 6
70 07 0110110000 4

02 20 1011111000 6
13 31 1001110011 6
24 42 0011110010 5
35 53 0000010100 2 match 0
46 64 0010010100 3 match 1
57 75 0000011100 3 match 2
60 06 1010011110 6
71 17 1001111011 7

03 30 0110111000 5
14 41 0111000001 4
25 52 1101010100 5
36 63 1100100110 5
47 74 1110111010 7
50 05 0110101100 5
61 16 0101010101 5
72 27 1101001000 4

04 40 1000001010 3
15 51 1001100111 6
26 62 0001100110 4
37 73 0000001000 1

Matching output
0 35 53
1 46 64
2 57 75
3 absent
4 absent
5 absent
6 absent
7 absent

Left
35 46 57 60x
53 64 75 06x
Best: XOR35 46 57: 3

Right
none
Best: none

AND-NOT
01 0100000010 2
12 0000110001 3
23 1101000000 3
34 0010000010 2 match 4
45 1100100000 3
56 0000010010 2
67 1100101100 5
70 0010000000 1

02 0000110000 2
13 1001110001 5
24 0011000010 3
35 0000000000 a
46 0000010000 1
57 0000011100 3 match 2
60 1010001100 4
71 0000000010 1

03 0100110000 3
14 0011000001 3
25 1101000000 3
36 0000000010 1
47 1100111000 5
50 0010001100 3
61 0100000100 2
72 0000000000 a

04 0000000010 1
15 1001100001 4
26 0001000010 2
37 0000001000 1
40 1000001000 2
51 0000000110 2
62 0000100100 2
73 0000000000 a

05 0100100000 2
16 0001010001 3
27 1101001000 4
30 0010001000 2
41 0100000000 1
52 0000010100 2 match 0
63 1100100100 4
74 0010000010 2 match 4

06 0000010010 2
17 1001111001 6
20 1011001000 4
31 0000000010 1
42 0000110000 2
53 0000010100 2 match 0
64 0010000100 2
75 0000000000 a

07 0100110000 3
10 1011001001 5
21 0100000010 2
32 0000000000 a
43 1100110000 4
54 0010000110 3
65 1100100000 3
76 0000000010 1

Matching output
0 52 53
1 absent
2 57
3 absent
4 34 74
5 absent
6 absent
7 absent

Left
52 63x
53 64x
Best: AND-NOT52: 1

Right
none
Best: none

OR-NOT
01 0100110110 5
12 1011111101 8
23 1111111111 a
34 0011001111 6
45 1101111001 7
56 0011011111 7
67 1111111101 9
70 1011001111 7

02 0100110111 6
13 1111111101 9
24 1111001111 8
35 1111101011 8
46 1101111011 8
57 1111111111 a
60 1111101101 8
71 0110000110 4

03 1101110111 8
14 1011111111 9
25 1111101011 8
36 0011011011 6
47 1101111101 8
50 1011011111 8
61 1110101110 7
72 0010110111 6

04 0111110111 8
15 1111111001 8
26 1111011011 8
37 1111111111 a
40 1111111101 9
51 0110011110 6
62 1110111101 8
73 1111110111 9

05 1101110011 7
16 1011111011 8
27 1111111111 a
30 1011001111 7
41 1100111110 7
52 0010111111 7
63 1111111101 9
74 0011000111 5

06 0101110011 6
17 1111111101 9
20 1111001111 8
31 0110001110 5
42 1100111101 7
53 1111111111 a
64 1111101111 9
75 1111100011 7

07 1101111111 9
10 1011111101 8
21 1111001110 7
32 0010111111 7
43 1101111101 8
54 0011011111 7
65 1111101101 8
76 0011010011 5

Matching output
0 absent
1 absent
2 absent
3 absent
4 absent
5 absent
6 absent
7 absent

Left
none
Best: none

Right
none
Best: none

XOR-NOT
01 0000110100 3
12 1011001100 5
23 0010111111 7
34 0001001101 4
45 0001011001 4
56 0011001101 5
67 0011010001 4
70 1001001111 6

02 0100000111 4
13 0110001100 4
24 1100001101 5
35 1111101011 8
46 1101101011 7
57 1111100011 7
60 0101100001 4
71 0110000100 3

03 1001000111 5
14 1000111110 6
25 0010101011 5
36 0011011001 5
47 0001000101 3
50 1001010011 5
61 1010101010 5
72 0010110111 6

04 0111110101 7
15 0110011000 4
26 1110011001 6
37 1111110111 9
40 0111110101 7
51 0110011000 4
62 1110011001 6
73 1111110111 9

05 1001010011 5
16 1010101010 5
27 0010110111 6
30 1001000111 5
41 1000111110 6
52 0010101011 5
63 0011011001 5
74 0001000101 3

06 0101100001 4
17 0110000100 3
20 0100000111 4
31 0110001100 4
42 1100001101 5
53 1111101011 8
64 1101101011 7
75 1111100011 7

07 1001001111 6
10 0000110100 3
21 1011001100 5
32 0010111111 7
43 0001001101 4
54 0001011001 4
65 0011001101 5
76 0011010001 4

Matching output
0 absent
1 absent
2 absent
3 absent
4 absent
5 absent
6 absent
7 absent

Left
none
Best: none

Right
none
Best: none

Selecting

Lefts
Identity none
NOT none
Constant none
AND none
OR none
XOR XOR35 46 57: 3
AND-NOT AND-NOT52: 1
OR-NOT none
XOR-NOT none

Rights
Identity I2 1 0 7 6: 5
NOT none
Constant none
AND none
OR OR23: 1
XOR none
AND-NOT none
OR-NOT none
XOR-NOT none

Left longest: 3
Right longest: 5

Right winner: Identity yes, NOT no, Constant no, AND no, OR no, XOR no, AND-NOT no, OR-NOT no, XOR-NOT no
Left winner: Identity no, NOT no, Constant no, AND no, OR no, XOR yes, AND-NOT no, OR-NOT no, XOR-NOT no

Best right: I2 1 0 7 6: 5
Best left: XOR35 46 57: 3

Truncated right: I2 1 0 7 6: 5
Truncated left: XOR35 46 57: 3

Tentative from right
7 I2
6 I1
5 I0
4 I7
3 I6
2 pending
1 pending
0 pending

Tentative
0 XOR35
1 XOR46
2 XOR57
3 I6
4 I7
5 I0
6 I1
7 I2

Preferred from right
7 I2
6 I1
5 I0
4 I7
3 I6
2 XOR57
1 XOR46
0 XOR35

Preferred from left
0 XOR35
1 XOR46
2 XOR57
3 I6
4 I7
5 I0
6 I1
7 I2

Preferred
0 XOR35
1 XOR46
2 XOR57
3 I6
4 I7
5 I0
6 I1
7 I2

Matching
0 XOR35
1 XOR46
2 XOR57
3 I6
4 I7
5 I0
6 I1
7 I2

Perfect match
Identity no
NOT no
Constant no
AND no
OR no
XOR no
AND-NOT no
OR-NOT no
XOR-NOT no

Matched
0 XOR35
1 XOR46
2 XOR57
3 I6
4 I7
5 I0
6 I1
7 I2

Selected
0 XOR35
1 XOR46
2 XOR57
3 I6
4 I7
5 I0
6 I1
7 I2

Applying to 01011101
Input
0 0
1 1
2 0
3 1
4 1
5 1
6 0
7 1
Output
0 XOR35 = XOR(1,1) = 0
1 XOR46 = XOR(1,0) = 1
2 XOR57 = XOR(1,1) = 0
3 I6 = 0
4 I7 = 1
5 I0 = 0
6 I1 = 1
7 I2 = 0

I will now return the answer in \boxed{}
The answer in \boxed{–} is \boxed{01001010}
[correct]
true
