[category]
bit_manipulation
[prompt]
In Alice's Wonderland, a secret bit manipulation rule transforms 8-bit binary numbers. The transformation involves operations like bit shifts, rotations, XOR, AND, OR, NOT, and possibly majority or choice functions.

Here are some examples of input -> output:
01100101 -> 10010010
11000011 -> 00000000
00111110 -> 11111011
10001011 -> 00100100
01110100 -> 11010111
11011000 -> 01101101
11010111 -> 01010001
01010100 -> 01010101

Now, determine the output for: 00100000
[completion]
We need to deduce the transformation by matching the example outputs.
I will put my final answer inside \boxed{}.

Output 0: 10010010
0 1
1 0
2 0
3 1
4 0
5 0
6 1
7 0

Output 1: 00000000
0 0
1 0
2 0
3 0
4 0
5 0
6 0
7 0

Output 2: 11111011
0 1
1 1
2 1
3 1
4 1
5 0
6 1
7 1

Output 3: 00100100
0 0
1 0
2 1
3 0
4 0
5 1
6 0
7 0

Output 4: 11010111
0 1
1 1
2 0
3 1
4 0
5 1
6 1
7 1

Output 5: 01101101
0 0
1 1
2 1
3 0
4 1
5 1
6 0
7 1

Output 6: 01010001
0 0
1 1
2 0
3 1
4 0
5 0
6 0
7 1

Output 7: 01010101
0 0
1 1
2 0
3 1
4 0
5 1
6 0
7 1

Output bit columns (with bitsum as hash)
0 10101000 3
1 00101111 5
2 00110100 3
3 10101011 5
4 00100100 2
5 00011101 4
6 10101000 3
7 00101111 5

Input 0: 01100101
0 0
1 1
2 1
3 0
4 0
5 1
6 0
7 1

Input 1: 11000011
0 1
1 1
2 0
3 0
4 0
5 0
6 1
7 1

Input 2: 00111110
0 0
1 0
2 1
3 1
4 1
5 1
6 1
7 0

Input 3: 10001011
0 1
1 0
2 0
3 0
4 1
5 0
6 1
7 1

Input 4: 01110100
0 0
1 1
2 1
3 1
4 0
5 1
6 0
7 0

Input 5: 11011000
0 1
1 1
2 0
3 1
4 1
5 0
6 0
7 0

Input 6: 11010111
0 1
1 1
2 0
3 1
4 0
5 1
6 1
7 1

Input 7: 01010100
0 0
1 1
2 0
3 1
4 0
5 1
6 0
7 0

When matching output
x: not in operator
y: wrong position

Identity
0 01010110 4
1 11001111 6
2 10101000 3 match 0 6
3 00101111 5 match 1 7
4 00110100 3 match 2
5 10101011 5 match 3
6 01110010 4
7 11010010 4

Matching output
0 2
1 3
2 4
3 5
4 absent
5 absent
6 2
7 3

Left
2 3 4 5 6x
Best: I2 3 4 5: 4

Right
3 2 1x
Best: I3 2: 2

NOT
0 10101001 4
1 00110000 2
2 01010111 5
3 11010000 3
4 11001011 5
5 01010100 3
6 10001101 4
7 00101101 4

Matching output
0 absent
1 absent
2 absent
3 absent
4 absent
5 absent
6 absent
7 absent

Left
none
Best: none

Right
none
Best: none

Constant
0 00000000 a
1 11111111 a

Matching output
0 absent
1 absent
2 absent
3 absent
4 absent
5 absent
6 absent
7 absent

Left
none
Best: none

Right
none
Best: none

AND
01 10 01000110 3
12 21 10001000 2
23 32 00101000 2
34 43 00100100 2 match 4
45 54 00100000 1
56 65 00100010 2
67 76 01010010 3
70 07 01010010 3

02 20 00000000 a
13 31 00001111 4
24 42 00100000 1
35 53 00101011 4
46 64 00110000 2
57 75 10000010 2
60 06 01010010 3
71 17 11000010 3

03 30 00000110 2
14 41 00000100 1
25 52 10101000 3 match 0 6
36 63 00100010 2
47 74 00010000 1
50 05 00000010 1
61 16 01000010 2
72 27 10000000 1

04 40 00010100 2
15 51 10001011 4
26 62 00100000 1
37 73 00000010 1

Matching output
0 25 52
1 absent
2 absent
3 absent
4 34 43
5 absent
6 25 52
7 absent

Left
25 36x
52 63x
Best: AND25: 1

Right
none
Best: none

OR
01 10 11011111 7
12 21 11101111 7
23 32 10101111 6
34 43 00111111 6
45 54 10111111 7
56 65 11111011 7
67 76 11110010 5
70 07 11010110 5

02 20 11111110 7
13 31 11101111 7
24 42 10111100 5
35 53 10101111 6
46 64 01110110 5
57 75 11111011 7
60 06 01110110 5
71 17 11011111 7

03 30 01111111 7
14 41 11111111 a
25 52 10101011 5 match 3
36 63 01111111 7
47 74 11110110 6
50 05 11111111 a
61 16 11111111 a
72 27 11111010 6

04 40 01110110 5
15 51 11101111 7
26 62 11111010 6
37 73 11111111 a

Matching output
0 absent
1 absent
2 absent
3 25 52
4 absent
5 absent
6 absent
7 absent

Left
none
Best: none

Right
none
Best: none

XOR
01 10 10011001 4
12 21 01100111 5
23 32 10000111 4
34 43 00011011 4
45 54 10011111 6
56 65 11011001 5
67 76 10100000 2
70 07 10000100 2

02 20 11111110 7
13 31 11100000 3
24 42 10011100 4
35 53 10000100 2
46 64 01000110 3
57 75 01111001 5
60 06 00100100 2 match 4
71 17 00011101 4 match 5

03 30 01111001 5
14 41 11111011 7
25 52 00000011 2
36 63 01011101 5
47 74 11100110 5
50 05 11111101 7
61 16 10111101 6
72 27 01111010 5

04 40 01100010 3
15 51 01100100 3
26 62 11011010 5
37 73 11111101 7

Matching output
0 absent
1 absent
2 absent
3 absent
4 60 06
5 71 17
6 absent
7 absent

Left
none
Best: none

Right
none
Best: none

AND-NOT
01 00010000 1
12 01000111 4
23 10000000 1
34 00001011 3
45 00010100 2
56 10001001 3
67 00100000 1
70 10000000 1

02 01010110 4
13 11000000 2
24 10001000 2
35 00000100 1
46 00000100 1
57 00101001 3
60 00100000 1
71 00010000 1

03 01010000 2
14 11001011 5
25 00000000 a
36 00001101 3
47 00100100 2 match 4
50 10101001 4
61 00110000 2
72 01010010 3

04 01000010 2
15 01000100 2
26 10001000 2
37 00101101 4
40 00100000 1
51 00100000 1
62 01010010 3
73 11010000 3

05 01010100 3
16 10001101 4
27 00101000 2
30 00101001 3
41 00110000 2
52 00000011 2
63 01010000 2
74 11000010 3

06 00000100 1
17 00001101 3
20 10101000 3 match 0 6
31 00100000 1
42 00010100 2
53 10000000 1
64 01000010 2
75 01010000 2

07 00000100 1
10 10001001 3
21 00100000 1
32 00000111 3
43 00010000 1
54 10001011 4
65 01010000 2
76 10000000 1

Matching output
0 20
1 absent
2 absent
3 absent
4 47
5 absent
6 20
7 absent

Left
20 31x
Best: AND-NOT20: 1

Right
none
Best: none

OR-NOT
01 01110110 5
12 11011111 7
23 11111000 5
34 11101111 7
45 01110100 4
56 10101111 6
67 01111111 7
70 11111011 7

02 01010111 5
13 11011111 7
24 11101011 6
35 01111111 7
46 10111101 6
57 10101111 6
60 11111011 7
71 11110010 5

03 11010110 5
14 11001111 6
25 11111100 6
36 10101111 6
47 00111101 5
50 10101011 5 match 3
61 01110010 4
72 11010111 6

04 11011111 7
15 11011111 7
26 10101101 5
37 00101111 5 match 1 7
40 10111101 6
51 10111011 6
62 01110111 6
73 11010010 4

05 01010110 4
16 11001111 6
27 10101101 5
30 10101111 6
41 00110100 3 match 2
52 11111111 a
63 11110010 5
74 11011011 6

06 11011111 7
17 11101111 7
20 10101001 4
31 00111111 6
42 01110111 6
53 11111011 7
64 11111011 7
75 11010110 5

07 01111111 7
10 11101111 7
21 10111000 4
32 01111111 7
43 11110100 5
54 11101011 6
65 01110110 5
76 11011111 7

Matching output
0 absent
1 37
2 41
3 50
4 absent
5 absent
6 absent
7 37

Left
none
Best: none

Right
37 26x
Best: OR-NOT37: 1

XOR-NOT
01 01100110 4
12 10011000 3
23 01111000 4
34 11100100 4
45 01100000 2
56 00100110 3
67 01011111 6
70 01111011 6

02 00000001 1
13 00011111 5
24 01100011 4
35 01111011 6
46 10111001 5
57 10000110 3
60 11011011 6
71 11100010 4

03 10000110 3
14 00000100 1
25 11111100 6
36 10100010 3
47 00011001 3
50 00000010 1
61 01000010 2
72 10000101 3

04 10011101 5
15 10011011 5
26 00100101 3
37 00000010 1
40 10011101 5
51 10011011 5
62 00100101 3
73 00000010 1

05 00000010 1
16 01000010 2
27 10000101 3
30 10000110 3
41 00000100 1
52 11111100 6
63 10100010 3
74 00011001 3

06 11011011 6
17 11100010 4
20 00000001 1
31 00011111 5
42 01100011 4
53 01111011 6
64 10111001 5
75 10000110 3

07 01111011 6
10 01100110 4
21 10011000 3
32 01111000 4
43 11100100 4
54 01100000 2
65 00100110 3
76 01011111 6

Matching output
0 absent
1 absent
2 absent
3 absent
4 absent
5 absent
6 absent
7 absent

Left
none
Best: none

Right
none
Best: none

Selecting

Lefts
Identity I2 3 4 5: 4
NOT none
Constant none
AND AND25: 1
OR none
XOR none
AND-NOT AND-NOT20: 1
OR-NOT none
XOR-NOT none

Rights
Identity I3 2: 2
NOT none
Constant none
AND none
OR none
XOR none
AND-NOT none
OR-NOT OR-NOT37: 1
XOR-NOT none

Left longest: 4
Right longest: 2

Left winner: Identity yes, NOT no, Constant no, AND no, OR no, XOR no, AND-NOT no, OR-NOT no, XOR-NOT no
Right winner: Identity yes, NOT no, Constant no, AND no, OR no, XOR no, AND-NOT no, OR-NOT no, XOR-NOT no

Best left: I2 3 4 5: 4
Best right: I3 2: 2

Truncated left: I2 3 4 5: 4
Truncated right: I3 2: 2

Tentative from right
7 I3
6 I2
5 pending
4 pending
3 pending
2 pending
1 pending
0 pending

Tentative
0 I2
1 I3
2 I4
3 I5
4 pending
5 pending
6 I2
7 I3

Preferred from left
0 I2
1 I3
2 I4
3 I5
4 ?6?
5 ?7?
6 I2
7 I3

Preferred from right
7 I3
6 I2
5 ?71
4 ?60
3 I5
2 I4
1 I3
0 I2

Preferred
0 I2
1 I3
2 I4
3 I5
4 ?60 ?06
5 ?71 ?17
6 I2
7 I3

Matching
0 I2
1 I3
2 I4
3 I5
4 ?60 ?06 - Identity absent, NOT absent, Constant absent, AND absent, OR absent, XOR60, AND-NOT absent, OR-NOT absent, XOR-NOT absent
5 ?71 ?17 - Identity absent, NOT absent, Constant absent, AND absent, OR absent, XOR71, AND-NOT absent, OR-NOT absent, XOR-NOT absent
6 I2
7 I3

Perfect match
Identity no
NOT no
Constant no
AND no
OR no
XOR yes
AND-NOT no
OR-NOT no
XOR-NOT no

Matched
0 I2
1 I3
2 I4
3 I5
4 XOR60
5 XOR71
6 I2
7 I3

Selected
0 I2
1 I3
2 I4
3 I5
4 XOR60
5 XOR71
6 I2
7 I3

Applying to 00100000
Input
0 0
1 0
2 1
3 0
4 0
5 0
6 0
7 0
Output
0 I2 = 1
1 I3 = 0
2 I4 = 0
3 I5 = 0
4 XOR60 = XOR(0,0) = 0
5 XOR71 = XOR(0,0) = 0
6 I2 = 1
7 I3 = 0

I will now return the answer in \boxed{}
The answer in \boxed{–} is \boxed{10000010}
[correct]
true
