[category]
bit_manipulation
[prompt]
In Alice's Wonderland, a secret bit manipulation rule transforms 8-bit binary numbers. The transformation involves operations like bit shifts, rotations, XOR, AND, OR, NOT, and possibly majority or choice functions.

Here are some examples of input -> output:
00100011 -> 10001000
00010100 -> 00000000
11101100 -> 00110000
11010111 -> 01010100
01001010 -> 00000000
11000000 -> 00000000
00011001 -> 01000100
01001000 -> 00000000
01111010 -> 10001000
11100000 -> 00000000

Now, determine the output for: 00011111
[completion]
We need to deduce the transformation by matching the example outputs.
I will put my final answer inside \boxed{}.

Output 0: 10001000
0 1
1 0
2 0
3 0
4 1
5 0
6 0
7 0

Output 1: 00000000
0 0
1 0
2 0
3 0
4 0
5 0
6 0
7 0

Output 2: 00110000
0 0
1 0
2 1
3 1
4 0
5 0
6 0
7 0

Output 3: 01010100
0 0
1 1
2 0
3 1
4 0
5 1
6 0
7 0

Output 4: 00000000
0 0
1 0
2 0
3 0
4 0
5 0
6 0
7 0

Output 5: 00000000
0 0
1 0
2 0
3 0
4 0
5 0
6 0
7 0

Output 6: 01000100
0 0
1 1
2 0
3 0
4 0
5 1
6 0
7 0

Output 7: 00000000
0 0
1 0
2 0
3 0
4 0
5 0
6 0
7 0

Output 8: 10001000
0 1
1 0
2 0
3 0
4 1
5 0
6 0
7 0

Output 9: 00000000
0 0
1 0
2 0
3 0
4 0
5 0
6 0
7 0

Output bit columns (with bitsum as hash)
0 1000000010 2
1 0001001000 2
2 0010000000 1
3 0011000000 2
4 1000000010 2
5 0001001000 2
6 0000000000 a
7 0000000000 a

Input 0: 00100011
0 0
1 0
2 1
3 0
4 0
5 0
6 1
7 1

Input 1: 00010100
0 0
1 0
2 0
3 1
4 0
5 1
6 0
7 0

Input 2: 11101100
0 1
1 1
2 1
3 0
4 1
5 1
6 0
7 0

Input 3: 11010111
0 1
1 1
2 0
3 1
4 0
5 1
6 1
7 1

Input 4: 01001010
0 0
1 1
2 0
3 0
4 1
5 0
6 1
7 0

Input 5: 11000000
0 1
1 1
2 0
3 0
4 0
5 0
6 0
7 0

Input 6: 00011001
0 0
1 0
2 0
3 1
4 1
5 0
6 0
7 1

Input 7: 01001000
0 0
1 1
2 0
3 0
4 1
5 0
6 0
7 0

Input 8: 01111010
0 0
1 1
2 1
3 1
4 1
5 0
6 1
7 0

Input 9: 11100000
0 1
1 1
2 1
3 0
4 0
5 0
6 0
7 0

When matching output
x: not in operator
y: wrong position

Identity
0 0011010001 4
1 0011110111 7
2 1010000011 4
3 0101001010 4
4 0010101110 5
5 0111000000 3
6 1001100010 4
7 1001001000 3

Matching output
0 absent
1 absent
2 absent
3 absent
4 absent
5 absent
6 absent
7 absent

Left
none
Best: none

Right
none
Best: none

NOT
0 1100101110 6
1 1100001000 3
2 0101111100 6
3 1010110101 6
4 1101010001 5
5 1000111111 7
6 0110011101 6
7 0110110111 7

Matching output
0 absent
1 absent
2 absent
3 absent
4 absent
5 absent
6 absent
7 absent

Left
none
Best: none

Right
none
Best: none

Constant
0 0000000000 a match 6 7
1 1111111111 a

Matching output
0 absent
1 absent
2 absent
3 absent
4 absent
5 absent
6 C0
7 C0

Left
none
Best: none

Right
0 0
Best: C0 0: 2

AND
01 10 0011010001 4
12 21 0010000011 3
23 32 0000000010 1
34 43 0000001010 2
45 54 0010000000 1 match 2
56 65 0001000000 1
67 76 1001000000 2
70 07 0001000000 1

02 20 0010000001 2
13 31 0001000010 2
24 42 0010000010 2
35 53 0101000000 2
46 64 0000100010 2
57 75 0001000000 1
60 06 0001000000 1
71 17 0001000000 1

03 30 0001000000 1
14 41 0010100110 4
25 52 0010000000 1 match 2
36 63 0001000010 2
47 74 0000001000 1
50 05 0011000000 2 match 3
61 16 0001100010 3
72 27 1000000000 1

04 40 0010000000 1 match 2
15 51 0011000000 2 match 3
26 62 1000000010 2 match 0 4
37 73 0001001000 2 match 1 5

Matching output
0 26 62
1 37 73
2 45 54 25 52 04 40
3 50 05 15 51
4 26 62
5 37 73
6 absent
7 absent

Left
26 37 40 51 62 73 04y
62 73 04 15 26 37 40y
Best: AND26 37 40 51 62 73: 6

Right
none
Best: none

OR
01 10 0011110111 7
12 21 1011110111 8
23 32 1111001011 7
34 43 0111101110 7
45 54 0111101110 7
56 65 1111100010 6
67 76 1001101010 5
70 07 1011011001 6

02 20 1011010011 6
13 31 0111111111 9
24 42 1010101111 7
35 53 0111001010 5
46 64 1011101110 7
57 75 1111001000 5
60 06 1011110011 7
71 17 1011111111 9

03 30 0111011011 7
14 41 0011111111 8
25 52 1111000011 6
36 63 1101101010 6
47 74 1011101110 7
50 05 0111010001 5
61 16 1011110111 8
72 27 1011001011 6

04 40 0011111111 8
15 51 0111110111 8
26 62 1011100011 6
37 73 1101001010 5

Matching output
0 absent
1 absent
2 absent
3 absent
4 absent
5 absent
6 absent
7 absent

Left
none
Best: none

Right
none
Best: none

XOR
01 10 0000100110 3
12 21 1001110100 5
23 32 1111001001 6
34 43 0111100100 5
45 54 0101101110 6
56 65 1110100010 5
67 76 0000101010 3
70 07 1010011001 5

02 20 1001010010 4
13 31 0110111101 7
24 42 1000101101 5
35 53 0010001010 3
46 64 1011001100 5
57 75 1110001000 4
60 06 1010110011 6
71 17 1010111111 8

03 30 0110011011 6
14 41 0001011001 4
25 52 1101000011 5
36 63 1100101000 4
47 74 1011100110 6
50 05 0100010001 3
61 16 1010010101 5
72 27 0011001011 5

04 40 0001111111 7
15 51 0100110111 6
26 62 0011100001 4
37 73 1100000010 3

Matching output
0 absent
1 absent
2 absent
3 absent
4 absent
5 absent
6 absent
7 absent

Left
none
Best: none

Right
none
Best: none

AND-NOT
01 0000000000 a match 6 7
12 0001110100 4
23 1010000001 3
34 0101000000 2
45 0000101110 4
56 0110000000 2
67 0000100010 2
70 1000001000 2

02 0001010000 2
13 0010110101 5
24 1000000001 2
35 0000001010 2
46 0010001100 3
57 0110000000 2
60 1000100010 3
71 1000001000 2

03 0010010001 3
14 0001010001 3
25 1000000011 3
36 0100001000 2
47 0010100110 4
50 0100000000 1
61 1000000000 1
72 0001001000 2 match 1 5

04 0001010001 3
15 0000110111 5
26 0010000001 2
37 0100000010 2
40 0000101110 4
51 0100000000 1
62 0001100000 2
73 1000000000 1

05 0000010001 2
16 0010010101 4
27 0010000011 3
30 0100001010 3
41 0000001000 1
52 0101000000 2
63 1000100000 2
74 1001000000 2

06 0010010001 3
17 0010110111 6
20 1000000010 2 match 0 4
31 0100001000 2
42 0000101100 3
53 0010000000 1 match 2
64 1001000000 2
75 1000001000 2

07 0010010001 3
10 0000100110 3
21 1000000000 1
32 0101001000 3
43 0010100100 3
54 0101000000 2
65 1000100010 3
76 0000001000 1

Matching output
0 20
1 72
2 53
3 absent
4 20
5 72
6 01
7 01

Left
20 31x
Best: AND-NOT20: 1

Right
01 70x
Best: AND-NOT01: 1

OR-NOT
01 1111011001 7
12 0111111111 9
23 1010110111 7
34 1101011011 7
45 1010111111 8
56 0111011101 7
67 1111110111 9
70 1101101110 7

02 0111111101 8
13 1011110111 8
24 1111010011 7
35 1101111111 9
46 0110111111 8
57 0111110111 8
60 1101101110 7
71 1101001000 4

03 1011110101 7
14 1111110111 9
25 1010111111 8
36 0111011111 8
47 0110111111 8
50 1111101110 8
61 1101101010 6
72 1101111100 7

04 1111010001 6
15 1011111111 9
26 1110011111 8
37 0111111111 9
40 1110101110 7
51 1111001000 5
62 1101111110 8
73 1011111101 8

05 1011111111 9
16 0111111111 9
27 1110110111 8
30 1101101110 7
41 1110101110 7
52 0111111100 7
63 1011110111 8
74 1101011001 6

06 0111011101 7
17 0111110111 8
20 1110101111 8
31 1101001010 5
42 0111111110 8
53 1111110101 8
64 1101110011 7
75 1001111111 8

07 0111110111 8
10 1111111111 a
21 1110001011 6
32 0101111110 7
43 1010111111 8
54 1111010001 6
65 1001111111 8
76 1111011101 8

Matching output
0 absent
1 absent
2 absent
3 absent
4 absent
5 absent
6 absent
7 absent

Left
none
Best: none

Right
none
Best: none

XOR-NOT
01 1111011001 7
12 0110001011 5
23 0000110110 4
34 1000011011 5
45 1010010001 4
56 0001011101 5
67 1111010101 7
70 0101100110 5

02 0110101101 6
13 1001000010 3
24 0111010010 5
35 1101110101 7
46 0100110011 5
57 0001110111 6
60 0101001100 4
71 0101000000 2

03 1001100100 4
14 1110100110 6
25 0010111100 5
36 0011010111 6
47 0100011001 4
50 1011101110 7
61 0101101010 5
72 1100110100 5

04 1110000000 3
15 1011001000 4
26 1100011110 6
37 0011111101 7
40 1110000000 3
51 1011001000 4
62 1100011110 6
73 0011111101 7

05 1011101110 7
16 0101101010 5
27 1100110100 5
30 1001100100 4
41 1110100110 6
52 0010111100 5
63 0011010111 6
74 0100011001 4

06 0101001100 4
17 0101000000 2
20 0110101101 6
31 1001000010 3
42 0111010010 5
53 1101110101 7
64 0100110011 5
75 0001110111 6

07 0101100110 5
10 1111011001 7
21 0110001011 5
32 0000110110 4
43 1000011011 5
54 1010010001 4
65 0001011101 5
76 1111010101 7

Matching output
0 absent
1 absent
2 absent
3 absent
4 absent
5 absent
6 absent
7 absent

Left
none
Best: none

Right
none
Best: none

Selecting

Lefts
Identity none
NOT none
Constant none
AND AND26 37 40 51 62 73: 6
OR none
XOR none
AND-NOT AND-NOT20: 1
OR-NOT none
XOR-NOT none

Rights
Identity none
NOT none
Constant C0 0: 2
AND none
OR none
XOR none
AND-NOT AND-NOT01: 1
OR-NOT none
XOR-NOT none

Left longest: 6
Right longest: 2

Left winner: Identity no, NOT no, Constant no, AND yes, OR no, XOR no, AND-NOT no, OR-NOT no, XOR-NOT no
Right winner: Identity no, NOT no, Constant yes, AND no, OR no, XOR no, AND-NOT no, OR-NOT no, XOR-NOT no

Best left: AND26 37 40 51 62 73: 6
Best right: C0 0: 2

Truncated left: AND26 37 40 51 62 73: 6
Truncated right: C0 0: 2

Tentative from right
7 C0
6 C0
5 pending
4 pending
3 pending
2 pending
1 pending
0 pending

Tentative
0 AND26
1 AND37
2 AND40
3 AND51
4 AND62
5 AND73
6 C0
7 C0

Preferred from left
0 AND26
1 AND37
2 AND40
3 AND51
4 AND62
5 AND73
6 C0
7 C0

Preferred from right
7 C0
6 C0
5 AND73
4 AND62
3 AND51
2 AND40
1 AND37
0 AND26

Preferred
0 AND26
1 AND37
2 AND40
3 AND51
4 AND62
5 AND73
6 C0
7 C0

Matching
0 AND26
1 AND37
2 AND40
3 AND51
4 AND62
5 AND73
6 C0
7 C0

Perfect match
Identity no
NOT no
Constant no
AND no
OR no
XOR no
AND-NOT no
OR-NOT no
XOR-NOT no

Matched
0 AND26
1 AND37
2 AND40
3 AND51
4 AND62
5 AND73
6 C0
7 C0

Selected
0 AND26
1 AND37
2 AND40
3 AND51
4 AND62
5 AND73
6 C0
7 C0

Applying to 00011111
Input
0 0
1 0
2 0
3 1
4 1
5 1
6 1
7 1
Output
0 AND26 = AND(0,1) = 0
1 AND37 = AND(1,1) = 1
2 AND40 = AND(1,0) = 0
3 AND51 = AND(1,0) = 0
4 AND62 = AND(1,0) = 0
5 AND73 = AND(1,1) = 1
6 C0 = 0
7 C0 = 0

I will now return the answer in \boxed{}
The answer in \boxed{–} is \boxed{01000100}
[correct]
true
