[category]
bit_manipulation
[prompt]
In Alice's Wonderland, a secret bit manipulation rule transforms 8-bit binary numbers. The transformation involves operations like bit shifts, rotations, XOR, AND, OR, NOT, and possibly majority or choice functions.

Here are some examples of input -> output:
01111100 -> 00111000
00011001 -> 00100010
10011011 -> 00000111
11011101 -> 00101011
10000101 -> 00001011
10111111 -> 00001111
01100010 -> 11000100

Now, determine the output for: 00111011
[completion]
We need to deduce the transformation by matching the example outputs.
I will put my final answer inside \boxed{}.

Output 0: 00111000
0 0
1 0
2 1
3 1
4 1
5 0
6 0
7 0

Output 1: 00100010
0 0
1 0
2 1
3 0
4 0
5 0
6 1
7 0

Output 2: 00000111
0 0
1 0
2 0
3 0
4 0
5 1
6 1
7 1

Output 3: 00101011
0 0
1 0
2 1
3 0
4 1
5 0
6 1
7 1

Output 4: 00001011
0 0
1 0
2 0
3 0
4 1
5 0
6 1
7 1

Output 5: 00001111
0 0
1 0
2 0
3 0
4 1
5 1
6 1
7 1

Output 6: 11000100
0 1
1 1
2 0
3 0
4 0
5 1
6 0
7 0

Output bit columns (with bitsum as hash)
0 0000001 1
1 0000001 1
2 1101000 3
3 1000000 1
4 1001110 4
5 0010011 3
6 0111110 5
7 0011110 4

Input 0: 01111100
0 0
1 1
2 1
3 1
4 1
5 1
6 0
7 0

Input 1: 00011001
0 0
1 0
2 0
3 1
4 1
5 0
6 0
7 1

Input 2: 10011011
0 1
1 0
2 0
3 1
4 1
5 0
6 1
7 1

Input 3: 11011101
0 1
1 1
2 0
3 1
4 1
5 1
6 0
7 1

Input 4: 10000101
0 1
1 0
2 0
3 0
4 0
5 1
6 0
7 1

Input 5: 10111111
0 1
1 0
2 1
3 1
4 1
5 1
6 1
7 1

Input 6: 01100010
0 0
1 1
2 1
3 0
4 0
5 0
6 1
7 0

When matching output
x: not in operator
y: wrong position

Identity
0 0011110 4 match 7
1 1001001 3
2 1000011 3
3 1111010 5
4 1111010 5
5 1001110 4 match 4
6 0010011 3 match 5
7 0111110 5 match 6

Matching output
0 absent
1 absent
2 absent
3 absent
4 5
5 6
6 7
7 0

Left
none
Best: none

Right
0 7 6 5 4x
Best: I0 7 6 5: 4

NOT
0 1100001 3
1 0110110 4
2 0111100 4
3 0000101 2
4 0000101 2
5 0110001 3
6 1101100 4
7 1000001 2

Matching output
0 absent
1 absent
2 absent
3 absent
4 absent
5 absent
6 absent
7 absent

Left
none
Best: none

Right
none
Best: none

Constant
0 0000000 a
1 1111111 a

Matching output
0 absent
1 absent
2 absent
3 absent
4 absent
5 absent
6 absent
7 absent

Left
none
Best: none

Right
none
Best: none

AND
01 10 0001000 1
12 21 1000001 2
23 32 1000010 2
34 43 1111010 5
45 54 1001010 3
56 65 0000010 1
67 76 0010010 2
70 07 0011110 4 match 7

02 20 0000010 1
13 31 1001000 2
24 42 1000010 2
35 53 1001010 3
46 64 0010010 2
57 75 0001110 3
60 06 0010010 2
71 17 0001000 1

03 30 0011010 3
14 41 1001000 2
25 52 1000010 2
36 63 0010010 2
47 74 0111010 4
50 05 0001110 3
61 16 0000001 1 match 0 1
72 27 0000010 1

04 40 0011010 3
15 51 1001000 2
26 62 0000011 2
37 73 0111010 4

Matching output
0 61 16
1 61 16
2 absent
3 absent
4 absent
5 absent
6 absent
7 70 07

Left
61 72x
16 27x
Best: AND61: 1

Right
70 67x
07 76x
Best: AND70: 1

OR
01 10 1011111 6
12 21 1001011 4
23 32 1111011 6
34 43 1111010 5
45 54 1111110 6
56 65 1011111 6
67 76 0111111 6
70 07 0111110 5 match 6

02 20 1011111 6
13 31 1111011 6
24 42 1111011 6
35 53 1111110 6
46 64 1111011 6
57 75 1111110 6
60 06 0011111 5
71 17 1111111 a

03 30 1111110 6
14 41 1111011 6
25 52 1001111 5
36 63 1111011 6
47 74 1111110 6
50 05 1011110 5
61 16 1011011 5
72 27 1111111 a

04 40 1111110 6
15 51 1001111 5
26 62 1010011 4
37 73 1111110 6

Matching output
0 absent
1 absent
2 absent
3 absent
4 absent
5 absent
6 70 07
7 absent

Left
none
Best: none

Right
none
Best: none

XOR
01 10 1010111 5
12 21 0001010 2
23 32 0111001 4
34 43 0000000 a
45 54 0110100 3
56 65 1011101 5
67 76 0101101 4
70 07 0100000 1

02 20 1011101 5
13 31 0110011 4
24 42 0111001 4
35 53 0110100 3
46 64 1101001 4
57 75 1110000 3
60 06 0001101 3
71 17 1110111 6

03 30 1100100 3
14 41 0110011 4
25 52 0001101 3
36 63 1101001 4
47 74 1000100 2
50 05 1010000 2
61 16 1011010 4
72 27 1111101 6

04 40 1100100 3
15 51 0000111 3
26 62 1010000 2
37 73 1000100 2

Matching output
0 absent
1 absent
2 absent
3 absent
4 absent
5 absent
6 absent
7 absent

Left
none
Best: none

Right
none
Best: none

AND-NOT
01 0010110 3
12 0001000 1
23 0000001 1 match 0 1
34 0000000 a
45 0110000 2
56 1001100 3
67 0000001 1 match 0 1
70 0100000 1

02 0011100 3
13 0000001 1 match 0 1
24 0000001 1 match 0 1
35 0110000 2
46 1101000 3 match 2
57 1000000 1 match 3
60 0000001 1 match 0 1
71 0110110 4

03 0000100 1
14 0000001 1 match 0 1
25 0000001 1 match 0 1
36 1101000 3 match 2
47 1000000 1 match 3
50 1000000 1 match 3
61 0010010 2
72 0111100 4

04 0000100 1
15 0000001 1 match 0 1
26 1000000 1 match 3
37 1000000 1 match 3
40 1100000 2
51 0000110 2
62 0010000 1
73 0000100 1

05 0010000 1
16 1001000 2
27 1000001 2
30 1100000 2
41 0110010 3
52 0001100 2
63 0000001 1 match 0 1
74 0000100 1

06 0001100 2
17 1000001 2
20 1000001 2
31 0110010 3
42 0111000 3
53 0000100 1
64 0000001 1 match 0 1
75 0110000 2

07 0000000 a
10 1000001 2
21 0000010 1
32 0111000 3
43 0000000 a
54 0000100 1
65 0010001 2
76 0101100 3

Matching output
0 23 67 13 24 60 14 25 15 63 64
1 23 67 13 24 60 14 25 15 63 64
2 46 36
3 57 47 50 26 37
4 absent
5 absent
6 absent
7 absent

Left
23 34x
67 70x
13 24 35x
24 35x
60 71x
14 25 36 47 50y
25 36y
15 26y
63 74x
64 75x
Best: AND-NOT14 25 36 47: 4

Right
none
Best: none

OR-NOT
01 0111110 5 match 6
12 1111101 6
23 1000111 4
34 1111111 a
45 1111011 6
56 1101110 5
67 1010011 4
70 1111111 a

02 0111110 5 match 6
13 1001101 4
24 1000111 4
35 1111011 6
46 1111110 6
57 1001111 5
60 1110011 5
71 0111110 5 match 6

03 0011111 5
14 1001101 4
25 1110011 5
36 1111110 6
47 1111011 6
50 1101111 6
61 0110111 5
72 0111110 5 match 6

04 0011111 5
15 1111001 5
26 1101111 6
37 1111011 6
40 1111011 6
51 1111110 6
62 0111111 6
73 0111111 6

05 0111111 6
16 1101101 5
27 1000011 3
30 1111011 6
41 1111110 6
52 1111110 6
63 0010111 4
74 0111111 6

06 1111110 6
17 1001001 3
20 1100011 4
31 1111110 6
42 1111110 6
53 1001111 5
64 0010111 4
75 0111111 6

07 1011111 6
10 1101001 4
21 1110111 6
32 1111110 6
43 1111111 a
54 1001111 5
65 0110011 4
76 1111110 6

Matching output
0 absent
1 absent
2 absent
3 absent
4 absent
5 absent
6 01 02 71 72
7 absent

Left
none
Best: none

Right
none
Best: none

XOR-NOT
01 0101000 2
12 1110101 5
23 1000110 3
34 1111111 a
45 1001011 4
56 0100010 2
67 1010010 3
70 1011111 6

02 0100010 2
13 1001100 3
24 1000110 3
35 1001011 4
46 0010110 3
57 0001111 4
60 1110010 4
71 0001000 1

03 0011011 4
14 1001100 3
25 1110010 4
36 0010110 3
47 0111011 5
50 0101111 5
61 0100101 3
72 0000010 1

04 0011011 4
15 1111000 4
26 0101111 5
37 0111011 5
40 0011011 4
51 1111000 4
62 0101111 5
73 0111011 5

05 0101111 5
16 0100101 3
27 0000010 1
30 0011011 4
41 1001100 3
52 1110010 4
63 0010110 3
74 0111011 5

06 1110010 4
17 0001000 1
20 0100010 2
31 1001100 3
42 1000110 3
53 1001011 4
64 0010110 3
75 0001111 4

07 1011111 6
10 0101000 2
21 1110101 5
32 1000110 3
43 1111111 a
54 1001011 4
65 0100010 2
76 1010010 3

Matching output
0 absent
1 absent
2 absent
3 absent
4 absent
5 absent
6 absent
7 absent

Left
none
Best: none

Right
none
Best: none

Selecting

Lefts
Identity none
NOT none
Constant none
AND AND61: 1
OR none
XOR none
AND-NOT AND-NOT14 25 36 47: 4
OR-NOT none
XOR-NOT none

Rights
Identity I0 7 6 5: 4
NOT none
Constant none
AND AND70: 1
OR none
XOR none
AND-NOT none
OR-NOT none
XOR-NOT none

Left longest: 4
Right longest: 4

Left winner: Identity no, NOT no, Constant no, AND no, OR no, XOR no, AND-NOT yes, OR-NOT no, XOR-NOT no
Right winner: Identity yes, NOT no, Constant no, AND no, OR no, XOR no, AND-NOT no, OR-NOT no, XOR-NOT no

Best left: AND-NOT14 25 36 47: 4
Best right: I0 7 6 5: 4

Truncated left: AND-NOT14 25 36 47: 4
Truncated right: I0 7 6 5: 4

Tentative from right
7 I0
6 I7
5 I6
4 I5
3 pending
2 pending
1 pending
0 pending

Tentative
0 AND-NOT14
1 AND-NOT25
2 AND-NOT36
3 AND-NOT47
4 I5
5 I6
6 I7
7 I0

Preferred from left
0 AND-NOT14
1 AND-NOT25
2 AND-NOT36
3 AND-NOT47
4 I5
5 I6
6 I7
7 I0

Preferred from right
7 I0
6 I7
5 I6
4 I5
3 AND-NOT47
2 AND-NOT36
1 AND-NOT25
0 AND-NOT14

Preferred
0 AND-NOT14
1 AND-NOT25
2 AND-NOT36
3 AND-NOT47
4 I5
5 I6
6 I7
7 I0

Matching
0 AND-NOT14
1 AND-NOT25
2 AND-NOT36
3 AND-NOT47
4 I5
5 I6
6 I7
7 I0

Perfect match
Identity no
NOT no
Constant no
AND no
OR no
XOR no
AND-NOT no
OR-NOT no
XOR-NOT no

Matched
0 AND-NOT14
1 AND-NOT25
2 AND-NOT36
3 AND-NOT47
4 I5
5 I6
6 I7
7 I0

Selected
0 AND-NOT14
1 AND-NOT25
2 AND-NOT36
3 AND-NOT47
4 I5
5 I6
6 I7
7 I0

Applying to 00111011
Input
0 0
1 0
2 1
3 1
4 1
5 0
6 1
7 1
Output
0 AND-NOT14 = AND(0,NOT(1)) = 0
1 AND-NOT25 = AND(1,NOT(0)) = 1
2 AND-NOT36 = AND(1,NOT(1)) = 0
3 AND-NOT47 = AND(1,NOT(1)) = 0
4 I5 = 0
5 I6 = 1
6 I7 = 1
7 I0 = 0

I will now return the answer in \boxed{}
The answer in \boxed{–} is \boxed{01000110}
[correct]
true
