[category]
bit_manipulation
[prompt]
In Alice's Wonderland, a secret bit manipulation rule transforms 8-bit binary numbers. The transformation involves operations like bit shifts, rotations, XOR, AND, OR, NOT, and possibly majority or choice functions.

Here are some examples of input -> output:
10101001 -> 01010011
00011100 -> 00111000
11011110 -> 10111101
10110100 -> 01101001
00100101 -> 01001010
10111000 -> 01110001
11000111 -> 10001111
01000001 -> 10000010

Now, determine the output for: 01110010
[completion]
We need to deduce the transformation by matching the example outputs.
I will put my final answer inside \boxed{}.

Output 0: 01010011
0 0
1 1
2 0
3 1
4 0
5 0
6 1
7 1

Output 1: 00111000
0 0
1 0
2 1
3 1
4 1
5 0
6 0
7 0

Output 2: 10111101
0 1
1 0
2 1
3 1
4 1
5 1
6 0
7 1

Output 3: 01101001
0 0
1 1
2 1
3 0
4 1
5 0
6 0
7 1

Output 4: 01001010
0 0
1 1
2 0
3 0
4 1
5 0
6 1
7 0

Output 5: 01110001
0 0
1 1
2 1
3 1
4 0
5 0
6 0
7 1

Output 6: 10001111
0 1
1 0
2 0
3 0
4 1
5 1
6 1
7 1

Output 7: 10000010
0 1
1 0
2 0
3 0
4 0
5 0
6 1
7 0

Output bit columns (with bitsum as hash)
0 00100011 3
1 10011100 4
2 01110100 4
3 11100100 4
4 01111010 5
5 00100010 2
6 10001011 4
7 10110110 5

Input 0: 10101001
0 1
1 0
2 1
3 0
4 1
5 0
6 0
7 1

Input 1: 00011100
0 0
1 0
2 0
3 1
4 1
5 1
6 0
7 0

Input 2: 11011110
0 1
1 1
2 0
3 1
4 1
5 1
6 1
7 0

Input 3: 10110100
0 1
1 0
2 1
3 1
4 0
5 1
6 0
7 0

Input 4: 00100101
0 0
1 0
2 1
3 0
4 0
5 1
6 0
7 1

Input 5: 10111000
0 1
1 0
2 1
3 1
4 1
5 0
6 0
7 0

Input 6: 11000111
0 1
1 1
2 0
3 0
4 0
5 1
6 1
7 1

Input 7: 01000001
0 0
1 1
2 0
3 0
4 0
5 0
6 0
7 1

When matching output
x: not in operator
y: wrong position

Identity
0 10110110 5 match 7
1 00100011 3 match 0
2 10011100 4 match 1
3 01110100 4 match 2
4 11100100 4 match 3
5 01111010 5 match 4
6 00100010 2 match 5
7 10001011 4 match 6

Matching output
0 1
1 2
2 3
3 4
4 5
5 6
6 7
7 0

Left
1 2 3 4 5 6 7 0
Best: I1 2 3 4 5 6 7 0: 8

Right
0 7 6 5 4 3 2 1
Best: I0 7 6 5 4 3 2 1: 8

NOT
0 01001001 3
1 11011100 5
2 01100011 4
3 10001011 4 match 6
4 00011011 4
5 10000101 3
6 11011101 6
7 01110100 4 match 2

Matching output
0 absent
1 absent
2 7
3 absent
4 absent
5 absent
6 3
7 absent

Left
none
Best: none

Right
none
Best: none

Constant
0 00000000 a
1 11111111 a

Matching output
0 absent
1 absent
2 absent
3 absent
4 absent
5 absent
6 absent
7 absent

Left
none
Best: none

Right
none
Best: none

AND
01 10 00100010 2 match 5
12 21 00000000 a
23 32 00010100 2
34 43 01100100 3
45 54 01100000 2
56 65 00100010 2 match 5
67 76 00000010 1
70 07 10000010 2

02 20 10010100 3
13 31 00100000 1
24 42 10000100 2
35 53 01110000 3
46 64 00100000 1
57 75 00001010 2
60 06 00100010 2 match 5
71 17 00000011 2

03 30 00110100 3
14 41 00100000 1
25 52 00011000 2
36 63 00100000 1
47 74 10000000 1
50 05 00110010 3
61 16 00100010 2 match 5
72 27 10001000 2

04 40 10100100 3
15 51 00100010 2 match 5
26 62 00000000 a
37 73 00000000 a

Matching output
0 absent
1 absent
2 absent
3 absent
4 absent
5 01 10 56 65 60 06 61 16 15 51
6 absent
7 absent

Left
none
Best: none

Right
none
Best: none

OR
01 10 10110111 6
12 21 10111111 7
23 32 11111100 6
34 43 11110100 5
45 54 11111110 7
56 65 01111010 5 match 4
67 76 10101011 5
70 07 10111111 7

02 20 10111110 6
13 31 01110111 6
24 42 11111100 6
35 53 01111110 6
46 64 11100110 5
57 75 11111011 7
60 06 10110110 5 match 7
71 17 10101011 5

03 30 11110110 6
14 41 11100111 6
25 52 11111110 7
36 63 01110110 5
47 74 11101111 7
50 05 11111110 7
61 16 00100011 3 match 0
72 27 10011111 6

04 40 11110110 6
15 51 01111011 6
26 62 10111110 6
37 73 11111111 a

Matching output
0 61 16
1 absent
2 absent
3 absent
4 56 65
5 absent
6 absent
7 60 06

Left
61 72x
16 27x
Best: OR61: 1

Right
60 57x
06 75x
Best: OR60: 1

XOR
01 10 10010101 4
12 21 10111111 7
23 32 11101000 4
34 43 10010000 2
45 54 10011110 5
56 65 01011000 3
67 76 10101001 4
70 07 00111101 5

02 20 00101010 3
13 31 01010111 5
24 42 01111000 4
35 53 00001110 3
46 64 11000110 4
57 75 11110001 5
60 06 10010100 3
71 17 10101000 3

03 30 11000010 3
14 41 11000111 5
25 52 11100110 5
36 63 01010110 4
47 74 01101111 6
50 05 11001100 4
61 16 00000001 1
72 27 00010111 4

04 40 01010010 3
15 51 01011001 4
26 62 10111110 6
37 73 11111111 a

Matching output
0 absent
1 absent
2 absent
3 absent
4 absent
5 absent
6 absent
7 absent

Left
none
Best: none

Right
none
Best: none

AND-NOT
01 10010100 3
12 00100011 3 match 0
23 10001000 2
34 00010000 1
45 10000100 2
56 01011000 3
67 00100000 1
70 00001001 2

02 00100010 2 match 5
13 00000011 2
24 00011000 2
35 00000100 1
46 11000100 3
57 01110000 3
60 00000000 a
71 10001000 2

03 10000010 2
14 00000011 2
25 10000100 2
36 01010100 3
47 01100100 3
50 01001000 2
61 00000000 a
72 00000011 2

04 00010010 2
15 00000001 1
26 10011100 4 match 1
37 01110100 4 match 2
40 01000000 1
51 01011000 3
62 00100010 2 match 5
73 10001011 4 match 6

05 10000100 2
16 00000001 1
27 00010100 2
30 01000000 1
41 11000100 3
52 01100010 3
63 00000010 1
74 00001011 3

06 10010100 3
17 00100000 1
20 00001000 1
31 01010100 3
42 01100000 2
53 00001010 2
64 00000010 1
75 10000001 2

07 00110100 3
10 00000001 1
21 10011100 4 match 1
32 01100000 2
43 10000000 1
54 00011010 3
65 00000000 a
76 10001001 3

Matching output
0 12
1 26 21
2 37
3 absent
4 absent
5 02 62
6 73
7 absent

Left
12 23x
Best: AND-NOT12: 1

Right
none
Best: none

OR-NOT
01 11111110 7
12 01100011 4
23 10011111 6
34 01111111 7
45 11100101 5
56 11111111 a
67 01110110 5
70 11001011 5

02 11110111 7
13 10101011 5
24 10011111 6
35 11110101 6
46 11111101 7
57 01111110 6
60 01101011 5
71 11011111 7

03 10111111 7
14 00111011 5
25 10011101 5
36 11111101 7
47 11110100 5
50 01111011 6
61 11111110 7
72 11101011 6

04 10111111 7
15 10100111 5
26 11011101 6
37 01110100 4 match 2
40 11101101 6
51 11111110 7
62 01100011 4
73 10001011 4 match 6

05 10110111 6
16 11111111 a
27 11111100 6
30 01111101 6
41 11111100 6
52 01111011 6
63 10101011 5
74 10011011 5

06 11111111 a
17 01110111 6
20 11011101 6
31 11111100 6
42 11100111 6
53 11111011 7
64 00111011 5
75 10001111 5

07 11110110 6
10 01101011 5
21 11011100 5
32 01110111 6
43 11101111 7
54 01111011 6
65 10100111 5
76 11011111 7

Matching output
0 absent
1 absent
2 37
3 absent
4 absent
5 absent
6 73
7 absent

Left
none
Best: none

Right
none
Best: none

XOR-NOT
01 01101010 4
12 01000000 1
23 00010111 4
34 01101111 6
45 01100001 3
56 10100111 5
67 01010110 4
70 11000010 3

02 11010101 5
13 10101000 3
24 10000111 4
35 11110001 5
46 00111001 4
57 00001110 3
60 01101011 5
71 01010111 5

03 00111101 5
14 00111000 3
25 00011001 3
36 10101001 4
47 10010000 2
50 00110011 4
61 11111110 7
72 11101000 4

04 10101101 5
15 10100110 4
26 01000001 2
37 00000000 a
40 10101101 5
51 10100110 4
62 01000001 2
73 00000000 a

05 00110011 4
16 11111110 7
27 11101000 4
30 00111101 5
41 00111000 3
52 00011001 3
63 10101001 4
74 10010000 2

06 01101011 5
17 01010111 5
20 11010101 5
31 10101000 3
42 10000111 4
53 11110001 5
64 00111001 4
75 00001110 3

07 11000010 3
10 01101010 4
21 01000000 1
32 00010111 4
43 01101111 6
54 01100001 3
65 10100111 5
76 01010110 4

Matching output
0 absent
1 absent
2 absent
3 absent
4 absent
5 absent
6 absent
7 absent

Left
none
Best: none

Right
none
Best: none

Selecting

Lefts
Identity I1 2 3 4 5 6 7 0: 8
NOT none
Constant none
AND none
OR OR61: 1
XOR none
AND-NOT AND-NOT12: 1
OR-NOT none
XOR-NOT none

Rights
Identity I0 7 6 5 4 3 2 1: 8
NOT none
Constant none
AND none
OR OR60: 1
XOR none
AND-NOT none
OR-NOT none
XOR-NOT none

Left longest: 8
Right longest: 8

Left winner: Identity yes, NOT no, Constant no, AND no, OR no, XOR no, AND-NOT no, OR-NOT no, XOR-NOT no
Right winner: Identity yes, NOT no, Constant no, AND no, OR no, XOR no, AND-NOT no, OR-NOT no, XOR-NOT no

Best left: I1 2 3 4 5 6 7 0: 8
Best right: I0 7 6 5 4 3 2 1: 8

Truncated left: I1 2 3 4 5 6 7 0: 8
Truncated right: none truncated

Tentative from right
7 pending
6 pending
5 pending
4 pending
3 pending
2 pending
1 pending
0 pending

Tentative
0 I1
1 I2
2 I3
3 I4
4 I5
5 I6
6 I7
7 I0

Preferred from left
0 I1
1 I2
2 I3
3 I4
4 I5
5 I6
6 I7
7 I0

Preferred from right
7 I0
6 I7
5 I6
4 I5
3 I4
2 I3
1 I2
0 I1

Preferred
0 I1
1 I2
2 I3
3 I4
4 I5
5 I6
6 I7
7 I0

Matching
0 I1
1 I2
2 I3
3 I4
4 I5
5 I6
6 I7
7 I0

Perfect match
Identity no
NOT no
Constant no
AND no
OR no
XOR no
AND-NOT no
OR-NOT no
XOR-NOT no

Matched
0 I1
1 I2
2 I3
3 I4
4 I5
5 I6
6 I7
7 I0

Selected
0 I1
1 I2
2 I3
3 I4
4 I5
5 I6
6 I7
7 I0

Applying to 01110010
Input
0 0
1 1
2 1
3 1
4 0
5 0
6 1
7 0
Output
0 I1 = 1
1 I2 = 1
2 I3 = 1
3 I4 = 0
4 I5 = 0
5 I6 = 1
6 I7 = 0
7 I0 = 0

I will now return the answer in \boxed{}
The answer in \boxed{–} is \boxed{11100100}
[correct]
true
