[category]
bit_manipulation
[prompt]
In Alice's Wonderland, a secret bit manipulation rule transforms 8-bit binary numbers. The transformation involves operations like bit shifts, rotations, XOR, AND, OR, NOT, and possibly majority or choice functions.

Here are some examples of input -> output:
01100110 -> 00110011
11011001 -> 01101100
11100000 -> 01110000
01111101 -> 00111110
10111011 -> 01011101
00100110 -> 00010011
10011110 -> 01001111
10000111 -> 01000011

Now, determine the output for: 01010011
[completion]
We need to deduce the transformation by matching the example outputs.
I will put my final answer inside \boxed{}.

Output 0: 00110011
0 0
1 0
2 1
3 1
4 0
5 0
6 1
7 1

Output 1: 01101100
0 0
1 1
2 1
3 0
4 1
5 1
6 0
7 0

Output 2: 01110000
0 0
1 1
2 1
3 1
4 0
5 0
6 0
7 0

Output 3: 00111110
0 0
1 0
2 1
3 1
4 1
5 1
6 1
7 0

Output 4: 01011101
0 0
1 1
2 0
3 1
4 1
5 1
6 0
7 1

Output 5: 00010011
0 0
1 0
2 0
3 1
4 0
5 0
6 1
7 1

Output 6: 01001111
0 0
1 1
2 0
3 0
4 1
5 1
6 1
7 1

Output 7: 01000011
0 0
1 1
2 0
3 0
4 0
5 0
6 1
7 1

Output bit columns (with bitsum as hash)
0 00000000 a
1 01101011 5
2 11110000 4
3 10111100 5
4 01011010 4
5 01011010 4
6 10010111 5
7 10001111 5

Input 0: 01100110
0 0
1 1
2 1
3 0
4 0
5 1
6 1
7 0

Input 1: 11011001
0 1
1 1
2 0
3 1
4 1
5 0
6 0
7 1

Input 2: 11100000
0 1
1 1
2 1
3 0
4 0
5 0
6 0
7 0

Input 3: 01111101
0 0
1 1
2 1
3 1
4 1
5 1
6 0
7 1

Input 4: 10111011
0 1
1 0
2 1
3 1
4 1
5 0
6 1
7 1

Input 5: 00100110
0 0
1 0
2 1
3 0
4 0
5 1
6 1
7 0

Input 6: 10011110
0 1
1 0
2 0
3 1
4 1
5 1
6 1
7 0

Input 7: 10000111
0 1
1 0
2 0
3 0
4 0
5 1
6 1
7 1

When matching output
x: not in operator
y: wrong position

Identity
0 01101011 5 match 1
1 11110000 4 match 2
2 10111100 5 match 3
3 01011010 4 match 4 5
4 01011010 4 match 4 5
5 10010111 5 match 6
6 10001111 5 match 7
7 01011001 4

Matching output
0 absent
1 0
2 1
3 2
4 3 4
5 3 4
6 5
7 6

Left
none
Best: none

Right
6 5 4 3 2 1 0 7x
Best: I6 5 4 3 2 1 0: 7

NOT
0 10010100 3
1 00001111 4
2 01000011 3
3 10100101 4
4 10100101 4
5 01101000 3
6 01110000 3
7 10100110 4

Matching output
0 absent
1 absent
2 absent
3 absent
4 absent
5 absent
6 absent
7 absent

Left
none
Best: none

Right
none
Best: none

Constant
0 00000000 a match 0
1 11111111 a

Matching output
0 C0
1 absent
2 absent
3 absent
4 absent
5 absent
6 absent
7 absent

Left
0
Best: C0: 1

Right
none
Best: none

AND
01 10 01100000 2
12 21 10110000 3
23 32 00011000 2
34 43 01011010 4 match 4 5
45 54 00010010 2
56 65 10000111 4
67 76 00001001 2
70 07 01001001 3

02 20 00101000 2
13 31 01010000 2
24 42 00011000 2
35 53 00010010 2
46 64 00001010 2
57 75 00010001 2
60 06 00001011 3
71 17 01010000 2

03 30 01001010 3
14 41 01010000 2
25 52 10010100 3
36 63 00001010 2
47 74 01011000 3
50 05 00000011 2
61 16 10000000 1
72 27 00011000 2

04 40 01001010 3
15 51 10010000 2
26 62 10001100 3
37 73 01011000 3

Matching output
0 absent
1 absent
2 absent
3 absent
4 34 43
5 34 43
6 absent
7 absent

Left
none
Best: none

Right
none
Best: none

OR
01 10 11111011 7
12 21 11111100 6
23 32 11111110 7
34 43 01011010 4 match 4 5
45 54 11011111 7
56 65 10011111 6
67 76 11011111 7
70 07 01111011 6

02 20 11111111 a
13 31 11111010 6
24 42 11111110 7
35 53 11011111 7
46 64 11011111 7
57 75 11011111 7
60 06 11101111 7
71 17 11111001 6

03 30 01111011 6
14 41 11111010 6
25 52 10111111 7
36 63 11011111 7
47 74 01011011 5
50 05 11111111 a
61 16 11111111 a
72 27 11111101 7

04 40 01111011 6
15 51 11110111 7
26 62 10111111 7
37 73 01011011 5

Matching output
0 absent
1 absent
2 absent
3 absent
4 34 43
5 34 43
6 absent
7 absent

Left
none
Best: none

Right
none
Best: none

XOR
01 10 10011011 5
12 21 01001100 3
23 32 11100110 5
34 43 00000000 a match 0
45 54 11001101 5
56 65 00011000 2
67 76 11010110 5
70 07 00110010 3

02 20 11010111 6
13 31 10101010 4
24 42 11100110 5
35 53 11001101 5
46 64 11010101 5
57 75 11001110 5
60 06 11100100 4
71 17 10101001 4

03 30 00110001 3
14 41 10101010 4
25 52 00101011 4
36 63 11010101 5
47 74 00000011 2
50 05 11111100 6
61 16 01111111 7
72 27 11100101 5

04 40 00110001 3
15 51 01100111 5
26 62 00110011 4
37 73 00000011 2

Matching output
0 34 43
1 absent
2 absent
3 absent
4 absent
5 absent
6 absent
7 absent

Left
34 45x
43 54x
Best: XOR34: 1

Right
none
Best: none

AND-NOT
01 00001011 3
12 01000000 1
23 10100100 3
34 00000000 a match 0
45 01001000 2
56 00010000 1
67 10000110 3
70 00010000 1

02 01000011 3
13 10100000 2
24 10100100 3
35 01001000 2
46 01010000 2
57 10000110 3
60 10000100 2
71 00001001 2

03 00100001 2
14 10100000 2
25 00101000 2
36 01010000 2
47 00000010 1
50 10010100 3
61 00001111 4
72 01000001 2

04 00100001 2
15 01100000 2
26 00110000 2
37 00000010 1
40 00010000 1
51 00000111 3
62 00000011 2
73 00000001 1

05 01101000 3
16 01110000 3
27 10100100 3
30 00010000 1
41 00001010 2
52 00000011 2
63 10000101 3
74 00000001 1

06 01100000 2
17 10100000 2
20 10010100 3
31 00001010 2
42 01000010 2
53 10000101 3
64 10000101 3
75 01001000 2

07 00100010 2
10 10010000 2
21 00001100 2
32 01000010 2
43 00000000 a match 0
54 10000101 3
65 00001000 1
76 01010000 2

Matching output
0 34 43
1 absent
2 absent
3 absent
4 absent
5 absent
6 absent
7 absent

Left
34 45x
43 54x
Best: AND-NOT34: 1

Right
none
Best: none

OR-NOT
01 01101111 6
12 11110011 6
23 10111101 6
34 11111111 a
45 01111010 5
56 11110111 7
67 10101111 6
70 11011101 6

02 01101011 5 match 1
13 11110101 6
24 10111101 6
35 01111010 5
46 01111010 5
57 10110111 6
60 10011111 6
71 01011111 6

03 11101111 7
14 11110101 6
25 11111100 6
36 01111010 5
47 11111110 7
50 10010111 5 match 6
61 10001111 5 match 7
72 01011011 5

04 11101111 7
15 11111000 5
26 11111100 6
37 11111110 7
40 11011110 6
51 10011111 6
62 11001111 6
73 11111101 7

05 01101011 5 match 1
16 11110000 4 match 2
27 10111110 6
30 11011110 6
41 01011111 6
52 11010111 6
63 10101111 6
74 11111101 7

06 01111011 6
17 11110110 6
20 10111100 5 match 3
31 01011111 6
42 01011011 5
53 10110111 6
64 10101111 6
75 01111001 5

07 11101111 7
10 11110100 5
21 10111111 7
32 01011011 5
43 11111111 a
54 10110111 6
65 11101111 7
76 01111001 5

Matching output
0 absent
1 02 05
2 16
3 20
4 absent
5 absent
6 50
7 61

Left
none
Best: none

Right
61 50 47x
Best: OR-NOT61 50: 2

XOR-NOT
01 01100100 3
12 10110011 5
23 00011001 3
34 11111111 a
45 00110010 3
56 11100111 6
67 00101001 3
70 11001101 5

02 00101000 2
13 01010101 4
24 00011001 3
35 00110010 3
46 00101010 3
57 00110001 3
60 00011011 4
71 01010110 4

03 11001110 5
14 01010101 4
25 11010100 4
36 00101010 3
47 11111100 6
50 00000011 2
61 10000000 1
72 00011010 3

04 11001110 5
15 10011000 3
26 11001100 4
37 11111100 6
40 11001110 5
51 10011000 3
62 11001100 4
73 11111100 6

05 00000011 2
16 10000000 1
27 00011010 3
30 11001110 5
41 01010101 4
52 11010100 4
63 00101010 3
74 11111100 6

06 00011011 4
17 01010110 4
20 00101000 2
31 01010101 4
42 00011001 3
53 00110010 3
64 00101010 3
75 00110001 3

07 11001101 5
10 01100100 3
21 10110011 5
32 00011001 3
43 11111111 a
54 00110010 3
65 11100111 6
76 00101001 3

Matching output
0 absent
1 absent
2 absent
3 absent
4 absent
5 absent
6 absent
7 absent

Left
none
Best: none

Right
none
Best: none

Selecting

Lefts
Identity none
NOT none
Constant C0: 1
AND none
OR none
XOR XOR34: 1
AND-NOT AND-NOT34: 1
OR-NOT none
XOR-NOT none

Rights
Identity I6 5 4 3 2 1 0: 7
NOT none
Constant none
AND none
OR none
XOR none
AND-NOT none
OR-NOT OR-NOT61 50: 2
XOR-NOT none

Left longest: 1
Right longest: 7

Right winner: Identity yes, NOT no, Constant no, AND no, OR no, XOR no, AND-NOT no, OR-NOT no, XOR-NOT no
Left winner: Identity no, NOT no, Constant yes, AND no, OR no, XOR no, AND-NOT no, OR-NOT no, XOR-NOT no

Best right: I6 5 4 3 2 1 0: 7
Best left: C0: 1

Truncated right: I6 5 4 3 2 1 0: 7
Truncated left: C0: 1

Tentative from right
7 I6
6 I5
5 I4
4 I3
3 I2
2 I1
1 I0
0 pending

Tentative
0 C0
1 I0
2 I1
3 I2
4 I3
5 I4
6 I5
7 I6

Preferred from right
7 I6
6 I5
5 I4
4 I3
3 I2
2 I1
1 I0
0 C0

Preferred from left
0 C0
1 I0
2 I1
3 I2
4 I3
5 I4
6 I5
7 I6

Preferred
0 C0
1 I0
2 I1
3 I2
4 I3
5 I4
6 I5
7 I6

Matching
0 C0
1 I0
2 I1
3 I2
4 I3
5 I4
6 I5
7 I6

Perfect match
Identity no
NOT no
Constant no
AND no
OR no
XOR no
AND-NOT no
OR-NOT no
XOR-NOT no

Matched
0 C0
1 I0
2 I1
3 I2
4 I3
5 I4
6 I5
7 I6

Selected
0 C0
1 I0
2 I1
3 I2
4 I3
5 I4
6 I5
7 I6

Applying to 01010011
Input
0 0
1 1
2 0
3 1
4 0
5 0
6 1
7 1
Output
0 C0 = 0
1 I0 = 0
2 I1 = 1
3 I2 = 0
4 I3 = 1
5 I4 = 0
6 I5 = 0
7 I6 = 1

I will now return the answer in \boxed{}
The answer in \boxed{–} is \boxed{00101001}
[correct]
true
