[category]
bit_manipulation
[prompt]
In Alice's Wonderland, a secret bit manipulation rule transforms 8-bit binary numbers. The transformation involves operations like bit shifts, rotations, XOR, AND, OR, NOT, and possibly majority or choice functions.

Here are some examples of input -> output:
01111100 -> 11111000
11010001 -> 10100010
01111001 -> 11110010
10110011 -> 01100110
01100100 -> 11001000
01011111 -> 10111110
01110111 -> 11101110
10001111 -> 00011110

Now, determine the output for: 01000110
[completion]
We need to deduce the transformation by matching the example outputs.
I will put my final answer inside \boxed{}.

Output 0: 11111000
0 1
1 1
2 1
3 1
4 1
5 0
6 0
7 0

Output 1: 10100010
0 1
1 0
2 1
3 0
4 0
5 0
6 1
7 0

Output 2: 11110010
0 1
1 1
2 1
3 1
4 0
5 0
6 1
7 0

Output 3: 01100110
0 0
1 1
2 1
3 0
4 0
5 1
6 1
7 0

Output 4: 11001000
0 1
1 1
2 0
3 0
4 1
5 0
6 0
7 0

Output 5: 10111110
0 1
1 0
2 1
3 1
4 1
5 1
6 1
7 0

Output 6: 11101110
0 1
1 1
2 1
3 0
4 1
5 1
6 1
7 0

Output 7: 00011110
0 0
1 0
2 0
3 1
4 1
5 1
6 1
7 0

Output bit columns (with bitsum as hash)
0 11101110 6
1 10111010 5
2 11110110 6
3 10100101 4
4 10001111 5
5 00010111 4
6 01110111 6
7 00000000 a

Input 0: 01111100
0 0
1 1
2 1
3 1
4 1
5 1
6 0
7 0

Input 1: 11010001
0 1
1 1
2 0
3 1
4 0
5 0
6 0
7 1

Input 2: 01111001
0 0
1 1
2 1
3 1
4 1
5 0
6 0
7 1

Input 3: 10110011
0 1
1 0
2 1
3 1
4 0
5 0
6 1
7 1

Input 4: 01100100
0 0
1 1
2 1
3 0
4 0
5 1
6 0
7 0

Input 5: 01011111
0 0
1 1
2 0
3 1
4 1
5 1
6 1
7 1

Input 6: 01110111
0 0
1 1
2 1
3 1
4 0
5 1
6 1
7 1

Input 7: 10001111
0 1
1 0
2 0
3 0
4 1
5 1
6 1
7 1

When matching output
x: not in operator
y: wrong position

Identity
0 01010001 3
1 11101110 6 match 0
2 10111010 5 match 1
3 11110110 6 match 2
4 10100101 4 match 3
5 10001111 5 match 4
6 00010111 4 match 5
7 01110111 6 match 6

Matching output
0 1
1 2
2 3
3 4
4 5
5 6
6 7
7 absent

Left
1 2 3 4 5 6 7 0x
Best: I1 2 3 4 5 6 7: 7

Right
none
Best: none

NOT
0 10101110 5
1 00010001 2
2 01000101 3
3 00001001 2
4 01011010 4
5 01110000 3
6 11101000 4
7 10001000 2

Matching output
0 absent
1 absent
2 absent
3 absent
4 absent
5 absent
6 absent
7 absent

Left
none
Best: none

Right
none
Best: none

Constant
0 00000000 a match 7
1 11111111 a

Matching output
0 absent
1 absent
2 absent
3 absent
4 absent
5 absent
6 absent
7 C0

Left
none
Best: none

Right
0
Best: C0: 1

AND
01 10 01000000 1
12 21 10101010 4
23 32 10110010 4
34 43 10100100 3
45 54 10000101 3
56 65 00000111 3
67 76 00010111 4 match 5
70 07 01010001 3

02 20 00010000 1
13 31 11100110 5
24 42 10100000 2
35 53 10000110 3
46 64 00000101 2
57 75 00000111 3
60 06 00010001 2
71 17 01100110 4

03 30 01010000 2
14 41 10100100 3
25 52 10001010 3
36 63 00010110 3
47 74 00100101 3
50 05 00000001 1
61 16 00000110 2
72 27 00110010 3

04 40 00000001 1
15 51 10001110 4
26 62 00010010 2
37 73 01110110 5

Matching output
0 absent
1 absent
2 absent
3 absent
4 absent
5 67 76
6 absent
7 absent

Left
none
Best: none

Right
none
Best: none

OR
01 10 11111111 a
12 21 11111110 7
23 32 11111110 7
34 43 11110111 7
45 54 10101111 6
56 65 10011111 6
67 76 01110111 6 match 6
70 07 01110111 6 match 6

02 20 11111011 7
13 31 11111110 7
24 42 10111111 7
35 53 11111111 a
46 64 10110111 6
57 75 11111111 a
60 06 01010111 5
71 17 11111111 a

03 30 11110111 7
14 41 11101111 7
25 52 10111111 7
36 63 11110111 7
47 74 11110111 7
50 05 11011111 7
61 16 11111111 a
72 27 11111111 a

04 40 11110101 6
15 51 11101111 7
26 62 10111111 7
37 73 11110111 7

Matching output
0 absent
1 absent
2 absent
3 absent
4 absent
5 absent
6 67 76 70 07
7 absent

Left
none
Best: none

Right
none
Best: none

XOR
01 10 10111111 7
12 21 01010100 3
23 32 01001100 3
34 43 01010011 4
45 54 00101010 3
56 65 10011000 3
67 76 01100000 2
70 07 00100110 3

02 20 11101011 6
13 31 00011000 2
24 42 00011111 5
35 53 01111001 5
46 64 10110010 4
57 75 11111000 5
60 06 01000110 3
71 17 10011001 4

03 30 10100111 5
14 41 01001011 4
25 52 00110101 4
36 63 11100001 4
47 74 11010010 4
50 05 11011110 6
61 16 11111001 6
72 27 11001101 5

04 40 11110100 5
15 51 01100001 3
26 62 10101101 5
37 73 10000001 2

Matching output
0 absent
1 absent
2 absent
3 absent
4 absent
5 absent
6 absent
7 absent

Left
none
Best: none

Right
none
Best: none

AND-NOT
01 00010001 2
12 01000100 2
23 00001000 1
34 01010010 3
45 00100000 1
56 10001000 2
67 00000000 a match 7
70 00100110 3

02 01000001 2
13 00001000 1
24 00011010 3
35 01110000 3
46 10100000 2
57 10001000 2
60 00000110 2
71 00010001 2

03 00000001 1
14 01001010 3
25 00110000 2
36 11100000 3
47 10000000 1
50 10001110 4
61 00010001 2
72 01000101 3

04 01010000 2
15 01100000 2
26 10101000 3
37 10000000 1
40 10100100 3
51 00000001 1
62 00000101 2
73 00000001 1

05 01010000 2
16 11101000 4
27 10001000 2
30 10100110 4
41 00000001 1
52 00000101 2
63 00000001 1
74 01010010 3

06 01000000 1
17 10001000 2
20 10101010 4
31 00010000 1
42 00000101 2
53 00001001 2
64 00010010 2
75 01110000 3

07 00000000 a match 7
10 10101110 5
21 00010000 1
32 01000100 2
43 00000001 1
54 00001010 2
65 00010000 1
76 01100000 2

Matching output
0 absent
1 absent
2 absent
3 absent
4 absent
5 absent
6 absent
7 67 07

Left
none
Best: none

Right
67 56x
07 76x
Best: AND-NOT67: 1

OR-NOT
01 01010001 3
12 11101111 7
23 10111011 6
34 11111110 7
45 11110101 6
56 11101111 7
67 10011111 6
70 11111111 a

02 01010101 4
13 11101111 7
24 11111010 6
35 11110110 6 match 2
46 11101101 6
57 10001111 5 match 4
60 10111111 7
71 01110111 6 match 6

03 01011001 4
14 11111110 7
25 11111010 6
36 11111110 7
47 10101101 5
50 10101111 6
61 00010111 4 match 5
72 01110111 6 match 6

04 01011011 5
15 11111110 7
26 11111010 6
37 11111110 7
40 10101111 6
51 10011111 6
62 01010111 5
73 01111111 7

05 01110001 4
16 11101110 6 match 0
27 10111010 5 match 1
30 11111110 7
41 10110101 5
52 11001111 6
63 00011111 5
74 01111111 7

06 11111001 6
17 11101110 6 match 0
20 10111110 6
31 11110111 7
42 11100101 5
53 10001111 5 match 4
64 01011111 6
75 01110111 6 match 6

07 11011001 5
10 11101110 6 match 0
21 10111011 6
32 11110111 7
43 10101101 5
54 11011111 7
65 01110111 6 match 6
76 11111111 a

Matching output
0 16 17 10
1 27
2 35
3 absent
4 57 53
5 61
6 71 72 75 65
7 absent

Left
16 27 30x
17 20x
10 21x
Best: OR-NOT16 27: 2

Right
none
Best: none

XOR-NOT
01 01000000 1
12 10101011 5
23 10110011 5
34 10101100 4
45 11010101 5
56 01100111 5
67 10011111 6
70 11011001 5

02 00010100 2
13 11100111 6
24 11100000 3
35 10000110 3
46 01001101 4
57 00000111 3
60 10111001 5
71 01100110 4

03 01011000 3
14 10110100 4
25 11001010 4
36 00011110 4
47 00101101 4
50 00100001 2
61 00000110 2
72 00110010 3

04 00001011 3
15 10011110 5
26 01010010 3
37 01111110 6
40 00001011 3
51 10011110 5
62 01010010 3
73 01111110 6

05 00100001 2
16 00000110 2
27 00110010 3
30 01011000 3
41 10110100 4
52 11001010 4
63 00011110 4
74 00101101 4

06 10111001 5
17 01100110 4
20 00010100 2
31 11100111 6
42 11100000 3
53 10000110 3
64 01001101 4
75 00000111 3

07 11011001 5
10 01000000 1
21 10101011 5
32 10110011 5
43 10101100 4
54 11010101 5
65 01100111 5
76 10011111 6

Matching output
0 absent
1 absent
2 absent
3 absent
4 absent
5 absent
6 absent
7 absent

Left
none
Best: none

Right
none
Best: none

Selecting

Lefts
Identity I1 2 3 4 5 6 7: 7
NOT none
Constant none
AND none
OR none
XOR none
AND-NOT none
OR-NOT OR-NOT16 27: 2
XOR-NOT none

Rights
Identity none
NOT none
Constant C0: 1
AND none
OR none
XOR none
AND-NOT AND-NOT67: 1
OR-NOT none
XOR-NOT none

Left longest: 7
Right longest: 1

Left winner: Identity yes, NOT no, Constant no, AND no, OR no, XOR no, AND-NOT no, OR-NOT no, XOR-NOT no
Right winner: Identity no, NOT no, Constant yes, AND no, OR no, XOR no, AND-NOT no, OR-NOT no, XOR-NOT no

Best left: I1 2 3 4 5 6 7: 7
Best right: C0: 1

Truncated left: I1 2 3 4 5 6 7: 7
Truncated right: C0: 1

Tentative from right
7 C0
6 pending
5 pending
4 pending
3 pending
2 pending
1 pending
0 pending

Tentative
0 I1
1 I2
2 I3
3 I4
4 I5
5 I6
6 I7
7 C0

Preferred from left
0 I1
1 I2
2 I3
3 I4
4 I5
5 I6
6 I7
7 C0

Preferred from right
7 C0
6 I7
5 I6
4 I5
3 I4
2 I3
1 I2
0 I1

Preferred
0 I1
1 I2
2 I3
3 I4
4 I5
5 I6
6 I7
7 C0

Matching
0 I1
1 I2
2 I3
3 I4
4 I5
5 I6
6 I7
7 C0

Perfect match
Identity no
NOT no
Constant no
AND no
OR no
XOR no
AND-NOT no
OR-NOT no
XOR-NOT no

Matched
0 I1
1 I2
2 I3
3 I4
4 I5
5 I6
6 I7
7 C0

Selected
0 I1
1 I2
2 I3
3 I4
4 I5
5 I6
6 I7
7 C0

Applying to 01000110
Input
0 0
1 1
2 0
3 0
4 0
5 1
6 1
7 0
Output
0 I1 = 1
1 I2 = 0
2 I3 = 0
3 I4 = 0
4 I5 = 1
5 I6 = 1
6 I7 = 0
7 C0 = 0

I will now return the answer in \boxed{}
The answer in \boxed{–} is \boxed{10001100}
[correct]
true
