[category]
bit_manipulation
[prompt]
In Alice's Wonderland, a secret bit manipulation rule transforms 8-bit binary numbers. The transformation involves operations like bit shifts, rotations, XOR, AND, OR, NOT, and possibly majority or choice functions.

Here are some examples of input -> output:
11010111 -> 01000101
00100001 -> 00011000
01000111 -> 01100001
10001100 -> 11100011
01000100 -> 01010001
00100101 -> 01011001
11011011 -> 10000110
10000001 -> 00110000
10000110 -> 01000001
11111011 -> 10001110

Now, determine the output for: 11101111
[completion]
We need to deduce the transformation by matching the example outputs.
I will put my final answer inside \boxed{}.

Output 0: 01000101
0 0
1 1
2 0
3 0
4 0
5 1
6 0
7 1

Output 1: 00011000
0 0
1 0
2 0
3 1
4 1
5 0
6 0
7 0

Output 2: 01100001
0 0
1 1
2 1
3 0
4 0
5 0
6 0
7 1

Output 3: 11100011
0 1
1 1
2 1
3 0
4 0
5 0
6 1
7 1

Output 4: 01010001
0 0
1 1
2 0
3 1
4 0
5 0
6 0
7 1

Output 5: 01011001
0 0
1 1
2 0
3 1
4 1
5 0
6 0
7 1

Output 6: 10000110
0 1
1 0
2 0
3 0
4 0
5 1
6 1
7 0

Output 7: 00110000
0 0
1 0
2 1
3 1
4 0
5 0
6 0
7 0

Output 8: 01000001
0 0
1 1
2 0
3 0
4 0
5 0
6 0
7 1

Output 9: 10001110
0 1
1 0
2 0
3 0
4 1
5 1
6 1
7 0

Output bit columns (with bitsum as hash)
0 0001001001 3
1 1011110010 6
2 0011000100 3
3 0100110100 4
4 0100010001 3
5 1000001001 3
6 0001001001 3
7 1011110010 6

Input 0: 11010111
0 1
1 1
2 0
3 1
4 0
5 1
6 1
7 1

Input 1: 00100001
0 0
1 0
2 1
3 0
4 0
5 0
6 0
7 1

Input 2: 01000111
0 0
1 1
2 0
3 0
4 0
5 1
6 1
7 1

Input 3: 10001100
0 1
1 0
2 0
3 0
4 1
5 1
6 0
7 0

Input 4: 01000100
0 0
1 1
2 0
3 0
4 0
5 1
6 0
7 0

Input 5: 00100101
0 0
1 0
2 1
3 0
4 0
5 1
6 0
7 1

Input 6: 11011011
0 1
1 1
2 0
3 1
4 1
5 0
6 1
7 1

Input 7: 10000001
0 1
1 0
2 0
3 0
4 0
5 0
6 0
7 1

Input 8: 10000110
0 1
1 0
2 0
3 0
4 0
5 1
6 1
7 0

Input 9: 11111011
0 1
1 1
2 1
3 1
4 1
5 0
6 1
7 1

When matching output
x: not in operator
y: wrong position

Identity
0 1001001111 6
1 1010101001 5
2 0100010001 3 match 4
3 1000001001 3 match 5
4 0001001001 3 match 0 6
5 1011110010 6 match 1 7
6 1010001011 5
7 1110011101 7

Matching output
0 4
1 5
2 absent
3 absent
4 2
5 3
6 4
7 5

Left
4 5 6x
Best: I4 5: 2

Right
5 4 3 2 1x
Best: I5 4 3 2: 4

NOT
0 0110110000 4
1 0101010110 5
2 1011101110 7
3 0111110110 7
4 1110110110 7
5 0100001101 4
6 0101110100 5
7 0001100010 3

Matching output
0 absent
1 absent
2 absent
3 absent
4 absent
5 absent
6 absent
7 absent

Left
none
Best: none

Right
none
Best: none

Constant
0 0000000000 a
1 1111111111 a

Matching output
0 absent
1 absent
2 absent
3 absent
4 absent
5 absent
6 absent
7 absent

Left
none
Best: none

Right
none
Best: none

AND
01 10 1000001001 3 match 5
12 21 0000000001 1
23 32 0000000001 1
34 43 0000001001 2
45 54 0001000000 1
56 65 1010000010 3
67 76 1010001001 4
70 07 1000001101 4

02 20 0000000001 1
13 31 1000001001 3 match 5
24 42 0000000001 1
35 53 1000000000 1
46 64 0000001001 2
57 75 1010010000 3
60 06 1000001011 4
71 17 1010001001 4

03 30 1000001001 3 match 5
14 41 0000001001 2
25 52 0000010000 1
36 63 1000001001 3 match 5
47 74 0000001001 2
50 05 1001000010 3
61 16 1010001001 4
72 27 0100010001 3 match 4

04 40 0001001001 3 match 0 6
15 51 1010100000 3
26 62 0000000001 1
37 73 1000001001 3 match 5

Matching output
0 04 40
1 absent
2 absent
3 absent
4 72 27
5 01 10 13 31 03 30 36 63 37 73
6 04 40
7 absent

Left
04 15x
40 51x
Best: AND04: 1

Right
none
Best: none

OR
01 10 1011101111 8
12 21 1110111001 7
23 32 1100011001 5
34 43 1001001001 4
45 54 1011111011 8
56 65 1011111011 8
67 76 1110011111 8
70 07 1111011111 9

02 20 1101011111 8
13 31 1010101001 5
24 42 0101011001 5
35 53 1011111011 8
46 64 1011001011 6
57 75 1111111111 a
60 06 1011001111 7
71 17 1110111101 8

03 30 1001001111 6
14 41 1011101001 6
25 52 1111110011 8
36 63 1010001011 5
47 74 1111011101 8
50 05 1011111111 9
61 16 1010101011 6
72 27 1110011101 7

04 40 1001001111 6
15 51 1011111011 8
26 62 1110011011 7
37 73 1110011101 7

Matching output
0 absent
1 absent
2 absent
3 absent
4 absent
5 absent
6 absent
7 absent

Left
none
Best: none

Right
none
Best: none

XOR
01 10 0011100110 5
12 21 1110111000 6
23 32 1100011000 4
34 43 1001000000 2
45 54 1010111011 7
56 65 0001111001 5
67 76 0100010110 4
70 07 0111010010 5

02 20 1101011110 7
13 31 0010100000 2
24 42 0101011000 4
35 53 0011111011 7
46 64 1011000010 4
57 75 0101101111 7
60 06 0011000100 3 match 2
71 17 0100110100 4 match 3

03 30 0001000110 3
14 41 1011100000 4
25 52 1111100011 7
36 63 0010000010 2
47 74 1111010100 6
50 05 0010111101 6
61 16 0000100010 2
72 27 1010001100 4

04 40 1000000110 3
15 51 0001011011 5
26 62 1110011010 6
37 73 0110010100 4

Matching output
0 absent
1 absent
2 60 06
3 71 17
4 absent
5 absent
6 absent
7 absent

Left
none
Best: none

Right
none
Best: none

AND-NOT
01 0001000110 3
12 1010101000 4
23 0100010000 2
34 1000000000 1
45 0000001001 2
56 0001110000 3
67 0000000010 1
70 0110010000 3

02 1001001110 5
13 0010100000 2
24 0100010000 2
35 0000001001 2
46 0001000000 1
57 0001100010 3
60 0010000000 1
71 0100010100 3

03 0001000110 3
14 1010100000 3
25 0100000001 2
36 0000000000 a
47 0001000000 1
50 0010110000 3
61 0000000010 1
72 1010001100 4

04 1000000110 3
15 0000001001 2
26 0100010000 2
37 0000000000 a
40 0000000000 a
51 0001010010 3
62 1010001010 4
73 0110010100 4

05 0000001101 3
16 0000100000 1
27 0000000000 a
30 0000000000 a
41 0001000000 1
52 1011100010 5
63 0010000010 2
74 1110010100 5

06 0001000100 2
17 0000100000 1
20 0100010000 2
31 0000000000 a
42 0001001000 2
53 0011110010 5
64 1010000010 3
75 0100001101 4

07 0001000010 2
10 0010100000 2
21 0100010000 2
32 1000001000 2
43 0001000000 1
54 1010110010 5
65 0000001001 2
76 0100010100 3

Matching output
0 absent
1 absent
2 absent
3 absent
4 absent
5 absent
6 absent
7 absent

Left
none
Best: none

Right
none
Best: none

OR-NOT
01 1101011111 8
12 1011101111 8
23 0111110111 8
34 1110111111 9
45 0101001101 5
56 1111110110 8
67 1011101011 7
70 1110111101 8

02 1011101111 8
13 1111111111 a
24 1110110111 8
35 1100001101 5
46 0101111101 7
57 1011110010 6 match 1 7
60 1110111011 8
71 1111011111 9

03 1111111111 a
14 1110111111 9
25 0100011101 5
36 1101111101 8
47 0001101011 5
50 1111110010 7
61 1111011111 9
72 1111111111 a

04 1111111111 a
15 1110101101 7
26 0101110101 6
37 1001101011 6
40 0111111001 7
51 1111110110 8
62 1011101111 8
73 1111111111 a

05 1101001111 7
16 1111111101 9
27 0101110011 6
30 1110111001 7
41 0101011111 7
52 1011111110 8
63 1111111111 a
74 1110111111 9

06 1101111111 9
17 1011101011 7
20 0110110001 5
31 1101011111 8
42 1011101111 8
53 1111110110 8
64 1110111111 9
75 1110011101 7

07 1001101111 7
10 1110111001 7
21 0101010111 6
32 1011101111 8
43 0111111111 9
54 1111110110 8
65 1110001111 7
76 1111111101 9

Matching output
0 absent
1 57
2 absent
3 absent
4 absent
5 absent
6 absent
7 57

Left
none
Best: none

Right
57 46x
Best: OR-NOT57: 1

XOR-NOT
01 1100011001 5
12 0001000111 4
23 0011100111 6
34 0110111111 8
45 0101000100 3
56 1110000110 5
67 1011101001 6
70 1000101101 5

02 0010100001 3
13 1101011111 8
24 1010100111 6
35 1100000100 3
46 0100111101 6
57 1010010000 3
60 1100111011 7
71 1011001011 6

03 1110111001 7
14 0100011111 6
25 0000011100 3
36 1101111101 8
47 0000101011 4
50 1101000010 4
61 1111011101 8
72 0101110011 6

04 0111111001 7
15 1110100100 5
26 0001100101 4
37 1001101011 6
40 0111111001 7
51 1110100100 5
62 0001100101 4
73 1001101011 6

05 1101000010 4
16 1111011101 8
27 0101110011 6
30 1110111001 7
41 0100011111 6
52 0000011100 3
63 1101111101 8
74 0000101011 4

06 1100111011 7
17 1011001011 6
20 0010100001 3
31 1101011111 8
42 1010100111 6
53 1100000100 3
64 0100111101 6
75 1010010000 3

07 1000101101 5
10 1100011001 5
21 0001000111 4
32 0011100111 6
43 0110111111 8
54 0101000100 3
65 1110000110 5
76 1011101001 6

Matching output
0 absent
1 absent
2 absent
3 absent
4 absent
5 absent
6 absent
7 absent

Left
none
Best: none

Right
none
Best: none

Selecting

Lefts
Identity I4 5: 2
NOT none
Constant none
AND AND04: 1
OR none
XOR none
AND-NOT none
OR-NOT none
XOR-NOT none

Rights
Identity I5 4 3 2: 4
NOT none
Constant none
AND none
OR none
XOR none
AND-NOT none
OR-NOT OR-NOT57: 1
XOR-NOT none

Left longest: 2
Right longest: 4

Right winner: Identity yes, NOT no, Constant no, AND no, OR no, XOR no, AND-NOT no, OR-NOT no, XOR-NOT no
Left winner: Identity yes, NOT no, Constant no, AND no, OR no, XOR no, AND-NOT no, OR-NOT no, XOR-NOT no

Best right: I5 4 3 2: 4
Best left: I4 5: 2

Truncated right: I5 4 3 2: 4
Truncated left: I4 5: 2

Tentative from right
7 I5
6 I4
5 I3
4 I2
3 pending
2 pending
1 pending
0 pending

Tentative
0 I4
1 I5
2 pending
3 pending
4 I2
5 I3
6 I4
7 I5

Preferred from right
7 I5
6 I4
5 I3
4 I2
3 ??1
2 ??0
1 I5
0 I4

Preferred from left
0 I4
1 I5
2 ?60
3 ?71
4 I2
5 I3
6 I4
7 I5

Preferred
0 I4
1 I5
2 ?60 ?06
3 ?71 ?17
4 I2
5 I3
6 I4
7 I5

Matching
0 I4
1 I5
2 ?60 ?06 - Identity absent, NOT absent, Constant absent, AND absent, OR absent, XOR60, AND-NOT absent, OR-NOT absent, XOR-NOT absent
3 ?71 ?17 - Identity absent, NOT absent, Constant absent, AND absent, OR absent, XOR71, AND-NOT absent, OR-NOT absent, XOR-NOT absent
4 I2
5 I3
6 I4
7 I5

Perfect match
Identity no
NOT no
Constant no
AND no
OR no
XOR yes
AND-NOT no
OR-NOT no
XOR-NOT no

Matched
0 I4
1 I5
2 XOR60
3 XOR71
4 I2
5 I3
6 I4
7 I5

Selected
0 I4
1 I5
2 XOR60
3 XOR71
4 I2
5 I3
6 I4
7 I5

Applying to 11101111
Input
0 1
1 1
2 1
3 0
4 1
5 1
6 1
7 1
Output
0 I4 = 1
1 I5 = 1
2 XOR60 = XOR(1,1) = 0
3 XOR71 = XOR(1,1) = 0
4 I2 = 1
5 I3 = 0
6 I4 = 1
7 I5 = 1

I will now return the answer in \boxed{}
The answer in \boxed{–} is \boxed{11001011}
[correct]
true
