[category]
bit_manipulation
[prompt]
In Alice's Wonderland, a secret bit manipulation rule transforms 8-bit binary numbers. The transformation involves operations like bit shifts, rotations, XOR, AND, OR, NOT, and possibly majority or choice functions.

Here are some examples of input -> output:
00000110 -> 11000000
01100010 -> 01001111
01101001 -> 00101110
11000101 -> 10111110
11100001 -> 00111011
10101010 -> 01010000
00100010 -> 01000101
10011000 -> 00010111
00100011 -> 01100101

Now, determine the output for: 10100101
[completion]
We need to deduce the transformation by matching the example outputs.
I will put my final answer inside \boxed{}.

Output 0: 11000000
0 1
1 1
2 0
3 0
4 0
5 0
6 0
7 0

Output 1: 01001111
0 0
1 1
2 0
3 0
4 1
5 1
6 1
7 1

Output 2: 00101110
0 0
1 0
2 1
3 0
4 1
5 1
6 1
7 0

Output 3: 10111110
0 1
1 0
2 1
3 1
4 1
5 1
6 1
7 0

Output 4: 00111011
0 0
1 0
2 1
3 1
4 1
5 0
6 1
7 1

Output 5: 01010000
0 0
1 1
2 0
3 1
4 0
5 0
6 0
7 0

Output 6: 01000101
0 0
1 1
2 0
3 0
4 0
5 1
6 0
7 1

Output 7: 00010111
0 0
1 0
2 0
3 1
4 0
5 1
6 1
7 1

Output 8: 01100101
0 0
1 1
2 1
3 0
4 0
5 1
6 0
7 1

Output bit columns (with bitsum as hash)
0 100100000 2
1 110001101 5
2 001110001 4
3 000111010 4
4 011110000 4
5 011100111 6
6 011110010 5
7 010010111 5

Input 0: 00000110
0 0
1 0
2 0
3 0
4 0
5 1
6 1
7 0

Input 1: 01100010
0 0
1 1
2 1
3 0
4 0
5 0
6 1
7 0

Input 2: 01101001
0 0
1 1
2 1
3 0
4 1
5 0
6 0
7 1

Input 3: 11000101
0 1
1 1
2 0
3 0
4 0
5 1
6 0
7 1

Input 4: 11100001
0 1
1 1
2 1
3 0
4 0
5 0
6 0
7 1

Input 5: 10101010
0 1
1 0
2 1
3 0
4 1
5 0
6 1
7 0

Input 6: 00100010
0 0
1 0
2 1
3 0
4 0
5 0
6 1
7 0

Input 7: 10011000
0 1
1 0
2 0
3 1
4 1
5 0
6 0
7 0

Input 8: 00100011
0 0
1 0
2 1
3 0
4 0
5 0
6 1
7 1

When matching output
x: not in operator
y: wrong position

Identity
0 000111010 4 match 3
1 011110000 4 match 4
2 011011101 6
3 000000010 1
4 001001010 3
5 100100000 2 match 0
6 110001101 5 match 1
7 001110001 4 match 2

Matching output
0 5
1 6
2 7
3 0
4 1
5 absent
6 absent
7 absent

Left
5 6 7 0 1 2x
Best: I5 6 7 0 1: 5

Right
none
Best: none

NOT
0 111000101 5
1 100001111 5
2 100100010 3
3 111111101 8
4 110110101 6
5 011011111 7
6 001110010 4
7 110001110 5

Matching output
0 absent
1 absent
2 absent
3 absent
4 absent
5 absent
6 absent
7 absent

Left
none
Best: none

Right
none
Best: none

Constant
0 000000000 a
1 111111111 a

Matching output
0 absent
1 absent
2 absent
3 absent
4 absent
5 absent
6 absent
7 absent

Left
none
Best: none

Right
none
Best: none

AND
01 10 000110000 2
12 21 011010000 3
23 32 000000000 a
34 43 000000010 1
45 54 000000000 a
56 65 100000000 1
67 76 000000001 1
70 07 000110000 2

02 20 000011000 2
13 31 000000000 a
24 42 001001000 2
35 53 000000000 a
46 64 000001000 1
57 75 000100000 1
60 06 000001000 1
71 17 001110000 3

03 30 000000010 1
14 41 001000000 1
25 52 000000000 a
36 63 000000000 a
47 74 001000000 1
50 05 000100000 1
61 16 010000000 1
72 27 001010001 3

04 40 000001010 2
15 51 000100000 1
26 62 010001101 4
37 73 000000000 a

Matching output
0 absent
1 absent
2 absent
3 absent
4 absent
5 absent
6 absent
7 absent

Left
none
Best: none

Right
none
Best: none

OR
01 10 011111010 6
12 21 011111101 7
23 32 011011111 7
34 43 001001010 3
45 54 101101010 5
56 65 110101101 6
67 76 111111101 8
70 07 001111011 6

02 20 011111111 8
13 31 011110010 5 match 6
24 42 011011111 7
35 53 100100010 3
46 64 111001111 7
57 75 101110001 5
60 06 110111111 8
71 17 011110001 5

03 30 000111010 4 match 3
14 41 011111010 6
25 52 111111101 8
36 63 110001111 6
47 74 001111011 6
50 05 100111010 5
61 16 111111101 8
72 27 011111101 7

04 40 001111010 5
15 51 111110000 5
26 62 111011101 7
37 73 001110011 5

Matching output
0 absent
1 absent
2 absent
3 03 30
4 absent
5 absent
6 13 31
7 absent

Left
none
Best: none

Right
none
Best: none

XOR
01 10 011001010 4
12 21 000101101 4
23 32 011011111 7
34 43 001001000 2
45 54 101101010 5
56 65 010101101 5
67 76 111111100 7
70 07 001001011 4

02 20 011100111 6 match 5
13 31 011110010 5 match 6
24 42 010010111 5 match 7
35 53 100100010 3
46 64 111000111 6
57 75 101010001 4
60 06 110110111 7
71 17 010000001 2

03 30 000111000 3
14 41 010111010 5
25 52 111111101 8
36 63 110001111 6
47 74 000111011 5
50 05 100011010 4
61 16 101111101 7
72 27 010101100 4

04 40 001110000 3
15 51 111010000 4
26 62 101010000 3
37 73 001110011 5

Matching output
0 absent
1 absent
2 absent
3 absent
4 absent
5 02 20
6 13 31
7 24 42

Left
none
Best: none

Right
24 13 02 71x
42 31 20 17x
Best: XOR24 13 02: 3

AND-NOT
01 000001010 2
12 000100000 1
23 011011101 6
34 000000000 a
45 001001010 3
56 000100000 1
67 110001100 4
70 001000001 2

02 000100010 2
13 011110000 4 match 4
24 010010101 4
35 000000010 1
46 001000010 2
57 100000000 1
60 110000101 4
71 000000001 1

03 000111000 3
14 010110000 3
25 011011101 6
36 000000010 1
47 000001010 2
50 100000000 1
61 100001101 4
72 000100000 1

04 000110000 2
15 011010000 3
26 001010000 2
37 000000010 1
40 001000000 1
51 100000000 1
62 100000000 1
73 001110001 4 match 2

05 000011010 3
16 001110000 3
27 010001100 3
30 000000000 a
41 000001010 2
52 100100000 2 match 0
63 110001101 5 match 1
74 000110001 3

06 000110010 3
17 010000000 1
20 011000101 4
31 000000010 1
42 000000010 1
53 100100000 2 match 0
64 110000101 4
75 001010001 3

07 000001010 2
10 011000000 2
21 000001101 3
32 000000010 1
43 001001000 2
54 100100000 2 match 0
65 010001101 4
76 001110000 3

Matching output
0 52 53 54
1 63
2 73
3 absent
4 13
5 absent
6 absent
7 absent

Left
52 63 74x
53 64x
54 65x
Best: AND-NOT52 63: 2

Right
none
Best: none

OR-NOT
01 100111111 7
12 111110010 6
23 111111101 8
34 110110111 7
45 011011111 7
56 101110010 5
67 110001111 6
70 111110101 7

02 100111010 5
13 111111101 8
24 111111101 8
35 011011111 7
46 001111010 5
57 110101110 6
60 111001101 6
71 101111111 8

03 111111111 a
14 111110101 7
25 011011111 7
36 001110010 4
47 111001110 6
50 111100101 6
61 110001111 6
72 101110011 6

04 110111111 8
15 011111111 8
26 011111111 8
37 110001110 5
40 111001111 7
51 100101111 6
62 110101111 7
73 111111101 8

05 011111111 8
16 011110010 5 match 6
27 111011111 8
30 111000111 6
41 101001111 6
52 100100010 3
63 111111101 8
74 111110101 7

06 001111010 5
17 111111110 8
20 111011101 7
31 100001111 5
42 101101010 5
53 111111101 8
64 110111101 7
75 011111111 8

07 110111110 7
10 111110101 7
21 111011111 8
32 100100010 3
43 111111111 a
54 110110101 6
65 111011111 8
76 001110011 5

Matching output
0 absent
1 absent
2 absent
3 absent
4 absent
5 absent
6 16
7 absent

Left
none
Best: none

Right
none
Best: none

XOR-NOT
01 100110101 5
12 111010010 5
23 100100000 2 match 0
34 110110111 7
45 010010101 4
56 101010010 4
67 000000011 2
70 110110100 5

02 100011000 3
13 100001101 4
24 101101000 4
35 011011101 6
46 000111000 3
57 010101110 5
60 001001000 2
71 101111110 7

03 111000111 6
14 101000101 4
25 000000010 1
36 001110000 3
47 111000100 4
50 011100101 5
61 010000010 2
72 101010011 5

04 110001111 6
15 000101111 5
26 010101111 6
37 110001100 4
40 110001111 6
51 000101111 5
62 010101111 6
73 110001100 4

05 011100101 5
16 010000010 2
27 101010011 5
30 111000111 6
41 101000101 4
52 000000010 1
63 001110000 3
74 111000100 4

06 001001000 2
17 101111110 7
20 100011000 3
31 100001101 4
42 101101000 4
53 011011101 6
64 000111000 3
75 010101110 5

07 110110100 5
10 100110101 5
21 111010010 5
32 100100000 2 match 0
43 110110111 7
54 010010101 4
65 101010010 4
76 000000011 2

Matching output
0 23 32
1 absent
2 absent
3 absent
4 absent
5 absent
6 absent
7 absent

Left
23 34x
32 43x
Best: XOR-NOT23: 1

Right
none
Best: none

Selecting

Lefts
Identity I5 6 7 0 1: 5
NOT none
Constant none
AND none
OR none
XOR none
AND-NOT AND-NOT52 63: 2
OR-NOT none
XOR-NOT XOR-NOT23: 1

Rights
Identity none
NOT none
Constant none
AND none
OR none
XOR XOR24 13 02: 3
AND-NOT none
OR-NOT none
XOR-NOT none

Left longest: 5
Right longest: 3

Left winner: Identity yes, NOT no, Constant no, AND no, OR no, XOR no, AND-NOT no, OR-NOT no, XOR-NOT no
Right winner: Identity no, NOT no, Constant no, AND no, OR no, XOR yes, AND-NOT no, OR-NOT no, XOR-NOT no

Best left: I5 6 7 0 1: 5
Best right: XOR24 13 02: 3

Truncated left: I5 6 7 0 1: 5
Truncated right: XOR24 13 02: 3

Tentative from right
7 XOR24
6 XOR13
5 XOR02
4 pending
3 pending
2 pending
1 pending
0 pending

Tentative
0 I5
1 I6
2 I7
3 I0
4 I1
5 XOR02
6 XOR13
7 XOR24

Preferred from left
0 I5
1 I6
2 I7
3 I0
4 I1
5 XOR02
6 XOR13
7 XOR24

Preferred from right
7 XOR24
6 XOR13
5 XOR02
4 I1
3 I0
2 I7
1 I6
0 I5

Preferred
0 I5
1 I6
2 I7
3 I0
4 I1
5 XOR02
6 XOR13
7 XOR24

Matching
0 I5
1 I6
2 I7
3 I0
4 I1
5 XOR02
6 XOR13
7 XOR24

Perfect match
Identity no
NOT no
Constant no
AND no
OR no
XOR no
AND-NOT no
OR-NOT no
XOR-NOT no

Matched
0 I5
1 I6
2 I7
3 I0
4 I1
5 XOR02
6 XOR13
7 XOR24

Selected
0 I5
1 I6
2 I7
3 I0
4 I1
5 XOR02
6 XOR13
7 XOR24

Applying to 10100101
Input
0 1
1 0
2 1
3 0
4 0
5 1
6 0
7 1
Output
0 I5 = 1
1 I6 = 0
2 I7 = 1
3 I0 = 1
4 I1 = 0
5 XOR02 = XOR(1,1) = 0
6 XOR13 = XOR(0,0) = 0
7 XOR24 = XOR(1,0) = 1

I will now return the answer in \boxed{}
The answer in \boxed{–} is \boxed{10110001}
[correct]
true
