[category]
bit_manipulation
[prompt]
In Alice's Wonderland, a secret bit manipulation rule transforms 8-bit binary numbers. The transformation involves operations like bit shifts, rotations, XOR, AND, OR, NOT, and possibly majority or choice functions.

Here are some examples of input -> output:
00001101 -> 01011001
01000101 -> 11011011
10001101 -> 01111001
01111100 -> 11100111
10110100 -> 01000101
01011000 -> 10100110
01001101 -> 11001001
00010000 -> 00100100
00110110 -> 11100001

Now, determine the output for: 00010011
[completion]
We need to deduce the transformation by matching the example outputs.
I will put my final answer inside \boxed{}.

Output 0: 01011001
0 0
1 1
2 0
3 1
4 1
5 0
6 0
7 1

Output 1: 11011011
0 1
1 1
2 0
3 1
4 1
5 0
6 1
7 1

Output 2: 01111001
0 0
1 1
2 1
3 1
4 1
5 0
6 0
7 1

Output 3: 11100111
0 1
1 1
2 1
3 0
4 0
5 1
6 1
7 1

Output 4: 01000101
0 0
1 1
2 0
3 0
4 0
5 1
6 0
7 1

Output 5: 10100110
0 1
1 0
2 1
3 0
4 0
5 1
6 1
7 0

Output 6: 11001001
0 1
1 1
2 0
3 0
4 1
5 0
6 0
7 1

Output 7: 00100100
0 0
1 0
2 1
3 0
4 0
5 1
6 0
7 0

Output 8: 11100001
0 1
1 1
2 1
3 0
4 0
5 0
6 0
7 1

Output bit columns (with bitsum as hash)
0 010101101 5
1 111110101 7
2 001101011 5
3 111000000 3
4 111000100 4
5 000111010 4
6 010101000 3
7 111110101 7

Input 0: 00001101
0 0
1 0
2 0
3 0
4 1
5 1
6 0
7 1

Input 1: 01000101
0 0
1 1
2 0
3 0
4 0
5 1
6 0
7 1

Input 2: 10001101
0 1
1 0
2 0
3 0
4 1
5 1
6 0
7 1

Input 3: 01111100
0 0
1 1
2 1
3 1
4 1
5 1
6 0
7 0

Input 4: 10110100
0 1
1 0
2 1
3 1
4 0
5 1
6 0
7 0

Input 5: 01011000
0 0
1 1
2 0
3 1
4 1
5 0
6 0
7 0

Input 6: 01001101
0 0
1 1
2 0
3 0
4 1
5 1
6 0
7 1

Input 7: 00010000
0 0
1 0
2 0
3 1
4 0
5 0
6 0
7 0

Input 8: 00110110
0 0
1 0
2 1
3 1
4 0
5 1
6 1
7 0

When matching output
x: not in operator
y: wrong position

Identity
0 001010000 2
1 010101100 4
2 000110001 3
3 000111011 5
4 101101100 5
5 111110101 7 match 1 7
6 000000001 1
7 111000100 4 match 4

Matching output
0 absent
1 5
2 absent
3 absent
4 7
5 absent
6 absent
7 5

Left
none
Best: none

Right
5 4x
Best: I5: 1

NOT
0 110101111 7
1 101010011 5
2 111001110 6
3 111000100 4 match 4
4 010010011 4
5 000001010 2
6 111111110 8
7 000111011 5

Matching output
0 absent
1 absent
2 absent
3 absent
4 3
5 absent
6 absent
7 absent

Left
none
Best: none

Right
none
Best: none

Constant
0 000000000 a
1 111111111 a

Matching output
0 absent
1 absent
2 absent
3 absent
4 absent
5 absent
6 absent
7 absent

Left
none
Best: none

Right
none
Best: none

AND
01 10 000000000 a
12 21 000100000 1
23 32 000110001 3
34 43 000101000 2
45 54 101100100 4
56 65 000000001 1
67 76 000000000 a
70 07 001000000 1

02 20 000010000 1
13 31 000101000 2
24 42 000100000 1
35 53 000110001 3
46 64 000000000 a
57 75 111000100 4 match 4
60 06 000000000 a
71 17 010000100 2

03 30 000010000 1
14 41 000101100 3
25 52 000110001 3
36 63 000000001 1
47 74 101000100 3
50 05 001010000 2
61 16 000000000 a
72 27 000000000 a

04 40 001000000 1
15 51 010100100 3
26 62 000000001 1
37 73 000000000 a

Matching output
0 absent
1 absent
2 absent
3 absent
4 57 75
5 absent
6 absent
7 absent

Left
none
Best: none

Right
none
Best: none

OR
01 10 011111100 6
12 21 010111101 6
23 32 000111011 5
34 43 101111111 8
45 54 111111101 8
56 65 111110101 7 match 1 7
67 76 111000101 5
70 07 111010100 5

02 20 001110001 4
13 31 010111111 7
24 42 101111101 7
35 53 111111111 a
46 64 101101101 6
57 75 111110101 7 match 1 7
60 06 001010001 3
71 17 111101100 6

03 30 001111011 6
14 41 111101100 6
25 52 111110101 7 match 1 7
36 63 000111011 5
47 74 111101100 6
50 05 111110101 7 match 1 7
61 16 010101101 5 match 0
72 27 111110101 7 match 1 7

04 40 101111100 6
15 51 111111101 8
26 62 000110001 3
37 73 111111111 a

Matching output
0 61 16
1 56 65 57 75 25 52 50 05 72 27
2 absent
3 absent
4 absent
5 absent
6 absent
7 56 65 57 75 25 52 50 05 72 27

Left
61 72 03x
16 27 30x
Best: OR61 72: 2

Right
56 45x
65 54x
57 46x
75 64x
25 14x
52 41x
50 47x
05 74x
72 61y
27 16y
Best: OR56: 1

XOR
01 10 011111100 6
12 21 010011101 5
23 32 000001010 2
34 43 101010111 6
45 54 010011001 4
56 65 111110100 6
67 76 111000101 5
70 07 110010100 4

02 20 001100001 3
13 31 010010111 5
24 42 101011101 6
35 53 111001110 6
46 64 101101101 6
57 75 000110001 3
60 06 001010001 3
71 17 101101000 4

03 30 001101011 5 match 2
14 41 111000000 3 match 3
25 52 111000100 4 match 4
36 63 000111010 4 match 5
47 74 010101000 3 match 6
50 05 110100101 5
61 16 010101101 5 match 0
72 27 111110101 7 match 1 7

04 40 100111100 5
15 51 101011001 5
26 62 000110000 2
37 73 111111111 a

Matching output
0 61 16
1 72 27
2 03 30
3 14 41
4 25 52
5 36 63
6 47 74
7 72 27

Left
61 72 03 14 25 36 47 50x
16 27 30 41 52 63 74 05x
Best: XOR61 72 03 14 25 36 47: 7

Right
72 61y
27 16y
Best: XOR72: 1

AND-NOT
01 001010000 2
12 010001100 3
23 000000000 a
34 000010011 3
45 000001000 1
56 111110100 6
67 000000001 1
70 110000100 3

02 001000000 1
13 010000100 2
24 000010001 2
35 000001010 2
46 101101100 5
57 000110001 3
60 000000001 1
71 101000000 2

03 001000000 1
14 010000000 1
25 000000000 a
36 000111010 4 match 5
47 000101000 2
50 110100101 5
61 000000001 1
72 111000100 4 match 4

04 000010000 1
15 000001000 1
26 000110000 2
37 000111011 5
40 100101100 4
51 101010001 4
62 000000000 a
73 111000100 4 match 4

05 000000000 a
16 010101100 4
27 000110001 3
30 000101011 4
41 101000000 2
52 111000100 4 match 4
63 000000000 a
74 010000000 1

06 001010000 2
17 000101000 2
20 000100001 2
31 000010011 3
42 101001100 4
53 111000100 4 match 4
64 000000001 1
75 000000000 a

07 000010000 1
10 010101100 4
21 000010001 2
32 000001010 2
43 101000100 3
54 010010001 3
65 000000000 a
76 111000100 4 match 4

Matching output
0 absent
1 absent
2 absent
3 absent
4 72 73 52 53 76
5 36
6 absent
7 absent

Left
none
Best: none

Right
none
Best: none

OR-NOT
01 101010011 5
12 111101110 7
23 111110101 7 match 1 7
34 010111011 6
45 101101110 6
56 111111111 a
67 000111011 5
70 111101111 8

02 111011110 7
13 111101100 6
24 010110011 5
35 000111011 5
46 111111110 8
57 111111111 a
60 110101111 7
71 111010111 7

03 111010100 5
14 010111111 7
25 000111011 5
36 111111111 a
47 101111111 8
50 111111111 a
61 101010011 5
72 111001110 6

04 011010011 5
15 010101110 5
26 111111111 a
37 000111011 5
40 111101111 8
51 111110111 8
62 111001111 7
73 111000100 4 match 4

05 001011010 4
16 111111110 8
27 000111011 5
30 110111111 8
41 101111111 8
52 111111111 a
63 111000101 5
74 111010111 7

06 111111110 8
17 010111111 7
20 110111111 8
31 101111011 7
42 111101110 7
53 111110101 7 match 1 7
64 010010011 4
75 111001110 6

07 001111011 6
10 110101111 7
21 101110011 6
32 111111111 a
43 111101100 6
54 111110111 8
65 000001011 3
76 111111110 8

Matching output
0 absent
1 23 53
2 absent
3 absent
4 73
5 absent
6 absent
7 23 53

Left
none
Best: none

Right
23 12x
53 42x
Best: OR-NOT23: 1

XOR-NOT
01 100000011 3
12 101100010 4
23 111110101 7 match 1 7
34 010101000 3 match 6
45 101100110 5
56 000001011 3
67 000111010 4 match 5
70 001101011 5 match 2

02 110011110 6
13 101101000 4
24 010100010 3
35 000110001 3
46 010010010 3
57 111001110 6
60 110101110 6
71 010010111 5

03 110010100 4
14 000111111 6
25 000111011 5
36 111000101 5
47 101010111 6
50 001011010 4
61 101010010 4
72 000001010 2

04 011000011 4
15 010100110 4
26 111001111 7
37 000000000 a
40 011000011 4
51 010100110 4
62 111001111 7
73 000000000 a

05 001011010 4
16 101010010 4
27 000001010 2
30 110010100 4
41 000111111 6
52 000111011 5
63 111000101 5
74 101010111 6

06 110101110 6
17 010010111 5
20 110011110 6
31 101101000 4
42 010100010 3
53 000110001 3
64 010010010 3
75 111001110 6

07 001101011 5 match 2
10 100000011 3
21 101100010 4
32 111110101 7 match 1 7
43 010101000 3 match 6
54 101100110 5
65 000001011 3
76 000111010 4 match 5

Matching output
0 absent
1 23 32
2 70 07
3 absent
4 absent
5 67 76
6 34 43
7 23 32

Left
none
Best: none

Right
23 12x
32 21x
Best: XOR-NOT23: 1

Selecting

Lefts
Identity none
NOT none
Constant none
AND none
OR OR61 72: 2
XOR XOR61 72 03 14 25 36 47: 7
AND-NOT none
OR-NOT none
XOR-NOT none

Rights
Identity I5: 1
NOT none
Constant none
AND none
OR OR56: 1
XOR XOR72: 1
AND-NOT none
OR-NOT OR-NOT23: 1
XOR-NOT XOR-NOT23: 1

Left longest: 7
Right longest: 1

Left winner: Identity no, NOT no, Constant no, AND no, OR no, XOR yes, AND-NOT no, OR-NOT no, XOR-NOT no
Right winner: Identity yes, NOT no, Constant no, AND no, OR no, XOR no, AND-NOT no, OR-NOT no, XOR-NOT no

Best left: XOR61 72 03 14 25 36 47: 7
Best right: I5: 1

Truncated left: XOR61 72 03 14 25 36 47: 7
Truncated right: I5: 1

Tentative from right
7 I5
6 pending
5 pending
4 pending
3 pending
2 pending
1 pending
0 pending

Tentative
0 XOR61
1 XOR72
2 XOR03
3 XOR14
4 XOR25
5 XOR36
6 XOR47
7 I5

Preferred from left
0 XOR61
1 XOR72
2 XOR03
3 XOR14
4 XOR25
5 XOR36
6 XOR47
7 I5

Preferred from right
7 I5
6 XOR47
5 XOR36
4 XOR25
3 XOR14
2 XOR03
1 XOR72
0 XOR61

Preferred
0 XOR61
1 XOR72
2 XOR03
3 XOR14
4 XOR25
5 XOR36
6 XOR47
7 I5

Matching
0 XOR61
1 XOR72
2 XOR03
3 XOR14
4 XOR25
5 XOR36
6 XOR47
7 I5

Perfect match
Identity no
NOT no
Constant no
AND no
OR no
XOR no
AND-NOT no
OR-NOT no
XOR-NOT no

Matched
0 XOR61
1 XOR72
2 XOR03
3 XOR14
4 XOR25
5 XOR36
6 XOR47
7 I5

Selected
0 XOR61
1 XOR72
2 XOR03
3 XOR14
4 XOR25
5 XOR36
6 XOR47
7 I5

Applying to 00010011
Input
0 0
1 0
2 0
3 1
4 0
5 0
6 1
7 1
Output
0 XOR61 = XOR(1,0) = 1
1 XOR72 = XOR(1,0) = 1
2 XOR03 = XOR(0,1) = 1
3 XOR14 = XOR(0,0) = 0
4 XOR25 = XOR(0,0) = 0
5 XOR36 = XOR(1,1) = 0
6 XOR47 = XOR(0,1) = 1
7 I5 = 0

I will now return the answer in \boxed{}
The answer in \boxed{–} is \boxed{11100010}
[correct]
true
