[category]
bit_manipulation
[prompt]
In Alice's Wonderland, a secret bit manipulation rule transforms 8-bit binary numbers. The transformation involves operations like bit shifts, rotations, XOR, AND, OR, NOT, and possibly majority or choice functions.

Here are some examples of input -> output:
11000100 -> 10001110
11001110 -> 10011010
01100011 -> 11000101
00110000 -> 01100001
10110010 -> 01100001
11110010 -> 11100011
11010101 -> 10101100
10001000 -> 00010100
00001100 -> 00011000
01101011 -> 11010101

Now, determine the output for: 11011101
[completion]
We need to deduce the transformation by matching the example outputs.
I will put my final answer inside \boxed{}.

Output 0: 10001110
0 1
1 0
2 0
3 0
4 1
5 1
6 1
7 0

Output 1: 10011010
0 1
1 0
2 0
3 1
4 1
5 0
6 1
7 0

Output 2: 11000101
0 1
1 1
2 0
3 0
4 0
5 1
6 0
7 1

Output 3: 01100001
0 0
1 1
2 1
3 0
4 0
5 0
6 0
7 1

Output 4: 01100001
0 0
1 1
2 1
3 0
4 0
5 0
6 0
7 1

Output 5: 11100011
0 1
1 1
2 1
3 0
4 0
5 0
6 1
7 1

Output 6: 10101100
0 1
1 0
2 1
3 0
4 1
5 1
6 0
7 0

Output 7: 00010100
0 0
1 0
2 0
3 1
4 0
5 1
6 0
7 0

Output 8: 00011000
0 0
1 0
2 0
3 1
4 1
5 0
6 0
7 0

Output 9: 11010101
0 1
1 1
2 0
3 1
4 0
5 1
6 0
7 1

Output bit columns (with bitsum as hash)
0 1110011001 6
1 0011110001 5
2 0001111000 4
3 0100000111 4
4 1100001010 4
5 1010001101 5
6 1100010000 3
7 0011110001 5

Input 0: 11000100
0 1
1 1
2 0
3 0
4 0
5 1
6 0
7 0

Input 1: 11001110
0 1
1 1
2 0
3 0
4 1
5 1
6 1
7 0

Input 2: 01100011
0 0
1 1
2 1
3 0
4 0
5 0
6 1
7 1

Input 3: 00110000
0 0
1 0
2 1
3 1
4 0
5 0
6 0
7 0

Input 4: 10110010
0 1
1 0
2 1
3 1
4 0
5 0
6 1
7 0

Input 5: 11110010
0 1
1 1
2 1
3 1
4 0
5 0
6 1
7 0

Input 6: 11010101
0 1
1 1
2 0
3 1
4 0
5 1
6 0
7 1

Input 7: 10001000
0 1
1 0
2 0
3 0
4 1
5 0
6 0
7 0

Input 8: 00001100
0 0
1 0
2 0
3 0
4 1
5 1
6 0
7 0

Input 9: 01101011
0 0
1 1
2 1
3 0
4 1
5 0
6 1
7 1

When matching output
x: not in operator
y: wrong position

Identity
0 1100111100 6
1 1110011001 6 match 0
2 0011110001 5 match 1 7
3 0001111000 4 match 2
4 0100000111 4 match 3
5 1100001010 4 match 4
6 0110110001 5
7 0010001001 3

Matching output
0 1
1 2
2 3
3 4
4 5
5 absent
6 absent
7 2

Left
1 2 3 4 5 6x
Best: I1 2 3 4 5: 5

Right
2 1y
Best: I2: 1

NOT
0 0011000011 4
1 0001100110 4
2 1100001110 5
3 1110000111 6
4 1011111000 6
5 0011110101 6
6 1001001110 5
7 1101110110 7

Matching output
0 absent
1 absent
2 absent
3 absent
4 absent
5 absent
6 absent
7 absent

Left
none
Best: none

Right
none
Best: none

Constant
0 0000000000 a
1 1111111111 a

Matching output
0 absent
1 absent
2 absent
3 absent
4 absent
5 absent
6 absent
7 absent

Left
none
Best: none

Right
none
Best: none

AND
01 10 1100011000 4
12 21 0010010001 3
23 32 0001110000 3
34 43 0000000000 a
45 54 0100000010 2
56 65 0100000000 1
67 76 0010000001 2
70 07 0000001000 1

02 20 0000110000 2
13 31 0000011000 2
24 42 0000000001 1
35 53 0000001000 1
46 64 0100000001 2
57 75 0000001000 1
60 06 0100110000 3
71 17 0010001001 3

03 30 0000111000 3
14 41 0100000001 2
25 52 0000000000 a
36 63 0000110000 2
47 74 0000000001 1
50 05 1100001000 3
61 16 0110010001 4
72 27 0010000001 2

04 40 0100000100 2
15 51 1100001000 3
26 62 0010110001 4
37 73 0000001000 1

Matching output
0 absent
1 absent
2 absent
3 absent
4 absent
5 absent
6 absent
7 absent

Left
none
Best: none

Right
none
Best: none

OR
01 10 1110111101 8
12 21 1111111001 8
23 32 0011111001 6
34 43 0101111111 8
45 54 1100001111 6
56 65 1110111011 8
67 76 0110111001 6
70 07 1110111101 8

02 20 1111111101 9
13 31 1111111001 8
24 42 0111110111 8
35 53 1101111010 7
46 64 0110110111 7
57 75 1110001011 6
60 06 1110111101 8
71 17 1110011001 6 match 0

03 30 1101111100 7
14 41 1110011111 8
25 52 1111111011 9
36 63 0111111001 7
47 74 0110001111 6
50 05 1100111110 7
61 16 1110111001 7
72 27 0011111001 6

04 40 1100111111 8
15 51 1110011011 7
26 62 0111110001 6
37 73 0011111001 6

Matching output
0 71 17
1 absent
2 absent
3 absent
4 absent
5 absent
6 absent
7 absent

Left
71 02x
17 20x
Best: OR71: 1

Right
none
Best: none

XOR
01 10 0010100101 4
12 21 1101101000 5
23 32 0010001001 3
34 43 0101111111 8
45 54 1000001101 4
56 65 1010111011 7
67 76 0100111000 4
70 07 1110110101 7

02 20 1111001101 7
13 31 1111100001 6
24 42 0111110110 7
35 53 1101110010 6
46 64 0010110110 5
57 75 1110000011 5
60 06 1010001101 5 match 5
71 17 1100010000 3 match 6

03 30 1101000100 4
14 41 1010011110 6
25 52 1111111011 9
36 63 0111001001 5
47 74 0110001110 5
50 05 0000110110 4
61 16 1000101000 3
72 27 0001111000 4 match 2

04 40 1000111011 6
15 51 0010010011 4
26 62 0101000000 2
37 73 0011110001 5 match 1 7

Matching output
0 absent
1 37 73
2 72 27
3 absent
4 absent
5 60 06
6 71 17
7 37 73

Left
none
Best: none

Right
37 26x
73 62x
Best: XOR37: 1

AND-NOT
01 0000100100 2
12 1100001000 3
23 0010000001 2
34 0001111000 4 match 2
45 0000000101 2
56 1000001010 3
67 0100110000 3
70 0010000001 2

02 1100001100 4
13 1110000001 4
24 0011110000 4
35 0001110000 3
46 0000000110 2
57 1100000010 3
60 0010000001 2
71 0000000000 a

03 1100000100 3
14 1010011000 4
25 0011110001 5 match 1 7
36 0001001000 2
47 0100000110 3
50 0000000010 1
61 0000100000 1
72 0000001000 1

04 1000111000 4
15 0010010001 3
26 0001000000 1
37 0001110000 3
40 0000000011 2
51 0000000010 1
62 0100000000 1
73 0010000001 2

05 0000110100 3
16 1000001000 2
27 0001110000 3
30 0001000000 1
41 0000000110 2
52 1100001010 4 match 4
63 0110000001 3
74 0010001000 2

06 1000001100 3
17 1100010000 3 match 6
20 0011000001 3
31 0001100000 2
42 0100000110 3
53 1100000010 3
64 0010110000 3
75 0010000001 2

07 1100110100 5
10 0010000001 2
21 0001100000 2
32 0000001000 1
43 0100000111 4 match 3
54 1000001000 2
65 0010110001 4
76 0000001000 1

Matching output
0 absent
1 25
2 34
3 43
4 52
5 absent
6 17
7 25

Left
none
Best: none

Right
25 14x
Best: AND-NOT25: 1

OR-NOT
01 1101111110 8
12 1110011111 8
23 1111110111 9
34 1011111000 6
45 0111110111 8
56 1101001110 6
67 1111110111 9
70 0011001011 5

02 1100111110 7
13 1110011111 8
24 1011111001 7
35 0011111101 7
46 1101001111 7
57 1101111110 8
60 0111110011 7
71 0011101111 7

03 1110111111 9
14 1111111001 8
25 0011110101 6
36 1001111110 7
47 1101110111 8
50 1111001011 7
61 0111110111 8
72 1110001111 7

04 1111111100 8
15 1111111101 9
26 1011111111 9
37 1101111110 8
40 0111000111 6
51 1101101110 7
62 1110111111 9
73 1110001111 7

05 1111111101 9
16 1111011111 9
27 1111110111 9
30 0011111011 7
41 0101100111 6
52 1100001110 5
63 1110110111 8
74 1011111001 7

06 1101111110 8
17 1111111111 a
20 0011110011 6
31 0001111110 6
42 1100001111 6
53 1110001111 7
64 1111111001 8
75 0011111101 7

07 1101111110 8
10 1111011011 8
21 0011110111 7
32 1101111110 8
43 1110000111 6
54 1111111010 8
65 0111110101 7
76 1011001111 7

Matching output
0 absent
1 absent
2 absent
3 absent
4 absent
5 absent
6 absent
7 absent

Left
none
Best: none

Right
none
Best: none

XOR-NOT
01 1101011010 6
12 0010010111 5
23 1101110110 7
34 1010000000 2
45 0111110010 6
56 0101000100 3
67 1011000111 6
70 0001001010 3

02 0000110010 3
13 0000011110 4
24 1000001001 3
35 0010001101 4
46 1101001001 5
57 0001111100 5
60 0101110010 5
71 0011101111 7

03 0010111011 6
14 0101100001 4
25 0000000100 1
36 1000110110 5
47 1001110001 5
50 1111001001 6
61 0111010111 7
72 1110000111 6

04 0111000100 4
15 1101101100 6
26 1010111111 8
37 1100001110 5
40 0111000100 4
51 1101101100 6
62 1010111111 8
73 1100001110 5

05 1111001001 6
16 0111010111 7
27 1110000111 6
30 0010111011 6
41 0101100001 4
52 0000000100 1
63 1000110110 5
74 1001110001 5

06 0101110010 5
17 0011101111 7
20 0000110010 3
31 0000011110 4
42 1000001001 3
53 0010001101 4
64 1101001001 5
75 0001111100 5

07 0001001010 3
10 1101011010 6
21 0010010111 5
32 1101110110 7
43 1010000000 2
54 0111110010 6
65 0101000100 3
76 1011000111 6

Matching output
0 absent
1 absent
2 absent
3 absent
4 absent
5 absent
6 absent
7 absent

Left
none
Best: none

Right
none
Best: none

Selecting

Lefts
Identity I1 2 3 4 5: 5
NOT none
Constant none
AND none
OR OR71: 1
XOR none
AND-NOT none
OR-NOT none
XOR-NOT none

Rights
Identity I2: 1
NOT none
Constant none
AND none
OR none
XOR XOR37: 1
AND-NOT AND-NOT25: 1
OR-NOT none
XOR-NOT none

Left longest: 5
Right longest: 1

Left winner: Identity yes, NOT no, Constant no, AND no, OR no, XOR no, AND-NOT no, OR-NOT no, XOR-NOT no
Right winner: Identity yes, NOT no, Constant no, AND no, OR no, XOR no, AND-NOT no, OR-NOT no, XOR-NOT no

Best left: I1 2 3 4 5: 5
Best right: I2: 1

Truncated left: I1 2 3 4 5: 5
Truncated right: I2: 1

Tentative from right
7 I2
6 pending
5 pending
4 pending
3 pending
2 pending
1 pending
0 pending

Tentative
0 I1
1 I2
2 I3
3 I4
4 I5
5 pending
6 pending
7 I2

Preferred from left
0 I1
1 I2
2 I3
3 I4
4 I5
5 ?6?
6 ?7?
7 I2

Preferred from right
7 I2
6 ?71
5 ?60
4 I5
3 I4
2 I3
1 I2
0 I1

Preferred
0 I1
1 I2
2 I3
3 I4
4 I5
5 ?60 ?06
6 ?71 ?17
7 I2

Matching
0 I1
1 I2
2 I3
3 I4
4 I5
5 ?60 ?06 - Identity absent, NOT absent, Constant absent, AND absent, OR absent, XOR60, AND-NOT absent, OR-NOT absent, XOR-NOT absent
6 ?71 ?17 - Identity absent, NOT absent, Constant absent, AND absent, OR absent, XOR71, AND-NOT17, OR-NOT absent, XOR-NOT absent
7 I2

Perfect match
Identity no
NOT no
Constant no
AND no
OR no
XOR yes
AND-NOT no
OR-NOT no
XOR-NOT no

Matched
0 I1
1 I2
2 I3
3 I4
4 I5
5 XOR60
6 XOR71
7 I2

Selected
0 I1
1 I2
2 I3
3 I4
4 I5
5 XOR60
6 XOR71
7 I2

Applying to 11011101
Input
0 1
1 1
2 0
3 1
4 1
5 1
6 0
7 1
Output
0 I1 = 1
1 I2 = 0
2 I3 = 1
3 I4 = 1
4 I5 = 1
5 XOR60 = XOR(0,1) = 1
6 XOR71 = XOR(1,1) = 0
7 I2 = 0

I will now return the answer in \boxed{}
The answer in \boxed{–} is \boxed{10111100}
[correct]
true
