[category]
bit_manipulation
[prompt]
In Alice's Wonderland, a secret bit manipulation rule transforms 8-bit binary numbers. The transformation involves operations like bit shifts, rotations, XOR, AND, OR, NOT, and possibly majority or choice functions.

Here are some examples of input -> output:
00010110 -> 01011101
00000010 -> 00001000
11000011 -> 00111111
00011000 -> 01100110
01010000 -> 01010101
11011000 -> 01110111
10000000 -> 00100010
10111000 -> 11101110
11111011 -> 11111111
00110110 -> 11011101

Now, determine the output for: 00010001
[completion]
We need to deduce the transformation by matching the example outputs.
I will put my final answer inside \boxed{}.

Output 0: 01011101
0 0
1 1
2 0
3 1
4 1
5 1
6 0
7 1

Output 1: 00001000
0 0
1 0
2 0
3 0
4 1
5 0
6 0
7 0

Output 2: 00111111
0 0
1 0
2 1
3 1
4 1
5 1
6 1
7 1

Output 3: 01100110
0 0
1 1
2 1
3 0
4 0
5 1
6 1
7 0

Output 4: 01010101
0 0
1 1
2 0
3 1
4 0
5 1
6 0
7 1

Output 5: 01110111
0 0
1 1
2 1
3 1
4 0
5 1
6 1
7 1

Output 6: 00100010
0 0
1 0
2 1
3 0
4 0
5 0
6 1
7 0

Output 7: 11101110
0 1
1 1
2 1
3 0
4 1
5 1
6 1
7 0

Output 8: 11111111
0 1
1 1
2 1
3 1
4 1
5 1
6 1
7 1

Output 9: 11011101
0 1
1 1
2 0
3 1
4 1
5 1
6 0
7 1

Output bit columns (with bitsum as hash)
0 0000000111 3
1 1001110111 7
2 0011011110 6
3 1010110011 6
4 1110000111 6
5 1011110111 8
6 0011011110 6
7 1010110011 6

Input 0: 00010110
0 0
1 0
2 0
3 1
4 0
5 1
6 1
7 0

Input 1: 00000010
0 0
1 0
2 0
3 0
4 0
5 0
6 1
7 0

Input 2: 11000011
0 1
1 1
2 0
3 0
4 0
5 0
6 1
7 1

Input 3: 00011000
0 0
1 0
2 0
3 1
4 1
5 0
6 0
7 0

Input 4: 01010000
0 0
1 1
2 0
3 1
4 0
5 0
6 0
7 0

Input 5: 11011000
0 1
1 1
2 0
3 1
4 1
5 0
6 0
7 0

Input 6: 10000000
0 1
1 0
2 0
3 0
4 0
5 0
6 0
7 0

Input 7: 10111000
0 1
1 0
2 1
3 1
4 1
5 0
6 0
7 0

Input 8: 11111011
0 1
1 1
2 1
3 1
4 1
5 0
6 1
7 1

Input 9: 00110110
0 0
1 0
2 1
3 1
4 0
5 1
6 1
7 0

When matching output
x: not in operator
y: wrong position

Identity
0 0010011110 5
1 0010110010 4
2 0000000111 3 match 0
3 1001110111 7 match 1
4 0001010110 4
5 1000000001 2
6 1110000011 5
7 0010000010 2

Matching output
0 2
1 3
2 absent
3 absent
4 absent
5 absent
6 absent
7 absent

Left
2 3 4x
Best: I2 3: 2

Right
none
Best: none

NOT
0 1101100001 5
1 1101001101 6
2 1111111000 7
3 0110001000 3
4 1110101001 6
5 0111111110 8
6 0001111100 5
7 1101111101 8

Matching output
0 absent
1 absent
2 absent
3 absent
4 absent
5 absent
6 absent
7 absent

Left
none
Best: none

Right
none
Best: none

Constant
0 0000000000 a
1 1111111111 a

Matching output
0 absent
1 absent
2 absent
3 absent
4 absent
5 absent
6 absent
7 absent

Left
none
Best: none

Right
none
Best: none

AND
01 10 0010010010 3
12 21 0000000010 1
23 32 0000000111 3 match 0
34 43 0001010110 4
45 54 0000000000 a
56 65 1000000001 2
67 76 0010000010 2
70 07 0010000010 2

02 20 0000000110 2
13 31 0000110010 3
24 42 0000000110 2
35 53 1000000001 2
46 64 0000000010 1
57 75 0000000000 a
60 06 0010000010 2
71 17 0010000010 2

03 30 0000010110 3
14 41 0000010010 2
25 52 0000000001 1
36 63 1000000011 3
47 74 0000000010 1
50 05 0000000000 a
61 16 0010000010 2
72 27 0000000010 1

04 40 0000010110 3
15 51 0000000000 a
26 62 0000000011 2
37 73 0000000010 1

Matching output
0 23 32
1 absent
2 absent
3 absent
4 absent
5 absent
6 absent
7 absent

Left
23 34x
32 43x
Best: AND23: 1

Right
none
Best: none

OR
01 10 0010111110 6
12 21 0010110111 6
23 32 1001110111 7 match 1
34 43 1001110111 7 match 1
45 54 1001010111 6
56 65 1110000011 5
67 76 1110000011 5
70 07 0010011110 5

02 20 0010011111 6
13 31 1011110111 8 match 5
24 42 0001010111 5
35 53 1001110111 7 match 1
46 64 1111010111 8
57 75 1010000011 4
60 06 1110011111 8
71 17 0010110010 4

03 30 1011111111 9
14 41 0011110110 6
25 52 1000000111 4
36 63 1111110111 9
47 74 0011010110 5
50 05 1010011111 7
61 16 1110110011 7
72 27 0010000111 4

04 40 0011011110 6 match 2 6
15 51 1010110011 6 match 3 7
26 62 1110000111 6 match 4
37 73 1011110111 8 match 5

Matching output
0 absent
1 23 32 34 43 35 53
2 04 40
3 15 51
4 26 62
5 13 31 37 73
6 04 40
7 15 51

Left
none
Best: none

Right
15 04 73 62 51 40 37y
51 40 37 26 15 04 73y
Best: OR15 04 73 62 51 40: 6

XOR
01 10 0000101100 3
12 21 0010110101 5
23 32 1001110000 4
34 43 1000100001 3
45 54 1001010111 6
56 65 0110000010 3
67 76 1100000001 3
70 07 0000011100 3

02 20 0010011001 4
13 31 1011000101 5
24 42 0001010001 3
35 53 0001110110 5
46 64 1111010101 7
57 75 1010000011 4
60 06 1100011101 6
71 17 0000110000 2

03 30 1011101001 6
14 41 0011100100 4
25 52 1000000110 3
36 63 0111110100 6
47 74 0011010100 4
50 05 1010011111 7
61 16 1100110001 5
72 27 0010000101 3

04 40 0011001000 3
15 51 1010110011 6 match 3 7
26 62 1110000100 4
37 73 1011110101 7

Matching output
0 absent
1 absent
2 absent
3 15 51
4 absent
5 absent
6 absent
7 15 51

Left
none
Best: none

Right
15 04x
51 40x
Best: XOR15: 1

AND-NOT
01 0000001100 2
12 0010110000 3
23 0000000000 a
34 1000100001 3
45 0001010110 4
56 0000000000 a
67 1100000001 3
70 0000000000 a

02 0010011000 3
13 0010000000 1
24 0000000001 1
35 0001110110 5
46 0001010100 3
57 1000000001 2
60 1100000001 3
71 0000000000 a

03 0010001000 2
14 0010100000 2
25 0000000110 2
36 0001110100 4
47 0001010100 3
50 1000000001 2
61 1100000001 3
72 0010000000 1

04 0010001000 2
15 0010110010 4
26 0000000100 1
37 1001110101 6
40 0001000000 1
51 1000000001 2
62 1110000000 3
73 0010000000 1

05 0010011110 5
16 0000110000 2
27 0000000101 2
30 1001100001 4
41 0001000100 2
52 1000000000 1
63 0110000000 2
74 0010000000 1

06 0000011100 3
17 0000110000 2
20 0000000001 1
31 1001000101 4
42 0001010000 2
53 0000000000 a
64 1110000001 4
75 0010000010 2

07 0000011100 3
10 0000100000 1
21 0000000101 2
32 1001110000 4
43 0000000000 a
54 1000000001 2
65 0110000010 3
76 0000000000 a

Matching output
0 absent
1 absent
2 absent
3 absent
4 absent
5 absent
6 absent
7 absent

Left
none
Best: none

Right
none
Best: none

OR-NOT
01 1111011111 9
12 1111111010 8
23 0110001111 6
34 1111111111 a
45 0111111110 8
56 1001111101 7
67 1111111111 a
70 1111100011 7

02 1111111110 9
13 0110111010 6
24 1110101111 8
35 1111111111 a
46 0001111110 6
57 1101111101 8
60 1111100011 7
71 1111001111 8

03 0110011110 6
14 1110111011 8
25 0111111111 9
36 1001111111 8
47 1101111111 9
50 1101100001 5
61 1111001111 8
72 1111111010 8

04 1110111111 9
15 0111111110 8
26 0001111111 7
37 1101111111 9
40 1101110111 8
51 1101001101 6
62 1111111011 9
73 0110001010 4

05 0111111110 8
16 0011111110 7
27 1101111111 9
30 1101110111 8
41 1101011111 8
52 1111111001 8
63 1110001011 6
74 1110101011 7

06 0011111110 7
17 1111111111 a
20 1101100111 7
31 1101111111 9
42 1111111110 9
53 1110001001 5
64 1110101011 7
75 0111111110 8

07 1111111111 a
10 1111110011 8
21 1101001111 7
32 1111111111 a
43 0111011110 7
54 1110101001 6
65 1111111111 a
76 0011111110 7

Matching output
0 absent
1 absent
2 absent
3 absent
4 absent
5 absent
6 absent
7 absent

Left
none
Best: none

Right
none
Best: none

XOR-NOT
01 1111010011 7
12 1101001010 5
23 0110001111 6
34 0111011110 7
45 0110101000 4
56 1001111101 7
67 0011111110 7
70 1111100011 7

02 1101100110 6
13 0100111010 5
24 1110101110 7
35 1110001001 5
46 0000101010 3
57 0101111100 6
60 0011100010 4
71 1111001111 8

03 0100010110 4
14 1100011011 6
25 0111111001 7
36 1000001011 4
47 1100101011 6
50 0101100000 3
61 0011001110 5
72 1101111010 7

04 1100110111 7
15 0101001100 4
26 0001111011 6
37 0100001010 3
40 1100110111 7
51 0101001100 4
62 0001111011 6
73 0100001010 3

05 0101100000 3
16 0011001110 5
27 1101111010 7
30 0100010110 4
41 1100011011 6
52 0111111001 7
63 1000001011 4
74 1100101011 6

06 0011100010 4
17 1111001111 8
20 1101100110 6
31 0100111010 5
42 1110101110 7
53 1110001001 5
64 0000101010 3
75 0101111100 6

07 1111100011 7
10 1111010011 7
21 1101001010 5
32 0110001111 6
43 0111011110 7
54 0110101000 4
65 1001111101 7
76 0011111110 7

Matching output
0 absent
1 absent
2 absent
3 absent
4 absent
5 absent
6 absent
7 absent

Left
none
Best: none

Right
none
Best: none

Selecting

Lefts
Identity I2 3: 2
NOT none
Constant none
AND AND23: 1
OR none
XOR none
AND-NOT none
OR-NOT none
XOR-NOT none

Rights
Identity none
NOT none
Constant none
AND none
OR OR15 04 73 62 51 40: 6
XOR XOR15: 1
AND-NOT none
OR-NOT none
XOR-NOT none

Left longest: 2
Right longest: 6

Right winner: Identity no, NOT no, Constant no, AND no, OR yes, XOR no, AND-NOT no, OR-NOT no, XOR-NOT no
Left winner: Identity yes, NOT no, Constant no, AND no, OR no, XOR no, AND-NOT no, OR-NOT no, XOR-NOT no

Best right: OR15 04 73 62 51 40: 6
Best left: I2 3: 2

Truncated right: OR15 04 73 62 51 40: 6
Truncated left: I2 3: 2

Tentative from right
7 OR15
6 OR04
5 OR73
4 OR62
3 OR51
2 OR40
1 pending
0 pending

Tentative
0 I2
1 I3
2 OR40
3 OR51
4 OR62
5 OR73
6 OR04
7 OR15

Preferred from right
7 OR15
6 OR04
5 OR73
4 OR62
3 OR51
2 OR40
1 I3
0 I2

Preferred from left
0 I2
1 I3
2 OR40
3 OR51
4 OR62
5 OR73
6 OR04
7 OR15

Preferred
0 I2
1 I3
2 OR40
3 OR51
4 OR62
5 OR73
6 OR04
7 OR15

Matching
0 I2
1 I3
2 OR40
3 OR51
4 OR62
5 OR73
6 OR04
7 OR15

Perfect match
Identity no
NOT no
Constant no
AND no
OR no
XOR no
AND-NOT no
OR-NOT no
XOR-NOT no

Matched
0 I2
1 I3
2 OR40
3 OR51
4 OR62
5 OR73
6 OR04
7 OR15

Selected
0 I2
1 I3
2 OR40
3 OR51
4 OR62
5 OR73
6 OR04
7 OR15

Applying to 00010001
Input
0 0
1 0
2 0
3 1
4 0
5 0
6 0
7 1
Output
0 I2 = 0
1 I3 = 1
2 OR40 = OR(0,0) = 0
3 OR51 = OR(0,0) = 0
4 OR62 = OR(0,0) = 0
5 OR73 = OR(1,1) = 1
6 OR04 = OR(0,0) = 0
7 OR15 = OR(0,0) = 0

I will now return the answer in \boxed{}
The answer in \boxed{–} is \boxed{01000100}
[correct]
true
