[category]
bit_manipulation
[prompt]
In Alice's Wonderland, a secret bit manipulation rule transforms 8-bit binary numbers. The transformation involves operations like bit shifts, rotations, XOR, AND, OR, NOT, and possibly majority or choice functions.

Here are some examples of input -> output:
00111110 -> 10001000
10100101 -> 00000000
00011110 -> 00000000
00000110 -> 00000000
10111000 -> 00100010
10001100 -> 00100010
11111111 -> 11111111

Now, determine the output for: 10010010
[completion]
We need to deduce the transformation by matching the example outputs.
I will put my final answer inside \boxed{}.

Output 0: 10001000
0 1
1 0
2 0
3 0
4 1
5 0
6 0
7 0

Output 1: 00000000
0 0
1 0
2 0
3 0
4 0
5 0
6 0
7 0

Output 2: 00000000
0 0
1 0
2 0
3 0
4 0
5 0
6 0
7 0

Output 3: 00000000
0 0
1 0
2 0
3 0
4 0
5 0
6 0
7 0

Output 4: 00100010
0 0
1 0
2 1
3 0
4 0
5 0
6 1
7 0

Output 5: 00100010
0 0
1 0
2 1
3 0
4 0
5 0
6 1
7 0

Output 6: 11111111
0 1
1 1
2 1
3 1
4 1
5 1
6 1
7 1

Output bit columns (with bitsum as hash)
0 1000001 2
1 0000001 1
2 0000111 3
3 0000001 1
4 1000001 2
5 0000001 1
6 0000111 3
7 0000001 1

Input 0: 00111110
0 0
1 0
2 1
3 1
4 1
5 1
6 1
7 0

Input 1: 10100101
0 1
1 0
2 1
3 0
4 0
5 1
6 0
7 1

Input 2: 00011110
0 0
1 0
2 0
3 1
4 1
5 1
6 1
7 0

Input 3: 00000110
0 0
1 0
2 0
3 0
4 0
5 1
6 1
7 0

Input 4: 10111000
0 1
1 0
2 1
3 1
4 1
5 0
6 0
7 0

Input 5: 10001100
0 1
1 0
2 0
3 0
4 1
5 1
6 0
7 0

Input 6: 11111111
0 1
1 1
2 1
3 1
4 1
5 1
6 1
7 1

When matching output
x: not in operator
y: wrong position

Identity
0 0100111 4
1 0000001 1 match 1 3 5 7
2 1100101 4
3 1010101 4
4 1010111 5
5 1111011 6
6 1011001 4
7 0100001 2

Matching output
0 absent
1 1
2 absent
3 1
4 absent
5 1
6 absent
7 1

Left
none
Best: none

Right
1 0x
Best: I1: 1

NOT
0 1011000 3
1 1111110 6
2 0011010 3
3 0101010 3
4 0101000 2
5 0000100 1
6 0100110 3
7 1011110 5

Matching output
0 absent
1 absent
2 absent
3 absent
4 absent
5 absent
6 absent
7 absent

Left
none
Best: none

Right
none
Best: none

Constant
0 0000000 a
1 1111111 a

Matching output
0 absent
1 absent
2 absent
3 absent
4 absent
5 absent
6 absent
7 absent

Left
none
Best: none

Right
none
Best: none

AND
01 10 0000001 1 match 1 3 5 7
12 21 0000001 1 match 1 3 5 7
23 32 1000101 3
34 43 1010101 4
45 54 1010011 4
56 65 1011001 4
67 76 0000001 1 match 1 3 5 7
70 07 0100001 2

02 20 0100101 3
13 31 0000001 1 match 1 3 5 7
24 42 1000101 3
35 53 1010001 3
46 64 1010001 3
57 75 0100001 2
60 06 0000001 1 match 1 3 5 7
71 17 0000001 1 match 1 3 5 7

03 30 0000101 2
14 41 0000001 1 match 1 3 5 7
25 52 1100001 3
36 63 1010001 3
47 74 0000001 1 match 1 3 5 7
50 05 0100011 3
61 16 0000001 1 match 1 3 5 7
72 27 0100001 2

04 40 0000111 3 match 2 6
15 51 0000001 1 match 1 3 5 7
26 62 1000001 2 match 0 4
37 73 0000001 1 match 1 3 5 7

Matching output
0 26 62
1 01 10 12 21 67 76 13 31 60 06 71 17 14 41 47 74 61 16 15 51 37 73
2 04 40
3 01 10 12 21 67 76 13 31 60 06 71 17 14 41 47 74 61 16 15 51 37 73
4 26 62
5 01 10 12 21 67 76 13 31 60 06 71 17 14 41 47 74 61 16 15 51 37 73
6 04 40
7 01 10 12 21 67 76 13 31 60 06 71 17 14 41 47 74 61 16 15 51 37 73

Left
26 37 40 51 62 73 04 15
62 73 04 15 26 37 40 51
Best: AND26 37 40 51 62 73 04 15: 8

Right
01 70x
10 07x
12 01y
21 10y
67 56x
76 65x
13 02x
31 20x
60 57x
06 75x
71 60y
17 06y
14 03x
41 30x
47 36x
74 63x
61 50x
16 05x
15 04 73 62 51 40 37 26
51 40 37 26 15 04 73 62
37 26y
73 62y
Best: AND15 04 73 62 51 40 37 26: 8

OR
01 10 0100111 4
12 21 1100101 4
23 32 1110101 5
34 43 1010111 5
45 54 1111111 a
56 65 1111011 6
67 76 1111001 5
70 07 0100111 4

02 20 1100111 5
13 31 1010101 4
24 42 1110111 6
35 53 1111111 a
46 64 1011111 6
57 75 1111011 6
60 06 1111111 a
71 17 0100001 2

03 30 1110111 6
14 41 1010111 5
25 52 1111111 a
36 63 1011101 5
47 74 1110111 6
50 05 1111111 a
61 16 1011001 4
72 27 1100101 4

04 40 1110111 6
15 51 1111011 6
26 62 1111101 6
37 73 1110101 5

Matching output
0 absent
1 absent
2 absent
3 absent
4 absent
5 absent
6 absent
7 absent

Left
none
Best: none

Right
none
Best: none

XOR
01 10 0100110 3
12 21 1100100 3
23 32 0110000 2
34 43 0000010 1
45 54 0101100 3
56 65 0100010 2
67 76 1111000 4
70 07 0000110 2

02 20 1000010 2
13 31 1010100 3
24 42 0110010 3
35 53 0101110 4
46 64 0001110 3
57 75 1011010 4
60 06 1111110 6
71 17 0100000 1

03 30 1110010 4
14 41 1010110 4
25 52 0011110 4
36 63 0001100 2
47 74 1110110 5
50 05 1011100 4
61 16 1011000 3
72 27 1000100 2

04 40 1110000 3
15 51 1111010 5
26 62 0111100 4
37 73 1110100 4

Matching output
0 absent
1 absent
2 absent
3 absent
4 absent
5 absent
6 absent
7 absent

Left
none
Best: none

Right
none
Best: none

AND-NOT
01 0100110 3
12 0000000 a
23 0100000 1
34 0000000 a
45 0000100 1
56 0100010 2
67 1011000 3
70 0000000 a

02 0000010 1
13 0000000 a
24 0100000 1
35 0000100 1
46 0000110 2
57 1011010 4
60 1011000 3
71 0100000 1

03 0100010 2
14 0000000 a
25 0000100 1
36 0000100 1
47 1010110 4
50 1011000 3
61 1011000 3
72 0000000 a

04 0100000 1
15 0000000 a
26 0100100 2
37 1010100 3
40 1010000 2
51 1111010 5
62 0011000 2
73 0100000 1

05 0000100 1
16 0000000 a
27 1000100 2
30 1010000 2
41 1010110 4
52 0011010 3
63 0001000 1
74 0100000 1

06 0100110 3
17 0000000 a
20 1000000 1
31 1010100 3
42 0010010 2
53 0101010 3
64 0001000 1
75 0000000 a

07 0000110 2
10 0000000 a
21 1100100 3
32 0010000 1
43 0000010 1
54 0101000 2
65 0000000 a
76 0100000 1

Matching output
0 absent
1 absent
2 absent
3 absent
4 absent
5 absent
6 absent
7 absent

Left
none
Best: none

Right
none
Best: none

OR-NOT
01 1111111 a
12 0011011 4
23 1101111 6
34 1111101 6
45 1010111 5
56 1111111 a
67 1011111 6
70 1111001 5

02 0111111 6
13 0101011 4
24 1101101 5
35 1010101 4
46 1110111 6
57 1111111 a
60 1011001 4
71 1111111 a

03 0101111 5
14 0101001 3
25 1100101 4
36 1110111 6
47 1011111 6
50 1111011 6
61 1111111 a
72 0111011 5

04 0101111 5
15 0000101 2
26 1100111 5
37 1011111 6
40 1011111 6
51 1111111 a
62 1011011 5
73 0101011 4

05 0100111 4
16 0100111 4
27 1111111 a
30 1011101 5
41 1111111 a
52 1111011 6
63 1111011 6
74 0101001 3

06 0100111 4
17 1011111 6
20 1111101 6
31 1111111 a
42 1011111 6
53 1111011 6
64 1111001 5
75 0100101 3

07 1111111 a
10 1011001 4
21 1111111 a
32 1011111 6
43 1111111 a
54 1111011 6
65 1011101 5
76 0100111 4

Matching output
0 absent
1 absent
2 absent
3 absent
4 absent
5 absent
6 absent
7 absent

Left
none
Best: none

Right
none
Best: none

XOR-NOT
01 1011001 4
12 0011011 4
23 1001111 5
34 1111101 6
45 1010011 4
56 1011101 5
67 0000111 3 match 2 6
70 1111001 5

02 0111101 5
13 0101011 4
24 1001101 4
35 1010001 3
46 1110001 4
57 0100101 3
60 0000001 1 match 1 3 5 7
71 1011111 6

03 0001101 3
14 0101001 3
25 1100001 3
36 1110011 5
47 0001001 2
50 0100011 3
61 0100111 4
72 0111011 5

04 0001111 4
15 0000101 2
26 1000011 3
37 0001011 3
40 0001111 4
51 0000101 2
62 1000011 3
73 0001011 3

05 0100011 3
16 0100111 4
27 0111011 5
30 0001101 3
41 0101001 3
52 1100001 3
63 1110011 5
74 0001001 2

06 0000001 1 match 1 3 5 7
17 1011111 6
20 0111101 5
31 0101011 4
42 1001101 4
53 1010001 3
64 1110001 4
75 0100101 3

07 1111001 5
10 1011001 4
21 0011011 4
32 1001111 5
43 1111101 6
54 1010011 4
65 1011101 5
76 0000111 3 match 2 6

Matching output
0 absent
1 60 06
2 67 76
3 60 06
4 absent
5 60 06
6 67 76
7 60 06

Left
none
Best: none

Right
60 57x
06 75x
Best: XOR-NOT60: 1

Selecting

Lefts
Identity none
NOT none
Constant none
AND AND26 37 40 51 62 73 04 15: 8
OR none
XOR none
AND-NOT none
OR-NOT none
XOR-NOT none

Rights
Identity I1: 1
NOT none
Constant none
AND AND15 04 73 62 51 40 37 26: 8
OR none
XOR none
AND-NOT none
OR-NOT none
XOR-NOT XOR-NOT60: 1

Left longest: 8
Right longest: 8

Left winner: Identity no, NOT no, Constant no, AND yes, OR no, XOR no, AND-NOT no, OR-NOT no, XOR-NOT no
Right winner: Identity no, NOT no, Constant no, AND yes, OR no, XOR no, AND-NOT no, OR-NOT no, XOR-NOT no

Best left: AND26 37 40 51 62 73 04 15: 8
Best right: AND15 04 73 62 51 40 37 26: 8

Truncated left: AND26 37 40 51 62 73 04 15: 8
Truncated right: none truncated

Tentative from right
7 pending
6 pending
5 pending
4 pending
3 pending
2 pending
1 pending
0 pending

Tentative
0 AND26
1 AND37
2 AND40
3 AND51
4 AND62
5 AND73
6 AND04
7 AND15

Preferred from left
0 AND26
1 AND37
2 AND40
3 AND51
4 AND62
5 AND73
6 AND04
7 AND15

Preferred from right
7 AND15
6 AND04
5 AND73
4 AND62
3 AND51
2 AND40
1 AND37
0 AND26

Preferred
0 AND26
1 AND37
2 AND40
3 AND51
4 AND62
5 AND73
6 AND04
7 AND15

Matching
0 AND26
1 AND37
2 AND40
3 AND51
4 AND62
5 AND73
6 AND04
7 AND15

Perfect match
Identity no
NOT no
Constant no
AND no
OR no
XOR no
AND-NOT no
OR-NOT no
XOR-NOT no

Matched
0 AND26
1 AND37
2 AND40
3 AND51
4 AND62
5 AND73
6 AND04
7 AND15

Selected
0 AND26
1 AND37
2 AND40
3 AND51
4 AND62
5 AND73
6 AND04
7 AND15

Applying to 10010010
Input
0 1
1 0
2 0
3 1
4 0
5 0
6 1
7 0
Output
0 AND26 = AND(0,1) = 0
1 AND37 = AND(1,0) = 0
2 AND40 = AND(0,1) = 0
3 AND51 = AND(0,0) = 0
4 AND62 = AND(1,0) = 0
5 AND73 = AND(0,1) = 0
6 AND04 = AND(1,0) = 0
7 AND15 = AND(0,0) = 0

I will now return the answer in \boxed{}
The answer in \boxed{–} is \boxed{00000000}
[correct]
true
