[category]
bit_manipulation
[prompt]
In Alice's Wonderland, a secret bit manipulation rule transforms 8-bit binary numbers. The transformation involves operations like bit shifts, rotations, XOR, AND, OR, NOT, and possibly majority or choice functions.

Here are some examples of input -> output:
11011001 -> 11011110
10101110 -> 11110101
10111110 -> 11110101
10110101 -> 11111101
10101000 -> 11000101
01101101 -> 11111011
01100000 -> 00000011

Now, determine the output for: 00001010
[completion]
We need to deduce the transformation by matching the example outputs.
I will put my final answer inside \boxed{}.

Output 0: 11011110
0 1
1 1
2 0
3 1
4 1
5 1
6 1
7 0

Output 1: 11110101
0 1
1 1
2 1
3 1
4 0
5 1
6 0
7 1

Output 2: 11110101
0 1
1 1
2 1
3 1
4 0
5 1
6 0
7 1

Output 3: 11111101
0 1
1 1
2 1
3 1
4 1
5 1
6 0
7 1

Output 4: 11000101
0 1
1 1
2 0
3 0
4 0
5 1
6 0
7 1

Output 5: 11111011
0 1
1 1
2 1
3 1
4 1
5 0
6 1
7 1

Output 6: 00000011
0 0
1 0
2 0
3 0
4 0
5 0
6 1
7 1

Output bit columns (with bitsum as hash)
0 1111110 6
1 1111110 6
2 0111010 4
3 1111010 5
4 1001010 3
5 1111100 5
6 1000011 3
7 0111111 6

Input 0: 11011001
0 1
1 1
2 0
3 1
4 1
5 0
6 0
7 1

Input 1: 10101110
0 1
1 0
2 1
3 0
4 1
5 1
6 1
7 0

Input 2: 10111110
0 1
1 0
2 1
3 1
4 1
5 1
6 1
7 0

Input 3: 10110101
0 1
1 0
2 1
3 1
4 0
5 1
6 0
7 1

Input 4: 10101000
0 1
1 0
2 1
3 0
4 1
5 0
6 0
7 0

Input 5: 01101101
0 0
1 1
2 1
3 0
4 1
5 1
6 0
7 1

Input 6: 01100000
0 0
1 1
2 1
3 0
4 0
5 0
6 0
7 0

When matching output
x: not in operator
y: wrong position

Identity
0 1111100 5 match 5
1 1000011 3 match 6
2 0111111 6 match 7
3 1011000 3
4 1110110 5
5 0111010 4 match 2
6 0110000 2
7 1001010 3 match 4

Matching output
0 absent
1 absent
2 5
3 absent
4 7
5 0
6 1
7 2

Left
none
Best: none

Right
2 1 0 7 6x
Best: I2 1 0 7: 4

NOT
0 0000011 2
1 0111100 4
2 1000000 1
3 0100111 4
4 0001001 2
5 1000101 3
6 1001111 5
7 0110101 4

Matching output
0 absent
1 absent
2 absent
3 absent
4 absent
5 absent
6 absent
7 absent

Left
none
Best: none

Right
none
Best: none

Constant
0 0000000 a
1 1111111 a

Matching output
0 absent
1 absent
2 absent
3 absent
4 absent
5 absent
6 absent
7 absent

Left
none
Best: none

Right
none
Best: none

AND
01 10 1000000 1
12 21 0000011 2
23 32 0011000 2
34 43 1010000 2
45 54 0110010 3
56 65 0110000 2
67 76 0000000 a
70 07 1001000 2

02 20 0111100 4
13 31 1000000 1
24 42 0110110 4
35 53 0011000 2
46 64 0110000 2
57 75 0001010 2
60 06 0110000 2
71 17 1000010 2

03 30 1011000 3
14 41 1000010 2
25 52 0111010 4 match 2
36 63 0010000 1
47 74 1000010 2
50 05 0111000 3
61 16 0000000 a
72 27 0001010 2

04 40 1110100 4
15 51 0000010 1
26 62 0110000 2
37 73 1001000 2

Matching output
0 absent
1 absent
2 25 52
3 absent
4 absent
5 absent
6 absent
7 absent

Left
none
Best: none

Right
none
Best: none

OR
01 10 1111111 a
12 21 1111111 a
23 32 1111111 a
34 43 1111110 6 match 0 1
45 54 1111110 6 match 0 1
56 65 0111010 4 match 2
67 76 1111010 5 match 3
70 07 1111110 6 match 0 1

02 20 1111111 a
13 31 1011011 5
24 42 1111111 a
35 53 1111010 5 match 3
46 64 1110110 5
57 75 1111010 5 match 3
60 06 1111100 5 match 5
71 17 1001011 4

03 30 1111100 5 match 5
14 41 1110111 6
25 52 0111111 6 match 7
36 63 1111000 4
47 74 1111110 6 match 0 1
50 05 1111110 6 match 0 1
61 16 1110011 5
72 27 1111111 a

04 40 1111110 6 match 0 1
15 51 1111011 6
26 62 0111111 6 match 7
37 73 1011010 4

Matching output
0 34 43 45 54 70 07 47 74 50 05 04 40
1 34 43 45 54 70 07 47 74 50 05 04 40
2 56 65
3 67 76 35 53 57 75
4 absent
5 60 06 03 30
6 absent
7 25 52 26 62

Left
34 45 56 67 70y
43 54 65 76 07y
45 56y
54 65y
70 01x
07 10x
47 50 61x
74 05 16x
50 61x
05 16x
04 15x
40 51x
Best: OR34 45 56 67: 4

Right
25 14x
52 41x
26 15x
62 51x
Best: OR25: 1

XOR
01 10 0111111 6 match 7
12 21 1111100 5 match 5
23 32 1100111 5
34 43 0101110 4
45 54 1001100 3
56 65 0001010 2
67 76 1111010 5 match 3
70 07 0110110 4

02 20 1000011 3 match 6
13 31 0011011 4
24 42 1001001 3
35 53 1100010 3
46 64 1000110 3
57 75 1110000 3
60 06 1001100 3
71 17 0001001 2

03 30 0100100 2
14 41 0110101 4
25 52 0000101 2
36 63 1101000 3
47 74 0111100 4
50 05 1000110 3
61 16 1110011 5
72 27 1110101 5

04 40 0001010 2
15 51 1111001 5
26 62 0001111 4
37 73 0010010 2

Matching output
0 absent
1 absent
2 absent
3 67 76
4 absent
5 12 21
6 02 20
7 01 10

Left
none
Best: none

Right
01 70x
10 07x
Best: XOR01: 1

AND-NOT
01 0111100 4
12 1000000 1
23 0100111 4
34 0001000 1
45 1000100 2
56 0001010 2
67 0110000 2
70 0000010 1

02 1000000 1
13 0000011 2
24 0001001 2
35 1000000 1
46 1000110 3
57 0110000 2
60 0000000 a
71 0001000 1

03 0100100 2
14 0000001 1
25 0000101 2
36 1001000 2
47 0110100 3
50 0000010 1
61 0110000 2
72 1000000 1

04 0001000 1
15 1000001 2
26 0001111 4
37 0010000 1
40 0000010 1
51 0111000 3
62 0000000 a
73 0000010 1

05 1000100 2
16 1000011 3 match 6
27 0110101 4
30 0000000 a
41 0110100 3
52 0000000 a
63 0100000 1
74 0001000 1

06 1001100 3
17 0000001 1
20 0000011 2
31 0011000 2
42 1000000 1
53 0100010 2
64 0000000 a
75 1000000 1

07 0110100 3
10 0000011 2
21 0111100 4
32 1000000 1
43 0100110 3
54 0001000 1
65 0000000 a
76 1001010 3 match 4

Matching output
0 absent
1 absent
2 absent
3 absent
4 76
5 absent
6 16
7 absent

Left
none
Best: none

Right
none
Best: none

OR-NOT
01 1111100 5 match 5
12 1000011 3 match 6
23 0111111 6 match 7
34 1011001 4
45 1110111 6
56 1111111 a
67 0110101 4
70 1001011 4

02 1111100 5 match 5
13 1100111 5
24 0111111 6 match 7
35 1011101 5
46 1111111 a
57 0111111 6 match 7
60 0110011 4
71 1111110 6 match 0 1

03 1111111 a
14 1001011 4
25 1111111 a
36 1011111 6
47 1110111 6
50 0111011 5
61 0111100 4
72 1001010 3 match 4

04 1111101 6
15 1000111 4
26 1111111 a
37 1111101 6
40 1110111 6
51 0111110 5
62 1110000 3
73 1101111 6

05 1111101 6
16 1001111 5
27 0111111 6 match 7
30 1011011 5
41 1111110 6 match 0 1
52 1111010 5 match 3
63 0110111 5
74 1001011 4

06 1111111 a
17 1110111 6
20 0111111 6 match 7
31 1111100 5 match 5
42 1110110 5
53 0111111 6 match 7
64 0111001 4
75 1001111 5

07 1111101 6
10 1000011 3 match 6
21 0111111 6 match 7
32 1011000 3
43 1110111 6
54 0111011 5
65 1110101 5
76 1001111 5

Matching output
0 71 41
1 71 41
2 absent
3 52
4 72
5 01 02 31
6 12 10
7 23 24 57 27 20 53 21

Left
71 02y
41 52y
Best: OR-NOT71: 1

Right
23 12 01 70x
24 13x
57 46x
27 16x
20 17x
53 42x
21 10 07x
Best: OR-NOT23 12 01: 3

XOR-NOT
01 1000000 1
12 0000011 2
23 0011000 2
34 1010001 3
45 0110011 4
56 1110101 5
67 0000101 2
70 1001001 3

02 0111100 4
13 1100100 3
24 0110110 4
35 0011101 4
46 0111001 4
57 0001111 4
60 0110011 4
71 1110110 5

03 1011011 5
14 1001010 3 match 4
25 1111010 5 match 3
36 0010111 4
47 1000011 3 match 6
50 0111001 4
61 0001100 2
72 0001010 2

04 1110101 5
15 0000110 2
26 1110000 3
37 1101101 5
40 1110101 5
51 0000110 2
62 1110000 3
73 1101101 5

05 0111001 4
16 0001100 2
27 0001010 2
30 1011011 5
41 1001010 3 match 4
52 1111010 5 match 3
63 0010111 4
74 1000011 3 match 6

06 0110011 4
17 1110110 5
20 0111100 4
31 1100100 3
42 0110110 4
53 0011101 4
64 0111001 4
75 0001111 4

07 1001001 3
10 1000000 1
21 0000011 2
32 0011000 2
43 1010001 3
54 0110011 4
65 1110101 5
76 0000101 2

Matching output
0 absent
1 absent
2 absent
3 25 52
4 14 41
5 absent
6 47 74
7 absent

Left
none
Best: none

Right
none
Best: none

Selecting

Lefts
Identity none
NOT none
Constant none
AND none
OR OR34 45 56 67: 4
XOR none
AND-NOT none
OR-NOT OR-NOT71: 1
XOR-NOT none

Rights
Identity I2 1 0 7: 4
NOT none
Constant none
AND none
OR OR25: 1
XOR XOR01: 1
AND-NOT none
OR-NOT OR-NOT23 12 01: 3
XOR-NOT none

Left longest: 4
Right longest: 4

Left winner: Identity no, NOT no, Constant no, AND no, OR yes, XOR no, AND-NOT no, OR-NOT no, XOR-NOT no
Right winner: Identity yes, NOT no, Constant no, AND no, OR no, XOR no, AND-NOT no, OR-NOT no, XOR-NOT no

Best left: OR34 45 56 67: 4
Best right: I2 1 0 7: 4

Truncated left: OR34 45 56 67: 4
Truncated right: I2 1 0 7: 4

Tentative from right
7 I2
6 I1
5 I0
4 I7
3 pending
2 pending
1 pending
0 pending

Tentative
0 OR34
1 OR45
2 OR56
3 OR67
4 I7
5 I0
6 I1
7 I2

Preferred from left
0 OR34
1 OR45
2 OR56
3 OR67
4 I7
5 I0
6 I1
7 I2

Preferred from right
7 I2
6 I1
5 I0
4 I7
3 OR67
2 OR56
1 OR45
0 OR34

Preferred
0 OR34
1 OR45
2 OR56
3 OR67
4 I7
5 I0
6 I1
7 I2

Matching
0 OR34
1 OR45
2 OR56
3 OR67
4 I7
5 I0
6 I1
7 I2

Perfect match
Identity no
NOT no
Constant no
AND no
OR no
XOR no
AND-NOT no
OR-NOT no
XOR-NOT no

Matched
0 OR34
1 OR45
2 OR56
3 OR67
4 I7
5 I0
6 I1
7 I2

Selected
0 OR34
1 OR45
2 OR56
3 OR67
4 I7
5 I0
6 I1
7 I2

Applying to 00001010
Input
0 0
1 0
2 0
3 0
4 1
5 0
6 1
7 0
Output
0 OR34 = OR(0,1) = 1
1 OR45 = OR(1,0) = 1
2 OR56 = OR(0,1) = 1
3 OR67 = OR(1,0) = 1
4 I7 = 0
5 I0 = 0
6 I1 = 0
7 I2 = 0

I will now return the answer in \boxed{}
The answer in \boxed{–} is \boxed{11110000}
[correct]
true
