[category]
bit_manipulation
[prompt]
In Alice's Wonderland, a secret bit manipulation rule transforms 8-bit binary numbers. The transformation involves operations like bit shifts, rotations, XOR, AND, OR, NOT, and possibly majority or choice functions.

Here are some examples of input -> output:
01000101 -> 01011000
00001100 -> 11000001
01101110 -> 11101101
01100101 -> 01011100
11100110 -> 01111100
00101011 -> 10110101
10111101 -> 11000111

Now, determine the output for: 00100000
[completion]
We need to deduce the transformation by matching the example outputs.
I will put my final answer inside \boxed{}.

Output 0: 01011000
0 0
1 1
2 0
3 1
4 1
5 0
6 0
7 0

Output 1: 11000001
0 1
1 1
2 0
3 0
4 0
5 0
6 0
7 1

Output 2: 11101101
0 1
1 1
2 1
3 0
4 1
5 1
6 0
7 1

Output 3: 01011100
0 0
1 1
2 0
3 1
4 1
5 1
6 0
7 0

Output 4: 01111100
0 0
1 1
2 1
3 1
4 1
5 1
6 0
7 0

Output 5: 10110101
0 1
1 0
2 1
3 1
4 0
5 1
6 0
7 1

Output 6: 11000111
0 1
1 1
2 0
3 0
4 0
5 1
6 1
7 1

Output bit columns (with bitsum as hash)
0 0110011 4
1 1111101 6
2 0010110 3
3 1001110 4
4 1011100 4
5 0011111 5
6 0000001 1
7 0110011 4

Input 0: 01000101
0 0
1 1
2 0
3 0
4 0
5 1
6 0
7 1

Input 1: 00001100
0 0
1 0
2 0
3 0
4 1
5 1
6 0
7 0

Input 2: 01101110
0 0
1 1
2 1
3 0
4 1
5 1
6 1
7 0

Input 3: 01100101
0 0
1 1
2 1
3 0
4 0
5 1
6 0
7 1

Input 4: 11100110
0 1
1 1
2 1
3 0
4 0
5 1
6 1
7 0

Input 5: 00101011
0 0
1 0
2 1
3 0
4 1
5 0
6 1
7 1

Input 6: 10111101
0 1
1 0
2 1
3 1
4 1
5 1
6 0
7 1

When matching output
x: not in operator
y: wrong position

Identity
0 0000101 2
1 1011100 4 match 4
2 0011111 5 match 5
3 0000001 1 match 6
4 0110011 4 match 0 7
5 1111101 6 match 1
6 0010110 3 match 2
7 1001011 4

Matching output
0 4
1 5
2 6
3 absent
4 1
5 2
6 3
7 4

Left
4 5 6 7x
Best: I4 5 6: 3

Right
4 3 2 1 0x
Best: I4 3 2 1: 4

NOT
0 1111010 5
1 0100011 3
2 1100000 2
3 1111110 6
4 1001100 3
5 0000010 1
6 1101001 4
7 0110100 3

Matching output
0 absent
1 absent
2 absent
3 absent
4 absent
5 absent
6 absent
7 absent

Left
none
Best: none

Right
none
Best: none

Constant
0 0000000 a
1 1111111 a

Matching output
0 absent
1 absent
2 absent
3 absent
4 absent
5 absent
6 absent
7 absent

Left
none
Best: none

Right
none
Best: none

AND
01 10 0000100 1
12 21 0011100 3
23 32 0000001 1 match 6
34 43 0000001 1 match 6
45 54 0110001 3
56 65 0010100 2
67 76 0000010 1
70 07 0000001 1 match 6

02 20 0000101 2
13 31 0000000 a
24 42 0010011 3
35 53 0000001 1 match 6
46 64 0010010 2
57 75 1001001 3
60 06 0000100 1
71 17 1001000 2

03 30 0000001 1 match 6
14 41 0010000 1
25 52 0011101 4
36 63 0000000 a
47 74 0000011 2
50 05 0000101 2
61 16 0010100 2
72 27 0001011 3

04 40 0000001 1 match 6
15 51 1011100 4 match 4
26 62 0010110 3 match 2
37 73 0000001 1 match 6

Matching output
0 absent
1 absent
2 26 62
3 absent
4 15 51
5 absent
6 23 32 34 43 70 07 35 53 03 30 04 40 37 73
7 absent

Left
none
Best: none

Right
none
Best: none

OR
01 10 1011101 5
12 21 1011111 6
23 32 0011111 5 match 5
34 43 0110011 4 match 0 7
45 54 1111111 a
56 65 1111111 a
67 76 1011111 6
70 07 1001111 5

02 20 0011111 5 match 5
13 31 1011101 5
24 42 0111111 6
35 53 1111101 6 match 1
46 64 0110111 5
57 75 1111111 a
60 06 0010111 4
71 17 1011111 6

03 30 0000101 2
14 41 1111111 a
25 52 1111111 a
36 63 0010111 4
47 74 1111011 6
50 05 1111101 6 match 1
61 16 1011110 5
72 27 1011111 6

04 40 0110111 5
15 51 1111101 6 match 1
26 62 0011111 5 match 5
37 73 1001011 4

Matching output
0 34 43
1 35 53 50 05 15 51
2 absent
3 absent
4 absent
5 23 32 02 20 26 62
6 absent
7 34 43

Left
34 45x
43 54x
Best: OR34: 1

Right
34 23y
43 32y
Best: OR34: 1

XOR
01 10 1011001 4
12 21 1000011 3
23 32 0011110 4
34 43 0110010 3
45 54 1001110 4 match 3
56 65 1101011 5
67 76 1011101 5
70 07 1001110 4 match 3

02 20 0011010 3
13 31 1011101 5
24 42 0101100 3
35 53 1111100 5
46 64 0100101 3
57 75 0110110 4
60 06 0010011 3
71 17 0010111 4

03 30 0000100 1
14 41 1101111 6
25 52 1100010 3
36 63 0010111 4
47 74 1111000 4
50 05 1111000 4
61 16 1001010 3
72 27 1010100 3

04 40 0110110 4
15 51 0100001 2
26 62 0001001 2
37 73 1001010 3

Matching output
0 absent
1 absent
2 absent
3 45 54 70 07
4 absent
5 absent
6 absent
7 absent

Left
none
Best: none

Right
none
Best: none

AND-NOT
01 0000001 1 match 6
12 1000000 1
23 0011110 4
34 0000000 a
45 0000010 1
56 1101001 4
67 0010100 2
70 1001010 3

02 0000000 a
13 1011100 4 match 4
24 0001100 2
35 0000000 a
46 0100001 2
57 0110100 3
60 0010010 2
71 0000011 2

03 0000100 1
14 1001100 3
25 0000010 1
36 0000001 1 match 6
47 0110000 2
50 1111000 4
61 0000010 1
72 1000000 1

04 0000100 1
15 0000000 a
26 0001001 2
37 0000000 a
40 0110010 3
51 0100001 2
62 0000000 a
73 1001010 3

05 0000000 a
16 1001000 2
27 0010100 2
30 0000000 a
41 0100011 3
52 1100000 2
63 0010110 3 match 2
74 1001000 2

06 0000001 1 match 6
17 0010100 2
20 0011010 3
31 0000001 1 match 6
42 0100000 1
53 1111100 5
64 0000100 1
75 0000010 1

07 0000100 1
10 1011000 3
21 0000011 2
32 0000000 a
43 0110010 3
54 1001100 3
65 0000010 1
76 1001001 3

Matching output
0 absent
1 absent
2 63
3 absent
4 13
5 absent
6 01 36 06 31
7 absent

Left
none
Best: none

Right
none
Best: none

OR-NOT
01 0100111 4
12 1111100 5
23 1111111 a
34 1001101 4
45 0110011 4 match 0 7
56 1111101 6 match 1
67 0110110 4
70 1111011 6

02 1100101 4
13 1111110 6
24 1011111 6
35 0000011 2
46 1111011 6
57 1111101 6 match 1
60 1111110 6
71 1101011 5

03 1111111 a
14 1011100 4 match 4
25 0011111 5 match 5
36 1101001 4
47 0110111 5
50 1111111 a
61 0110111 5
72 1101011 5

04 1001101 4
15 1011110 5
26 1111111 a
37 0110101 4
40 1111011 6
51 1111111 a
62 1110110 5
73 1111111 a

05 0000111 3
16 1111101 6 match 1
27 0111111 6
30 1111011 6
41 0110011 4 match 0 7
52 1111101 6 match 1
63 1111110 6
74 1001111 5

06 1101101 5
17 1111100 5
20 1111111 a
31 0100011 3
42 1110011 5
53 1111111 a
64 1011110 5
75 1001011 4

07 0110101 4
10 1111110 6
21 0111111 6
32 1100001 3
43 1111111 a
54 1111101 6 match 1
65 0010110 3 match 2
76 1101011 5

Matching output
0 45 41
1 56 57 16 52 54
2 65
3 absent
4 14
5 25
6 absent
7 45 41

Left
45 56 67x
41 52 63x
Best: OR-NOT45 56: 2

Right
45 34x
41 30x
Best: OR-NOT45: 1

XOR-NOT
01 0100110 3
12 0111100 4
23 1100001 3
34 1001101 4
45 0110001 3
56 0010100 2
67 0100010 2
70 0110001 3

02 1100101 4
13 0100010 2
24 1010011 4
35 0000011 2
46 1011010 4
57 1001001 3
60 1101100 4
71 1101000 3

03 1111011 6
14 0010000 1
25 0011101 4
36 1101000 3
47 0000111 3
50 0000111 3
61 0110101 4
72 0101011 4

04 1001001 3
15 1011110 5
26 1110110 5
37 0110101 4
40 1001001 3
51 1011110 5
62 1110110 5
73 0110101 4

05 0000111 3
16 0110101 4
27 0101011 4
30 1111011 6
41 0010000 1
52 0011101 4
63 1101000 3
74 0000111 3

06 1101100 4
17 1101000 3
20 1100101 4
31 0100010 2
42 1010011 4
53 0000011 2
64 1011010 4
75 1001001 3

07 0110001 3
10 0100110 3
21 0111100 4
32 1100001 3
43 1001101 4
54 0110001 3
65 0010100 2
76 0100010 2

Matching output
0 absent
1 absent
2 absent
3 absent
4 absent
5 absent
6 absent
7 absent

Left
none
Best: none

Right
none
Best: none

Selecting

Lefts
Identity I4 5 6: 3
NOT none
Constant none
AND none
OR OR34: 1
XOR none
AND-NOT none
OR-NOT OR-NOT45 56: 2
XOR-NOT none

Rights
Identity I4 3 2 1: 4
NOT none
Constant none
AND none
OR OR34: 1
XOR none
AND-NOT none
OR-NOT OR-NOT45: 1
XOR-NOT none

Left longest: 3
Right longest: 4

Right winner: Identity yes, NOT no, Constant no, AND no, OR no, XOR no, AND-NOT no, OR-NOT no, XOR-NOT no
Left winner: Identity yes, NOT no, Constant no, AND no, OR no, XOR no, AND-NOT no, OR-NOT no, XOR-NOT no

Best right: I4 3 2 1: 4
Best left: I4 5 6: 3

Truncated right: I4 3 2 1: 4
Truncated left: I4 5 6: 3

Tentative from right
7 I4
6 I3
5 I2
4 I1
3 pending
2 pending
1 pending
0 pending

Tentative
0 I4
1 I5
2 I6
3 pending
4 I1
5 I2
6 I3
7 I4

Preferred from right
7 I4
6 I3
5 I2
4 I1
3 ??0
2 I6
1 I5
0 I4

Preferred from left
0 I4
1 I5
2 I6
3 ?70
4 I1
5 I2
6 I3
7 I4

Preferred
0 I4
1 I5
2 I6
3 ?70 ?07
4 I1
5 I2
6 I3
7 I4

Matching
0 I4
1 I5
2 I6
3 ?70 ?07 - Identity absent, NOT absent, Constant absent, AND absent, OR absent, XOR70, AND-NOT absent, OR-NOT absent, XOR-NOT absent
4 I1
5 I2
6 I3
7 I4

Perfect match
Identity no
NOT no
Constant no
AND no
OR no
XOR yes
AND-NOT no
OR-NOT no
XOR-NOT no

Matched
0 I4
1 I5
2 I6
3 XOR70
4 I1
5 I2
6 I3
7 I4

Selected
0 I4
1 I5
2 I6
3 XOR70
4 I1
5 I2
6 I3
7 I4

Applying to 00100000
Input
0 0
1 0
2 1
3 0
4 0
5 0
6 0
7 0
Output
0 I4 = 0
1 I5 = 0
2 I6 = 0
3 XOR70 = XOR(0,0) = 0
4 I1 = 0
5 I2 = 1
6 I3 = 0
7 I4 = 0

I will now return the answer in \boxed{}
The answer in \boxed{–} is \boxed{00000100}
[correct]
true
