[category]
bit_manipulation
[prompt]
In Alice's Wonderland, a secret bit manipulation rule transforms 8-bit binary numbers. The transformation involves operations like bit shifts, rotations, XOR, AND, OR, NOT, and possibly majority or choice functions.

Here are some examples of input -> output:
00111011 -> 10011010
01010010 -> 11101100
01000110 -> 10010100
10111011 -> 10011011
11101001 -> 01110111
01100111 -> 01010010
00000010 -> 00001100
10001001 -> 00110111

Now, determine the output for: 10010000
[completion]
We need to deduce the transformation by matching the example outputs.
I will put my final answer inside \boxed{}.

Output 0: 10011010
0 1
1 0
2 0
3 1
4 1
5 0
6 1
7 0

Output 1: 11101100
0 1
1 1
2 1
3 0
4 1
5 1
6 0
7 0

Output 2: 10010100
0 1
1 0
2 0
3 1
4 0
5 1
6 0
7 0

Output 3: 10011011
0 1
1 0
2 0
3 1
4 1
5 0
6 1
7 1

Output 4: 01110111
0 0
1 1
2 1
3 1
4 0
5 1
6 1
7 1

Output 5: 01010010
0 0
1 1
2 0
3 1
4 0
5 0
6 1
7 0

Output 6: 00001100
0 0
1 0
2 0
3 0
4 1
5 1
6 0
7 0

Output 7: 00110111
0 0
1 0
2 1
3 1
4 0
5 1
6 1
7 1

Output bit columns (with bitsum as hash)
0 11110000 4
1 01001100 3
2 01001001 3
3 10111101 6
4 11010010 4
5 01101011 5
6 10011101 5
7 00011001 3

Input 0: 00111011
0 0
1 0
2 1
3 1
4 1
5 0
6 1
7 1

Input 1: 01010010
0 0
1 1
2 0
3 1
4 0
5 0
6 1
7 0

Input 2: 01000110
0 0
1 1
2 0
3 0
4 0
5 1
6 1
7 0

Input 3: 10111011
0 1
1 0
2 1
3 1
4 1
5 0
6 1
7 1

Input 4: 11101001
0 1
1 1
2 1
3 0
4 1
5 0
6 0
7 1

Input 5: 01100111
0 0
1 1
2 1
3 0
4 0
5 1
6 1
7 1

Input 6: 00000010
0 0
1 0
2 0
3 0
4 0
5 0
6 1
7 0

Input 7: 10001001
0 1
1 0
2 0
3 0
4 1
5 0
6 0
7 1

When matching output
x: not in operator
y: wrong position

Identity
0 00011001 3 match 7
1 01101100 4
2 10011100 4
3 11010000 3
4 10011001 4
5 00100100 2
6 11110110 6
7 10011101 5 match 6

Matching output
0 absent
1 absent
2 absent
3 absent
4 absent
5 absent
6 7
7 0

Left
none
Best: none

Right
0 7 6x
Best: I0 7: 2

NOT
0 11100110 5
1 10010011 4
2 01100011 4
3 00101111 5
4 01100110 4
5 11011011 6
6 00001001 2
7 01100010 3

Matching output
0 absent
1 absent
2 absent
3 absent
4 absent
5 absent
6 absent
7 absent

Left
none
Best: none

Right
none
Best: none

Constant
0 00000000 a
1 11111111 a

Matching output
0 absent
1 absent
2 absent
3 absent
4 absent
5 absent
6 absent
7 absent

Left
none
Best: none

Right
none
Best: none

AND
01 10 00001000 1
12 21 00001100 2
23 32 10010000 2
34 43 10010000 2
45 54 00000000 a
56 65 00100100 2
67 76 10010100 3
70 07 00011001 3 match 7

02 20 00011000 2
13 31 01000000 1
24 42 10011000 3
35 53 00000000 a
46 64 10010000 2
57 75 00000100 1
60 06 00010000 1
71 17 00001100 2

03 30 00010000 1
14 41 00001000 1
25 52 00000100 1
36 63 11010000 3
47 74 10011001 4
50 05 00000000 a
61 16 01100100 3
72 27 10011100 4

04 40 00011001 3 match 7
15 51 00100100 2
26 62 10010100 3
37 73 10010000 2

Matching output
0 absent
1 absent
2 absent
3 absent
4 absent
5 absent
6 absent
7 70 07 04 40

Left
none
Best: none

Right
70 67x
07 76x
04 73x
40 37x
Best: AND70: 1

OR
01 10 01111101 6
12 21 11111100 6
23 32 11011100 5
34 43 11011001 5
45 54 10111101 6 match 3
56 65 11110110 6
67 76 11111111 a
70 07 10011101 5 match 6

02 20 10011101 5 match 6
13 31 11111100 6
24 42 10011101 5 match 6
35 53 11110100 5
46 64 11111111 a
57 75 10111101 6 match 3
60 06 11111111 a
71 17 11111101 7

03 30 11011001 5
14 41 11111101 7
25 52 10111100 5
36 63 11110110 6
47 74 10011101 5 match 6
50 05 00111101 5
61 16 11111110 7
72 27 10011101 5 match 6

04 40 10011001 4
15 51 01101100 4
26 62 11111110 7
37 73 11011101 6

Matching output
0 absent
1 absent
2 absent
3 45 54 57 75
4 absent
5 absent
6 70 07 02 20 24 42 47 74 72 27
7 absent

Left
none
Best: none

Right
none
Best: none

XOR
01 10 01110101 5
12 21 11110000 4 match 0
23 32 01001100 3 match 1
34 43 01001001 3 match 2
45 54 10111101 6 match 3
56 65 11010010 4 match 4
67 76 01101011 5 match 5
70 07 10000100 2

02 20 10000101 3
13 31 10111100 5
24 42 00000101 2
35 53 11110100 5
46 64 01101111 6
57 75 10111001 5
60 06 11101111 7
71 17 11110001 5

03 30 11001001 4
14 41 11110101 6
25 52 10111000 4
36 63 00100110 3
47 74 00000100 1
50 05 00111101 5
61 16 10011010 4
72 27 00000001 1

04 40 10000000 1
15 51 01001000 2
26 62 01101010 4
37 73 01001101 4

Matching output
0 12 21
1 23 32
2 34 43
3 45 54
4 56 65
5 67 76
6 absent
7 absent

Left
12 23 34 45 56 67 70x
21 32 43 54 65 76 07x
Best: XOR12 23 34 45 56 67: 6

Right
none
Best: none

AND-NOT
01 00010001 2
12 01100000 2
23 00001100 2
34 01000000 1
45 10011001 4
56 00000000 a
67 01100010 3
70 10000100 2

02 00000001 1
13 00101100 3
24 00000100 1
35 11010000 3
46 00001001 2
57 00100000 1
60 11100110 5
71 10010001 3

03 00001001 2
14 01100100 3
25 10011000 3
36 00000000 a
47 00000000 a
50 00100100 2
61 10010010 3
72 00000001 1

04 00000000 a
15 01001000 2
26 00001000 1
37 01000000 1
40 10000000 1
51 00000000 a
62 01100010 3
73 00001101 3

05 00011001 3 match 7
16 00001000 1
27 00000000 a
30 11000000 2
41 10010001 3
52 00100000 1
63 00100110 3
74 00000100 1

06 00001001 2
17 01100000 2
20 10000100 2
31 10010000 2
42 00000001 1
53 00100100 2
64 01100110 4
75 10011001 4

07 00000000 a
10 01100100 3
21 10010000 2
32 01000000 1
43 00001001 2
54 00100100 2
65 11010010 4 match 4
76 00001001 2

Matching output
0 absent
1 absent
2 absent
3 absent
4 65
5 absent
6 absent
7 05

Left
none
Best: none

Right
05 74x
Best: AND-NOT05: 1

OR-NOT
01 10011011 5
12 01101111 6
23 10111111 7
34 11110110 6
45 11011011 6
56 00101101 4
67 11110110 6
70 11111111 a

02 01111011 6
13 01101111 6
24 11111110 7
35 11011011 6
46 10011001 4
57 01100110 4
60 11110110 6
71 10011111 6

03 00111111 6
14 01101110 5
25 11011111 7
36 11011001 5
47 11111011 7
50 11100110 5
61 11110111 7
72 11111111 a

04 01111111 7
15 11111111 a
26 10011101 5 match 6
37 11110010 5
40 11111111 a
51 10110111 6
62 11110111 7
73 10111111 7

05 11011011 6
16 01101101 5
27 11111110 7
30 11110110 6
41 10011011 5
52 01100111 5
63 11111111 a
74 11111111 a

06 00011001 3 match 7
17 01101110 5
20 11111110 7
31 11010011 5
42 11111011 7
53 00101111 5
64 11110110 6
75 11011111 7

07 01111011 6
10 11101110 6
21 10011111 6
32 11110011 6
43 10111111 7
54 01100110 4
65 11111111 a
76 10011101 5 match 6

Matching output
0 absent
1 absent
2 absent
3 absent
4 absent
5 absent
6 26 76
7 06

Left
none
Best: none

Right
06 75x
Best: OR-NOT06: 1

XOR-NOT
01 10001010 3
12 00001111 4
23 10110011 5
34 10110110 5
45 01000010 2
56 00101101 4
67 10010100 3
70 01111011 6

02 01111010 5
13 01000011 3
24 11111010 6
35 00001011 3
46 10010000 2
57 01000110 3
60 00010000 1
71 00001110 3

03 00110110 4
14 00001010 2
25 01000111 4
36 11011001 5
47 11111011 7
50 11000010 3
61 01100101 4
72 11111110 7

04 01111111 7
15 10110111 6
26 10010101 4
37 10110010 4
40 01111111 7
51 10110111 6
62 10010101 4
73 10110010 4

05 11000010 3
16 01100101 4
27 11111110 7
30 00110110 4
41 00001010 2
52 01000111 4
63 11011001 5
74 11111011 7

06 00010000 1
17 00001110 3
20 01111010 5
31 01000011 3
42 11111010 6
53 00001011 3
64 10010000 2
75 01000110 3

07 01111011 6
10 10001010 3
21 00001111 4
32 10110011 5
43 10110110 5
54 01000010 2
65 00101101 4
76 10010100 3

Matching output
0 absent
1 absent
2 absent
3 absent
4 absent
5 absent
6 absent
7 absent

Left
none
Best: none

Right
none
Best: none

Selecting

Lefts
Identity none
NOT none
Constant none
AND none
OR none
XOR XOR12 23 34 45 56 67: 6
AND-NOT none
OR-NOT none
XOR-NOT none

Rights
Identity I0 7: 2
NOT none
Constant none
AND AND70: 1
OR none
XOR none
AND-NOT AND-NOT05: 1
OR-NOT OR-NOT06: 1
XOR-NOT none

Left longest: 6
Right longest: 2

Left winner: Identity no, NOT no, Constant no, AND no, OR no, XOR yes, AND-NOT no, OR-NOT no, XOR-NOT no
Right winner: Identity yes, NOT no, Constant no, AND no, OR no, XOR no, AND-NOT no, OR-NOT no, XOR-NOT no

Best left: XOR12 23 34 45 56 67: 6
Best right: I0 7: 2

Truncated left: XOR12 23 34 45 56 67: 6
Truncated right: I0 7: 2

Tentative from right
7 I0
6 I7
5 pending
4 pending
3 pending
2 pending
1 pending
0 pending

Tentative
0 XOR12
1 XOR23
2 XOR34
3 XOR45
4 XOR56
5 XOR67
6 I7
7 I0

Preferred from left
0 XOR12
1 XOR23
2 XOR34
3 XOR45
4 XOR56
5 XOR67
6 I7
7 I0

Preferred from right
7 I0
6 I7
5 XOR67
4 XOR56
3 XOR45
2 XOR34
1 XOR23
0 XOR12

Preferred
0 XOR12
1 XOR23
2 XOR34
3 XOR45
4 XOR56
5 XOR67
6 I7
7 I0

Matching
0 XOR12
1 XOR23
2 XOR34
3 XOR45
4 XOR56
5 XOR67
6 I7
7 I0

Perfect match
Identity no
NOT no
Constant no
AND no
OR no
XOR no
AND-NOT no
OR-NOT no
XOR-NOT no

Matched
0 XOR12
1 XOR23
2 XOR34
3 XOR45
4 XOR56
5 XOR67
6 I7
7 I0

Selected
0 XOR12
1 XOR23
2 XOR34
3 XOR45
4 XOR56
5 XOR67
6 I7
7 I0

Applying to 10010000
Input
0 1
1 0
2 0
3 1
4 0
5 0
6 0
7 0
Output
0 XOR12 = XOR(0,0) = 0
1 XOR23 = XOR(0,1) = 1
2 XOR34 = XOR(1,0) = 1
3 XOR45 = XOR(0,0) = 0
4 XOR56 = XOR(0,0) = 0
5 XOR67 = XOR(0,0) = 0
6 I7 = 0
7 I0 = 1

I will now return the answer in \boxed{}
The answer in \boxed{–} is \boxed{01100001}
[correct]
true
