[category]
bit_manipulation
[prompt]
In Alice's Wonderland, a secret bit manipulation rule transforms 8-bit binary numbers. The transformation involves operations like bit shifts, rotations, XOR, AND, OR, NOT, and possibly majority or choice functions.

Here are some examples of input -> output:
10101011 -> 01010010
01001000 -> 01000100
00100101 -> 00101010
01001001 -> 01001100
01100000 -> 00000110
00000000 -> 00000000
10011001 -> 11000001
11011100 -> 11101101
11101010 -> 01011110

Now, determine the output for: 01101101
[completion]
We need to deduce the transformation by matching the example outputs.
I will put my final answer inside \boxed{}.

Output 0: 01010010
0 0
1 1
2 0
3 1
4 0
5 0
6 1
7 0

Output 1: 01000100
0 0
1 1
2 0
3 0
4 0
5 1
6 0
7 0

Output 2: 00101010
0 0
1 0
2 1
3 0
4 1
5 0
6 1
7 0

Output 3: 01001100
0 0
1 1
2 0
3 0
4 1
5 1
6 0
7 0

Output 4: 00000110
0 0
1 0
2 0
3 0
4 0
5 1
6 1
7 0

Output 5: 00000000
0 0
1 0
2 0
3 0
4 0
5 0
6 0
7 0

Output 6: 11000001
0 1
1 1
2 0
3 0
4 0
5 0
6 0
7 1

Output 7: 11101101
0 1
1 1
2 1
3 0
4 1
5 1
6 0
7 1

Output 8: 01011110
0 0
1 1
2 0
3 1
4 1
5 1
6 1
7 0

Output bit columns (with bitsum as hash)
0 000000110 2
1 110100111 6
2 001000010 2
3 100000001 2
4 001100011 4
5 010110011 5
6 101010001 4
7 000000110 2

Input 0: 10101011
0 1
1 0
2 1
3 0
4 1
5 0
6 1
7 1

Input 1: 01001000
0 0
1 1
2 0
3 0
4 1
5 0
6 0
7 0

Input 2: 00100101
0 0
1 0
2 1
3 0
4 0
5 1
6 0
7 1

Input 3: 01001001
0 0
1 1
2 0
3 0
4 1
5 0
6 0
7 1

Input 4: 01100000
0 0
1 1
2 1
3 0
4 0
5 0
6 0
7 0

Input 5: 00000000
0 0
1 0
2 0
3 0
4 0
5 0
6 0
7 0

Input 6: 10011001
0 1
1 0
2 0
3 1
4 1
5 0
6 0
7 1

Input 7: 11011100
0 1
1 1
2 0
3 1
4 1
5 1
6 0
7 0

Input 8: 11101010
0 1
1 1
2 1
3 0
4 1
5 0
6 1
7 0

When matching output
x: not in operator
y: wrong position

Identity
0 100000111 4
1 010110011 5 match 5
2 101010001 4 match 6
3 000000110 2 match 0 7
4 110100111 6 match 1
5 001000010 2 match 2
6 100000001 2 match 3
7 101100100 4

Matching output
0 3
1 4
2 5
3 6
4 absent
5 1
6 2
7 3

Left
3 4 5 6 7x
Best: I3 4 5 6: 4

Right
3 2 1 0x
Best: I3 2 1: 3

NOT
0 011111000 5
1 101001100 4
2 010101110 5
3 111111001 7
4 001011000 3
5 110111101 7
6 011111110 7
7 010011011 5

Matching output
0 absent
1 absent
2 absent
3 absent
4 absent
5 absent
6 absent
7 absent

Left
none
Best: none

Right
none
Best: none

Constant
0 000000000 a
1 111111111 a

Matching output
0 absent
1 absent
2 absent
3 absent
4 absent
5 absent
6 absent
7 absent

Left
none
Best: none

Right
none
Best: none

AND
01 10 000000011 2
12 21 000010001 2
23 32 000000000 a
34 43 000000110 2 match 0 7
45 54 000000010 1
56 65 000000000 a
67 76 100000000 1
70 07 100000100 2

02 20 100000001 2 match 3
13 31 000000010 1
24 42 100000001 2 match 3
35 53 000000010 1
46 64 100000001 2 match 3
57 75 001000000 1
60 06 100000001 2 match 3
71 17 000100000 1

03 30 000000110 2 match 0 7
14 41 010100011 4
25 52 001000000 1
36 63 000000000 a
47 74 100100100 3
50 05 000000010 1
61 16 000000001 1
72 27 101000000 2

04 40 100000111 4
15 51 000000010 1
26 62 100000001 2 match 3
37 73 000000100 1

Matching output
0 34 43 03 30
1 absent
2 absent
3 02 20 24 42 46 64 60 06 26 62
4 absent
5 absent
6 absent
7 34 43 03 30

Left
34 45x
43 54x
03 14x
30 41x
Best: AND34: 1

Right
34 23x
43 32x
03 72x
30 27x
Best: AND34: 1

OR
01 10 110110111 7
12 21 111110011 7
23 32 101010111 6
34 43 110100111 6 match 1
45 54 111100111 7
56 65 101000011 4
67 76 101100101 5
70 07 101100111 6

02 20 101010111 6
13 31 010110111 6
24 42 111110111 8
35 53 001000110 3
46 64 110100111 6 match 1
57 75 101100110 5
60 06 100000111 4
71 17 111110111 8

03 30 100000111 4
14 41 110110111 7
25 52 101010011 5
36 63 100000111 4
47 74 111100111 7
50 05 101000111 5
61 16 110110011 6
72 27 101110101 6

04 40 110100111 6 match 1
15 51 011110011 6
26 62 101010001 4 match 6
37 73 101100110 5

Matching output
0 absent
1 34 43 46 64 04 40
2 absent
3 absent
4 absent
5 absent
6 26 62
7 absent

Left
none
Best: none

Right
none
Best: none

XOR
01 10 110110100 5
12 21 111100010 5
23 32 101010111 6
34 43 110100001 4
45 54 111100101 6
56 65 101000011 4
67 76 001100101 4
70 07 001100011 4 match 4

02 20 001010110 4
13 31 010110101 5
24 42 011110110 6
35 53 001000100 2
46 64 010100110 4
57 75 100100110 4
60 06 000000110 2 match 0 7
71 17 111010111 7

03 30 100000001 2 match 3
14 41 100010100 3
25 52 100010011 4
36 63 100000111 4
47 74 011000011 4
50 05 101000101 4
61 16 110110010 5
72 27 000110101 4

04 40 010100000 2
15 51 011110001 5
26 62 001010000 2
37 73 101100010 4

Matching output
0 60 06
1 absent
2 absent
3 03 30
4 70 07
5 absent
6 absent
7 60 06

Left
60 71x
06 17x
Best: XOR60: 1

Right
60 57x
06 75x
Best: XOR60: 1

AND-NOT
01 100000100 2
12 010100010 3
23 101010001 4 match 6
34 000000000 a
45 110100101 5
56 001000010 2 match 2
67 000000001 1
70 001100000 2

02 000000110 2 match 0 7
13 010110001 4
24 001010000 2
35 000000100 1
46 010100110 4
57 000000010 1
60 000000000 a
71 101000100 3

03 100000001 2 match 3
14 000010000 1
25 100010001 3
36 000000110 2 match 0 7
47 010000011 3
50 001000000 1
61 100000000 1
72 000100100 2

04 000000000 a
15 010110001 4
26 001010000 2
37 000000010 1
40 010100000 2
51 001000000 1
62 000000000 a
73 101100000 3

05 100000101 3
16 010110010 4
27 000010001 2
30 000000000 a
41 100000100 2
52 000000010 1
63 100000001 2 match 3
74 001000000 1

06 000000110 2 match 0 7
17 010010011 4
20 001010000 2
31 000000100 1
42 010100110 4
53 001000000 1
64 000000000 a
75 100100100 3

07 000000011 2
10 010110000 3
21 101000000 2
32 000000110 2 match 0 7
43 110100001 4
54 001000000 1
65 100000001 2 match 3
76 001100100 3

Matching output
0 02 36 06 32
1 absent
2 56
3 03 63 65
4 absent
5 absent
6 23
7 02 36 06 32

Left
02 13x
36 47x
06 17x
32 43x
Best: AND-NOT02: 1

Right
02 71x
36 25x
06 75x
32 21x
Best: AND-NOT02: 1

OR-NOT
01 101001111 6
12 010111111 7
23 111111001 7
34 001011110 5
45 110111111 8
56 011111110 7
67 110011011 6
70 111111100 7

02 110101111 7
13 111111011 8
24 101011001 5
35 110111111 8
46 111111111 a
57 011011011 6
60 111111001 7
71 101101100 5

03 111111111 a
14 011111011 7
25 111111101 8
36 011111110 7
47 110111111 8
50 011111010 6
61 101001101 5
72 111101110 7

04 101011111 7
15 110111111 8
26 111111111 a
37 010011111 6
40 111111111 a
51 101001110 5
62 110101111 7
73 111111101 8

05 110111111 8
16 011111111 8
27 111011011 7
30 011111110 7
41 111101111 8
52 011101110 6
63 111111001 7
74 101111100 6

06 111111111 a
17 010111011 6
20 111111001 7
31 101001110 5
42 110101111 7
53 111111011 8
64 101011001 5
75 111111101 8

07 110011111 7
10 011111011 7
21 101011101 6
32 010101110 5
43 111111111 a
54 001011010 4
65 110111101 7
76 111111110 8

Matching output
0 absent
1 absent
2 absent
3 absent
4 absent
5 absent
6 absent
7 absent

Left
none
Best: none

Right
none
Best: none

XOR-NOT
01 001001011 4
12 000011101 4
23 010101000 3
34 001011110 5
45 000011010 3
56 010111100 5
67 110011010 5
70 110011100 5

02 110101001 5
13 101001010 4
24 100001001 3
35 110111011 7
46 101011001 5
57 011011001 5
60 111111001 7
71 000101000 2

03 011111110 7
14 011101011 6
25 011101100 5
36 011111000 5
47 100111100 5
50 010111010 5
61 001001101 4
72 111001010 5

04 101011111 7
15 100001110 4
26 110101111 7
37 010011101 5
40 101011111 7
51 100001110 4
62 110101111 7
73 010011101 5

05 010111010 5
16 001001101 4
27 111001010 5
30 011111110 7
41 011101011 6
52 011101100 5
63 011111000 5
74 100111100 5

06 111111001 7
17 000101000 2
20 110101001 5
31 101001010 4
42 100001001 3
53 110111011 7
64 101011001 5
75 011011001 5

07 110011100 5
10 001001011 4
21 000011101 4
32 010101000 3
43 001011110 5
54 000011010 3
65 010111100 5
76 110011010 5

Matching output
0 absent
1 absent
2 absent
3 absent
4 absent
5 absent
6 absent
7 absent

Left
none
Best: none

Right
none
Best: none

Selecting

Lefts
Identity I3 4 5 6: 4
NOT none
Constant none
AND AND34: 1
OR none
XOR XOR60: 1
AND-NOT AND-NOT02: 1
OR-NOT none
XOR-NOT none

Rights
Identity I3 2 1: 3
NOT none
Constant none
AND AND34: 1
OR none
XOR XOR60: 1
AND-NOT AND-NOT02: 1
OR-NOT none
XOR-NOT none

Left longest: 4
Right longest: 3

Left winner: Identity yes, NOT no, Constant no, AND no, OR no, XOR no, AND-NOT no, OR-NOT no, XOR-NOT no
Right winner: Identity yes, NOT no, Constant no, AND no, OR no, XOR no, AND-NOT no, OR-NOT no, XOR-NOT no

Best left: I3 4 5 6: 4
Best right: I3 2 1: 3

Truncated left: I3 4 5 6: 4
Truncated right: I3 2 1: 3

Tentative from right
7 I3
6 I2
5 I1
4 pending
3 pending
2 pending
1 pending
0 pending

Tentative
0 I3
1 I4
2 I5
3 I6
4 pending
5 I1
6 I2
7 I3

Preferred from left
0 I3
1 I4
2 I5
3 I6
4 ?7?
5 I1
6 I2
7 I3

Preferred from right
7 I3
6 I2
5 I1
4 ?70
3 I6
2 I5
1 I4
0 I3

Preferred
0 I3
1 I4
2 I5
3 I6
4 ?70 ?07
5 I1
6 I2
7 I3

Matching
0 I3
1 I4
2 I5
3 I6
4 ?70 ?07 - Identity absent, NOT absent, Constant absent, AND absent, OR absent, XOR70, AND-NOT absent, OR-NOT absent, XOR-NOT absent
5 I1
6 I2
7 I3

Perfect match
Identity no
NOT no
Constant no
AND no
OR no
XOR yes
AND-NOT no
OR-NOT no
XOR-NOT no

Matched
0 I3
1 I4
2 I5
3 I6
4 XOR70
5 I1
6 I2
7 I3

Selected
0 I3
1 I4
2 I5
3 I6
4 XOR70
5 I1
6 I2
7 I3

Applying to 01101101
Input
0 0
1 1
2 1
3 0
4 1
5 1
6 0
7 1
Output
0 I3 = 0
1 I4 = 1
2 I5 = 1
3 I6 = 0
4 XOR70 = XOR(1,0) = 1
5 I1 = 1
6 I2 = 1
7 I3 = 0

I will now return the answer in \boxed{}
The answer in \boxed{–} is \boxed{01101110}
[correct]
true
