[category]
bit_manipulation
[prompt]
In Alice's Wonderland, a secret bit manipulation rule transforms 8-bit binary numbers. The transformation involves operations like bit shifts, rotations, XOR, AND, OR, NOT, and possibly majority or choice functions.

Here are some examples of input -> output:
10001110 -> 01000111
11000110 -> 01100011
00101001 -> 00010100
10001000 -> 01000100
10010100 -> 01001010
01011010 -> 00101101
01100001 -> 00110000

Now, determine the output for: 00110010
[completion]
We need to deduce the transformation by matching the example outputs.
I will put my final answer inside \boxed{}.

Output 0: 01000111
0 0
1 1
2 0
3 0
4 0
5 1
6 1
7 1

Output 1: 01100011
0 0
1 1
2 1
3 0
4 0
5 0
6 1
7 1

Output 2: 00010100
0 0
1 0
2 0
3 1
4 0
5 1
6 0
7 0

Output 3: 01000100
0 0
1 1
2 0
3 0
4 0
5 1
6 0
7 0

Output 4: 01001010
0 0
1 1
2 0
3 0
4 1
5 0
6 1
7 0

Output 5: 00101101
0 0
1 0
2 1
3 0
4 1
5 1
6 0
7 1

Output 6: 00110000
0 0
1 0
2 1
3 1
4 0
5 0
6 0
7 0

Output bit columns (with bitsum as hash)
0 0000000 a
1 1101100 4
2 0100011 3
3 0010001 2
4 0000110 2
5 1011010 4
6 1100100 3
7 1100010 3

Input 0: 10001110
0 1
1 0
2 0
3 0
4 1
5 1
6 1
7 0

Input 1: 11000110
0 1
1 1
2 0
3 0
4 0
5 1
6 1
7 0

Input 2: 00101001
0 0
1 0
2 1
3 0
4 1
5 0
6 0
7 1

Input 3: 10001000
0 1
1 0
2 0
3 0
4 1
5 0
6 0
7 0

Input 4: 10010100
0 1
1 0
2 0
3 1
4 0
5 1
6 0
7 0

Input 5: 01011010
0 0
1 1
2 0
3 1
4 1
5 0
6 1
7 0

Input 6: 01100001
0 0
1 1
2 1
3 0
4 0
5 0
6 0
7 1

When matching output
x: not in operator
y: wrong position

Identity
0 1101100 4 match 1
1 0100011 3 match 2
2 0010001 2 match 3
3 0000110 2 match 4
4 1011010 4 match 5
5 1100100 3 match 6
6 1100010 3 match 7
7 0010001 2 match 3

Matching output
0 absent
1 0
2 1
3 2 7
4 3
5 4
6 5
7 6

Left
none
Best: none

Right
6 5 4 3 2 1 0 7y
Best: I6 5 4 3 2 1 0: 7

NOT
0 0010011 3
1 1011100 4
2 1101110 5
3 1111001 5
4 0100101 3
5 0011011 4
6 0011101 4
7 1101110 5

Matching output
0 absent
1 absent
2 absent
3 absent
4 absent
5 absent
6 absent
7 absent

Left
none
Best: none

Right
none
Best: none

Constant
0 0000000 a match 0
1 1111111 a

Matching output
0 C0
1 absent
2 absent
3 absent
4 absent
5 absent
6 absent
7 absent

Left
0
Best: C0: 1

Right
none
Best: none

AND
01 10 0100000 1
12 21 0000001 1
23 32 0000000 a match 0
34 43 0000010 1
45 54 1000000 1
56 65 1100000 2
67 76 0000000 a match 0
70 07 0000000 a match 0

02 20 0000000 a match 0
13 31 0000010 1
24 42 0010000 1
35 53 0000100 1
46 64 1000010 2
57 75 0000000 a match 0
60 06 1100000 2
71 17 0000001 1

03 30 0000100 1
14 41 0000010 1
25 52 0000000 a match 0
36 63 0000010 1
47 74 0010000 1
50 05 1100100 3 match 6
61 16 0100010 2
72 27 0010001 2 match 3

04 40 1001000 2
15 51 0100000 1
26 62 0000000 a match 0
37 73 0000000 a match 0

Matching output
0 23 32 67 76 70 07 02 20 57 75 25 52 26 62 37 73
1 absent
2 absent
3 72 27
4 absent
5 absent
6 50 05
7 absent

Left
23 34x
32 43x
67 70y
76 07y
70 01x
07 10x
02 13x
20 31x
57 60x
75 06x
25 36x
52 63x
26 37y
62 73y
37 40x
73 04x
Best: AND23: 1

Right
none
Best: none

OR
01 10 1101111 6
12 21 0110011 4
23 32 0010111 4
34 43 1011110 5
45 54 1111110 6
56 65 1100110 4
67 76 1110011 5
70 07 1111101 6

02 20 1111101 6
13 31 0100111 4
24 42 1011011 5
35 53 1100110 4
46 64 1111010 5
57 75 1110101 5
60 06 1101110 5
71 17 0110011 4

03 30 1101110 5
14 41 1111011 6
25 52 1110101 5
36 63 1100110 4
47 74 1011011 5
50 05 1101100 4 match 1
61 16 1100011 4
72 27 0010001 2 match 3

04 40 1111110 6
15 51 1100111 5
26 62 1110011 5
37 73 0010111 4

Matching output
0 absent
1 50 05
2 absent
3 72 27
4 absent
5 absent
6 absent
7 absent

Left
none
Best: none

Right
none
Best: none

XOR
01 10 1001111 5
12 21 0110010 3
23 32 0010111 4
34 43 1011100 4
45 54 0111110 5
56 65 0000110 2 match 4
67 76 1110011 5
70 07 1111101 6

02 20 1111101 6
13 31 0100101 3
24 42 1001011 4
35 53 1100010 3 match 7
46 64 0111000 3
57 75 1110101 5
60 06 0001110 3
71 17 0110010 3

03 30 1101010 4
14 41 1111001 5
25 52 1110101 5
36 63 1100100 3 match 6
47 74 1001011 4
50 05 0001000 1
61 16 1000001 2
72 27 0000000 a match 0

04 40 0110110 4
15 51 1000111 4
26 62 1110011 5
37 73 0010111 4

Matching output
0 72 27
1 absent
2 absent
3 absent
4 56 65
5 absent
6 36 63
7 35 53

Left
72 03x
27 30x
Best: XOR72: 1

Right
35 24x
53 42x
Best: XOR35: 1

AND-NOT
01 1001100 3
12 0100010 2
23 0010001 2 match 3
34 0000100 1
45 0011010 3
56 0000100 1
67 1100010 3 match 7
70 0010001 2 match 3

02 1101100 4 match 1
13 0100001 2
24 0000001 1
35 0000010 1
46 0011000 2
57 1100100 3 match 6
60 0000010 1
71 0010000 1

03 1101000 3
14 0100001 2
25 0010001 2 match 3
36 0000100 1
47 1001010 3
50 0000000 a match 0
61 1000000 1
72 0000000 a match 0

04 0100100 2
15 0000011 2
26 0010001 2 match 3
37 0000110 2 match 4
40 0010010 2
51 1000100 2
62 1100010 3 match 7
73 0010001 2 match 3

05 0001000 1
16 0000001 1
27 0000000 a match 0
30 0000010 1
41 1011000 3
52 1100100 3 match 6
63 1100000 2
74 0000001 1

06 0001100 2
17 0100010 2
20 0010001 2 match 3
31 0000100 1
42 1001010 3
53 1100000 2
64 0100000 1
75 0010001 2 match 3

07 1101100 4 match 1
10 0000011 2
21 0010000 1
32 0000110 2 match 4
43 1011000 3
54 0100100 2
65 0000010 1
76 0010001 2 match 3

Matching output
0 50 72 27
1 02 07
2 absent
3 23 70 25 26 73 20 75 76
4 37 32
5 absent
6 57 52
7 67 62

Left
50 61x
72 03x
27 30x
Best: AND-NOT50: 1

Right
67 56x
62 51x
Best: AND-NOT67: 1

OR-NOT
01 1111100 5
12 1101111 6
23 1111001 5
34 0100111 4
45 1011011 5
56 1111101 6
67 1101110 5
70 0010011 3

02 1101110 5
13 1111011 6
24 0110101 4
35 0011111 5
46 1011111 6
57 1101110 5
60 1110011 5
71 1011101 5

03 1111101 6
14 0100111 4
25 0011011 4
36 0011111 5
47 1111110 6
50 1110111 6
61 1111110 6
72 1111111 a

04 1101101 5
15 0111011 5
26 0011101 4
37 1101110 5
40 1011011 5
51 1111100 5
62 1101110 5
73 1111001 5

05 1111111 a
16 0111111 6
27 1111111 a
30 0010111 4
41 1011110 5
52 1101110 5
63 1111011 6
74 0110101 4

06 1111101 6
17 1101111 6
20 0010011 3
31 1011110 5
42 1111110 6
53 1111101 6
64 1100111 5
75 0011011 4

07 1101110 5
10 0110011 4
21 1011101 5
32 1101110 5
43 1111011 6
54 1100101 4
65 1111011 6
76 0011101 4

Matching output
0 absent
1 absent
2 absent
3 absent
4 absent
5 absent
6 absent
7 absent

Left
none
Best: none

Right
none
Best: none

XOR-NOT
01 0110000 2
12 1001101 4
23 1101000 3
34 0100011 3 match 2
45 1000001 2
56 1111001 5
67 0001100 2
70 0000010 1

02 0000010 1
13 1011010 4 match 5
24 0110100 3
35 0011101 4
46 1000111 4
57 0001010 2
60 1110001 4
71 1001101 4

03 0010101 3
14 0000110 2 match 4
25 0001010 2
36 0011011 4
47 0110100 3
50 1110111 6
61 0111110 5
72 1111111 a

04 1001001 3
15 0111000 3
26 0001100 2
37 1101000 3
40 1001001 3
51 0111000 3
62 0001100 2
73 1101000 3

05 1110111 6
16 0111110 5
27 1111111 a
30 0010101 3
41 0000110 2 match 4
52 0001010 2
63 0011011 4
74 0110100 3

06 1110001 4
17 1001101 4
20 0000010 1
31 1011010 4 match 5
42 0110100 3
53 0011101 4
64 1000111 4
75 0001010 2

07 0000010 1
10 0110000 2
21 1001101 4
32 1101000 3
43 0100011 3 match 2
54 1000001 2
65 1111001 5
76 0001100 2

Matching output
0 absent
1 absent
2 34 43
3 absent
4 14 41
5 13 31
6 absent
7 absent

Left
none
Best: none

Right
none
Best: none

Selecting

Lefts
Identity none
NOT none
Constant C0: 1
AND AND23: 1
OR none
XOR XOR72: 1
AND-NOT AND-NOT50: 1
OR-NOT none
XOR-NOT none

Rights
Identity I6 5 4 3 2 1 0: 7
NOT none
Constant none
AND none
OR none
XOR XOR35: 1
AND-NOT AND-NOT67: 1
OR-NOT none
XOR-NOT none

Left longest: 1
Right longest: 7

Right winner: Identity yes, NOT no, Constant no, AND no, OR no, XOR no, AND-NOT no, OR-NOT no, XOR-NOT no
Left winner: Identity no, NOT no, Constant yes, AND no, OR no, XOR no, AND-NOT no, OR-NOT no, XOR-NOT no

Best right: I6 5 4 3 2 1 0: 7
Best left: C0: 1

Truncated right: I6 5 4 3 2 1 0: 7
Truncated left: C0: 1

Tentative from right
7 I6
6 I5
5 I4
4 I3
3 I2
2 I1
1 I0
0 pending

Tentative
0 C0
1 I0
2 I1
3 I2
4 I3
5 I4
6 I5
7 I6

Preferred from right
7 I6
6 I5
5 I4
4 I3
3 I2
2 I1
1 I0
0 C0

Preferred from left
0 C0
1 I0
2 I1
3 I2
4 I3
5 I4
6 I5
7 I6

Preferred
0 C0
1 I0
2 I1
3 I2
4 I3
5 I4
6 I5
7 I6

Matching
0 C0
1 I0
2 I1
3 I2
4 I3
5 I4
6 I5
7 I6

Perfect match
Identity no
NOT no
Constant no
AND no
OR no
XOR no
AND-NOT no
OR-NOT no
XOR-NOT no

Matched
0 C0
1 I0
2 I1
3 I2
4 I3
5 I4
6 I5
7 I6

Selected
0 C0
1 I0
2 I1
3 I2
4 I3
5 I4
6 I5
7 I6

Applying to 00110010
Input
0 0
1 0
2 1
3 1
4 0
5 0
6 1
7 0
Output
0 C0 = 0
1 I0 = 0
2 I1 = 0
3 I2 = 1
4 I3 = 1
5 I4 = 0
6 I5 = 0
7 I6 = 1

I will now return the answer in \boxed{}
The answer in \boxed{–} is \boxed{00011001}
[correct]
true
