[category]
bit_manipulation
[prompt]
In Alice's Wonderland, a secret bit manipulation rule transforms 8-bit binary numbers. The transformation involves operations like bit shifts, rotations, XOR, AND, OR, NOT, and possibly majority or choice functions.

Here are some examples of input -> output:
10011110 -> 00101001
11000000 -> 00000000
11110000 -> 00001100
10101001 -> 00101010
10001011 -> 00101000
01111001 -> 01000110
11110101 -> 01011101
01011100 -> 00010101
00110010 -> 10001000

Now, determine the output for: 00110110
[completion]
We need to deduce the transformation by matching the example outputs.
I will put my final answer inside \boxed{}.

Output 0: 00101001
0 0
1 0
2 1
3 0
4 1
5 0
6 0
7 1

Output 1: 00000000
0 0
1 0
2 0
3 0
4 0
5 0
6 0
7 0

Output 2: 00001100
0 0
1 0
2 0
3 0
4 1
5 1
6 0
7 0

Output 3: 00101010
0 0
1 0
2 1
3 0
4 1
5 0
6 1
7 0

Output 4: 00101000
0 0
1 0
2 1
3 0
4 1
5 0
6 0
7 0

Output 5: 01000110
0 0
1 1
2 0
3 0
4 0
5 1
6 1
7 0

Output 6: 01011101
0 0
1 1
2 0
3 1
4 1
5 1
6 0
7 1

Output 7: 00010101
0 0
1 0
2 0
3 1
4 0
5 1
6 0
7 1

Output 8: 10001000
0 1
1 0
2 0
3 0
4 1
5 0
6 0
7 0

Output bit columns (with bitsum as hash)
0 000000001 1
1 000001100 2
2 100110000 3
3 000000110 2
4 101110101 6
5 001001110 4
6 000101000 2
7 100000110 3

Input 0: 10011110
0 1
1 0
2 0
3 1
4 1
5 1
6 1
7 0

Input 1: 11000000
0 1
1 1
2 0
3 0
4 0
5 0
6 0
7 0

Input 2: 11110000
0 1
1 1
2 1
3 1
4 0
5 0
6 0
7 0

Input 3: 10101001
0 1
1 0
2 1
3 0
4 1
5 0
6 0
7 1

Input 4: 10001011
0 1
1 0
2 0
3 0
4 1
5 0
6 1
7 1

Input 5: 01111001
0 0
1 1
2 1
3 1
4 1
5 0
6 0
7 1

Input 6: 11110101
0 1
1 1
2 1
3 1
4 0
5 1
6 0
7 1

Input 7: 01011100
0 0
1 1
2 0
3 1
4 1
5 1
6 0
7 0

Input 8: 00110010
0 0
1 0
2 1
3 1
4 0
5 0
6 1
7 0

When matching output
x: not in operator
y: wrong position

Identity
0 111110100 6
1 011001110 5
2 001101101 5
3 101001111 6
4 100111010 5
5 100000110 3 match 7
6 100010001 3
7 000111100 4

Matching output
0 absent
1 absent
2 absent
3 absent
4 absent
5 absent
6 absent
7 5

Left
none
Best: none

Right
5 4x
Best: I5: 1

NOT
0 000001011 3
1 100110001 4
2 110010010 4
3 010110000 3
4 011000101 4
5 011111001 6
6 011101110 6
7 111000011 5

Matching output
0 absent
1 absent
2 absent
3 absent
4 absent
5 absent
6 absent
7 absent

Left
none
Best: none

Right
none
Best: none

Constant
0 000000000 a
1 111111111 a

Matching output
0 absent
1 absent
2 absent
3 absent
4 absent
5 absent
6 absent
7 absent

Left
none
Best: none

Right
none
Best: none

AND
01 10 011000100 3
12 21 001001100 3
23 32 001001101 4
34 43 100001010 3
45 54 100000010 2
56 65 100000000 1
67 76 000010000 1
70 07 000110100 3

02 20 001100100 3
13 31 001001110 4 match 5
24 42 000101000 2 match 6
35 53 100000110 3 match 7
46 64 100010000 2
57 75 000000100 1
60 06 100010000 2
71 17 000001100 2 match 1

03 30 101000100 3
14 41 000001010 2
25 52 000000100 1
36 63 100000001 2
47 74 000111000 3
50 05 100000100 2
61 16 000000000 a
72 27 000101100 3

04 40 100110000 3 match 2
15 51 000000110 2 match 3
26 62 000000001 1 match 0
37 73 000001100 2 match 1

Matching output
0 26 62
1 71 17 37 73
2 04 40
3 15 51
4 absent
5 13 31
6 24 42
7 35 53

Left
26 37 40 51 62y
62 73 04 15 26y
Best: AND26 37 40 51: 4

Right
35 24 13 02x
53 42 31 20x
Best: AND35 24 13: 3

OR
01 10 111111110 8
12 21 011101111 7
23 32 101101111 7
34 43 101111111 8
45 54 100111110 6
56 65 100010111 5
67 76 100111101 6
70 07 111111100 7

02 20 111111101 8
13 31 111001111 7
24 42 101111111 8
35 53 101001111 6
46 64 100111011 6
57 75 100111110 6
60 06 111110101 7
71 17 011111110 7

03 30 111111111 a
14 41 111111110 8
25 52 101101111 7
36 63 101011111 7
47 74 100111110 6
50 05 111110110 7
61 16 111011111 8
72 27 001111101 6

04 40 111111110 8
15 51 111001110 6
26 62 101111101 7
37 73 101111111 8

Matching output
0 absent
1 absent
2 absent
3 absent
4 absent
5 absent
6 absent
7 absent

Left
none
Best: none

Right
none
Best: none

XOR
01 10 100111010 5
12 21 010100011 4
23 32 100100010 3
34 43 001110101 5
45 54 000111100 4
56 65 000010111 4
67 76 100101101 5
70 07 111001000 4

02 20 110011001 5
13 31 110000001 3
24 42 101010111 6
35 53 001001001 3
46 64 000101011 4
57 75 100111010 5
60 06 011100101 5
71 17 011110010 5

03 30 010111011 6
14 41 111110100 6
25 52 101101011 6
36 63 001011110 5
47 74 100000110 3 match 7
50 05 011110010 5
61 16 111011111 8
72 27 001010001 3

04 40 011001110 5
15 51 111001000 4
26 62 101111100 6
37 73 101110011 6

Matching output
0 absent
1 absent
2 absent
3 absent
4 absent
5 absent
6 absent
7 47 74

Left
none
Best: none

Right
47 36x
74 63x
Best: XOR47: 1

AND-NOT
01 100110000 3 match 2
12 010000010 2
23 000100000 1
34 001000101 3
45 000111000 3
56 000000110 2 match 3
67 100000001 2
70 000001000 1

02 110010000 3
13 010000000 1
24 001000101 3
35 001001001 3
46 000101010 3
57 100000010 2
60 000000001 1 match 0
71 000110000 2

03 010110000 3
14 011000100 3
25 001101001 4
36 001001110 4 match 5
47 100000010 2
50 000000010 1
61 100010001 3
72 000010000 1

04 011000100 3
15 011001000 3
26 001101100 4
37 101000011 4
40 000001010 2
51 100000000 1
62 100010000 2
73 000110000 2

05 011110000 4
16 011001110 5
27 001000001 2
30 000001011 3
41 100110000 3 match 2
52 100000010 2
63 000010000 1
74 000000100 1

06 011100100 4
17 011000010 3
20 000001001 2
31 100000001 2
42 100010010 3
53 000000000 a
64 000000001 1 match 0
75 000111000 3

07 111000000 3
10 000001010 2
21 000100001 2
32 100000010 2
43 000110000 2
54 000000100 1
65 000010001 2
76 000101100 3

Matching output
0 60 64
1 absent
2 01 41
3 56
4 absent
5 36
6 absent
7 absent

Left
60 71x
64 75x
Best: AND-NOT60: 1

Right
none
Best: none

OR-NOT
01 111110101 7
12 111011110 7
23 011111101 7
34 111001111 7
45 111111011 8
56 111101110 7
67 111010011 6
70 000111111 6

02 111110110 7
13 011111110 7
24 011101101 6
35 111111111 a
46 111111110 8
57 111000111 6
60 100011011 5
71 100111101 6

03 111110100 6
14 011001111 6
25 011111101 7
36 111101111 8
47 111111011 8
50 100001111 5
61 100110001 4
72 110111110 7

04 111110101 7
15 011111111 8
26 011101111 7
37 111001111 7
40 100111011 6
51 100110111 6
62 110010011 5
73 010111100 5

05 111111101 8
16 011101110 6
27 111101111 8
30 101001111 6
41 100111011 6
52 110010110 5
63 110110001 5
74 011111101 7

06 111111110 8
17 111001111 7
20 001101111 6
31 101111111 8
42 110111010 6
53 110110110 6
64 111010101 6
75 011111101 7

07 111110111 8
10 011001111 6
21 101111101 7
32 111011111 8
43 110111010 6
54 111000111 6
65 111111001 7
76 011111110 7

Matching output
0 absent
1 absent
2 absent
3 absent
4 absent
5 absent
6 absent
7 absent

Left
none
Best: none

Right
none
Best: none

XOR-NOT
01 011000101 4
12 101011100 5
23 011011101 6
34 110001010 4
45 111000011 5
56 111101000 5
67 011010010 4
70 000110111 5

02 001100110 4
13 001111110 6
24 010101000 3
35 110110110 6
46 111010100 5
57 011000101 4
60 100011010 4
71 100001101 4

03 101000100 3
14 000001011 3
25 010010100 3
36 110100001 4
47 011111001 6
50 100001101 4
61 000100000 1
72 110101110 6

04 100110001 4
15 000110111 5
26 010000011 3
37 010001100 3
40 100110001 4
51 000110111 5
62 010000011 3
73 010001100 3

05 100001101 4
16 000100000 1
27 110101110 6
30 101000100 3
41 000001011 3
52 010010100 3
63 110100001 4
74 011111001 6

06 100011010 4
17 100001101 4
20 001100110 4
31 001111110 6
42 010101000 3
53 110110110 6
64 111010100 5
75 011000101 4

07 000110111 5
10 011000101 4
21 101011100 5
32 011011101 6
43 110001010 4
54 111000011 5
65 111101000 5
76 011010010 4

Matching output
0 absent
1 absent
2 absent
3 absent
4 absent
5 absent
6 absent
7 absent

Left
none
Best: none

Right
none
Best: none

Selecting

Lefts
Identity none
NOT none
Constant none
AND AND26 37 40 51: 4
OR none
XOR none
AND-NOT AND-NOT60: 1
OR-NOT none
XOR-NOT none

Rights
Identity I5: 1
NOT none
Constant none
AND AND35 24 13: 3
OR none
XOR XOR47: 1
AND-NOT none
OR-NOT none
XOR-NOT none

Left longest: 4
Right longest: 3

Left winner: Identity no, NOT no, Constant no, AND yes, OR no, XOR no, AND-NOT no, OR-NOT no, XOR-NOT no
Right winner: Identity no, NOT no, Constant no, AND yes, OR no, XOR no, AND-NOT no, OR-NOT no, XOR-NOT no

Best left: AND26 37 40 51: 4
Best right: AND35 24 13: 3

Truncated left: AND26 37 40 51: 4
Truncated right: AND35 24 13: 3

Tentative from right
7 AND35
6 AND24
5 AND13
4 pending
3 pending
2 pending
1 pending
0 pending

Tentative
0 AND26
1 AND37
2 AND40
3 AND51
4 pending
5 AND13
6 AND24
7 AND35

Preferred from left
0 AND26
1 AND37
2 AND40
3 AND51
4 ?62
5 AND13
6 AND24
7 AND35

Preferred from right
7 AND35
6 AND24
5 AND13
4 ?62
3 AND51
2 AND40
1 AND37
0 AND26

Preferred
0 AND26
1 AND37
2 AND40
3 AND51
4 ?62 ?26
5 AND13
6 AND24
7 AND35

Matching
0 AND26
1 AND37
2 AND40
3 AND51
4 ?62 ?26 - Identity absent, NOT absent, Constant absent, AND absent, OR absent, XOR absent, AND-NOT absent, OR-NOT absent, XOR-NOT absent
5 AND13
6 AND24
7 AND35

Perfect match
Identity no
NOT no
Constant no
AND no
OR no
XOR no
AND-NOT no
OR-NOT no
XOR-NOT no

Matched
0 AND26
1 AND37
2 AND40
3 AND51
4 none
5 AND13
6 AND24
7 AND35

Selected
0 AND26
1 AND37
2 AND40
3 AND51
4 default 1
5 AND13
6 AND24
7 AND35

Applying to 00110110
Input
0 0
1 0
2 1
3 1
4 0
5 1
6 1
7 0
Output
0 AND26 = AND(1,1) = 1
1 AND37 = AND(1,0) = 0
2 AND40 = AND(0,0) = 0
3 AND51 = AND(1,0) = 0
4 default 1 = 1
5 AND13 = AND(0,1) = 0
6 AND24 = AND(1,0) = 0
7 AND35 = AND(1,1) = 1

I will now return the answer in \boxed{}
The answer in \boxed{–} is \boxed{10001001}
[correct]
true
