[category]
bit_manipulation
[prompt]
In Alice's Wonderland, a secret bit manipulation rule transforms 8-bit binary numbers. The transformation involves operations like bit shifts, rotations, XOR, AND, OR, NOT, and possibly majority or choice functions.

Here are some examples of input -> output:
01110111 -> 11111011
01001100 -> 00100110
10010010 -> 11001001
01100011 -> 11110001
00000111 -> 11000011
00000101 -> 01000010
01011110 -> 10101111
01000001 -> 01100000

Now, determine the output for: 11101110
[completion]
We need to deduce the transformation by matching the example outputs.
I will put my final answer inside \boxed{}.

Output 0: 11111011
0 1
1 1
2 1
3 1
4 1
5 0
6 1
7 1

Output 1: 00100110
0 0
1 0
2 1
3 0
4 0
5 1
6 1
7 0

Output 2: 11001001
0 1
1 1
2 0
3 0
4 1
5 0
6 0
7 1

Output 3: 11110001
0 1
1 1
2 1
3 1
4 0
5 0
6 0
7 1

Output 4: 11000011
0 1
1 1
2 0
3 0
4 0
5 0
6 1
7 1

Output 5: 01000010
0 0
1 1
2 0
3 0
4 0
5 0
6 1
7 0

Output 6: 10101111
0 1
1 0
2 1
3 0
4 1
5 1
6 1
7 1

Output 7: 01100000
0 0
1 1
2 1
3 0
4 0
5 0
6 0
7 0

Output bit columns (with bitsum as hash)
0 10111010 5
1 10111101 6
2 11010011 5
3 10010000 2
4 10100010 3
5 01000010 2
6 11001110 5
7 10111010 5

Input 0: 01110111
0 0
1 1
2 1
3 1
4 0
5 1
6 1
7 1

Input 1: 01001100
0 0
1 1
2 0
3 0
4 1
5 1
6 0
7 0

Input 2: 10010010
0 1
1 0
2 0
3 1
4 0
5 0
6 1
7 0

Input 3: 01100011
0 0
1 1
2 1
3 0
4 0
5 0
6 1
7 1

Input 4: 00000111
0 0
1 0
2 0
3 0
4 0
5 1
6 1
7 1

Input 5: 00000101
0 0
1 0
2 0
3 0
4 0
5 1
6 0
7 1

Input 6: 01011110
0 0
1 1
2 0
3 1
4 1
5 1
6 1
7 0

Input 7: 01000001
0 0
1 1
2 0
3 0
4 0
5 0
6 0
7 1

When matching output
x: not in operator
y: wrong position

Identity
0 00100000 1
1 11010011 5 match 2
2 10010000 2 match 3
3 10100010 3 match 4
4 01000010 2 match 5
5 11001110 5 match 6
6 10111010 5 match 0 7
7 10011101 5

Matching output
0 6
1 absent
2 1
3 2
4 3
5 4
6 5
7 6

Left
6 7x
Best: I6: 1

Right
6 5 4 3 2 1 0x
Best: I6 5 4 3 2 1: 6

NOT
0 11011111 7
1 00101100 3
2 01101111 6
3 01011101 5
4 10111101 6 match 1
5 00110001 3
6 01000101 3
7 01100010 3

Matching output
0 absent
1 4
2 absent
3 absent
4 absent
5 absent
6 absent
7 absent

Left
none
Best: none

Right
none
Best: none

Constant
0 00000000 a
1 11111111 a

Matching output
0 absent
1 absent
2 absent
3 absent
4 absent
5 absent
6 absent
7 absent

Left
none
Best: none

Right
none
Best: none

AND
01 10 00000000 a
12 21 10010000 2 match 3
23 32 10000000 1
34 43 00000010 1
45 54 01000010 2 match 5
56 65 10001010 3
67 76 10011000 3
70 07 00000000 a

02 20 00000000 a
13 31 10000010 2
24 42 00000000 a
35 53 10000010 2
46 64 00000010 1
57 75 10001100 3
60 06 00100000 1
71 17 10010001 3

03 30 00100000 1
14 41 01000010 2 match 5
25 52 10000000 1
36 63 10100010 3 match 4
47 74 00000000 a
50 05 00000000 a
61 16 10010010 3
72 27 10010000 2 match 3

04 40 00000000 a
15 51 11000010 3
26 62 10010000 2 match 3
37 73 10000000 1

Matching output
0 absent
1 absent
2 absent
3 12 21 72 27 26 62
4 36 63
5 45 54 14 41
6 absent
7 absent

Left
none
Best: none

Right
none
Best: none

OR
01 10 11110011 6
12 21 11010011 5 match 2
23 32 10110010 4
34 43 11100010 4
45 54 11001110 5 match 6
56 65 11111110 7
67 76 10111111 7
70 07 10111101 6 match 1

02 20 10110000 3
13 31 11110011 6
24 42 11010010 4
35 53 11101110 6
46 64 11111010 6
57 75 11011111 7
60 06 10111010 5 match 0 7
71 17 11011111 7

03 30 10100010 3 match 4
14 41 11010011 5 match 2
25 52 11011110 6
36 63 10111010 5 match 0 7
47 74 11011111 7
50 05 11101110 6
61 16 11111011 7
72 27 10011101 5

04 40 01100010 3
15 51 11011111 7
26 62 10111010 5 match 0 7
37 73 10111111 7

Matching output
0 60 06 36 63 26 62
1 70 07
2 12 21 14 41
3 absent
4 03 30
5 absent
6 45 54
7 60 06 36 63 26 62

Left
60 71x
06 17x
36 47x
63 74x
26 37x
62 73x
Best: OR60: 1

Right
60 57x
06 75x
36 25x
63 52x
26 15x
62 51x
Best: OR60: 1

XOR
01 10 11110011 6
12 21 01000011 3
23 32 00110010 3
34 43 11100000 3
45 54 10001100 3
56 65 01110100 4
67 76 00100111 4
70 07 10111101 6 match 1

02 20 10110000 3
13 31 01110001 4
24 42 11010010 4
35 53 01101100 4
46 64 11111000 5
57 75 01010011 4
60 06 10011010 4
71 17 01001110 4

03 30 10000010 2
14 41 10010001 3
25 52 01011110 5
36 63 00011000 2
47 74 11011111 7
50 05 11101110 6
61 16 01101001 4
72 27 00001101 3

04 40 01100010 3
15 51 00011101 4
26 62 00101010 3
37 73 00111111 6

Matching output
0 absent
1 70 07
2 absent
3 absent
4 absent
5 absent
6 absent
7 absent

Left
none
Best: none

Right
none
Best: none

AND-NOT
01 00100000 1
12 01000011 3
23 00010000 1
34 10100000 2
45 00000000 a
56 01000100 2
67 00100010 2
70 10011101 5

02 00100000 1
13 01010001 3
24 10010000 2 match 3
35 00100000 1
46 01000000 1
57 01000010 2 match 5
60 10011010 4
71 00001100 2

03 00000000 a
14 10010001 3
25 00010000 1
36 00000000 a
47 01000010 2 match 5
50 11001110 5 match 6
61 00101000 2
72 00001101 3

04 00100000 1
15 00010001 2
26 00000000 a
37 00100010 2
40 01000010 2 match 5
51 00001100 2
62 00101010 3
73 00011101 4

05 00100000 1
16 01000001 2
27 00000000 a
30 10000010 2
41 00000000 a
52 01001110 4
63 00011000 2
74 10011101 5

06 00000000 a
17 01000010 2 match 5
20 10010000 2 match 3
31 00100000 1
42 01000010 2 match 5
53 01001100 3
64 10111000 4
75 00010001 2

07 00100000 1
10 11010011 5 match 2
21 00000000 a
32 00100010 2
43 01000000 1
54 10001100 3
65 00110000 2
76 00000101 2

Matching output
0 absent
1 absent
2 10
3 24 20
4 absent
5 57 47 40 17 42
6 50
7 absent

Left
none
Best: none

Right
none
Best: none

OR-NOT
01 00101100 3
12 11111111 a
23 11011101 6
34 10111111 7
45 01110011 5
56 11001111 6
67 11111010 6
70 11011111 7

02 01101111 6
13 11011111 7
24 10111101 6 match 1
35 10110011 5
46 01000111 4
57 11101110 6
60 11111111 a
71 10111101 6 match 1

03 01111101 6
14 11111111 a
25 10110001 4
36 11100111 6
47 01100010 3
50 11011111 7
61 10111110 6
72 11111111 a

04 10111101 6 match 1
15 11110011 6
26 11010101 5
37 11100010 4
40 11011111 7
51 11101110 6
62 11111111 a
73 11011101 6

05 00110001 3
16 11010111 6
27 11110010 5
30 11111111 a
41 01101110 5
52 11101111 7
63 11111111 a
74 10111101 6 match 1

06 01100101 4
17 11110011 6
20 11011111 7
31 10101110 5
42 01101111 6
53 11011111 7
64 10111111 7
75 10111101 6 match 1

07 01100010 3
10 11011111 7
21 10111100 5
32 11101111 7
43 01011111 6
54 11111111 a
65 10111011 6
76 11011101 6

Matching output
0 absent
1 24 71 04 74 75
2 absent
3 absent
4 absent
5 absent
6 absent
7 absent

Left
none
Best: none

Right
none
Best: none

XOR-NOT
01 00001100 2
12 10111100 5
23 11001101 5
34 00011111 5
45 01110011 5
56 10001011 4
67 11011000 4
70 01000010 2 match 5

02 01001111 5
13 10001110 4
24 00101101 4
35 10010011 4
46 00000111 3
57 10101100 4
60 01100101 4
71 10110001 4

03 01111101 6
14 01101110 5
25 10100001 3
36 11100111 6
47 00100000 1
50 00010001 2
61 10010110 4
72 11110010 5

04 10011101 5
15 11100010 4
26 11010101 5
37 11000000 2
40 10011101 5
51 11100010 4
62 11010101 5
73 11000000 2

05 00010001 2
16 10010110 4
27 11110010 5
30 01111101 6
41 01101110 5
52 10100001 3
63 11100111 6
74 00100000 1

06 01100101 4
17 10110001 4
20 01001111 5
31 10001110 4
42 00101101 4
53 10010011 4
64 00000111 3
75 10101100 4

07 01000010 2 match 5
10 00001100 2
21 10111100 5
32 11001101 5
43 00011111 5
54 01110011 5
65 10001011 4
76 11011000 4

Matching output
0 absent
1 absent
2 absent
3 absent
4 absent
5 70 07
6 absent
7 absent

Left
none
Best: none

Right
none
Best: none

Selecting

Lefts
Identity I6: 1
NOT none
Constant none
AND none
OR OR60: 1
XOR none
AND-NOT none
OR-NOT none
XOR-NOT none

Rights
Identity I6 5 4 3 2 1: 6
NOT none
Constant none
AND none
OR OR60: 1
XOR none
AND-NOT none
OR-NOT none
XOR-NOT none

Left longest: 1
Right longest: 6

Right winner: Identity yes, NOT no, Constant no, AND no, OR no, XOR no, AND-NOT no, OR-NOT no, XOR-NOT no
Left winner: Identity yes, NOT no, Constant no, AND no, OR no, XOR no, AND-NOT no, OR-NOT no, XOR-NOT no

Best right: I6 5 4 3 2 1: 6
Best left: I6: 1

Truncated right: I6 5 4 3 2 1: 6
Truncated left: I6: 1

Tentative from right
7 I6
6 I5
5 I4
4 I3
3 I2
2 I1
1 pending
0 pending

Tentative
0 I6
1 pending
2 I1
3 I2
4 I3
5 I4
6 I5
7 I6

Preferred from right
7 I6
6 I5
5 I4
4 I3
3 I2
2 I1
1 ??0
0 I6

Preferred from left
0 I6
1 ?70
2 I1
3 I2
4 I3
5 I4
6 I5
7 I6

Preferred
0 I6
1 ?70 ?07
2 I1
3 I2
4 I3
5 I4
6 I5
7 I6

Matching
0 I6
1 ?70 ?07 - Identity absent, NOT absent, Constant absent, AND absent, OR70, XOR70, AND-NOT absent, OR-NOT absent, XOR-NOT absent
2 I1
3 I2
4 I3
5 I4
6 I5
7 I6

Perfect match
Identity no
NOT no
Constant no
AND no
OR yes
XOR no
AND-NOT no
OR-NOT no
XOR-NOT no

Matched
0 I6
1 OR70
2 I1
3 I2
4 I3
5 I4
6 I5
7 I6

Selected
0 I6
1 OR70
2 I1
3 I2
4 I3
5 I4
6 I5
7 I6

Applying to 11101110
Input
0 1
1 1
2 1
3 0
4 1
5 1
6 1
7 0
Output
0 I6 = 1
1 OR70 = OR(0,1) = 1
2 I1 = 1
3 I2 = 1
4 I3 = 0
5 I4 = 1
6 I5 = 1
7 I6 = 1

I will now return the answer in \boxed{}
The answer in \boxed{–} is \boxed{11110111}
[correct]
true
