[category]
bit_manipulation
[prompt]
In Alice's Wonderland, a secret bit manipulation rule transforms 8-bit binary numbers. The transformation involves operations like bit shifts, rotations, XOR, AND, OR, NOT, and possibly majority or choice functions.

Here are some examples of input -> output:
01101001 -> 10110100
10100111 -> 11000011
10010110 -> 01001011
11010001 -> 01100000
11111010 -> 00101101
10111111 -> 00000111
11100110 -> 01000011
00110011 -> 00000001

Now, determine the output for: 10110010
[completion]
We need to deduce the transformation by matching the example outputs.
I will put my final answer inside \boxed{}.

Output 0: 10110100
0 1
1 0
2 1
3 1
4 0
5 1
6 0
7 0

Output 1: 11000011
0 1
1 1
2 0
3 0
4 0
5 0
6 1
7 1

Output 2: 01001011
0 0
1 1
2 0
3 0
4 1
5 0
6 1
7 1

Output 3: 01100000
0 0
1 1
2 1
3 0
4 0
5 0
6 0
7 0

Output 4: 00101101
0 0
1 0
2 1
3 0
4 1
5 1
6 0
7 1

Output 5: 00000111
0 0
1 0
2 0
3 0
4 0
5 1
6 1
7 1

Output 6: 01000011
0 0
1 1
2 0
3 0
4 0
5 0
6 1
7 1

Output 7: 00000001
0 0
1 0
2 0
3 0
4 0
5 0
6 0
7 1

Output bit columns (with bitsum as hash)
0 11000000 2
1 01110010 4
2 10011000 3
3 10000000 1
4 00101000 2
5 10001100 3
6 01100110 4
7 01101111 6

Input 0: 01101001
0 0
1 1
2 1
3 0
4 1
5 0
6 0
7 1

Input 1: 10100111
0 1
1 0
2 1
3 0
4 0
5 1
6 1
7 1

Input 2: 10010110
0 1
1 0
2 0
3 1
4 0
5 1
6 1
7 0

Input 3: 11010001
0 1
1 1
2 0
3 1
4 0
5 0
6 0
7 1

Input 4: 11111010
0 1
1 1
2 1
3 1
4 1
5 0
6 1
7 0

Input 5: 10111111
0 1
1 0
2 1
3 1
4 1
5 1
6 1
7 1

Input 6: 11100110
0 1
1 1
2 1
3 0
4 0
5 1
6 1
7 0

Input 7: 00110011
0 0
1 0
2 1
3 1
4 0
5 0
6 1
7 1

When matching output
x: not in operator
y: wrong position

Identity
0 01111110 6
1 10011010 4
2 11001111 6
3 00111101 5
4 10001100 3 match 5
5 01100110 4 match 6
6 01101111 6 match 7
7 11010101 5

Matching output
0 absent
1 absent
2 absent
3 absent
4 absent
5 4
6 5
7 6

Left
none
Best: none

Right
6 5 4 3x
Best: I6 5 4: 3

NOT
0 10000001 2
1 01100101 4
2 00110000 2
3 11000010 3
4 01110011 5
5 10011001 4
6 10010000 2
7 00101010 3

Matching output
0 absent
1 absent
2 absent
3 absent
4 absent
5 absent
6 absent
7 absent

Left
none
Best: none

Right
none
Best: none

Constant
0 00000000 a
1 11111111 a

Matching output
0 absent
1 absent
2 absent
3 absent
4 absent
5 absent
6 absent
7 absent

Left
none
Best: none

Right
none
Best: none

AND
01 10 00011010 3
12 21 10001010 3
23 32 00001101 3
34 43 00001100 2
45 54 00000100 1
56 65 01100110 4 match 6
67 76 01000101 3
70 07 01010100 3

02 20 01001110 4
13 31 00011000 2
24 42 10001100 3 match 5
35 53 00100100 2
46 64 00001100 2
57 75 01000100 2
60 06 01101110 5
71 17 10010000 2

03 30 00111100 4
14 41 10001000 2
25 52 01000110 3
36 63 00101101 4
47 74 10000100 2
50 05 01100110 4 match 6
61 16 00001010 2
72 27 11000101 4

04 40 00001100 2
15 51 00000010 1
26 62 01001111 5
37 73 00010101 3

Matching output
0 absent
1 absent
2 absent
3 absent
4 absent
5 24 42
6 56 65 50 05
7 absent

Left
none
Best: none

Right
none
Best: none

OR
01 10 11111110 7
12 21 11011111 7
23 32 11111111 a
34 43 10111101 6
45 54 11101110 6
56 65 01101111 6 match 7
67 76 11111111 a
70 07 11111111 a

02 20 11111111 a
13 31 10111111 7
24 42 11001111 6
35 53 01111111 7
46 64 11101111 7
57 75 11110111 7
60 06 01111111 7
71 17 11011111 7

03 30 01111111 7
14 41 10011110 5
25 52 11101111 7
36 63 01111111 7
47 74 11011101 6
50 05 01111110 6
61 16 11111111 a
72 27 11011111 7

04 40 11111110 7
15 51 11111110 7
26 62 11101111 7
37 73 11111101 7

Matching output
0 absent
1 absent
2 absent
3 absent
4 absent
5 absent
6 absent
7 56 65

Left
none
Best: none

Right
56 45x
65 54x
Best: OR56: 1

XOR
01 10 11100100 4
12 21 01010101 4
23 32 11110010 5
34 43 10110001 4
45 54 11101010 5
56 65 00001001 2
67 76 10111010 5
70 07 10101011 5

02 20 10110001 4
13 31 10100111 5
24 42 01000011 3
35 53 01011011 5
46 64 11100011 5
57 75 10110011 5
60 06 00010001 2
71 17 01001111 5

03 30 01000011 3
14 41 00010110 3
25 52 10101001 4
36 63 01010010 3
47 74 01011001 4
50 05 00011000 2
61 16 11110101 6
72 27 00011010 3

04 40 11110010 5
15 51 11111100 6
26 62 10100000 2
37 73 11101000 4

Matching output
0 absent
1 absent
2 absent
3 absent
4 absent
5 absent
6 absent
7 absent

Left
none
Best: none

Right
none
Best: none

AND-NOT
01 01100100 3
12 00010000 1
23 11000010 3
34 00110001 3
45 10001000 2
56 00000000 a
67 00101010 3
70 10000001 2

02 00110000 2
13 10000010 2
24 01000011 3
35 00011001 3
46 10000000 1 match 3
57 00100010 2
60 00000001 1
71 01000101 3

03 01000010 2
14 00010010 2
25 10001001 3
36 00010000 1
47 00001000 1
50 00000000 a
61 01100101 4
72 00010000 1

04 01110010 4 match 1
15 10011000 3 match 2
26 10000000 1 match 3
37 00101000 2 match 4
40 10000000 1 match 3
51 01100100 3
62 00100000 1
73 11000000 2 match 0

05 00011000 2
16 10010000 2
27 00001010 2
30 00000001 1
41 00000100 1
52 00100000 1
63 01000010 2
74 01010001 3

06 00010000 1
17 00001010 2
20 10000001 2
31 00100101 3
42 00000000 a
53 01000010 2
64 01100011 4
75 10010001 3

07 00101010 3
10 10000000 1 match 3
21 01000101 3
32 00110000 2
43 10000000 1 match 3
54 01100010 3
65 00001001 2
76 10010000 2

Matching output
0 73
1 04
2 15
3 46 26 40 10 43
4 37
5 absent
6 absent
7 absent

Left
73 04 15 26 37 40y
Best: AND-NOT73 04 15 26 37: 5

Right
none
Best: none

OR-NOT
01 01111111 7
12 10111010 5
23 11001111 6
34 01111111 7
45 10011101 5
56 11110110 6
67 01101111 6 match 7
70 11010101 5

02 01111110 6
13 11011010 5
24 11111111 a
35 10111101 6
46 10011100 4
57 01101110 5
60 11101111 7
71 11110101 6

03 11111110 7
14 11111011 7
25 11011111 7
36 10111101 6
47 10101110 5
50 11100111 6
61 01101111 6 match 7
72 11110101 6

04 01111111 7
15 10011011 5
26 11011111 7
37 00111111 6
40 10001101 4
51 01100111 5
62 01111111 7
73 11010111 6

05 11111111 a
16 10011010 4
27 11101111 7
30 10111101 6
41 11101101 6
52 01110110 5
63 11101111 7
74 11110111 7

06 11111110 7
17 10111010 5
20 11001111 6
31 01111101 6
42 10111100 5
53 11100110 5
64 01111111 7
75 11011101 6

07 01111110 6
10 10011011 5
21 11101111 7
32 00111101 5
43 11001110 5
54 01110111 6
65 11111111 a
76 11010101 5

Matching output
0 absent
1 absent
2 absent
3 absent
4 absent
5 absent
6 absent
7 67 61

Left
none
Best: none

Right
67 56x
61 50x
Best: OR-NOT67: 1

XOR-NOT
01 00011011 4
12 10101010 4
23 00001101 3
34 01001110 4
45 00010101 3
56 11110110 6
67 01000101 3
70 01010100 3

02 01001110 4
13 01011000 3
24 10111100 5
35 10100100 3
46 00011100 3
57 01001100 3
60 11101110 6
71 10110000 3

03 10111100 5
14 11101001 5
25 01010110 4
36 10101101 5
47 10100110 4
50 11100111 6
61 00001010 2
72 11100101 5

04 00001101 3
15 00000011 2
26 01011111 6
37 00010111 4
40 00001101 3
51 00000011 2
62 01011111 6
73 00010111 4

05 11100111 6
16 00001010 2
27 11100101 5
30 10111100 5
41 11101001 5
52 01010110 4
63 10101101 5
74 10100110 4

06 11101110 6
17 10110000 3
20 01001110 4
31 01011000 3
42 10111100 5
53 10100100 3
64 00011100 3
75 01001100 3

07 01010100 3
10 00011011 4
21 10101010 4
32 00001101 3
43 01001110 4
54 00010101 3
65 11110110 6
76 01000101 3

Matching output
0 absent
1 absent
2 absent
3 absent
4 absent
5 absent
6 absent
7 absent

Left
none
Best: none

Right
none
Best: none

Selecting

Lefts
Identity none
NOT none
Constant none
AND none
OR none
XOR none
AND-NOT AND-NOT73 04 15 26 37: 5
OR-NOT none
XOR-NOT none

Rights
Identity I6 5 4: 3
NOT none
Constant none
AND none
OR OR56: 1
XOR none
AND-NOT none
OR-NOT OR-NOT67: 1
XOR-NOT none

Left longest: 5
Right longest: 3

Left winner: Identity no, NOT no, Constant no, AND no, OR no, XOR no, AND-NOT yes, OR-NOT no, XOR-NOT no
Right winner: Identity yes, NOT no, Constant no, AND no, OR no, XOR no, AND-NOT no, OR-NOT no, XOR-NOT no

Best left: AND-NOT73 04 15 26 37: 5
Best right: I6 5 4: 3

Truncated left: AND-NOT73 04 15 26 37: 5
Truncated right: I6 5 4: 3

Tentative from right
7 I6
6 I5
5 I4
4 pending
3 pending
2 pending
1 pending
0 pending

Tentative
0 AND-NOT73
1 AND-NOT04
2 AND-NOT15
3 AND-NOT26
4 AND-NOT37
5 I4
6 I5
7 I6

Preferred from left
0 AND-NOT73
1 AND-NOT04
2 AND-NOT15
3 AND-NOT26
4 AND-NOT37
5 I4
6 I5
7 I6

Preferred from right
7 I6
6 I5
5 I4
4 AND-NOT37
3 AND-NOT26
2 AND-NOT15
1 AND-NOT04
0 AND-NOT73

Preferred
0 AND-NOT73
1 AND-NOT04
2 AND-NOT15
3 AND-NOT26
4 AND-NOT37
5 I4
6 I5
7 I6

Matching
0 AND-NOT73
1 AND-NOT04
2 AND-NOT15
3 AND-NOT26
4 AND-NOT37
5 I4
6 I5
7 I6

Perfect match
Identity no
NOT no
Constant no
AND no
OR no
XOR no
AND-NOT no
OR-NOT no
XOR-NOT no

Matched
0 AND-NOT73
1 AND-NOT04
2 AND-NOT15
3 AND-NOT26
4 AND-NOT37
5 I4
6 I5
7 I6

Selected
0 AND-NOT73
1 AND-NOT04
2 AND-NOT15
3 AND-NOT26
4 AND-NOT37
5 I4
6 I5
7 I6

Applying to 10110010
Input
0 1
1 0
2 1
3 1
4 0
5 0
6 1
7 0
Output
0 AND-NOT73 = AND(0,NOT(1)) = 0
1 AND-NOT04 = AND(1,NOT(0)) = 1
2 AND-NOT15 = AND(0,NOT(0)) = 0
3 AND-NOT26 = AND(1,NOT(1)) = 0
4 AND-NOT37 = AND(1,NOT(0)) = 1
5 I4 = 0
6 I5 = 0
7 I6 = 1

I will now return the answer in \boxed{}
The answer in \boxed{–} is \boxed{01001001}
[correct]
true
