[category]
bit_manipulation
[prompt]
In Alice's Wonderland, a secret bit manipulation rule transforms 8-bit binary numbers. The transformation involves operations like bit shifts, rotations, XOR, AND, OR, NOT, and possibly majority or choice functions.

Here are some examples of input -> output:
01010010 -> 11101101
01110101 -> 11111111
11011111 -> 11111111
01001100 -> 10111001
00001100 -> 00111000
00101011 -> 11111110
00100111 -> 11011110
10110110 -> 11111110
01100100 -> 11011001
00111001 -> 11110110

Now, determine the output for: 10111001
[completion]
We need to deduce the transformation by matching the example outputs.
I will put my final answer inside \boxed{}.

Output 0: 11101101
0 1
1 1
2 1
3 0
4 1
5 1
6 0
7 1

Output 1: 11111111
0 1
1 1
2 1
3 1
4 1
5 1
6 1
7 1

Output 2: 11111111
0 1
1 1
2 1
3 1
4 1
5 1
6 1
7 1

Output 3: 10111001
0 1
1 0
2 1
3 1
4 1
5 0
6 0
7 1

Output 4: 00111000
0 0
1 0
2 1
3 1
4 1
5 0
6 0
7 0

Output 5: 11111110
0 1
1 1
2 1
3 1
4 1
5 1
6 1
7 0

Output 6: 11011110
0 1
1 1
2 0
3 1
4 1
5 1
6 1
7 0

Output 7: 11111110
0 1
1 1
2 1
3 1
4 1
5 1
6 1
7 0

Output 8: 11011001
0 1
1 1
2 0
3 1
4 1
5 0
6 0
7 1

Output 9: 11110110
0 1
1 1
2 1
3 1
4 0
5 1
6 1
7 0

Output bit columns (with bitsum as hash)
0 1111011111 9
1 1110011111 8
2 1111110101 8
3 0111111111 9
4 1111111110 9
5 1110011101 7
6 0110011101 6
7 1111000010 5

Input 0: 01010010
0 0
1 1
2 0
3 1
4 0
5 0
6 1
7 0

Input 1: 01110101
0 0
1 1
2 1
3 1
4 0
5 1
6 0
7 1

Input 2: 11011111
0 1
1 1
2 0
3 1
4 1
5 1
6 1
7 1

Input 3: 01001100
0 0
1 1
2 0
3 0
4 1
5 1
6 0
7 0

Input 4: 00001100
0 0
1 0
2 0
3 0
4 1
5 1
6 0
7 0

Input 5: 00101011
0 0
1 0
2 1
3 0
4 1
5 0
6 1
7 1

Input 6: 00100111
0 0
1 0
2 1
3 0
4 0
5 1
6 1
7 1

Input 7: 10110110
0 1
1 0
2 1
3 1
4 0
5 1
6 1
7 0

Input 8: 01100100
0 0
1 1
2 1
3 0
4 0
5 1
6 0
7 0

Input 9: 00111001
0 0
1 0
2 1
3 1
4 1
5 0
6 0
7 1

When matching output
x: not in operator
y: wrong position

Identity
0 0010000100 2
1 1111000010 5 match 7
2 0100011111 6
3 1110000101 5
4 0011110001 5
5 0111101110 7
6 1010011100 5
7 0110011001 5

Matching output
0 absent
1 absent
2 absent
3 absent
4 absent
5 absent
6 absent
7 1

Left
none
Best: none

Right
1 0x
Best: I1: 1

NOT
0 1101111011 8
1 0000111101 5
2 1011100000 4
3 0001111010 5
4 1100001110 5
5 1000010001 3
6 0101100011 5
7 1001100110 5

Matching output
0 absent
1 absent
2 absent
3 absent
4 absent
5 absent
6 absent
7 absent

Left
none
Best: none

Right
none
Best: none

Constant
0 0000000000 a
1 1111111111 a

Matching output
0 absent
1 absent
2 absent
3 absent
4 absent
5 absent
6 absent
7 absent

Left
none
Best: none

Right
none
Best: none

AND
01 10 0010000000 1
12 21 0100000010 2
23 32 0100000101 3
34 43 0010000001 2
45 54 0011100000 3
56 65 0010001100 3
67 76 0010011000 3
70 07 0010000000 1

02 20 0000000100 1
13 31 1110000000 3
24 42 0000010001 2
35 53 0110000100 3
46 64 0010010000 2
57 75 0110001000 3
60 06 0010000100 2
71 17 0110000000 2

03 30 0010000100 2
14 41 0011000000 2
25 52 0100001110 4
36 63 1010000100 3
47 74 0010010001 3
50 05 0010000100 2
61 16 1010000000 2
72 27 0100011001 4

04 40 0010000000 1
15 51 0111000010 4
26 62 0000011100 3
37 73 0110000001 3

Matching output
0 absent
1 absent
2 absent
3 absent
4 absent
5 absent
6 absent
7 absent

Left
none
Best: none

Right
none
Best: none

OR
01 10 1111000110 6
12 21 1111011111 9 match 0
23 32 1110011111 8 match 1
34 43 1111110101 8 match 2
45 54 0111111111 9 match 3
56 65 1111111110 9 match 4
67 76 1110011101 7 match 5
70 07 0110011101 6 match 6

02 20 0110011111 7
13 31 1111000111 7
24 42 0111111111 9 match 3
35 53 1111101111 9
46 64 1011111101 8
57 75 0111111111 9 match 3
60 06 1010011100 5
71 17 1111011011 8

03 30 1110000101 5
14 41 1111110011 8
25 52 0111111111 9 match 3
36 63 1110011101 7 match 5
47 74 0111111001 7
50 05 0111101110 7
61 16 1111011110 8
72 27 0110011111 7

04 40 0011110101 6
15 51 1111101110 8
26 62 1110011111 8 match 1
37 73 1110011101 7 match 5

Matching output
0 12 21
1 23 32 26 62
2 34 43
3 45 54 24 42 57 75 25 52
4 56 65
5 67 76 36 63 37 73
6 70 07
7 absent

Left
12 23 34 45 56 67 70 01x
21 32 43 54 65 76 07 10x
Best: OR12 23 34 45 56 67 70: 7

Right
none
Best: none

XOR
01 10 1101000110 5
12 21 1011011101 7
23 32 1010011010 5
34 43 1101110100 6
45 54 0100011111 6
56 65 1101110010 6
67 76 1100000101 4
70 07 0100011101 5

02 20 0110011011 6
13 31 0001000111 4
24 42 0111101110 7
35 53 1001101011 6
46 64 1001101101 6
57 75 0001110111 6
60 06 1000011000 3
71 17 1001011011 6

03 30 1100000001 3
14 41 1100110011 6
25 52 0011110001 5
36 63 0100011001 4
47 74 0101101000 4
50 05 0101101010 5
61 16 0101011110 6
72 27 0010000110 3

04 40 0001110101 5
15 51 1000101100 4
26 62 1110000011 5
37 73 1000011100 4

Matching output
0 absent
1 absent
2 absent
3 absent
4 absent
5 absent
6 absent
7 absent

Left
none
Best: none

Right
none
Best: none

AND-NOT
01 0000000100 1
12 1011000000 3
23 0000011010 3
34 1100000100 3
45 0000010001 2
56 0101100010 4
67 1000000100 2
70 0100011001 4

02 0010000000 1
13 0001000010 2
24 0100001110 4
35 1000000001 2
46 0001100001 3
57 0001100110 4
60 1000011000 3
71 0000011001 3

03 0000000000 a
14 1100000010 3
25 0000010001 2
36 0100000001 2
47 0001100000 2
50 0101101010 5
61 0000011100 3
72 0010000000 1

04 0000000100 1
15 1000000000 1
26 0100000011 3
37 1000000100 2
40 0001110001 4
51 0000101100 3
62 1010000000 2
73 0000011000 2

05 0000000000 a
16 0101000010 3
27 0000000110 2
30 1100000001 3
41 0000110001 3
52 0011100000 3
63 0000011000 2
74 0100001000 2

06 0000000000 a
17 1001000010 3
20 0100011011 5
31 0000000101 2
42 0011100000 3
53 0001101010 4
64 1000001100 3
75 0000010001 2

07 0000000100 1
10 1101000010 4
21 0000011101 4
32 1010000000 2
43 0001110000 3
54 0100001110 4
65 1000010000 2
76 0100000001 2

Matching output
0 absent
1 absent
2 absent
3 absent
4 absent
5 absent
6 absent
7 absent

Left
none
Best: none

Right
none
Best: none

OR-NOT
01 0010111101 6
12 1111100010 6
23 0101111111 8
34 1110001111 7
45 1011110001 6
56 0111101111 8
67 1011111110 8
70 1111111011 9

02 1011100100 5
13 1111111010 8
24 1100011111 7
35 1110010101 6
46 0111110011 7
57 1111101110 8
60 1111111111 a
71 0110111101 7

03 0011111110 7
14 1111001110 7
25 1100011111 7
36 1111100111 8
47 1011110111 8
50 1111111111 a
61 1010111101 7
72 1111111001 8

04 1110001110 6
15 1111010011 7
26 0101111111 8
37 1111100111 8
40 1111111011 9
51 0111111111 9 match 3
62 1011111100 7
73 0111111011 8

05 1010010101 5
16 1111100011 7
27 1101111111 9
30 1111111111 a
41 0011111101 7
52 1111101110 8
63 1011111110 8
74 1110011111 8 match 1

06 0111100111 7
17 1111100110 7
20 1101111111 9
31 1110111101 8
42 1011110001 6
53 0111111110 8
64 1110011110 7
75 1110011001 6

07 1011100110 6
10 1111111011 9
21 0100111111 7
32 1111100101 7
43 0011111011 7
54 1111101110 8
65 1010011101 6
76 0111111011 8

Matching output
0 absent
1 74
2 absent
3 51
4 absent
5 absent
6 absent
7 absent

Left
none
Best: none

Right
none
Best: none

XOR-NOT
01 0010111001 5
12 0100100010 3
23 0101100101 5
34 0010001011 4
45 1011100000 4
56 0010001101 4
67 0011111010 6
70 1011100010 5

02 1001100100 4
13 1110111000 6
24 1000010001 3
35 0110010100 4
46 0110010010 4
57 1110001000 4
60 0111100111 7
71 0110100100 4

03 0011111110 7
14 0011001100 4
25 1100001110 5
36 1011100110 6
47 1010010111 6
50 1010010101 5
61 1010100001 4
72 1101111001 7

04 1110001010 5
15 0111010011 6
26 0001111100 5
37 0111100011 6
40 1110001010 5
51 0111010011 6
62 0001111100 5
73 0111100011 6

05 1010010101 5
16 1010100001 4
27 1101111001 7
30 0011111110 7
41 0011001100 4
52 1100001110 5
63 1011100110 6
74 1010010111 6

06 0111100111 7
17 0110100100 4
20 1001100100 4
31 1110111000 6
42 1000010001 3
53 0110010100 4
64 0110010010 4
75 1110001000 4

07 1011100010 5
10 0010111001 5
21 0100100010 3
32 0101100101 5
43 0010001011 4
54 1011100000 4
65 0010001101 4
76 0011111010 6

Matching output
0 absent
1 absent
2 absent
3 absent
4 absent
5 absent
6 absent
7 absent

Left
none
Best: none

Right
none
Best: none

Selecting

Lefts
Identity none
NOT none
Constant none
AND none
OR OR12 23 34 45 56 67 70: 7
XOR none
AND-NOT none
OR-NOT none
XOR-NOT none

Rights
Identity I1: 1
NOT none
Constant none
AND none
OR none
XOR none
AND-NOT none
OR-NOT none
XOR-NOT none

Left longest: 7
Right longest: 1

Left winner: Identity no, NOT no, Constant no, AND no, OR yes, XOR no, AND-NOT no, OR-NOT no, XOR-NOT no
Right winner: Identity yes, NOT no, Constant no, AND no, OR no, XOR no, AND-NOT no, OR-NOT no, XOR-NOT no

Best left: OR12 23 34 45 56 67 70: 7
Best right: I1: 1

Truncated left: OR12 23 34 45 56 67 70: 7
Truncated right: I1: 1

Tentative from right
7 I1
6 pending
5 pending
4 pending
3 pending
2 pending
1 pending
0 pending

Tentative
0 OR12
1 OR23
2 OR34
3 OR45
4 OR56
5 OR67
6 OR70
7 I1

Preferred from left
0 OR12
1 OR23
2 OR34
3 OR45
4 OR56
5 OR67
6 OR70
7 I1

Preferred from right
7 I1
6 OR70
5 OR67
4 OR56
3 OR45
2 OR34
1 OR23
0 OR12

Preferred
0 OR12
1 OR23
2 OR34
3 OR45
4 OR56
5 OR67
6 OR70
7 I1

Matching
0 OR12
1 OR23
2 OR34
3 OR45
4 OR56
5 OR67
6 OR70
7 I1

Perfect match
Identity no
NOT no
Constant no
AND no
OR no
XOR no
AND-NOT no
OR-NOT no
XOR-NOT no

Matched
0 OR12
1 OR23
2 OR34
3 OR45
4 OR56
5 OR67
6 OR70
7 I1

Selected
0 OR12
1 OR23
2 OR34
3 OR45
4 OR56
5 OR67
6 OR70
7 I1

Applying to 10111001
Input
0 1
1 0
2 1
3 1
4 1
5 0
6 0
7 1
Output
0 OR12 = OR(0,1) = 1
1 OR23 = OR(1,1) = 1
2 OR34 = OR(1,1) = 1
3 OR45 = OR(1,0) = 1
4 OR56 = OR(0,0) = 0
5 OR67 = OR(0,1) = 1
6 OR70 = OR(1,1) = 1
7 I1 = 0

I will now return the answer in \boxed{}
The answer in \boxed{–} is \boxed{11110110}
[correct]
true
