[category]
bit_manipulation
[prompt]
In Alice's Wonderland, a secret bit manipulation rule transforms 8-bit binary numbers. The transformation involves operations like bit shifts, rotations, XOR, AND, OR, NOT, and possibly majority or choice functions.

Here are some examples of input -> output:
10111100 -> 11100100
00011011 -> 10110111
00110101 -> 01011110
10101101 -> 11110001
01011001 -> 10000011
11011000 -> 10111011
11000011 -> 00001100
01110101 -> 01001010
01101001 -> 10001100
01011100 -> 11010010

Now, determine the output for: 01100010
[completion]
We need to deduce the transformation by matching the example outputs.
I will put my final answer inside \boxed{}.

Output 0: 11100100
0 1
1 1
2 1
3 0
4 0
5 1
6 0
7 0

Output 1: 10110111
0 1
1 0
2 1
3 1
4 0
5 1
6 1
7 1

Output 2: 01011110
0 0
1 1
2 0
3 1
4 1
5 1
6 1
7 0

Output 3: 11110001
0 1
1 1
2 1
3 1
4 0
5 0
6 0
7 1

Output 4: 10000011
0 1
1 0
2 0
3 0
4 0
5 0
6 1
7 1

Output 5: 10111011
0 1
1 0
2 1
3 1
4 1
5 0
6 1
7 1

Output 6: 00001100
0 0
1 0
2 0
3 0
4 1
5 1
6 0
7 0

Output 7: 01001010
0 0
1 1
2 0
3 0
4 1
5 0
6 1
7 0

Output 8: 10001100
0 1
1 0
2 0
3 0
4 1
5 1
6 0
7 0

Output 9: 11010010
0 1
1 1
2 0
3 1
4 0
5 0
6 1
7 0

Output bit columns (with bitsum as hash)
0 1101110011 7
1 1011000101 5
2 1101010000 4
3 0111010001 5
4 0010011110 5
5 1110001010 5
6 0110110101 6
7 0101110000 4

Input 0: 10111100
0 1
1 0
2 1
3 1
4 1
5 1
6 0
7 0

Input 1: 00011011
0 0
1 0
2 0
3 1
4 1
5 0
6 1
7 1

Input 2: 00110101
0 0
1 0
2 1
3 1
4 0
5 1
6 0
7 1

Input 3: 10101101
0 1
1 0
2 1
3 0
4 1
5 1
6 0
7 1

Input 4: 01011001
0 0
1 1
2 0
3 1
4 1
5 0
6 0
7 1

Input 5: 11011000
0 1
1 1
2 0
3 1
4 1
5 0
6 0
7 0

Input 6: 11000011
0 1
1 1
2 0
3 0
4 0
5 0
6 1
7 1

Input 7: 01110101
0 0
1 1
2 1
3 1
4 0
5 1
6 0
7 1

Input 8: 01101001
0 0
1 1
2 1
3 0
4 1
5 0
6 0
7 1

Input 9: 01011100
0 0
1 1
2 0
3 1
4 1
5 1
6 0
7 0

When matching output
x: not in operator
y: wrong position

Identity
0 1001011000 4
1 0000111111 6
2 1011000110 5
3 1110110101 7
4 1101110011 7 match 0
5 1011000101 5 match 1
6 0100001000 2
7 0111101110 7

Matching output
0 4
1 5
2 absent
3 absent
4 absent
5 absent
6 absent
7 absent

Left
4 5 6x
Best: I4 5: 2

Right
none
Best: none

NOT
0 0110100111 6
1 1111000000 4
2 0100111001 5
3 0001001010 3
4 0010001100 3
5 0100111010 5
6 1011110111 8
7 1000010001 3

Matching output
0 absent
1 absent
2 absent
3 absent
4 absent
5 absent
6 absent
7 absent

Left
none
Best: none

Right
none
Best: none

Constant
0 0000000000 a
1 1111111111 a

Matching output
0 absent
1 absent
2 absent
3 absent
4 absent
5 absent
6 absent
7 absent

Left
none
Best: none

Right
none
Best: none

AND
01 10 0000011000 2
12 21 0000000110 2
23 32 1010000100 3
34 43 1100110001 5
45 54 1001000001 3
56 65 0000000000 a
67 76 0100001000 2
70 07 0001001000 2

02 20 1001000000 2
13 31 0000110101 4
24 42 1001000010 3
35 53 1010000101 4
46 64 0100000000 1
57 75 0011000100 3
60 06 0000001000 1
71 17 0000101110 4

03 30 1000010000 2
14 41 0000110011 4
25 52 1011000100 4
36 63 0100000000 1
47 74 0101100010 4
50 05 1001000000 2
61 16 0000001000 1
72 27 0011000110 4

04 40 1001010000 3
15 51 0000000101 2
26 62 0000000000 a
37 73 0110100100 4

Matching output
0 absent
1 absent
2 absent
3 absent
4 absent
5 absent
6 absent
7 absent

Left
none
Best: none

Right
none
Best: none

OR
01 10 1001111111 8
12 21 1011111111 9
23 32 1111110111 9
34 43 1111110111 9
45 54 1111110111 9
56 65 1111001101 7
67 76 0111101110 7
70 07 1111111110 9

02 20 1011011110 7
13 31 1110111111 9
24 42 1111110111 9
35 53 1111110101 8
46 64 1101111011 8
57 75 1111101111 9
60 06 1101011000 5
71 17 0111111111 9

03 30 1111111101 9
14 41 1101111111 9
25 52 1011000111 6
36 63 1110111101 8
47 74 1111111111 a
50 05 1011011101 7
61 16 0100111111 7
72 27 1111101110 8

04 40 1101111011 8
15 51 1011111111 9
26 62 1111001110 7
37 73 1111111111 a

Matching output
0 absent
1 absent
2 absent
3 absent
4 absent
5 absent
6 absent
7 absent

Left
none
Best: none

Right
none
Best: none

XOR
01 10 1001100111 6
12 21 1011111001 7
23 32 0101110011 6
34 43 0011000110 4
45 54 0110110110 6
56 65 1111001101 7
67 76 0011100110 5
70 07 1110110110 7

02 20 0010011110 5 match 4
13 31 1110001010 5 match 5
24 42 0110110101 6 match 6
35 53 0101110000 4 match 7
46 64 1001111011 7
57 75 1100101011 6
60 06 1101010000 4 match 2
71 17 0111010001 5 match 3

03 30 0111101101 7
14 41 1101001100 5
25 52 0000000011 2
36 63 1010111101 7
47 74 1010011101 6
50 05 0010011101 5
61 16 0100110111 6
72 27 1100101000 4

04 40 0100101011 5
15 51 1011111010 7
26 62 1111001110 7
37 73 1001011011 6

Matching output
0 absent
1 absent
2 60 06
3 71 17
4 02 20
5 13 31
6 24 42
7 35 53

Left
none
Best: none

Right
35 24 13 02 71 60 57x
53 42 31 20 17 06 75x
Best: XOR35 24 13 02 71 60: 6

AND-NOT
01 1001000000 2
12 0000111001 4
23 0001000010 2
34 0010000100 2
45 0100110010 4
56 1011000101 5 match 1
67 0000000000 a
70 0110100110 5

02 0000011000 2
13 0000001010 2
24 0010000100 2
35 0100110000 3
46 1001110011 6
57 1000000001 2
60 0100000000 1
71 0111000000 3

03 0001001000 2
14 0000001100 2
25 0000000010 1
36 1010110101 6
47 1000010001 3
50 0010000101 3
61 0100000000 1
72 0100101000 3

04 0000001000 1
15 0000111010 4
26 1011000110 5
37 1000010001 3
40 0100100011 4
51 1011000000 3
62 0100001000 2
73 0001001010 3

05 0000011000 2
16 0000110111 5
27 1000000000 1
30 0110100101 5
41 1101000000 3
52 0000000001 1
63 0000001000 1
74 0010001100 3

06 1001010000 3
17 0000010001 2
20 0010000110 3
31 1110000000 3
42 0100110001 4
53 0001000000 1
64 0000001000 1
75 0100101010 4

07 1000010000 2
10 0000100111 4
21 1011000000 3
32 0100110001 4
43 0001000010 2
54 0010000100 2
65 0100001000 2
76 0011100110 5

Matching output
0 absent
1 56
2 absent
3 absent
4 absent
5 absent
6 absent
7 absent

Left
none
Best: none

Right
none
Best: none

OR-NOT
01 1111011000 6
12 0100111111 7
23 1011001110 6
34 1110111101 8
45 1101111011 8
56 1011110111 8
67 1100011001 5
70 0111101111 8

02 1101111001 7
13 0001111111 7
24 1011001110 6
35 1110111111 9
46 1111110111 9
57 1011010101 6
60 0110101111 7
71 1111101110 8

03 1001011010 5
14 0010111111 7
25 1111111110 9
36 1111110111 9
47 1101110011 7 match 0
50 1111100111 8
61 1111001000 5
72 0111111111 9

04 1011011100 6
15 0100111111 7
26 1011110111 8
37 1110110101 7
40 1111110111 9
51 1111000101 6
62 0100111001 5
73 0111101110 7

05 1101111010 7
16 1011111111 9
27 1011010111 7
30 1110110111 8
41 1111110011 8
52 1111111101 9
63 0101001010 4
74 0111101110 7

06 1011111111 9
17 1000111111 7
20 1111100111 8
31 1111110101 8
42 1101111011 8
53 1011001111 7
64 0110001100 4
75 0111111110 8

07 1001011001 5
10 0110111111 8
21 1111000110 6
32 1110111101 8
43 1101111011 8
54 1011001101 6
65 0100111010 5
76 1111111111 a

Matching output
0 47
1 absent
2 absent
3 absent
4 absent
5 absent
6 absent
7 absent

Left
47 50x
Best: OR-NOT47: 1

Right
none
Best: none

XOR-NOT
01 0110011000 4
12 0100000110 3
23 1010001100 4
34 1100111001 6
45 1001001001 4
56 0000110010 3
67 1100011001 5
70 0001001001 3

02 1101100001 5
13 0001110101 5
24 1001001010 4
35 1010001111 6
46 0110000100 3
57 0011010100 4
60 0010101111 6
71 1000101110 5

03 1000010010 3
14 0010110011 5
25 1111111100 8
36 0101000010 3
47 0101100010 4
50 1101100010 5
61 1011001000 4
72 0011010111 6

04 1011010100 5
15 0100000101 3
26 0000110001 3
37 0110100100 4
40 1011010100 5
51 0100000101 3
62 0000110001 3
73 0110100100 4

05 1101100010 5
16 1011001000 4
27 0011010111 6
30 1000010010 3
41 0010110011 5
52 1111111100 8
63 0101000010 3
74 0101100010 4

06 0010101111 6
17 1000101110 5
20 1101100001 5
31 0001110101 5
42 1001001010 4
53 1010001111 6
64 0110000100 3
75 0011010100 4

07 0001001001 3
10 0110011000 4
21 0100000110 3
32 1010001100 4
43 1100111001 6
54 1001001001 4
65 0000110010 3
76 1100011001 5

Matching output
0 absent
1 absent
2 absent
3 absent
4 absent
5 absent
6 absent
7 absent

Left
none
Best: none

Right
none
Best: none

Selecting

Lefts
Identity I4 5: 2
NOT none
Constant none
AND none
OR none
XOR none
AND-NOT none
OR-NOT OR-NOT47: 1
XOR-NOT none

Rights
Identity none
NOT none
Constant none
AND none
OR none
XOR XOR35 24 13 02 71 60: 6
AND-NOT none
OR-NOT none
XOR-NOT none

Left longest: 2
Right longest: 6

Right winner: Identity no, NOT no, Constant no, AND no, OR no, XOR yes, AND-NOT no, OR-NOT no, XOR-NOT no
Left winner: Identity yes, NOT no, Constant no, AND no, OR no, XOR no, AND-NOT no, OR-NOT no, XOR-NOT no

Best right: XOR35 24 13 02 71 60: 6
Best left: I4 5: 2

Truncated right: XOR35 24 13 02 71 60: 6
Truncated left: I4 5: 2

Tentative from right
7 XOR35
6 XOR24
5 XOR13
4 XOR02
3 XOR71
2 XOR60
1 pending
0 pending

Tentative
0 I4
1 I5
2 XOR60
3 XOR71
4 XOR02
5 XOR13
6 XOR24
7 XOR35

Preferred from right
7 XOR35
6 XOR24
5 XOR13
4 XOR02
3 XOR71
2 XOR60
1 I5
0 I4

Preferred from left
0 I4
1 I5
2 XOR60
3 XOR71
4 XOR02
5 XOR13
6 XOR24
7 XOR35

Preferred
0 I4
1 I5
2 XOR60
3 XOR71
4 XOR02
5 XOR13
6 XOR24
7 XOR35

Matching
0 I4
1 I5
2 XOR60
3 XOR71
4 XOR02
5 XOR13
6 XOR24
7 XOR35

Perfect match
Identity no
NOT no
Constant no
AND no
OR no
XOR no
AND-NOT no
OR-NOT no
XOR-NOT no

Matched
0 I4
1 I5
2 XOR60
3 XOR71
4 XOR02
5 XOR13
6 XOR24
7 XOR35

Selected
0 I4
1 I5
2 XOR60
3 XOR71
4 XOR02
5 XOR13
6 XOR24
7 XOR35

Applying to 01100010
Input
0 0
1 1
2 1
3 0
4 0
5 0
6 1
7 0
Output
0 I4 = 0
1 I5 = 0
2 XOR60 = XOR(1,0) = 1
3 XOR71 = XOR(0,1) = 1
4 XOR02 = XOR(0,1) = 1
5 XOR13 = XOR(1,0) = 1
6 XOR24 = XOR(1,0) = 1
7 XOR35 = XOR(0,0) = 0

I will now return the answer in \boxed{}
The answer in \boxed{–} is \boxed{00111110}
[correct]
true
