[category]
bit_manipulation
[prompt]
In Alice's Wonderland, a secret bit manipulation rule transforms 8-bit binary numbers. The transformation involves operations like bit shifts, rotations, XOR, AND, OR, NOT, and possibly majority or choice functions.

Here are some examples of input -> output:
10111110 -> 01111111
01111110 -> 11111101
00010111 -> 00101110
10001001 -> 00010011
11111001 -> 11110011
01110111 -> 11101111
00100111 -> 01001110

Now, determine the output for: 10011101
[completion]
We need to deduce the transformation by matching the example outputs.
I will put my final answer inside \boxed{}.

Output 0: 01111111
0 0
1 1
2 1
3 1
4 1
5 1
6 1
7 1

Output 1: 11111101
0 1
1 1
2 1
3 1
4 1
5 1
6 0
7 1

Output 2: 00101110
0 0
1 0
2 1
3 0
4 1
5 1
6 1
7 0

Output 3: 00010011
0 0
1 0
2 0
3 1
4 0
5 0
6 1
7 1

Output 4: 11110011
0 1
1 1
2 1
3 1
4 0
5 0
6 1
7 1

Output 5: 11101111
0 1
1 1
2 1
3 0
4 1
5 1
6 1
7 1

Output 6: 01001110
0 0
1 1
2 0
3 0
4 1
5 1
6 1
7 0

Output bit columns (with bitsum as hash)
0 0100110 3
1 1100111 5
2 1110110 5
3 1101100 4
4 1110011 5
5 1110011 5
6 1011111 6
7 1101110 5

Input 0: 10111110
0 1
1 0
2 1
3 1
4 1
5 1
6 1
7 0

Input 1: 01111110
0 0
1 1
2 1
3 1
4 1
5 1
6 1
7 0

Input 2: 00010111
0 0
1 0
2 0
3 1
4 0
5 1
6 1
7 1

Input 3: 10001001
0 1
1 0
2 0
3 0
4 1
5 0
6 0
7 1

Input 4: 11111001
0 1
1 1
2 1
3 1
4 1
5 0
6 0
7 1

Input 5: 01110111
0 0
1 1
2 1
3 1
4 0
5 1
6 1
7 1

Input 6: 00100111
0 0
1 0
2 1
3 0
4 0
5 1
6 1
7 1

When matching output
x: not in operator
y: wrong position

Identity
0 1001100 3
1 0100110 3 match 0
2 1100111 5 match 1
3 1110110 5 match 2
4 1101100 4 match 3
5 1110011 5 match 4 5
6 1110011 5 match 4 5
7 0011111 5

Matching output
0 1
1 2
2 3
3 4
4 5 6
5 5 6
6 absent
7 absent

Left
1 2 3 4 5 6 7x
Best: I1 2 3 4 5 6: 6

Right
none
Best: none

NOT
0 0110011 4
1 1011001 4
2 0011000 2
3 0001001 2
4 0010011 3
5 0001100 2
6 0001100 2
7 1100000 2

Matching output
0 absent
1 absent
2 absent
3 absent
4 absent
5 absent
6 absent
7 absent

Left
none
Best: none

Right
none
Best: none

Constant
0 0000000 a
1 1111111 a

Matching output
0 absent
1 absent
2 absent
3 absent
4 absent
5 absent
6 absent
7 absent

Left
none
Best: none

Right
none
Best: none

AND
01 10 0000100 1
12 21 0100110 3 match 0
23 32 1100110 4
34 43 1100100 3
45 54 1100000 2
56 65 1110011 5 match 4 5
67 76 0010011 3
70 07 0001100 2

02 20 1000100 2
13 31 0100110 3 match 0
24 42 1100100 3
35 53 1110010 4
46 64 1100000 2
57 75 0010011 3
60 06 1000000 1
71 17 0000110 2

03 30 1000100 2
14 41 0100100 2
25 52 1100011 4
36 63 1110010 4
47 74 0001100 2
50 05 1000000 1
61 16 0100010 2
72 27 0000111 3

04 40 1001100 3
15 51 0100010 2
26 62 1100011 4
37 73 0010110 3

Matching output
0 12 21 13 31
1 absent
2 absent
3 absent
4 56 65
5 56 65
6 absent
7 absent

Left
12 23x
21 32x
13 24x
31 42x
Best: AND12: 1

Right
none
Best: none

OR
01 10 1101110 5 match 7
12 21 1100111 5 match 1
23 32 1110111 6
34 43 1111110 6
45 54 1111111 a
56 65 1110011 5 match 4 5
67 76 1111111 a
70 07 1011111 6 match 6

02 20 1101111 6
13 31 1110110 5 match 2
24 42 1101111 6
35 53 1110111 6
46 64 1111111 a
57 75 1111111 a
60 06 1111111 a
71 17 0111111 6

03 30 1111110 6
14 41 1101110 5 match 7
25 52 1110111 6
36 63 1110111 6
47 74 1111111 a
50 05 1111111 a
61 16 1110111 6
72 27 1111111 a

04 40 1101100 4 match 3
15 51 1110111 6
26 62 1110111 6
37 73 1111111 a

Matching output
0 absent
1 12 21
2 13 31
3 04 40
4 56 65
5 56 65
6 70 07
7 01 10 14 41

Left
none
Best: none

Right
01 70 67x
10 07 76x
14 03x
41 30x
Best: OR01 70: 2

XOR
01 10 1101010 4
12 21 1000001 2
23 32 0010001 2
34 43 0011010 3
45 54 0011111 5
56 65 0000000 a
67 76 1101100 4 match 3
70 07 1010011 4

02 20 0101011 4
13 31 1010000 2
24 42 0001011 3
35 53 0000101 2
46 64 0011111 5
57 75 1101100 4 match 3
60 06 0111111 6
71 17 0111001 4

03 30 0111010 4
14 41 1001010 3
25 52 0010100 2
36 63 0000101 2
47 74 1110011 5 match 4 5
50 05 0111111 6
61 16 1010101 4
72 27 1111000 4

04 40 0100000 1
15 51 1010101 4
26 62 0010100 2
37 73 1101001 4

Matching output
0 absent
1 absent
2 absent
3 67 76 57 75
4 47 74
5 47 74
6 absent
7 absent

Left
none
Best: none

Right
none
Best: none

AND-NOT
01 1001000 2
12 0000000 a
23 0000001 1
34 0010010 2
45 0001100 2
56 0000000 a
67 1100000 2
70 0010011 3

02 0001000 1
13 0000000 a
24 0000011 2
35 0000100 1
46 0001100 2
57 1100000 2
60 0110011 4
71 0011001 3

03 0001000 1
14 0000010 1
25 0000100 1
36 0000100 1
47 1100000 2
50 0110011 4
61 1010001 3
72 0011000 2

04 0000000 a
15 0000100 1
26 0000100 1
37 1100000 2
40 0100000 1
51 1010001 3
62 0010000 1
73 0001001 2

05 0001100 2
16 0000100 1
27 1100000 2
30 0110010 3
41 1001000 2
52 0010000 1
63 0000001 1
74 0010011 3

06 0001100 2
17 0100000 1
20 0100011 3
31 1010000 2
42 0001000 1
53 0000001 1
64 0010011 3
75 0001100 2

07 1000000 1
10 0100010 2
21 1000001 2
32 0010000 1
43 0001000 1
54 0010011 3
65 0000000 a
76 0001100 2

Matching output
0 absent
1 absent
2 absent
3 absent
4 absent
5 absent
6 absent
7 absent

Left
none
Best: none

Right
none
Best: none

OR-NOT
01 1011101 5
12 0111110 5
23 1101111 6
34 1110111 6
45 1101100 4 match 3
56 1111111 a
67 1110011 5 match 4 5
70 0111111 6

02 1011100 4
13 0101111 5
24 1110111 6
35 1111110 6
46 1101100 4 match 3
57 1110011 5 match 4 5
60 1110011 5 match 4 5
71 1011111 6 match 6

03 1001101 4
14 0110111 5
25 1101111 6
36 1111110 6
47 1101100 4 match 3
50 1110011 5 match 4 5
61 1111011 6
72 0011111 5

04 1011111 6 match 6
15 0101110 4
26 1101111 6
37 1110110 5 match 2
40 1111111 a
51 1111011 6
62 1111011 6
73 0011111 5

05 1001100 3
16 0101110 4
27 1100111 5 match 1
30 1110111 6
41 1111101 6
52 1111011 6
63 1111011 6
74 0011111 5

06 1001100 3
17 1100110 4
20 1110111 6
31 1111111 a
42 1111100 5
53 1111011 6
64 1110011 5 match 4 5
75 0011111 5

07 1101100 4 match 3
10 0110111 5
21 1111111 a
32 1111110 6
43 1101101 5
54 1110011 5 match 4 5
65 1111111 a
76 0011111 5

Matching output
0 absent
1 27
2 37
3 45 46 47 07
4 67 57 60 50 64 54
5 67 57 60 50 64 54
6 71 04
7 absent

Left
none
Best: none

Right
none
Best: none

XOR-NOT
01 0010101 3
12 0111110 5
23 1101110 5 match 7
34 1100101 4
45 1100000 2
56 1111111 a
67 0010011 3
70 0101100 3

02 1010100 3
13 0101111 5
24 1110100 4
35 1111010 5
46 1100000 2
57 0010011 3
60 1000000 1
71 1000110 3

03 1000101 3
14 0110101 4
25 1101011 5
36 1111010 5
47 0001100 2
50 1000000 1
61 0101010 3
72 0000111 3

04 1011111 6 match 6
15 0101010 3
26 1101011 5
37 0010110 3
40 1011111 6 match 6
51 0101010 3
62 1101011 5
73 0010110 3

05 1000000 1
16 0101010 3
27 0000111 3
30 1000101 3
41 0110101 4
52 1101011 5
63 1111010 5
74 0001100 2

06 1000000 1
17 1000110 3
20 1010100 3
31 0101111 5
42 1110100 4
53 1111010 5
64 1100000 2
75 0010011 3

07 0101100 3
10 0010101 3
21 0111110 5
32 1101110 5 match 7
43 1100101 4
54 1100000 2
65 1111111 a
76 0010011 3

Matching output
0 absent
1 absent
2 absent
3 absent
4 absent
5 absent
6 04 40
7 23 32

Left
none
Best: none

Right
23 12x
32 21x
Best: XOR-NOT23: 1

Selecting

Lefts
Identity I1 2 3 4 5 6: 6
NOT none
Constant none
AND AND12: 1
OR none
XOR none
AND-NOT none
OR-NOT none
XOR-NOT none

Rights
Identity none
NOT none
Constant none
AND none
OR OR01 70: 2
XOR none
AND-NOT none
OR-NOT none
XOR-NOT XOR-NOT23: 1

Left longest: 6
Right longest: 2

Left winner: Identity yes, NOT no, Constant no, AND no, OR no, XOR no, AND-NOT no, OR-NOT no, XOR-NOT no
Right winner: Identity no, NOT no, Constant no, AND no, OR yes, XOR no, AND-NOT no, OR-NOT no, XOR-NOT no

Best left: I1 2 3 4 5 6: 6
Best right: OR01 70: 2

Truncated left: I1 2 3 4 5 6: 6
Truncated right: OR01 70: 2

Tentative from right
7 OR01
6 OR70
5 pending
4 pending
3 pending
2 pending
1 pending
0 pending

Tentative
0 I1
1 I2
2 I3
3 I4
4 I5
5 I6
6 OR70
7 OR01

Preferred from left
0 I1
1 I2
2 I3
3 I4
4 I5
5 I6
6 OR70
7 OR01

Preferred from right
7 OR01
6 OR70
5 I6
4 I5
3 I4
2 I3
1 I2
0 I1

Preferred
0 I1
1 I2
2 I3
3 I4
4 I5
5 I6
6 OR70
7 OR01

Matching
0 I1
1 I2
2 I3
3 I4
4 I5
5 I6
6 OR70
7 OR01

Perfect match
Identity no
NOT no
Constant no
AND no
OR no
XOR no
AND-NOT no
OR-NOT no
XOR-NOT no

Matched
0 I1
1 I2
2 I3
3 I4
4 I5
5 I6
6 OR70
7 OR01

Selected
0 I1
1 I2
2 I3
3 I4
4 I5
5 I6
6 OR70
7 OR01

Applying to 10011101
Input
0 1
1 0
2 0
3 1
4 1
5 1
6 0
7 1
Output
0 I1 = 0
1 I2 = 0
2 I3 = 1
3 I4 = 1
4 I5 = 1
5 I6 = 0
6 OR70 = OR(1,1) = 1
7 OR01 = OR(1,0) = 1

I will now return the answer in \boxed{}
The answer in \boxed{–} is \boxed{00111011}
[correct]
true
