[category]
bit_manipulation
[prompt]
In Alice's Wonderland, a secret bit manipulation rule transforms 8-bit binary numbers. The transformation involves operations like bit shifts, rotations, XOR, AND, OR, NOT, and possibly majority or choice functions.

Here are some examples of input -> output:
01100011 -> 00000001
00100000 -> 00000000
10100000 -> 00000000
00011010 -> 01000000
10011011 -> 01000000
00100101 -> 00100000
10110111 -> 10100000
11010100 -> 10000010
10100011 -> 00000000
01111000 -> 00000001

Now, determine the output for: 00100100
[completion]
We need to deduce the transformation by matching the example outputs.
I will put my final answer inside \boxed{}.

Output 0: 00000001
0 0
1 0
2 0
3 0
4 0
5 0
6 0
7 1

Output 1: 00000000
0 0
1 0
2 0
3 0
4 0
5 0
6 0
7 0

Output 2: 00000000
0 0
1 0
2 0
3 0
4 0
5 0
6 0
7 0

Output 3: 01000000
0 0
1 1
2 0
3 0
4 0
5 0
6 0
7 0

Output 4: 01000000
0 0
1 1
2 0
3 0
4 0
5 0
6 0
7 0

Output 5: 00100000
0 0
1 0
2 1
3 0
4 0
5 0
6 0
7 0

Output 6: 10100000
0 1
1 0
2 1
3 0
4 0
5 0
6 0
7 0

Output 7: 10000010
0 1
1 0
2 0
3 0
4 0
5 0
6 1
7 0

Output 8: 00000000
0 0
1 0
2 0
3 0
4 0
5 0
6 0
7 0

Output 9: 00000001
0 0
1 0
2 0
3 0
4 0
5 0
6 0
7 1

Output bit columns (with bitsum as hash)
0 0000001100 2
1 0001100000 2
2 0000011000 2
3 0000000000 a
4 0000000000 a
5 0000000000 a
6 0000000100 1
7 1000000001 2

Input 0: 01100011
0 0
1 1
2 1
3 0
4 0
5 0
6 1
7 1

Input 1: 00100000
0 0
1 0
2 1
3 0
4 0
5 0
6 0
7 0

Input 2: 10100000
0 1
1 0
2 1
3 0
4 0
5 0
6 0
7 0

Input 3: 00011010
0 0
1 0
2 0
3 1
4 1
5 0
6 1
7 0

Input 4: 10011011
0 1
1 0
2 0
3 1
4 1
5 0
6 1
7 1

Input 5: 00100101
0 0
1 0
2 1
3 0
4 0
5 1
6 0
7 1

Input 6: 10110111
0 1
1 0
2 1
3 1
4 0
5 1
6 1
7 1

Input 7: 11010100
0 1
1 1
2 0
3 1
4 0
5 1
6 0
7 0

Input 8: 10100011
0 1
1 0
2 1
3 0
4 0
5 0
6 1
7 1

Input 9: 01111000
0 0
1 1
2 1
3 1
4 1
5 0
6 0
7 0

When matching output
x: not in operator
y: wrong position

Identity
0 0010101110 5
1 1000000101 3
2 1110011011 7
3 0001101101 5
4 0001100001 3
5 0000011100 3
6 1001101010 5
7 1000111010 5

Matching output
0 absent
1 absent
2 absent
3 absent
4 absent
5 absent
6 absent
7 absent

Left
none
Best: none

Right
none
Best: none

NOT
0 1101010001 5
1 0111111010 7
2 0001100100 3
3 1110010010 5
4 1110011110 7
5 1111100011 7
6 0110010101 5
7 0111000101 5

Matching output
0 absent
1 absent
2 absent
3 absent
4 absent
5 absent
6 absent
7 absent

Left
none
Best: none

Right
none
Best: none

Constant
0 0000000000 a match 3 4 5
1 1111111111 a

Matching output
0 absent
1 absent
2 absent
3 C0
4 C0
5 C0
6 absent
7 absent

Left
none
Best: none

Right
none
Best: none

AND
01 10 0000000100 1 match 6
12 21 1000000001 2 match 7
23 32 0000001001 2
34 43 0001100001 3
45 54 0000000000 a match 3 4 5
56 65 0000001000 1
67 76 1000101010 4
70 07 0000101010 3

02 20 0010001010 3
13 31 0000000101 2
24 42 0000000001 1
35 53 0000001100 2 match 0
46 64 0001100000 2 match 1
57 75 0000011000 2 match 2
60 06 0000101010 3
71 17 1000000000 1

03 30 0000101100 3
14 41 0000000001 1
25 52 0000011000 2 match 2
36 63 0001101000 3
47 74 0000100000 1
50 05 0000001100 2 match 0
61 16 1000000000 1
72 27 1000011010 4

04 40 0000100000 1
15 51 0000000100 1 match 6
26 62 1000001010 3
37 73 0000101000 2

Matching output
0 35 53 50 05
1 46 64
2 57 75 25 52
3 45 54
4 45 54
5 45 54
6 01 10 15 51
7 12 21

Left
35 46 57 60x
53 64 75 06x
50 61x
05 16x
Best: AND35 46 57: 3

Right
12 01 70x
21 10 07x
Best: AND12 01: 2

OR
01 10 1010101111 7
12 21 1110011111 8
23 32 1111111111 a
34 43 0001101101 5
45 54 0001111101 6
56 65 1001111110 7
67 76 1001111010 6
70 07 1010111110 7

02 20 1110111111 9
13 31 1001101101 6
24 42 1111111011 9
35 53 0001111101 6
46 64 1001101011 6
57 75 1000111110 6
60 06 1011101110 7
71 17 1000111111 7

03 30 0011101111 7
14 41 1001100101 5
25 52 1110011111 8
36 63 1001101111 7
47 74 1001111011 7
50 05 0010111110 6
61 16 1001101111 7
72 27 1110111011 8

04 40 0011101111 7
15 51 1000011101 5
26 62 1111111011 9
37 73 1001111111 8

Matching output
0 absent
1 absent
2 absent
3 absent
4 absent
5 absent
6 absent
7 absent

Left
none
Best: none

Right
none
Best: none

XOR
01 10 1010101011 6
12 21 0110011110 6
23 32 1111110110 8
34 43 0000001100 2 match 0
45 54 0001111101 6
56 65 1001110110 6
67 76 0001010000 2
70 07 1010010100 4

02 20 1100110101 6
13 31 1001101000 4
24 42 1111111010 8
35 53 0001110001 4
46 64 1000001011 4
57 75 1000100110 4
60 06 1011000100 4
71 17 0000111111 6

03 30 0011000011 4
14 41 1001100100 4
25 52 1110000111 6
36 63 1000000111 4
47 74 1001011011 6
50 05 0010110010 4
61 16 0001101111 6
72 27 0110100001 4

04 40 0011001111 6
15 51 1000011001 4
26 62 0111110001 6
37 73 1001010111 6

Matching output
0 34 43
1 absent
2 absent
3 absent
4 absent
5 absent
6 absent
7 absent

Left
34 45x
43 54x
Best: XOR34: 1

Right
none
Best: none

AND-NOT
01 0010101010 4
12 0000000100 1 match 6
23 1110010010 5
34 0000001100 2 match 0
45 0001100001 3
56 0000010100 2
67 0001000000 1
70 1000010000 2

02 0000100100 2
13 1000000000 1
24 1110011010 6
35 0001100001 3
46 0000000001 1
57 0000000100 1 match 6
60 1001000000 2
71 0000111010 4

03 0010000010 2
14 1000000100 2
25 1110000011 5
36 0000000101 2
47 0001000001 2
50 0000010000 1
61 0001101010 4
72 0000100000 1

04 0010001110 4
15 1000000001 2 match 7
26 0110010001 4
37 0001000101 3
40 0001000001 2
51 0000011000 2 match 2
62 0001100000 2 match 1
73 1000010010 3

05 0010100010 3
16 0000000101 2
27 0110000001 3
30 0001000001 2
41 0001100000 2 match 1
52 0000000100 1 match 6
63 1000000010 2
74 1000011010 4

06 0010000100 2
17 0000000101 2
20 1100010001 4
31 0001101000 3
42 0001100000 2 match 1
53 0000010000 1
64 1000001010 3
75 1000100010 3

07 0010000100 2
10 1000000001 2 match 7
21 0110011010 5
32 0001100100 3
43 0000000000 a match 3 4 5
54 0000011100 3
65 1001100010 4
76 0000010000 1

Matching output
0 34
1 62 41 42
2 51
3 43
4 43
5 43
6 12 57 52
7 15 10

Left
34 45x
Best: AND-NOT34: 1

Right
15 04x
10 07x
Best: AND-NOT15: 1

OR-NOT
01 0111111110 8
12 1001100101 5
23 1110011011 7
34 1111111111 a
45 1111100011 7
56 0110011101 6
67 1111101111 9
70 1101111011 8

02 0011101110 6
13 1110010111 7
24 1110011111 8
35 1111101111 9
46 0111110101 7
57 0111011101 7
60 1101111011 8
71 1111111010 8

03 1110111110 8
14 1110011111 8
25 1111111011 9
36 0111111101 8
47 0111100101 6
50 1101011101 7
61 1111111010 8
72 1001111110 7

04 1110111110 8
15 1111100111 8
26 1110011111 8
37 0111101101 7
40 1101110001 6
51 0111111110 8
62 1001101110 6
73 1110111010 7

05 1111101111 9
16 1110010101 6
27 1111011111 9
30 1101111101 8
41 0111111011 8
52 0001111100 5
63 1111111010 8
74 1110111110 8

06 0110111111 8
17 1111000101 6
20 1111011011 8
31 0111111111 9
42 0001100101 4
53 1110011110 7
64 1111111110 9
75 1111111011 9

07 0111101111 8
10 1101010101 6
21 1111111011 9
32 0001101101 5
43 1111110011 8
54 1110011110 7
65 1111101011 8
76 1110111111 9

Matching output
0 absent
1 absent
2 absent
3 absent
4 absent
5 absent
6 absent
7 absent

Left
none
Best: none

Right
none
Best: none

XOR-NOT
01 0101010100 4
12 1001100001 4
23 0000001001 2
34 1111110011 8
45 1110000010 4
56 0110001001 4
67 1110101111 8
70 0101101011 6

02 0011001010 4
13 0110010111 6
24 0000000101 2
35 1110001110 6
46 0111110100 6
57 0111011001 6
60 0100111011 6
71 1111000000 4

03 1100111100 6
14 0110011011 6
25 0001111000 4
36 0111111000 6
47 0110100100 4
50 1101001101 6
61 1110010000 4
72 1001011110 6

04 1100110000 4
15 0111100110 6
26 1000001110 4
37 0110101000 4
40 1100110000 4
51 0111100110 6
62 1000001110 4
73 0110101000 4

05 1101001101 6
16 1110010000 4
27 1001011110 6
30 1100111100 6
41 0110011011 6
52 0001111000 4
63 0111111000 6
74 0110100100 4

06 0100111011 6
17 1111000000 4
20 0011001010 4
31 0110010111 6
42 0000000101 2
53 1110001110 6
64 0111110100 6
75 0111011001 6

07 0101101011 6
10 0101010100 4
21 1001100001 4
32 0000001001 2
43 1111110011 8
54 1110000010 4
65 0110001001 4
76 1110101111 8

Matching output
0 absent
1 absent
2 absent
3 absent
4 absent
5 absent
6 absent
7 absent

Left
none
Best: none

Right
none
Best: none

Selecting

Lefts
Identity none
NOT none
Constant none
AND AND35 46 57: 3
OR none
XOR XOR34: 1
AND-NOT AND-NOT34: 1
OR-NOT none
XOR-NOT none

Rights
Identity none
NOT none
Constant none
AND AND12 01: 2
OR none
XOR none
AND-NOT AND-NOT15: 1
OR-NOT none
XOR-NOT none

Left longest: 3
Right longest: 2

Left winner: Identity no, NOT no, Constant no, AND yes, OR no, XOR no, AND-NOT no, OR-NOT no, XOR-NOT no
Right winner: Identity no, NOT no, Constant no, AND yes, OR no, XOR no, AND-NOT no, OR-NOT no, XOR-NOT no

Best left: AND35 46 57: 3
Best right: AND12 01: 2

Truncated left: AND35 46 57: 3
Truncated right: AND12 01: 2

Tentative from right
7 AND12
6 AND01
5 pending
4 pending
3 pending
2 pending
1 pending
0 pending

Tentative
0 AND35
1 AND46
2 AND57
3 pending
4 pending
5 pending
6 AND01
7 AND12

Preferred from left
0 AND35
1 AND46
2 AND57
3 ?60
4 ?71
5 ?02
6 AND01
7 AND12

Preferred from right
7 AND12
6 AND01
5 ?02
4 ?71
3 ?60
2 AND57
1 AND46
0 AND35

Preferred
0 AND35
1 AND46
2 AND57
3 ?60 ?06
4 ?71 ?17
5 ?02 ?20
6 AND01
7 AND12

Matching
0 AND35
1 AND46
2 AND57
3 ?60 ?06 - Identity absent, NOT absent, Constant C0, AND absent, OR absent, XOR absent, AND-NOT absent, OR-NOT absent, XOR-NOT absent
4 ?71 ?17 - Identity absent, NOT absent, Constant C0, AND absent, OR absent, XOR absent, AND-NOT absent, OR-NOT absent, XOR-NOT absent
5 ?02 ?20 - Identity absent, NOT absent, Constant C0, AND absent, OR absent, XOR absent, AND-NOT absent, OR-NOT absent, XOR-NOT absent
6 AND01
7 AND12

Perfect match
Identity no
NOT no
Constant yes
AND no
OR no
XOR no
AND-NOT no
OR-NOT no
XOR-NOT no

Matched
0 AND35
1 AND46
2 AND57
3 C0
4 C0
5 C0
6 AND01
7 AND12

Selected
0 AND35
1 AND46
2 AND57
3 C0
4 C0
5 C0
6 AND01
7 AND12

Applying to 00100100
Input
0 0
1 0
2 1
3 0
4 0
5 1
6 0
7 0
Output
0 AND35 = AND(0,1) = 0
1 AND46 = AND(0,0) = 0
2 AND57 = AND(1,0) = 0
3 C0 = 0
4 C0 = 0
5 C0 = 0
6 AND01 = AND(0,0) = 0
7 AND12 = AND(0,1) = 0

I will now return the answer in \boxed{}
The answer in \boxed{–} is \boxed{00000000}
[correct]
true
