[category]
bit_manipulation
[prompt]
In Alice's Wonderland, a secret bit manipulation rule transforms 8-bit binary numbers. The transformation involves operations like bit shifts, rotations, XOR, AND, OR, NOT, and possibly majority or choice functions.

Here are some examples of input -> output:
00011010 -> 10100001
01100100 -> 01000111
11111110 -> 11101100
00101001 -> 10010010
01101011 -> 10110111
10100100 -> 01001000
11010111 -> 01111110
00011100 -> 11000001
11100101 -> 01011101
11111000 -> 10001100

Now, determine the output for: 11101101
[completion]
We need to deduce the transformation by matching the example outputs.
I will put my final answer inside \boxed{}.

Output 0: 10100001
0 1
1 0
2 1
3 0
4 0
5 0
6 0
7 1

Output 1: 01000111
0 0
1 1
2 0
3 0
4 0
5 1
6 1
7 1

Output 2: 11101100
0 1
1 1
2 1
3 0
4 1
5 1
6 0
7 0

Output 3: 10010010
0 1
1 0
2 0
3 1
4 0
5 0
6 1
7 0

Output 4: 10110111
0 1
1 0
2 1
3 1
4 0
5 1
6 1
7 1

Output 5: 01001000
0 0
1 1
2 0
3 0
4 1
5 0
6 0
7 0

Output 6: 01111110
0 0
1 1
2 1
3 1
4 1
5 1
6 1
7 0

Output 7: 11000001
0 1
1 1
2 0
3 0
4 0
5 0
6 0
7 1

Output 8: 01011101
0 0
1 1
2 0
3 1
4 1
5 1
6 0
7 1

Output 9: 10001100
0 1
1 0
2 0
3 0
4 1
5 1
6 0
7 0

Output bit columns (with bitsum as hash)
0 1011100101 6
1 0110011110 6
2 1010101000 4
3 0001101010 4
4 0010011011 5
5 0110101011 6
6 0101101000 4
7 1100100110 5

Input 0: 00011010
0 0
1 0
2 0
3 1
4 1
5 0
6 1
7 0

Input 1: 01100100
0 0
1 1
2 1
3 0
4 0
5 1
6 0
7 0

Input 2: 11111110
0 1
1 1
2 1
3 1
4 1
5 1
6 1
7 0

Input 3: 00101001
0 0
1 0
2 1
3 0
4 1
5 0
6 0
7 1

Input 4: 01101011
0 0
1 1
2 1
3 0
4 1
5 0
6 1
7 1

Input 5: 10100100
0 1
1 0
2 1
3 0
4 0
5 1
6 0
7 0

Input 6: 11010111
0 1
1 1
2 0
3 1
4 0
5 1
6 1
7 1

Input 7: 00011100
0 0
1 0
2 0
3 1
4 1
5 1
6 0
7 0

Input 8: 11100101
0 1
1 1
2 1
3 0
4 0
5 1
6 0
7 1

Input 9: 11111000
0 1
1 1
2 1
3 1
4 1
5 0
6 0
7 0

When matching output
x: not in operator
y: wrong position

Identity
0 0010011011 5 match 4
1 0110101011 6 match 5
2 0111110011 7
3 1010001101 5
4 1011100101 6 match 0
5 0110011110 6 match 1
6 1010101000 4 match 2
7 0001101010 4 match 3

Matching output
0 4
1 5
2 6
3 7
4 0
5 1
6 absent
7 absent

Left
4 5 6 7 0 1 2x
Best: I4 5 6 7 0 1: 6

Right
none
Best: none

NOT
0 1101100100 5
1 1001010100 4
2 1000001100 3
3 0101110010 5
4 0100011010 4
5 1001100001 4
6 0101010111 6
7 1110010101 6

Matching output
0 absent
1 absent
2 absent
3 absent
4 absent
5 absent
6 absent
7 absent

Left
none
Best: none

Right
none
Best: none

Constant
0 0000000000 a
1 1111111111 a

Matching output
0 absent
1 absent
2 absent
3 absent
4 absent
5 absent
6 absent
7 absent

Left
none
Best: none

Right
none
Best: none

AND
01 10 0010001011 4
12 21 0110100011 5
23 32 0010000001 2
34 43 1010000101 4
45 54 0010000100 2
56 65 0010001000 2
67 76 0000101000 2
70 07 0000001010 2

02 20 0010010011 4
13 31 0010001001 3
24 42 0011100001 4
35 53 0010001100 3
46 64 1010100000 3
57 75 0000001010 2
60 06 0010001000 2
71 17 0000101010 3

03 30 0010001001 3
14 41 0010100001 3
25 52 0110010010 4
36 63 1010001000 3
47 74 0001100000 2
50 05 0010011010 4
61 16 0010101000 3
72 27 0001100010 3

04 40 0010000001 2
15 51 0110001010 4
26 62 0010100000 2
37 73 0000001000 1

Matching output
0 absent
1 absent
2 absent
3 absent
4 absent
5 absent
6 absent
7 absent

Left
none
Best: none

Right
none
Best: none

OR
01 10 0110111011 7
12 21 0111111011 8
23 32 1111111111 a
34 43 1011101101 7
45 54 1111111111 a
56 65 1110111110 8
67 76 1011101010 6
70 07 0011111011 7

02 20 0111111011 8
13 31 1110101111 8
24 42 1111110111 9
35 53 1110011111 8
46 64 1011101101 7
57 75 0111111110 8
60 06 1010111011 7
71 17 0111101011 7

03 30 1010011111 7
14 41 1111101111 9
25 52 0111111111 9
36 63 1010101101 6
47 74 1011101111 8
50 05 0110011111 7
61 16 1110101011 7
72 27 0111111011 8

04 40 1011111111 9
15 51 0110111111 8
26 62 1111111011 9
37 73 1011101111 8

Matching output
0 absent
1 absent
2 absent
3 absent
4 absent
5 absent
6 absent
7 absent

Left
none
Best: none

Right
none
Best: none

XOR
01 10 0100110000 3
12 21 0001011000 3
23 32 1101111110 8
34 43 0001101000 3
45 54 1101111011 8
56 65 1100110110 6
67 76 1011000010 4
70 07 0011110001 5

02 20 0101101000 4 match 6
13 31 1100100110 5 match 7
24 42 1100010110 5
35 53 1100010011 5
46 64 0001001101 4
57 75 0111110100 6
60 06 1000110011 5
71 17 0111000001 4

03 30 1000010110 4
14 41 1101001110 6
25 52 0001101101 5
36 63 0000100101 3
47 74 1010001111 6
50 05 0100000101 3
61 16 1100000011 4
72 27 0110011001 5

04 40 1001111110 7
15 51 0000110101 4
26 62 1101011011 7
37 73 1011100111 7

Matching output
0 absent
1 absent
2 absent
3 absent
4 absent
5 absent
6 02 20
7 13 31

Left
none
Best: none

Right
13 02 71x
31 20 17x
Best: XOR13 02: 2

AND-NOT
01 0000010000 1
12 0000001000 1
23 0101110010 5
34 0000001000 1
45 1001100001 4
56 0100010110 4
67 1010000000 2
70 0001100000 2

02 0000001000 1
13 0100100010 3
24 0100010010 3
35 1000000001 2
46 0001000101 3
57 0110010100 4
60 1000100000 2
71 0001000000 1

03 0000010010 2
14 0100001010 3
25 0001100001 3
36 0000000101 2
47 1010000101 4
50 0100000100 2
61 1000000000 1
72 0000001000 1

04 0000011010 3
15 0000100001 2
26 0101010011 5
37 1010000101 4
40 1001100100 4
51 0000010100 2
62 1000001000 2
73 0001100010 3

05 0000000001 1
16 0100000011 3
27 0110010001 4
30 1000000100 2
41 1001000100 3
52 0000001100 2
63 0000100000 1
74 0000001010 2

06 0000010011 3
17 0110000001 3
20 0101100000 3
31 1000000100 2
42 1000000100 2
53 0100010010 3
64 0000001000 1
75 0001100000 2

07 0010010001 3
10 0100100000 2
21 0001010000 2
32 1000001100 3
43 0001100000 2
54 0100011010 4
65 1000100000 2
76 0001000010 2

Matching output
0 absent
1 absent
2 absent
3 absent
4 absent
5 absent
6 absent
7 absent

Left
none
Best: none

Right
none
Best: none

OR-NOT
01 1011011111 8
12 1110101111 8
23 0111110011 7
34 1110011111 8
45 1011100101 6 match 0
56 0111011111 8
67 1110111101 8
70 1101101110 7

02 1010011111 7
13 0111111011 8
24 0111111011 8
35 1011101101 7
46 1111110111 9
57 1110011111 8
60 1111101100 7
71 1001111110 7

03 0111111011 8
14 0110111011 7
25 1111110011 8
36 1111011111 9
47 1111110101 8
50 1111111110 9
61 1011111100 7
72 1001101110 6

04 0110011011 6
15 1111101011 8
26 0111110111 8
37 1110011101 7
40 1111100101 7
51 1111011110 8
62 1010101100 5
73 0101111010 6

05 1011111011 8
16 0111111111 9
27 1111110111 9
30 1111101101 8
41 1011110101 7
52 1110011110 7
63 1111111010 8
74 0101111010 6

06 0111011111 8
17 1110111111 9
20 1111110111 9
31 1011011101 7
42 1011101101 7
53 0111111110 8
64 1110111010 7
75 1001101011 6

07 1110011111 8
10 1111101111 9
21 1111110111 9
32 1010001101 5
43 1111110111 9
54 0110011110 6 match 1
65 1011101001 6
76 0101111111 8

Matching output
0 45
1 54
2 absent
3 absent
4 absent
5 absent
6 absent
7 absent

Left
45 56x
Best: OR-NOT45: 1

Right
none
Best: none

XOR-NOT
01 1011001111 7
12 1110100111 7
23 0010000001 2
34 1110010111 7
45 0010000100 2
56 0011001001 4
67 0100111101 6
70 1100001110 5

02 1010010111 6
13 0011011001 5
24 0011101001 5
35 0011101100 5
46 1110110010 6
57 1000001011 4
60 0111001100 5
71 1000111110 6

03 0111101001 6
14 0010110001 4
25 1110010010 5
36 1111011010 7
47 0101110000 4
50 1011111010 7
61 0011111100 6
72 1001100110 5

04 0110000001 3
15 1111001010 6
26 0010100100 3
37 0100011000 3
40 0110000001 3
51 1111001010 6
62 0010100100 3
73 0100011000 3

05 1011111010 7
16 0011111100 6
27 1001100110 5
30 0111101001 6
41 0010110001 4
52 1110010010 5
63 1111011010 7
74 0101110000 4

06 0111001100 5
17 1000111110 6
20 1010010111 6
31 0011011001 5
42 0011101001 5
53 0011101100 5
64 1110110010 6
75 1000001011 4

07 1100001110 5
10 1011001111 7
21 1110100111 7
32 0010000001 2
43 1110010111 7
54 0010000100 2
65 0011001001 4
76 0100111101 6

Matching output
0 absent
1 absent
2 absent
3 absent
4 absent
5 absent
6 absent
7 absent

Left
none
Best: none

Right
none
Best: none

Selecting

Lefts
Identity I4 5 6 7 0 1: 6
NOT none
Constant none
AND none
OR none
XOR none
AND-NOT none
OR-NOT OR-NOT45: 1
XOR-NOT none

Rights
Identity none
NOT none
Constant none
AND none
OR none
XOR XOR13 02: 2
AND-NOT none
OR-NOT none
XOR-NOT none

Left longest: 6
Right longest: 2

Left winner: Identity yes, NOT no, Constant no, AND no, OR no, XOR no, AND-NOT no, OR-NOT no, XOR-NOT no
Right winner: Identity no, NOT no, Constant no, AND no, OR no, XOR yes, AND-NOT no, OR-NOT no, XOR-NOT no

Best left: I4 5 6 7 0 1: 6
Best right: XOR13 02: 2

Truncated left: I4 5 6 7 0 1: 6
Truncated right: XOR13 02: 2

Tentative from right
7 XOR13
6 XOR02
5 pending
4 pending
3 pending
2 pending
1 pending
0 pending

Tentative
0 I4
1 I5
2 I6
3 I7
4 I0
5 I1
6 XOR02
7 XOR13

Preferred from left
0 I4
1 I5
2 I6
3 I7
4 I0
5 I1
6 XOR02
7 XOR13

Preferred from right
7 XOR13
6 XOR02
5 I1
4 I0
3 I7
2 I6
1 I5
0 I4

Preferred
0 I4
1 I5
2 I6
3 I7
4 I0
5 I1
6 XOR02
7 XOR13

Matching
0 I4
1 I5
2 I6
3 I7
4 I0
5 I1
6 XOR02
7 XOR13

Perfect match
Identity no
NOT no
Constant no
AND no
OR no
XOR no
AND-NOT no
OR-NOT no
XOR-NOT no

Matched
0 I4
1 I5
2 I6
3 I7
4 I0
5 I1
6 XOR02
7 XOR13

Selected
0 I4
1 I5
2 I6
3 I7
4 I0
5 I1
6 XOR02
7 XOR13

Applying to 11101101
Input
0 1
1 1
2 1
3 0
4 1
5 1
6 0
7 1
Output
0 I4 = 1
1 I5 = 1
2 I6 = 0
3 I7 = 1
4 I0 = 1
5 I1 = 1
6 XOR02 = XOR(1,1) = 0
7 XOR13 = XOR(1,0) = 1

I will now return the answer in \boxed{}
The answer in \boxed{–} is \boxed{11011101}
[correct]
true
