[category]
bit_manipulation
[prompt]
In Alice's Wonderland, a secret bit manipulation rule transforms 8-bit binary numbers. The transformation involves operations like bit shifts, rotations, XOR, AND, OR, NOT, and possibly majority or choice functions.

Here are some examples of input -> output:
10000100 -> 00000000
10101111 -> 01110000
11001101 -> 00101000
01101001 -> 00001000
10100010 -> 00010000
11000011 -> 00011000
01110101 -> 10101000
10010011 -> 00010000
01010001 -> 00001000
11000111 -> 00111000

Now, determine the output for: 00101010
[completion]
We need to deduce the transformation by matching the example outputs.
I will put my final answer inside \boxed{}.

Output 0: 00000000
0 0
1 0
2 0
3 0
4 0
5 0
6 0
7 0

Output 1: 01110000
0 0
1 1
2 1
3 1
4 0
5 0
6 0
7 0

Output 2: 00101000
0 0
1 0
2 1
3 0
4 1
5 0
6 0
7 0

Output 3: 00001000
0 0
1 0
2 0
3 0
4 1
5 0
6 0
7 0

Output 4: 00010000
0 0
1 0
2 0
3 1
4 0
5 0
6 0
7 0

Output 5: 00011000
0 0
1 0
2 0
3 1
4 1
5 0
6 0
7 0

Output 6: 10101000
0 1
1 0
2 1
3 0
4 1
5 0
6 0
7 0

Output 7: 00010000
0 0
1 0
2 0
3 1
4 0
5 0
6 0
7 0

Output 8: 00001000
0 0
1 0
2 0
3 0
4 1
5 0
6 0
7 0

Output 9: 00111000
0 0
1 0
2 1
3 1
4 1
5 0
6 0
7 0

Output bit columns (with bitsum as hash)
0 0000001000 1
1 0100000000 1
2 0110001001 4
3 0100110101 5
4 0011011011 6
5 0000000000 a
6 0000000000 a
7 0000000000 a

Input 0: 10000100
0 1
1 0
2 0
3 0
4 0
5 1
6 0
7 0

Input 1: 10101111
0 1
1 0
2 1
3 0
4 1
5 1
6 1
7 1

Input 2: 11001101
0 1
1 1
2 0
3 0
4 1
5 1
6 0
7 1

Input 3: 01101001
0 0
1 1
2 1
3 0
4 1
5 0
6 0
7 1

Input 4: 10100010
0 1
1 0
2 1
3 0
4 0
5 0
6 1
7 0

Input 5: 11000011
0 1
1 1
2 0
3 0
4 0
5 0
6 1
7 1

Input 6: 01110101
0 0
1 1
2 1
3 1
4 0
5 1
6 0
7 1

Input 7: 10010011
0 1
1 0
2 0
3 1
4 0
5 0
6 1
7 1

Input 8: 01010001
0 0
1 1
2 0
3 1
4 0
5 0
6 0
7 1

Input 9: 11000111
0 1
1 1
2 0
3 0
4 0
5 1
6 1
7 1

When matching output
x: not in operator
y: wrong position

Identity
0 1110110101 7
1 0011011011 6 match 4
2 0101101000 4
3 0000001110 3
4 0111000000 3
5 1110001001 5
6 0100110101 5 match 3
7 0111011111 8

Matching output
0 absent
1 absent
2 absent
3 6
4 1
5 absent
6 absent
7 absent

Left
none
Best: none

Right
none
Best: none

NOT
0 0001001010 3
1 1100100100 4
2 1010010111 6
3 1111110001 7
4 1000111111 7
5 0001110110 5
6 1011001010 5
7 1000100000 2

Matching output
0 absent
1 absent
2 absent
3 absent
4 absent
5 absent
6 absent
7 absent

Left
none
Best: none

Right
none
Best: none

Constant
0 0000000000 a match 5 6 7
1 1111111111 a

Matching output
0 absent
1 absent
2 absent
3 absent
4 absent
5 C0
6 C0
7 C0

Left
none
Best: none

Right
0 0 0
Best: C0 0 0: 3

AND
01 10 0010010001 3
12 21 0001001000 2
23 32 0000001000 1 match 0
34 43 0000000000 a match 5 6 7
45 54 0110000000 2
56 65 0100000001 2
67 76 0100010101 4
70 07 0110010101 5

02 20 0100100000 2
13 31 0000001010 2
24 42 0101000000 2
35 53 0000001000 1 match 0
46 64 0100000000 1 match 1
57 75 0110001001 4 match 2
60 06 0100110101 5 match 3
71 17 0011011011 6 match 4

03 30 0000000100 1
14 41 0011000000 2
25 52 0100001000 2
36 63 0000000100 1
47 74 0111000000 3
50 05 1110000001 4
61 16 0000010001 2
72 27 0101001000 3

04 40 0110000000 2
15 51 0010001001 3
26 62 0100100000 2
37 73 0000001110 3

Matching output
0 23 32 35 53
1 46 64
2 57 75
3 60 06
4 71 17
5 34 43
6 34 43
7 34 43

Left
23 34y
32 43y
35 46 57 60 71 02x
53 64 75 06 17 20x
Best: AND35 46 57 60 71: 5

Right
34 23y
43 32y
Best: AND34: 1

OR
01 10 1111111111 a
12 21 0111111011 8
23 32 0101101110 6
34 43 0111001110 6
45 54 1111001001 6
56 65 1110111101 8
67 76 0111111111 9
70 07 1111111111 a

02 20 1111111101 9
13 31 0011011111 7
24 42 0111101000 5
35 53 1110001111 7
46 64 0111110101 7
57 75 1111011111 9
60 06 1110110101 7
71 17 0111011111 8

03 30 1110111111 9
14 41 0111011011 7
25 52 1111101001 7
36 63 0100111111 7
47 74 0111011111 8
50 05 1110111101 8
61 16 0111111111 9
72 27 0111111111 9

04 40 1111110101 8
15 51 1111011011 8
26 62 0101111101 7
37 73 0111011111 8

Matching output
0 absent
1 absent
2 absent
3 absent
4 absent
5 absent
6 absent
7 absent

Left
none
Best: none

Right
none
Best: none

XOR
01 10 1101101110 7
12 21 0110110011 6
23 32 0101100110 5
34 43 0111001110 6
45 54 1001001001 4
56 65 1010111100 6
67 76 0011101010 5
70 07 1001101010 5

02 20 1011011101 7
13 31 0011010101 5
24 42 0010101000 3
35 53 1110000111 6
46 64 0011110101 6
57 75 1001010110 5
60 06 1010000000 2
71 17 0100000100 2

03 30 1110111011 8
14 41 0100011011 5
25 52 1011100001 5
36 63 0100111011 6
47 74 0000011111 5
50 05 0000111100 4
61 16 0111101110 7
72 27 0010110111 6

04 40 1001110101 6
15 51 1101010010 5
26 62 0001011101 5
37 73 0111010001 5

Matching output
0 absent
1 absent
2 absent
3 absent
4 absent
5 absent
6 absent
7 absent

Left
none
Best: none

Right
none
Best: none

AND-NOT
01 1100100100 4
12 0010010011 4
23 0101100000 3
34 0000001110 3
45 0001000000 1
56 1010001000 3
67 0000100000 1
70 0001001010 3

02 1010010101 5
13 0011010001 4
24 0000101000 2
35 0000000110 2
46 0011000000 2
57 1000000000 1
60 0000000000 a match 5 6 7
71 0100000100 2

03 1110110001 6
14 0000011011 4
25 0001100000 2
36 0000001010 2
47 0000000000 a match 5 6 7
50 0000001000 1 match 0
61 0100100100 3
72 0010010111 5

04 1000110101 5
15 0001010010 3
26 0001001000 2
37 0000000000 a match 5 6 7
40 0001000000 1
51 1100000000 2
62 0000010101 3
73 0111010001 5

05 0000110100 3
16 0011001010 4
27 0000100000 1
30 0000001010 2
41 0100000000 1 match 1
52 1010000001 3
63 0100110001 4
74 0000011111 5

06 1010000000 2
17 0000000000 a match 5 6 7
20 0001001000 2
31 0000000100 1
42 0010000000 1
53 1110000001 4
64 0000110101 4
75 0001010110 4

07 1000100000 2
10 0001001010 3
21 0100100000 2
32 0000000110 2
43 0111000000 3
54 1000001001 3
65 0000110100 3
76 0011001010 4

Matching output
0 50
1 41
2 absent
3 absent
4 absent
5 60 47 37 17
6 60 47 37 17
7 60 47 37 17

Left
50 61x
Best: AND-NOT50: 1

Right
60 57x
47 36x
37 26x
17 06x
Best: AND-NOT60: 1

OR-NOT
01 1110110101 7
12 1011011111 8
23 1111111001 8
34 1000111111 7
45 0111110110 7
56 1111001011 7
67 1100110101 6
70 0111011111 8

02 1110110111 8
13 1111111011 9
24 1101111111 9
35 0001111110 6
46 1111001010 6
57 1110101001 6
60 0101111111 8
71 1111111111 a

03 1111110101 8
14 1011111111 9
25 0101111110 7
36 1011001110 6
47 1111100000 5
50 1111001011 7
61 1100110101 6
72 1111011111 9

04 1110111111 9
15 0011111111 8
26 1111101010 7
37 1000101110 5
40 0111001010 5
51 1110101101 7
62 1110110111 8
73 1111111111 a

05 1111110111 9
16 1011011011 7
27 1101101000 5
30 0001001110 4
41 1111100100 6
52 1110011111 8
63 1111110101 8
74 1111111111 a

06 1111111111 a
17 1011111011 8
20 0101101010 5
31 1100101110 6
42 1111010111 8
53 1111111001 8
64 1100111111 8
75 0111111111 9

07 1110110101 7
10 0011011011 6 match 4
21 1101101100 6
32 1010011111 7
43 1111110001 7
54 1110111111 9
65 0101110111 7
76 1111011111 9

Matching output
0 absent
1 absent
2 absent
3 absent
4 10
5 absent
6 absent
7 absent

Left
none
Best: none

Right
none
Best: none

XOR-NOT
01 0010010001 3
12 1001001100 4
23 1010011001 5
34 1000110001 4
45 0110110110 6
56 0101000011 4
67 1100010101 5
70 0110010101 5

02 0100100010 3
13 1100101010 5
24 1101010111 7
35 0001111000 4
46 1100001010 4
57 0110101001 5
60 0101111111 8
71 1011111011 8

03 0001000100 2
14 1011100100 5
25 0100011110 5
36 1011000100 4
47 1111100000 5
50 1111000011 6
61 1000010001 3
72 1101001000 4

04 0110001010 4
15 0010101101 5
26 1110100010 5
37 1000101110 5
40 0110001010 4
51 0010101101 5
62 1110100010 5
73 1000101110 5

05 1111000011 6
16 1000010001 3
27 1101001000 4
30 0001000100 2
41 1011100100 5
52 0100011110 5
63 1011000100 4
74 1111100000 5

06 0101111111 8
17 1011111011 8
20 0100100010 3
31 1100101010 5
42 1101010111 7
53 0001111000 4
64 1100001010 4
75 0110101001 5

07 0110010101 5
10 0010010001 3
21 1001001100 4
32 1010011001 5
43 1000110001 4
54 0110110110 6
65 0101000011 4
76 1100010101 5

Matching output
0 absent
1 absent
2 absent
3 absent
4 absent
5 absent
6 absent
7 absent

Left
none
Best: none

Right
none
Best: none

Selecting

Lefts
Identity none
NOT none
Constant none
AND AND35 46 57 60 71: 5
OR none
XOR none
AND-NOT AND-NOT50: 1
OR-NOT none
XOR-NOT none

Rights
Identity none
NOT none
Constant C0 0 0: 3
AND AND34: 1
OR none
XOR none
AND-NOT AND-NOT60: 1
OR-NOT none
XOR-NOT none

Left longest: 5
Right longest: 3

Left winner: Identity no, NOT no, Constant no, AND yes, OR no, XOR no, AND-NOT no, OR-NOT no, XOR-NOT no
Right winner: Identity no, NOT no, Constant yes, AND no, OR no, XOR no, AND-NOT no, OR-NOT no, XOR-NOT no

Best left: AND35 46 57 60 71: 5
Best right: C0 0 0: 3

Truncated left: AND35 46 57 60 71: 5
Truncated right: C0 0 0: 3

Tentative from right
7 C0
6 C0
5 C0
4 pending
3 pending
2 pending
1 pending
0 pending

Tentative
0 AND35
1 AND46
2 AND57
3 AND60
4 AND71
5 C0
6 C0
7 C0

Preferred from left
0 AND35
1 AND46
2 AND57
3 AND60
4 AND71
5 C0
6 C0
7 C0

Preferred from right
7 C0
6 C0
5 C0
4 AND71
3 AND60
2 AND57
1 AND46
0 AND35

Preferred
0 AND35
1 AND46
2 AND57
3 AND60
4 AND71
5 C0
6 C0
7 C0

Matching
0 AND35
1 AND46
2 AND57
3 AND60
4 AND71
5 C0
6 C0
7 C0

Perfect match
Identity no
NOT no
Constant no
AND no
OR no
XOR no
AND-NOT no
OR-NOT no
XOR-NOT no

Matched
0 AND35
1 AND46
2 AND57
3 AND60
4 AND71
5 C0
6 C0
7 C0

Selected
0 AND35
1 AND46
2 AND57
3 AND60
4 AND71
5 C0
6 C0
7 C0

Applying to 00101010
Input
0 0
1 0
2 1
3 0
4 1
5 0
6 1
7 0
Output
0 AND35 = AND(0,0) = 0
1 AND46 = AND(1,1) = 1
2 AND57 = AND(0,0) = 0
3 AND60 = AND(1,0) = 0
4 AND71 = AND(0,0) = 0
5 C0 = 0
6 C0 = 0
7 C0 = 0

I will now return the answer in \boxed{}
The answer in \boxed{–} is \boxed{01000000}
[correct]
true
