[category]
bit_manipulation
[prompt]
In Alice's Wonderland, a secret bit manipulation rule transforms 8-bit binary numbers. The transformation involves operations like bit shifts, rotations, XOR, AND, OR, NOT, and possibly majority or choice functions.

Here are some examples of input -> output:
10100110 -> 00100000
11001110 -> 01100000
11111110 -> 11100001
01011101 -> 11000000
11011101 -> 11001001
11010001 -> 00001001
10111000 -> 10000001
11001011 -> 00011000
10110101 -> 00001001
11110010 -> 00000001

Now, determine the output for: 00101111
[completion]
We need to deduce the transformation by matching the example outputs.
I will put my final answer inside \boxed{}.

Output 0: 00100000
0 0
1 0
2 1
3 0
4 0
5 0
6 0
7 0

Output 1: 01100000
0 0
1 1
2 1
3 0
4 0
5 0
6 0
7 0

Output 2: 11100001
0 1
1 1
2 1
3 0
4 0
5 0
6 0
7 1

Output 3: 11000000
0 1
1 1
2 0
3 0
4 0
5 0
6 0
7 0

Output 4: 11001001
0 1
1 1
2 0
3 0
4 1
5 0
6 0
7 1

Output 5: 00001001
0 0
1 0
2 0
3 0
4 1
5 0
6 0
7 1

Output 6: 10000001
0 1
1 0
2 0
3 0
4 0
5 0
6 0
7 1

Output 7: 00011000
0 0
1 0
2 0
3 1
4 1
5 0
6 0
7 0

Output 8: 00001001
0 0
1 0
2 0
3 0
4 1
5 0
6 0
7 1

Output 9: 00000001
0 0
1 0
2 0
3 0
4 0
5 0
6 0
7 1

Output bit columns (with bitsum as hash)
0 0011101000 4
1 0111100000 4
2 1110000000 3
3 0000000100 1
4 0000110110 4
5 0000000000 a
6 0000000000 a
7 0010111011 6

Input 0: 10100110
0 1
1 0
2 1
3 0
4 0
5 1
6 1
7 0

Input 1: 11001110
0 1
1 1
2 0
3 0
4 1
5 1
6 1
7 0

Input 2: 11111110
0 1
1 1
2 1
3 1
4 1
5 1
6 1
7 0

Input 3: 01011101
0 0
1 1
2 0
3 1
4 1
5 1
6 0
7 1

Input 4: 11011101
0 1
1 1
2 0
3 1
4 1
5 1
6 0
7 1

Input 5: 11010001
0 1
1 1
2 0
3 1
4 0
5 0
6 0
7 1

Input 6: 10111000
0 1
1 0
2 1
3 1
4 1
5 0
6 0
7 0

Input 7: 11001011
0 1
1 1
2 0
3 0
4 1
5 0
6 1
7 1

Input 8: 10110101
0 1
1 0
2 1
3 1
4 0
5 1
6 0
7 1

Input 9: 11110010
0 1
1 1
2 1
3 1
4 0
5 0
6 1
7 0

When matching output
x: not in operator
y: wrong position

Identity
0 1110111111 9
1 0111110101 7
2 1010001011 5
3 0011111011 7
4 0111101100 6
5 1111100010 6
6 1110000101 5
7 0001110110 5

Matching output
0 absent
1 absent
2 absent
3 absent
4 absent
5 absent
6 absent
7 absent

Left
none
Best: none

Right
none
Best: none

NOT
0 0001000000 1
1 1000001010 3
2 0101110100 5
3 1100000100 3
4 1000010011 4
5 0000011101 4
6 0001111010 5
7 1110001001 5

Matching output
0 absent
1 absent
2 absent
3 absent
4 absent
5 absent
6 absent
7 absent

Left
none
Best: none

Right
none
Best: none

Constant
0 0000000000 a match 5 6
1 1111111111 a

Matching output
0 absent
1 absent
2 absent
3 absent
4 absent
5 C0
6 C0
7 absent

Left
none
Best: none

Right
none
Best: none

AND
01 10 0110110101 6
12 21 0010000001 2
23 32 0010001011 4
34 43 0011101000 4 match 0
45 54 0111100000 4 match 1
56 65 1110000000 3 match 2
67 76 0000000100 1 match 3
70 07 0000110110 4 match 4

02 20 1010001011 5
13 31 0011110001 5
24 42 0010001000 2
35 53 0011100010 4
46 64 0110000100 3
57 75 0001100010 3
60 06 1110000101 5
71 17 0001110100 4

03 30 0010111011 6 match 7
14 41 0111100100 5
25 52 1010000010 3
36 63 0010000001 2
47 74 0001100100 3
50 05 1110100010 5
61 16 0110000101 4
72 27 0000000010 1

04 40 0110101100 5
15 51 0111100000 4 match 1
26 62 1010000001 3
37 73 0001110010 4

Matching output
0 34 43
1 45 54 15 51
2 56 65
3 67 76
4 70 07
5 absent
6 absent
7 03 30

Left
34 45 56 67 70 01x
43 54 65 76 07 10x
Best: AND34 45 56 67 70: 5

Right
03 72x
30 27x
Best: AND03: 1

OR
01 10 1111111111 a
12 21 1111111111 a
23 32 1011111011 8
34 43 0111111111 9
45 54 1111101110 8
56 65 1111100111 8
67 76 1111110111 9
70 07 1111111111 a

02 20 1110111111 9
13 31 0111111111 9
24 42 1111101111 9
35 53 1111111011 9
46 64 1111101101 8
57 75 1111110110 8
60 06 1110111111 9
71 17 0111110111 8

03 30 1111111111 a
14 41 0111111101 8
25 52 1111101011 8
36 63 1111111111 a
47 74 0111111110 8
50 05 1111111111 a
61 16 1111110101 8
72 27 1011111111 9

04 40 1111111111 a
15 51 1111110111 9
26 62 1110001111 7
37 73 0011111111 8

Matching output
0 absent
1 absent
2 absent
3 absent
4 absent
5 absent
6 absent
7 absent

Left
none
Best: none

Right
none
Best: none

XOR
01 10 1001001010 4
12 21 1101111110 8
23 32 1001110000 4
34 43 0100010111 5
45 54 1000001110 4
56 65 0001100111 5
67 76 1111110011 8
70 07 1111001001 6

02 20 0100110100 4
13 31 0100001110 4
24 42 1101100111 7
35 53 1100011001 5
46 64 1001101001 5
57 75 1110010100 5
60 06 0000111010 4
71 17 0110000011 4

03 30 1101000100 4
14 41 0000011001 3
25 52 0101101001 5
36 63 1101111110 8
47 74 0110011010 5
50 05 0001011101 5
61 16 1001110000 4
72 27 1011111101 8

04 40 1001010011 5
15 51 1000010111 5
26 62 0100001110 4
37 73 0010001101 4

Matching output
0 absent
1 absent
2 absent
3 absent
4 absent
5 absent
6 absent
7 absent

Left
none
Best: none

Right
none
Best: none

AND-NOT
01 1000001010 3
12 0101110100 5
23 1000000000 1
34 0000010011 3
45 0000001100 2
56 0001100010 3
67 1110000001 4
70 0001000000 1

02 0100110100 4
13 0100000100 2
24 1000000011 3
35 0000011001 3
46 0001101000 3
57 1110000000 3 match 2
60 0000000000 a match 5 6
71 0000000010 1

03 1100000100 3
14 0000010001 2
25 0000001001 2
36 0001111010 5
47 0110001000 3
50 0001000000 1
61 1000000000 1
72 0001110100 4

04 1000010011 4
15 0000010101 3
26 0000001010 2
37 0010001001 3
40 0001000000 1
51 1000000010 2
62 0100000100 2
73 0000000100 1 match 3

05 0000011101 4
16 0001110000 3
27 1010001001 4
30 0001000000 1
41 0000001000 1
52 0101100000 3
63 1100000100 3
74 0000010010 2

06 0000111010 4
17 0110000001 3
20 0000000000 a match 5 6
31 0000001010 2
42 0101100100 4
53 1100000000 2
64 1000000001 2
75 0000010100 2

07 1110001001 5
10 0001000000 1
21 1000001010 3
32 0001110000 3
43 0100000100 2
54 1000000010 2
65 0000000101 2
76 0001110010 4

Matching output
0 absent
1 absent
2 57
3 73
4 absent
5 60 20
6 60 20
7 absent

Left
none
Best: none

Right
none
Best: none

OR-NOT
01 1110111111 9
12 0111110101 7
23 1110001111 7
34 1011111011 8
45 0111111101 8
56 1111111010 8
67 1110001101 6
70 0001110110 5

02 1111111111 a
13 1111110101 8
24 1010011011 6
35 0011111111 8
46 0111111110 8
57 1111101011 8
60 1111000101 6
71 1001111110 7

03 1110111111 9
14 1111110111 9
25 1010011111 7
36 0011111011 7
47 1111101101 8
50 1111100010 6
61 1110001111 7
72 0101110110 6

04 1110111111 9
15 0111111101 8
26 1011111011 8
37 1111111011 9
40 0111101100 6
51 1111101010 7
62 1111110101 8
73 1101110110 7

05 1110111111 9
16 0111111111 9
27 1110001011 6
30 0011111011 7
41 1111101110 8
52 1111110110 8
63 1110000101 5
74 1001110111 7

06 1111111111 a
17 1111111101 9
20 1011001011 6
31 1011111011 8
42 0111111100 7
53 1111100110 7
64 1110010111 7
75 0001111111 7

07 1110111111 9
10 0111110101 7
21 1010001011 5
32 0111111111 9
43 1111101100 7
54 1111110011 8
65 1110011101 7
76 0001111110 6

Matching output
0 absent
1 absent
2 absent
3 absent
4 absent
5 absent
6 absent
7 absent

Left
none
Best: none

Right
none
Best: none

XOR-NOT
01 0110110101 6
12 0010000001 2
23 0110001111 6
34 1011101000 5
45 0111110001 6
56 1110011000 5
67 0000001100 2
70 0000110110 4 match 4

02 1011001011 6
13 1011110001 6
24 0010011000 3
35 0011100110 5
46 0110010110 5
57 0001101011 5
60 1111000101 6
71 1001111100 6

03 0010111011 6 match 7
14 1111100110 7
25 1010010110 5
36 0010000001 2
47 1001100101 5
50 1110100010 5
61 0110001111 6
72 0100000010 2

04 0110101100 5
15 0111101000 5
26 1011110001 6
37 1101110010 6
40 0110101100 5
51 0111101000 5
62 1011110001 6
73 1101110010 6

05 1110100010 5
16 0110001111 6
27 0100000010 2
30 0010111011 6 match 7
41 1111100110 7
52 1010010110 5
63 0010000001 2
74 1001100101 5

06 1111000101 6
17 1001111100 6
20 1011001011 6
31 1011110001 6
42 0010011000 3
53 0011100110 5
64 0110010110 5
75 0001101011 5

07 0000110110 4 match 4
10 0110110101 6
21 0010000001 2
32 0110001111 6
43 1011101000 5
54 0111110001 6
65 1110011000 5
76 0000001100 2

Matching output
0 absent
1 absent
2 absent
3 absent
4 70 07
5 absent
6 absent
7 03 30

Left
none
Best: none

Right
03 72x
30 27x
Best: XOR-NOT03: 1

Selecting

Lefts
Identity none
NOT none
Constant none
AND AND34 45 56 67 70: 5
OR none
XOR none
AND-NOT none
OR-NOT none
XOR-NOT none

Rights
Identity none
NOT none
Constant none
AND AND03: 1
OR none
XOR none
AND-NOT none
OR-NOT none
XOR-NOT XOR-NOT03: 1

Left longest: 5
Right longest: 1

Left winner: Identity no, NOT no, Constant no, AND yes, OR no, XOR no, AND-NOT no, OR-NOT no, XOR-NOT no
Right winner: Identity no, NOT no, Constant no, AND yes, OR no, XOR no, AND-NOT no, OR-NOT no, XOR-NOT no

Best left: AND34 45 56 67 70: 5
Best right: AND03: 1

Truncated left: AND34 45 56 67 70: 5
Truncated right: AND03: 1

Tentative from right
7 AND03
6 pending
5 pending
4 pending
3 pending
2 pending
1 pending
0 pending

Tentative
0 AND34
1 AND45
2 AND56
3 AND67
4 AND70
5 pending
6 pending
7 AND03

Preferred from left
0 AND34
1 AND45
2 AND56
3 AND67
4 AND70
5 ?01
6 ?12
7 AND03

Preferred from right
7 AND03
6 ?12
5 ?01
4 AND70
3 AND67
2 AND56
1 AND45
0 AND34

Preferred
0 AND34
1 AND45
2 AND56
3 AND67
4 AND70
5 ?01 ?10
6 ?12 ?21
7 AND03

Matching
0 AND34
1 AND45
2 AND56
3 AND67
4 AND70
5 ?01 ?10 - Identity absent, NOT absent, Constant C0, AND absent, OR absent, XOR absent, AND-NOT absent, OR-NOT absent, XOR-NOT absent
6 ?12 ?21 - Identity absent, NOT absent, Constant C0, AND absent, OR absent, XOR absent, AND-NOT absent, OR-NOT absent, XOR-NOT absent
7 AND03

Perfect match
Identity no
NOT no
Constant yes
AND no
OR no
XOR no
AND-NOT no
OR-NOT no
XOR-NOT no

Matched
0 AND34
1 AND45
2 AND56
3 AND67
4 AND70
5 C0
6 C0
7 AND03

Selected
0 AND34
1 AND45
2 AND56
3 AND67
4 AND70
5 C0
6 C0
7 AND03

Applying to 00101111
Input
0 0
1 0
2 1
3 0
4 1
5 1
6 1
7 1
Output
0 AND34 = AND(0,1) = 0
1 AND45 = AND(1,1) = 1
2 AND56 = AND(1,1) = 1
3 AND67 = AND(1,1) = 1
4 AND70 = AND(1,0) = 0
5 C0 = 0
6 C0 = 0
7 AND03 = AND(0,0) = 0

I will now return the answer in \boxed{}
The answer in \boxed{–} is \boxed{01110000}
[correct]
true
