[category]
bit_manipulation
[prompt]
In Alice's Wonderland, a secret bit manipulation rule transforms 8-bit binary numbers. The transformation involves operations like bit shifts, rotations, XOR, AND, OR, NOT, and possibly majority or choice functions.

Here are some examples of input -> output:
10101011 -> 10110101
01100011 -> 00110011
11111101 -> 11010111
00111000 -> 10000001
01110100 -> 01000011
01001011 -> 10110010
11100001 -> 00010111
00011110 -> 11100000

Now, determine the output for: 01100100
[completion]
We need to deduce the transformation by matching the example outputs.
I will put my final answer inside \boxed{}.

Output 0: 10110101
0 1
1 0
2 1
3 1
4 0
5 1
6 0
7 1

Output 1: 00110011
0 0
1 0
2 1
3 1
4 0
5 0
6 1
7 1

Output 2: 11010111
0 1
1 1
2 0
3 1
4 0
5 1
6 1
7 1

Output 3: 10000001
0 1
1 0
2 0
3 0
4 0
5 0
6 0
7 1

Output 4: 01000011
0 0
1 1
2 0
3 0
4 0
5 0
6 1
7 1

Output 5: 10110010
0 1
1 0
2 1
3 1
4 0
5 0
6 1
7 0

Output 6: 00010111
0 0
1 0
2 0
3 1
4 0
5 1
6 1
7 1

Output 7: 11100000
0 1
1 1
2 1
3 0
4 0
5 0
6 0
7 0

Output bit columns (with bitsum as hash)
0 10110101 5
1 00101001 3
2 11000101 4
3 11100110 5
4 00000000 a
5 10100010 3
6 01101110 5
7 11111010 6

Input 0: 10101011
0 1
1 0
2 1
3 0
4 1
5 0
6 1
7 1

Input 1: 01100011
0 0
1 1
2 1
3 0
4 0
5 0
6 1
7 1

Input 2: 11111101
0 1
1 1
2 1
3 1
4 1
5 1
6 0
7 1

Input 3: 00111000
0 0
1 0
2 1
3 1
4 1
5 0
6 0
7 0

Input 4: 01110100
0 0
1 1
2 1
3 1
4 0
5 1
6 0
7 0

Input 5: 01001011
0 0
1 1
2 0
3 0
4 1
5 0
6 1
7 1

Input 6: 11100001
0 1
1 1
2 1
3 0
4 0
5 0
6 0
7 1

Input 7: 00011110
0 0
1 0
2 0
3 1
4 1
5 1
6 1
7 0

When matching output
x: not in operator
y: wrong position

Identity
0 10100010 3 match 5
1 01101110 5 match 6
2 11111010 6 match 7
3 00111001 4
4 10110101 5 match 0
5 00101001 3 match 1
6 11000101 4 match 2
7 11100110 5 match 3

Matching output
0 4
1 5
2 6
3 7
4 absent
5 0
6 1
7 2

Left
4 5 6 7 0y
Best: I4 5 6 7: 4

Right
2 1 0 7y
Best: I2 1 0: 3

NOT
0 01011101 5
1 10010001 3
2 00000101 2
3 11000110 4
4 01001010 3
5 11010110 5
6 00111010 4
7 00011001 3

Matching output
0 absent
1 absent
2 absent
3 absent
4 absent
5 absent
6 absent
7 absent

Left
none
Best: none

Right
none
Best: none

Constant
0 00000000 a match 4
1 11111111 a

Matching output
0 absent
1 absent
2 absent
3 absent
4 C0
5 absent
6 absent
7 absent

Left
none
Best: none

Right
none
Best: none

AND
01 10 00100010 2
12 21 01101010 4
23 32 00111000 3
34 43 00110001 3
45 54 00100001 2
56 65 00000001 1
67 76 11000100 3
70 07 10100010 3 match 5

02 20 10100010 3 match 5
13 31 00101000 2
24 42 10110000 3
35 53 00101001 3 match 1
46 64 10000101 3
57 75 00100000 1
60 06 10000000 1
71 17 01100110 4

03 30 00100000 1
14 41 00100100 2
25 52 00101000 2
36 63 00000001 1
47 74 10100100 3
50 05 00100000 1
61 16 01000100 2
72 27 11100010 4

04 40 10100000 2
15 51 00101000 2
26 62 11000000 2
37 73 00100000 1

Matching output
0 absent
1 35 53
2 absent
3 absent
4 absent
5 70 07 02 20
6 absent
7 absent

Left
none
Best: none

Right
none
Best: none

OR
01 10 11101110 6
12 21 11111110 7
23 32 11111011 7
34 43 10111101 6
45 54 10111101 6
56 65 11101101 6
67 76 11100111 6
70 07 11100110 5 match 3

02 20 11111010 6 match 7
13 31 01111111 7
24 42 11111111 a
35 53 00111001 4
46 64 11110101 6
57 75 11101111 7
60 06 11100111 6
71 17 11101110 6

03 30 10111011 6
14 41 11111111 a
25 52 11111011 7
36 63 11111101 7
47 74 11110111 7
50 05 10101011 5
61 16 11101111 7
72 27 11111110 7

04 40 10110111 6
15 51 01101111 6
26 62 11111111 a
37 73 11111111 a

Matching output
0 absent
1 absent
2 absent
3 70 07
4 absent
5 absent
6 absent
7 02 20

Left
none
Best: none

Right
02 71x
20 17x
Best: OR02: 1

XOR
01 10 11001100 4
12 21 10010100 3
23 32 11000011 4
34 43 10001100 3
45 54 10011100 4
56 65 11101100 5
67 76 00100011 3
70 07 01000100 2

02 20 01011000 3
13 31 01010111 5
24 42 01001111 5
35 53 00010000 1
46 64 01110000 3
57 75 11001111 6
60 06 01100111 5
71 17 10001000 2

03 30 10011011 5
14 41 11011011 6
25 52 11010011 5
36 63 11111100 6
47 74 01010011 4
50 05 10001011 4
61 16 10101011 5
72 27 00011100 3

04 40 00010111 4
15 51 01000111 4
26 62 00111111 6
37 73 11011111 7

Matching output
0 absent
1 absent
2 absent
3 absent
4 absent
5 absent
6 absent
7 absent

Left
none
Best: none

Right
none
Best: none

AND-NOT
01 10000000 1
12 00000100 1
23 11000010 3
34 00001000 1
45 10010100 3
56 00101000 2
67 00000001 1
70 01000100 2

02 00000000 a match 4
13 01000110 3
24 01001010 3
35 00010000 1
46 00110000 2
57 00001001 2
60 01000101 3
71 10000000 1

03 10000010 2
14 01001010 3
25 11010010 4
36 00111000 3
47 00010001 2
50 00001001 2
61 10000001 2
72 00000100 1

04 00000010 1
15 01000110 3
26 00111010 4
37 00011001 3
40 00010101 3
51 00000001 1
62 00000101 2
73 11000110 4

05 10000010 2
16 00101010 3
27 00011000 2
30 00011001 3
41 10010001 3
52 00000001 1
63 11000100 3
74 01000010 2

06 00100010 2
17 00001000 1
20 01011000 3
31 00010001 2
42 00000101 2
53 00000000 a match 4
64 01000000 1
75 11000110 4

07 00000000 a match 4
10 01001100 3
21 10010000 2
32 00000001 1
43 10000100 2
54 00001000 1
65 11000100 3
76 00100010 2

Matching output
0 absent
1 absent
2 absent
3 absent
4 02 53 07
5 absent
6 absent
7 absent

Left
none
Best: none

Right
none
Best: none

OR-NOT
01 10110011 5
12 01101111 6
23 11111110 7
34 01111011 6
45 11110111 7
56 00111011 5
67 11011101 6
70 11111111 a

02 10100111 5
13 11101110 6
24 11111010 6 match 7
35 11111111 a
46 10111111 7
57 00111001 4
60 11011101 6
71 11110111 7

03 11100110 5 match 3
14 01101110 5 match 6
25 11111110 7
36 00111011 5
47 10111101 6
50 01111101 6
61 11010101 5
72 11100111 6

04 11101010 5
15 11111110 7
26 11111010 6 match 7
37 00111001 4
40 11111101 7
51 10111001 5
62 11000101 4 match 2
73 11100110 5 match 3

05 11110110 6
16 01111110 6
27 11111011 7
30 01111101 6
41 10110101 5 match 0
52 00101101 4
63 11000111 5
74 11101110 6

06 10111010 5
17 01111111 7
20 11111111 a
31 10111001 5
42 10110101 5 match 0
53 11101111 7
64 11001111 6
75 11110110 6

07 10111011 6
10 01111111 7
21 11111011 7
32 00111101 5
43 11110111 7
54 01101011 5
65 11010111 6
76 11111110 7

Matching output
0 41 42
1 absent
2 62
3 03 73
4 absent
5 absent
6 14
7 24 26

Left
41 52x
42 53x
Best: OR-NOT41: 1

Right
24 13x
26 15x
Best: OR-NOT24: 1

XOR-NOT
01 00110011 4
12 01101011 5
23 00111100 4
34 01110011 5
45 01100011 4
56 00010011 3
67 11011100 5
70 10111011 6

02 10100111 5
13 10101000 3
24 10110000 3
35 11101111 7
46 10001111 5
57 00110000 2
60 10011000 3
71 01110111 6

03 01100100 3
14 00100100 2
25 00101100 3
36 00000011 2
47 10101100 4
50 01110100 4
61 01010100 3
72 11100011 5

04 11101000 4
15 10111000 4
26 11000000 2
37 00100000 1
40 11101000 4
51 10111000 4
62 11000000 2
73 00100000 1

05 01110100 4
16 01010100 3
27 11100011 5
30 01100100 3
41 00100100 2
52 00101100 3
63 00000011 2
74 10101100 4

06 10011000 3
17 01110111 6
20 10100111 5
31 10101000 3
42 10110000 3
53 11101111 7
64 10001111 5
75 00110000 2

07 10111011 6
10 00110011 4
21 01101011 5
32 00111100 4
43 01110011 5
54 01100011 4
65 00010011 3
76 11011100 5

Matching output
0 absent
1 absent
2 absent
3 absent
4 absent
5 absent
6 absent
7 absent

Left
none
Best: none

Right
none
Best: none

Selecting

Lefts
Identity I4 5 6 7: 4
NOT none
Constant none
AND none
OR none
XOR none
AND-NOT none
OR-NOT OR-NOT41: 1
XOR-NOT none

Rights
Identity I2 1 0: 3
NOT none
Constant none
AND none
OR OR02: 1
XOR none
AND-NOT none
OR-NOT OR-NOT24: 1
XOR-NOT none

Left longest: 4
Right longest: 3

Left winner: Identity yes, NOT no, Constant no, AND no, OR no, XOR no, AND-NOT no, OR-NOT no, XOR-NOT no
Right winner: Identity yes, NOT no, Constant no, AND no, OR no, XOR no, AND-NOT no, OR-NOT no, XOR-NOT no

Best left: I4 5 6 7: 4
Best right: I2 1 0: 3

Truncated left: I4 5 6 7: 4
Truncated right: I2 1 0: 3

Tentative from right
7 I2
6 I1
5 I0
4 pending
3 pending
2 pending
1 pending
0 pending

Tentative
0 I4
1 I5
2 I6
3 I7
4 pending
5 I0
6 I1
7 I2

Preferred from left
0 I4
1 I5
2 I6
3 I7
4 ?0?
5 I0
6 I1
7 I2

Preferred from right
7 I2
6 I1
5 I0
4 ?07
3 I7
2 I6
1 I5
0 I4

Preferred
0 I4
1 I5
2 I6
3 I7
4 ?07 ?70
5 I0
6 I1
7 I2

Matching
0 I4
1 I5
2 I6
3 I7
4 ?07 ?70 - Identity absent, NOT absent, Constant C0, AND absent, OR absent, XOR absent, AND-NOT07, OR-NOT absent, XOR-NOT absent
5 I0
6 I1
7 I2

Perfect match
Identity no
NOT no
Constant yes
AND no
OR no
XOR no
AND-NOT no
OR-NOT no
XOR-NOT no

Matched
0 I4
1 I5
2 I6
3 I7
4 C0
5 I0
6 I1
7 I2

Selected
0 I4
1 I5
2 I6
3 I7
4 C0
5 I0
6 I1
7 I2

Applying to 01100100
Input
0 0
1 1
2 1
3 0
4 0
5 1
6 0
7 0
Output
0 I4 = 0
1 I5 = 1
2 I6 = 0
3 I7 = 0
4 C0 = 0
5 I0 = 0
6 I1 = 1
7 I2 = 1

I will now return the answer in \boxed{}
The answer in \boxed{–} is \boxed{01000011}
[correct]
true
