[category]
bit_manipulation
[prompt]
In Alice's Wonderland, a secret bit manipulation rule transforms 8-bit binary numbers. The transformation involves operations like bit shifts, rotations, XOR, AND, OR, NOT, and possibly majority or choice functions.

Here are some examples of input -> output:
10110011 -> 01100010
01011100 -> 10000001
00010011 -> 01100000
01010000 -> 00000001
00111110 -> 11000000
00001011 -> 01100000
01101000 -> 00000001
01000101 -> 10100001

Now, determine the output for: 11110001
[completion]
We need to deduce the transformation by matching the example outputs.
I will put my final answer inside \boxed{}.

Output 0: 01100010
0 0
1 1
2 1
3 0
4 0
5 0
6 1
7 0

Output 1: 10000001
0 1
1 0
2 0
3 0
4 0
5 0
6 0
7 1

Output 2: 01100000
0 0
1 1
2 1
3 0
4 0
5 0
6 0
7 0

Output 3: 00000001
0 0
1 0
2 0
3 0
4 0
5 0
6 0
7 1

Output 4: 11000000
0 1
1 1
2 0
3 0
4 0
5 0
6 0
7 0

Output 5: 01100000
0 0
1 1
2 1
3 0
4 0
5 0
6 0
7 0

Output 6: 00000001
0 0
1 0
2 0
3 0
4 0
5 0
6 0
7 1

Output 7: 10100001
0 1
1 0
2 1
3 0
4 0
5 0
6 0
7 1

Output bit columns (with bitsum as hash)
0 01001001 3
1 10101100 4
2 10100101 4
3 00000000 a
4 00000000 a
5 00000000 a
6 10000000 1
7 01010011 4

Input 0: 10110011
0 1
1 0
2 1
3 1
4 0
5 0
6 1
7 1

Input 1: 01011100
0 0
1 1
2 0
3 1
4 1
5 1
6 0
7 0

Input 2: 00010011
0 0
1 0
2 0
3 1
4 0
5 0
6 1
7 1

Input 3: 01010000
0 0
1 1
2 0
3 1
4 0
5 0
6 0
7 0

Input 4: 00111110
0 0
1 0
2 1
3 1
4 1
5 1
6 1
7 0

Input 5: 00001011
0 0
1 0
2 0
3 0
4 1
5 0
6 1
7 1

Input 6: 01101000
0 0
1 1
2 1
3 0
4 1
5 0
6 0
7 0

Input 7: 01000101
0 0
1 1
2 0
3 0
4 0
5 1
6 0
7 1

When matching output
x: not in operator
y: wrong position

Identity
0 10000000 1 match 6
1 01010011 4 match 7
2 10001010 3
3 11111000 5
4 01001110 4
5 01001001 3 match 0
6 10101100 4 match 1
7 10100101 4 match 2

Matching output
0 5
1 6
2 7
3 absent
4 absent
5 absent
6 0
7 1

Left
5 6 7 0y
Best: I5 6 7: 3

Right
1 0 7y
Best: I1 0: 2

NOT
0 01111111 7
1 10101100 4 match 1
2 01110101 5
3 00000111 3
4 10110001 4
5 10110110 5
6 01010011 4 match 7
7 01011010 4

Matching output
0 absent
1 1
2 absent
3 absent
4 absent
5 absent
6 absent
7 6

Left
none
Best: none

Right
6 5x
Best: NOT6: 1

Constant
0 00000000 a match 3 4 5
1 11111111 a

Matching output
0 absent
1 absent
2 absent
3 C0
4 C0
5 C0
6 absent
7 absent

Left
none
Best: none

Right
none
Best: none

AND
01 10 00000000 a match 3 4 5
12 21 00000010 1
23 32 10001000 2
34 43 01001000 2
45 54 01001000 2
56 65 00001000 1
67 76 10100100 3
70 07 10000000 1 match 6

02 20 10000000 1 match 6
13 31 01010000 2
24 42 00001010 2
35 53 01001000 2
46 64 00001100 2
57 75 00000001 1
60 06 10000000 1 match 6
71 17 00000001 1

03 30 10000000 1 match 6
14 41 01000010 2
25 52 00001000 1
36 63 10101000 3
47 74 00000100 1
50 05 00000000 a match 3 4 5
61 16 00000000 a match 3 4 5
72 27 10000000 1 match 6

04 40 00000000 a match 3 4 5
15 51 01000001 2
26 62 10001000 2
37 73 10100000 2

Matching output
0 absent
1 absent
2 absent
3 01 10 50 05 61 16 04 40
4 01 10 50 05 61 16 04 40
5 01 10 50 05 61 16 04 40
6 70 07 02 20 60 06 03 30 72 27
7 absent

Left
none
Best: none

Right
none
Best: none

OR
01 10 11010011 5
12 21 11011011 6
23 32 11111010 6
34 43 11111110 7
45 54 01001111 5
56 65 11101101 6
67 76 10101101 5
70 07 10100101 4 match 2

02 20 10001010 3
13 31 11111011 7
24 42 11001110 5
35 53 11111001 6
46 64 11101110 6
57 75 11101101 6
60 06 10101100 4 match 1
71 17 11110111 7

03 30 11111000 5
14 41 01011111 6
25 52 11001011 5
36 63 11111100 6
47 74 11101111 7
50 05 11001001 4
61 16 11111111 a
72 27 10101111 6

04 40 11001110 5
15 51 01011011 5
26 62 10101110 5
37 73 11111101 7

Matching output
0 absent
1 60 06
2 70 07
3 absent
4 absent
5 absent
6 absent
7 absent

Left
none
Best: none

Right
none
Best: none

XOR
01 10 11010011 5
12 21 11011001 5
23 32 01110010 4
34 43 10110110 5
45 54 00000111 3
56 65 11100101 5
67 76 00001001 2
70 07 00100101 3

02 20 00001010 2
13 31 10101011 5
24 42 11000100 3
35 53 10110001 4
46 64 11100010 4
57 75 11101100 5
60 06 00101100 3
71 17 11110110 6

03 30 01111000 4
14 41 00011101 4
25 52 11000011 4
36 63 01010100 3
47 74 11101011 6
50 05 11001001 4
61 16 11111111 a
72 27 00101111 5

04 40 11001110 5
15 51 00011010 3
26 62 00100110 3
37 73 01011101 5

Matching output
0 absent
1 absent
2 absent
3 absent
4 absent
5 absent
6 absent
7 absent

Left
none
Best: none

Right
none
Best: none

AND-NOT
01 10000000 1 match 6
12 01010001 3
23 00000010 1
34 10110000 3
45 00000110 2
56 01000001 2
67 00001000 1
70 00100101 3

02 00000000 a match 3 4 5
13 00000011 2
24 10000000 1 match 6
35 10110000 3
46 01000010 2
57 01001000 2
60 00101100 3
71 10100100 3

03 00000000 a match 3 4 5
14 00010001 2
25 10000010 2
36 01010000 2
47 01001010 3
50 01001001 3 match 0
61 10101100 4 match 1
72 00100101 3

04 10000000 1 match 6
15 00010010 2
26 00000010 1
37 01011000 3
40 01001110 4
51 00001000 1
62 00100100 2
73 00000101 2

05 10000000 1 match 6
16 01010011 4 match 7
27 00001010 2
30 01111000 4
41 00001100 2
52 01000001 2
63 00000100 1
74 10100001 3

06 00000000 a match 3 4 5
17 01010010 3
20 00001010 2
31 10101000 3
42 01000100 2
53 00000001 1
64 10100000 2
75 10100100 3

07 00000000 a match 3 4 5
10 01010011 4 match 7
21 10001000 2
32 01110000 3
43 00000110 2
54 00000001 1
65 10100100 3
76 00000001 1

Matching output
0 50
1 61
2 absent
3 02 03 06 07
4 02 03 06 07
5 02 03 06 07
6 01 24 04 05
7 16 10

Left
50 61 72x
Best: AND-NOT50 61: 2

Right
16 05 74x
10 07y
Best: AND-NOT16 05: 2

OR-NOT
01 10101100 4 match 1
12 01110111 6
23 10001111 5
34 11111001 6
45 11111110 7
56 01011011 5
67 11111110 7
70 11111111 a

02 11110101 6
13 01010111 5
24 10111011 6
35 11111110 7
46 01011111 6
57 01011011 5
60 11111111 a
71 10101101 5

03 10000111 4
14 11110011 6
25 10111110 6
36 11111011 7
47 01011110 5
50 01111111 7
61 10101100 4 match 1
72 11110101 6

04 10110001 4
15 11110111 7
26 11011011 6
37 11111010 6
40 01111111 7
51 11101101 6
62 11111101 7
73 10100111 5

05 10110110 5
16 01010011 4 match 7
27 11011010 5
30 11111111 a
41 11101110 6
52 01111101 6
63 10101111 6
74 10110101 5

06 11010011 5
17 01011011 5
20 11111111 a
31 11111100 6
42 01111111 7
53 01001111 5
64 10111101 6
75 10110111 6

07 11011010 5
10 01111111 7
21 10101110 5
32 11111101 7
43 01001111 5
54 11111001 6
65 10111110 6
76 11110111 7

Matching output
0 absent
1 01 61
2 absent
3 absent
4 absent
5 absent
6 absent
7 16

Left
none
Best: none

Right
16 05x
Best: OR-NOT16: 1

XOR-NOT
01 00101100 3
12 00100110 3
23 10001101 4
34 01001001 3 match 0
45 11111000 5
56 00011010 3
67 11110110 6
70 11011010 5

02 11110101 6
13 01010100 3
24 00111011 5
35 01001110 4
46 00011101 4
57 00010011 3
60 11010011 5
71 00001001 2

03 10000111 4
14 11100010 4
25 00111100 4
36 10101011 5
47 00010100 2
50 00110110 4
61 00000000 a match 3 4 5
72 11010000 3

04 00110001 3
15 11100101 5
26 11011001 5
37 10100010 3
40 00110001 3
51 11100101 5
62 11011001 5
73 10100010 3

05 00110110 4
16 00000000 a match 3 4 5
27 11010000 3
30 10000111 4
41 11100010 4
52 00111100 4
63 10101011 5
74 00010100 2

06 11010011 5
17 00001001 2
20 11110101 6
31 01010100 3
42 00111011 5
53 01001110 4
64 00011101 4
75 00010011 3

07 11011010 5
10 00101100 3
21 00100110 3
32 10001101 4
43 01001001 3 match 0
54 11111000 5
65 00011010 3
76 11110110 6

Matching output
0 34 43
1 absent
2 absent
3 61 16
4 61 16
5 61 16
6 absent
7 absent

Left
34 45x
43 54x
Best: XOR-NOT34: 1

Right
none
Best: none

Selecting

Lefts
Identity I5 6 7: 3
NOT none
Constant none
AND none
OR none
XOR none
AND-NOT AND-NOT50 61: 2
OR-NOT none
XOR-NOT XOR-NOT34: 1

Rights
Identity I1 0: 2
NOT NOT6: 1
Constant none
AND none
OR none
XOR none
AND-NOT AND-NOT16 05: 2
OR-NOT OR-NOT16: 1
XOR-NOT none

Left longest: 3
Right longest: 2

Left winner: Identity yes, NOT no, Constant no, AND no, OR no, XOR no, AND-NOT no, OR-NOT no, XOR-NOT no
Right winner: Identity yes, NOT no, Constant no, AND no, OR no, XOR no, AND-NOT no, OR-NOT no, XOR-NOT no

Best left: I5 6 7: 3
Best right: I1 0: 2

Truncated left: I5 6 7: 3
Truncated right: I1 0: 2

Tentative from right
7 I1
6 I0
5 pending
4 pending
3 pending
2 pending
1 pending
0 pending

Tentative
0 I5
1 I6
2 I7
3 pending
4 pending
5 pending
6 I0
7 I1

Preferred from left
0 I5
1 I6
2 I7
3 ?0?
4 ?1?
5 ?2?
6 I0
7 I1

Preferred from right
7 I1
6 I0
5 ?27
4 ?16
3 ?05
2 I7
1 I6
0 I5

Preferred
0 I5
1 I6
2 I7
3 ?05 ?50
4 ?16 ?61
5 ?27 ?72
6 I0
7 I1

Matching
0 I5
1 I6
2 I7
3 ?05 ?50 - Identity absent, NOT absent, Constant C0, AND05, OR absent, XOR absent, AND-NOT absent, OR-NOT absent, XOR-NOT absent
4 ?16 ?61 - Identity absent, NOT absent, Constant C0, AND16, OR absent, XOR absent, AND-NOT absent, OR-NOT absent, XOR-NOT16
5 ?27 ?72 - Identity absent, NOT absent, Constant C0, AND absent, OR absent, XOR absent, AND-NOT absent, OR-NOT absent, XOR-NOT absent
6 I0
7 I1

Perfect match
Identity no
NOT no
Constant yes
AND no
OR no
XOR no
AND-NOT no
OR-NOT no
XOR-NOT no

Matched
0 I5
1 I6
2 I7
3 C0
4 C0
5 C0
6 I0
7 I1

Selected
0 I5
1 I6
2 I7
3 C0
4 C0
5 C0
6 I0
7 I1

Applying to 11110001
Input
0 1
1 1
2 1
3 1
4 0
5 0
6 0
7 1
Output
0 I5 = 0
1 I6 = 0
2 I7 = 1
3 C0 = 0
4 C0 = 0
5 C0 = 0
6 I0 = 1
7 I1 = 1

I will now return the answer in \boxed{}
The answer in \boxed{–} is \boxed{00100011}
[correct]
true
