[category]
bit_manipulation
[prompt]
In Alice's Wonderland, a secret bit manipulation rule transforms 8-bit binary numbers. The transformation involves operations like bit shifts, rotations, XOR, AND, OR, NOT, and possibly majority or choice functions.

Here are some examples of input -> output:
00001100 -> 00000000
10111001 -> 00000001
10001010 -> 00000001
01110000 -> 00000000
10010100 -> 00000000
11010111 -> 00000000
00010001 -> 00000000
01010000 -> 00000000

Now, determine the output for: 11110010
[completion]
We need to deduce the transformation by matching the example outputs.
I will put my final answer inside \boxed{}.

Output 0: 00000000
0 0
1 0
2 0
3 0
4 0
5 0
6 0
7 0

Output 1: 00000001
0 0
1 0
2 0
3 0
4 0
5 0
6 0
7 1

Output 2: 00000001
0 0
1 0
2 0
3 0
4 0
5 0
6 0
7 1

Output 3: 00000000
0 0
1 0
2 0
3 0
4 0
5 0
6 0
7 0

Output 4: 00000000
0 0
1 0
2 0
3 0
4 0
5 0
6 0
7 0

Output 5: 00000000
0 0
1 0
2 0
3 0
4 0
5 0
6 0
7 0

Output 6: 00000000
0 0
1 0
2 0
3 0
4 0
5 0
6 0
7 0

Output 7: 00000000
0 0
1 0
2 0
3 0
4 0
5 0
6 0
7 0

Output bit columns (with bitsum as hash)
0 00000000 a
1 00000000 a
2 00000000 a
3 00000000 a
4 00000000 a
5 00000000 a
6 00000000 a
7 01100000 2

Input 0: 00001100
0 0
1 0
2 0
3 0
4 1
5 1
6 0
7 0

Input 1: 10111001
0 1
1 0
2 1
3 1
4 1
5 0
6 0
7 1

Input 2: 10001010
0 1
1 0
2 0
3 0
4 1
5 0
6 1
7 0

Input 3: 01110000
0 0
1 1
2 1
3 1
4 0
5 0
6 0
7 0

Input 4: 10010100
0 1
1 0
2 0
3 1
4 0
5 1
6 0
7 0

Input 5: 11010111
0 1
1 1
2 0
3 1
4 0
5 1
6 1
7 1

Input 6: 00010001
0 0
1 0
2 0
3 1
4 0
5 0
6 0
7 1

Input 7: 01010000
0 0
1 1
2 0
3 1
4 0
5 0
6 0
7 0

When matching output
x: not in operator
y: wrong position

Identity
0 01101100 4
1 00010101 3
2 01010000 2
3 01011111 6
4 11100000 3
5 10001100 3
6 00100100 2
7 01000110 3

Matching output
0 absent
1 absent
2 absent
3 absent
4 absent
5 absent
6 absent
7 absent

Left
none
Best: none

Right
none
Best: none

NOT
0 10010011 4
1 11101010 5
2 10101111 6
3 10100000 2
4 00011111 5
5 01110011 5
6 11011011 6
7 10111001 5

Matching output
0 absent
1 absent
2 absent
3 absent
4 absent
5 absent
6 absent
7 absent

Left
none
Best: none

Right
none
Best: none

Constant
0 00000000 a match 0 1 2 3 4 5 6
1 11111111 a

Matching output
0 C0
1 C0
2 C0
3 C0
4 C0
5 C0
6 C0
7 absent

Left
0 0 0 0 0 0 0
Best: C0 0 0 0 0 0 0: 7

Right
none
Best: none

AND
01 10 00000100 1
12 21 00010000 1
23 32 01010000 2
34 43 01000000 1
45 54 10000000 1
56 65 00000100 1
67 76 00000100 1
70 07 01000100 2

02 20 01000000 1
13 31 00010101 3
24 42 01000000 1
35 53 00001100 2
46 64 00100000 1
57 75 00000100 1
60 06 00100100 2
71 17 00000100 1

03 30 01001100 3
14 41 00000000 a match 0 1 2 3 4 5 6
25 52 00000000 a match 0 1 2 3 4 5 6
36 63 00000100 1
47 74 01000000 1
50 05 00001100 2
61 16 00000100 1
72 27 01000000 1

04 40 01100000 2 match 7
15 51 00000100 1
26 62 00000000 a match 0 1 2 3 4 5 6
37 73 01000110 3

Matching output
0 14 41 25 52 26 62
1 14 41 25 52 26 62
2 14 41 25 52 26 62
3 14 41 25 52 26 62
4 14 41 25 52 26 62
5 14 41 25 52 26 62
6 14 41 25 52 26 62
7 04 40

Left
14 25 36x
41 52 63x
25 36x
52 63x
26 37x
62 73x
Best: AND14 25: 2

Right
04 73x
40 37x
Best: AND04: 1

OR
01 10 01111101 6
12 21 01010101 4
23 32 01011111 6
34 43 11111111 a
45 54 11101100 5
56 65 10101100 4
67 76 01100110 4
70 07 01101110 5

02 20 01111100 5
13 31 01011111 6
24 42 11110000 4
35 53 11011111 7
46 64 11100100 4
57 75 11001110 5
60 06 01101100 4
71 17 01010111 5

03 30 01111111 7
14 41 11110101 6
25 52 11011100 5
36 63 01111111 7
47 74 11100110 5
50 05 11101100 5
61 16 00110101 4
72 27 01010110 4

04 40 11101100 5
15 51 10011101 5
26 62 01110100 4
37 73 01011111 6

Matching output
0 absent
1 absent
2 absent
3 absent
4 absent
5 absent
6 absent
7 absent

Left
none
Best: none

Right
none
Best: none

XOR
01 10 01111001 5
12 21 01000101 3
23 32 00001111 4
34 43 10111111 7
45 54 01101100 4
56 65 10101000 3
67 76 01100010 3
70 07 00101010 3

02 20 00111100 4
13 31 01001010 3
24 42 10110000 3
35 53 11010011 5
46 64 11000100 3
57 75 11001010 4
60 06 01001000 2
71 17 01010011 4

03 30 00110011 4
14 41 11110101 6
25 52 11011100 5
36 63 01111011 6
47 74 10100110 4
50 05 11100000 3
61 16 00110001 3
72 27 00010110 3

04 40 10001100 3
15 51 10011001 4
26 62 01110100 4
37 73 00011001 3

Matching output
0 absent
1 absent
2 absent
3 absent
4 absent
5 absent
6 absent
7 absent

Left
none
Best: none

Right
none
Best: none

AND-NOT
01 01101000 3
12 00000101 2
23 00000000 a match 0 1 2 3 4 5 6
34 00011111 5
45 01100000 2 match 7
56 10001000 2
67 00100000 1
70 00000010 1

02 00101100 3
13 00000000 a match 0 1 2 3 4 5 6
24 00010000 1
35 01010011 4
46 11000000 2
57 10001000 2
60 00000000 a match 0 1 2 3 4 5 6
71 01000010 2

03 00100000 1
14 00010101 3
25 01010000 2
36 01011011 5
47 10100000 2
50 10000000 1
61 00100000 1
72 00000110 2

04 00001100 2
15 00010001 2
26 01010000 2
37 00011001 3
40 10000000 1
51 10001000 2
62 00100100 2
73 00000000 a match 0 1 2 3 4 5 6

05 01100000 2 match 7
16 00010001 2
27 00010000 1
30 00010011 3
41 11100000 3
52 10001100 3
63 00100000 1
74 00000110 2

06 01001000 2
17 00010001 2
20 00010000 1
31 01001010 3
42 10100000 2
53 10000000 1
64 00000100 1
75 01000010 2

07 00101000 2
10 00010001 2
21 01000000 1
32 00001111 4
43 10100000 2
54 00001100 2
65 00100000 1
76 01000010 2

Matching output
0 23 13 60 73
1 23 13 60 73
2 23 13 60 73
3 23 13 60 73
4 23 13 60 73
5 23 13 60 73
6 23 13 60 73
7 45 05

Left
23 34x
13 24x
60 71x
73 04x
Best: AND-NOT23: 1

Right
45 34x
05 74x
Best: AND-NOT45: 1

OR-NOT
01 11101110 6
12 10111111 7
23 11110000 4
34 01011111 6
45 11110011 6
56 11011111 7
67 10111101 6
70 11010111 6

02 11101111 7
13 10110101 5
24 01011111 6
35 01111111 7
46 11111011 7
57 10111101 6
60 10110111 6
71 11101110 6

03 11101100 5
14 00011111 5
25 01110011 5
36 11011111 7
47 11111001 6
50 10011111 6
61 11101110 6
72 11101111 7

04 01111111 7
15 01110111 6
26 11011011 6
37 11111111 a
40 11110011 6
51 11101110 6
62 10101111 6
73 11100110 5

05 01111111 7
16 11011111 7
27 11111001 6
30 11011111 7
41 11101010 5
52 10101111 6
63 10100100 3
74 01011111 6

06 11111111 a
17 10111101 6
20 11010011 5
31 11111111 a
42 11101111 7
53 10101100 4
64 00111111 6
75 01110111 6

07 11111101 7
10 10010111 5
21 11111010 6
32 11111111 a
43 11100000 3
54 10011111 6
65 01110111 6
76 11011111 7

Matching output
0 absent
1 absent
2 absent
3 absent
4 absent
5 absent
6 absent
7 absent

Left
none
Best: none

Right
none
Best: none

XOR-NOT
01 10000110 3
12 10111010 5
23 11110000 4
34 01000000 1
45 10010011 4
56 01010111 5
67 10011101 5
70 11010101 5

02 11000011 4
13 10110101 5
24 01001111 5
35 00101100 3
46 00111011 5
57 00110101 4
60 10110111 6
71 10101100 4

03 11001100 4
14 00001010 2
25 00100011 3
36 10000100 2
47 01011001 4
50 00011111 5
61 11001110 5
72 11101001 5

04 01110011 5
15 01100110 4
26 10001011 4
37 11100110 5
40 01110011 5
51 01100110 4
62 10001011 4
73 11100110 5

05 00011111 5
16 11001110 5
27 11101001 5
30 11001100 4
41 00001010 2
52 00100011 3
63 10000100 2
74 01011001 4

06 10110111 6
17 10101100 4
20 11000011 4
31 10110101 5
42 01001111 5
53 00101100 3
64 00111011 5
75 00110101 4

07 11010101 5
10 10000110 3
21 10111010 5
32 11110000 4
43 01000000 1
54 10010011 4
65 01010111 5
76 10011101 5

Matching output
0 absent
1 absent
2 absent
3 absent
4 absent
5 absent
6 absent
7 absent

Left
none
Best: none

Right
none
Best: none

Selecting

Lefts
Identity none
NOT none
Constant C0 0 0 0 0 0 0: 7
AND AND14 25: 2
OR none
XOR none
AND-NOT AND-NOT23: 1
OR-NOT none
XOR-NOT none

Rights
Identity none
NOT none
Constant none
AND AND04: 1
OR none
XOR none
AND-NOT AND-NOT45: 1
OR-NOT none
XOR-NOT none

Left longest: 7
Right longest: 1

Left winner: Identity no, NOT no, Constant yes, AND no, OR no, XOR no, AND-NOT no, OR-NOT no, XOR-NOT no
Right winner: Identity no, NOT no, Constant no, AND yes, OR no, XOR no, AND-NOT no, OR-NOT no, XOR-NOT no

Best left: C0 0 0 0 0 0 0: 7
Best right: AND04: 1

Truncated left: C0 0 0 0 0 0 0: 7
Truncated right: AND04: 1

Tentative from right
7 AND04
6 pending
5 pending
4 pending
3 pending
2 pending
1 pending
0 pending

Tentative
0 C0
1 C0
2 C0
3 C0
4 C0
5 C0
6 C0
7 AND04

Preferred from left
0 C0
1 C0
2 C0
3 C0
4 C0
5 C0
6 C0
7 AND04

Preferred from right
7 AND04
6 C0
5 C0
4 C0
3 C0
2 C0
1 C0
0 C0

Preferred
0 C0
1 C0
2 C0
3 C0
4 C0
5 C0
6 C0
7 AND04

Matching
0 C0
1 C0
2 C0
3 C0
4 C0
5 C0
6 C0
7 AND04

Perfect match
Identity no
NOT no
Constant no
AND no
OR no
XOR no
AND-NOT no
OR-NOT no
XOR-NOT no

Matched
0 C0
1 C0
2 C0
3 C0
4 C0
5 C0
6 C0
7 AND04

Selected
0 C0
1 C0
2 C0
3 C0
4 C0
5 C0
6 C0
7 AND04

Applying to 11110010
Input
0 1
1 1
2 1
3 1
4 0
5 0
6 1
7 0
Output
0 C0 = 0
1 C0 = 0
2 C0 = 0
3 C0 = 0
4 C0 = 0
5 C0 = 0
6 C0 = 0
7 AND04 = AND(1,0) = 0

I will now return the answer in \boxed{}
The answer in \boxed{–} is \boxed{00000000}
[correct]
true
