[category]
bit_manipulation
[prompt]
In Alice's Wonderland, a secret bit manipulation rule transforms 8-bit binary numbers. The transformation involves operations like bit shifts, rotations, XOR, AND, OR, NOT, and possibly majority or choice functions.

Here are some examples of input -> output:
01001111 -> 10000001
00001110 -> 00000000
11110100 -> 00000010
11100100 -> 00000010
10011010 -> 00000000
10000011 -> 11000000
01000011 -> 10000001
00011010 -> 00000000
10110110 -> 00000010

Now, determine the output for: 10110000
[completion]
We need to deduce the transformation by matching the example outputs.
I will put my final answer inside \boxed{}.

Output 0: 10000001
0 1
1 0
2 0
3 0
4 0
5 0
6 0
7 1

Output 1: 00000000
0 0
1 0
2 0
3 0
4 0
5 0
6 0
7 0

Output 2: 00000010
0 0
1 0
2 0
3 0
4 0
5 0
6 1
7 0

Output 3: 00000010
0 0
1 0
2 0
3 0
4 0
5 0
6 1
7 0

Output 4: 00000000
0 0
1 0
2 0
3 0
4 0
5 0
6 0
7 0

Output 5: 11000000
0 1
1 1
2 0
3 0
4 0
5 0
6 0
7 0

Output 6: 10000001
0 1
1 0
2 0
3 0
4 0
5 0
6 0
7 1

Output 7: 00000000
0 0
1 0
2 0
3 0
4 0
5 0
6 0
7 0

Output 8: 00000010
0 0
1 0
2 0
3 0
4 0
5 0
6 1
7 0

Output bit columns (with bitsum as hash)
0 100001100 3
1 000001000 1
2 000000000 a
3 000000000 a
4 000000000 a
5 000000000 a
6 001100001 3
7 100000100 2

Input 0: 01001111
0 0
1 1
2 0
3 0
4 1
5 1
6 1
7 1

Input 1: 00001110
0 0
1 0
2 0
3 0
4 1
5 1
6 1
7 0

Input 2: 11110100
0 1
1 1
2 1
3 1
4 0
5 1
6 0
7 0

Input 3: 11100100
0 1
1 1
2 1
3 0
4 0
5 1
6 0
7 0

Input 4: 10011010
0 1
1 0
2 0
3 1
4 1
5 0
6 1
7 0

Input 5: 10000011
0 1
1 0
2 0
3 0
4 0
5 0
6 1
7 1

Input 6: 01000011
0 0
1 1
2 0
3 0
4 0
5 0
6 1
7 1

Input 7: 00011010
0 0
1 0
2 0
3 1
4 1
5 0
6 1
7 0

Input 8: 10110110
0 1
1 0
2 1
3 1
4 0
5 1
6 1
7 0

When matching output
x: not in operator
y: wrong position

Identity
0 001111001 5
1 101100100 4
2 001100001 3 match 6
3 001010011 4
4 110010010 4
5 111100001 5
6 110011111 7
7 100001100 3 match 0

Matching output
0 7
1 absent
2 absent
3 absent
4 absent
5 absent
6 2
7 absent

Left
7 0x
Best: I7: 1

Right
none
Best: none

NOT
0 110000110 4
1 010011011 5
2 110011110 6
3 110101100 5
4 001101101 5
5 000011110 4
6 001100000 2
7 011110011 6

Matching output
0 absent
1 absent
2 absent
3 absent
4 absent
5 absent
6 absent
7 absent

Left
none
Best: none

Right
none
Best: none

Constant
0 000000000 a match 2 3 4 5
1 111111111 a

Matching output
0 absent
1 absent
2 C0
3 C0
4 C0
5 C0
6 absent
7 absent

Left
none
Best: none

Right
none
Best: none

AND
01 10 001100000 2
12 21 001100000 2
23 32 001000001 2
34 43 000010010 2
45 54 110000000 2
56 65 110000001 3
67 76 100001100 3 match 0
70 07 000001000 1 match 1

02 20 001100001 3 match 6
13 31 001000000 1
24 42 000000000 a match 2 3 4 5
35 53 001000001 2
46 64 110010010 4
57 75 100000000 1
60 06 000011001 3
71 17 100000100 2 match 7

03 30 001010001 3
14 41 100000000 1
25 52 001100001 3 match 6
36 63 000010011 3
47 74 100000000 1
50 05 001100001 3 match 6
61 16 100000100 2 match 7
72 27 000000000 a match 2 3 4 5

04 40 000010000 1
15 51 101100000 3
26 62 000000001 1
37 73 000000000 a match 2 3 4 5

Matching output
0 67 76
1 70 07
2 24 42 72 27 37 73
3 24 42 72 27 37 73
4 24 42 72 27 37 73
5 24 42 72 27 37 73
6 02 20 25 52 50 05
7 71 17 61 16

Left
67 70 01x
76 07 10x
Best: AND67 70: 2

Right
71 60x
17 06x
61 50 47x
16 05 74x
Best: AND61 50: 2

OR
01 10 101111101 7
12 21 101100101 5
23 32 001110011 5
34 43 111010011 6
45 54 111110011 7
56 65 111111111 a
67 76 110011111 7
70 07 101111101 7

02 20 001111001 5
13 31 101110111 7
24 42 111110011 7
35 53 111110011 7
46 64 110011111 7
57 75 111101101 7
60 06 111111111 a
71 17 101101100 5

03 30 001111011 6
14 41 111110110 7
25 52 111100001 5
36 63 111011111 8
47 74 110011110 6
50 05 111111001 7
61 16 111111111 a
72 27 101101101 6

04 40 111111011 8
15 51 111100101 6
26 62 111111111 a
37 73 101011111 7

Matching output
0 absent
1 absent
2 absent
3 absent
4 absent
5 absent
6 absent
7 absent

Left
none
Best: none

Right
none
Best: none

XOR
01 10 100011101 5
12 21 100000101 3
23 32 000110010 3
34 43 111000001 4
45 54 001110011 5
56 65 001111110 6
67 76 010010011 4
70 07 101110101 6

02 20 000011000 2
13 31 100110111 6
24 42 111110011 7
35 53 110110010 5
46 64 000001101 3
57 75 011101101 6
60 06 111100110 6
71 17 001101000 3

03 30 000101010 3
14 41 011110110 6
25 52 110000000 2
36 63 111001100 5
47 74 010011110 5
50 05 110011000 4
61 16 011111011 7
72 27 101101101 6

04 40 111101011 7
15 51 010000101 3
26 62 111111110 8
37 73 101011111 7

Matching output
0 absent
1 absent
2 absent
3 absent
4 absent
5 absent
6 absent
7 absent

Left
none
Best: none

Right
none
Best: none

AND-NOT
01 000011001 3
12 100000100 2 match 7
23 000100000 1
34 001000001 2
45 000010010 2
56 001100000 2
67 010010011 4
70 100000100 2 match 7

02 000011000 2
13 100100100 3
24 001100001 3 match 6
35 000010010 2
46 000000000 a match 2 3 4 5
57 011100001 4
60 110000110 4
71 000001000 1 match 1

03 000101000 2
14 001100100 3
25 000000000 a match 2 3 4 5
36 001000000 1
47 010010010 3
50 110000000 2
61 010011011 5
72 100001100 3 match 0

04 001101001 4
15 000000100 1
26 001100000 2
37 001010011 4
40 110000010 3
51 010000001 2
62 110011110 6
73 100001100 3 match 0

05 000011000 2
16 001100000 2
27 001100001 3 match 6
30 000000010 1
41 010010010 3
52 110000000 2
63 110001100 4
74 000001100 2

06 001100000 2
17 001100000 2
20 000000000 a match 2 3 4 5
31 000010011 3
42 110010010 4
53 110100000 3
64 000001101 3
75 000001100 2

07 001110001 4
10 100000100 2 match 7
21 000000001 1
32 000010010 2
43 110000000 2
54 001100001 3 match 6
65 000011110 4
76 000000000 a match 2 3 4 5

Matching output
0 72 73
1 71
2 46 25 20 76
3 46 25 20 76
4 46 25 20 76
5 46 25 20 76
6 24 27 54
7 12 70 10

Left
72 03x
73 04x
Best: AND-NOT72: 1

Right
12 01x
70 67x
10 07x
Best: AND-NOT12: 1

OR-NOT
01 011111011 7
12 111111110 8
23 111101101 7
34 001111111 7
45 110011110 6
56 111100001 5
67 111111111 a
70 110001110 5

02 111111111 a
13 111101100 6
24 001101101 5
35 001011111 6
46 111110010 6
57 111110011 7
60 110011111 7
71 110011111 7

03 111111101 8
14 101101101 6
25 001111111 7
36 001110011 5
47 111110011 7
50 111100111 7
61 110011111 7
72 110011110 6

04 001111101 6
15 101111110 7
26 001100001 3 match 6
37 011110011 6
40 110010110 5
51 111111011 8
62 110011111 7
73 110101100 5

05 001111111 7
16 101100100 4
27 011110011 6
30 111010111 7
41 110011011 6
52 111111111 a
63 110111111 8
74 101101101 6

06 001111001 5
17 111110111 8
20 111100111 7
31 011011011 6
42 110011110 6
53 111101101 7
64 111111111 a
75 100011110 5

07 011111011 7
10 111100110 6
21 011111011 7
32 111011111 8
43 110111110 7
54 111101101 7
65 110011111 7
76 101101100 5

Matching output
0 absent
1 absent
2 absent
3 absent
4 absent
5 absent
6 26
7 absent

Left
none
Best: none

Right
none
Best: none

XOR-NOT
01 011100010 4
12 011111010 6
23 111001101 6
34 000111110 5
45 110001100 4
56 110000001 3
67 101101100 5
70 010001010 3

02 111100111 7
13 011001000 3
24 000001100 2
35 001001101 4
46 111110010 6
57 100010010 3
60 000011001 3
71 110010111 6

03 111010101 6
14 100001001 3
25 001111111 7
36 000110011 4
47 101100001 4
50 001100111 5
61 100000100 2 match 7
72 010010010 3

04 000010100 2
15 101111010 6
26 000000001 1
37 010100000 2
40 000010100 2
51 101111010 6
62 000000001 1
73 010100000 2

05 001100111 5
16 100000100 2 match 7
27 010010010 3
30 111010101 6
41 100001001 3
52 001111111 7
63 000110011 4
74 101100001 4

06 000011001 3
17 110010111 6
20 111100111 7
31 011001000 3
42 000001100 2
53 001001101 4
64 111110010 6
75 100010010 3

07 010001010 3
10 011100010 4
21 011111010 6
32 111001101 6
43 000111110 5
54 110001100 4
65 110000001 3
76 101101100 5

Matching output
0 absent
1 absent
2 absent
3 absent
4 absent
5 absent
6 absent
7 61 16

Left
none
Best: none

Right
61 50x
16 05x
Best: XOR-NOT61: 1

Selecting

Lefts
Identity I7: 1
NOT none
Constant none
AND AND67 70: 2
OR none
XOR none
AND-NOT AND-NOT72: 1
OR-NOT none
XOR-NOT none

Rights
Identity none
NOT none
Constant none
AND AND61 50: 2
OR none
XOR none
AND-NOT AND-NOT12: 1
OR-NOT none
XOR-NOT XOR-NOT61: 1

Left longest: 2
Right longest: 2

Left winner: Identity no, NOT no, Constant no, AND yes, OR no, XOR no, AND-NOT no, OR-NOT no, XOR-NOT no
Right winner: Identity no, NOT no, Constant no, AND yes, OR no, XOR no, AND-NOT no, OR-NOT no, XOR-NOT no

Best left: AND67 70: 2
Best right: AND61 50: 2

Truncated left: AND67 70: 2
Truncated right: AND61 50: 2

Tentative from right
7 AND61
6 AND50
5 pending
4 pending
3 pending
2 pending
1 pending
0 pending

Tentative
0 AND67
1 AND70
2 pending
3 pending
4 pending
5 pending
6 AND50
7 AND61

Preferred from left
0 AND67
1 AND70
2 ?01
3 ?12
4 ?23
5 ?34
6 AND50
7 AND61

Preferred from right
7 AND61
6 AND50
5 ?34
4 ?23
3 ?12
2 ?01
1 AND70
0 AND67

Preferred
0 AND67
1 AND70
2 ?01 ?10
3 ?12 ?21
4 ?23 ?32
5 ?34 ?43
6 AND50
7 AND61

Matching
0 AND67
1 AND70
2 ?01 ?10 - Identity absent, NOT absent, Constant C0, AND absent, OR absent, XOR absent, AND-NOT absent, OR-NOT absent, XOR-NOT absent
3 ?12 ?21 - Identity absent, NOT absent, Constant C0, AND absent, OR absent, XOR absent, AND-NOT absent, OR-NOT absent, XOR-NOT absent
4 ?23 ?32 - Identity absent, NOT absent, Constant C0, AND absent, OR absent, XOR absent, AND-NOT absent, OR-NOT absent, XOR-NOT absent
5 ?34 ?43 - Identity absent, NOT absent, Constant C0, AND absent, OR absent, XOR absent, AND-NOT absent, OR-NOT absent, XOR-NOT absent
6 AND50
7 AND61

Perfect match
Identity no
NOT no
Constant yes
AND no
OR no
XOR no
AND-NOT no
OR-NOT no
XOR-NOT no

Matched
0 AND67
1 AND70
2 C0
3 C0
4 C0
5 C0
6 AND50
7 AND61

Selected
0 AND67
1 AND70
2 C0
3 C0
4 C0
5 C0
6 AND50
7 AND61

Applying to 10110000
Input
0 1
1 0
2 1
3 1
4 0
5 0
6 0
7 0
Output
0 AND67 = AND(0,0) = 0
1 AND70 = AND(0,1) = 0
2 C0 = 0
3 C0 = 0
4 C0 = 0
5 C0 = 0
6 AND50 = AND(0,1) = 0
7 AND61 = AND(0,0) = 0

I will now return the answer in \boxed{}
The answer in \boxed{–} is \boxed{00000000}
[correct]
true
