[category]
bit_manipulation
[prompt]
In Alice's Wonderland, a secret bit manipulation rule transforms 8-bit binary numbers. The transformation involves operations like bit shifts, rotations, XOR, AND, OR, NOT, and possibly majority or choice functions.

Here are some examples of input -> output:
00111010 -> 01000111
10111110 -> 00110111
00110100 -> 10000110
10001010 -> 01110001
11011111 -> 00111011
01000000 -> 00001000
10100100 -> 10010100
01111110 -> 00001111

Now, determine the output for: 01000011
[completion]
We need to deduce the transformation by matching the example outputs.
I will put my final answer inside \boxed{}.

Output 0: 01000111
0 0
1 1
2 0
3 0
4 0
5 1
6 1
7 1

Output 1: 00110111
0 0
1 0
2 1
3 1
4 0
5 1
6 1
7 1

Output 2: 10000110
0 1
1 0
2 0
3 0
4 0
5 1
6 1
7 0

Output 3: 01110001
0 0
1 1
2 1
3 1
4 0
5 0
6 0
7 1

Output 4: 00111011
0 0
1 0
2 1
3 1
4 1
5 0
6 1
7 1

Output 5: 00001000
0 0
1 0
2 0
3 0
4 1
5 0
6 0
7 0

Output 6: 10010100
0 1
1 0
2 0
3 1
4 0
5 1
6 0
7 0

Output 7: 00001111
0 0
1 0
2 0
3 0
4 1
5 1
6 1
7 1

Output bit columns (with bitsum as hash)
0 00100010 2
1 10010000 2
2 01011000 3
3 01011010 4
4 00001101 3
5 11100011 5
6 11101001 5
7 11011001 5

Input 0: 00111010
0 0
1 0
2 1
3 1
4 1
5 0
6 1
7 0

Input 1: 10111110
0 1
1 0
2 1
3 1
4 1
5 1
6 1
7 0

Input 2: 00110100
0 0
1 0
2 1
3 1
4 0
5 1
6 0
7 0

Input 3: 10001010
0 1
1 0
2 0
3 0
4 1
5 0
6 1
7 0

Input 4: 11011111
0 1
1 1
2 0
3 1
4 1
5 1
6 1
7 1

Input 5: 01000000
0 0
1 1
2 0
3 0
4 0
5 0
6 0
7 0

Input 6: 10100100
0 1
1 0
2 1
3 0
4 0
5 1
6 0
7 0

Input 7: 01111110
0 0
1 1
2 1
3 1
4 1
5 1
6 1
7 0

When matching output
x: not in operator
y: wrong position

Identity
0 01011010 4 match 3
1 00001101 3 match 4
2 11100011 5 match 5
3 11101001 5 match 6
4 11011001 5 match 7
5 01101011 5
6 11011001 5 match 7
7 00001000 1

Matching output
0 absent
1 absent
2 absent
3 0
4 1
5 2
6 3
7 4 6

Left
none
Best: none

Right
4 3 2 1 0 7x
6 5x
Best: I4 3 2 1 0: 5

NOT
0 10100101 4
1 11110010 5
2 00011100 3
3 00010110 3
4 00100110 3
5 10010100 3
6 00100110 3
7 11110111 7

Matching output
0 absent
1 absent
2 absent
3 absent
4 absent
5 absent
6 absent
7 absent

Left
none
Best: none

Right
none
Best: none

Constant
0 00000000 a
1 11111111 a

Matching output
0 absent
1 absent
2 absent
3 absent
4 absent
5 absent
6 absent
7 absent

Left
none
Best: none

Right
none
Best: none

AND
01 10 00001000 1
12 21 00000001 1
23 32 11100001 4
34 43 11001001 4
45 54 01001001 3
56 65 01001001 3
67 76 00001000 1
70 07 00001000 1

02 20 01000010 2
13 31 00001001 2
24 42 11000001 3
35 53 01101001 4
46 64 11011001 5 match 7
57 75 00001000 1
60 06 01011000 3 match 2
71 17 00001000 1

03 30 01001000 2
14 41 00001001 2
25 52 01100011 4
36 63 11001001 4
47 74 00001000 1
50 05 01001010 3
61 16 00001001 2
72 27 00000000 a

04 40 01011000 3 match 2
15 51 00001001 2
26 62 11000001 3
37 73 00001000 1

Matching output
0 absent
1 absent
2 60 06 04 40
3 absent
4 absent
5 absent
6 absent
7 46 64

Left
none
Best: none

Right
46 35x
64 53x
Best: AND46: 1

OR
01 10 01011111 6
12 21 11101111 7
23 32 11101011 6
34 43 11111001 6
45 54 11111011 7
56 65 11111011 7
67 76 11011001 5 match 7
70 07 01011010 4 match 3

02 20 11111011 7
13 31 11101101 6
24 42 11111011 7
35 53 11101011 6
46 64 11011001 5 match 7
57 75 01101011 5
60 06 11011011 6
71 17 00001101 3 match 4

03 30 11111011 7
14 41 11011101 6
25 52 11101011 6
36 63 11111001 6
47 74 11011001 5 match 7
50 05 01111011 6
61 16 11011101 6
72 27 11101011 6

04 40 11011011 6
15 51 01101111 6
26 62 11111011 7
37 73 11101001 5 match 6

Matching output
0 absent
1 absent
2 absent
3 70 07
4 71 17
5 absent
6 37 73
7 67 76 46 64 47 74

Left
none
Best: none

Right
67 56x
76 65x
46 35x
64 53x
47 36x
74 63x
Best: OR67: 1

XOR
01 10 01010111 5
12 21 11101110 6
23 32 00001010 2
34 43 00110000 2
45 54 10110010 4
56 65 10110010 4
67 76 11010001 4
70 07 01010010 3

02 20 10111001 5
13 31 11100100 4
24 42 00111010 4
35 53 10000010 2
46 64 00000000 a
57 75 01100011 4
60 06 10000011 3
71 17 00000101 2

03 30 10110011 5
14 41 11010100 4
25 52 10001000 2
36 63 00110000 2
47 74 11010001 4
50 05 00110001 3
61 16 11010100 4
72 27 11101011 6

04 40 10000011 3
15 51 01100110 4
26 62 00111010 4
37 73 11100001 4

Matching output
0 absent
1 absent
2 absent
3 absent
4 absent
5 absent
6 absent
7 absent

Left
none
Best: none

Right
none
Best: none

AND-NOT
01 01010010 3
12 00001100 2
23 00000010 1
34 00100000 1
45 10010000 2 match 1
56 00100010 2 match 0
67 11010001 4
70 00000000 a

02 00011000 2
13 00000100 1
24 00100010 2 match 0
35 10000000 1
46 00000000 a
57 01100011 4
60 10000001 2
71 00000000 a

03 00010010 2
14 00000100 1
25 10000000 1
36 00100000 1
47 11010001 4
50 00100001 2
61 11010000 3
72 00001000 1

04 00000010 1
15 00000100 1
26 00100010 2 match 0
37 11100001 4
40 10000001 2
51 01100010 3
62 00011000 2
73 00000000 a

05 00010000 1
16 00000100 1
27 11100011 5 match 5
30 10100001 3
41 11010000 3
52 00001000 1
63 00010000 1
74 00000000 a

06 00000010 1
17 00000101 2
20 10100001 3
31 11100000 3
42 00011000 2
53 00000010 1
64 00000000 a
75 00000000 a

07 01010010 3
10 00000101 2
21 11100010 4
32 00001000 1
43 00010000 1
54 00100010 2 match 0
65 10010000 2 match 1
76 00000000 a

Matching output
0 56 24 26 54
1 45 65
2 absent
3 absent
4 absent
5 27
6 absent
7 absent

Left
56 67x
24 35x
26 37x
54 65 76x
Best: AND-NOT54 65: 2

Right
none
Best: none

OR-NOT
01 11111010 6
12 00011101 4
23 11110111 7
34 11101111 7
45 11011101 6
56 01101111 6
67 11111111 a
70 10101101 5

02 01011110 5
13 00011111 5
24 11100111 6
35 11111101 7
46 11111111 a
57 11111111 a
60 11111101 7
71 11111010 6

03 01011110 5
14 00101111 5
25 11110111 7
36 11101111 7
47 11111111 a
50 11101111 7
61 11111011 7
72 00011100 3

04 01111110 6
15 10011101 5
26 11100111 6
37 11111111 a
40 11111101 7
51 11111011 7
62 11011101 6
73 00011110 4

05 11011110 6
16 00101111 5
27 11110111 7
30 11101101 6
41 11111011 7
52 01111111 7
63 11011111 7
74 00101110 4

06 01111110 6
17 11111111 a
20 11100111 6
31 11111011 7
42 11011101 6
53 01111111 7
64 11111111 a
75 10011100 4

07 11111111 a
10 10101101 5
21 11110011 6
32 11111101 7
43 11011111 7
54 01101111 6
65 11011101 6
76 00101110 4

Matching output
0 absent
1 absent
2 absent
3 absent
4 absent
5 absent
6 absent
7 absent

Left
none
Best: none

Right
none
Best: none

XOR-NOT
01 10101000 3
12 00010001 2
23 11110101 6
34 11001111 6
45 01001101 4
56 01001101 4
67 00101110 4
70 10101101 5

02 01000110 3
13 00011011 4
24 11000101 4
35 01111101 6
46 11111111 a
57 10011100 4
60 01111100 5
71 11111010 6

03 01001100 3
14 00101011 4
25 01110111 6
36 11001111 6
47 00101110 4
50 11001110 5
61 00101011 4
72 00010100 2

04 01111100 5
15 10011001 4
26 11000101 4
37 00011110 4
40 01111100 5
51 10011001 4
62 11000101 4
73 00011110 4

05 11001110 5
16 00101011 4
27 00010100 2
30 01001100 3
41 00101011 4
52 01110111 6
63 11001111 6
74 00101110 4

06 01111100 5
17 11111010 6
20 01000110 3
31 00011011 4
42 11000101 4
53 01111101 6
64 11111111 a
75 10011100 4

07 10101101 5
10 10101000 3
21 00010001 2
32 11110101 6
43 11001111 6
54 01001101 4
65 01001101 4
76 00101110 4

Matching output
0 absent
1 absent
2 absent
3 absent
4 absent
5 absent
6 absent
7 absent

Left
none
Best: none

Right
none
Best: none

Selecting

Lefts
Identity none
NOT none
Constant none
AND none
OR none
XOR none
AND-NOT AND-NOT54 65: 2
OR-NOT none
XOR-NOT none

Rights
Identity I4 3 2 1 0: 5
NOT none
Constant none
AND AND46: 1
OR OR67: 1
XOR none
AND-NOT none
OR-NOT none
XOR-NOT none

Left longest: 2
Right longest: 5

Right winner: Identity yes, NOT no, Constant no, AND no, OR no, XOR no, AND-NOT no, OR-NOT no, XOR-NOT no
Left winner: Identity no, NOT no, Constant no, AND no, OR no, XOR no, AND-NOT yes, OR-NOT no, XOR-NOT no

Best right: I4 3 2 1 0: 5
Best left: AND-NOT54 65: 2

Truncated right: I4 3 2 1 0: 5
Truncated left: AND-NOT54 65: 2

Tentative from right
7 I4
6 I3
5 I2
4 I1
3 I0
2 pending
1 pending
0 pending

Tentative
0 AND-NOT54
1 AND-NOT65
2 pending
3 I0
4 I1
5 I2
6 I3
7 I4

Preferred from right
7 I4
6 I3
5 I2
4 I1
3 I0
2 ??7
1 AND-NOT65
0 AND-NOT54

Preferred from left
0 AND-NOT54
1 AND-NOT65
2 ??7
3 I0
4 I1
5 I2
6 I3
7 I4

Preferred
0 AND-NOT54
1 AND-NOT65
2 ??7
3 I0
4 I1
5 I2
6 I3
7 I4

Matching
0 AND-NOT54
1 AND-NOT65
2 ??7 - Identity absent, NOT absent, Constant absent, AND absent, OR absent, XOR absent, AND-NOT absent, OR-NOT absent, XOR-NOT absent
3 I0
4 I1
5 I2
6 I3
7 I4

Perfect match
Identity no
NOT no
Constant no
AND no
OR no
XOR no
AND-NOT no
OR-NOT no
XOR-NOT no

Matched
0 AND-NOT54
1 AND-NOT65
2 none
3 I0
4 I1
5 I2
6 I3
7 I4

Selected
0 AND-NOT54
1 AND-NOT65
2 default 1
3 I0
4 I1
5 I2
6 I3
7 I4

Applying to 01000011
Input
0 0
1 1
2 0
3 0
4 0
5 0
6 1
7 1
Output
0 AND-NOT54 = AND(0,NOT(0)) = 0
1 AND-NOT65 = AND(1,NOT(0)) = 1
2 default 1 = 1
3 I0 = 0
4 I1 = 1
5 I2 = 0
6 I3 = 0
7 I4 = 0

I will now return the answer in \boxed{}
The answer in \boxed{–} is \boxed{01101000}
[correct]
false
