[category]
bit_manipulation
[prompt]
In Alice's Wonderland, a secret bit manipulation rule transforms 8-bit binary numbers. The transformation involves operations like bit shifts, rotations, XOR, AND, OR, NOT, and possibly majority or choice functions.

Here are some examples of input -> output:
11110001 -> 00010011
10011100 -> 11000010
01100111 -> 01110001
11010111 -> 01110011
10110010 -> 00100010
01000011 -> 00110001
00000000 -> 00000000
10110101 -> 01010010
10001001 -> 10010010

Now, determine the output for: 10111100
[completion]
We need to deduce the transformation by matching the example outputs.
I will put my final answer inside \boxed{}.

Output 0: 00010011
0 0
1 0
2 0
3 1
4 0
5 0
6 1
7 1

Output 1: 11000010
0 1
1 1
2 0
3 0
4 0
5 0
6 1
7 0

Output 2: 01110001
0 0
1 1
2 1
3 1
4 0
5 0
6 0
7 1

Output 3: 01110011
0 0
1 1
2 1
3 1
4 0
5 0
6 1
7 1

Output 4: 00100010
0 0
1 0
2 1
3 0
4 0
5 0
6 1
7 0

Output 5: 00110001
0 0
1 0
2 1
3 1
4 0
5 0
6 0
7 1

Output 6: 00000000
0 0
1 0
2 0
3 0
4 0
5 0
6 0
7 0

Output 7: 01010010
0 0
1 1
2 0
3 1
4 0
5 0
6 1
7 0

Output 8: 10010010
0 1
1 0
2 0
3 1
4 0
5 0
6 1
7 0

Output bit columns (with bitsum as hash)
0 010000001 2
1 011100010 4
2 001111000 4
3 101101011 6
4 000000000 a
5 000000000 a
6 110110011 6
7 101101000 4

Input 0: 11110001
0 1
1 1
2 1
3 1
4 0
5 0
6 0
7 1

Input 1: 10011100
0 1
1 0
2 0
3 1
4 1
5 1
6 0
7 0

Input 2: 01100111
0 0
1 1
2 1
3 0
4 0
5 1
6 1
7 1

Input 3: 11010111
0 1
1 1
2 0
3 1
4 0
5 1
6 1
7 1

Input 4: 10110010
0 1
1 0
2 1
3 1
4 0
5 0
6 1
7 0

Input 5: 01000011
0 0
1 1
2 0
3 0
4 0
5 0
6 1
7 1

Input 6: 00000000
0 0
1 0
2 0
3 0
4 0
5 0
6 0
7 0

Input 7: 10110101
0 1
1 0
2 1
3 1
4 0
5 1
6 0
7 1

Input 8: 10001001
0 1
1 0
2 0
3 0
4 1
5 0
6 0
7 1

When matching output
x: not in operator
y: wrong position

Identity
0 110110011 6 match 6
1 101101000 4 match 7
2 101010010 4
3 110110010 5
4 010000001 2 match 0
5 011100010 4 match 1
6 001111000 4 match 2
7 101101011 6 match 3

Matching output
0 4
1 5
2 6
3 7
4 absent
5 absent
6 0
7 1

Left
4 5 6 7 0y
Best: I4 5 6 7: 4

Right
1 0 7y
Best: I1 0: 2

NOT
0 001001100 3
1 010010111 5
2 010101101 5
3 001001101 4
4 101111110 7
5 100011101 5
6 110000111 5
7 010010100 3

Matching output
0 absent
1 absent
2 absent
3 absent
4 absent
5 absent
6 absent
7 absent

Left
none
Best: none

Right
none
Best: none

Constant
0 000000000 a match 4 5
1 111111111 a

Matching output
0 absent
1 absent
2 absent
3 absent
4 C0
5 C0
6 absent
7 absent

Left
none
Best: none

Right
none
Best: none

AND
01 10 100100000 2
12 21 101000000 2
23 32 100010010 3
34 43 010000000 1
45 54 010000000 1
56 65 001100000 2
67 76 001101000 3
70 07 100100011 4

02 20 100010010 3
13 31 100100000 2
24 42 000000000 a match 4 5
35 53 010100010 3
46 64 000000000 a match 4 5
57 75 001100010 3
60 06 000110000 2
71 17 101101000 4 match 7

03 30 110110010 5
14 41 000000000 a match 4 5
25 52 001000010 2
36 63 000110000 2
47 74 000000001 1
50 05 010100010 3
61 16 001101000 3
72 27 101000010 3

04 40 010000001 2 match 0
15 51 001100000 2
26 62 001010000 2
37 73 100100010 3

Matching output
0 04 40
1 absent
2 absent
3 absent
4 24 42 46 64 14 41
5 24 42 46 64 14 41
6 absent
7 71 17

Left
04 15x
40 51x
Best: AND04: 1

Right
71 60x
17 06x
Best: AND71: 1

OR
01 10 111111011 8
12 21 101111010 6
23 32 111110010 6
34 43 110110011 6 match 6
45 54 011100011 5
56 65 011111010 6
67 76 101111011 7
70 07 111111011 8

02 20 111110011 7
13 31 111111010 7
24 42 111010011 6
35 53 111110010 6
46 64 011111001 6
57 75 111101011 7
60 06 111111011 8
71 17 101101011 6 match 3

03 30 110110011 6 match 6
14 41 111101001 6
25 52 111110010 6
36 63 111111010 7
47 74 111101011 7
50 05 111110011 7
61 16 101111000 5
72 27 101111011 7

04 40 110110011 6 match 6
15 51 111101010 6
26 62 101111010 6
37 73 111111011 8

Matching output
0 absent
1 absent
2 absent
3 71 17
4 absent
5 absent
6 34 43 03 30 04 40
7 absent

Left
none
Best: none

Right
none
Best: none

XOR
01 10 011011011 6
12 21 000111010 4
23 32 011100000 3
34 43 100110011 5
45 54 001100011 4
56 65 010011010 4
67 76 100010011 4
70 07 011011000 4

02 20 011100001 4
13 31 011011010 5
24 42 111010011 6
35 53 101010000 3
46 64 011111001 6
57 75 110001001 4
60 06 111001011 6
71 17 000000011 2

03 30 000000001 1
14 41 111101001 6
25 52 110110000 4
36 63 111001010 5
47 74 111101010 6
50 05 101010001 4
61 16 100010000 2
72 27 000111001 4

04 40 100110010 4
15 51 110001010 4
26 62 100101010 4
37 73 011011001 5

Matching output
0 absent
1 absent
2 absent
3 absent
4 absent
5 absent
6 absent
7 absent

Left
none
Best: none

Right
none
Best: none

AND-NOT
01 010010011 4
12 000101000 2
23 001000000 1
34 100110010 4
45 000000001 1
56 010000010 2
67 000010000 1
70 001001000 2

02 010100001 3
13 001001000 2
24 101010010 4
35 100010000 2
46 010000001 2 match 0
57 010000000 1
60 001001000 2
71 000000011 2

03 000000001 1
14 101101000 4 match 7
25 100010000 2
36 110000010 3
47 010000000 1
50 001000000 1
61 000010000 1
72 000101001 3

04 100110010 4
15 100001000 2
26 100000010 2
37 010010000 2
40 000000000 a match 4 5
51 010000010 2
62 000101000 2
73 001001001 3

05 100010001 3
16 100000000 1
27 000010000 1
30 000000000 a match 4 5
41 010000001 2 match 0
52 010100000 2
63 001001000 2
74 101101010 5

06 110000011 4
17 000000000 a match 4 5
20 001000000 1
31 010010010 3
42 010000001 2 match 0
53 001000000 1
64 001111000 4 match 2
75 100001001 3

07 010010000 2
10 001001000 2
21 000010010 2
32 010100000 2
43 000000001 1
54 001100010 3
65 000011000 2
76 100000011 3

Matching output
0 46 41 42
1 absent
2 64
3 absent
4 40 30 17
5 40 30 17
6 absent
7 14

Left
46 57x
41 52x
42 53x
Best: AND-NOT46: 1

Right
14 03x
Best: AND-NOT14: 1

OR-NOT
01 110110111 7
12 111101101 7
23 101011111 7
34 111111110 8
45 110011101 6
56 111100111 7
67 011111100 6
70 101101111 7

02 110111111 8
13 101101101 6
24 101111110 7
35 110111111 8
46 110000111 5
57 011110110 6
60 001111100 5
71 111111111 a

03 111111111 a
14 101111110 7
25 101011111 7
36 110110111 7
47 010010101 4
50 011101110 6
61 011111111 8
72 111101111 8

04 111111111 a
15 101111101 7
26 111010111 7
37 110110110 6
40 011001101 5
51 011110111 7
62 011111101 7
73 101101111 7

05 110111111 8
16 111101111 8
27 111010110 6
30 111111110 8
41 010010111 5
52 011101111 7
63 001111101 6
74 101111111 8

06 110110111 7
17 111111100 7
20 101011110 6
31 110110111 7
42 010101101 5
53 011101111 7
64 101111110 7
75 101111111 8

07 110110111 7
10 101101100 5
21 111010111 7
32 110111111 8
43 011001101 5
54 111111110 8
65 101111101 7
76 111101111 8

Matching output
0 absent
1 absent
2 absent
3 absent
4 absent
5 absent
6 absent
7 absent

Left
none
Best: none

Right
none
Best: none

XOR-NOT
01 100100100 3
12 111000101 5
23 100011111 6
34 011001100 4
45 110011100 5
56 101100101 5
67 011101100 5
70 100100111 5

02 100011110 5
13 100100101 4
24 000101100 3
35 010101111 6
46 100000110 3
57 001110110 5
60 000110100 3
71 111111100 7

03 111111110 8
14 000010110 3
25 001001111 5
36 000110101 4
47 000010101 3
50 010101110 5
61 011101111 7
72 111000110 5

04 011001101 5
15 001110101 5
26 011010101 5
37 100100110 4
40 011001101 5
51 001110101 5
62 011010101 5
73 100100110 4

05 010101110 5
16 011101111 7
27 111000110 5
30 111111110 8
41 000010110 3
52 001001111 5
63 000110101 4
74 000010101 3

06 000110100 3
17 111111100 7
20 100011110 5
31 100100101 4
42 000101100 3
53 010101111 6
64 100000110 3
75 001110110 5

07 100100111 5
10 100100100 3
21 111000101 5
32 100011111 6
43 011001100 4
54 110011100 5
65 101100101 5
76 011101100 5

Matching output
0 absent
1 absent
2 absent
3 absent
4 absent
5 absent
6 absent
7 absent

Left
none
Best: none

Right
none
Best: none

Selecting

Lefts
Identity I4 5 6 7: 4
NOT none
Constant none
AND AND04: 1
OR none
XOR none
AND-NOT AND-NOT46: 1
OR-NOT none
XOR-NOT none

Rights
Identity I1 0: 2
NOT none
Constant none
AND AND71: 1
OR none
XOR none
AND-NOT AND-NOT14: 1
OR-NOT none
XOR-NOT none

Left longest: 4
Right longest: 2

Left winner: Identity yes, NOT no, Constant no, AND no, OR no, XOR no, AND-NOT no, OR-NOT no, XOR-NOT no
Right winner: Identity yes, NOT no, Constant no, AND no, OR no, XOR no, AND-NOT no, OR-NOT no, XOR-NOT no

Best left: I4 5 6 7: 4
Best right: I1 0: 2

Truncated left: I4 5 6 7: 4
Truncated right: I1 0: 2

Tentative from right
7 I1
6 I0
5 pending
4 pending
3 pending
2 pending
1 pending
0 pending

Tentative
0 I4
1 I5
2 I6
3 I7
4 pending
5 pending
6 I0
7 I1

Preferred from left
0 I4
1 I5
2 I6
3 I7
4 ?0?
5 ?1?
6 I0
7 I1

Preferred from right
7 I1
6 I0
5 ?17
4 ?06
3 I7
2 I6
1 I5
0 I4

Preferred
0 I4
1 I5
2 I6
3 I7
4 ?06 ?60
5 ?17 ?71
6 I0
7 I1

Matching
0 I4
1 I5
2 I6
3 I7
4 ?06 ?60 - Identity absent, NOT absent, Constant C0, AND absent, OR absent, XOR absent, AND-NOT absent, OR-NOT absent, XOR-NOT absent
5 ?17 ?71 - Identity absent, NOT absent, Constant C0, AND absent, OR absent, XOR absent, AND-NOT17, OR-NOT absent, XOR-NOT absent
6 I0
7 I1

Perfect match
Identity no
NOT no
Constant yes
AND no
OR no
XOR no
AND-NOT no
OR-NOT no
XOR-NOT no

Matched
0 I4
1 I5
2 I6
3 I7
4 C0
5 C0
6 I0
7 I1

Selected
0 I4
1 I5
2 I6
3 I7
4 C0
5 C0
6 I0
7 I1

Applying to 10111100
Input
0 1
1 0
2 1
3 1
4 1
5 1
6 0
7 0
Output
0 I4 = 1
1 I5 = 1
2 I6 = 0
3 I7 = 0
4 C0 = 0
5 C0 = 0
6 I0 = 1
7 I1 = 0

I will now return the answer in \boxed{}
The answer in \boxed{–} is \boxed{11000010}
[correct]
true
