[category]
bit_manipulation
[prompt]
In Alice's Wonderland, a secret bit manipulation rule transforms 8-bit binary numbers. The transformation involves operations like bit shifts, rotations, XOR, AND, OR, NOT, and possibly majority or choice functions.

Here are some examples of input -> output:
11111011 -> 10110111
00000100 -> 10111101
10111100 -> 01100101
00011110 -> 00010000
01001110 -> 00111010
00011000 -> 01110011
10011001 -> 10100111
00011100 -> 00110001
10110010 -> 10000111
11111110 -> 01100111

Now, determine the output for: 01101100
[completion]
We need to deduce the transformation by matching the example outputs.
I will put my final answer inside \boxed{}.

Output 0: 10110111
0 1
1 0
2 1
3 1
4 0
5 1
6 1
7 1

Output 1: 10111101
0 1
1 0
2 1
3 1
4 1
5 1
6 0
7 1

Output 2: 01100101
0 0
1 1
2 1
3 0
4 0
5 1
6 0
7 1

Output 3: 00010000
0 0
1 0
2 0
3 1
4 0
5 0
6 0
7 0

Output 4: 00111010
0 0
1 0
2 1
3 1
4 1
5 0
6 1
7 0

Output 5: 01110011
0 0
1 1
2 1
3 1
4 0
5 0
6 1
7 1

Output 6: 10100111
0 1
1 0
2 1
3 0
4 0
5 1
6 1
7 1

Output 7: 00110001
0 0
1 0
2 1
3 1
4 0
5 0
6 0
7 1

Output 8: 10000111
0 1
1 0
2 0
3 0
4 0
5 1
6 1
7 1

Output 9: 01100111
0 0
1 1
2 1
3 0
4 0
5 1
6 1
7 1

Output bit columns (with bitsum as hash)
0 1100001010 4
1 0010010001 3
2 1110111101 8
3 1101110100 6
4 0100100000 2
5 1110001011 6
6 1000111011 6
7 1110011111 8

Input 0: 11111011
0 1
1 1
2 1
3 1
4 1
5 0
6 1
7 1

Input 1: 00000100
0 0
1 0
2 0
3 0
4 0
5 1
6 0
7 0

Input 2: 10111100
0 1
1 0
2 1
3 1
4 1
5 1
6 0
7 0

Input 3: 00011110
0 0
1 0
2 0
3 1
4 1
5 1
6 1
7 0

Input 4: 01001110
0 0
1 1
2 0
3 0
4 1
5 1
6 1
7 0

Input 5: 00011000
0 0
1 0
2 0
3 1
4 1
5 0
6 0
7 0

Input 6: 10011001
0 1
1 0
2 0
3 1
4 1
5 0
6 0
7 1

Input 7: 00011100
0 0
1 0
2 0
3 1
4 1
5 1
6 0
7 0

Input 8: 10110010
0 1
1 0
2 1
3 1
4 0
5 0
6 1
7 0

Input 9: 11111110
0 1
1 1
2 1
3 1
4 1
5 1
6 1
7 0

When matching output
x: not in operator
y: wrong position

Identity
0 1010001011 5
1 1000100001 3
2 1010000011 4
3 1011011111 8
4 1011111101 8
5 0111100101 6
6 1001100011 5
7 1000001000 2

Matching output
0 absent
1 absent
2 absent
3 absent
4 absent
5 absent
6 absent
7 absent

Left
none
Best: none

Right
none
Best: none

NOT
0 0101110100 5
1 0111011110 7
2 0101111100 6
3 0100100000 2 match 4
4 0100000010 2
5 1000011010 4
6 0110011100 5
7 0111110111 8

Matching output
0 absent
1 absent
2 absent
3 absent
4 3
5 absent
6 absent
7 absent

Left
none
Best: none

Right
none
Best: none

Constant
0 0000000000 a
1 1111111111 a

Matching output
0 absent
1 absent
2 absent
3 absent
4 absent
5 absent
6 absent
7 absent

Left
none
Best: none

Right
none
Best: none

AND
01 10 1000000001 2
12 21 1000000001 2
23 32 1010000011 4
34 43 1011011101 7
45 54 0011100101 5
56 65 0001100001 3
67 76 1000000000 1
70 07 1000001000 2

02 20 1010000011 4
13 31 1000000001 2
24 42 1010000001 3
35 53 0011000101 4
46 64 1001100001 4
57 75 0000000000 a
60 06 1000000011 3
71 17 1000000000 1

03 30 1010001011 5
14 41 1000100001 3
25 52 0010000001 2
36 63 1001000011 4
47 74 1000001000 2
50 05 0010000001 2
61 16 1000100001 3
72 27 1000000000 1

04 40 1010001001 4
15 51 0000100001 2
26 62 1000000011 3
37 73 1000001000 2

Matching output
0 absent
1 absent
2 absent
3 absent
4 absent
5 absent
6 absent
7 absent

Left
none
Best: none

Right
none
Best: none

OR
01 10 1010101011 6
12 21 1010100011 5
23 32 1011011111 8
34 43 1011111111 9
45 54 1111111101 9
56 65 1111100111 8
67 76 1001101011 6
70 07 1010001011 5

02 20 1010001011 5
13 31 1011111111 9
24 42 1011111111 9
35 53 1111111111 a
46 64 1011111111 9
57 75 1111101101 8
60 06 1011101011 7
71 17 1000101001 4

03 30 1011011111 8
14 41 1011111101 8
25 52 1111100111 8
36 63 1011111111 9
47 74 1011111101 8
50 05 1111101111 9
61 16 1001100011 5
72 27 1010001011 5

04 40 1011111111 9
15 51 1111100101 7
26 62 1011100011 6
37 73 1011011111 8

Matching output
0 absent
1 absent
2 absent
3 absent
4 absent
5 absent
6 absent
7 absent

Left
none
Best: none

Right
none
Best: none

XOR
01 10 0010101010 4
12 21 0010100010 3
23 32 0001011100 4
34 43 0000100010 2
45 54 1100011000 4
56 65 1110000110 5
67 76 0001101011 5
70 07 0010000011 3

02 20 0000001000 1
13 31 0011111110 7
24 42 0001111110 6
35 53 1100111010 6
46 64 0010011110 5
57 75 1111101101 8
60 06 0011101000 4
71 17 0000101001 3

03 30 0001010100 3
14 41 0011011100 5
25 52 1101100110 6
36 63 0010111100 5
47 74 0011110101 6
50 05 1101101110 7
61 16 0001000010 2
72 27 0010001011 4

04 40 0001110110 5
15 51 1111000100 5
26 62 0011100000 3
37 73 0011010111 6

Matching output
0 absent
1 absent
2 absent
3 absent
4 absent
5 absent
6 absent
7 absent

Left
none
Best: none

Right
none
Best: none

AND-NOT
01 0010001010 3
12 0000100000 1
23 0000000000 a
34 0000000010 1
45 1000011000 3
56 0110000100 3
67 0001100011 4
70 0000000000 a

02 0000001000 1
13 0000100000 1
24 0000000010 1
35 1000011010 4
46 0010011100 4
57 0111100101 6
60 0001100000 2
71 0000001000 1

03 0000000000 a
14 0000000000 a
25 1000000010 2
36 0010011100 4
47 0011110101 6
50 0101100100 4
61 0001000010 2
72 0000001000 1

04 0000000010 1
15 1000000000 1
26 0010000000 1
37 0011010111 6
40 0001110100 4
51 0111000100 4
62 0001100000 2
73 0000000000 a

05 1000001010 3
16 0000000000 a
27 0010000011 3
30 0001010100 3
41 0011011100 5
52 0101100100 4
63 0000100000 1
74 0000000000 a

06 0010001000 2
17 0000100001 2
20 0000000000 a
31 0011011110 6
42 0001111100 5
53 0100100000 2 match 4
64 0000000010 1
75 1000001000 2

07 0010000011 3
10 0000100000 1
21 0010000010 2
32 0001011100 4
43 0000100000 1
54 0100000000 1
65 1000000010 2
76 0000001000 1

Matching output
0 absent
1 absent
2 absent
3 absent
4 53
5 absent
6 absent
7 absent

Left
none
Best: none

Right
none
Best: none

OR-NOT
01 1111011111 9
12 1101111101 8
23 1110100011 6
34 1111011111 9
45 1011111111 9
56 0111111101 8
67 1111110111 9
70 1101111100 7

02 1111111111 a
13 1100100001 4
24 1110000011 5
35 1011011111 8
46 1111111101 9
57 0111110111 8
60 1101110111 8
71 1111011110 8

03 1110101011 7
14 1100100011 5
25 1010011011 6
36 1111011111 9
47 1111111111 a
50 0111110101 7
61 1111111111 a
72 1101111100 7

04 1110001011 6 match 5
15 1000111011 6 match 6
26 1110011111 8 match 7
37 1111111111 a
40 1111111101 9
51 0111111111 9
62 1101111111 9
73 1100101000 4

05 1010011011 6
16 1110111101 8 match 2
27 1111110111 9
30 1111111111 a
41 1111111111 a
52 0111111101 8
63 1101100011 6
74 1100001010 4 match 0

06 1110011111 8 match 7
17 1111110111 9
20 1111110111 9
31 1111011111 9
42 1111111101 9
53 0111100101 6
64 1101100011 6
75 1000011010 4

07 1111111111 a
10 1101110101 7
21 1111011111 9
32 1111111111 a
43 1111111101 9
54 0111100111 7
65 1001111011 7
76 1110011100 6

Matching output
0 74
1 absent
2 16
3 absent
4 absent
5 04
6 15
7 26 06

Left
74 05x
Best: OR-NOT74: 1

Right
26 15 04 73x
06 75x
Best: OR-NOT26 15 04: 3

XOR-NOT
01 1101010101 6
12 1101011101 7
23 1110100011 6
34 1111011101 8
45 0011100111 6
56 0001111001 5
67 1110010100 5
70 1101111100 7

02 1111110111 9
13 1100000001 3
24 1110000001 4
35 0011000101 4
46 1101100001 5
57 0000010010 2
60 1100010111 6
71 1111010110 7

03 1110101011 7
14 1100100011 5
25 0010011001 4
36 1101000011 5
47 1100001010 4 match 0
50 0010010001 3 match 1
61 1110111101 8 match 2
72 1101110100 6 match 3

04 1110001001 5
15 0000111011 5
26 1100011111 7
37 1100101000 4
40 1110001001 5
51 0000111011 5
62 1100011111 7
73 1100101000 4

05 0010010001 3 match 1
16 1110111101 8 match 2
27 1101110100 6 match 3
30 1110101011 7
41 1100100011 5
52 0010011001 4
63 1101000011 5
74 1100001010 4 match 0

06 1100010111 6
17 1111010110 7
20 1111110111 9
31 1100000001 3
42 1110000001 4
53 0011000101 4
64 1101100001 5
75 0000010010 2

07 1101111100 7
10 1101010101 6
21 1101011101 7
32 1110100011 6
43 1111011101 8
54 0011100111 6
65 0001111001 5
76 1110010100 5

Matching output
0 47 74
1 50 05
2 61 16
3 72 27
4 absent
5 absent
6 absent
7 absent

Left
47 50 61 72 03x
74 05 16 27 30x
Best: XOR-NOT47 50 61 72: 4

Right
none
Best: none

Selecting

Lefts
Identity none
NOT none
Constant none
AND none
OR none
XOR none
AND-NOT none
OR-NOT OR-NOT74: 1
XOR-NOT XOR-NOT47 50 61 72: 4

Rights
Identity none
NOT none
Constant none
AND none
OR none
XOR none
AND-NOT none
OR-NOT OR-NOT26 15 04: 3
XOR-NOT none

Left longest: 4
Right longest: 3

Left winner: Identity no, NOT no, Constant no, AND no, OR no, XOR no, AND-NOT no, OR-NOT no, XOR-NOT yes
Right winner: Identity no, NOT no, Constant no, AND no, OR no, XOR no, AND-NOT no, OR-NOT yes, XOR-NOT no

Best left: XOR-NOT47 50 61 72: 4
Best right: OR-NOT26 15 04: 3

Truncated left: XOR-NOT47 50 61 72: 4
Truncated right: OR-NOT26 15 04: 3

Tentative from right
7 OR-NOT26
6 OR-NOT15
5 OR-NOT04
4 pending
3 pending
2 pending
1 pending
0 pending

Tentative
0 XOR-NOT47
1 XOR-NOT50
2 XOR-NOT61
3 XOR-NOT72
4 pending
5 OR-NOT04
6 OR-NOT15
7 OR-NOT26

Preferred from left
0 XOR-NOT47
1 XOR-NOT50
2 XOR-NOT61
3 XOR-NOT72
4 ?03
5 OR-NOT04
6 OR-NOT15
7 OR-NOT26

Preferred from right
7 OR-NOT26
6 OR-NOT15
5 OR-NOT04
4 ?03
3 XOR-NOT72
2 XOR-NOT61
1 XOR-NOT50
0 XOR-NOT47

Preferred
0 XOR-NOT47
1 XOR-NOT50
2 XOR-NOT61
3 XOR-NOT72
4 ?03 ?30
5 OR-NOT04
6 OR-NOT15
7 OR-NOT26

Matching
0 XOR-NOT47
1 XOR-NOT50
2 XOR-NOT61
3 XOR-NOT72
4 ?03 ?30 - Identity absent, NOT NOT3, Constant absent, AND absent, OR absent, XOR absent, AND-NOT absent, OR-NOT absent, XOR-NOT absent
5 OR-NOT04
6 OR-NOT15
7 OR-NOT26

Perfect match
Identity no
NOT yes
Constant no
AND no
OR no
XOR no
AND-NOT no
OR-NOT no
XOR-NOT no

Matched
0 XOR-NOT47
1 XOR-NOT50
2 XOR-NOT61
3 XOR-NOT72
4 NOT3
5 OR-NOT04
6 OR-NOT15
7 OR-NOT26

Selected
0 XOR-NOT47
1 XOR-NOT50
2 XOR-NOT61
3 XOR-NOT72
4 NOT3
5 OR-NOT04
6 OR-NOT15
7 OR-NOT26

Applying to 01101100
Input
0 0
1 1
2 1
3 0
4 1
5 1
6 0
7 0
Output
0 XOR-NOT47 = XOR(1,NOT(0)) = 0
1 XOR-NOT50 = XOR(1,NOT(0)) = 0
2 XOR-NOT61 = XOR(0,NOT(1)) = 0
3 XOR-NOT72 = XOR(0,NOT(1)) = 0
4 NOT3 = NOT(0) = 1
5 OR-NOT04 = OR(0,NOT(1)) = 0
6 OR-NOT15 = OR(1,NOT(1)) = 1
7 OR-NOT26 = OR(1,NOT(0)) = 1

I will now return the answer in \boxed{}
The answer in \boxed{–} is \boxed{00001011}
[correct]
true
