[category]
bit_manipulation
[prompt]
In Alice's Wonderland, a secret bit manipulation rule transforms 8-bit binary numbers. The transformation involves operations like bit shifts, rotations, XOR, AND, OR, NOT, and possibly majority or choice functions.

Here are some examples of input -> output:
10110000 -> 00010110
10000111 -> 00110000
10010011 -> 00110010
11111101 -> 10111111
10110010 -> 01010110
00100100 -> 10000100
01001001 -> 00101001
00101100 -> 10000101
11011111 -> 00111011
01000110 -> 01001000

Now, determine the output for: 11010111
[completion]
We need to deduce the transformation by matching the example outputs.
I will put my final answer inside \boxed{}.

Output 0: 00010110
0 0
1 0
2 0
3 1
4 0
5 1
6 1
7 0

Output 1: 00110000
0 0
1 0
2 1
3 1
4 0
5 0
6 0
7 0

Output 2: 00110010
0 0
1 0
2 1
3 1
4 0
5 0
6 1
7 0

Output 3: 10111111
0 1
1 0
2 1
3 1
4 1
5 1
6 1
7 1

Output 4: 01010110
0 0
1 1
2 0
3 1
4 0
5 1
6 1
7 0

Output 5: 10000100
0 1
1 0
2 0
3 0
4 0
5 1
6 0
7 0

Output 6: 00101001
0 0
1 0
2 1
3 0
4 1
5 0
6 0
7 1

Output 7: 10000101
0 1
1 0
2 0
3 0
4 0
5 1
6 0
7 1

Output 8: 00111011
0 0
1 0
2 1
3 1
4 1
5 0
6 1
7 1

Output 9: 01001000
0 0
1 1
2 0
3 0
4 1
5 0
6 0
7 0

Output bit columns (with bitsum as hash)
0 0001010100 3
1 0000100001 2
2 0111001010 5
3 1111100010 6
4 0001001011 4
5 1001110100 5
6 1011100010 5
7 0001001110 4

Input 0: 10110000
0 1
1 0
2 1
3 1
4 0
5 0
6 0
7 0

Input 1: 10000111
0 1
1 0
2 0
3 0
4 0
5 1
6 1
7 1

Input 2: 10010011
0 1
1 0
2 0
3 1
4 0
5 0
6 1
7 1

Input 3: 11111101
0 1
1 1
2 1
3 1
4 1
5 1
6 0
7 1

Input 4: 10110010
0 1
1 0
2 1
3 1
4 0
5 0
6 1
7 0

Input 5: 00100100
0 0
1 0
2 1
3 0
4 0
5 1
6 0
7 0

Input 6: 01001001
0 0
1 1
2 0
3 0
4 1
5 0
6 0
7 1

Input 7: 00101100
0 0
1 0
2 1
3 0
4 1
5 1
6 0
7 0

Input 8: 11011111
0 1
1 1
2 0
3 1
4 1
5 1
6 1
7 1

Input 9: 01000110
0 0
1 1
2 0
3 0
4 0
5 1
6 1
7 0

When matching output
x: not in operator
y: wrong position

Identity
0 1111100010 6 match 3
1 0001001011 4 match 4
2 1001110100 5 match 5
3 1011100010 5 match 6
4 0001001110 4 match 7
5 0101010111 6
6 0110100011 5
7 0111001010 5 match 2

Matching output
0 absent
1 absent
2 7
3 0
4 1
5 2
6 3
7 4

Left
none
Best: none

Right
4 3 2 1 0 7 6x
Best: I4 3 2 1 0 7: 6

NOT
0 0000011101 4
1 1110110100 6
2 0110001011 5
3 0100011101 5
4 1110110001 6
5 1010101000 4
6 1001011100 5
7 1000110101 5

Matching output
0 absent
1 absent
2 absent
3 absent
4 absent
5 absent
6 absent
7 absent

Left
none
Best: none

Right
none
Best: none

Constant
0 0000000000 a
1 1111111111 a

Matching output
0 absent
1 absent
2 absent
3 absent
4 absent
5 absent
6 absent
7 absent

Left
none
Best: none

Right
none
Best: none

AND
01 10 0001000010 2
12 21 0001000000 1
23 32 1001100000 3
34 43 0001000010 2
45 54 0001000110 3
56 65 0100000011 3
67 76 0110000010 3
70 07 0111000010 4

02 20 1001100000 3
13 31 0001000010 2
24 42 0001000100 2
35 53 0001000010 2
46 64 0000000010 1
57 75 0101000010 3
60 06 0110100010 4
71 17 0001001010 3

03 30 1011100010 5 match 6
14 41 0001001010 3
25 52 0001010100 3 match 0
36 63 0010100010 3
47 74 0001001010 3
50 05 0101000010 3
61 16 0000000011 2
72 27 0001000000 1

04 40 0001000010 2
15 51 0001000011 3
26 62 0000100000 1
37 73 0011000010 3

Matching output
0 25 52
1 absent
2 absent
3 absent
4 absent
5 absent
6 03 30
7 absent

Left
25 36x
52 63x
Best: AND25: 1

Right
none
Best: none

OR
01 10 1111101011 8
12 21 1001111111 8
23 32 1011110110 7
34 43 1011101110 7
45 54 0101011111 7
56 65 0111110111 8
67 76 0111101011 7
70 07 1111101010 7

02 20 1111110110 8
13 31 1011101011 7
24 42 1001111110 7
35 53 1111110111 9
46 64 0111101111 8
57 75 0111011111 8
60 06 1111100011 7
71 17 0111001011 6

03 30 1111100010 6 match 3
14 41 0001001111 5
25 52 1101110111 8
36 63 1111100011 7
47 74 0111001110 6
50 05 1111110111 9
61 16 0111101011 7
72 27 1111111110 9

04 40 1111101110 8
15 51 0101011111 7
26 62 1111110111 9
37 73 1111101010 7

Matching output
0 absent
1 absent
2 absent
3 03 30
4 absent
5 absent
6 absent
7 absent

Left
none
Best: none

Right
none
Best: none

XOR
01 10 1110101001 6
12 21 1000111111 7
23 32 0010010110 4
34 43 1010101100 5
45 54 0100011001 4
56 65 0011110100 5
67 76 0001101001 4
70 07 1000101000 3

02 20 0110010110 5
13 31 1010101001 5
24 42 1000111010 5
35 53 1110110101 7
46 64 0111101101 7
57 75 0010011101 5
60 06 1001000001 3
71 17 0110000001 3

03 30 0100000000 1
14 41 0000000101 2
25 52 1100100011 5
36 63 1101000001 4
47 74 0110000100 3
50 05 1010110101 6
61 16 0111101000 5
72 27 1110111110 8

04 40 1110101100 6
15 51 0100011100 4
26 62 1111010111 8
37 73 1100101000 4

Matching output
0 absent
1 absent
2 absent
3 absent
4 absent
5 absent
6 absent
7 absent

Left
none
Best: none

Right
none
Best: none

AND-NOT
01 1110100000 4
12 0000001011 3
23 0000010100 2
34 1010100000 3
45 0000001000 1
56 0001010100 3 match 0
67 0000100001 2 match 1
70 0000001000 1

02 0110000010 3
13 0000001001 2
24 1000110000 3
35 1010100000 3
46 0001001100 3
57 0000010101 3
60 0000000001 1
71 0110000000 2

03 0100000000 1
14 0000000001 1
25 1000100000 2
36 1001000000 2
47 0000000100 1
50 0000010101 3
61 0110100000 3
72 0110001010 4

04 1110100000 4
15 0000001000 1
26 1001010100 4
37 1000100000 2
40 0000001100 2
51 0100010100 3
62 0110000011 4
73 0100001000 2

05 1010100000 3
16 0001001000 2
27 1000110100 4
30 0000000000 a
41 0000000100 1
52 0100000011 3
63 0100000001 2
74 0110000000 2

06 1001000000 2
17 0000000001 1
20 0000010100 2
31 1010100000 3
42 0000001010 2
53 0100010101 4
64 0110100001 4
75 0010001000 2

07 1000100000 2
10 0000001001 2
21 1000110100 4
32 0010000010 2
43 0000001100 2
54 0100010001 3
65 0010100000 2
76 0001001000 2

Matching output
0 56
1 67
2 absent
3 absent
4 absent
5 absent
6 absent
7 absent

Left
56 67 70x
Best: AND-NOT56 67: 2

Right
none
Best: none

OR-NOT
01 1111110110 8
12 0111001011 6
23 1101111101 8
34 1111110011 8
45 1011101110 7
56 1101011111 8
67 1110110111 8
70 0111011111 8

02 1111101011 8
13 0101011111 7
24 1111110101 8
35 1011101010 6
46 1001011110 6
57 1101110111 8
60 0110111111 8
71 1111111110 9

03 1111111111 a
14 1111111011 9
25 1011111100 7
36 1011111110 8
47 1001111111 8
50 0101011111 7
61 1110110111 8
72 0111001011 6

04 1111110011 8
15 1011101011 7
26 1001111100 6
37 1011110111 8
40 0001011111 6
51 1111110111 9
62 0110101011 6
73 0111011111 8

05 1111101010 7
16 1001011111 7
27 1001110101 6
30 1011111111 9
41 1111111110 9
52 0111011111 8
63 0110111111 8
74 1111111011 9

06 1111111110 9
17 1001111111 8
20 1001111101 7
31 1111110110 8
42 0111001111 7
53 0101011111 7
64 1110110011 7
75 1111101010 7

07 1111110111 9
10 0001011111 6
21 1111110100 7
32 1111101011 8
43 0101011111 7
54 1111110111 9
65 1110101011 7
76 1111011110 8

Matching output
0 absent
1 absent
2 absent
3 absent
4 absent
5 absent
6 absent
7 absent

Left
none
Best: none

Right
none
Best: none

XOR-NOT
01 0001010110 4
12 0111000000 3
23 1101101001 6
34 0101010011 5
45 1011100110 6
56 1100001011 5
67 1110010110 6
70 0111010111 7

02 1001101001 5
13 0101010110 5
24 0111000101 5
35 0001001010 3
46 1000010010 3
57 1101100010 5
60 0110111110 7
71 1001111110 7

03 1011111111 9
14 1111111010 8
25 0011011100 5
36 0010111110 6
47 1001111011 7
50 0101001010 4
61 1000010111 5
72 0001000001 2

04 0001010011 4
15 1011100011 6
26 0000101000 2
37 0011010111 6
40 0001010011 4
51 1011100011 6
62 0000101000 2
73 0011010111 6

05 0101001010 4
16 1000010111 5
27 0001000001 2
30 1011111111 9
41 1111111010 8
52 0011011100 5
63 0010111110 6
74 1001111011 7

06 0110111110 7
17 1001111110 7
20 1001101001 5
31 0101010110 5
42 0111000101 5
53 0001001010 3
64 1000010010 3
75 1101100010 5

07 0111010111 7
10 0001010110 4
21 0111000000 3
32 1101101001 6
43 0101010011 5
54 1011100110 6
65 1100001011 5
76 1110010110 6

Matching output
0 absent
1 absent
2 absent
3 absent
4 absent
5 absent
6 absent
7 absent

Left
none
Best: none

Right
none
Best: none

Selecting

Lefts
Identity none
NOT none
Constant none
AND AND25: 1
OR none
XOR none
AND-NOT AND-NOT56 67: 2
OR-NOT none
XOR-NOT none

Rights
Identity I4 3 2 1 0 7: 6
NOT none
Constant none
AND none
OR none
XOR none
AND-NOT none
OR-NOT none
XOR-NOT none

Left longest: 2
Right longest: 6

Right winner: Identity yes, NOT no, Constant no, AND no, OR no, XOR no, AND-NOT no, OR-NOT no, XOR-NOT no
Left winner: Identity no, NOT no, Constant no, AND no, OR no, XOR no, AND-NOT yes, OR-NOT no, XOR-NOT no

Best right: I4 3 2 1 0 7: 6
Best left: AND-NOT56 67: 2

Truncated right: I4 3 2 1 0 7: 6
Truncated left: AND-NOT56 67: 2

Tentative from right
7 I4
6 I3
5 I2
4 I1
3 I0
2 I7
1 pending
0 pending

Tentative
0 AND-NOT56
1 AND-NOT67
2 I7
3 I0
4 I1
5 I2
6 I3
7 I4

Preferred from right
7 I4
6 I3
5 I2
4 I1
3 I0
2 I7
1 AND-NOT67
0 AND-NOT56

Preferred from left
0 AND-NOT56
1 AND-NOT67
2 I7
3 I0
4 I1
5 I2
6 I3
7 I4

Preferred
0 AND-NOT56
1 AND-NOT67
2 I7
3 I0
4 I1
5 I2
6 I3
7 I4

Matching
0 AND-NOT56
1 AND-NOT67
2 I7
3 I0
4 I1
5 I2
6 I3
7 I4

Perfect match
Identity no
NOT no
Constant no
AND no
OR no
XOR no
AND-NOT no
OR-NOT no
XOR-NOT no

Matched
0 AND-NOT56
1 AND-NOT67
2 I7
3 I0
4 I1
5 I2
6 I3
7 I4

Selected
0 AND-NOT56
1 AND-NOT67
2 I7
3 I0
4 I1
5 I2
6 I3
7 I4

Applying to 11010111
Input
0 1
1 1
2 0
3 1
4 0
5 1
6 1
7 1
Output
0 AND-NOT56 = AND(1,NOT(1)) = 0
1 AND-NOT67 = AND(1,NOT(1)) = 0
2 I7 = 1
3 I0 = 1
4 I1 = 1
5 I2 = 0
6 I3 = 1
7 I4 = 0

I will now return the answer in \boxed{}
The answer in \boxed{–} is \boxed{00111010}
[correct]
true
