[category]
bit_manipulation
[prompt]
In Alice's Wonderland, a secret bit manipulation rule transforms 8-bit binary numbers. The transformation involves operations like bit shifts, rotations, XOR, AND, OR, NOT, and possibly majority or choice functions.

Here are some examples of input -> output:
01000010 -> 00010000
10111110 -> 00101111
00010011 -> 10000100
00111001 -> 10001110
01011001 -> 10010110
10110010 -> 00101100
00100101 -> 10001001
11011010 -> 00110110
01100010 -> 00011000

Now, determine the output for: 11110101
[completion]
We need to deduce the transformation by matching the example outputs.
I will put my final answer inside \boxed{}.

Output 0: 00010000
0 0
1 0
2 0
3 1
4 0
5 0
6 0
7 0

Output 1: 00101111
0 0
1 0
2 1
3 0
4 1
5 1
6 1
7 1

Output 2: 10000100
0 1
1 0
2 0
3 0
4 0
5 1
6 0
7 0

Output 3: 10001110
0 1
1 0
2 0
3 0
4 1
5 1
6 1
7 0

Output 4: 10010110
0 1
1 0
2 0
3 1
4 0
5 1
6 1
7 0

Output 5: 00101100
0 0
1 0
2 1
3 0
4 1
5 1
6 0
7 0

Output 6: 10001001
0 1
1 0
2 0
3 0
4 1
5 0
6 0
7 1

Output 7: 00110110
0 0
1 0
2 1
3 1
4 0
5 1
6 1
7 0

Output 8: 00011000
0 0
1 0
2 0
3 1
4 1
5 0
6 0
7 0

Output bit columns (with bitsum as hash)
0 001110100 4
1 000000000 a
2 010001010 3
3 100010011 4
4 010101101 5
5 011111010 6
6 010110010 4
7 010000100 2

Input 0: 01000010
0 0
1 1
2 0
3 0
4 0
5 0
6 1
7 0

Input 1: 10111110
0 1
1 0
2 1
3 1
4 1
5 1
6 1
7 0

Input 2: 00010011
0 0
1 0
2 0
3 1
4 0
5 0
6 1
7 1

Input 3: 00111001
0 0
1 0
2 1
3 1
4 1
5 0
6 0
7 1

Input 4: 01011001
0 0
1 1
2 0
3 1
4 1
5 0
6 0
7 1

Input 5: 10110010
0 1
1 0
2 1
3 1
4 0
5 0
6 1
7 0

Input 6: 00100101
0 0
1 0
2 1
3 0
4 0
5 1
6 0
7 1

Input 7: 11011010
0 1
1 1
2 0
3 1
4 1
5 0
6 1
7 0

Input 8: 01100010
0 0
1 1
2 1
3 0
4 0
5 0
6 1
7 0

When matching output
x: not in operator
y: wrong position

Identity
0 010001010 3 match 2
1 100010011 4 match 3
2 010101101 5 match 4
3 011111010 6 match 5
4 010110010 4 match 6
5 010000100 2 match 7
6 111001011 6
7 001110100 4 match 0

Matching output
0 7
1 absent
2 0
3 1
4 2
5 3
6 4
7 5

Left
7 0y
Best: I7: 1

Right
5 4 3 2 1 0 7y
Best: I5 4 3 2 1 0: 6

NOT
0 101110101 6
1 011101100 5
2 101010010 4
3 100000101 3
4 101001101 5
5 101111011 7
6 000110100 3
7 110001011 5

Matching output
0 absent
1 absent
2 absent
3 absent
4 absent
5 absent
6 absent
7 absent

Left
none
Best: none

Right
none
Best: none

Constant
0 000000000 a match 1
1 111111111 a

Matching output
0 absent
1 C0
2 absent
3 absent
4 absent
5 absent
6 absent
7 absent

Left
none
Best: none

Right
none
Best: none

AND
01 10 000000010 1
12 21 000000001 1
23 32 010101000 3
34 43 010110010 4 match 6
45 54 010000000 1
56 65 010000000 1
67 76 001000000 1
70 07 000000000 a match 1

02 20 010001000 2
13 31 000010010 2
24 42 010100000 2
35 53 010000000 1
46 64 010000010 2
57 75 000000100 1
60 06 010001010 3 match 2
71 17 000010000 1

03 30 010001010 3 match 2
14 41 000010010 2
25 52 010000100 2 match 7
36 63 011001010 4
47 74 000110000 2
50 05 010000000 1
61 16 100000011 3
72 27 000100100 2

04 40 010000010 2
15 51 000000000 a match 1
26 62 010001001 3
37 73 001110000 3

Matching output
0 absent
1 70 07 15 51
2 60 06 03 30
3 absent
4 absent
5 absent
6 34 43
7 25 52

Left
none
Best: none

Right
25 14x
52 41x
Best: AND25: 1

OR
01 10 110011011 6
12 21 110111111 8
23 32 011111111 8
34 43 011111010 6 match 5
45 54 010110110 5
56 65 111001111 7
67 76 111111111 a
70 07 011111110 7

02 20 010101111 6
13 31 111111011 8
24 42 010111111 7
35 53 011111110 7
46 64 111111011 8
57 75 011110100 5
60 06 111001011 6
71 17 101110111 7

03 30 011111010 6 match 5
14 41 110110011 6
25 52 010101101 5 match 4
36 63 111111011 8
47 74 011110110 6
50 05 010001110 4
61 16 111011011 7
72 27 011111101 7

04 40 010111010 5
15 51 110010111 6
26 62 111101111 8
37 73 011111110 7

Matching output
0 absent
1 absent
2 absent
3 absent
4 25 52
5 34 43 03 30
6 absent
7 absent

Left
none
Best: none

Right
none
Best: none

XOR
01 10 110011001 5
12 21 110111110 7
23 32 001010111 5
34 43 001001000 2
45 54 000110110 4
56 65 101001111 6
67 76 110111111 8
70 07 011111110 7

02 20 000100111 4
13 31 111101001 6
24 42 000011111 5
35 53 001111110 6
46 64 101111001 6
57 75 011110000 4
60 06 101000001 3
71 17 101100111 6

03 30 001110000 3
14 41 110100001 4
25 52 000101001 3
36 63 100110001 4
47 74 011000110 4
50 05 000001110 3
61 16 011011000 4
72 27 011011001 5

04 40 000111000 3
15 51 110010111 6
26 62 101100110 5
37 73 010001110 4

Matching output
0 absent
1 absent
2 absent
3 absent
4 absent
5 absent
6 absent
7 absent

Left
none
Best: none

Right
none
Best: none

AND-NOT
01 010001000 2
12 100010010 3
23 000000101 2
34 001001000 2
45 000110010 3
56 000000100 1
67 110001011 5
70 001110100 4 match 0

02 000000010 1
13 100000001 2
24 000001101 3
35 001111010 5
46 000110000 2
57 010000000 1
60 101000001 3
71 001100100 3

03 000000000 a match 1
14 100000001 2
25 000101001 3
36 000110000 2
47 010000010 2
50 000000100 1
61 011001000 3
72 001010000 2

04 000001000 1
15 100010011 4 match 3
26 000100100 2
37 010001010 3 match 2
40 000110000 2
51 010000100 2 match 7
62 101000010 3
73 000000100 1

05 000001010 2
16 000010000 1
27 010001001 3
30 001110000 3
41 010100000 2
52 000000000 a match 1
63 100000001 2
74 001000100 2

06 000000000 a match 1
17 100000011 3
20 000100101 3
31 011101000 4
42 000010010 2
53 000000100 1
64 101001001 4
75 001110000 3

07 010001010 3 match 2
10 100010001 3
21 010101100 4
32 001010010 3
43 000000000 a match 1
54 000000100 1
65 101001011 5
76 000110100 3

Matching output
0 70
1 03 52 06 43
2 37 07
3 15
4 absent
5 absent
6 absent
7 51

Left
70 01x
Best: AND-NOT70: 1

Right
51 40x
Best: AND-NOT51: 1

OR-NOT
01 011101110 6
12 101010011 5
23 110101101 6
34 111111111 a
45 111111011 8
56 010110100 4
67 111001011 6
70 101110101 6

02 111011010 6
13 100010111 5
24 111101101 7
35 111111011 8
46 010110110 5
57 110001111 6
60 111111111 a
71 011111100 6

03 110001111 6
14 101011111 7
25 111111111 a
36 011111110 7
47 110111011 7
50 111110101 7
61 111101111 8
72 101110110 6

04 111001111 7
15 101111011 7
26 010111101 6
37 111111011 8
40 111110111 8
51 011101100 5
62 111011011 7
73 101110101 6

05 111111011 8
16 100110111 6
27 110101111 7
30 111111111 a
41 011111110 7
52 111010110 6
63 111001111 7
74 101111101 7

06 010111110 6
17 110011011 6
20 111111101 8
31 011111110 7
42 111110010 6
53 110000101 4
64 111001111 7
75 101111111 8

07 110001011 5
10 101110111 7
21 011101101 6
32 111111010 7
43 110110111 7
54 111001101 6
65 111111011 8
76 001110100 4 match 0

Matching output
0 76
1 absent
2 absent
3 absent
4 absent
5 absent
6 absent
7 absent

Left
76 07x
Best: OR-NOT76: 1

Right
none
Best: none

XOR-NOT
01 001100110 4
12 001000001 2
23 110101000 4
34 110110111 7
45 111001001 5
56 010110000 3
67 001000000 1
70 100000001 2

02 111011000 5
13 000010110 3
24 111100000 4
35 110000001 3
46 010000110 3
57 100001111 5
60 010111110 6
71 010011000 3

03 110001111 6
14 001011110 5
25 111010110 6
36 011001110 5
47 100111001 5
50 111110001 6
61 100100111 5
72 100100110 4

04 111000111 6
15 001101000 3
26 010011001 4
37 101110001 5
40 111000111 6
51 001101000 3
62 010011001 4
73 101110001 5

05 111110001 6
16 100100111 5
27 100100110 4
30 110001111 6
41 001011110 5
52 111010110 6
63 011001110 5
74 100111001 5

06 010111110 6
17 010011000 3
20 111011000 5
31 000010110 3
42 111100000 4
53 110000001 3
64 010000110 3
75 100001111 5

07 100000001 2
10 001100110 4
21 001000001 2
32 110101000 4
43 110110111 7
54 111001001 5
65 010110000 3
76 001000000 1

Matching output
0 absent
1 absent
2 absent
3 absent
4 absent
5 absent
6 absent
7 absent

Left
none
Best: none

Right
none
Best: none

Selecting

Lefts
Identity I7: 1
NOT none
Constant none
AND none
OR none
XOR none
AND-NOT AND-NOT70: 1
OR-NOT OR-NOT76: 1
XOR-NOT none

Rights
Identity I5 4 3 2 1 0: 6
NOT none
Constant none
AND AND25: 1
OR none
XOR none
AND-NOT AND-NOT51: 1
OR-NOT none
XOR-NOT none

Left longest: 1
Right longest: 6

Right winner: Identity yes, NOT no, Constant no, AND no, OR no, XOR no, AND-NOT no, OR-NOT no, XOR-NOT no
Left winner: Identity yes, NOT no, Constant no, AND no, OR no, XOR no, AND-NOT no, OR-NOT no, XOR-NOT no

Best right: I5 4 3 2 1 0: 6
Best left: I7: 1

Truncated right: I5 4 3 2 1 0: 6
Truncated left: I7: 1

Tentative from right
7 I5
6 I4
5 I3
4 I2
3 I1
2 I0
1 pending
0 pending

Tentative
0 I7
1 pending
2 I0
3 I1
4 I2
5 I3
6 I4
7 I5

Preferred from right
7 I5
6 I4
5 I3
4 I2
3 I1
2 I0
1 ??7
0 I7

Preferred from left
0 I7
1 ?07
2 I0
3 I1
4 I2
5 I3
6 I4
7 I5

Preferred
0 I7
1 ?07 ?70
2 I0
3 I1
4 I2
5 I3
6 I4
7 I5

Matching
0 I7
1 ?07 ?70 - Identity absent, NOT absent, Constant C0, AND07, OR absent, XOR absent, AND-NOT absent, OR-NOT absent, XOR-NOT absent
2 I0
3 I1
4 I2
5 I3
6 I4
7 I5

Perfect match
Identity no
NOT no
Constant yes
AND no
OR no
XOR no
AND-NOT no
OR-NOT no
XOR-NOT no

Matched
0 I7
1 C0
2 I0
3 I1
4 I2
5 I3
6 I4
7 I5

Selected
0 I7
1 C0
2 I0
3 I1
4 I2
5 I3
6 I4
7 I5

Applying to 11110101
Input
0 1
1 1
2 1
3 1
4 0
5 1
6 0
7 1
Output
0 I7 = 1
1 C0 = 0
2 I0 = 1
3 I1 = 1
4 I2 = 1
5 I3 = 1
6 I4 = 0
7 I5 = 1

I will now return the answer in \boxed{}
The answer in \boxed{–} is \boxed{10111101}
[correct]
true
