[category]
bit_manipulation
[prompt]
In Alice's Wonderland, a secret bit manipulation rule transforms 8-bit binary numbers. The transformation involves operations like bit shifts, rotations, XOR, AND, OR, NOT, and possibly majority or choice functions.

Here are some examples of input -> output:
00111101 -> 11101001
00000001 -> 00001000
10010100 -> 10100110
00001010 -> 01010000
10100101 -> 00101111
11101011 -> 01011111
00110110 -> 10110001
01110010 -> 10010011
11001101 -> 01101111
01100011 -> 00011011

Now, determine the output for: 11110011
[completion]
We need to deduce the transformation by matching the example outputs.
I will put my final answer inside \boxed{}.

Output 0: 11101001
0 1
1 1
2 1
3 0
4 1
5 0
6 0
7 1

Output 1: 00001000
0 0
1 0
2 0
3 0
4 1
5 0
6 0
7 0

Output 2: 10100110
0 1
1 0
2 1
3 0
4 0
5 1
6 1
7 0

Output 3: 01010000
0 0
1 1
2 0
3 1
4 0
5 0
6 0
7 0

Output 4: 00101111
0 0
1 0
2 1
3 0
4 1
5 1
6 1
7 1

Output 5: 01011111
0 0
1 1
2 0
3 1
4 1
5 1
6 1
7 1

Output 6: 10110001
0 1
1 0
2 1
3 1
4 0
5 0
6 0
7 1

Output 7: 10010011
0 1
1 0
2 0
3 1
4 0
5 0
6 1
7 1

Output 8: 01101111
0 0
1 1
2 1
3 0
4 1
5 1
6 1
7 1

Output 9: 00011011
0 0
1 0
2 0
3 1
4 1
5 0
6 1
7 1

Output bit columns (with bitsum as hash)
0 1010001100 4
1 1001010010 4
2 1010101010 5
3 0001011101 5
4 1100110011 6
5 0010110010 4
6 0010110111 6
7 1000111111 7

Input 0: 00111101
0 0
1 0
2 1
3 1
4 1
5 1
6 0
7 1

Input 1: 00000001
0 0
1 0
2 0
3 0
4 0
5 0
6 0
7 1

Input 2: 10010100
0 1
1 0
2 0
3 1
4 0
5 1
6 0
7 0

Input 3: 00001010
0 0
1 0
2 0
3 0
4 1
5 0
6 1
7 0

Input 4: 10100101
0 1
1 0
2 1
3 0
4 0
5 1
6 0
7 1

Input 5: 11101011
0 1
1 1
2 1
3 0
4 1
5 0
6 1
7 1

Input 6: 00110110
0 0
1 0
2 1
3 1
4 0
5 1
6 1
7 0

Input 7: 01110010
0 0
1 1
2 1
3 1
4 0
5 0
6 1
7 0

Input 8: 11001101
0 1
1 1
2 0
3 0
4 1
5 1
6 0
7 1

Input 9: 01100011
0 0
1 1
2 1
3 0
4 0
5 0
6 1
7 1

When matching output
x: not in operator
y: wrong position

Identity
0 0010110010 4 match 5
1 0000010111 4
2 1000111101 6
3 1010001100 4 match 0
4 1001010010 4 match 1
5 1010101010 5 match 2
6 0001011101 5 match 3
7 1100110011 6 match 4

Matching output
0 3
1 4
2 5
3 6
4 7
5 0
6 absent
7 absent

Left
3 4 5 6 7 0 1x
Best: I3 4 5 6 7 0: 6

Right
none
Best: none

NOT
0 1101001101 6
1 1111101000 6
2 0111000010 4
3 0101110011 6
4 0110101101 6
5 0101010101 5
6 1110100010 5
7 0011001100 4

Matching output
0 absent
1 absent
2 absent
3 absent
4 absent
5 absent
6 absent
7 absent

Left
none
Best: none

Right
none
Best: none

Constant
0 0000000000 a
1 1111111111 a

Matching output
0 absent
1 absent
2 absent
3 absent
4 absent
5 absent
6 absent
7 absent

Left
none
Best: none

Right
none
Best: none

AND
01 10 0000010010 2
12 21 0000010101 3
23 32 1000001100 3
34 43 1000000000 1
45 54 1000000010 2
56 65 0000001000 1
67 76 0000010001 2
70 07 0000110010 3

02 20 0000110000 2
13 31 0000000100 1
24 42 1000010000 2
35 53 1010001000 3
46 64 0001010000 2
57 75 1000100010 3
60 06 0000010000 1
71 17 0000010011 3

03 30 0010000000 1
14 41 0000010010 2
25 52 1000101000 3
36 63 0000001100 2
47 74 1000010010 3
50 05 0010100010 3
61 16 0000010101 3
72 27 1000110001 4

04 40 0000010010 2
15 51 0000000010 1
26 62 0000011101 4
37 73 1000000000 1

Matching output
0 absent
1 absent
2 absent
3 absent
4 absent
5 absent
6 absent
7 absent

Left
none
Best: none

Right
none
Best: none

OR
01 10 0010110111 6 match 6
12 21 1000111111 7 match 7
23 32 1010111101 7
34 43 1011011110 7
45 54 1011111010 7
56 65 1011111111 9
67 76 1101111111 9
70 07 1110110011 7

02 20 1010111111 8
13 31 1010011111 7
24 42 1001111111 8
35 53 1010101110 6
46 64 1001011111 7
57 75 1110111011 8
60 06 0011111111 8
71 17 1100110111 7

03 30 1010111110 7
14 41 1001010111 6
25 52 1010111111 8
36 63 1011011101 7
47 74 1101110011 7
50 05 1010111010 6
61 16 0001011111 6
72 27 1100111111 8

04 40 1011110010 6
15 51 1010111111 8
26 62 1001111101 7
37 73 1110111111 9

Matching output
0 absent
1 absent
2 absent
3 absent
4 absent
5 absent
6 01 10
7 12 21

Left
none
Best: none

Right
12 01 70x
21 10 07x
Best: OR12 01: 2

XOR
01 10 0010100101 4
12 21 1000101010 4
23 32 0010110001 4
34 43 0011011110 6
45 54 0011111000 5
56 65 1011110111 8
67 76 1101101110 7
70 07 1110000001 4

02 20 1010001111 6
13 31 1010011011 6
24 42 0001101111 6
35 53 0000100110 3
46 64 1000001111 5
57 75 0110011001 5
60 06 0011101111 7
71 17 1100100100 4

03 30 1000111110 6
14 41 1001000101 4
25 52 0010010111 5
36 63 1011010001 5
47 74 0101100001 4
50 05 1000011000 3
61 16 0001001010 3
72 27 0100001110 4

04 40 1011100000 4
15 51 1010111101 7
26 62 1001100000 3
37 73 0110111111 8

Matching output
0 absent
1 absent
2 absent
3 absent
4 absent
5 absent
6 absent
7 absent

Left
none
Best: none

Right
none
Best: none

AND-NOT
01 0010100000 2
12 0000000010 1
23 0000110001 3
34 0010001100 3
45 0001010000 2
56 1010100010 4
67 0001001100 3
70 1100000001 3

02 0010000010 2
13 0000010011 3
24 0000101101 4
35 0000000100 1
46 1000000010 2
57 0010001000 2
60 0001001101 4
71 1100100000 3

03 0000110010 3
14 0000000101 2
25 0000010101 3
36 1010000000 2
47 0001000000 1
50 1000001000 2
61 0001001000 2
72 0100000010 2

04 0010100000 2
15 0000010101 3
26 1000100000 2
37 0010001100 3
40 1001000000 2
51 1010101000 4
62 0001000000 1
73 0100110011 5

05 0000010000 1
16 0000000010 1
27 0000001100 2
30 1000001100 3
41 1001000000 2
52 0010000010 2
63 0001010001 3
74 0100100001 3

06 0010100010 3
17 0000000100 1
20 1000001101 4
31 1010001000 3
42 0001000010 2
53 0000100010 2
64 0000001101 3
75 0100010001 3

07 0010000000 1
10 0000000101 2
21 1000101000 3
32 0010000000 1
43 0001010010 3
54 0010101000 3
65 0001010101 4
76 1100100010 4

Matching output
0 absent
1 absent
2 absent
3 absent
4 absent
5 absent
6 absent
7 absent

Left
none
Best: none

Right
none
Best: none

OR-NOT
01 1111111010 8
12 0111010111 7
23 1101111111 9
34 1110101101 7
45 1101010111 7
56 1110101010 6
67 0011011101 6
70 1101111111 9

02 0111110010 6
13 0101110111 7
24 1110111101 8
35 1111011101 8
46 1111110010 7
57 1011101110 7
60 1101011101 7
71 1111111011 9

03 0111110011 7
14 0110111111 8
25 1101111101 8
36 1110101110 7
47 1011011110 7
50 1111101111 9
61 1111111101 9
72 1111110011 8

04 0110111111 8
15 0101010111 6
26 1110111111 9
37 1011001100 5
40 1101011111 8
51 1111101010 7
62 0111011111 8
73 1101110011 7

05 0111110111 8
16 1110110111 8
27 1011111101 8
30 1111001101 7
41 1111111010 8
52 1111101010 7
63 0101111111 8
74 1110111111 9

06 1110110010 6
17 0011011111 7
20 1101111101 8
31 1111101100 7
42 1111010010 6
53 1111111011 9
64 0111111101 8
75 1101110111 8

07 0011111110 7
10 1101011111 8
21 1111111101 9
32 1111001110 7
43 1101110011 7
54 1110101111 8
65 0101011101 6
76 1110110011 7

Matching output
0 absent
1 absent
2 absent
3 absent
4 absent
5 absent
6 absent
7 absent

Left
none
Best: none

Right
none
Best: none

XOR-NOT
01 1101011010 6
12 0111010101 6
23 1101001110 6
34 1100100001 4
45 1100000111 5
56 0100001000 2
67 0010010001 3
70 0001111110 6

02 0101110000 4
13 0101100100 4
24 1110010000 4
35 1111011001 7
46 0111110000 5
57 1001100110 5
60 1100010000 3
71 0011011011 6

03 0111000001 4
14 0110111010 6
25 1101101000 5
36 0100101110 5
47 1010011110 6
50 0111100111 7
61 1110110101 7
72 1011110001 6

04 0100011111 6
15 0101000010 3
26 0110011111 7
37 1001000000 2
40 0100011111 6
51 0101000010 3
62 0110011111 7
73 1001000000 2

05 0111100111 7
16 1110110101 7
27 1011110001 6
30 0111000001 4
41 0110111010 6
52 1101101000 5
63 0100101110 5
74 1010011110 6

06 1100010000 3
17 0011011011 6
20 0101110000 4
31 0101100100 4
42 1110010000 4
53 1111011001 7
64 0111110000 5
75 1001100110 5

07 0001111110 6
10 1101011010 6
21 0111010101 6
32 1101001110 6
43 1100100001 4
54 1100000111 5
65 0100001000 2
76 0010010001 3

Matching output
0 absent
1 absent
2 absent
3 absent
4 absent
5 absent
6 absent
7 absent

Left
none
Best: none

Right
none
Best: none

Selecting

Lefts
Identity I3 4 5 6 7 0: 6
NOT none
Constant none
AND none
OR none
XOR none
AND-NOT none
OR-NOT none
XOR-NOT none

Rights
Identity none
NOT none
Constant none
AND none
OR OR12 01: 2
XOR none
AND-NOT none
OR-NOT none
XOR-NOT none

Left longest: 6
Right longest: 2

Left winner: Identity yes, NOT no, Constant no, AND no, OR no, XOR no, AND-NOT no, OR-NOT no, XOR-NOT no
Right winner: Identity no, NOT no, Constant no, AND no, OR yes, XOR no, AND-NOT no, OR-NOT no, XOR-NOT no

Best left: I3 4 5 6 7 0: 6
Best right: OR12 01: 2

Truncated left: I3 4 5 6 7 0: 6
Truncated right: OR12 01: 2

Tentative from right
7 OR12
6 OR01
5 pending
4 pending
3 pending
2 pending
1 pending
0 pending

Tentative
0 I3
1 I4
2 I5
3 I6
4 I7
5 I0
6 OR01
7 OR12

Preferred from left
0 I3
1 I4
2 I5
3 I6
4 I7
5 I0
6 OR01
7 OR12

Preferred from right
7 OR12
6 OR01
5 I0
4 I7
3 I6
2 I5
1 I4
0 I3

Preferred
0 I3
1 I4
2 I5
3 I6
4 I7
5 I0
6 OR01
7 OR12

Matching
0 I3
1 I4
2 I5
3 I6
4 I7
5 I0
6 OR01
7 OR12

Perfect match
Identity no
NOT no
Constant no
AND no
OR no
XOR no
AND-NOT no
OR-NOT no
XOR-NOT no

Matched
0 I3
1 I4
2 I5
3 I6
4 I7
5 I0
6 OR01
7 OR12

Selected
0 I3
1 I4
2 I5
3 I6
4 I7
5 I0
6 OR01
7 OR12

Applying to 11110011
Input
0 1
1 1
2 1
3 1
4 0
5 0
6 1
7 1
Output
0 I3 = 1
1 I4 = 0
2 I5 = 0
3 I6 = 1
4 I7 = 1
5 I0 = 1
6 OR01 = OR(1,1) = 1
7 OR12 = OR(1,1) = 1

I will now return the answer in \boxed{}
The answer in \boxed{–} is \boxed{10011111}
[correct]
true
