[category]
bit_manipulation
[prompt]
In Alice's Wonderland, a secret bit manipulation rule transforms 8-bit binary numbers. The transformation involves operations like bit shifts, rotations, XOR, AND, OR, NOT, and possibly majority or choice functions.

Here are some examples of input -> output:
00110101 -> 10101000
00000110 -> 00110000
10100111 -> 00111001
10010000 -> 10000001
00001010 -> 01010000
10111110 -> 11110001
00101000 -> 01000000
01001010 -> 01010000

Now, determine the output for: 10100010
[completion]
We need to deduce the transformation by matching the example outputs.
I will put my final answer inside \boxed{}.

Output 0: 10101000
0 1
1 0
2 1
3 0
4 1
5 0
6 0
7 0

Output 1: 00110000
0 0
1 0
2 1
3 1
4 0
5 0
6 0
7 0

Output 2: 00111001
0 0
1 0
2 1
3 1
4 1
5 0
6 0
7 1

Output 3: 10000001
0 1
1 0
2 0
3 0
4 0
5 0
6 0
7 1

Output 4: 01010000
0 0
1 1
2 0
3 1
4 0
5 0
6 0
7 0

Output 5: 11110001
0 1
1 1
2 1
3 1
4 0
5 0
6 0
7 1

Output 6: 01000000
0 0
1 1
2 0
3 0
4 0
5 0
6 0
7 0

Output 7: 01010000
0 0
1 1
2 0
3 1
4 0
5 0
6 0
7 0

Output bit columns (with bitsum as hash)
0 10010100 3
1 00001111 4
2 11100100 4
3 01101101 5
4 10100000 2
5 00000000 a
6 00000000 a
7 00110100 3

Input 0: 00110101
0 0
1 0
2 1
3 1
4 0
5 1
6 0
7 1

Input 1: 00000110
0 0
1 0
2 0
3 0
4 0
5 1
6 1
7 0

Input 2: 10100111
0 1
1 0
2 1
3 0
4 0
5 1
6 1
7 1

Input 3: 10010000
0 1
1 0
2 0
3 1
4 0
5 0
6 0
7 0

Input 4: 00001010
0 0
1 0
2 0
3 0
4 1
5 0
6 1
7 0

Input 5: 10111110
0 1
1 0
2 1
3 1
4 1
5 1
6 1
7 0

Input 6: 00101000
0 0
1 0
2 1
3 0
4 1
5 0
6 0
7 0

Input 7: 01001010
0 0
1 1
2 0
3 0
4 1
5 0
6 1
7 0

When matching output
x: not in operator
y: wrong position

Identity
0 00110100 3 match 7
1 00000001 1
2 10100110 4
3 10010100 3 match 0
4 00001111 4 match 1
5 11100100 4 match 2
6 01101101 5 match 3
7 10100000 2 match 4

Matching output
0 3
1 4
2 5
3 6
4 7
5 absent
6 absent
7 0

Left
3 4 5 6 7 0y
Best: I3 4 5 6 7: 5

Right
0 7y
Best: I0: 1

NOT
0 11001011 5
1 11111110 7
2 01011001 4
3 01101011 5
4 11110000 4
5 00011011 4
6 10010010 3
7 01011111 6

Matching output
0 absent
1 absent
2 absent
3 absent
4 absent
5 absent
6 absent
7 absent

Left
none
Best: none

Right
none
Best: none

Constant
0 00000000 a match 5 6
1 11111111 a

Matching output
0 absent
1 absent
2 absent
3 absent
4 absent
5 C0
6 C0
7 absent

Left
none
Best: none

Right
none
Best: none

AND
01 10 00000000 a match 5 6
12 21 00000000 a match 5 6
23 32 10000100 2
34 43 00000100 1
45 54 00000100 1
56 65 01100100 3
67 76 00100000 1
70 07 00100000 1

02 20 00100100 2
13 31 00000000 a match 5 6
24 42 00000110 2
35 53 10000100 2
46 64 00001101 3
57 75 10100000 2 match 4
60 06 00100100 2
71 17 00000000 a match 5 6

03 30 00010100 2
14 41 00000001 1
25 52 10100100 3
36 63 00000100 1
47 74 00000000 a match 5 6
50 05 00100100 2
61 16 00000001 1
72 27 10100000 2 match 4

04 40 00000100 1
15 51 00000000 a match 5 6
26 62 00100100 2
37 73 10000000 1

Matching output
0 absent
1 absent
2 absent
3 absent
4 57 75 72 27
5 01 10 12 21 13 31 71 17 47 74 15 51
6 01 10 12 21 13 31 71 17 47 74 15 51
7 absent

Left
none
Best: none

Right
none
Best: none

OR
01 10 00110101 4
12 21 10100111 5
23 32 10110110 5
34 43 10011111 6
45 54 11101111 7
56 65 11101101 6
67 76 11101101 6
70 07 10110100 4

02 20 10110110 5
13 31 10010101 4
24 42 10101111 6
35 53 11110100 5
46 64 01101111 6
57 75 11100100 4 match 2
60 06 01111101 6
71 17 10100001 3

03 30 10110100 4
14 41 00001111 4 match 1
25 52 11100110 5
36 63 11111101 7
47 74 10101111 6
50 05 11110100 5
61 16 01101101 5 match 3
72 27 10100110 4

04 40 00111111 6
15 51 11100101 5
26 62 11101111 7
37 73 10110100 4

Matching output
0 absent
1 14 41
2 57 75
3 61 16
4 absent
5 absent
6 absent
7 absent

Left
none
Best: none

Right
none
Best: none

XOR
01 10 00110101 4
12 21 10100111 5
23 32 00110010 3
34 43 10011011 5
45 54 11101011 6
56 65 10001001 3
67 76 11001101 5
70 07 10010100 3 match 0

02 20 10010010 3
13 31 10010101 4
24 42 10101001 4
35 53 01110000 3
46 64 01100010 3
57 75 01000100 2
60 06 01011001 4
71 17 10100001 3

03 30 10100000 2 match 4
14 41 00001110 3
25 52 01000010 2
36 63 11111001 6
47 74 10101111 6
50 05 11010000 3
61 16 01101100 4
72 27 00000110 2

04 40 00111011 5
15 51 11100101 5
26 62 11001011 5
37 73 00110100 3 match 7

Matching output
0 70 07
1 absent
2 absent
3 absent
4 03 30
5 absent
6 absent
7 37 73

Left
70 01x
07 10x
Best: XOR70: 1

Right
37 26x
73 62x
Best: XOR37: 1

AND-NOT
01 00110100 3 match 7
12 00000001 1
23 00100010 2
34 10010000 2
45 00001011 3
56 10000000 1
67 01001101 4
70 10000000 1

02 00010000 1
13 00000001 1
24 10100000 2 match 4
35 00010000 1
46 00000010 1
57 01000100 2
60 01001001 3
71 10100000 2 match 4

03 00100000 1
14 00000000 a match 5 6
25 00000010 1
36 10010000 2
47 00001111 4 match 1
50 11000000 2
61 01101100 4
72 00000000 a match 5 6

04 00110000 2
15 00000001 1
26 10000010 2
37 00010100 2
40 00001011 3
51 11100100 4 match 2
62 01001001 3
73 00100000 1

05 00010000 1
16 00000000 a match 5 6
27 00000110 2
30 10000000 1
41 00001110 3
52 01000000 1
63 01101001 4
74 10100000 2 match 4

06 00010000 1
17 00000001 1
20 10000010 2
31 10010100 3 match 0
42 00001001 2
53 01100000 2
64 01100000 2
75 00000000 a match 5 6

07 00010100 2
10 00000001 1
21 10100110 4
32 00010000 1
43 00001011 3
54 11100000 3
65 00001001 2
76 10000000 1

Matching output
0 31
1 47
2 51
3 absent
4 24 71 74
5 14 72 16 75
6 14 72 16 75
7 01

Left
31 42x
Best: AND-NOT31: 1

Right
01 70x
Best: AND-NOT01: 1

OR-NOT
01 11111110 7
12 01011001 4
23 11101111 7
34 11110100 5
45 00011111 5
56 11110110 6
67 01111111 7
70 11101011 6

02 01111101 6
13 01101011 5
24 11110110 6
35 10011111 6
46 10011111 6
57 11111111 a
60 11101111 7
71 11111110 7

03 01111111 7
14 11110001 5
25 10111111 7
36 10010110 4
47 01011111 6
50 11101111 7
61 11111111 a
72 11111001 6

04 11110100 5
15 00011011 4
26 10110110 5
37 11011111 7
40 11001111 6
51 11111110 7
62 01111101 6
73 11101011 6

05 00111111 6
16 10010011 4
27 11111111 a
30 11011111 7
41 11111111 a
52 11111101 7
63 01101111 6
74 11110000 4

06 10110110 5
17 01011111 6
20 11101111 7
31 11111110 7
42 01011111 6
53 11101111 7
64 11111101 7
75 10111011 6

07 01111111 7
10 11001011 5
21 11111110 7
32 11011101 6
43 01101111 6
54 11110100 5
65 01111111 7
76 10110010 4

Matching output
0 absent
1 absent
2 absent
3 absent
4 absent
5 absent
6 absent
7 absent

Left
none
Best: none

Right
none
Best: none

XOR-NOT
01 11001010 4
12 01011000 3
23 11001101 5
34 01100100 3
45 00010100 2
56 01110110 5
67 00110010 3
70 01101011 5

02 01101101 5 match 3
13 01101010 4
24 01010110 4
35 10001111 5
46 10011101 5
57 10111011 6
60 10100110 4
71 01011110 5

03 01011111 6
14 11110001 5
25 10111101 6
36 00000110 2
47 01010000 2
50 00101111 5
61 10010011 4
72 11111001 6

04 11000100 3
15 00011010 3
26 00110100 3 match 7
37 11001011 5
40 11000100 3
51 00011010 3
62 00110100 3 match 7
73 11001011 5

05 00101111 5
16 10010011 4
27 11111001 6
30 01011111 6
41 11110001 5
52 10111101 6
63 00000110 2
74 01010000 2

06 10100110 4
17 01011110 5
20 01101101 5 match 3
31 01101010 4
42 01010110 4
53 10001111 5
64 10011101 5
75 10111011 6

07 01101011 5
10 11001010 4
21 01011000 3
32 11001101 5
43 01100100 3
54 00010100 2
65 01110110 5
76 00110010 3

Matching output
0 absent
1 absent
2 absent
3 02 20
4 absent
5 absent
6 absent
7 26 62

Left
none
Best: none

Right
26 15x
62 51x
Best: XOR-NOT26: 1

Selecting

Lefts
Identity I3 4 5 6 7: 5
NOT none
Constant none
AND none
OR none
XOR XOR70: 1
AND-NOT AND-NOT31: 1
OR-NOT none
XOR-NOT none

Rights
Identity I0: 1
NOT none
Constant none
AND none
OR none
XOR XOR37: 1
AND-NOT AND-NOT01: 1
OR-NOT none
XOR-NOT XOR-NOT26: 1

Left longest: 5
Right longest: 1

Left winner: Identity yes, NOT no, Constant no, AND no, OR no, XOR no, AND-NOT no, OR-NOT no, XOR-NOT no
Right winner: Identity yes, NOT no, Constant no, AND no, OR no, XOR no, AND-NOT no, OR-NOT no, XOR-NOT no

Best left: I3 4 5 6 7: 5
Best right: I0: 1

Truncated left: I3 4 5 6 7: 5
Truncated right: I0: 1

Tentative from right
7 I0
6 pending
5 pending
4 pending
3 pending
2 pending
1 pending
0 pending

Tentative
0 I3
1 I4
2 I5
3 I6
4 I7
5 pending
6 pending
7 I0

Preferred from left
0 I3
1 I4
2 I5
3 I6
4 I7
5 ?0?
6 ?1?
7 I0

Preferred from right
7 I0
6 ?17
5 ?06
4 I7
3 I6
2 I5
1 I4
0 I3

Preferred
0 I3
1 I4
2 I5
3 I6
4 I7
5 ?06 ?60
6 ?17 ?71
7 I0

Matching
0 I3
1 I4
2 I5
3 I6
4 I7
5 ?06 ?60 - Identity absent, NOT absent, Constant C0, AND absent, OR absent, XOR absent, AND-NOT absent, OR-NOT absent, XOR-NOT absent
6 ?17 ?71 - Identity absent, NOT absent, Constant C0, AND17, OR absent, XOR absent, AND-NOT absent, OR-NOT absent, XOR-NOT absent
7 I0

Perfect match
Identity no
NOT no
Constant yes
AND no
OR no
XOR no
AND-NOT no
OR-NOT no
XOR-NOT no

Matched
0 I3
1 I4
2 I5
3 I6
4 I7
5 C0
6 C0
7 I0

Selected
0 I3
1 I4
2 I5
3 I6
4 I7
5 C0
6 C0
7 I0

Applying to 10100010
Input
0 1
1 0
2 1
3 0
4 0
5 0
6 1
7 0
Output
0 I3 = 0
1 I4 = 0
2 I5 = 0
3 I6 = 1
4 I7 = 0
5 C0 = 0
6 C0 = 0
7 I0 = 1

I will now return the answer in \boxed{}
The answer in \boxed{–} is \boxed{00010001}
[correct]
true
