[category]
bit_manipulation
[prompt]
In Alice's Wonderland, a secret bit manipulation rule transforms 8-bit binary numbers. The transformation involves operations like bit shifts, rotations, XOR, AND, OR, NOT, and possibly majority or choice functions.

Here are some examples of input -> output:
01111100 -> 00000011
01100110 -> 00000011
00001011 -> 00000000
00110110 -> 00000001
01000010 -> 00000010
01010101 -> 00000010
11000011 -> 00000110
01110101 -> 00000011
11001101 -> 00000110

Now, determine the output for: 10110011
[completion]
We need to deduce the transformation by matching the example outputs.
I will put my final answer inside \boxed{}.

Output 0: 00000011
0 0
1 0
2 0
3 0
4 0
5 0
6 1
7 1

Output 1: 00000011
0 0
1 0
2 0
3 0
4 0
5 0
6 1
7 1

Output 2: 00000000
0 0
1 0
2 0
3 0
4 0
5 0
6 0
7 0

Output 3: 00000001
0 0
1 0
2 0
3 0
4 0
5 0
6 0
7 1

Output 4: 00000010
0 0
1 0
2 0
3 0
4 0
5 0
6 1
7 0

Output 5: 00000010
0 0
1 0
2 0
3 0
4 0
5 0
6 1
7 0

Output 6: 00000110
0 0
1 0
2 0
3 0
4 0
5 1
6 1
7 0

Output 7: 00000011
0 0
1 0
2 0
3 0
4 0
5 0
6 1
7 1

Output 8: 00000110
0 0
1 0
2 0
3 0
4 0
5 1
6 1
7 0

Output bit columns (with bitsum as hash)
0 000000000 a
1 000000000 a
2 000000000 a
3 000000000 a
4 000000000 a
5 000000101 2
6 110011111 7
7 110100010 4

Input 0: 01111100
0 0
1 1
2 1
3 1
4 1
5 1
6 0
7 0

Input 1: 01100110
0 0
1 1
2 1
3 0
4 0
5 1
6 1
7 0

Input 2: 00001011
0 0
1 0
2 0
3 0
4 1
5 0
6 1
7 1

Input 3: 00110110
0 0
1 0
2 1
3 1
4 0
5 1
6 1
7 0

Input 4: 01000010
0 0
1 1
2 0
3 0
4 0
5 0
6 1
7 0

Input 5: 01010101
0 0
1 1
2 0
3 1
4 0
5 1
6 0
7 1

Input 6: 11000011
0 1
1 1
2 0
3 0
4 0
5 0
6 1
7 1

Input 7: 01110101
0 0
1 1
2 1
3 1
4 0
5 1
6 0
7 1

Input 8: 11001101
0 1
1 1
2 0
3 0
4 1
5 1
6 0
7 1

When matching output
x: not in operator
y: wrong position

Identity
0 000000101 2 match 5
1 110011111 7 match 6
2 110100010 4 match 7
3 100101010 4
4 101000001 3
5 110101011 6
6 011110100 5
7 001001111 5

Matching output
0 absent
1 absent
2 absent
3 absent
4 absent
5 0
6 1
7 2

Left
none
Best: none

Right
2 1 0 7x
Best: I2 1 0: 3

NOT
0 111111010 7
1 001100000 2
2 001011101 5
3 011010101 5
4 010111110 6
5 001010100 3
6 100001011 4
7 110110000 4

Matching output
0 absent
1 absent
2 absent
3 absent
4 absent
5 absent
6 absent
7 absent

Left
none
Best: none

Right
none
Best: none

Constant
0 000000000 a match 0 1 2 3 4
1 111111111 a

Matching output
0 C0
1 C0
2 C0
3 C0
4 C0
5 absent
6 absent
7 absent

Left
0 0 0 0 0
Best: C0 0 0 0 0: 5

Right
none
Best: none

AND
01 10 000000101 2 match 5
12 21 110000010 3
23 32 100100010 3
34 43 100000000 1
45 54 100000001 2
56 65 010100000 2
67 76 001000100 2
70 07 000000101 2 match 5

02 20 000000000 a match 0 1 2 3 4
13 31 100001010 3
24 42 100000000 1
35 53 100101010 4
46 64 001000000 1
57 75 000001011 3
60 06 000000100 1
71 17 000001111 4

03 30 000000000 a match 0 1 2 3 4
14 41 100000001 2
25 52 110100010 4 match 7
36 63 000100000 1
47 74 001000001 2
50 05 000000001 1
61 16 010010100 3
72 27 000000010 1

04 40 000000001 1
15 51 110001011 5
26 62 010100000 2
37 73 000001010 2

Matching output
0 02 20 03 30
1 02 20 03 30
2 02 20 03 30
3 02 20 03 30
4 02 20 03 30
5 01 10 70 07
6 absent
7 25 52

Left
02 13x
20 31x
03 14x
30 41x
Best: AND02: 1

Right
25 14x
52 41x
Best: AND25: 1

OR
01 10 110011111 7 match 6
12 21 110111111 8
23 32 110101010 5
34 43 101101011 6
45 54 111101011 7
56 65 111111111 a
67 76 011111111 8
70 07 001001111 5

02 20 110100111 6
13 31 110111111 8
24 42 111100011 6
35 53 110101011 6
46 64 111110101 7
57 75 111101111 8
60 06 011110101 6
71 17 111011111 8

03 30 100101111 6
14 41 111011111 8
25 52 110101011 6
36 63 111111110 8
47 74 101001111 6
50 05 110101111 7
61 16 111111111 a
72 27 111101111 8

04 40 101000101 4
15 51 110111111 8
26 62 111110110 7
37 73 101101111 7

Matching output
0 absent
1 absent
2 absent
3 absent
4 absent
5 absent
6 01 10
7 absent

Left
none
Best: none

Right
none
Best: none

XOR
01 10 110011010 5
12 21 000111101 5
23 32 010001000 2
34 43 001101011 5
45 54 011101010 5
56 65 101011111 7
67 76 010111011 6
70 07 001001010 3

02 20 110100111 6
13 31 010110101 5
24 42 011100011 5
35 53 010000001 2
46 64 110110101 6
57 75 111100100 5
60 06 011110001 5
71 17 111010000 4

03 30 100101111 6
14 41 011011110 6
25 52 000001001 2
36 63 111011110 7
47 74 100001110 4
50 05 110101110 6
61 16 101101011 6
72 27 111101101 7

04 40 101000100 3
15 51 000110100 3
26 62 101010110 5
37 73 101100101 5

Matching output
0 absent
1 absent
2 absent
3 absent
4 absent
5 absent
6 absent
7 absent

Left
none
Best: none

Right
none
Best: none

AND-NOT
01 000000000 a match 0 1 2 3 4
12 000011101 4
23 010000000 1
34 000101010 3
45 001000000 1
56 100001011 4
67 010110000 3
70 001001010 3

02 000000101 2 match 5
13 010010101 4
24 010100010 3
35 000000000 a match 0 1 2 3 4
46 100000001 2
57 110100000 3
60 011110000 4
71 001000000 1

03 000000101 2 match 5
14 010011110 5
25 000000000 a match 0 1 2 3 4
36 100001010 3
47 100000000 1
50 110101010 5
61 001100000 2
72 001001101 4

04 000000100 1
15 000010100 2
26 100000010 2
37 100100000 2
40 101000000 2
51 000100000 1
62 001010100 3
73 001000101 3

05 000000100 1
16 100001011 4
27 110100000 3
30 100101010 4
41 001000000 1
52 000001001 2
63 011010100 4
74 000001110 3

06 000000001 1
17 110010000 3
20 110100010 4 match 7
31 000100000 1
42 001000001 2
53 010000001 2
64 010110100 4
75 001000100 2

07 000000000 a match 0 1 2 3 4
10 110011010 5
21 000100000 1
32 000001000 1
43 001000001 2
54 010101010 4
65 001010100 3
76 000001011 3

Matching output
0 01 35 25 07
1 01 35 25 07
2 01 35 25 07
3 01 35 25 07
4 01 35 25 07
5 02 03
6 absent
7 20

Left
01 12x
35 46x
25 36x
07 10x
Best: AND-NOT01: 1

Right
20 17x
Best: AND-NOT20: 1

OR-NOT
01 001100101 4
12 111011111 8
23 111110111 8
34 110111110 7
45 101010101 5
56 110101011 6
67 111110100 6
70 111111111 a

02 001011101 5
13 111011111 8
24 110111110 7
35 101111110 7
46 101001011 5
57 110111011 7
60 111111110 8
71 001101111 6

03 011010101 5
14 110111111 8
25 111110110 7
36 100101011 5
47 111110001 6
50 111111011 8
61 011110100 5
72 001011111 6

04 010111111 7
15 111011111 8
26 110101011 6
37 110111010 6
40 111111011 8
51 111101011 7
62 011111101 7
73 011011111 7

05 001010101 4
16 110011111 7 match 6
27 110110010 5
30 111111010 7
41 101100001 4
52 111111111 a
63 011110101 6
74 011111111 8

06 100001111 5
17 110111111 8
20 111111010 7
31 101101010 5
42 101011101 6
53 111111111 a
64 011111110 7
75 001011111 6

07 110110101 6
10 111111111 a
21 111100010 5
32 101111111 8
43 111010101 6
54 110111111 8
65 011110100 5
76 101001111 6

Matching output
0 absent
1 absent
2 absent
3 absent
4 absent
5 absent
6 16
7 absent

Left
none
Best: none

Right
none
Best: none

XOR-NOT
01 001100101 4
12 111000010 4
23 101110111 7
34 110010100 4
45 100010101 4
56 010100000 2
67 101000100 3
70 110110101 6

02 001011000 3
13 101001010 4
24 100011100 4
35 101111110 7
46 001001010 3
57 000011011 4
60 100001110 4
71 000101111 5

03 011010000 3
14 100100001 3
25 111110110 7
36 000100001 2
47 011110001 5
50 001010001 3
61 010010100 3
72 000010010 2

04 010111011 6
15 111001011 6
26 010101001 4
37 010011010 4
40 010111011 6
51 111001011 6
62 010101001 4
73 010011010 4

05 001010001 3
16 010010100 3
27 000010010 2
30 011010000 3
41 100100001 3
52 111110110 7
63 000100001 2
74 011110001 5

06 100001110 4
17 000101111 5
20 001011000 3
31 101001010 4
42 100011100 4
53 101111110 7
64 001001010 3
75 000011011 4

07 110110101 6
10 001100101 4
21 111000010 4
32 101110111 7
43 110010100 4
54 100010101 4
65 010100000 2
76 101000100 3

Matching output
0 absent
1 absent
2 absent
3 absent
4 absent
5 absent
6 absent
7 absent

Left
none
Best: none

Right
none
Best: none

Selecting

Lefts
Identity none
NOT none
Constant C0 0 0 0 0: 5
AND AND02: 1
OR none
XOR none
AND-NOT AND-NOT01: 1
OR-NOT none
XOR-NOT none

Rights
Identity I2 1 0: 3
NOT none
Constant none
AND AND25: 1
OR none
XOR none
AND-NOT AND-NOT20: 1
OR-NOT none
XOR-NOT none

Left longest: 5
Right longest: 3

Left winner: Identity no, NOT no, Constant yes, AND no, OR no, XOR no, AND-NOT no, OR-NOT no, XOR-NOT no
Right winner: Identity yes, NOT no, Constant no, AND no, OR no, XOR no, AND-NOT no, OR-NOT no, XOR-NOT no

Best left: C0 0 0 0 0: 5
Best right: I2 1 0: 3

Truncated left: C0 0 0 0 0: 5
Truncated right: I2 1 0: 3

Tentative from right
7 I2
6 I1
5 I0
4 pending
3 pending
2 pending
1 pending
0 pending

Tentative
0 C0
1 C0
2 C0
3 C0
4 C0
5 I0
6 I1
7 I2

Preferred from left
0 C0
1 C0
2 C0
3 C0
4 C0
5 I0
6 I1
7 I2

Preferred from right
7 I2
6 I1
5 I0
4 C0
3 C0
2 C0
1 C0
0 C0

Preferred
0 C0
1 C0
2 C0
3 C0
4 C0
5 I0
6 I1
7 I2

Matching
0 C0
1 C0
2 C0
3 C0
4 C0
5 I0
6 I1
7 I2

Perfect match
Identity no
NOT no
Constant no
AND no
OR no
XOR no
AND-NOT no
OR-NOT no
XOR-NOT no

Matched
0 C0
1 C0
2 C0
3 C0
4 C0
5 I0
6 I1
7 I2

Selected
0 C0
1 C0
2 C0
3 C0
4 C0
5 I0
6 I1
7 I2

Applying to 10110011
Input
0 1
1 0
2 1
3 1
4 0
5 0
6 1
7 1
Output
0 C0 = 0
1 C0 = 0
2 C0 = 0
3 C0 = 0
4 C0 = 0
5 I0 = 1
6 I1 = 0
7 I2 = 1

I will now return the answer in \boxed{}
The answer in \boxed{–} is \boxed{00000101}
[correct]
true
