[category]
bit_manipulation
[prompt]
In Alice's Wonderland, a secret bit manipulation rule transforms 8-bit binary numbers. The transformation involves operations like bit shifts, rotations, XOR, AND, OR, NOT, and possibly majority or choice functions.

Here are some examples of input -> output:
10101001 -> 00001000
00111000 -> 00000000
01101111 -> 00011011
11000010 -> 00010000
10001000 -> 00000000
01000001 -> 00000000
11000111 -> 00110000
00110101 -> 00001001
10010100 -> 00100100
01100111 -> 00011001

Now, determine the output for: 01110101
[completion]
We need to deduce the transformation by matching the example outputs.
I will put my final answer inside \boxed{}.

Output 0: 00001000
0 0
1 0
2 0
3 0
4 1
5 0
6 0
7 0

Output 1: 00000000
0 0
1 0
2 0
3 0
4 0
5 0
6 0
7 0

Output 2: 00011011
0 0
1 0
2 0
3 1
4 1
5 0
6 1
7 1

Output 3: 00010000
0 0
1 0
2 0
3 1
4 0
5 0
6 0
7 0

Output 4: 00000000
0 0
1 0
2 0
3 0
4 0
5 0
6 0
7 0

Output 5: 00000000
0 0
1 0
2 0
3 0
4 0
5 0
6 0
7 0

Output 6: 00110000
0 0
1 0
2 1
3 1
4 0
5 0
6 0
7 0

Output 7: 00001001
0 0
1 0
2 0
3 0
4 1
5 0
6 0
7 1

Output 8: 00100100
0 0
1 0
2 1
3 0
4 0
5 1
6 0
7 0

Output 9: 00011001
0 0
1 0
2 0
3 1
4 1
5 0
6 0
7 1

Output bit columns (with bitsum as hash)
0 0000000000 a
1 0000000000 a
2 0000001010 2
3 0011001001 4
4 1010000101 4
5 0000000010 1
6 0010000000 1
7 0010000101 3

Input 0: 10101001
0 1
1 0
2 1
3 0
4 1
5 0
6 0
7 1

Input 1: 00111000
0 0
1 0
2 1
3 1
4 1
5 0
6 0
7 0

Input 2: 01101111
0 0
1 1
2 1
3 0
4 1
5 1
6 1
7 1

Input 3: 11000010
0 1
1 1
2 0
3 0
4 0
5 0
6 1
7 0

Input 4: 10001000
0 1
1 0
2 0
3 0
4 1
5 0
6 0
7 0

Input 5: 01000001
0 0
1 1
2 0
3 0
4 0
5 0
6 0
7 1

Input 6: 11000111
0 1
1 1
2 0
3 0
4 0
5 1
6 1
7 1

Input 7: 00110101
0 0
1 0
2 1
3 1
4 0
5 1
6 0
7 1

Input 8: 10010100
0 1
1 0
2 0
3 1
4 0
5 1
6 0
7 0

Input 9: 01100111
0 0
1 1
2 1
3 0
4 0
5 1
6 1
7 1

When matching output
x: not in operator
y: wrong position

Identity
0 1001101010 5
1 0011011001 5
2 1110000101 5
3 0100000110 3
4 1110100000 4
5 0010001111 5
6 0011001001 4 match 3
7 1010011101 6

Matching output
0 absent
1 absent
2 absent
3 6
4 absent
5 absent
6 absent
7 absent

Left
none
Best: none

Right
none
Best: none

NOT
0 0110010101 5
1 1100100110 5
2 0001111010 5
3 1011111001 7
4 0001011111 6
5 1101110000 5
6 1100110110 6
7 0101100010 4

Matching output
0 absent
1 absent
2 absent
3 absent
4 absent
5 absent
6 absent
7 absent

Left
none
Best: none

Right
none
Best: none

Constant
0 0000000000 a match 0 1
1 1111111111 a

Matching output
0 C0
1 C0
2 absent
3 absent
4 absent
5 absent
6 absent
7 absent

Left
0 0
Best: C0 0: 2

Right
none
Best: none

AND
01 10 0001001000 2
12 21 0010000001 2
23 32 0100000100 2
34 43 0100000000 1
45 54 0010000000 1 match 6
56 65 0010001001 3
67 76 0010001001 3
70 07 1000001000 2

02 20 1000000000 1
13 31 0000000000 a match 0 1
24 42 1110000000 3
35 53 0000000110 2
46 64 0010000000 1 match 6
57 75 0010001101 4
60 06 0001001000 2
71 17 0010011001 4

03 30 0000000010 1 match 5
14 41 0010000000 1 match 6
25 52 0010000101 3 match 7
36 63 0000000000 a match 0 1
47 74 1010000000 2
50 05 0000001010 2 match 2
61 16 0011001001 4 match 3
72 27 1010000101 4 match 4

04 40 1000100000 2
15 51 0010001001 3
26 62 0010000001 2
37 73 0000000100 1

Matching output
0 13 31 36 63
1 13 31 36 63
2 50 05
3 61 16
4 72 27
5 03 30
6 45 54 46 64 14 41
7 25 52

Left
13 24x
31 42x
36 47x
63 74x
Best: AND13: 1

Right
25 14 03 72 61 50 47x
52 41 30 27 16 05 74x
Best: AND25 14 03 72 61 50: 6

OR
01 10 1011111011 8
12 21 1111011101 8
23 32 1110000111 6
34 43 1110100110 6
45 54 1110101111 8
56 65 0011001111 6
67 76 1011011101 7
70 07 1011111111 9

02 20 1111101111 9
13 31 0111011111 8
24 42 1110100101 6
35 53 0110001111 6
46 64 1111101001 7
57 75 1010011111 7
60 06 1011101011 7
71 17 1011011101 7

03 30 1101101110 7
14 41 1111111001 8
25 52 1110001111 7
36 63 0111001111 7
47 74 1110111101 8
50 05 1011101111 8
61 16 0011011001 5
72 27 1110011101 7

04 40 1111101010 7
15 51 0011011111 7
26 62 1111001101 7
37 73 1110011111 8

Matching output
0 absent
1 absent
2 absent
3 absent
4 absent
5 absent
6 absent
7 absent

Left
none
Best: none

Right
none
Best: none

XOR
01 10 1010110011 6
12 21 1101011100 6
23 32 1010000011 4
34 43 1010100110 5
45 54 1100101111 7
56 65 0001000110 3
67 76 1001010100 4
70 07 0011110111 7

02 20 0111101111 8
13 31 0111011111 8
24 42 0000100101 3
35 53 0110001001 4
46 64 1101101001 6
57 75 1000010010 3
60 06 1010100011 5
71 17 1001000100 3

03 30 1101101100 6
14 41 1101111001 7
25 52 1100001010 4
36 63 0111001111 7
47 74 0100111101 6
50 05 1011100101 6
61 16 0000010000 1
72 27 0100011000 3

04 40 0111001010 5
15 51 0001010110 4
26 62 1101001100 5
37 73 1110011011 7

Matching output
0 absent
1 absent
2 absent
3 absent
4 absent
5 absent
6 absent
7 absent

Left
none
Best: none

Right
none
Best: none

AND-NOT
01 1000100010 3
12 0001011000 3
23 1010000001 3
34 0000000110 2
45 1100100000 3
56 0000000110 2
67 0001000000 1
70 0010010101 4

02 0001101010 4
13 0011011001 5
24 0000000101 2
35 0100000000 1
46 1100100000 3
57 0000000010 1 match 5
60 0010000001 2
71 1000000100 2

03 1001101000 4
14 0001011001 4
25 1100000000 2
36 0100000110 3
47 0100100000 2
50 0010000101 3 match 7
61 0000000000 a match 0 1
72 0000011000 2

04 0001001010 3
15 0001010000 2
26 1100000100 3
37 0100000010 2
40 0110000000 2
51 0000000110 2
62 0001001000 2
73 1010011001 5

05 1001100000 3
16 0000010000 1
27 0100000000 1
30 0100000100 2
41 1100100000 3
52 0000001010 2 match 2
63 0011001001 4 match 3
74 0000011101 4

06 1000100010 3
17 0001000000 1
20 0110000101 4
31 0100000110 3
42 0000100000 1
53 0010001001 3
64 0001001001 3
75 1000010000 2

07 0001100010 3
10 0010010001 3
21 1100000100 3
32 0000000010 1 match 5
43 1010100000 3
54 0000001111 4
65 0001000000 1
76 1000010100 3

Matching output
0 61
1 61
2 52
3 63
4 absent
5 57 32
6 absent
7 50

Left
61 72x
Best: AND-NOT61: 1

Right
50 47x
Best: AND-NOT50: 1

OR-NOT
01 1101101110 7
12 0011111011 7
23 1111111101 9
34 0101011111 7
45 1111110000 6
56 1110111111 9
67 0111101011 7
70 1110011101 7

02 1001111010 6
13 1011111001 7
24 1111011111 9
35 1101110110 7
46 1110110110 7
57 0111101111 8
60 0111011101 7
71 1110111111 9

03 1011111011 8
14 0011011111 7
25 1111110101 8
36 1100110110 6
47 1111100010 6
50 0110011111 7
61 1111101111 9
72 1011111111 9

04 1001111111 8
15 1111111001 8
26 1110110111 8
37 0101100110 5
40 1110110101 7
51 1110101111 8
62 0011111011 7
73 1011111101 8

05 1101111010 7
16 1111111111 a
27 1111100111 8
30 0110010111 6
41 1110100110 6
52 0011111111 8
63 1011111001 7
74 1011011111 8

06 1101111110 8
17 0111111011 8
20 1110010101 6
31 1100100110 5
42 1111111010 8
53 1011111111 9
64 0011011111 7
75 1111111101 9

07 1101101010 6
10 0111011101 7
21 1110100111 7
32 0101111110 7
43 1111111001 8
54 0011011111 7
65 1111111001 8
76 1110111111 9

Matching output
0 absent
1 absent
2 absent
3 absent
4 absent
5 absent
6 absent
7 absent

Left
none
Best: none

Right
none
Best: none

XOR-NOT
01 0101001100 4
12 0010100011 4
23 0101111100 6
34 0101011001 5
45 0011010000 3
56 1110111001 7
67 0110101011 6
70 1100001000 3

02 1000010000 2
13 1000100000 2
24 1111011010 7
35 1001110110 6
46 0010010110 4
57 0111101101 7
60 0101011100 5
71 0110111011 7

03 0010010011 4
14 0010000110 3
25 0011110101 6
36 1000110000 3
47 1011000010 4
50 0100011010 4
61 1111101111 9
72 1011100111 7

04 1000110101 5
15 1110101001 6
26 0010110011 5
37 0001100100 3
40 1000110101 5
51 1110101001 6
62 0010110011 5
73 0001100100 3

05 0100011010 4
16 1111101111 9
27 1011100111 7
30 0010010011 4
41 0010000110 3
52 0011110101 6
63 1000110000 3
74 1011000010 4

06 0101011100 5
17 0110111011 7
20 1000010000 2
31 1000100000 2
42 1111011010 7
53 1001110110 6
64 0010010110 4
75 0111101101 7

07 1100001000 3
10 0101001100 4
21 0010100011 4
32 0101111100 6
43 0101011001 5
54 0011010000 3
65 1110111001 7
76 0110101011 6

Matching output
0 absent
1 absent
2 absent
3 absent
4 absent
5 absent
6 absent
7 absent

Left
none
Best: none

Right
none
Best: none

Selecting

Lefts
Identity none
NOT none
Constant C0 0: 2
AND AND13: 1
OR none
XOR none
AND-NOT AND-NOT61: 1
OR-NOT none
XOR-NOT none

Rights
Identity none
NOT none
Constant none
AND AND25 14 03 72 61 50: 6
OR none
XOR none
AND-NOT AND-NOT50: 1
OR-NOT none
XOR-NOT none

Left longest: 2
Right longest: 6

Right winner: Identity no, NOT no, Constant no, AND yes, OR no, XOR no, AND-NOT no, OR-NOT no, XOR-NOT no
Left winner: Identity no, NOT no, Constant yes, AND no, OR no, XOR no, AND-NOT no, OR-NOT no, XOR-NOT no

Best right: AND25 14 03 72 61 50: 6
Best left: C0 0: 2

Truncated right: AND25 14 03 72 61 50: 6
Truncated left: C0 0: 2

Tentative from right
7 AND25
6 AND14
5 AND03
4 AND72
3 AND61
2 AND50
1 pending
0 pending

Tentative
0 C0
1 C0
2 AND50
3 AND61
4 AND72
5 AND03
6 AND14
7 AND25

Preferred from right
7 AND25
6 AND14
5 AND03
4 AND72
3 AND61
2 AND50
1 C0
0 C0

Preferred from left
0 C0
1 C0
2 AND50
3 AND61
4 AND72
5 AND03
6 AND14
7 AND25

Preferred
0 C0
1 C0
2 AND50
3 AND61
4 AND72
5 AND03
6 AND14
7 AND25

Matching
0 C0
1 C0
2 AND50
3 AND61
4 AND72
5 AND03
6 AND14
7 AND25

Perfect match
Identity no
NOT no
Constant no
AND no
OR no
XOR no
AND-NOT no
OR-NOT no
XOR-NOT no

Matched
0 C0
1 C0
2 AND50
3 AND61
4 AND72
5 AND03
6 AND14
7 AND25

Selected
0 C0
1 C0
2 AND50
3 AND61
4 AND72
5 AND03
6 AND14
7 AND25

Applying to 01110101
Input
0 0
1 1
2 1
3 1
4 0
5 1
6 0
7 1
Output
0 C0 = 0
1 C0 = 0
2 AND50 = AND(1,0) = 0
3 AND61 = AND(0,1) = 0
4 AND72 = AND(1,1) = 1
5 AND03 = AND(0,1) = 0
6 AND14 = AND(1,0) = 0
7 AND25 = AND(1,1) = 1

I will now return the answer in \boxed{}
The answer in \boxed{–} is \boxed{00001001}
[correct]
true
