[category]
bit_manipulation
[prompt]
In Alice's Wonderland, a secret bit manipulation rule transforms 8-bit binary numbers. The transformation involves operations like bit shifts, rotations, XOR, AND, OR, NOT, and possibly majority or choice functions.

Here are some examples of input -> output:
11101100 -> 00011101
01000110 -> 00001000
01111101 -> 00001111
01100010 -> 00001100
10100001 -> 00010100
01000001 -> 00001000
01010101 -> 00001010
00010101 -> 00000010
01101110 -> 00001101

Now, determine the output for: 01101001
[completion]
We need to deduce the transformation by matching the example outputs.
I will put my final answer inside \boxed{}.

Output 0: 00011101
0 0
1 0
2 0
3 1
4 1
5 1
6 0
7 1

Output 1: 00001000
0 0
1 0
2 0
3 0
4 1
5 0
6 0
7 0

Output 2: 00001111
0 0
1 0
2 0
3 0
4 1
5 1
6 1
7 1

Output 3: 00001100
0 0
1 0
2 0
3 0
4 1
5 1
6 0
7 0

Output 4: 00010100
0 0
1 0
2 0
3 1
4 0
5 1
6 0
7 0

Output 5: 00001000
0 0
1 0
2 0
3 0
4 1
5 0
6 0
7 0

Output 6: 00001010
0 0
1 0
2 0
3 0
4 1
5 0
6 1
7 0

Output 7: 00000010
0 0
1 0
2 0
3 0
4 0
5 0
6 1
7 0

Output 8: 00001101
0 0
1 0
2 0
3 0
4 1
5 1
6 0
7 1

Output bit columns (with bitsum as hash)
0 000000000 a
1 000000000 a
2 000000000 a
3 100010000 2
4 111101101 7
5 101110001 5
6 001000110 3
7 101000001 3

Input 0: 11101100
0 1
1 1
2 1
3 0
4 1
5 1
6 0
7 0

Input 1: 01000110
0 0
1 1
2 0
3 0
4 0
5 1
6 1
7 0

Input 2: 01111101
0 0
1 1
2 1
3 1
4 1
5 1
6 0
7 1

Input 3: 01100010
0 0
1 1
2 1
3 0
4 0
5 0
6 1
7 0

Input 4: 10100001
0 1
1 0
2 1
3 0
4 0
5 0
6 0
7 1

Input 5: 01000001
0 0
1 1
2 0
3 0
4 0
5 0
6 0
7 1

Input 6: 01010101
0 0
1 1
2 0
3 1
4 0
5 1
6 0
7 1

Input 7: 00010101
0 0
1 0
2 0
3 1
4 0
5 1
6 0
7 1

Input 8: 01101110
0 0
1 1
2 1
3 0
4 1
5 1
6 1
7 0

When matching output
x: not in operator
y: wrong position

Identity
0 100010000 2 match 3
1 111101101 7 match 4
2 101110001 5 match 5
3 001000110 3 match 6
4 101000001 3 match 7
5 111000111 6
6 010100001 3
7 001011110 5

Matching output
0 absent
1 absent
2 absent
3 0
4 1
5 2
6 3
7 4

Left
none
Best: none

Right
4 3 2 1 0 7x
Best: I4 3 2 1 0: 5

NOT
0 011101111 7
1 000010010 2
2 010001110 4
3 110111001 6
4 010111110 6
5 000111000 3
6 101011110 6
7 110100001 4

Matching output
0 absent
1 absent
2 absent
3 absent
4 absent
5 absent
6 absent
7 absent

Left
none
Best: none

Right
none
Best: none

Constant
0 000000000 a match 0 1 2
1 111111111 a

Matching output
0 C0
1 C0
2 C0
3 absent
4 absent
5 absent
6 absent
7 absent

Left
0 0 0
Best: C0 0 0: 3

Right
none
Best: none

AND
01 10 100000000 1
12 21 101100001 4
23 32 001000000 1
34 43 001000000 1
45 54 101000001 3 match 7
56 65 010000001 2
67 76 000000000 a match 0 1 2
70 07 000010000 1

02 20 100010000 2 match 3
13 31 001000100 2
24 42 101000001 3 match 7
35 53 001000110 3 match 6
46 64 000000001 1
57 75 001000110 3 match 6
60 06 000000000 a match 0 1 2
71 17 001001100 3

03 30 000000000 a match 0 1 2
14 41 101000001 3 match 7
25 52 101000001 3 match 7
36 63 000000000 a match 0 1 2
47 74 001000000 1
50 05 100000000 1
61 16 010100001 3
72 27 001010000 2

04 40 100000000 1
15 51 111000101 5
26 62 000100001 2
37 73 001000110 3 match 6

Matching output
0 67 76 60 06 03 30 36 63
1 67 76 60 06 03 30 36 63
2 67 76 60 06 03 30 36 63
3 02 20
4 absent
5 absent
6 35 53 57 75 37 73
7 45 54 24 42 14 41 25 52

Left
67 70x
76 07x
60 71x
06 17x
03 14y
30 41y
36 47x
63 74x
Best: AND67: 1

Right
45 34x
54 43x
24 13x
42 31x
14 03y
41 30y
25 14y
52 41y
Best: AND45: 1

OR
01 10 111111101 8
12 21 111111101 8
23 32 101110111 7
34 43 101000111 5
45 54 111000111 6
56 65 111100111 7
67 76 011111111 8
70 07 101011110 6

02 20 101110001 5 match 5
13 31 111101111 8
24 42 101110001 5 match 5
35 53 111000111 6
46 64 111100001 5
57 75 111011111 8
60 06 110110001 5
71 17 111111111 a

03 30 101010110 5
14 41 111101101 7 match 4
25 52 111110111 8
36 63 011100111 6
47 74 101011111 7
50 05 111010111 7
61 16 111101101 7 match 4
72 27 101111111 8

04 40 101010001 4
15 51 111101111 8
26 62 111110001 6
37 73 001011110 5

Matching output
0 absent
1 absent
2 absent
3 absent
4 14 41 61 16
5 02 20 24 42
6 absent
7 absent

Left
none
Best: none

Right
none
Best: none

XOR
01 10 011111101 7
12 21 010011100 4
23 32 100110111 6
34 43 100000111 4
45 54 010000110 3
56 65 101100110 5
67 76 011111111 8
70 07 101001110 5

02 20 001100001 3
13 31 110101011 6
24 42 000110000 2
35 53 110000001 3
46 64 111100000 4
57 75 110011001 5
60 06 110110001 5
71 17 110110011 6

03 30 101010110 5
14 41 010101100 4
25 52 010110110 5
36 63 011100111 6
47 74 100011111 6
50 05 011010111 6
61 16 101001100 4
72 27 100101111 6

04 40 001010001 3
15 51 000101010 3
26 62 111010000 4
37 73 000011000 2

Matching output
0 absent
1 absent
2 absent
3 absent
4 absent
5 absent
6 absent
7 absent

Left
none
Best: none

Right
none
Best: none

AND-NOT
01 000010000 1
12 010001100 3
23 100110001 4
34 000000110 2
45 000000000 a match 0 1 2
56 101000110 4
67 010100001 3
70 001001110 4

02 000000000 a match 0 1 2
13 110101001 5
24 000110000 2
35 000000000 a match 0 1 2
46 101000000 2
57 110000001 3
60 010100001 3
71 000010010 2

03 100010000 2 match 3
14 010101100 4
25 000110000 2
36 001000110 3 match 6
47 100000001 2
50 011000111 5
61 000000000 a match 0 1 2
72 000001110 3

04 000010000 1
15 000101000 2
26 101010000 3
37 000000000 a match 0 1 2
40 001000001 2
51 000000010 1
62 010000000 1
73 000011000 2

05 000010000 1
16 101001100 4
27 100100001 3
30 001000110 3 match 6
41 000000000 a match 0 1 2
52 010000110 3
63 010100001 3
74 000011110 4

06 100010000 2 match 3
17 110100001 4
20 001100001 3
31 000000010 1
42 000000000 a match 0 1 2
53 110000001 3
64 010100000 2
75 000011000 2

07 100000000 1
10 011101101 6
21 000010000 1
32 000000110 2
43 100000001 2
54 010000110 3
65 000100000 1
76 001011110 5

Matching output
0 45 02 35 61 37 41 42
1 45 02 35 61 37 41 42
2 45 02 35 61 37 41 42
3 03 06
4 absent
5 absent
6 36 30
7 absent

Left
45 56x
02 13x
35 46x
61 72x
37 40x
41 52x
42 53x
Best: AND-NOT45: 1

Right
none
Best: none

OR-NOT
01 100010010 3
12 111101111 8
23 111111001 7
34 011111110 7
45 101111001 6
56 111011111 8
67 110100001 4
70 011111111 8

02 110011110 6
13 111111101 8
24 111111111 a
35 001111110 6
46 101011111 7
57 111100111 7
60 011101111 7
71 001011110 5

03 110111001 6
14 111111111 a
25 101111001 6
36 101011110 6
47 111100001 5
50 111101111 8
61 010110011 5
72 011011110 6

04 110111110 7
15 111111101 8
26 101111111 8
37 111100111 7
40 111101111 8
51 111010111 7
62 010101111 6
73 111111111 a

05 100111000 4
16 111111111 a
27 111110001 6
30 011101111 7
41 101010011 5
52 111001111 7
63 110111001 6
74 011111110 7

06 101011110 6
17 111101101 7 match 4
20 111111111 a
31 001010110 4
42 111001111 7
53 111111111 a
64 010111111 7
75 001111110 6

07 110110001 5
10 111101111 8
21 101110011 6
32 011001110 5
43 111111001 7
54 111111111 a
65 010111001 5
76 101011110 6

Matching output
0 absent
1 absent
2 absent
3 absent
4 17
5 absent
6 absent
7 absent

Left
none
Best: none

Right
none
Best: none

XOR-NOT
01 100000010 2
12 101100011 5
23 011001000 3
34 011111000 5
45 101111001 6
56 010011001 4
67 100000000 1
70 010110001 4

02 110011110 6
13 001010100 3
24 111001111 7
35 001111110 6
46 000011111 5
57 001100110 4
60 001001110 4
71 001001100 3

03 010101001 4
14 101010011 5
25 101001001 4
36 100011000 3
47 011100000 3
50 100101000 3
61 010110011 5
72 011010000 3

04 110101110 6
15 111010101 6
26 000101111 5
37 111100111 7
40 110101110 6
51 111010101 6
62 000101111 5
73 111100111 7

05 100101000 3
16 010110011 5
27 011010000 3
30 010101001 4
41 101010011 5
52 101001001 4
63 100011000 3
74 011100000 3

06 001001110 4
17 001001100 3
20 110011110 6
31 001010100 3
42 111001111 7
53 001111110 6
64 000011111 5
75 001100110 4

07 010110001 4
10 100000010 2
21 101100011 5
32 011001000 3
43 011111000 5
54 101111001 6
65 010011001 4
76 100000000 1

Matching output
0 absent
1 absent
2 absent
3 absent
4 absent
5 absent
6 absent
7 absent

Left
none
Best: none

Right
none
Best: none

Selecting

Lefts
Identity none
NOT none
Constant C0 0 0: 3
AND AND67: 1
OR none
XOR none
AND-NOT AND-NOT45: 1
OR-NOT none
XOR-NOT none

Rights
Identity I4 3 2 1 0: 5
NOT none
Constant none
AND AND45: 1
OR none
XOR none
AND-NOT none
OR-NOT none
XOR-NOT none

Left longest: 3
Right longest: 5

Right winner: Identity yes, NOT no, Constant no, AND no, OR no, XOR no, AND-NOT no, OR-NOT no, XOR-NOT no
Left winner: Identity no, NOT no, Constant yes, AND no, OR no, XOR no, AND-NOT no, OR-NOT no, XOR-NOT no

Best right: I4 3 2 1 0: 5
Best left: C0 0 0: 3

Truncated right: I4 3 2 1 0: 5
Truncated left: C0 0 0: 3

Tentative from right
7 I4
6 I3
5 I2
4 I1
3 I0
2 pending
1 pending
0 pending

Tentative
0 C0
1 C0
2 C0
3 I0
4 I1
5 I2
6 I3
7 I4

Preferred from right
7 I4
6 I3
5 I2
4 I1
3 I0
2 C0
1 C0
0 C0

Preferred from left
0 C0
1 C0
2 C0
3 I0
4 I1
5 I2
6 I3
7 I4

Preferred
0 C0
1 C0
2 C0
3 I0
4 I1
5 I2
6 I3
7 I4

Matching
0 C0
1 C0
2 C0
3 I0
4 I1
5 I2
6 I3
7 I4

Perfect match
Identity no
NOT no
Constant no
AND no
OR no
XOR no
AND-NOT no
OR-NOT no
XOR-NOT no

Matched
0 C0
1 C0
2 C0
3 I0
4 I1
5 I2
6 I3
7 I4

Selected
0 C0
1 C0
2 C0
3 I0
4 I1
5 I2
6 I3
7 I4

Applying to 01101001
Input
0 0
1 1
2 1
3 0
4 1
5 0
6 0
7 1
Output
0 C0 = 0
1 C0 = 0
2 C0 = 0
3 I0 = 0
4 I1 = 1
5 I2 = 1
6 I3 = 0
7 I4 = 1

I will now return the answer in \boxed{}
The answer in \boxed{–} is \boxed{00001101}
[correct]
true
