[category]
bit_manipulation
[prompt]
In Alice's Wonderland, a secret bit manipulation rule transforms 8-bit binary numbers. The transformation involves operations like bit shifts, rotations, XOR, AND, OR, NOT, and possibly majority or choice functions.

Here are some examples of input -> output:
10010001 -> 01000110
00010011 -> 11100010
11100110 -> 01110101
11110101 -> 10010111
00100110 -> 11000101
11000111 -> 01111111
00100001 -> 00001010
01110000 -> 11111100

Now, determine the output for: 01000110
[completion]
We need to deduce the transformation by matching the example outputs.
I will put my final answer inside \boxed{}.

Output 0: 01000110
0 0
1 1
2 0
3 0
4 0
5 1
6 1
7 0

Output 1: 11100010
0 1
1 1
2 1
3 0
4 0
5 0
6 1
7 0

Output 2: 01110101
0 0
1 1
2 1
3 1
4 0
5 1
6 0
7 1

Output 3: 10010111
0 1
1 0
2 0
3 1
4 0
5 1
6 1
7 1

Output 4: 11000101
0 1
1 1
2 0
3 0
4 0
5 1
6 0
7 1

Output 5: 01111111
0 0
1 1
2 1
3 1
4 1
5 1
6 1
7 1

Output 6: 00001010
0 0
1 0
2 0
3 0
4 1
5 0
6 1
7 0

Output 7: 11111100
0 1
1 1
2 1
3 1
4 1
5 1
6 0
7 0

Output bit columns (with bitsum as hash)
0 01011001 4
1 11101101 6
2 01100101 4
3 00110101 4
4 00000111 3
5 10111101 6
6 11010110 5
7 00111100 4

Input 0: 10010001
0 1
1 0
2 0
3 1
4 0
5 0
6 0
7 1

Input 1: 00010011
0 0
1 0
2 0
3 1
4 0
5 0
6 1
7 1

Input 2: 11100110
0 1
1 1
2 1
3 0
4 0
5 1
6 1
7 0

Input 3: 11110101
0 1
1 1
2 1
3 1
4 0
5 1
6 0
7 1

Input 4: 00100110
0 0
1 0
2 1
3 0
4 0
5 1
6 1
7 0

Input 5: 11000111
0 1
1 1
2 0
3 0
4 0
5 1
6 1
7 1

Input 6: 00100001
0 0
1 0
2 1
3 0
4 0
5 0
6 0
7 1

Input 7: 01110000
0 0
1 1
2 1
3 1
4 0
5 0
6 0
7 0

When matching output
x: not in operator
y: wrong position

Identity
0 10110100 4
1 00110101 4 match 3
2 00111011 5
3 11010001 4
4 00000000 a
5 00111100 4 match 7
6 01101100 4
7 11010110 5 match 6

Matching output
0 absent
1 absent
2 absent
3 1
4 absent
5 absent
6 7
7 5

Left
none
Best: none

Right
5 4x
Best: I5: 1

NOT
0 01001011 4
1 11001010 4
2 11000100 3
3 00101110 4
4 11111111 a
5 11000011 4
6 10010011 4
7 00101001 3

Matching output
0 absent
1 absent
2 absent
3 absent
4 absent
5 absent
6 absent
7 absent

Left
none
Best: none

Right
none
Best: none

Constant
0 00000000 a
1 11111111 a

Matching output
0 absent
1 absent
2 absent
3 absent
4 absent
5 absent
6 absent
7 absent

Left
none
Best: none

Right
none
Best: none

AND
01 10 00110100 3
12 21 00110001 3
23 32 00010001 2
34 43 00000000 a
45 54 00000000 a
56 65 00101100 3
67 76 01000100 2
70 07 10010100 3

02 20 00110000 2
13 31 00010001 2
24 42 00000000 a
35 53 00010000 1
46 64 00000000 a
57 75 00010100 2
60 06 00100100 2
71 17 00010100 2

03 30 10010000 2
14 41 00000000 a
25 52 00111000 3
36 63 01000000 1
47 74 00000000 a
50 05 00110100 3
61 16 00100100 2
72 27 00010010 2

04 40 00000000 a
15 51 00110100 3
26 62 00101000 2
37 73 11010000 3

Matching output
0 absent
1 absent
2 absent
3 absent
4 absent
5 absent
6 absent
7 absent

Left
none
Best: none

Right
none
Best: none

OR
01 10 10110101 5
12 21 00111111 6
23 32 11111011 7
34 43 11010001 4
45 54 00111100 4 match 7
56 65 01111100 5
67 76 11111110 7
70 07 11110110 6

02 20 10111111 7
13 31 11110101 6
24 42 00111011 5
35 53 11111101 7
46 64 01101100 4
57 75 11111110 7
60 06 11111100 6
71 17 11110111 7

03 30 11110101 6
14 41 00110101 4 match 3
25 52 00111111 6
36 63 11111101 7
47 74 11010110 5 match 6
50 05 10111100 5
61 16 01111101 6
72 27 11111111 a

04 40 10110100 4
15 51 00111101 5
26 62 01111111 7
37 73 11010111 6

Matching output
0 absent
1 absent
2 absent
3 14 41
4 absent
5 absent
6 47 74
7 45 54

Left
none
Best: none

Right
45 34x
54 43x
Best: OR45: 1

XOR
01 10 10000001 2
12 21 00001110 3
23 32 11101010 5
34 43 11010001 4
45 54 00111100 4 match 7
56 65 01010000 2
67 76 10111010 5
70 07 01100010 3

02 20 10001111 5
13 31 11100100 4
24 42 00111011 5
35 53 11101101 6 match 1
46 64 01101100 4
57 75 11101010 5
60 06 11011000 4
71 17 11100011 5

03 30 01100101 4 match 2
14 41 00110101 4 match 3
25 52 00000111 3 match 4
36 63 10111101 6 match 5
47 74 11010110 5 match 6
50 05 10001000 2
61 16 01011001 4 match 0
72 27 11101101 6 match 1

04 40 10110100 4
15 51 00001001 2
26 62 01010111 5
37 73 00000111 3 match 4

Matching output
0 61 16
1 35 53 72 27
2 03 30
3 14 41
4 25 52 37 73
5 36 63
6 47 74
7 45 54

Left
61 72 03 14 25 36 47 50x
16 27 30 41 52 63 74 05x
Best: XOR61 72 03 14 25 36 47: 7

Right
45 34x
54 43x
Best: XOR45: 1

AND-NOT
01 10000000 1
12 00000100 1
23 00101010 3
34 11010001 4
45 00000000 a
56 00010000 1
67 00101000 2
70 01000010 2

02 10000100 2
13 00100100 2
24 00111011 5
35 11000001 3
46 00000000 a
57 00101000 2
60 01001000 2
71 11000010 3

03 00100100 2
14 00110101 4 match 3
25 00000011 2
36 10010001 3
47 00000000 a
50 00001000 1
61 01001000 2
72 11000100 3

04 10110100 4
15 00000001 1
26 00010011 3
37 00000001 1
40 00000000 a
51 00001000 1
62 01000100 2
73 00000110 2

05 10000000 1
16 00010001 2
27 00101001 3
30 01000001 2
41 00000000 a
52 00000100 1
63 00101100 3
74 11010110 5 match 6

06 10010000 2
17 00100001 2
20 00001011 3
31 11000000 2
42 00000000 a
53 00101100 3
64 01101100 4
75 11000010 3

07 00100000 1
10 00000001 1
21 00001010 2
32 11000000 2
43 00000000 a
54 00111100 4 match 7
65 01000000 1
76 10010010 3

Matching output
0 absent
1 absent
2 absent
3 14
4 absent
5 absent
6 74
7 54

Left
none
Best: none

Right
54 43x
Best: AND-NOT54: 1

OR-NOT
01 11111110 7
12 11110101 6
23 00111111 6
34 11111111 a
45 11000011 4
56 10111111 7
67 01101101 5
70 11011111 7

02 11110100 5
13 00111111 6
24 11111111 a
35 11010011 5
46 10010011 4
57 00111101 5
60 01101111 6
71 11011110 6

03 10111110 6
14 11111111 a
25 11111011 7
36 11010011 5
47 00101001 3
50 01111111 7
61 11101110 6
72 11010110 5 match 6

04 11111111 a
15 11110111 7
26 10111011 6
37 11111001 6
40 01001011 4
51 11111110 7
62 11101100 5
73 11111110 7

05 11110111 7
16 10110111 6
27 00111011 5
30 11011011 6
41 11001010 4
52 11111100 6
63 01101110 5
74 11111111 a

06 10110111 6
17 00111101 5
20 01111011 6
31 11011011 6
42 11000100 3
53 00111110 5
64 11111111 a
75 11010111 6

07 10111101 6 match 5
10 01111111 7
21 11111011 7
32 11010101 5
43 00101110 4
54 11111111 a
65 11101111 7
76 11010111 6

Matching output
0 absent
1 absent
2 absent
3 absent
4 absent
5 07
6 72
7 absent

Left
none
Best: none

Right
none
Best: none

XOR-NOT
01 01111110 6
12 11110001 5
23 00010101 3
34 00101110 4
45 11000011 4
56 10101111 6
67 01000101 3
70 10011101 5

02 01110000 3
13 00011011 4
24 11000100 3
35 00010010 2
46 10010011 4
57 00010101 3
60 00100111 4
71 00011100 3

03 10011010 4
14 11001010 4
25 11111000 5
36 01000010 2
47 00101001 3
50 01110111 6
61 10100110 4
72 00010010 2

04 01001011 4
15 11110110 6
26 10101000 3
37 11111000 5
40 01001011 4
51 11110110 6
62 10101000 3
73 11111000 5

05 01110111 6
16 10100110 4
27 00010010 2
30 10011010 4
41 11001010 4
52 11111000 5
63 01000010 2
74 00101001 3

06 00100111 4
17 00011100 3
20 01110000 3
31 00011011 4
42 11000100 3
53 00010010 2
64 10010011 4
75 00010101 3

07 10011101 5
10 01111110 6
21 11110001 5
32 00010101 3
43 00101110 4
54 11000011 4
65 10101111 6
76 01000101 3

Matching output
0 absent
1 absent
2 absent
3 absent
4 absent
5 absent
6 absent
7 absent

Left
none
Best: none

Right
none
Best: none

Selecting

Lefts
Identity none
NOT none
Constant none
AND none
OR none
XOR XOR61 72 03 14 25 36 47: 7
AND-NOT none
OR-NOT none
XOR-NOT none

Rights
Identity I5: 1
NOT none
Constant none
AND none
OR OR45: 1
XOR XOR45: 1
AND-NOT AND-NOT54: 1
OR-NOT none
XOR-NOT none

Left longest: 7
Right longest: 1

Left winner: Identity no, NOT no, Constant no, AND no, OR no, XOR yes, AND-NOT no, OR-NOT no, XOR-NOT no
Right winner: Identity yes, NOT no, Constant no, AND no, OR no, XOR no, AND-NOT no, OR-NOT no, XOR-NOT no

Best left: XOR61 72 03 14 25 36 47: 7
Best right: I5: 1

Truncated left: XOR61 72 03 14 25 36 47: 7
Truncated right: I5: 1

Tentative from right
7 I5
6 pending
5 pending
4 pending
3 pending
2 pending
1 pending
0 pending

Tentative
0 XOR61
1 XOR72
2 XOR03
3 XOR14
4 XOR25
5 XOR36
6 XOR47
7 I5

Preferred from left
0 XOR61
1 XOR72
2 XOR03
3 XOR14
4 XOR25
5 XOR36
6 XOR47
7 I5

Preferred from right
7 I5
6 XOR47
5 XOR36
4 XOR25
3 XOR14
2 XOR03
1 XOR72
0 XOR61

Preferred
0 XOR61
1 XOR72
2 XOR03
3 XOR14
4 XOR25
5 XOR36
6 XOR47
7 I5

Matching
0 XOR61
1 XOR72
2 XOR03
3 XOR14
4 XOR25
5 XOR36
6 XOR47
7 I5

Perfect match
Identity no
NOT no
Constant no
AND no
OR no
XOR no
AND-NOT no
OR-NOT no
XOR-NOT no

Matched
0 XOR61
1 XOR72
2 XOR03
3 XOR14
4 XOR25
5 XOR36
6 XOR47
7 I5

Selected
0 XOR61
1 XOR72
2 XOR03
3 XOR14
4 XOR25
5 XOR36
6 XOR47
7 I5

Applying to 01000110
Input
0 0
1 1
2 0
3 0
4 0
5 1
6 1
7 0
Output
0 XOR61 = XOR(1,1) = 0
1 XOR72 = XOR(0,0) = 0
2 XOR03 = XOR(0,0) = 0
3 XOR14 = XOR(1,0) = 1
4 XOR25 = XOR(0,1) = 1
5 XOR36 = XOR(0,1) = 1
6 XOR47 = XOR(0,0) = 0
7 I5 = 1

I will now return the answer in \boxed{}
The answer in \boxed{–} is \boxed{00011101}
[correct]
true
