[category]
bit_manipulation
[prompt]
In Alice's Wonderland, a secret bit manipulation rule transforms 8-bit binary numbers. The transformation involves operations like bit shifts, rotations, XOR, AND, OR, NOT, and possibly majority or choice functions.

Here are some examples of input -> output:
00101100 -> 00001011
11000110 -> 00110001
11111100 -> 00111111
00010000 -> 00000100
11000000 -> 00110000
01100111 -> 00011001
01111000 -> 00011110
01011100 -> 00010111

Now, determine the output for: 10010111
[completion]
We need to deduce the transformation by matching the example outputs.
I will put my final answer inside \boxed{}.

Output 0: 00001011
0 0
1 0
2 0
3 0
4 1
5 0
6 1
7 1

Output 1: 00110001
0 0
1 0
2 1
3 1
4 0
5 0
6 0
7 1

Output 2: 00111111
0 0
1 0
2 1
3 1
4 1
5 1
6 1
7 1

Output 3: 00000100
0 0
1 0
2 0
3 0
4 0
5 1
6 0
7 0

Output 4: 00110000
0 0
1 0
2 1
3 1
4 0
5 0
6 0
7 0

Output 5: 00011001
0 0
1 0
2 0
3 1
4 1
5 0
6 0
7 1

Output 6: 00011110
0 0
1 0
2 0
3 1
4 1
5 1
6 1
7 0

Output 7: 00010111
0 0
1 0
2 0
3 1
4 0
5 1
6 1
7 1

Output bit columns (with bitsum as hash)
0 00000000 a
1 00000000 a
2 01101000 3
3 01101111 6
4 10100110 4
5 00110011 4
6 10100011 4
7 11100101 5

Input 0: 00101100
0 0
1 0
2 1
3 0
4 1
5 1
6 0
7 0

Input 1: 11000110
0 1
1 1
2 0
3 0
4 0
5 1
6 1
7 0

Input 2: 11111100
0 1
1 1
2 1
3 1
4 1
5 1
6 0
7 0

Input 3: 00010000
0 0
1 0
2 0
3 1
4 0
5 0
6 0
7 0

Input 4: 11000000
0 1
1 1
2 0
3 0
4 0
5 0
6 0
7 0

Input 5: 01100111
0 0
1 1
2 1
3 0
4 0
5 1
6 1
7 1

Input 6: 01111000
0 0
1 1
2 1
3 1
4 1
5 0
6 0
7 0

Input 7: 01011100
0 0
1 1
2 0
3 1
4 1
5 1
6 0
7 0

When matching output
x: not in operator
y: wrong position

Identity
0 01101000 3 match 2
1 01101111 6 match 3
2 10100110 4 match 4
3 00110011 4 match 5
4 10100011 4 match 6
5 11100101 5 match 7
6 01000100 2
7 00000100 1

Matching output
0 absent
1 absent
2 0
3 1
4 2
5 3
6 4
7 5

Left
none
Best: none

Right
5 4 3 2 1 0 7x
Best: I5 4 3 2 1 0: 6

NOT
0 10010111 5
1 10010000 2
2 01011001 4
3 11001100 4
4 01011100 4
5 00011010 3
6 10111011 6
7 11111011 7

Matching output
0 absent
1 absent
2 absent
3 absent
4 absent
5 absent
6 absent
7 absent

Left
none
Best: none

Right
none
Best: none

Constant
0 00000000 a match 0 1
1 11111111 a

Matching output
0 C0
1 C0
2 absent
3 absent
4 absent
5 absent
6 absent
7 absent

Left
0 0
Best: C0 0: 2

Right
none
Best: none

AND
01 10 01101000 3 match 2
12 21 00100110 3
23 32 00100010 2
34 43 00100011 3
45 54 10100001 3
56 65 01000100 2
67 76 00000100 1
70 07 00000000 a match 0 1

02 20 00100000 1
13 31 00100011 3
24 42 10100010 3
35 53 00100001 2
46 64 00000000 a match 0 1
57 75 00000100 1
60 06 01000000 1
71 17 00000100 1

03 30 00100000 1
14 41 00100011 3
25 52 10100100 3
36 63 00000000 a match 0 1
47 74 00000000 a match 0 1
50 05 01100000 2
61 16 01000100 2
72 27 00000100 1

04 40 00100000 1
15 51 01100101 4
26 62 00000100 1
37 73 00000000 a match 0 1

Matching output
0 70 07 46 64 36 63 47 74 37 73
1 70 07 46 64 36 63 47 74 37 73
2 01 10
3 absent
4 absent
5 absent
6 absent
7 absent

Left
70 01y
07 10y
46 57x
64 75x
36 47 50x
63 74 05x
47 50x
74 05x
37 40x
73 04x
Best: AND36 47: 2

Right
none
Best: none

OR
01 10 01101111 6 match 3
12 21 11101111 7
23 32 10110111 6
34 43 10110011 5
45 54 11100111 6
56 65 11100101 5 match 7
67 76 01000100 2
70 07 01101100 4

02 20 11101110 6
13 31 01111111 7
24 42 10100111 5
35 53 11110111 7
46 64 11100111 6
57 75 11100101 5 match 7
60 06 01101100 4
71 17 01101111 6 match 3

03 30 01111011 6
14 41 11101111 7
25 52 11100111 6
36 63 01110111 6
47 74 10100111 5
50 05 11101101 6
61 16 01101111 6 match 3
72 27 10100110 4 match 4

04 40 11101011 6
15 51 11101111 7
26 62 11100110 5
37 73 00110111 5

Matching output
0 absent
1 absent
2 absent
3 01 10 71 17 61 16
4 72 27
5 absent
6 absent
7 56 65 57 75

Left
none
Best: none

Right
56 45x
65 54x
57 46x
75 64x
Best: OR56: 1

XOR
01 10 00000111 3
12 21 11001001 4
23 32 10010101 4
34 43 10010000 2
45 54 01000110 3
56 65 10100001 3
67 76 01000000 1
70 07 01101100 4

02 20 11001110 5
13 31 01011100 4
24 42 00000101 2
35 53 11010110 5
46 64 11100111 6
57 75 11100001 4
60 06 00101100 3
71 17 01101011 5

03 30 01011011 5
14 41 11001100 4
25 52 01000011 3
36 63 01110111 6
47 74 10100111 5
50 05 10001101 4
61 16 00101011 4
72 27 10100010 3

04 40 11001011 5
15 51 10001010 3
26 62 11100010 4
37 73 00110111 5

Matching output
0 absent
1 absent
2 absent
3 absent
4 absent
5 absent
6 absent
7 absent

Left
none
Best: none

Right
none
Best: none

AND-NOT
01 00000000 a match 0 1
12 01001001 3
23 10000100 2
34 00010000 1
45 00000010 1
56 10100001 3
67 01000000 1
70 00000100 1

02 01001000 2
13 01001100 3
24 00000100 1
35 00010010 2
46 10100011 4 match 6
57 11100001 4
60 00000100 1
71 00000000 a match 0 1

03 01001000 2
14 01001100 3
25 00000010 1
36 00110011 4 match 5
47 10100011 4 match 6
50 10000101 3
61 00000000 a match 0 1
72 00000000 a match 0 1

04 01001000 2
15 00001010 2
26 10100010 3
37 00110011 4 match 5
40 10000011 3
51 10000000 1
62 01000000 1
73 00000100 1

05 00001000 1
16 00101011 4
27 10100010 3
30 00010011 3
41 10000000 1
52 01000001 2
63 01000100 2
74 00000100 1

06 00101000 2
17 01101011 5
20 10000110 3
31 00010000 1
42 00000001 1
53 11000100 3
64 01000100 2
75 00000000 a match 0 1

07 01101000 3 match 2
10 00000111 3
21 10000000 1
32 00010001 2
43 10000000 1
54 01000100 2
65 00000000 a match 0 1
76 00000000 a match 0 1

Matching output
0 01 71 61 72 75 65 76
1 01 71 61 72 75 65 76
2 07
3 absent
4 absent
5 36 37
6 46 47
7 absent

Left
01 12x
71 02x
61 72 03x
72 03x
75 06x
65 76 07 10x
76 07y
Best: AND-NOT65 76 07: 3

Right
none
Best: none

OR-NOT
01 11111000 5
12 01111111 7
23 11101110 6
34 01111111 7
45 10111011 6
56 11111111 a
67 11111111 a
70 10010111 5

02 01111001 5
13 11101111 7
24 11111110 7
35 00111011 5
46 10111011 6
57 11111111 a
60 11010111 6
71 10010100 3

03 11101100 5
14 01111111 7
25 10111110 6
36 10111011 6
47 11111011 7
50 11110111 7
61 11010100 4
72 01011101 5

04 01111100 5
15 01111111 7
26 10111111 7
37 11111011 7
40 10110111 6
51 11110101 6
62 01011101 5
73 11001100 4

05 01111010 5
16 11111111 a
27 11111111 a
30 10110111 6
41 10110011 5
52 11111101 7
63 11001100 4
74 01011100 4

06 11111011 7
17 11111111 a
20 10110111 6
31 10110011 5
42 11111011 7
53 11101101 6
64 01011100 4
75 00011110 4

07 11111011 7
10 11111111 a
21 10110110 5
32 01111011 6
43 11101111 7
54 11111101 7
65 01011110 5
76 10111111 7

Matching output
0 absent
1 absent
2 absent
3 absent
4 absent
5 absent
6 absent
7 absent

Left
none
Best: none

Right
none
Best: none

XOR-NOT
01 11111000 5
12 00110110 4
23 01101010 4
34 01101111 6 match 3
45 10111001 5
56 01011110 5
67 10111111 7
70 10010011 4

02 00110001 3
13 10100011 4 match 6
24 11111010 6
35 00101001 3
46 00011000 2
57 00011110 4
60 11010011 5
71 10010100 3

03 10100100 3
14 00110011 4 match 5
25 10111100 5
36 10001000 2
47 01011000 3
50 01110010 4
61 11010100 4
72 01011101 5

04 00110100 3
15 01110101 5
26 00011101 4
37 11001000 3
40 00110100 3
51 01110101 5
62 00011101 4
73 11001000 3

05 01110010 4
16 11010100 4
27 01011101 5
30 10100100 3
41 00110011 4 match 5
52 10111100 5
63 10001000 2
74 01011000 3

06 11010011 5
17 10010100 3
20 00110001 3
31 10100011 4 match 6
42 11111010 6
53 00101001 3
64 00011000 2
75 00011110 4

07 10010011 4
10 11111000 5
21 00110110 4
32 01101010 4
43 01101111 6 match 3
54 10111001 5
65 01011110 5
76 10111111 7

Matching output
0 absent
1 absent
2 absent
3 34 43
4 absent
5 14 41
6 13 31
7 absent

Left
none
Best: none

Right
none
Best: none

Selecting

Lefts
Identity none
NOT none
Constant C0 0: 2
AND AND36 47: 2
OR none
XOR none
AND-NOT AND-NOT65 76 07: 3
OR-NOT none
XOR-NOT none

Rights
Identity I5 4 3 2 1 0: 6
NOT none
Constant none
AND none
OR OR56: 1
XOR none
AND-NOT none
OR-NOT none
XOR-NOT none

Left longest: 3
Right longest: 6

Right winner: Identity yes, NOT no, Constant no, AND no, OR no, XOR no, AND-NOT no, OR-NOT no, XOR-NOT no
Left winner: Identity no, NOT no, Constant no, AND no, OR no, XOR no, AND-NOT yes, OR-NOT no, XOR-NOT no

Best right: I5 4 3 2 1 0: 6
Best left: AND-NOT65 76 07: 3

Truncated right: I5 4 3 2 1 0: 6
Truncated left: AND-NOT65 76: 2 truncated

Tentative from right
7 I5
6 I4
5 I3
4 I2
3 I1
2 I0
1 pending
0 pending

Tentative
0 AND-NOT65
1 AND-NOT76
2 I0
3 I1
4 I2
5 I3
6 I4
7 I5

Preferred from right
7 I5
6 I4
5 I3
4 I2
3 I1
2 I0
1 AND-NOT76
0 AND-NOT65

Preferred from left
0 AND-NOT65
1 AND-NOT76
2 I0
3 I1
4 I2
5 I3
6 I4
7 I5

Preferred
0 AND-NOT65
1 AND-NOT76
2 I0
3 I1
4 I2
5 I3
6 I4
7 I5

Matching
0 AND-NOT65
1 AND-NOT76
2 I0
3 I1
4 I2
5 I3
6 I4
7 I5

Perfect match
Identity no
NOT no
Constant no
AND no
OR no
XOR no
AND-NOT no
OR-NOT no
XOR-NOT no

Matched
0 AND-NOT65
1 AND-NOT76
2 I0
3 I1
4 I2
5 I3
6 I4
7 I5

Selected
0 AND-NOT65
1 AND-NOT76
2 I0
3 I1
4 I2
5 I3
6 I4
7 I5

Applying to 10010111
Input
0 1
1 0
2 0
3 1
4 0
5 1
6 1
7 1
Output
0 AND-NOT65 = AND(1,NOT(1)) = 0
1 AND-NOT76 = AND(1,NOT(1)) = 0
2 I0 = 1
3 I1 = 0
4 I2 = 0
5 I3 = 1
6 I4 = 0
7 I5 = 1

I will now return the answer in \boxed{}
The answer in \boxed{–} is \boxed{00100101}
[correct]
true
