[category]
bit_manipulation
[prompt]
In Alice's Wonderland, a secret bit manipulation rule transforms 8-bit binary numbers. The transformation involves operations like bit shifts, rotations, XOR, AND, OR, NOT, and possibly majority or choice functions.

Here are some examples of input -> output:
10011110 -> 11010011
11001001 -> 00111001
10101000 -> 00010101
00101011 -> 01100101
10010000 -> 00010010
11101000 -> 00011101
00010011 -> 01100010
00101000 -> 00000101
10111010 -> 01010111

Now, determine the output for: 10000110
[completion]
We need to deduce the transformation by matching the example outputs.
I will put my final answer inside \boxed{}.

Output 0: 11010011
0 1
1 1
2 0
3 1
4 0
5 0
6 1
7 1

Output 1: 00111001
0 0
1 0
2 1
3 1
4 1
5 0
6 0
7 1

Output 2: 00010101
0 0
1 0
2 0
3 1
4 0
5 1
6 0
7 1

Output 3: 01100101
0 0
1 1
2 1
3 0
4 0
5 1
6 0
7 1

Output 4: 00010010
0 0
1 0
2 0
3 1
4 0
5 0
6 1
7 0

Output 5: 00011101
0 0
1 0
2 0
3 1
4 1
5 1
6 0
7 1

Output 6: 01100010
0 0
1 1
2 1
3 0
4 0
5 0
6 1
7 0

Output 7: 00000101
0 0
1 0
2 0
3 0
4 0
5 1
6 0
7 1

Output 8: 01010111
0 0
1 1
2 0
3 1
4 0
5 1
6 1
7 1

Output bit columns (with bitsum as hash)
0 100000000 1
1 100100101 4
2 010100100 3
3 111011001 6
4 010001000 2
5 001101011 5
6 100010101 4
7 111101011 7

Input 0: 10011110
0 1
1 0
2 0
3 1
4 1
5 1
6 1
7 0

Input 1: 11001001
0 1
1 1
2 0
3 0
4 1
5 0
6 0
7 1

Input 2: 10101000
0 1
1 0
2 1
3 0
4 1
5 0
6 0
7 0

Input 3: 00101011
0 0
1 0
2 1
3 0
4 1
5 0
6 1
7 1

Input 4: 10010000
0 1
1 0
2 0
3 1
4 0
5 0
6 0
7 0

Input 5: 11101000
0 1
1 1
2 1
3 0
4 1
5 0
6 0
7 0

Input 6: 00010011
0 0
1 0
2 0
3 1
4 0
5 0
6 1
7 1

Input 7: 00101000
0 0
1 0
2 1
3 0
4 1
5 0
6 0
7 0

Input 8: 10111010
0 1
1 0
2 1
3 1
4 1
5 0
6 1
7 0

When matching output
x: not in operator
y: wrong position

Identity
0 111011001 6 match 3
1 010001000 2 match 4
2 001101011 5 match 5
3 100010101 4 match 6
4 111101011 7 match 7
5 100000000 1 match 0
6 100100101 4 match 1
7 010100100 3 match 2

Matching output
0 5
1 6
2 7
3 0
4 1
5 2
6 3
7 4

Left
5 6 7 0 1 2 3 4
Best: I5 6 7 0 1 2 3 4: 8

Right
4 3 2 1 0 7 6 5
Best: I4 3 2 1 0 7 6 5: 8

NOT
0 000100110 3
1 101110111 7
2 110010100 4
3 011101010 5
4 000010100 2
5 011111111 8
6 011011010 5
7 101011011 6

Matching output
0 absent
1 absent
2 absent
3 absent
4 absent
5 absent
6 absent
7 absent

Left
none
Best: none

Right
none
Best: none

Constant
0 000000000 a
1 111111111 a

Matching output
0 absent
1 absent
2 absent
3 absent
4 absent
5 absent
6 absent
7 absent

Left
none
Best: none

Right
none
Best: none

AND
01 10 010001000 2 match 4
12 21 000001000 1
23 32 000000001 1
34 43 100000001 2
45 54 100000000 1 match 0
56 65 100000000 1 match 0
67 76 000100100 2
70 07 010000000 1

02 20 001001001 3
13 31 000000000 a
24 42 001101011 5 match 5
35 53 100000000 1 match 0
46 64 100100001 3
57 75 000000000 a
60 06 100000001 2
71 17 010000000 1

03 30 100010001 3
14 41 010001000 2 match 4
25 52 000000000 a
36 63 100000101 3
47 74 010100000 2
50 05 100000000 1 match 0
61 16 000000000 a
72 27 000100000 1

04 40 111001001 5
15 51 000000000 a
26 62 000100001 2
37 73 000000100 1

Matching output
0 45 54 56 65 35 53 50 05
1 absent
2 absent
3 absent
4 01 10 14 41
5 24 42
6 absent
7 absent

Left
45 56y
54 65y
56 67x
65 76x
35 46x
53 64x
50 61x
05 16x
Best: AND45: 1

Right
none
Best: none

OR
01 10 111011001 6 match 3
12 21 011101011 6
23 32 101111111 8
34 43 111111111 a
45 54 111101011 7 match 7
56 65 100100101 4 match 1
67 76 110100101 5
70 07 111111101 8

02 20 111111011 8
13 31 110011101 6
24 42 111101011 7 match 7
35 53 100010101 4 match 6
46 64 111101111 8
57 75 110100100 4
60 06 111111101 8
71 17 010101100 4

03 30 111011101 7
14 41 111101011 7 match 7
25 52 101101011 6
36 63 100110101 5
47 74 111101111 8
50 05 111011001 6 match 3
61 16 110101101 6
72 27 011101111 7

04 40 111111011 8
15 51 110001000 3
26 62 101101111 7
37 73 110110101 6

Matching output
0 absent
1 56 65
2 absent
3 01 10 50 05
4 absent
5 absent
6 35 53
7 45 54 24 42 14 41

Left
none
Best: none

Right
45 34x
54 43x
24 13x
42 31x
14 03x
41 30x
Best: OR45: 1

XOR
01 10 101010001 4
12 21 011100011 5
23 32 101111110 7
34 43 011111110 7
45 54 011101011 6
56 65 000100101 3
67 76 110000001 3
70 07 101111101 7

02 20 110110010 5
13 31 110011101 6
24 42 110000000 2
35 53 000010101 3
46 64 011001110 5
57 75 110100100 4
60 06 011111100 6
71 17 000101100 3

03 30 011001100 4
14 41 101100011 5
25 52 101101011 6
36 63 000110000 2
47 74 101001111 6
50 05 011011001 5
61 16 110101101 6
72 27 011001111 6

04 40 000110010 3
15 51 110001000 3
26 62 101001110 5
37 73 110110001 5

Matching output
0 absent
1 absent
2 absent
3 absent
4 absent
5 absent
6 absent
7 absent

Left
none
Best: none

Right
none
Best: none

AND-NOT
01 101010001 4
12 010000000 1
23 001101010 4
34 000010100 2
45 011101011 6
56 000000000 a
67 100000001 2
70 000100100 2

02 110010000 3
13 010001000 2 match 4
24 000000000 a
35 000010101 3
46 011001010 4
57 100000000 1 match 0
60 000100100 2
71 000100100 2

03 011001000 3
14 000000000 a
25 001101011 5 match 5
36 000010000 1
47 101001011 5
50 000000000 a
61 100100101 4 match 1
72 010000100 2

04 000010000 1
15 010001000 2 match 4
26 001001010 3
37 100010001 3
40 000100010 2
51 100000000 1 match 0
62 100000100 2
73 010100000 2

05 011011001 5
16 010001000 2 match 4
27 001001011 4
30 000000100 1
41 101100011 5
52 100000000 1 match 0
63 000100000 1
74 000000100 1

06 011011000 4
17 000001000 1
20 000100010 2
31 100010101 4 match 6
42 110000000 2
53 000000000 a
64 000000100 1
75 010100100 3 match 2

07 101011001 5
10 000000000 a
21 001100011 4
32 100010100 3
43 011101010 5
54 000000000 a
65 000100101 3
76 010000000 1

Matching output
0 57 51 52
1 61
2 75
3 absent
4 13 15 16
5 25
6 31
7 absent

Left
57 60x
51 62x
52 63x
Best: AND-NOT57: 1

Right
none
Best: none

OR-NOT
01 111111111 a
12 110011100 5
23 011101011 6
34 100010101 4 match 6
45 111111111 a
56 111011010 6
67 101111111 8
70 010100110 4

02 111011101 7
13 011101010 5
24 001111111 7
35 111111111 a
46 111111011 8
57 101011011 6
60 100100111 5
71 111110111 8

03 111111011 8
14 010011100 4
25 011111111 8
36 111011111 8
47 111111011 8
50 100100110 4
61 101110111 7
72 110110100 5

04 111011101 7
15 011111111 8
26 011111011 7
37 101011111 7
40 111101111 8
51 101110111 7
62 110110101 6
73 011101110 6

05 111111111 a
16 011011010 5
27 101111011 7
30 100110111 6
41 111111111 a
52 110010100 4
63 111101111 8
74 010110100 4

06 111011011 7
17 111011011 7
20 001101111 6
31 101110111 7
42 111111111 a
53 111101010 6
64 100110101 5
75 011111111 8

07 111011011 7
10 010101110 5
21 101111111 8
32 110010101 5
43 111101011 7 match 7
54 100010100 3
65 111111111 a
76 011111110 7

Matching output
0 absent
1 absent
2 absent
3 absent
4 absent
5 absent
6 34
7 43

Left
none
Best: none

Right
43 32x
Best: OR-NOT43: 1

XOR-NOT
01 010101110 5
12 100011100 4
23 010000001 2
34 100000001 2
45 100010100 3
56 111011010 6
67 001111110 6
70 010000010 2

02 001001101 4
13 001100010 3
24 001111111 7
35 111101010 6
46 100110001 4
57 001011011 5
60 100000011 3
71 111010011 6

03 100110011 5
14 010011100 4
25 010010100 3
36 111001111 7
47 010110000 3
50 100100110 4
61 001010010 3
72 100110000 3

04 111001101 6
15 001110111 6
26 010110001 4
37 001001110 4
40 111001101 6
51 001110111 6
62 010110001 4
73 001001110 4

05 100100110 4
16 001010010 3
27 100110000 3
30 100110011 5
41 010011100 4
52 010010100 3
63 111001111 7
74 010110000 3

06 100000011 3
17 111010011 6
20 001001101 4
31 001100010 3
42 001111111 7
53 111101010 6
64 100110001 4
75 001011011 5

07 010000010 2
10 010101110 5
21 100011100 4
32 010000001 2
43 100000001 2
54 100010100 3
65 111011010 6
76 001111110 6

Matching output
0 absent
1 absent
2 absent
3 absent
4 absent
5 absent
6 absent
7 absent

Left
none
Best: none

Right
none
Best: none

Selecting

Lefts
Identity I5 6 7 0 1 2 3 4: 8
NOT none
Constant none
AND AND45: 1
OR none
XOR none
AND-NOT AND-NOT57: 1
OR-NOT none
XOR-NOT none

Rights
Identity I4 3 2 1 0 7 6 5: 8
NOT none
Constant none
AND none
OR OR45: 1
XOR none
AND-NOT none
OR-NOT OR-NOT43: 1
XOR-NOT none

Left longest: 8
Right longest: 8

Left winner: Identity yes, NOT no, Constant no, AND no, OR no, XOR no, AND-NOT no, OR-NOT no, XOR-NOT no
Right winner: Identity yes, NOT no, Constant no, AND no, OR no, XOR no, AND-NOT no, OR-NOT no, XOR-NOT no

Best left: I5 6 7 0 1 2 3 4: 8
Best right: I4 3 2 1 0 7 6 5: 8

Truncated left: I5 6 7 0 1 2 3 4: 8
Truncated right: none truncated

Tentative from right
7 pending
6 pending
5 pending
4 pending
3 pending
2 pending
1 pending
0 pending

Tentative
0 I5
1 I6
2 I7
3 I0
4 I1
5 I2
6 I3
7 I4

Preferred from left
0 I5
1 I6
2 I7
3 I0
4 I1
5 I2
6 I3
7 I4

Preferred from right
7 I4
6 I3
5 I2
4 I1
3 I0
2 I7
1 I6
0 I5

Preferred
0 I5
1 I6
2 I7
3 I0
4 I1
5 I2
6 I3
7 I4

Matching
0 I5
1 I6
2 I7
3 I0
4 I1
5 I2
6 I3
7 I4

Perfect match
Identity no
NOT no
Constant no
AND no
OR no
XOR no
AND-NOT no
OR-NOT no
XOR-NOT no

Matched
0 I5
1 I6
2 I7
3 I0
4 I1
5 I2
6 I3
7 I4

Selected
0 I5
1 I6
2 I7
3 I0
4 I1
5 I2
6 I3
7 I4

Applying to 10000110
Input
0 1
1 0
2 0
3 0
4 0
5 1
6 1
7 0
Output
0 I5 = 1
1 I6 = 1
2 I7 = 0
3 I0 = 1
4 I1 = 0
5 I2 = 0
6 I3 = 0
7 I4 = 0

I will now return the answer in \boxed{}
The answer in \boxed{–} is \boxed{11010000}
[correct]
true
