[category]
bit_manipulation
[prompt]
In Alice's Wonderland, a secret bit manipulation rule transforms 8-bit binary numbers. The transformation involves operations like bit shifts, rotations, XOR, AND, OR, NOT, and possibly majority or choice functions.

Here are some examples of input -> output:
00001110 -> 11000000
00000011 -> 01100000
01000011 -> 01100001
10111010 -> 01000010
11111110 -> 11000011
01000010 -> 01000001
00010110 -> 11000000
00110000 -> 00000000
11110111 -> 11100011
11011101 -> 10100011

Now, determine the output for: 00110110
[completion]
We need to deduce the transformation by matching the example outputs.
I will put my final answer inside \boxed{}.

Output 0: 11000000
0 1
1 1
2 0
3 0
4 0
5 0
6 0
7 0

Output 1: 01100000
0 0
1 1
2 1
3 0
4 0
5 0
6 0
7 0

Output 2: 01100001
0 0
1 1
2 1
3 0
4 0
5 0
6 0
7 1

Output 3: 01000010
0 0
1 1
2 0
3 0
4 0
5 0
6 1
7 0

Output 4: 11000011
0 1
1 1
2 0
3 0
4 0
5 0
6 1
7 1

Output 5: 01000001
0 0
1 1
2 0
3 0
4 0
5 0
6 0
7 1

Output 6: 11000000
0 1
1 1
2 0
3 0
4 0
5 0
6 0
7 0

Output 7: 00000000
0 0
1 0
2 0
3 0
4 0
5 0
6 0
7 0

Output 8: 11100011
0 1
1 1
2 1
3 0
4 0
5 0
6 1
7 1

Output 9: 10100011
0 1
1 0
2 1
3 0
4 0
5 0
6 1
7 1

Output bit columns (with bitsum as hash)
0 1000101011 5
1 1111111010 8
2 0110000011 4
3 0000000000 a
4 0000000000 a
5 0000000000 a
6 0001100011 4
7 0010110011 5

Input 0: 00001110
0 0
1 0
2 0
3 0
4 1
5 1
6 1
7 0

Input 1: 00000011
0 0
1 0
2 0
3 0
4 0
5 0
6 1
7 1

Input 2: 01000011
0 0
1 1
2 0
3 0
4 0
5 0
6 1
7 1

Input 3: 10111010
0 1
1 0
2 1
3 1
4 1
5 0
6 1
7 0

Input 4: 11111110
0 1
1 1
2 1
3 1
4 1
5 1
6 1
7 0

Input 5: 01000010
0 0
1 1
2 0
3 0
4 0
5 0
6 1
7 0

Input 6: 00010110
0 0
1 0
2 0
3 1
4 0
5 1
6 1
7 0

Input 7: 00110000
0 0
1 0
2 1
3 1
4 0
5 0
6 0
7 0

Input 8: 11110111
0 1
1 1
2 1
3 1
4 0
5 1
6 1
7 1

Input 9: 11011101
0 1
1 1
2 0
3 1
4 1
5 1
6 0
7 1

When matching output
x: not in operator
y: wrong position

Identity
0 0001100011 4 match 6
1 0010110011 5 match 7
2 0001100110 4
3 0001101111 6
4 1001100001 4
5 1000101011 5 match 0
6 1111111010 8 match 1
7 0110000011 4 match 2

Matching output
0 5
1 6
2 7
3 absent
4 absent
5 absent
6 0
7 1

Left
5 6 7 0y
Best: I5 6 7: 3

Right
1 0 7y
Best: I1 0: 2

NOT
0 1110011100 6
1 1101001100 5
2 1110011001 6
3 1110010000 4
4 0110011110 6
5 0111010100 5
6 0000000101 2
7 1001111100 6

Matching output
0 absent
1 absent
2 absent
3 absent
4 absent
5 absent
6 absent
7 absent

Left
none
Best: none

Right
none
Best: none

Constant
0 0000000000 a match 3 4 5
1 1111111111 a

Matching output
0 absent
1 absent
2 absent
3 C0
4 C0
5 C0
6 absent
7 absent

Left
none
Best: none

Right
none
Best: none

AND
01 10 0000100011 3
12 21 0000100010 2
23 32 0001100110 4
34 43 0001100001 3
45 54 1000100001 3
56 65 1000101010 4
67 76 0110000010 3
70 07 0000000011 2

02 20 0001100010 3
13 31 0000100011 3
24 42 0001100000 2
35 53 0000101011 4
46 64 1001100000 3
57 75 0000000011 2
60 06 0001100010 3
71 17 0010000011 3

03 30 0001100011 4 match 6
14 41 0000100001 2
25 52 0000100010 2
36 63 0001101010 4
47 74 0000000001 1
50 05 0000100011 3
61 16 0010110010 4
72 27 0000000010 1

04 40 0001100001 3
15 51 0000100011 3
26 62 0001100010 3
37 73 0000000011 2

Matching output
0 absent
1 absent
2 absent
3 absent
4 absent
5 absent
6 03 30
7 absent

Left
none
Best: none

Right
none
Best: none

OR
01 10 0011110011 6
12 21 0011110111 7
23 32 0001101111 6
34 43 1001101111 7
45 54 1001101011 6
56 65 1111111011 9
67 76 1111111011 9
70 07 0111100011 6

02 20 0001100111 5
13 31 0011111111 8
24 42 1001100111 6
35 53 1001101111 7
46 64 1111111011 9
57 75 1110101011 7
60 06 1111111011 9
71 17 0110110011 6

03 30 0001101111 6
14 41 1011110011 7
25 52 1001101111 7
36 63 1111111111 a
47 74 1111100011 7
50 05 1001101011 6
61 16 1111111011 9
72 27 0111100111 7

04 40 1001100011 5
15 51 1010111011 7
26 62 1111111110 9
37 73 0111101111 8

Matching output
0 absent
1 absent
2 absent
3 absent
4 absent
5 absent
6 absent
7 absent

Left
none
Best: none

Right
none
Best: none

XOR
01 10 0011010000 3
12 21 0011010101 5
23 32 0000001001 2
34 43 1000001110 4
45 54 0001001010 3
56 65 0111010001 5
67 76 1001111001 6
70 07 0111100000 4

02 20 0000000101 2
13 31 0011011100 5
24 42 1000000111 4
35 53 1001000100 3
46 64 0110011011 6
57 75 1110101000 5
60 06 1110011001 6
71 17 0100110000 3

03 30 0000001100 2
14 41 1011010010 5
25 52 1001001101 5
36 63 1110010101 6
47 74 1111100010 6
50 05 1001001000 3
61 16 1101001001 5
72 27 0111100101 6

04 40 1000000010 2
15 51 1010011000 4
26 62 1110011100 6
37 73 0111101100 6

Matching output
0 absent
1 absent
2 absent
3 absent
4 absent
5 absent
6 absent
7 absent

Left
none
Best: none

Right
none
Best: none

AND-NOT
01 0001000000 1
12 0010010001 3
23 0000000000 a match 3 4 5
34 0000001110 3
45 0001000000 1
56 0000000001 1
67 1001111000 5
70 0110000000 2

02 0000000001 1
13 0010010000 2
24 0000000110 2
35 0001000100 2
46 0000000001 1
57 1000101000 3
60 1110011000 5
71 0100000000 1

03 0000000000 a match 3 4 5
14 0010010010 3
25 0001000100 2
36 0000000101 2
47 1001100000 3
50 1000001000 2
61 1101001000 4
72 0110000001 3

04 0000000010 1
15 0010010000 2
26 0000000100 1
37 0001101100 4
40 1000000000 1
51 1000001000 2
62 1110011000 5
73 0110000000 2

05 0001000000 1
16 0000000001 1
27 0001100100 3
30 0000001100 2
41 1001000000 2
52 1000001001 3
63 1110010000 4
74 0110000010 3

06 0000000001 1
17 0000110000 2
20 0000000100 1
31 0001001100 3
42 1000000001 2
53 1000000000 1
64 0110011010 5
75 0110000000 2

07 0001100000 2
10 0010010000 2
21 0001000100 2
32 0000001001 2
43 1000000000 1
54 0000001010 2
65 0111010000 4
76 0000000001 1

Matching output
0 absent
1 absent
2 absent
3 23 03
4 23 03
5 23 03
6 absent
7 absent

Left
none
Best: none

Right
none
Best: none

OR-NOT
01 1101101111 8
12 1110111011 8
23 1111110110 8
34 0111111111 9
45 1111110101 8
56 1000101111 6
67 1111111110 9
70 1110011111 8

02 1111111011 9
13 1110110011 7
24 0111111110 8
35 0111111111 9
46 1001100101 5
57 1001111111 8
60 1111111110 9
71 1111001111 8

03 1111110011 8
14 0110111111 8
25 0111110110 7
36 0001101111 6
47 1001111101 7
50 1110111111 9
61 1111111110 9
72 1110011011 7

04 0111111111 9
15 0111110111 8
26 0001100111 5
37 1001111111 8
40 1111111101 9
51 1101101111 8
62 1111111011 9
73 1110010011 6

05 0111110111 8
16 0010110111 6
27 1001111110 7
30 1111111111 a
41 1101101101 7
52 1110111011 8
63 1111111010 8 match 1
74 0110011111 7

06 0001100111 5
17 1011111111 9
20 1111111110 9
31 1101101111 8
42 1111111001 8
53 1110111011 8
64 1111111110 9
75 0111010111 7

07 1001111111 8
10 1110111111 9
21 1101101110 7
32 1111111111 a
43 1111110001 7
54 1110111111 9
65 1111111110 9
76 0110000111 5

Matching output
0 absent
1 63
2 absent
3 absent
4 absent
5 absent
6 absent
7 absent

Left
none
Best: none

Right
none
Best: none

XOR-NOT
01 1100101111 7
12 1100101010 5
23 1111110110 8
34 0111110001 6
45 1110110101 7
56 1000101110 5
67 0110000110 4
70 1000011111 6

02 1111111010 8 match 1
13 1100100011 5
24 0111111000 6
35 0110111011 7
46 1001100100 4
57 0001010111 5
60 0001100110 4
71 1011001111 7

03 1111110011 8
14 0100101101 5
25 0110110010 5
36 0001101010 4
47 0000011101 4
50 0110110111 7
61 0010110110 5
72 1000011010 4

04 0111111101 8
15 0101100111 6
26 0001100011 4 match 6
37 1000010011 4
40 0111111101 8
51 0101100111 6
62 0001100011 4 match 6
73 1000010011 4

05 0110110111 7
16 0010110110 5
27 1000011010 4
30 1111110011 8
41 0100101101 5
52 0110110010 5
63 0001101010 4
74 0000011101 4

06 0001100110 4
17 1011001111 7
20 1111111010 8 match 1
31 1100100011 5
42 0111111000 6
53 0110111011 7
64 1001100100 4
75 0001010111 5

07 1000011111 6
10 1100101111 7
21 1100101010 5
32 1111110110 8
43 0111110001 6
54 1110110101 7
65 1000101110 5
76 0110000110 4

Matching output
0 absent
1 02 20
2 absent
3 absent
4 absent
5 absent
6 26 62
7 absent

Left
none
Best: none

Right
none
Best: none

Selecting

Lefts
Identity I5 6 7: 3
NOT none
Constant none
AND none
OR none
XOR none
AND-NOT none
OR-NOT none
XOR-NOT none

Rights
Identity I1 0: 2
NOT none
Constant none
AND none
OR none
XOR none
AND-NOT none
OR-NOT none
XOR-NOT none

Left longest: 3
Right longest: 2

Left winner: Identity yes, NOT no, Constant no, AND no, OR no, XOR no, AND-NOT no, OR-NOT no, XOR-NOT no
Right winner: Identity yes, NOT no, Constant no, AND no, OR no, XOR no, AND-NOT no, OR-NOT no, XOR-NOT no

Best left: I5 6 7: 3
Best right: I1 0: 2

Truncated left: I5 6 7: 3
Truncated right: I1 0: 2

Tentative from right
7 I1
6 I0
5 pending
4 pending
3 pending
2 pending
1 pending
0 pending

Tentative
0 I5
1 I6
2 I7
3 pending
4 pending
5 pending
6 I0
7 I1

Preferred from left
0 I5
1 I6
2 I7
3 ?0?
4 ?1?
5 ?2?
6 I0
7 I1

Preferred from right
7 I1
6 I0
5 ?27
4 ?16
3 ?05
2 I7
1 I6
0 I5

Preferred
0 I5
1 I6
2 I7
3 ?05 ?50
4 ?16 ?61
5 ?27 ?72
6 I0
7 I1

Matching
0 I5
1 I6
2 I7
3 ?05 ?50 - Identity absent, NOT absent, Constant C0, AND absent, OR absent, XOR absent, AND-NOT absent, OR-NOT absent, XOR-NOT absent
4 ?16 ?61 - Identity absent, NOT absent, Constant C0, AND absent, OR absent, XOR absent, AND-NOT absent, OR-NOT absent, XOR-NOT absent
5 ?27 ?72 - Identity absent, NOT absent, Constant C0, AND absent, OR absent, XOR absent, AND-NOT absent, OR-NOT absent, XOR-NOT absent
6 I0
7 I1

Perfect match
Identity no
NOT no
Constant yes
AND no
OR no
XOR no
AND-NOT no
OR-NOT no
XOR-NOT no

Matched
0 I5
1 I6
2 I7
3 C0
4 C0
5 C0
6 I0
7 I1

Selected
0 I5
1 I6
2 I7
3 C0
4 C0
5 C0
6 I0
7 I1

Applying to 00110110
Input
0 0
1 0
2 1
3 1
4 0
5 1
6 1
7 0
Output
0 I5 = 1
1 I6 = 1
2 I7 = 0
3 C0 = 0
4 C0 = 0
5 C0 = 0
6 I0 = 0
7 I1 = 0

I will now return the answer in \boxed{}
The answer in \boxed{–} is \boxed{11000000}
[correct]
true
