[category]
bit_manipulation
[prompt]
In Alice's Wonderland, a secret bit manipulation rule transforms 8-bit binary numbers. The transformation involves operations like bit shifts, rotations, XOR, AND, OR, NOT, and possibly majority or choice functions.

Here are some examples of input -> output:
11101110 -> 11011101
10001101 -> 00110001
00011111 -> 01100011
10100110 -> 11010100
00110010 -> 01000110
11011011 -> 01111011
10110101 -> 00110110

Now, determine the output for: 01111010
[completion]
We need to deduce the transformation by matching the example outputs.
I will put my final answer inside \boxed{}.

Output 0: 11011101
0 1
1 1
2 0
3 1
4 1
5 1
6 0
7 1

Output 1: 00110001
0 0
1 0
2 1
3 1
4 0
5 0
6 0
7 1

Output 2: 01100011
0 0
1 1
2 1
3 0
4 0
5 0
6 1
7 1

Output 3: 11010100
0 1
1 1
2 0
3 1
4 0
5 1
6 0
7 0

Output 4: 01000110
0 0
1 1
2 0
3 0
4 0
5 1
6 1
7 0

Output 5: 01111011
0 0
1 1
2 1
3 1
4 1
5 0
6 1
7 1

Output 6: 00110110
0 0
1 0
2 1
3 1
4 0
5 1
6 1
7 0

Output bit columns (with bitsum as hash)
0 1001000 2
1 1011110 5
2 0110011 4
3 1101011 5
4 1000010 2
5 1001101 4
6 0010111 4
7 1110010 4

Input 0: 11101110
0 1
1 1
2 1
3 0
4 1
5 1
6 1
7 0

Input 1: 10001101
0 1
1 0
2 0
3 0
4 1
5 1
6 0
7 1

Input 2: 00011111
0 0
1 0
2 0
3 1
4 1
5 1
6 1
7 1

Input 3: 10100110
0 1
1 0
2 1
3 0
4 0
5 1
6 1
7 0

Input 4: 00110010
0 0
1 0
2 1
3 1
4 0
5 0
6 1
7 0

Input 5: 11011011
0 1
1 1
2 0
3 1
4 1
5 0
6 1
7 1

Input 6: 10110101
0 1
1 0
2 1
3 1
4 0
5 1
6 0
7 1

When matching output
x: not in operator
y: wrong position

Identity
0 1101011 5 match 3
1 1000010 2 match 4
2 1001101 4 match 5
3 0010111 4 match 6
4 1110010 4 match 7
5 1111001 5
6 1011110 5 match 1
7 0110011 4 match 2

Matching output
0 absent
1 6
2 7
3 0
4 1
5 2
6 3
7 4

Left
none
Best: none

Right
4 3 2 1 0 7 6 5x
Best: I4 3 2 1 0 7 6: 7

NOT
0 0010100 2
1 0111101 5
2 0110010 3
3 1101000 3
4 0001101 3
5 0000110 2
6 0100001 2
7 1001100 3

Matching output
0 absent
1 absent
2 absent
3 absent
4 absent
5 absent
6 absent
7 absent

Left
none
Best: none

Right
none
Best: none

Constant
0 0000000 a
1 1111111 a

Matching output
0 absent
1 absent
2 absent
3 absent
4 absent
5 absent
6 absent
7 absent

Left
none
Best: none

Right
none
Best: none

AND
01 10 1000010 2 match 4
12 21 1000000 1
23 32 0000101 2
34 43 0010010 2
45 54 1110000 3
56 65 1011000 3
67 76 0010010 2
70 07 0100011 3

02 20 1001001 3
13 31 0000010 1
24 42 1000000 1
35 53 0010001 2
46 64 1010010 3
57 75 0110001 3
60 06 1001010 3
71 17 0000010 1

03 30 0000011 2
14 41 1000010 2 match 4
25 52 1001001 3
36 63 0010110 3
47 74 0110010 3
50 05 1101001 4
61 16 1000010 2 match 4
72 27 0000001 1

04 40 1100010 3
15 51 1000000 1
26 62 1001100 3
37 73 0010011 3

Matching output
0 absent
1 absent
2 absent
3 absent
4 01 10 14 41 61 16
5 absent
6 absent
7 absent

Left
none
Best: none

Right
none
Best: none

OR
01 10 1101011 5 match 3
12 21 1001111 5
23 32 1011111 6
34 43 1110111 6
45 54 1111011 6
56 65 1111111 a
67 76 1111111 a
70 07 1111011 6

02 20 1101111 6
13 31 1010111 5
24 42 1111111 a
35 53 1111111 a
46 64 1111110 6
57 75 1111011 6
60 06 1111111 a
71 17 1110011 5

03 30 1111111 a
14 41 1110010 4 match 7
25 52 1111101 6
36 63 1011111 6
47 74 1110011 5
50 05 1111011 6
61 16 1011110 5 match 1
72 27 1111111 a

04 40 1111011 6
15 51 1111011 6
26 62 1011111 6
37 73 0110111 5

Matching output
0 absent
1 61 16
2 absent
3 01 10
4 absent
5 absent
6 absent
7 14 41

Left
none
Best: none

Right
14 03x
41 30x
Best: OR14: 1

XOR
01 10 0101001 3
12 21 0001111 4
23 32 1011010 4
34 43 1100101 4
45 54 0001011 3
56 65 0100111 4
67 76 1101101 5
70 07 1011000 3

02 20 0100110 3
13 31 1010101 4
24 42 0111111 6
35 53 1101110 5
46 64 0101100 3
57 75 1001010 3
60 06 0110101 4
71 17 1110001 4

03 30 1111100 5
14 41 0110000 2
25 52 0110100 3
36 63 1001001 3
47 74 1000001 2
50 05 0010010 2
61 16 0011100 3
72 27 1111110 6

04 40 0011001 3
15 51 0111011 5
26 62 0010011 3
37 73 0100100 2

Matching output
0 absent
1 absent
2 absent
3 absent
4 absent
5 absent
6 absent
7 absent

Left
none
Best: none

Right
none
Best: none

AND-NOT
01 0101001 3
12 0000010 1
23 1001000 2 match 0
34 0000101 2
45 0000010 1
56 0100001 2
67 1001100 3
70 0010000 1

02 0100010 2
13 1000000 1
24 0001101 3
35 0000110 2
46 0100000 1
57 1001000 2 match 0
60 0010100 2
71 0110001 3

03 1101000 3
14 0000000 a
25 0000100 1
36 0000001 1
47 1000000 1
50 0010000 1
61 0011100 3
72 0110010 3

04 0001001 2
15 0000010 1
26 0000001 1
37 0000100 1
40 0010000 1
51 0111001 4
62 0010010 2
73 0100000 1

05 0000010 1
16 0000000 a
27 1001100 3
30 0010100 2
41 0110000 2
52 0110000 2
63 1001000 2 match 0
74 0000001 1

06 0100001 2
17 1000000 1
20 0000100 1
31 0010101 3
42 0110010 3
53 1101000 3
64 0001100 2
75 0000010 1

07 1001000 2 match 0
10 0000000 a
21 0001101 3
32 0010010 2
43 1100000 2
54 0001001 2
65 0000110 2
76 0100001 2

Matching output
0 23 57 63 07
1 absent
2 absent
3 absent
4 absent
5 absent
6 absent
7 absent

Left
23 34x
57 60x
63 74x
07 10x
Best: AND-NOT23: 1

Right
none
Best: none

OR-NOT
01 1111111 a
12 1110010 4 match 7
23 1101101 5
34 0011111 5
45 1110110 5
56 1111001 5
67 1011110 5 match 1
70 0110111 5

02 1111011 6
13 1101010 4
24 1001101 4 match 5
35 0010111 4 match 6
46 1110011 5
57 1111101 6
60 1011110 5 match 1
71 0111111 6

03 1101011 5 match 3
14 1001111 5
25 1001111 5
36 0110111 5
47 1111110 6
50 1111101 6
61 1111111 a
72 0110011 4 match 2

04 1101111 6
15 1000110 3
26 1101101 5
37 1011111 6
40 1110110 5
51 1111101 6
62 1111110 6
73 1111011 6

05 1101111 6
16 1100011 4
27 1001101 4 match 5
30 0010111 4 match 6
41 1111111 a
52 1111011 6
63 1111110 6
74 0111111 6

06 1101011 5 match 3
17 1001110 4
20 1011101 5
31 0111111 6
42 1110010 4 match 7
53 1111001 5
64 1011111 6
75 0110111 5

07 1101111 6
10 1010110 4
21 1111101 6
32 0110111 5
43 1111010 5
54 1111101 6
65 1011110 5 match 1
76 0110011 4 match 2

Matching output
0 absent
1 67 60 65
2 72 76
3 03 06
4 absent
5 24 27
6 35 30
7 12 42

Left
none
Best: none

Right
12 01x
42 31x
Best: OR-NOT12: 1

XOR-NOT
01 1010110 4
12 1110000 3
23 0100101 3
34 0011010 3
45 1110100 4
56 1011000 3
67 0010010 2
70 0100111 4

02 1011001 4
13 0101010 3
24 1000000 1
35 0010001 2
46 1010011 4
57 0110101 4
60 1001010 3
71 0001110 3

03 0000011 2
14 1001111 5
25 1001011 4
36 0110110 4
47 0111110 5
50 1101101 5
61 1100011 4
72 0000001 1

04 1100110 4
15 1000100 2
26 1101100 4
37 1011011 5
40 1100110 4
51 1000100 2
62 1101100 4
73 1011011 5

05 1101101 5
16 1100011 4
27 0000001 1
30 0000011 2
41 1001111 5
52 1001011 4
63 0110110 4
74 0111110 5

06 1001010 3
17 0001110 3
20 1011001 4
31 0101010 3
42 1000000 1
53 0010001 2
64 1010011 4
75 0110101 4

07 0100111 4
10 1010110 4
21 1110000 3
32 0100101 3
43 0011010 3
54 1110100 4
65 1011000 3
76 0010010 2

Matching output
0 absent
1 absent
2 absent
3 absent
4 absent
5 absent
6 absent
7 absent

Left
none
Best: none

Right
none
Best: none

Selecting

Lefts
Identity none
NOT none
Constant none
AND none
OR none
XOR none
AND-NOT AND-NOT23: 1
OR-NOT none
XOR-NOT none

Rights
Identity I4 3 2 1 0 7 6: 7
NOT none
Constant none
AND none
OR OR14: 1
XOR none
AND-NOT none
OR-NOT OR-NOT12: 1
XOR-NOT none

Left longest: 1
Right longest: 7

Right winner: Identity yes, NOT no, Constant no, AND no, OR no, XOR no, AND-NOT no, OR-NOT no, XOR-NOT no
Left winner: Identity no, NOT no, Constant no, AND no, OR no, XOR no, AND-NOT yes, OR-NOT no, XOR-NOT no

Best right: I4 3 2 1 0 7 6: 7
Best left: AND-NOT23: 1

Truncated right: I4 3 2 1 0 7 6: 7
Truncated left: AND-NOT23: 1

Tentative from right
7 I4
6 I3
5 I2
4 I1
3 I0
2 I7
1 I6
0 pending

Tentative
0 AND-NOT23
1 I6
2 I7
3 I0
4 I1
5 I2
6 I3
7 I4

Preferred from right
7 I4
6 I3
5 I2
4 I1
3 I0
2 I7
1 I6
0 AND-NOT23

Preferred from left
0 AND-NOT23
1 I6
2 I7
3 I0
4 I1
5 I2
6 I3
7 I4

Preferred
0 AND-NOT23
1 I6
2 I7
3 I0
4 I1
5 I2
6 I3
7 I4

Matching
0 AND-NOT23
1 I6
2 I7
3 I0
4 I1
5 I2
6 I3
7 I4

Perfect match
Identity no
NOT no
Constant no
AND no
OR no
XOR no
AND-NOT no
OR-NOT no
XOR-NOT no

Matched
0 AND-NOT23
1 I6
2 I7
3 I0
4 I1
5 I2
6 I3
7 I4

Selected
0 AND-NOT23
1 I6
2 I7
3 I0
4 I1
5 I2
6 I3
7 I4

Applying to 01111010
Input
0 0
1 1
2 1
3 1
4 1
5 0
6 1
7 0
Output
0 AND-NOT23 = AND(1,NOT(1)) = 0
1 I6 = 1
2 I7 = 0
3 I0 = 0
4 I1 = 1
5 I2 = 1
6 I3 = 1
7 I4 = 1

I will now return the answer in \boxed{}
The answer in \boxed{–} is \boxed{01001111}
[correct]
true
