[category]
bit_manipulation
[prompt]
In Alice's Wonderland, a secret bit manipulation rule transforms 8-bit binary numbers. The transformation involves operations like bit shifts, rotations, XOR, AND, OR, NOT, and possibly majority or choice functions.

Here are some examples of input -> output:
01011001 -> 11001011
01000101 -> 00101010
00001011 -> 01011001
00001000 -> 01000001
10001011 -> 01011101
11110110 -> 10111111
10010000 -> 10010110

Now, determine the output for: 01110110
[completion]
We need to deduce the transformation by matching the example outputs.
I will put my final answer inside \boxed{}.

Output 0: 11001011
0 1
1 1
2 0
3 0
4 1
5 0
6 1
7 1

Output 1: 00101010
0 0
1 0
2 1
3 0
4 1
5 0
6 1
7 0

Output 2: 01011001
0 0
1 1
2 0
3 1
4 1
5 0
6 0
7 1

Output 3: 01000001
0 0
1 1
2 0
3 0
4 0
5 0
6 0
7 1

Output 4: 01011101
0 0
1 1
2 0
3 1
4 1
5 1
6 0
7 1

Output 5: 10111111
0 1
1 0
2 1
3 1
4 1
5 1
6 1
7 1

Output 6: 10010110
0 1
1 0
2 0
3 1
4 0
5 1
6 1
7 0

Output bit columns (with bitsum as hash)
0 1000011 3
1 1011100 4
2 0100010 2
3 0010111 4
4 1110110 5
5 0000111 3
6 1100011 4
7 1011110 5

Input 0: 01011001
0 0
1 1
2 0
3 1
4 1
5 0
6 0
7 1

Input 1: 01000101
0 0
1 1
2 0
3 0
4 0
5 1
6 0
7 1

Input 2: 00001011
0 0
1 0
2 0
3 0
4 1
5 0
6 1
7 1

Input 3: 00001000
0 0
1 0
2 0
3 0
4 1
5 0
6 0
7 0

Input 4: 10001011
0 1
1 0
2 0
3 0
4 1
5 0
6 1
7 1

Input 5: 11110110
0 1
1 1
2 1
3 1
4 0
5 1
6 1
7 0

Input 6: 10010000
0 1
1 0
2 0
3 1
4 0
5 0
6 0
7 0

When matching output
x: not in operator
y: wrong position

Identity
0 0000111 3 match 5
1 1100010 3
2 0000010 1
3 1000011 3 match 0
4 1011100 4 match 1
5 0100010 2 match 2
6 0010110 3
7 1110100 4

Matching output
0 3
1 4
2 5
3 absent
4 absent
5 0
6 absent
7 absent

Left
3 4 5 6x
Best: I3 4 5: 3

Right
none
Best: none

NOT
0 1111000 4
1 0011101 4
2 1111101 6
3 0111100 4
4 0100011 3
5 1011101 5
6 1101001 4
7 0001011 3

Matching output
0 absent
1 absent
2 absent
3 absent
4 absent
5 absent
6 absent
7 absent

Left
none
Best: none

Right
none
Best: none

Constant
0 0000000 a
1 1111111 a

Matching output
0 absent
1 absent
2 absent
3 absent
4 absent
5 absent
6 absent
7 absent

Left
none
Best: none

Right
none
Best: none

AND
01 10 0000010 1
12 21 0000010 1
23 32 0000010 1
34 43 1000000 1
45 54 0000000 a
56 65 0000010 1
67 76 0010100 2
70 07 0000100 1

02 20 0000010 1
13 31 1000010 2
24 42 0000000 a
35 53 0000010 1
46 64 0010100 2
57 75 0100000 1
60 06 0000110 2
71 17 1100000 2

03 30 0000011 2
14 41 1000000 1
25 52 0000010 1
36 63 0000010 1
47 74 1010100 3
50 05 0000010 1
61 16 0000010 1
72 27 0000000 a

04 40 0000100 1
15 51 0100010 2 match 2
26 62 0000010 1
37 73 1000000 1

Matching output
0 absent
1 absent
2 15 51
3 absent
4 absent
5 absent
6 absent
7 absent

Left
none
Best: none

Right
none
Best: none

OR
01 10 1100111 5
12 21 1100010 3
23 32 1000011 3 match 0
34 43 1011111 6
45 54 1111110 6
56 65 0110110 4
67 76 1110110 5 match 4
70 07 1110111 6

02 20 0000111 3 match 5
13 31 1100011 4 match 6
24 42 1011110 5 match 7
35 53 1100011 4 match 6
46 64 1011110 5 match 7
57 75 1110110 5 match 4
60 06 0010111 4 match 3
71 17 1110110 5 match 4

03 30 1000111 4
14 41 1111110 6
25 52 0100010 2 match 2
36 63 1010111 5
47 74 1111100 5
50 05 0100111 4
61 16 1110110 5 match 4
72 27 1110110 5 match 4

04 40 1011111 6
15 51 1100010 3
26 62 0010110 3
37 73 1110111 6

Matching output
0 23 32
1 absent
2 25 52
3 60 06
4 67 76 57 75 71 17 61 16 72 27
5 02 20
6 13 31 35 53
7 24 42 46 64

Left
23 34x
32 43x
Best: OR23: 1

Right
24 13 02 71 60 57y
42 31 20 17 06 75y
46 35 24y
64 53 42y
Best: OR24 13 02 71 60: 5

XOR
01 10 1100101 4
12 21 1100000 2
23 32 1000001 2
34 43 0011111 5
45 54 1111110 6
56 65 0110100 3
67 76 1100010 3
70 07 1110011 5

02 20 0000101 2
13 31 0100001 2
24 42 1011110 5 match 7
35 53 1100001 3
46 64 1001010 3
57 75 1010110 4
60 06 0010001 2
71 17 0010110 3

03 30 1000100 2
14 41 0111110 5
25 52 0100000 1
36 63 1010101 4
47 74 0101000 2
50 05 0100101 3
61 16 1110100 4
72 27 1110110 5 match 4

04 40 1011011 5
15 51 1000000 1
26 62 0010100 2
37 73 0110111 5

Matching output
0 absent
1 absent
2 absent
3 absent
4 72 27
5 absent
6 absent
7 24 42

Left
none
Best: none

Right
24 13x
42 31x
Best: XOR24: 1

AND-NOT
01 0000101 2
12 1100000 2
23 0000000 a
34 0000011 2
45 1011100 4 match 1
56 0100000 1
67 0000010 1
70 1110000 3

02 0000101 2
13 0100000 1
24 0000010 1
35 1000001 2
46 1001000 2
57 0000010 1
60 0010000 1
71 0010100 2

03 0000100 1
14 0100010 2 match 2
25 0000000 a
36 1000001 2
47 0001000 1
50 0100000 1
61 0010100 2
72 1110100 4

04 0000011 2
15 1000000 1
26 0000000 a
37 0000011 2
40 1011000 3
51 0000000 a
62 0010100 2
73 0110100 3

05 0000101 2
16 1100000 2
27 0000010 1
30 1000000 1
41 0011100 3
52 0100000 1
63 0010100 2
74 0100000 1

06 0000001 1
17 0000010 1
20 0000000 a
31 0000001 1
42 1011100 4 match 1
53 0100000 1
64 0000010 1
75 1010100 3

07 0000011 2
10 1100000 2
21 0000000 a
32 1000001 2
43 0011100 3
54 0100010 2 match 2
65 0010100 2
76 1100000 2

Matching output
0 absent
1 45 42
2 14 54
3 absent
4 absent
5 absent
6 absent
7 absent

Left
none
Best: none

Right
none
Best: none

OR-NOT
01 0011111 5
12 1111111 a
23 0111110 5
34 1100011 4 match 6
45 1011101 5
56 1101011 5
67 0011111 5
70 1111100 5

02 1111111 a
13 1111110 6
24 0100011 3
35 1011111 6
46 1111101 6
57 0101011 4
60 1111110 6
71 1111101 6

03 0111111 6
14 1100011 4 match 6
25 1011111 6
36 1101011 5
47 1011111 6
50 1111010 5
61 0011111 5
72 1111101 6

04 0100111 4
15 1111111 a
26 1101011 5
37 1001011 4
40 1111100 5
51 0111111 6
62 1111111 a
73 1111100 5

05 1011111 6
16 1101011 5
27 0001011 3
30 1111011 6
41 1011101 5
52 1111111 a
63 0111110 5
74 1110111 6

06 1101111 6
17 1101011 5
20 1111010 5
31 1011111 6
42 1111101 6
53 0111110 5
64 0110111 5
75 1111101 6

07 0001111 4
10 1111010 5
21 0011111 5
32 1111111 a
43 1111100 5
54 0100011 3
65 1011111 6
76 1111101 6

Matching output
0 absent
1 absent
2 absent
3 absent
4 absent
5 absent
6 34 14
7 absent

Left
none
Best: none

Right
none
Best: none

XOR-NOT
01 0011010 3
12 0011111 5
23 0111110 5
34 1100000 2
45 0000001 1
56 1001011 4
67 0011101 4
70 0001100 2

02 1111010 5
13 1011110 5 match 7
24 0100001 2
35 0011110 4
46 0110101 4
57 0101001 3
60 1101110 5
71 1101001 4

03 0111011 5
14 1000001 2
25 1011111 6
36 0101010 3
47 1010111 5
50 1011010 4
61 0001011 3
72 0001001 2

04 0100100 2
15 0111111 6
26 1101011 5
37 1001000 2
40 0100100 2
51 0111111 6
62 1101011 5
73 1001000 2

05 1011010 4
16 0001011 3
27 0001001 2
30 0111011 5
41 1000001 2
52 1011111 6
63 0101010 3
74 1010111 5

06 1101110 5
17 1101001 4
20 1111010 5
31 1011110 5 match 7
42 0100001 2
53 0011110 4
64 0110101 4
75 0101001 3

07 0001100 2
10 0011010 3
21 0011111 5
32 0111110 5
43 1100000 2
54 0000001 1
65 1001011 4
76 0011101 4

Matching output
0 absent
1 absent
2 absent
3 absent
4 absent
5 absent
6 absent
7 13 31

Left
none
Best: none

Right
13 02x
31 20x
Best: XOR-NOT13: 1

Selecting

Lefts
Identity I3 4 5: 3
NOT none
Constant none
AND none
OR OR23: 1
XOR none
AND-NOT none
OR-NOT none
XOR-NOT none

Rights
Identity none
NOT none
Constant none
AND none
OR OR24 13 02 71 60: 5
XOR XOR24: 1
AND-NOT none
OR-NOT none
XOR-NOT XOR-NOT13: 1

Left longest: 3
Right longest: 5

Right winner: Identity no, NOT no, Constant no, AND no, OR yes, XOR no, AND-NOT no, OR-NOT no, XOR-NOT no
Left winner: Identity yes, NOT no, Constant no, AND no, OR no, XOR no, AND-NOT no, OR-NOT no, XOR-NOT no

Best right: OR24 13 02 71 60: 5
Best left: I3 4 5: 3

Truncated right: OR24 13 02 71 60: 5
Truncated left: I3 4 5: 3

Tentative from right
7 OR24
6 OR13
5 OR02
4 OR71
3 OR60
2 pending
1 pending
0 pending

Tentative
0 I3
1 I4
2 I5
3 OR60
4 OR71
5 OR02
6 OR13
7 OR24

Preferred from right
7 OR24
6 OR13
5 OR02
4 OR71
3 OR60
2 I5
1 I4
0 I3

Preferred from left
0 I3
1 I4
2 I5
3 OR60
4 OR71
5 OR02
6 OR13
7 OR24

Preferred
0 I3
1 I4
2 I5
3 OR60
4 OR71
5 OR02
6 OR13
7 OR24

Matching
0 I3
1 I4
2 I5
3 OR60
4 OR71
5 OR02
6 OR13
7 OR24

Perfect match
Identity no
NOT no
Constant no
AND no
OR no
XOR no
AND-NOT no
OR-NOT no
XOR-NOT no

Matched
0 I3
1 I4
2 I5
3 OR60
4 OR71
5 OR02
6 OR13
7 OR24

Selected
0 I3
1 I4
2 I5
3 OR60
4 OR71
5 OR02
6 OR13
7 OR24

Applying to 01110110
Input
0 0
1 1
2 1
3 1
4 0
5 1
6 1
7 0
Output
0 I3 = 1
1 I4 = 0
2 I5 = 1
3 OR60 = OR(1,0) = 1
4 OR71 = OR(0,1) = 1
5 OR02 = OR(0,1) = 1
6 OR13 = OR(1,1) = 1
7 OR24 = OR(1,0) = 1

I will now return the answer in \boxed{}
The answer in \boxed{–} is \boxed{10111111}
[correct]
true
