[category]
bit_manipulation
[prompt]
In Alice's Wonderland, a secret bit manipulation rule transforms 8-bit binary numbers. The transformation involves operations like bit shifts, rotations, XOR, AND, OR, NOT, and possibly majority or choice functions.

Here are some examples of input -> output:
00000110 -> 00110000
01010111 -> 10111011
01001101 -> 01101011
11100010 -> 00010111
01100101 -> 00101011
01011000 -> 11000011
01001100 -> 01100011
10111110 -> 11110111

Now, determine the output for: 10110001
[completion]
We need to deduce the transformation by matching the example outputs.
I will put my final answer inside \boxed{}.

Output 0: 00110000
0 0
1 0
2 1
3 1
4 0
5 0
6 0
7 0

Output 1: 10111011
0 1
1 0
2 1
3 1
4 1
5 0
6 1
7 1

Output 2: 01101011
0 0
1 1
2 1
3 0
4 1
5 0
6 1
7 1

Output 3: 00010111
0 0
1 0
2 0
3 1
4 0
5 1
6 1
7 1

Output 4: 00101011
0 0
1 0
2 1
3 0
4 1
5 0
6 1
7 1

Output 5: 11000011
0 1
1 1
2 0
3 0
4 0
5 0
6 1
7 1

Output 6: 01100011
0 0
1 1
2 1
3 0
4 0
5 0
6 1
7 1

Output 7: 11110111
0 1
1 1
2 1
3 1
4 0
5 1
6 1
7 1

Output bit columns (with bitsum as hash)
0 01000101 3
1 00100111 4
2 11101011 6
3 11010001 4
4 01101000 3
5 00010001 2
6 01111111 7
7 01111111 7

Input 0: 00000110
0 0
1 0
2 0
3 0
4 0
5 1
6 1
7 0

Input 1: 01010111
0 0
1 1
2 0
3 1
4 0
5 1
6 1
7 1

Input 2: 01001101
0 0
1 1
2 0
3 0
4 1
5 1
6 0
7 1

Input 3: 11100010
0 1
1 1
2 1
3 0
4 0
5 0
6 1
7 0

Input 4: 01100101
0 0
1 1
2 1
3 0
4 0
5 1
6 0
7 1

Input 5: 01011000
0 0
1 1
2 0
3 1
4 1
5 0
6 0
7 0

Input 6: 01001100
0 0
1 1
2 0
3 0
4 1
5 1
6 0
7 0

Input 7: 10111110
0 1
1 0
2 1
3 1
4 1
5 1
6 1
7 0

When matching output
x: not in operator
y: wrong position

Identity
0 00010001 2 match 5
1 01111110 6
2 00011001 3
3 01000101 3 match 0
4 00100111 4 match 1
5 11101011 6 match 2
6 11010001 4 match 3
7 01101000 3 match 4

Matching output
0 3
1 4
2 5
3 6
4 7
5 0
6 absent
7 absent

Left
3 4 5 6 7 0 1x
Best: I3 4 5 6 7 0: 6

Right
none
Best: none

NOT
0 11101110 6
1 10000001 2
2 11100110 5
3 10111010 5
4 11011000 4
5 00010100 2
6 00101110 4
7 10010111 5

Matching output
0 absent
1 absent
2 absent
3 absent
4 absent
5 absent
6 absent
7 absent

Left
none
Best: none

Right
none
Best: none

Constant
0 00000000 a
1 11111111 a

Matching output
0 absent
1 absent
2 absent
3 absent
4 absent
5 absent
6 absent
7 absent

Left
none
Best: none

Right
none
Best: none

AND
01 10 00010000 1
12 21 00011000 2
23 32 00000001 1
34 43 00000101 2
45 54 00100011 3
56 65 11000001 3
67 76 01000000 1
70 07 00000000 a

02 20 00010001 2 match 5
13 31 01000100 2
24 42 00000001 1
35 53 01000001 2
46 64 00000001 1
57 75 01101000 3 match 4
60 06 00010001 2 match 5
71 17 01101000 3 match 4

03 30 00000001 1
14 41 00100110 3
25 52 00001001 2
36 63 01000001 2
47 74 00100000 1
50 05 00000001 1
61 16 01010000 2
72 27 00001000 1

04 40 00000001 1
15 51 01101010 4
26 62 00010001 2 match 5
37 73 01000000 1

Matching output
0 absent
1 absent
2 absent
3 absent
4 57 75 71 17
5 02 20 60 06 26 62
6 absent
7 absent

Left
none
Best: none

Right
none
Best: none

OR
01 10 01111111 7 match 6 7
12 21 01111111 7 match 6 7
23 32 01011101 5
34 43 01100111 5
45 54 11101111 7
56 65 11111011 7
67 76 11111001 6
70 07 01111001 5

02 20 00011001 3
13 31 01111111 7 match 6 7
24 42 00111111 6
35 53 11101111 7
46 64 11110111 7
57 75 11101011 6 match 2
60 06 11010001 4 match 3
71 17 01111110 6

03 30 01010101 4
14 41 01111111 7 match 6 7
25 52 11111011 7
36 63 11010101 5
47 74 01101111 6
50 05 11111011 7
61 16 11111111 a
72 27 01111001 5

04 40 00110111 5
15 51 11111111 a
26 62 11011001 5
37 73 01101101 5

Matching output
0 absent
1 absent
2 57 75
3 60 06
4 absent
5 absent
6 01 10 12 21 13 31 14 41
7 01 10 12 21 13 31 14 41

Left
none
Best: none

Right
01 70x
10 07x
12 01 70x
21 10 07x
13 02x
31 20x
14 03x
41 30x
Best: OR12 01: 2

XOR
01 10 01101111 6
12 21 01100111 5
23 32 01011100 4
34 43 01100010 3
45 54 11001100 4
56 65 00111010 4
67 76 10111001 5
70 07 01111001 5

02 20 00001000 1
13 31 00111011 5
24 42 00111110 5
35 53 10101110 5
46 64 11110110 6
57 75 10000011 3
60 06 11000000 2
71 17 00010110 3

03 30 01010100 3
14 41 01011001 4
25 52 11110010 5
36 63 10010100 3
47 74 01001111 5
50 05 11111010 6
61 16 10101111 6
72 27 01110001 4

04 40 00110110 4
15 51 10010101 4
26 62 11001000 3
37 73 00101101 4

Matching output
0 absent
1 absent
2 absent
3 absent
4 absent
5 absent
6 absent
7 absent

Left
none
Best: none

Right
none
Best: none

AND-NOT
01 00000001 1
12 01100110 4
23 00011000 2
34 01000000 1
45 00000100 1
56 00101010 3
67 10010001 3
70 01101000 3 match 4

02 00000000 a
13 00111010 4
24 00011000 2
35 00000100 1
46 00100110 3
57 10000011 3
60 11000000 2
71 00000000 a

03 00010000 1
14 01011000 3
25 00010000 1
36 00000100 1
47 00000111 3
50 11101010 5
61 10000001 2
72 01100000 2

04 00010000 1
15 00010100 2
26 00001000 1
37 00000101 2
40 00100110 3
51 10000001 2
62 11000000 2
73 00101000 2

05 00010000 1
16 00101110 4
27 00010001 2 match 5
30 01000100 2
41 00000001 1
52 11100010 4
63 10010000 2
74 01001000 2

06 00000000 a
17 00010110 3
20 00001000 1
31 00000001 1
42 00100110 3
53 10101010 4
64 11010000 3
75 00000000 a

07 00010001 2 match 5
10 01101110 5
21 00000001 1
32 01000100 2
43 00100010 2
54 11001000 3
65 00010000 1
76 00101000 2

Matching output
0 absent
1 absent
2 absent
3 absent
4 70
5 27 07
6 absent
7 absent

Left
none
Best: none

Right
none
Best: none

OR-NOT
01 10010001 3
12 11111110 7
23 10111011 6
34 11011101 6
45 00110111 5
56 11101111 7
67 11010111 6
70 11101110 6

02 11110111 7
13 11111110 7
24 11011001 5
35 01010101 4
46 00101111 5
57 11111111 a
60 11111111 a
71 11101001 5

03 10111011 6
14 11111110 7
25 00011101 4
36 01101111 6
47 10110111 6
50 11101111 7
61 11010001 4 match 3
72 11101110 6

04 11011001 5
15 01111110 6
26 00111111 6
37 11010111 6
40 11101111 7
51 11101011 6 match 2
62 11110111 7
73 11111010 6

05 00010101 3
16 01111110 6
27 10011111 6
30 11101111 7
41 10100111 5
52 11101111 7
63 11111011 7
74 11111000 5

06 00111111 6
17 11111111 a
20 11111111 a
31 11000101 4
42 11100111 6
53 11111011 7
64 11011001 5
75 01111100 5

07 10010111 5
10 11111110 7
21 10011001 4
32 11100111 6
43 10111111 7
54 11111011 7
65 11010101 5
76 01101110 5

Matching output
0 absent
1 absent
2 51
3 61
4 absent
5 absent
6 absent
7 absent

Left
none
Best: none

Right
none
Best: none

XOR-NOT
01 10010000 2
12 10011000 3
23 10100011 4
34 10011101 5
45 00110011 4
56 11000101 4
67 01000110 3
70 10000110 3

02 11110111 7
13 11000100 3
24 11000001 3
35 01010001 3
46 00001001 2
57 01111100 5
60 00111111 6
71 11101001 5

03 10101011 5
14 10100110 4
25 00001101 3
36 01101011 5
47 10110000 3
50 00000101 2
61 01010000 2
72 10001110 4

04 11001001 4
15 01101010 4
26 00110111 5
37 11010010 4
40 11001001 4
51 01101010 4
62 00110111 5
73 11010010 4

05 00000101 2
16 01010000 2
27 10001110 4
30 10101011 5
41 10100110 4
52 00001101 3
63 01101011 5
74 10110000 3

06 00111111 6
17 11101001 5
20 11110111 7
31 11000100 3
42 11000001 3
53 01010001 3
64 00001001 2
75 01111100 5

07 10000110 3
10 10010000 2
21 10011000 3
32 10100011 4
43 10011101 5
54 00110011 4
65 11000101 4
76 01000110 3

Matching output
0 absent
1 absent
2 absent
3 absent
4 absent
5 absent
6 absent
7 absent

Left
none
Best: none

Right
none
Best: none

Selecting

Lefts
Identity I3 4 5 6 7 0: 6
NOT none
Constant none
AND none
OR none
XOR none
AND-NOT none
OR-NOT none
XOR-NOT none

Rights
Identity none
NOT none
Constant none
AND none
OR OR12 01: 2
XOR none
AND-NOT none
OR-NOT none
XOR-NOT none

Left longest: 6
Right longest: 2

Left winner: Identity yes, NOT no, Constant no, AND no, OR no, XOR no, AND-NOT no, OR-NOT no, XOR-NOT no
Right winner: Identity no, NOT no, Constant no, AND no, OR yes, XOR no, AND-NOT no, OR-NOT no, XOR-NOT no

Best left: I3 4 5 6 7 0: 6
Best right: OR12 01: 2

Truncated left: I3 4 5 6 7 0: 6
Truncated right: OR12 01: 2

Tentative from right
7 OR12
6 OR01
5 pending
4 pending
3 pending
2 pending
1 pending
0 pending

Tentative
0 I3
1 I4
2 I5
3 I6
4 I7
5 I0
6 OR01
7 OR12

Preferred from left
0 I3
1 I4
2 I5
3 I6
4 I7
5 I0
6 OR01
7 OR12

Preferred from right
7 OR12
6 OR01
5 I0
4 I7
3 I6
2 I5
1 I4
0 I3

Preferred
0 I3
1 I4
2 I5
3 I6
4 I7
5 I0
6 OR01
7 OR12

Matching
0 I3
1 I4
2 I5
3 I6
4 I7
5 I0
6 OR01
7 OR12

Perfect match
Identity no
NOT no
Constant no
AND no
OR no
XOR no
AND-NOT no
OR-NOT no
XOR-NOT no

Matched
0 I3
1 I4
2 I5
3 I6
4 I7
5 I0
6 OR01
7 OR12

Selected
0 I3
1 I4
2 I5
3 I6
4 I7
5 I0
6 OR01
7 OR12

Applying to 10110001
Input
0 1
1 0
2 1
3 1
4 0
5 0
6 0
7 1
Output
0 I3 = 1
1 I4 = 0
2 I5 = 0
3 I6 = 0
4 I7 = 1
5 I0 = 1
6 OR01 = OR(1,0) = 1
7 OR12 = OR(0,1) = 1

I will now return the answer in \boxed{}
The answer in \boxed{–} is \boxed{10001111}
[correct]
true
