[category]
bit_manipulation
[prompt]
In Alice's Wonderland, a secret bit manipulation rule transforms 8-bit binary numbers. The transformation involves operations like bit shifts, rotations, XOR, AND, OR, NOT, and possibly majority or choice functions.

Here are some examples of input -> output:
11100101 -> 00000010
00110110 -> 00000001
01011001 -> 00000000
10000100 -> 00000000
01011011 -> 00000000
01111010 -> 00000001
01011110 -> 00000010
01111101 -> 00000010
11000000 -> 00000000
10101010 -> 00000101

Now, determine the output for: 00101001
[completion]
We need to deduce the transformation by matching the example outputs.
I will put my final answer inside \boxed{}.

Output 0: 00000010
0 0
1 0
2 0
3 0
4 0
5 0
6 1
7 0

Output 1: 00000001
0 0
1 0
2 0
3 0
4 0
5 0
6 0
7 1

Output 2: 00000000
0 0
1 0
2 0
3 0
4 0
5 0
6 0
7 0

Output 3: 00000000
0 0
1 0
2 0
3 0
4 0
5 0
6 0
7 0

Output 4: 00000000
0 0
1 0
2 0
3 0
4 0
5 0
6 0
7 0

Output 5: 00000001
0 0
1 0
2 0
3 0
4 0
5 0
6 0
7 1

Output 6: 00000010
0 0
1 0
2 0
3 0
4 0
5 0
6 1
7 0

Output 7: 00000010
0 0
1 0
2 0
3 0
4 0
5 0
6 1
7 0

Output 8: 00000000
0 0
1 0
2 0
3 0
4 0
5 0
6 0
7 0

Output 9: 00000101
0 0
1 0
2 0
3 0
4 0
5 1
6 0
7 1

Output bit columns (with bitsum as hash)
0 0000000000 a
1 0000000000 a
2 0000000000 a
3 0000000000 a
4 0000000000 a
5 0000000001 1
6 1000001100 3
7 0100010001 3

Input 0: 11100101
0 1
1 1
2 1
3 0
4 0
5 1
6 0
7 1

Input 1: 00110110
0 0
1 0
2 1
3 1
4 0
5 1
6 1
7 0

Input 2: 01011001
0 0
1 1
2 0
3 1
4 1
5 0
6 0
7 1

Input 3: 10000100
0 1
1 0
2 0
3 0
4 0
5 1
6 0
7 0

Input 4: 01011011
0 0
1 1
2 0
3 1
4 1
5 0
6 1
7 1

Input 5: 01111010
0 0
1 1
2 1
3 1
4 1
5 0
6 1
7 0

Input 6: 01011110
0 0
1 1
2 0
3 1
4 1
5 1
6 1
7 0

Input 7: 01111101
0 0
1 1
2 1
3 1
4 1
5 1
6 0
7 1

Input 8: 11000000
0 1
1 1
2 0
3 0
4 0
5 0
6 0
7 0

Input 9: 10101010
0 1
1 0
2 1
3 0
4 1
5 0
6 1
7 0

When matching output
x: not in operator
y: wrong position

Identity
0 1001000011 4
1 1010111110 7
2 1100010101 5
3 0110111100 6
4 0010111101 6
5 1101001100 5
6 0100111001 5
7 1010100100 4

Matching output
0 absent
1 absent
2 absent
3 absent
4 absent
5 absent
6 absent
7 absent

Left
none
Best: none

Right
none
Best: none

NOT
0 0110111100 6
1 0101000001 3
2 0011101010 5
3 1001000011 4
4 1101000010 4
5 0010110011 5
6 1011000110 5
7 0101011011 6

Matching output
0 absent
1 absent
2 absent
3 absent
4 absent
5 absent
6 absent
7 absent

Left
none
Best: none

Right
none
Best: none

Constant
0 0000000000 a match 0 1 2 3 4
1 1111111111 a

Matching output
0 C0
1 C0
2 C0
3 C0
4 C0
5 absent
6 absent
7 absent

Left
0 0 0 0 0
Best: C0 0 0 0 0: 5

Right
none
Best: none

AND
01 10 1000000010 2
12 21 1000010100 3
23 32 0100010100 3
34 43 0010111100 5
45 54 0000001100 2
56 65 0100001000 2
67 76 0000100000 1
70 07 1000000000 1

02 20 1000000001 2
13 31 0010111100 5
24 42 0000010101 3
35 53 0100001100 3
46 64 0000111001 4
57 75 1000000100 2
60 06 0000000001 1 match 5
71 17 1010100100 4

03 30 0000000000 a match 0 1 2 3 4
14 41 0010111100 5
25 52 1100000100 3
36 63 0100111000 4
47 74 0010100100 3
50 05 1001000000 2
61 16 0000111000 3
72 27 1000000100 2

04 40 0000000001 1 match 5
15 51 1000001100 3 match 6
26 62 0100010001 3 match 7
37 73 0010100100 3

Matching output
0 03 30
1 03 30
2 03 30
3 03 30
4 03 30
5 60 06 04 40
6 15 51
7 26 62

Left
03 14x
30 41x
Best: AND03: 1

Right
26 15 04 73x
62 51 40 37x
Best: AND26 15 04: 3

OR
01 10 1011111111 9
12 21 1110111111 9
23 32 1110111101 8
34 43 0110111101 7
45 54 1111111101 9
56 65 1101111101 8
67 76 1110111101 8
70 07 1011100111 7

02 20 1101010111 7
13 31 1110111110 8
24 42 1110111101 8
35 53 1111111100 8
46 64 0110111101 7
57 75 1111101100 7
60 06 1101111011 8
71 17 1010111110 7

03 30 1111111111 a
14 41 1010111111 8
25 52 1101011101 7
36 63 0110111101 7
47 74 1010111101 7
50 05 1101001111 7
61 16 1110111111 9
72 27 1110110101 7

04 40 1011111111 9
15 51 1111111110 9
26 62 1100111101 7
37 73 1110111100 7

Matching output
0 absent
1 absent
2 absent
3 absent
4 absent
5 absent
6 absent
7 absent

Left
none
Best: none

Right
none
Best: none

XOR
01 10 0011111101 7
12 21 0110101011 6
23 32 1010101001 5
34 43 0100000001 2
45 54 1111110001 7
56 65 1001110101 6
67 76 1110011101 7
70 07 0011100111 6

02 20 0101010110 5
13 31 1100000010 3
24 42 1110101000 5
35 53 1011110000 5
46 64 0110000100 3
57 75 0111101000 5
60 06 1101111010 7
71 17 0000011010 3

03 30 1111111111 a
14 41 1000000011 3
25 52 0001011001 4
36 63 0010000101 3
47 74 1000011001 4
50 05 0100001111 5
61 16 1110000111 6
72 27 0110110001 5

04 40 1011111110 8
15 51 0111110010 6
26 62 1000101100 4
37 73 1100011000 4

Matching output
0 absent
1 absent
2 absent
3 absent
4 absent
5 absent
6 absent
7 absent

Left
none
Best: none

Right
none
Best: none

AND-NOT
01 0001000001 2
12 0010101010 4
23 1000000001 2
34 0100000000 1
45 0010110001 4
56 1001000100 3
67 0100011001 4
70 0010100100 3

02 0001000010 2
13 1000000010 2
24 1100000000 2
35 0010110000 3
46 0010000100 2
57 0101001000 3
60 0100111000 4
71 0000000000 a match 0 1 2 3 4

03 1001000011 4
14 1000000010 2
25 0000010001 2
36 0010000100 2
47 0000011001 3
50 0100001100 3
61 0100000001 2
72 0010100000 2

04 1001000010 3
15 0010110010 4
26 1000000100 2
37 0100011000 3
40 0010111100 5
51 0101000000 2
62 0000101000 2
73 1000000000 1

05 0000000011 2
16 1010000110 4
27 0100010001 3 match 7
30 0110111100 6
41 0000000001 1 match 5
52 0001001000 2
63 0000000001 1 match 5
74 1000000000 1

06 1001000010 3
17 0000011010 3
20 0100010100 3
31 0100000000 1
42 0010101000 3
53 1001000000 2
64 0100000000 1
75 0010100000 2

07 0001000011 3
10 0010111100 5
21 0100000001 2
32 0010101000 3
43 0000000001 1 match 5
54 1101000000 3
65 0000110001 3
76 1010000100 3

Matching output
0 71
1 71
2 71
3 71
4 71
5 41 63 43
6 absent
7 27

Left
71 02x
Best: AND-NOT71: 1

Right
27 16x
Best: AND-NOT27: 1

OR-NOT
01 1101000011 5
12 1011111110 8
23 1101010111 7
34 1111111110 9
45 0010111111 7
56 1111001110 7
67 0101111011 7
70 1110111100 7

02 1011101011 7
13 1011111111 9
24 1101010111 7
35 0110111111 8
46 1011111111 9
57 1101011111 8
60 0110111101 7
71 1111100101 7

03 1001000011 4
14 1111111110 9
25 1110110111 8
36 1111111110 9
47 0111111111 9
50 1111111100 8
61 0101111001 6
72 1011101110 7

04 1101000011 5
15 1010111111 8
26 1111010111 8
37 0111111111 9
40 0110111101 7
51 1101001101 6
62 0111111011 8
73 1011100111 7

05 1011110011 7
16 1011111110 8
27 1101011111 8
30 0110111100 6
41 0111111101 8
52 1111101110 8
63 1101111011 8
74 1111100110 7

06 1011000111 6
17 1111111111 a
20 1110111101 8
31 0111111101 8
42 0011111111 8
53 1101001111 7
64 1101111011 8
75 1010110111 7

07 1101011011 7
10 1110111110 8
21 1101010101 6
32 0111111110 8
43 1011111111 9
54 1101001110 6
65 0110111011 7
76 1011100110 6

Matching output
0 absent
1 absent
2 absent
3 absent
4 absent
5 absent
6 absent
7 absent

Left
none
Best: none

Right
none
Best: none

XOR-NOT
01 1100000010 3
12 1001010100 4
23 0101010110 5
34 1011111110 8
45 0000001110 3
56 0110001010 4
67 0001100010 3
70 1100011000 4

02 1010101001 5
13 0011111101 7
24 0001010111 5
35 0100001111 5
46 1001111011 7
57 1000010111 5
60 0010000101 3
71 1111100101 7

03 0000000000 a match 0 1 2 3 4
14 0111111100 7
25 1110100110 6
36 1101111010 7
47 0111100110 6
50 1011110000 5
61 0001111000 4
72 1001001110 5

04 0100000001 2
15 1000001101 4
26 0111010011 6
37 0011100111 6
40 0100000001 2
51 1000001101 4
62 0111010011 6
73 0011100111 6

05 1011110000 5
16 0001111000 4
27 1001001110 5
30 0000000000 a match 0 1 2 3 4
41 0111111100 7
52 1110100110 6
63 1101111010 7
74 0111100110 6

06 0010000101 3
17 1111100101 7
20 1010101001 5
31 0011111101 7
42 0001010111 5
53 0100001111 5
64 1001111011 7
75 1000010111 5

07 1100011000 4
10 1100000010 3
21 1001010100 4
32 0101010110 5
43 1011111110 8
54 0000001110 3
65 0110001010 4
76 0001100010 3

Matching output
0 03 30
1 03 30
2 03 30
3 03 30
4 03 30
5 absent
6 absent
7 absent

Left
03 14x
30 41x
Best: XOR-NOT03: 1

Right
none
Best: none

Selecting

Lefts
Identity none
NOT none
Constant C0 0 0 0 0: 5
AND AND03: 1
OR none
XOR none
AND-NOT AND-NOT71: 1
OR-NOT none
XOR-NOT XOR-NOT03: 1

Rights
Identity none
NOT none
Constant none
AND AND26 15 04: 3
OR none
XOR none
AND-NOT AND-NOT27: 1
OR-NOT none
XOR-NOT none

Left longest: 5
Right longest: 3

Left winner: Identity no, NOT no, Constant yes, AND no, OR no, XOR no, AND-NOT no, OR-NOT no, XOR-NOT no
Right winner: Identity no, NOT no, Constant no, AND yes, OR no, XOR no, AND-NOT no, OR-NOT no, XOR-NOT no

Best left: C0 0 0 0 0: 5
Best right: AND26 15 04: 3

Truncated left: C0 0 0 0 0: 5
Truncated right: AND26 15 04: 3

Tentative from right
7 AND26
6 AND15
5 AND04
4 pending
3 pending
2 pending
1 pending
0 pending

Tentative
0 C0
1 C0
2 C0
3 C0
4 C0
5 AND04
6 AND15
7 AND26

Preferred from left
0 C0
1 C0
2 C0
3 C0
4 C0
5 AND04
6 AND15
7 AND26

Preferred from right
7 AND26
6 AND15
5 AND04
4 C0
3 C0
2 C0
1 C0
0 C0

Preferred
0 C0
1 C0
2 C0
3 C0
4 C0
5 AND04
6 AND15
7 AND26

Matching
0 C0
1 C0
2 C0
3 C0
4 C0
5 AND04
6 AND15
7 AND26

Perfect match
Identity no
NOT no
Constant no
AND no
OR no
XOR no
AND-NOT no
OR-NOT no
XOR-NOT no

Matched
0 C0
1 C0
2 C0
3 C0
4 C0
5 AND04
6 AND15
7 AND26

Selected
0 C0
1 C0
2 C0
3 C0
4 C0
5 AND04
6 AND15
7 AND26

Applying to 00101001
Input
0 0
1 0
2 1
3 0
4 1
5 0
6 0
7 1
Output
0 C0 = 0
1 C0 = 0
2 C0 = 0
3 C0 = 0
4 C0 = 0
5 AND04 = AND(0,1) = 0
6 AND15 = AND(0,0) = 0
7 AND26 = AND(1,0) = 0

I will now return the answer in \boxed{}
The answer in \boxed{–} is \boxed{00000000}
[correct]
true
