[category]
bit_manipulation
[prompt]
In Alice's Wonderland, a secret bit manipulation rule transforms 8-bit binary numbers. The transformation involves operations like bit shifts, rotations, XOR, AND, OR, NOT, and possibly majority or choice functions.

Here are some examples of input -> output:
11011011 -> 11111111
00111011 -> 11111111
10011001 -> 11111111
00111000 -> 11111111
10000111 -> 11111111
11111000 -> 11111111
00001100 -> 11111111
10100100 -> 11111111
00111110 -> 11111111
01100111 -> 11111111

Now, determine the output for: 01100110
[completion]
We need to deduce the transformation by matching the example outputs.
I will put my final answer inside \boxed{}.

Output 0: 11111111
0 1
1 1
2 1
3 1
4 1
5 1
6 1
7 1

Output 1: 11111111
0 1
1 1
2 1
3 1
4 1
5 1
6 1
7 1

Output 2: 11111111
0 1
1 1
2 1
3 1
4 1
5 1
6 1
7 1

Output 3: 11111111
0 1
1 1
2 1
3 1
4 1
5 1
6 1
7 1

Output 4: 11111111
0 1
1 1
2 1
3 1
4 1
5 1
6 1
7 1

Output 5: 11111111
0 1
1 1
2 1
3 1
4 1
5 1
6 1
7 1

Output 6: 11111111
0 1
1 1
2 1
3 1
4 1
5 1
6 1
7 1

Output 7: 11111111
0 1
1 1
2 1
3 1
4 1
5 1
6 1
7 1

Output 8: 11111111
0 1
1 1
2 1
3 1
4 1
5 1
6 1
7 1

Output 9: 11111111
0 1
1 1
2 1
3 1
4 1
5 1
6 1
7 1

Output bit columns (with bitsum as hash)
0 1111111111 a
1 1111111111 a
2 1111111111 a
3 1111111111 a
4 1111111111 a
5 1111111111 a
6 1111111111 a
7 1111111111 a

Input 0: 11011011
0 1
1 1
2 0
3 1
4 1
5 0
6 1
7 1

Input 1: 00111011
0 0
1 0
2 1
3 1
4 1
5 0
6 1
7 1

Input 2: 10011001
0 1
1 0
2 0
3 1
4 1
5 0
6 0
7 1

Input 3: 00111000
0 0
1 0
2 1
3 1
4 1
5 0
6 0
7 0

Input 4: 10000111
0 1
1 0
2 0
3 0
4 0
5 1
6 1
7 1

Input 5: 11111000
0 1
1 1
2 1
3 1
4 1
5 0
6 0
7 0

Input 6: 00001100
0 0
1 0
2 0
3 0
4 1
5 1
6 0
7 0

Input 7: 10100100
0 1
1 0
2 1
3 0
4 0
5 1
6 0
7 0

Input 8: 00111110
0 0
1 0
2 1
3 1
4 1
5 1
6 1
7 0

Input 9: 01100111
0 0
1 1
2 1
3 0
4 0
5 1
6 1
7 1

When matching output
x: not in operator
y: wrong position

Identity
0 1010110100 5
1 1000010001 3
2 0101010111 6
3 1111010010 6
4 1111011010 7
5 0000101111 5
6 1100100011 5
7 1110100001 5

Matching output
0 absent
1 absent
2 absent
3 absent
4 absent
5 absent
6 absent
7 absent

Left
none
Best: none

Right
none
Best: none

NOT
0 0101001011 5
1 0111101110 7
2 1010101000 4
3 0000101101 4
4 0000100101 3
5 1111010000 5
6 0011011100 5
7 0001011110 5

Matching output
0 absent
1 absent
2 absent
3 absent
4 absent
5 absent
6 absent
7 absent

Left
none
Best: none

Right
none
Best: none

Constant
0 0000000000 a
1 1111111111 a match 0 1 2 3 4 5 6 7

Matching output
0 C1
1 C1
2 C1
3 C1
4 C1
5 C1
6 C1
7 C1

Left
1 1 1 1 1 1 1 1
Best: C1 1 1 1 1 1 1 1: 8

Right
1 1 1 1 1 1 1 1
Best: C1 1 1 1 1 1 1 1: 8

AND
01 10 1000010000 2
12 21 0000010001 2
23 32 0101010010 4
34 43 1111010010 6
45 54 0000001010 2
56 65 0000100011 3
67 76 1100100001 4
70 07 1010100000 3

02 20 0000010100 2
13 31 1000010000 2
24 42 0101010010 4
35 53 0000000010 1
46 64 1100000010 3
57 75 0000100001 2
60 06 1000100000 2
71 17 1000000001 2

03 30 1010010000 3
14 41 1000010000 2
25 52 0000000111 3
36 63 1100000010 3
47 74 1110000000 3
50 05 0000100100 2
61 16 1000000001 2
72 27 0100000001 2

04 40 1010010000 3
15 51 0000000001 1
26 62 0100000011 3
37 73 1110000000 3

Matching output
0 absent
1 absent
2 absent
3 absent
4 absent
5 absent
6 absent
7 absent

Left
none
Best: none

Right
none
Best: none

OR
01 10 1010110101 6
12 21 1101010111 7
23 32 1111010111 8
34 43 1111011010 7
45 54 1111111111 a match 0 1 2 3 4 5 6 7
56 65 1100101111 7
67 76 1110100011 6
70 07 1110110101 7

02 20 1111110111 9
13 31 1111010011 7
24 42 1111011111 9
35 53 1111111111 a match 0 1 2 3 4 5 6 7
46 64 1111111011 9
57 75 1110101111 8
60 06 1110110111 8
71 17 1110110001 6

03 30 1111110110 8
14 41 1111011011 8
25 52 0101111111 8
36 63 1111110011 8
47 74 1111111011 9
50 05 1010111111 8
61 16 1100110011 6
72 27 1111110111 9

04 40 1111111110 9
15 51 1000111111 7
26 62 1101110111 8
37 73 1111110011 8

Matching output
0 45 54 35 53
1 45 54 35 53
2 45 54 35 53
3 45 54 35 53
4 45 54 35 53
5 45 54 35 53
6 45 54 35 53
7 45 54 35 53

Left
45 56x
54 65x
35 46x
53 64x
Best: OR45: 1

Right
45 34x
54 43x
35 24x
53 42x
Best: OR45: 1

XOR
01 10 0010100101 4
12 21 1101000110 5
23 32 1010000101 4
34 43 0000001000 1
45 54 1111110101 8
56 65 1100001100 4
67 76 0010000010 2
70 07 0100010101 4

02 20 1111100011 7
13 31 0111000011 5
24 42 1010001101 5
35 53 1111111101 9
46 64 0011111001 6
57 75 1110001110 6
60 06 0110010111 6
71 17 0110110000 4

03 30 0101100110 5
14 41 0111001011 6
25 52 0101111000 5
36 63 0011110001 5
47 74 0001111011 6
50 05 1010011011 6
61 16 0100110010 4
72 27 1011110110 7

04 40 0101101110 6
15 51 1000111110 6
26 62 1001110100 5
37 73 0001110011 5

Matching output
0 absent
1 absent
2 absent
3 absent
4 absent
5 absent
6 absent
7 absent

Left
none
Best: none

Right
none
Best: none

AND-NOT
01 0010100100 3
12 1000000000 1
23 0000000101 2
34 0000000000 a
45 1111010000 5
56 0000001100 2
67 0000000010 1
70 0100000001 2

02 1010100000 3
13 0000000001 1
24 0000000101 2
35 1111010000 5
46 0011011000 4
57 0000001110 3
60 0100000011 3
71 0110100000 3

03 0000100100 2
14 0000000001 1
25 0101010000 3
36 0011010000 3
47 0001011010 4
50 0000001011 3
61 0100100010 3
72 1010100000 3

04 0000100100 2
15 1000010000 2
26 0001010100 3
37 0001010010 3
40 0101001010 4
51 0000101110 4
62 1000100000 2
73 0000100001 2

05 1010010000 3
16 0000010000 1
27 0001010110 4
30 0101000010 3
41 0111001010 5
52 0000101000 2
63 0000100001 2
74 0000100001 2

06 0010010100 3
17 0000010000 1
20 0101000011 4
31 0111000010 4
42 1010001000 3
53 0000101101 4
64 0000100001 2
75 1110000000 3

07 0000010100 2
10 0000000001 1
21 0101000110 4
32 1010000000 2
43 0000001000 1
54 0000100101 3
65 1100000000 2
76 0010000000 1

Matching output
0 absent
1 absent
2 absent
3 absent
4 absent
5 absent
6 absent
7 absent

Left
none
Best: none

Right
none
Best: none

OR-NOT
01 1111111110 9
12 1010111001 6
23 0101111111 8
34 1111110111 9
45 1111011010 7
56 0011111111 8
67 1101111111 9
70 1111101011 8

02 1010111100 6
13 1000111101 6
24 0101110111 7
35 1111010010 6
46 1111011110 8
57 0001111111 7
60 1101101011 7
71 1111101111 9

03 1010111101 7
14 1000110101 5
25 1111010111 8
36 1111011110 8
47 1111011110 8
50 0101101111 7
61 1111101111 9
72 1110101001 6

04 1010110101 6
15 1111010001 6
26 0111011111 8
37 1111011110 8
40 1111011011 8
51 0111101111 8
62 1110101011 7
73 1110101101 7

05 1111110100 7
16 1011011101 7
27 0101011111 7
30 1111011011 8
41 1111111110 9
52 1010101111 7
63 1100101111 7
74 1110100101 6

06 1011111100 7
17 1001011111 7
20 0101011111 7
31 1111111110 9
42 1111111010 8
53 0000101111 5
64 1100100111 6
75 1111110001 7

07 1011111110 8
10 1101011011 7
21 0111111111 9
32 1111111010 8
43 1111111111 a match 0 1 2 3 4 5 6 7
54 0000101111 5
65 1111110011 8
76 1111111101 9

Matching output
0 43
1 43
2 43
3 43
4 43
5 43
6 43
7 43

Left
43 54x
Best: OR-NOT43: 1

Right
43 32x
Best: OR-NOT43: 1

XOR-NOT
01 1101011010 6
12 0010111001 5
23 0101111010 6
34 1111110111 9
45 0000001010 2
56 0011110011 6
67 1101111101 8
70 1011101010 6

02 0000011100 3
13 1000111100 5
24 0101110010 5
35 0000000010 1
46 1100000110 4
57 0001110001 4
60 1001101000 4
71 1001001111 6

03 1010011001 5
14 1000110100 4
25 1010000111 5
36 1100001110 5
47 1110000100 4
50 0101100100 4
61 1011001101 6
72 0100001001 3

04 1010010001 4
15 0111000001 4
26 0110001011 5
37 1110001100 5
40 1010010001 4
51 0111000001 4
62 0110001011 5
73 1110001100 5

05 0101100100 4
16 1011001101 6
27 0100001001 3
30 1010011001 5
41 1000110100 4
52 1010000111 5
63 1100001110 5
74 1110000100 4

06 1001101000 4
17 1001001111 6
20 0000011100 3
31 1000111100 5
42 0101110010 5
53 0000000010 1
64 1100000110 4
75 0001110001 4

07 1011101010 6
10 1101011010 6
21 0010111001 5
32 0101111010 6
43 1111110111 9
54 0000001010 2
65 0011110011 6
76 1101111101 8

Matching output
0 absent
1 absent
2 absent
3 absent
4 absent
5 absent
6 absent
7 absent

Left
none
Best: none

Right
none
Best: none

Selecting

Lefts
Identity none
NOT none
Constant C1 1 1 1 1 1 1 1: 8
AND none
OR OR45: 1
XOR none
AND-NOT none
OR-NOT OR-NOT43: 1
XOR-NOT none

Rights
Identity none
NOT none
Constant C1 1 1 1 1 1 1 1: 8
AND none
OR OR45: 1
XOR none
AND-NOT none
OR-NOT OR-NOT43: 1
XOR-NOT none

Left longest: 8
Right longest: 8

Left winner: Identity no, NOT no, Constant yes, AND no, OR no, XOR no, AND-NOT no, OR-NOT no, XOR-NOT no
Right winner: Identity no, NOT no, Constant yes, AND no, OR no, XOR no, AND-NOT no, OR-NOT no, XOR-NOT no

Best left: C1 1 1 1 1 1 1 1: 8
Best right: C1 1 1 1 1 1 1 1: 8

Truncated left: C1 1 1 1 1 1 1 1: 8
Truncated right: none truncated

Tentative from right
7 pending
6 pending
5 pending
4 pending
3 pending
2 pending
1 pending
0 pending

Tentative
0 C1
1 C1
2 C1
3 C1
4 C1
5 C1
6 C1
7 C1

Preferred from left
0 C1
1 C1
2 C1
3 C1
4 C1
5 C1
6 C1
7 C1

Preferred from right
7 C1
6 C1
5 C1
4 C1
3 C1
2 C1
1 C1
0 C1

Preferred
0 C1
1 C1
2 C1
3 C1
4 C1
5 C1
6 C1
7 C1

Matching
0 C1
1 C1
2 C1
3 C1
4 C1
5 C1
6 C1
7 C1

Perfect match
Identity no
NOT no
Constant no
AND no
OR no
XOR no
AND-NOT no
OR-NOT no
XOR-NOT no

Matched
0 C1
1 C1
2 C1
3 C1
4 C1
5 C1
6 C1
7 C1

Selected
0 C1
1 C1
2 C1
3 C1
4 C1
5 C1
6 C1
7 C1

Applying to 01100110
Input
0 0
1 1
2 1
3 0
4 0
5 1
6 1
7 0
Output
0 C1 = 1
1 C1 = 1
2 C1 = 1
3 C1 = 1
4 C1 = 1
5 C1 = 1
6 C1 = 1
7 C1 = 1

I will now return the answer in \boxed{}
The answer in \boxed{–} is \boxed{11111111}
[correct]
true
