[category]
bit_manipulation
[prompt]
In Alice's Wonderland, a secret bit manipulation rule transforms 8-bit binary numbers. The transformation involves operations like bit shifts, rotations, XOR, AND, OR, NOT, and possibly majority or choice functions.

Here are some examples of input -> output:
01100000 -> 00000000
10000101 -> 00000100
01011100 -> 00010010
10011100 -> 00100100
00010001 -> 01000100
10110010 -> 10001100
11011010 -> 00100110
00000011 -> 00000000
00111000 -> 00000000
11000000 -> 00000000

Now, determine the output for: 01011101
[completion]
We need to deduce the transformation by matching the example outputs.
I will put my final answer inside \boxed{}.

Output 0: 00000000
0 0
1 0
2 0
3 0
4 0
5 0
6 0
7 0

Output 1: 00000100
0 0
1 0
2 0
3 0
4 0
5 1
6 0
7 0

Output 2: 00010010
0 0
1 0
2 0
3 1
4 0
5 0
6 1
7 0

Output 3: 00100100
0 0
1 0
2 1
3 0
4 0
5 1
6 0
7 0

Output 4: 01000100
0 0
1 1
2 0
3 0
4 0
5 1
6 0
7 0

Output 5: 10001100
0 1
1 0
2 0
3 0
4 1
5 1
6 0
7 0

Output 6: 00100110
0 0
1 0
2 1
3 0
4 0
5 1
6 1
7 0

Output 7: 00000000
0 0
1 0
2 0
3 0
4 0
5 0
6 0
7 0

Output 8: 00000000
0 0
1 0
2 0
3 0
4 0
5 0
6 0
7 0

Output 9: 00000000
0 0
1 0
2 0
3 0
4 0
5 0
6 0
7 0

Output bit columns (with bitsum as hash)
0 0000010000 1
1 0000100000 1
2 0001001000 2
3 0010000000 1
4 0000010000 1
5 0101111000 5
6 0010001000 2
7 0000000000 a

Input 0: 01100000
0 0
1 1
2 1
3 0
4 0
5 0
6 0
7 0

Input 1: 10000101
0 1
1 0
2 0
3 0
4 0
5 1
6 0
7 1

Input 2: 01011100
0 0
1 1
2 0
3 1
4 1
5 1
6 0
7 0

Input 3: 10011100
0 1
1 0
2 0
3 1
4 1
5 1
6 0
7 0

Input 4: 00010001
0 0
1 0
2 0
3 1
4 0
5 0
6 0
7 1

Input 5: 10110010
0 1
1 0
2 1
3 1
4 0
5 0
6 1
7 0

Input 6: 11011010
0 1
1 1
2 0
3 1
4 1
5 0
6 1
7 0

Input 7: 00000011
0 0
1 0
2 0
3 0
4 0
5 0
6 1
7 1

Input 8: 00111000
0 0
1 0
2 1
3 1
4 1
5 0
6 0
7 0

Input 9: 11000000
0 1
1 1
2 0
3 0
4 0
5 0
6 0
7 0

When matching output
x: not in operator
y: wrong position

Identity
0 0101011001 5
1 1010001001 4
2 1000010010 3
3 0011111010 6
4 0011001010 4
5 0111000000 3
6 0000011100 3
7 0100100100 3

Matching output
0 absent
1 absent
2 absent
3 absent
4 absent
5 absent
6 absent
7 absent

Left
none
Best: none

Right
none
Best: none

NOT
0 1010100110 5
1 0101110110 6
2 0111101101 7
3 1100000101 4
4 1100110101 6
5 1000111111 7
6 1111100011 7
7 1011011011 7

Matching output
0 absent
1 absent
2 absent
3 absent
4 absent
5 absent
6 absent
7 absent

Left
none
Best: none

Right
none
Best: none

Constant
0 0000000000 a match 7
1 1111111111 a

Matching output
0 absent
1 absent
2 absent
3 absent
4 absent
5 absent
6 absent
7 C0

Left
none
Best: none

Right
0
Best: C0: 1

AND
01 10 0000001001 2
12 21 1000000000 1
23 32 0000010010 2
34 43 0011001010 4
45 54 0011000000 2
56 65 0000000000 a match 7
67 76 0000000100 1
70 07 0100000000 1

02 20 0000010000 1 match 0 4
13 31 0010001000 2 match 6
24 42 0000000010 1
35 53 0011000000 2
46 64 0000001000 1
57 75 0100000000 1
60 06 0000011000 2
71 17 0000000000 a match 7

03 30 0001011000 3
14 41 0010001000 2 match 6
25 52 0000000000 a match 7
36 63 0000011000 2
47 74 0000000000 a match 7
50 05 0101000000 2
61 16 0000001000 1
72 27 0000000000 a match 7

04 40 0001001000 2 match 2
15 51 0010000000 1 match 3
26 62 0000010000 1 match 0 4
37 73 0000100000 1 match 1

Matching output
0 02 20 26 62
1 37 73
2 04 40
3 15 51
4 02 20 26 62
5 absent
6 13 31 14 41
7 56 65 71 17 25 52 47 74 72 27

Left
02 13y
20 31y
26 37 40 51 62 73y
62 73 04 15 26 37y
Best: AND26 37 40 51 62: 5

Right
56 45x
65 54x
71 60x
17 06x
25 14 03x
52 41 30x
47 36x
74 63x
72 61x
27 16x
Best: AND25 14: 2

OR
01 10 1111011001 7
12 21 1010011011 6
23 32 1011111010 7
34 43 0011111010 6
45 54 0111001010 5
56 65 0111011100 6
67 76 0100111100 5
70 07 0101111101 7

02 20 1101011011 7
13 31 1011111011 8
24 42 1011011010 6
35 53 0111111010 7
46 64 0011011110 6
57 75 0111100100 5
60 06 0101011101 6
71 17 1110101101 7

03 30 0111111011 8
14 41 1011001011 6
25 52 1111010010 6
36 63 0011111110 7
47 74 0111101110 7
50 05 0111011001 6
61 16 1010011101 6
72 27 1100110110 6

04 40 0111011011 7
15 51 1111001001 6
26 62 1000011110 5
37 73 0111111110 8

Matching output
0 absent
1 absent
2 absent
3 absent
4 absent
5 absent
6 absent
7 absent

Left
none
Best: none

Right
none
Best: none

XOR
01 10 1111010000 5
12 21 0010011011 5
23 32 1011101000 5
34 43 0000110000 2
45 54 0100001010 3
56 65 0111011100 6
67 76 0100111000 4
70 07 0001111101 6

02 20 1101001011 6
13 31 1001110011 6
24 42 1011011000 5
35 53 0100111010 5
46 64 0011010110 5
57 75 0011100100 4
60 06 0101000101 4
71 17 1110101101 7

03 30 0110100011 5
14 41 1001000011 4
25 52 1111010010 6
36 63 0011100110 5
47 74 0111101110 7
50 05 0010011001 4
61 16 1010010101 5
72 27 1100110110 6

04 40 0110010011 5
15 51 1101001001 5
26 62 1000001110 4
37 73 0111011110 7

Matching output
0 absent
1 absent
2 absent
3 absent
4 absent
5 absent
6 absent
7 absent

Left
none
Best: none

Right
none
Best: none

AND-NOT
01 0101010000 3
12 0010001001 3
23 1000000000 1
34 0000110000 2
45 0000001010 2
56 0111000000 3
67 0000011000 2
70 0000100100 2

02 0101001001 4
13 1000000001 2
24 1000010000 2
35 0000111010 4
46 0011000010 3
57 0011000000 2
60 0000000100 1
71 0100100100 3

03 0100000001 2
14 1000000001 2
25 1000010010 3
36 0011100010 4
47 0011001010 4
50 0010000000 1 match 3
61 0000010100 2
72 0100100100 3

04 0100010001 3
15 1000001001 3
26 1000000010 2
37 0011011010 5
40 0010000010 2
51 0101000000 2
62 0000001100 2
73 0100000100 2

05 0000011001 3
16 1010000001 3
27 1000010010 3
30 0010100010 3
41 0001000010 2
52 0111000000 3
63 0000000100 1
74 0100100100 3

06 0101000001 3
17 1010001001 4
20 1000000010 2
31 0001110010 4
42 0011001000 3
53 0100000000 1
64 0000010100 2
75 0000100100 2

07 0001011001 4
10 1010000000 2
21 0000010010 2
32 0011101000 4
43 0000000000 a match 7
54 0100000000 1
65 0000011100 3
76 0100100000 2

Matching output
0 absent
1 absent
2 absent
3 50
4 absent
5 absent
6 absent
7 43

Left
none
Best: none

Right
43 32x
Best: AND-NOT43: 1

OR-NOT
01 0101111111 8
12 1111101101 8
23 1100010111 6
34 1111111111 a
45 1011111111 9
56 1111100011 7
67 1011011111 8
70 1110100110 6

02 0111111101 8
13 1110001101 6
24 1100110111 7
35 1011111111 9
46 1111101011 8
57 1111011011 8
60 1010111110 7
71 0101110110 6

03 1101011101 7
14 1110111101 8
25 1000111111 7
36 1111111011 9
47 1011011011 7
50 1111100110 7
61 0101111110 7
72 0111101101 7

04 1101111101 8
15 1010111111 8
26 1111110011 8
37 1011111011 8
40 1011101110 7
51 0111110110 7
62 0111111101 8
73 1100100101 5

05 1101111111 9
16 1111101011 8
27 1011011011 7
30 1011111110 8
41 0111111110 8
52 0111101101 7
63 1100011101 6
74 1100110101 6

06 1111111011 9
17 1011011011 7
20 1010110110 6
31 0111111110 8
42 0111101111 8
53 1111000101 6
64 1100111101 7
75 1100111111 8

07 1111011011 8
10 1010101111 7
21 1101110110 7
32 0111111111 9
43 1111001111 8
54 1111110101 8
65 1000111111 7
76 1111100111 8

Matching output
0 absent
1 absent
2 absent
3 absent
4 absent
5 absent
6 absent
7 absent

Left
none
Best: none

Right
none
Best: none

XOR-NOT
01 0000101111 5
12 1101100100 5
23 0100010111 5
34 1111001111 8
45 1011110101 7
56 1000100011 4
67 1011000111 6
70 1110000010 4

02 0010110100 4
13 0110001100 4
24 0100100111 5
35 1011000101 5
46 1100101001 5
57 1100011011 6
60 1010111010 6
71 0001010010 3

03 1001011100 5
14 0110111100 6
25 0000101101 4
36 1100011001 5
47 1000010001 3
50 1101100110 6
61 0101101010 5
72 0011001001 4

04 1001101100 5
15 0010110110 5
26 0111110001 6
37 1000100001 3
40 1001101100 5
51 0010110110 5
62 0111110001 6
73 1000100001 3

05 1101100110 6
16 0101101010 5
27 0011001001 4
30 1001011100 5
41 0110111100 6
52 0000101101 4
63 1100011001 5
74 1000010001 3

06 1010111010 6
17 0001010010 3
20 0010110100 4
31 0110001100 4
42 0100100111 5
53 1011000101 5
64 1100101001 5
75 1100011011 6

07 1110000010 4
10 0000101111 5
21 1101100100 5
32 0100010111 5
43 1111001111 8
54 1011110101 7
65 1000100011 4
76 1011000111 6

Matching output
0 absent
1 absent
2 absent
3 absent
4 absent
5 absent
6 absent
7 absent

Left
none
Best: none

Right
none
Best: none

Selecting

Lefts
Identity none
NOT none
Constant none
AND AND26 37 40 51 62: 5
OR none
XOR none
AND-NOT none
OR-NOT none
XOR-NOT none

Rights
Identity none
NOT none
Constant C0: 1
AND AND25 14: 2
OR none
XOR none
AND-NOT AND-NOT43: 1
OR-NOT none
XOR-NOT none

Left longest: 5
Right longest: 2

Left winner: Identity no, NOT no, Constant no, AND yes, OR no, XOR no, AND-NOT no, OR-NOT no, XOR-NOT no
Right winner: Identity no, NOT no, Constant no, AND yes, OR no, XOR no, AND-NOT no, OR-NOT no, XOR-NOT no

Best left: AND26 37 40 51 62: 5
Best right: AND25 14: 2

Truncated left: AND26 37 40 51 62: 5
Truncated right: AND25 14: 2

Tentative from right
7 AND25
6 AND14
5 pending
4 pending
3 pending
2 pending
1 pending
0 pending

Tentative
0 AND26
1 AND37
2 AND40
3 AND51
4 AND62
5 pending
6 AND14
7 AND25

Preferred from left
0 AND26
1 AND37
2 AND40
3 AND51
4 AND62
5 ?73
6 AND14
7 AND25

Preferred from right
7 AND25
6 AND14
5 ?73
4 AND62
3 AND51
2 AND40
1 AND37
0 AND26

Preferred
0 AND26
1 AND37
2 AND40
3 AND51
4 AND62
5 ?73 ?37
6 AND14
7 AND25

Matching
0 AND26
1 AND37
2 AND40
3 AND51
4 AND62
5 ?73 ?37 - Identity absent, NOT absent, Constant absent, AND absent, OR absent, XOR absent, AND-NOT absent, OR-NOT absent, XOR-NOT absent
6 AND14
7 AND25

Perfect match
Identity no
NOT no
Constant no
AND no
OR no
XOR no
AND-NOT no
OR-NOT no
XOR-NOT no

Matched
0 AND26
1 AND37
2 AND40
3 AND51
4 AND62
5 none
6 AND14
7 AND25

Selected
0 AND26
1 AND37
2 AND40
3 AND51
4 AND62
5 default 1
6 AND14
7 AND25

Applying to 01011101
Input
0 0
1 1
2 0
3 1
4 1
5 1
6 0
7 1
Output
0 AND26 = AND(0,0) = 0
1 AND37 = AND(1,1) = 1
2 AND40 = AND(1,0) = 0
3 AND51 = AND(1,1) = 1
4 AND62 = AND(0,0) = 0
5 default 1 = 1
6 AND14 = AND(1,1) = 1
7 AND25 = AND(0,1) = 0

I will now return the answer in \boxed{}
The answer in \boxed{–} is \boxed{01010110}
[correct]
true
