[category]
bit_manipulation
[prompt]
In Alice's Wonderland, a secret bit manipulation rule transforms 8-bit binary numbers. The transformation involves operations like bit shifts, rotations, XOR, AND, OR, NOT, and possibly majority or choice functions.

Here are some examples of input -> output:
01100101 -> 10000001
11001000 -> 00110011
11001101 -> 01001011
11000100 -> 10010011
10010001 -> 01101110
11011111 -> 11111011
10000011 -> 11011111
10001100 -> 01010111

Now, determine the output for: 01011101
[completion]
We need to deduce the transformation by matching the example outputs.
I will put my final answer inside \boxed{}.

Output 0: 10000001
0 1
1 0
2 0
3 0
4 0
5 0
6 0
7 1

Output 1: 00110011
0 0
1 0
2 1
3 1
4 0
5 0
6 1
7 1

Output 2: 01001011
0 0
1 1
2 0
3 0
4 1
5 0
6 1
7 1

Output 3: 10010011
0 1
1 0
2 0
3 1
4 0
5 0
6 1
7 1

Output 4: 01101110
0 0
1 1
2 1
3 0
4 1
5 1
6 1
7 0

Output 5: 11111011
0 1
1 1
2 1
3 1
4 1
5 0
6 1
7 1

Output 6: 11011111
0 1
1 1
2 0
3 1
4 1
5 1
6 1
7 1

Output 7: 01010111
0 0
1 1
2 0
3 1
4 0
5 1
6 1
7 1

Output bit columns (with bitsum as hash)
0 10010110 4
1 00101111 5
2 01001100 3
3 01010111 5
4 00101110 4
5 00001011 3
6 01111111 7
7 11110111 7

Input 0: 01100101
0 0
1 1
2 1
3 0
4 0
5 1
6 0
7 1

Input 1: 11001000
0 1
1 1
2 0
3 0
4 1
5 0
6 0
7 0

Input 2: 11001101
0 1
1 1
2 0
3 0
4 1
5 1
6 0
7 1

Input 3: 11000100
0 1
1 1
2 0
3 0
4 0
5 1
6 0
7 0

Input 4: 10010001
0 1
1 0
2 0
3 1
4 0
5 0
6 0
7 1

Input 5: 11011111
0 1
1 1
2 0
3 1
4 1
5 1
6 1
7 1

Input 6: 10000011
0 1
1 0
2 0
3 0
4 0
5 0
6 1
7 1

Input 7: 10001100
0 1
1 0
2 0
3 0
4 1
5 1
6 0
7 0

When matching output
x: not in operator
y: wrong position

Identity
0 01111111 7 match 6
1 11110100 5
2 10000000 1
3 00001100 2
4 01100101 4
5 10110101 5
6 00000110 2
7 10101110 5

Matching output
0 absent
1 absent
2 absent
3 absent
4 absent
5 absent
6 0
7 absent

Left
none
Best: none

Right
none
Best: none

NOT
0 10000000 1
1 00001011 3 match 5
2 01111111 7 match 6
3 11110011 6
4 10011010 4
5 01001010 3
6 11111001 6
7 01010001 3

Matching output
0 absent
1 absent
2 absent
3 absent
4 absent
5 1
6 2
7 absent

Left
none
Best: none

Right
none
Best: none

Constant
0 00000000 a
1 11111111 a

Matching output
0 absent
1 absent
2 absent
3 absent
4 absent
5 absent
6 absent
7 absent

Left
none
Best: none

Right
none
Best: none

AND
01 10 01110100 4
12 21 10000000 1
23 32 00000000 a
34 43 00000100 1
45 54 00100101 3
56 65 00000100 1
67 76 00000110 2
70 07 00101110 4 match 4

02 20 00000000 a
13 31 00000100 1
24 42 00000000 a
35 53 00000100 1
46 64 00000100 1
57 75 10100100 3
60 06 00000110 2
71 17 10100100 3

03 30 00001100 2
14 41 01100100 3
25 52 10000000 1
36 63 00000100 1
47 74 00100100 2
50 05 00110101 4
61 16 00000100 1
72 27 10000000 1

04 40 01100101 4
15 51 10110100 4
26 62 00000000 a
37 73 00001100 2

Matching output
0 absent
1 absent
2 absent
3 absent
4 70 07
5 absent
6 absent
7 absent

Left
none
Best: none

Right
none
Best: none

OR
01 10 11111111 a
12 21 11110100 5
23 32 10001100 3
34 43 01101101 5
45 54 11110101 6
56 65 10110111 6
67 76 10101110 5
70 07 11111111 a

02 20 11111111 a
13 31 11111100 6
24 42 11100101 5
35 53 10111101 6
46 64 01100111 5
57 75 10111111 7
60 06 01111111 7 match 6
71 17 11111110 7

03 30 01111111 7 match 6
14 41 11110101 6
25 52 10110101 5
36 63 00001110 3
47 74 11101111 7
50 05 11111111 a
61 16 11110110 6
72 27 10101110 5

04 40 01111111 7 match 6
15 51 11110101 6
26 62 10000110 3
37 73 10101110 5

Matching output
0 absent
1 absent
2 absent
3 absent
4 absent
5 absent
6 60 06 03 30 04 40
7 absent

Left
none
Best: none

Right
none
Best: none

XOR
01 10 10001011 4
12 21 01110100 4
23 32 10001100 3
34 43 01101001 4
45 54 11010000 3
56 65 10110011 5
67 76 10101000 3
70 07 11010001 4

02 20 11111111 a
13 31 11111000 5
24 42 11100101 5
35 53 10111001 5
46 64 01100011 4
57 75 00011011 4
60 06 01111001 5
71 17 01011010 4

03 30 01110011 5
14 41 10010001 3
25 52 00110101 4
36 63 00001010 2
47 74 11001011 5
50 05 11001010 4
61 16 11110010 5
72 27 00101110 4 match 4

04 40 00011010 3
15 51 01000001 2
26 62 10000110 3
37 73 10100010 3

Matching output
0 absent
1 absent
2 absent
3 absent
4 72 27
5 absent
6 absent
7 absent

Left
none
Best: none

Right
none
Best: none

AND-NOT
01 00001011 3 match 5
12 01110100 4
23 10000000 1
34 00001000 1
45 01000000 1
56 10110001 4
67 00000000 a
70 10000000 1

02 01111111 7 match 6
13 11110000 4
24 10000000 1
35 00001000 1
46 01100001 3
57 00010001 2
60 00000000 a
71 00001010 2

03 01110011 5
14 10010000 2
25 00000000 a
36 00001000 1
47 01000001 2
50 10000000 1
61 00000010 1
72 00101110 4 match 4

04 00011010 3
15 01000000 1
26 10000000 1
37 00000000 a
40 00000000 a
51 00000001 1
62 00000110 2
73 10100010 3

05 01001010 3
16 11110000 4
27 00000000 a
30 00000000 a
41 00000001 1
52 00110101 4
63 00000010 1
74 10001010 3

06 01111001 5
17 01010000 2
20 10000000 1
31 00001000 1
42 01100101 4
53 10110001 4
64 00000010 1
75 00001010 2

07 01010001 3
10 10000000 1
21 00000000 a
32 00001100 2
43 01100001 3
54 10010000 2
65 00000010 1
76 10101000 3

Matching output
0 absent
1 absent
2 absent
3 absent
4 72
5 01
6 02
7 absent

Left
none
Best: none

Right
none
Best: none

OR-NOT
01 01111111 7 match 6
12 11111111 a
23 11110011 6
34 10011110 5
45 01101111 6
56 11111101 7
67 01010111 5 match 3
70 10101110 5

02 01111111 7 match 6
13 11110111 7 match 7
24 10011010 4
35 01001110 4
46 11111101 7
57 11110101 6
60 10000110 3
71 10101111 6

03 11111111 a
14 11111110 7
25 11001010 4
36 11111101 7
47 01110101 5
50 10110101 5
61 00001111 4
72 11111111 a

04 11111111 a
15 11111110 7
26 11111001 6
37 01011101 5
40 11100101 5
51 10111111 7
62 01111111 7 match 6
73 11111111 a

05 01111111 7 match 6
16 11111101 7
27 11010001 4
30 10001100 3
41 01101111 6
52 11111111 a
63 11110111 7 match 7
74 10111110 6

06 11111111 a
17 11110101 6
20 10000000 1
31 00001111 4
42 01111111 7 match 6
53 11110111 7 match 7
64 10011110 5
75 11101110 6

07 01111111 7 match 6
10 11110100 5
21 10001011 4
32 01111111 7 match 6
43 11110111 7 match 7
54 10111111 7
65 01001110 4
76 11111111 a

Matching output
0 absent
1 absent
2 absent
3 67
4 absent
5 absent
6 01 02 62 05 42 07 32
7 13 63 53 43

Left
none
Best: none

Right
13 02 71x
63 52x
53 42 31x
43 32 21x
Best: OR-NOT13 02: 2

XOR-NOT
01 01110100 4
12 10001011 4
23 01110011 5
34 10010110 4 match 0
45 00101111 5 match 1
56 01001100 3 match 2
67 01010111 5 match 3
70 00101110 4 match 4

02 00000000 a
13 00000111 3
24 00011010 3
35 01000110 3
46 10011100 4
57 11100100 4
60 10000110 3
71 10100101 4

03 10001100 3
14 01101110 5
25 11001010 4
36 11110101 6
47 00110100 3
50 00110101 4
61 00001101 3
72 11010001 4

04 11100101 5
15 10111110 6
26 01111001 5
37 01011101 5
40 11100101 5
51 10111110 6
62 01111001 5
73 01011101 5

05 00110101 4
16 00001101 3
27 11010001 4
30 10001100 3
41 01101110 5
52 11001010 4
63 11110101 6
74 00110100 3

06 10000110 3
17 10100101 4
20 00000000 a
31 00000111 3
42 00011010 3
53 01000110 3
64 10011100 4
75 11100100 4

07 00101110 4 match 4
10 01110100 4
21 10001011 4
32 01110011 5
43 10010110 4 match 0
54 00101111 5 match 1
65 01001100 3 match 2
76 01010111 5 match 3

Matching output
0 34 43
1 45 54
2 56 65
3 67 76
4 70 07
5 absent
6 absent
7 absent

Left
34 45 56 67 70 01x
43 54 65 76 07 10x
Best: XOR-NOT34 45 56 67 70: 5

Right
none
Best: none

Selecting

Lefts
Identity none
NOT none
Constant none
AND none
OR none
XOR none
AND-NOT none
OR-NOT none
XOR-NOT XOR-NOT34 45 56 67 70: 5

Rights
Identity none
NOT none
Constant none
AND none
OR none
XOR none
AND-NOT none
OR-NOT OR-NOT13 02: 2
XOR-NOT none

Left longest: 5
Right longest: 2

Left winner: Identity no, NOT no, Constant no, AND no, OR no, XOR no, AND-NOT no, OR-NOT no, XOR-NOT yes
Right winner: Identity no, NOT no, Constant no, AND no, OR no, XOR no, AND-NOT no, OR-NOT yes, XOR-NOT no

Best left: XOR-NOT34 45 56 67 70: 5
Best right: OR-NOT13 02: 2

Truncated left: XOR-NOT34 45 56 67 70: 5
Truncated right: OR-NOT13 02: 2

Tentative from right
7 OR-NOT13
6 OR-NOT02
5 pending
4 pending
3 pending
2 pending
1 pending
0 pending

Tentative
0 XOR-NOT34
1 XOR-NOT45
2 XOR-NOT56
3 XOR-NOT67
4 XOR-NOT70
5 pending
6 OR-NOT02
7 OR-NOT13

Preferred from left
0 XOR-NOT34
1 XOR-NOT45
2 XOR-NOT56
3 XOR-NOT67
4 XOR-NOT70
5 ?01
6 OR-NOT02
7 OR-NOT13

Preferred from right
7 OR-NOT13
6 OR-NOT02
5 ?01
4 XOR-NOT70
3 XOR-NOT67
2 XOR-NOT56
1 XOR-NOT45
0 XOR-NOT34

Preferred
0 XOR-NOT34
1 XOR-NOT45
2 XOR-NOT56
3 XOR-NOT67
4 XOR-NOT70
5 ?01 ?10
6 OR-NOT02
7 OR-NOT13

Matching
0 XOR-NOT34
1 XOR-NOT45
2 XOR-NOT56
3 XOR-NOT67
4 XOR-NOT70
5 ?01 ?10 - Identity absent, NOT NOT1, Constant absent, AND absent, OR absent, XOR absent, AND-NOT01, OR-NOT absent, XOR-NOT absent
6 OR-NOT02
7 OR-NOT13

Perfect match
Identity no
NOT yes
Constant no
AND no
OR no
XOR no
AND-NOT no
OR-NOT no
XOR-NOT no

Matched
0 XOR-NOT34
1 XOR-NOT45
2 XOR-NOT56
3 XOR-NOT67
4 XOR-NOT70
5 NOT1
6 OR-NOT02
7 OR-NOT13

Selected
0 XOR-NOT34
1 XOR-NOT45
2 XOR-NOT56
3 XOR-NOT67
4 XOR-NOT70
5 NOT1
6 OR-NOT02
7 OR-NOT13

Applying to 01011101
Input
0 0
1 1
2 0
3 1
4 1
5 1
6 0
7 1
Output
0 XOR-NOT34 = XOR(1,NOT(1)) = 1
1 XOR-NOT45 = XOR(1,NOT(1)) = 1
2 XOR-NOT56 = XOR(1,NOT(0)) = 0
3 XOR-NOT67 = XOR(0,NOT(1)) = 0
4 XOR-NOT70 = XOR(1,NOT(0)) = 0
5 NOT1 = NOT(1) = 0
6 OR-NOT02 = OR(0,NOT(0)) = 1
7 OR-NOT13 = OR(1,NOT(1)) = 1

I will now return the answer in \boxed{}
The answer in \boxed{–} is \boxed{11000011}
[correct]
true
