[category]
bit_manipulation
[prompt]
In Alice's Wonderland, a secret bit manipulation rule transforms 8-bit binary numbers. The transformation involves operations like bit shifts, rotations, XOR, AND, OR, NOT, and possibly majority or choice functions.

Here are some examples of input -> output:
10011011 -> 10100110
00110100 -> 00001101
00011000 -> 00000110
00000101 -> 10000001
10111010 -> 00101110
10101000 -> 00101010
10010011 -> 10100100

Now, determine the output for: 00011111
[completion]
We need to deduce the transformation by matching the example outputs.
I will put my final answer inside \boxed{}.

Output 0: 10100110
0 1
1 0
2 1
3 0
4 0
5 1
6 1
7 0

Output 1: 00001101
0 0
1 0
2 0
3 0
4 1
5 1
6 0
7 1

Output 2: 00000110
0 0
1 0
2 0
3 0
4 0
5 1
6 1
7 0

Output 3: 10000001
0 1
1 0
2 0
3 0
4 0
5 0
6 0
7 1

Output 4: 00101110
0 0
1 0
2 1
3 0
4 1
5 1
6 1
7 0

Output 5: 00101010
0 0
1 0
2 1
3 0
4 1
5 0
6 1
7 0

Output 6: 10100100
0 1
1 0
2 1
3 0
4 0
5 1
6 0
7 0

Output bit columns (with bitsum as hash)
0 1001001 3
1 0000000 a
2 1000111 4
3 0000000 a
4 0100110 3
5 1110101 5
6 1010110 4
7 0101000 2

Input 0: 10011011
0 1
1 0
2 0
3 1
4 1
5 0
6 1
7 1

Input 1: 00110100
0 0
1 0
2 1
3 1
4 0
5 1
6 0
7 0

Input 2: 00011000
0 0
1 0
2 0
3 1
4 1
5 0
6 0
7 0

Input 3: 00000101
0 0
1 0
2 0
3 0
4 0
5 1
6 0
7 1

Input 4: 10111010
0 1
1 0
2 1
3 1
4 1
5 0
6 1
7 0

Input 5: 10101000
0 1
1 0
2 1
3 0
4 1
5 0
6 0
7 0

Input 6: 10010011
0 1
1 0
2 0
3 1
4 0
5 0
6 1
7 1

When matching output
x: not in operator
y: wrong position

Identity
0 1000111 4 match 2
1 0000000 a match 1 3
2 0100110 3 match 4
3 1110101 5 match 5
4 1010110 4 match 6
5 0101000 2 match 7
6 1000101 3
7 1001001 3 match 0

Matching output
0 7
1 1
2 0
3 1
4 2
5 3
6 4
7 5

Left
7 0y
Best: I7: 1

Right
5 4 3 2 1 0 7y
Best: I5 4 3 2 1 0: 6

NOT
0 0111000 3
1 1111111 a
2 1011001 4
3 0001010 2
4 0101001 3
5 1010111 5
6 0111010 4
7 0110110 4

Matching output
0 absent
1 absent
2 absent
3 absent
4 absent
5 absent
6 absent
7 absent

Left
none
Best: none

Right
none
Best: none

Constant
0 0000000 a match 1 3
1 1111111 a

Matching output
0 absent
1 C0
2 absent
3 C0
4 absent
5 absent
6 absent
7 absent

Left
none
Best: none

Right
none
Best: none

AND
01 10 0000000 a match 1 3
12 21 0000000 a match 1 3
23 32 0100100 2
34 43 1010100 3
45 54 0000000 a match 1 3
56 65 0000000 a match 1 3
67 76 1000001 2
70 07 1000001 2

02 20 0000110 2
13 31 0000000 a match 1 3
24 42 0000110 2
35 53 0100000 1
46 64 1000100 2
57 75 0001000 1
60 06 1000101 3
71 17 0000000 a match 1 3

03 30 1000101 3
14 41 0000000 a match 1 3
25 52 0100000 1
36 63 1000101 3
47 74 1000000 1
50 05 0000000 a match 1 3
61 16 0000000 a match 1 3
72 27 0000000 a match 1 3

04 40 1000110 3
15 51 0000000 a match 1 3
26 62 0000100 1
37 73 1000001 2

Matching output
0 absent
1 01 10 12 21 45 54 56 65 13 31 71 17 14 41 50 05 61 16 72 27 15 51
2 absent
3 01 10 12 21 45 54 56 65 13 31 71 17 14 41 50 05 61 16 72 27 15 51
4 absent
5 absent
6 absent
7 absent

Left
none
Best: none

Right
none
Best: none

OR
01 10 1000111 4 match 2
12 21 0100110 3 match 4
23 32 1110111 6
34 43 1110111 6
45 54 1111110 6
56 65 1101101 5
67 76 1001101 4
70 07 1001111 5

02 20 1100111 5
13 31 1110101 5 match 5
24 42 1110110 5
35 53 1111101 6
46 64 1010111 5
57 75 1101001 4
60 06 1000111 4 match 2
71 17 1001001 3 match 0

03 30 1110111 6
14 41 1010110 4 match 6
25 52 0101110 4
36 63 1110101 5 match 5
47 74 1011111 6
50 05 1101111 6
61 16 1000101 3
72 27 1101111 6

04 40 1010111 5
15 51 0101000 2 match 7
26 62 1100111 5
37 73 1111101 6

Matching output
0 71 17
1 absent
2 01 10 60 06
3 absent
4 12 21
5 13 31 36 63
6 14 41
7 15 51

Left
71 02x
17 20x
Best: OR71: 1

Right
15 04x
51 40x
Best: OR15: 1

XOR
01 10 1000111 4 match 2
12 21 0100110 3 match 4
23 32 1010011 4
34 43 0100011 3
45 54 1111110 6
56 65 1101101 5
67 76 0001100 2
70 07 0001110 3

02 20 1100001 3
13 31 1110101 5 match 5
24 42 1110000 3
35 53 1011101 5
46 64 0010011 3
57 75 1100001 3
60 06 0000010 1
71 17 1001001 3 match 0

03 30 0110010 3
14 41 1010110 4 match 6
25 52 0001110 3
36 63 0110000 2
47 74 0011111 5
50 05 1101111 6
61 16 1000101 3
72 27 1101111 6

04 40 0010001 2
15 51 0101000 2 match 7
26 62 1100011 4
37 73 0111100 4

Matching output
0 71 17
1 absent
2 01 10
3 absent
4 12 21
5 13 31
6 14 41
7 15 51

Left
71 02x
17 20x
Best: XOR71: 1

Right
15 04x
51 40x
Best: XOR15: 1

AND-NOT
01 1000111 4 match 2
12 0000000 a match 1 3
23 0000010 1
34 0100001 2
45 1010110 4 match 6
56 0101000 2 match 7
67 0000100 1
70 0001000 1

02 1000001 2
13 0000000 a match 1 3
24 0100000 1
35 1010101 4
46 0010010 2
57 0100000 1
60 0000000 a match 1 3
71 1001001 3 match 0

03 0000010 1
14 0000000 a match 1 3
25 0000110 2
36 0110000 2
47 0010110 3
50 0101000 2 match 7
61 1000101 3
72 1001001 3 match 0

04 0000001 1
15 0000000 a match 1 3
26 0100010 2
37 0110100 3
40 0010000 1
51 0101000 2 match 7
62 1000001 2
73 0001000 1

05 1000111 4 match 2
16 0000000 a match 1 3
27 0100110 3 match 4
30 0110000 2
41 1010110 4 match 6
52 0001000 1
63 0000000 a match 1 3
74 0001001 2

06 0000010 1
17 0000000 a match 1 3
20 0100000 1
31 1110101 5 match 5
42 1010000 2
53 0001000 1
64 0000001 1
75 1000001 2

07 0000110 2
10 0000000 a match 1 3
21 0100110 3 match 4
32 1010001 3
43 0000010 1
54 0101000 2 match 7
65 1000101 3
76 0001000 1

Matching output
0 71 72
1 12 13 60 14 15 16 63 17 10
2 01 05
3 12 13 60 14 15 16 63 17 10
4 27 21
5 31
6 45 41
7 56 50 51 54

Left
71 02x
72 03x
Best: AND-NOT71: 1

Right
56 45 34x
50 47x
51 40x
54 43x
Best: AND-NOT56 45: 2

OR-NOT
01 1111111 a
12 1011001 4
23 0101110 4
34 1111101 6
45 1010111 5
56 0111010 4
67 1110111 6
70 1111001 5

02 1011111 6
13 0001010 2
24 0101111 5
35 1110111 6
46 1111110 6
57 0111110 5
60 1111101 6
71 1111111 a

03 1001111 5
14 0101001 3
25 1110111 6
36 1111111 a
47 1110110 5
50 0111000 3
61 1111111 a
72 1011001 4

04 1101111 6
15 1010111 5
26 0111110 5
37 1110111 6
40 1111110 6
51 1111111 a
62 1011101 5
73 1001011 4

05 1010111 5
16 0111010 4
27 0110110 4
30 1111101 6
41 1111111 a
52 1111001 5
63 1001111 5
74 1101001 4

06 1111111 a
17 0110110 4
20 0111110 5
31 1111111 a
42 1011111 6
53 0101010 3
64 1101101 5
75 1011111 6

07 1110111 6
10 0111000 3
21 1111111 a
32 1111101 6
43 1011110 5
54 0101001 3
65 1010111 5
76 1111011 6

Matching output
0 absent
1 absent
2 absent
3 absent
4 absent
5 absent
6 absent
7 absent

Left
none
Best: none

Right
none
Best: none

XOR-NOT
01 0111000 3
12 1011001 4
23 0101100 3
34 1011100 4
45 0000001 1
56 0010010 2
67 1110011 5
70 1110001 4

02 0011110 4
13 0001010 2
24 0001111 4
35 0100010 2
46 1101100 4
57 0011110 4
60 1111101 6
71 0110110 4

03 1001101 4
14 0101001 3
25 1110001 4
36 1001111 5
47 1100000 2
50 0010000 1
61 0111010 4
72 0010000 1

04 1101110 5
15 1010111 5
26 0011100 3
37 1000011 3
40 1101110 5
51 1010111 5
62 0011100 3
73 1000011 3

05 0010000 1
16 0111010 4
27 0010000 1
30 1001101 4
41 0101001 3
52 1110001 4
63 1001111 5
74 1100000 2

06 1111101 6
17 0110110 4
20 0011110 4
31 0001010 2
42 0001111 4
53 0100010 2
64 1101100 4
75 0011110 4

07 1110001 4
10 0111000 3
21 1011001 4
32 0101100 3
43 1011100 4
54 0000001 1
65 0010010 2
76 1110011 5

Matching output
0 absent
1 absent
2 absent
3 absent
4 absent
5 absent
6 absent
7 absent

Left
none
Best: none

Right
none
Best: none

Selecting

Lefts
Identity I7: 1
NOT none
Constant none
AND none
OR OR71: 1
XOR XOR71: 1
AND-NOT AND-NOT71: 1
OR-NOT none
XOR-NOT none

Rights
Identity I5 4 3 2 1 0: 6
NOT none
Constant none
AND none
OR OR15: 1
XOR XOR15: 1
AND-NOT AND-NOT56 45: 2
OR-NOT none
XOR-NOT none

Left longest: 1
Right longest: 6

Right winner: Identity yes, NOT no, Constant no, AND no, OR no, XOR no, AND-NOT no, OR-NOT no, XOR-NOT no
Left winner: Identity yes, NOT no, Constant no, AND no, OR no, XOR no, AND-NOT no, OR-NOT no, XOR-NOT no

Best right: I5 4 3 2 1 0: 6
Best left: I7: 1

Truncated right: I5 4 3 2 1 0: 6
Truncated left: I7: 1

Tentative from right
7 I5
6 I4
5 I3
4 I2
3 I1
2 I0
1 pending
0 pending

Tentative
0 I7
1 pending
2 I0
3 I1
4 I2
5 I3
6 I4
7 I5

Preferred from right
7 I5
6 I4
5 I3
4 I2
3 I1
2 I0
1 ??7
0 I7

Preferred from left
0 I7
1 ?07
2 I0
3 I1
4 I2
5 I3
6 I4
7 I5

Preferred
0 I7
1 ?07 ?70
2 I0
3 I1
4 I2
5 I3
6 I4
7 I5

Matching
0 I7
1 ?07 ?70 - Identity absent, NOT absent, Constant C0, AND absent, OR absent, XOR absent, AND-NOT absent, OR-NOT absent, XOR-NOT absent
2 I0
3 I1
4 I2
5 I3
6 I4
7 I5

Perfect match
Identity no
NOT no
Constant yes
AND no
OR no
XOR no
AND-NOT no
OR-NOT no
XOR-NOT no

Matched
0 I7
1 C0
2 I0
3 I1
4 I2
5 I3
6 I4
7 I5

Selected
0 I7
1 C0
2 I0
3 I1
4 I2
5 I3
6 I4
7 I5

Applying to 00011111
Input
0 0
1 0
2 0
3 1
4 1
5 1
6 1
7 1
Output
0 I7 = 1
1 C0 = 0
2 I0 = 0
3 I1 = 0
4 I2 = 0
5 I3 = 1
6 I4 = 1
7 I5 = 1

I will now return the answer in \boxed{}
The answer in \boxed{–} is \boxed{10000111}
[correct]
true
