[category]
bit_manipulation
[prompt]
In Alice's Wonderland, a secret bit manipulation rule transforms 8-bit binary numbers. The transformation involves operations like bit shifts, rotations, XOR, AND, OR, NOT, and possibly majority or choice functions.

Here are some examples of input -> output:
01100011 -> 10111110
00010111 -> 01111101
11001111 -> 11111100
11101001 -> 10111110
10110101 -> 11011111
01000011 -> 00111100
00101011 -> 10111110
10010000 -> 01001001

Now, determine the output for: 01100111
[completion]
We need to deduce the transformation by matching the example outputs.
I will put my final answer inside \boxed{}.

Output 0: 10111110
0 1
1 0
2 1
3 1
4 1
5 1
6 1
7 0

Output 1: 01111101
0 0
1 1
2 1
3 1
4 1
5 1
6 0
7 1

Output 2: 11111100
0 1
1 1
2 1
3 1
4 1
5 1
6 0
7 0

Output 3: 10111110
0 1
1 0
2 1
3 1
4 1
5 1
6 1
7 0

Output 4: 11011111
0 1
1 1
2 0
3 1
4 1
5 1
6 1
7 1

Output 5: 00111100
0 0
1 0
2 1
3 1
4 1
5 1
6 0
7 0

Output 6: 10111110
0 1
1 0
2 1
3 1
4 1
5 1
6 1
7 0

Output 7: 01001001
0 0
1 1
2 0
3 0
4 1
5 0
6 0
7 1

Output bit columns (with bitsum as hash)
0 10111010 5
1 01101001 4
2 11110110 6
3 11111110 7
4 11111111 a
5 11111110 7
6 10011010 4
7 01001001 3

Input 0: 01100011
0 0
1 1
2 1
3 0
4 0
5 0
6 1
7 1

Input 1: 00010111
0 0
1 0
2 0
3 1
4 0
5 1
6 1
7 1

Input 2: 11001111
0 1
1 1
2 0
3 0
4 1
5 1
6 1
7 1

Input 3: 11101001
0 1
1 1
2 1
3 0
4 1
5 0
6 0
7 1

Input 4: 10110101
0 1
1 0
2 1
3 1
4 0
5 1
6 0
7 1

Input 5: 01000011
0 0
1 1
2 0
3 0
4 0
5 0
6 1
7 1

Input 6: 00101011
0 0
1 0
2 1
3 0
4 1
5 0
6 1
7 1

Input 7: 10010000
0 1
1 0
2 0
3 1
4 0
5 0
6 0
7 0

When matching output
x: not in operator
y: wrong position

Identity
0 00111001 4
1 10110100 4
2 10011010 4 match 6
3 01001001 3 match 7
4 00110010 3
5 01101000 3
6 11100110 5
7 11111110 7 match 3 5

Matching output
0 absent
1 absent
2 absent
3 7
4 absent
5 7
6 2
7 3

Left
none
Best: none

Right
3 2 1x
Best: I3 2: 2

NOT
0 11000110 4
1 01001011 4
2 01100101 4
3 10110110 5
4 11001101 5
5 10010111 5
6 00011001 3
7 00000001 1

Matching output
0 absent
1 absent
2 absent
3 absent
4 absent
5 absent
6 absent
7 absent

Left
none
Best: none

Right
none
Best: none

Constant
0 00000000 a
1 11111111 a match 4

Matching output
0 absent
1 absent
2 absent
3 absent
4 C1
5 absent
6 absent
7 absent

Left
none
Best: none

Right
none
Best: none

AND
01 10 00110000 2
12 21 10010000 2
23 32 00001000 1
34 43 00000000 a
45 54 00100000 1
56 65 01100000 2
67 76 11100110 5
70 07 00111000 3

02 20 00011000 2
13 31 00000000 a
24 42 00010010 2
35 53 01001000 2
46 64 00100010 2
57 75 01101000 3
60 06 00100000 1
71 17 10110100 4

03 30 00001001 2
14 41 00110000 2
25 52 00001000 1
36 63 01000000 1
47 74 00110010 3
50 05 00101000 2
61 16 10100100 3
72 27 10011010 4 match 6

04 40 00110000 2
15 51 00100000 1
26 62 10000010 2
37 73 01001000 2

Matching output
0 absent
1 absent
2 absent
3 absent
4 absent
5 absent
6 72 27
7 absent

Left
none
Best: none

Right
none
Best: none

OR
01 10 10111101 6
12 21 10111110 6
23 32 11011011 6
34 43 01111011 6
45 54 01111010 5
56 65 11101110 6
67 76 11111110 7 match 3 5
70 07 11111111 a match 4

02 20 10111011 6
13 31 11111101 7
24 42 10111010 5 match 0
35 53 01101001 4 match 1
46 64 11110110 6 match 2
57 75 11111110 7 match 3 5
60 06 11111111 a match 4
71 17 11111110 7 match 3 5

03 30 01111001 5
14 41 10110110 5
25 52 11111010 6
36 63 11101111 7
47 74 11111110 7 match 3 5
50 05 01111001 5
61 16 11110110 6 match 2
72 27 11111110 7 match 3 5

04 40 00111011 5
15 51 11111100 6
26 62 11111110 7 match 3 5
37 73 11111111 a match 4

Matching output
0 24 42
1 35 53
2 46 64 61 16
3 67 76 57 75 71 17 47 74 72 27 26 62
4 70 07 60 06 37 73
5 67 76 57 75 71 17 47 74 72 27 26 62
6 absent
7 absent

Left
24 35 46 57 60 71 02x
42 53 64 75 06 17 20x
Best: OR24 35 46 57 60 71: 6

Right
none
Best: none

XOR
01 10 10001101 4
12 21 00101110 4
23 32 11010011 5
34 43 01111011 6
45 54 01011010 4
56 65 10001110 4
67 76 00011000 2
70 07 11000111 5

02 20 10100011 4
13 31 11111101 7
24 42 10101000 3
35 53 00100001 2
46 64 11010100 4
57 75 10010110 4
60 06 11011111 7
71 17 01001010 3

03 30 01110000 3
14 41 10000110 3
25 52 11110010 5
36 63 10101111 6
47 74 11001100 4
50 05 01010001 3
61 16 01010010 3
72 27 01100100 3

04 40 00001011 3
15 51 11011100 5
26 62 01111100 5
37 73 10110111 6

Matching output
0 absent
1 absent
2 absent
3 absent
4 absent
5 absent
6 absent
7 absent

Left
none
Best: none

Right
none
Best: none

AND-NOT
01 00001001 2
12 00100100 2
23 10010010 3
34 01001001 3 match 7
45 00010010 2
56 00001000 1
67 00000000 a
70 11000110 4

02 00100001 2
13 10110100 4
24 10001000 2
35 00000001 1
46 00010000 1
57 00000000 a
60 11000110 4
71 01001010 3

03 00110000 2
14 10000100 2
25 10010010 3
36 00001001 2
47 00000000 a
50 01000000 1
61 01000010 2
72 01100100 3

04 00001001 2
15 10010100 3
26 00011000 2
37 00000001 1
40 00000010 1
51 01001000 2
62 01100100 3
73 10110110 5

05 00010001 2
16 00010000 1
27 00000000 a
30 01000000 1
41 00000010 1
52 01100000 2
63 10100110 4
74 11001100 4

06 00011001 3
17 00000000 a
20 10000010 2
31 01001001 3 match 7
42 00100000 1
53 00100000 1
64 11000100 3
75 10010110 4

07 00000001 1
10 10000100 2
21 00001010 2
32 01000001 2
43 00110010 3
54 01001000 2
65 10000110 3
76 00011000 2

Matching output
0 absent
1 absent
2 absent
3 absent
4 absent
5 absent
6 absent
7 34 31

Left
none
Best: none

Right
34 23x
31 20x
Best: AND-NOT34: 1

OR-NOT
01 01111011 6
12 11110101 6
23 10111110 6
34 11001101 5
45 10110111 6
56 01111001 5
67 11100111 6
70 11111110 7 match 3 5

02 01111101 6
13 10110110 5
24 11011111 7
35 11011111 7
46 00111011 5
57 01101001 4 match 1
60 11100110 5
71 11111111 a match 4

03 10111111 7
14 11111101 7
25 10011111 6
36 01011001 4
47 00110011 4
50 11101110 6
61 11101111 7
72 11111111 a match 4

04 11111101 7
15 10110111 6
26 10011011 5
37 01001001 3 match 7
40 11110110 6 match 2
51 01101011 5
62 11100111 6
73 11111110 7 match 3 5

05 10111111 7
16 10111101 6
27 10011011 5
30 11001111 6
41 01111011 6
52 01101101 5
63 11110110 6 match 2
74 11111111 a match 4

06 00111001 4
17 10110101 5
20 11011110 6
31 01001011 4
42 01110111 6
53 11111110 7 match 3 5
64 11101111 7
75 11111111 a match 4

07 00111001 4
10 11110110 6 match 2
21 11011011 6
32 01101101 5
43 10110110 5
54 11101101 6
65 11110111 7
76 11111111 a match 4

Matching output
0 absent
1 57
2 40 63 10
3 70 73 53
4 71 72 74 75 76
5 70 73 53
6 absent
7 37

Left
none
Best: none

Right
37 26x
Best: OR-NOT37: 1

XOR-NOT
01 01110010 4
12 11010001 4
23 00101100 3
34 10000100 2
45 10100101 4
56 01110001 4
67 11100111 6
70 00111000 3

02 01011100 4
13 00000010 1
24 01010111 5
35 11011110 6
46 00101011 4
57 01101001 4 match 1
60 00100000 1
71 10110101 5

03 10001111 5
14 01111001 5
25 00001101 3
36 01010000 2
47 00110011 4
50 10101110 5
61 10101101 5
72 10011011 5

04 11110100 5
15 00100011 3
26 10000011 3
37 01001000 2
40 11110100 5
51 00100011 3
62 10000011 3
73 01001000 2

05 10101110 5
16 10101101 5
27 10011011 5
30 10001111 5
41 01111001 5
52 00001101 3
63 01010000 2
74 00110011 4

06 00100000 1
17 10110101 5
20 01011100 4
31 00000010 1
42 01010111 5
53 11011110 6
64 00101011 4
75 01101001 4 match 1

07 00111000 3
10 01110010 4
21 11010001 4
32 00101100 3
43 10000100 2
54 10100101 4
65 01110001 4
76 11100111 6

Matching output
0 absent
1 57 75
2 absent
3 absent
4 absent
5 absent
6 absent
7 absent

Left
none
Best: none

Right
none
Best: none

Selecting

Lefts
Identity none
NOT none
Constant none
AND none
OR OR24 35 46 57 60 71: 6
XOR none
AND-NOT none
OR-NOT none
XOR-NOT none

Rights
Identity I3 2: 2
NOT none
Constant none
AND none
OR none
XOR none
AND-NOT AND-NOT34: 1
OR-NOT OR-NOT37: 1
XOR-NOT none

Left longest: 6
Right longest: 2

Left winner: Identity no, NOT no, Constant no, AND no, OR yes, XOR no, AND-NOT no, OR-NOT no, XOR-NOT no
Right winner: Identity yes, NOT no, Constant no, AND no, OR no, XOR no, AND-NOT no, OR-NOT no, XOR-NOT no

Best left: OR24 35 46 57 60 71: 6
Best right: I3 2: 2

Truncated left: OR24 35 46 57 60 71: 6
Truncated right: I3 2: 2

Tentative from right
7 I3
6 I2
5 pending
4 pending
3 pending
2 pending
1 pending
0 pending

Tentative
0 OR24
1 OR35
2 OR46
3 OR57
4 OR60
5 OR71
6 I2
7 I3

Preferred from left
0 OR24
1 OR35
2 OR46
3 OR57
4 OR60
5 OR71
6 I2
7 I3

Preferred from right
7 I3
6 I2
5 OR71
4 OR60
3 OR57
2 OR46
1 OR35
0 OR24

Preferred
0 OR24
1 OR35
2 OR46
3 OR57
4 OR60
5 OR71
6 I2
7 I3

Matching
0 OR24
1 OR35
2 OR46
3 OR57
4 OR60
5 OR71
6 I2
7 I3

Perfect match
Identity no
NOT no
Constant no
AND no
OR no
XOR no
AND-NOT no
OR-NOT no
XOR-NOT no

Matched
0 OR24
1 OR35
2 OR46
3 OR57
4 OR60
5 OR71
6 I2
7 I3

Selected
0 OR24
1 OR35
2 OR46
3 OR57
4 OR60
5 OR71
6 I2
7 I3

Applying to 01100111
Input
0 0
1 1
2 1
3 0
4 0
5 1
6 1
7 1
Output
0 OR24 = OR(1,0) = 1
1 OR35 = OR(0,1) = 1
2 OR46 = OR(0,1) = 1
3 OR57 = OR(1,1) = 1
4 OR60 = OR(1,0) = 1
5 OR71 = OR(1,1) = 1
6 I2 = 1
7 I3 = 0

I will now return the answer in \boxed{}
The answer in \boxed{–} is \boxed{11111110}
[correct]
true
