[category]
bit_manipulation
[prompt]
In Alice's Wonderland, a secret bit manipulation rule transforms 8-bit binary numbers. The transformation involves operations like bit shifts, rotations, XOR, AND, OR, NOT, and possibly majority or choice functions.

Here are some examples of input -> output:
00011110 -> 11001111
11001101 -> 11000110
00100100 -> 10010010
00100101 -> 10110010
10000011 -> 00100001
11111100 -> 11111110
00010011 -> 01101001
00111101 -> 10111110

Now, determine the output for: 01101111
[completion]
We need to deduce the transformation by matching the example outputs.
I will put my final answer inside \boxed{}.

Output 0: 11001111
0 1
1 1
2 0
3 0
4 1
5 1
6 1
7 1

Output 1: 11000110
0 1
1 1
2 0
3 0
4 0
5 1
6 1
7 0

Output 2: 10010010
0 1
1 0
2 0
3 1
4 0
5 0
6 1
7 0

Output 3: 10110010
0 1
1 0
2 1
3 1
4 0
5 0
6 1
7 0

Output 4: 00100001
0 0
1 0
2 1
3 0
4 0
5 0
6 0
7 1

Output 5: 11111110
0 1
1 1
2 1
3 1
4 1
5 1
6 1
7 0

Output 6: 01101001
0 0
1 1
2 1
3 0
4 1
5 0
6 0
7 1

Output 7: 10111110
0 1
1 0
2 1
3 1
4 1
5 1
6 1
7 0

Output bit columns (with bitsum as hash)
0 11110101 6
1 11000110 4
2 00011111 5
3 00110101 4
4 10000111 4
5 11000101 4
6 11110101 6
7 10001010 3

Input 0: 00011110
0 0
1 0
2 0
3 1
4 1
5 1
6 1
7 0

Input 1: 11001101
0 1
1 1
2 0
3 0
4 1
5 1
6 0
7 1

Input 2: 00100100
0 0
1 0
2 1
3 0
4 0
5 1
6 0
7 0

Input 3: 00100101
0 0
1 0
2 1
3 0
4 0
5 1
6 0
7 1

Input 4: 10000011
0 1
1 0
2 0
3 0
4 0
5 0
6 1
7 1

Input 5: 11111100
0 1
1 1
2 1
3 1
4 1
5 1
6 0
7 0

Input 6: 00010011
0 0
1 0
2 0
3 1
4 0
5 0
6 1
7 1

Input 7: 00111101
0 0
1 0
2 1
3 1
4 1
5 1
6 0
7 1

When matching output
x: not in operator
y: wrong position

Identity
0 01001100 3
1 01000100 2
2 00110101 4 match 3
3 10000111 4 match 4
4 11000101 4 match 5
5 11110101 6 match 0 6
6 10001010 3 match 7
7 01011011 5

Matching output
0 5
1 absent
2 absent
3 2
4 3
5 4
6 5
7 6

Left
5 6y
Best: I5: 1

Right
6 5 4 3 2 1x
Best: I6 5 4 3 2: 5

NOT
0 10110011 5
1 10111011 6
2 11001010 4
3 01111000 4
4 00111010 4
5 00001010 2
6 01110101 5
7 10100100 3

Matching output
0 absent
1 absent
2 absent
3 absent
4 absent
5 absent
6 absent
7 absent

Left
none
Best: none

Right
none
Best: none

Constant
0 00000000 a
1 11111111 a

Matching output
0 absent
1 absent
2 absent
3 absent
4 absent
5 absent
6 absent
7 absent

Left
none
Best: none

Right
none
Best: none

AND
01 10 01000100 2
12 21 00000100 1
23 32 00000101 2
34 43 10000101 3
45 54 11000101 4 match 5
56 65 10000000 1
67 76 00001010 2
70 07 01001000 2

02 20 00000100 1
13 31 00000100 1
24 42 00000101 2
35 53 10000101 3
46 64 10000000 1
57 75 01010001 3
60 06 00001000 1
71 17 01000000 1

03 30 00000100 1
14 41 01000100 2
25 52 00110101 4 match 3
36 63 10000010 2
47 74 01000001 2
50 05 01000100 2
61 16 00000000 a
72 27 00010001 2

04 40 01000100 2
15 51 01000100 2
26 62 00000000 a
37 73 00000011 2

Matching output
0 absent
1 absent
2 absent
3 25 52
4 absent
5 45 54
6 absent
7 absent

Left
none
Best: none

Right
none
Best: none

OR
01 10 01001100 3
12 21 01110101 5
23 32 10110111 6
34 43 11000111 5
45 54 11110101 6 match 0 6
56 65 11111111 a
67 76 11011011 6
70 07 01011111 6

02 20 01111101 6
13 31 11000111 5
24 42 11110101 6 match 0 6
35 53 11110111 7
46 64 11001111 6
57 75 11111111 a
60 06 11001110 5
71 17 01011111 6

03 30 11001111 6
14 41 11000101 4 match 5
25 52 11110101 6 match 0 6
36 63 10001111 5
47 74 11011111 7
50 05 11111101 7
61 16 11001110 5
72 27 01111111 7

04 40 11001101 5
15 51 11110101 6 match 0 6
26 62 10111111 7
37 73 11011111 7

Matching output
0 45 54 24 42 25 52 15 51
1 absent
2 absent
3 absent
4 absent
5 14 41
6 45 54 24 42 25 52 15 51
7 absent

Left
45 56x
54 65x
24 35x
42 53x
25 36x
52 63x
15 26x
51 62x
Best: OR45: 1

Right
none
Best: none

XOR
01 10 00001000 1
12 21 01110001 4
23 32 10110010 4
34 43 01000010 2
45 54 00110000 2
56 65 01111111 7
67 76 11010001 4
70 07 00010111 4

02 20 01111001 5
13 31 11000011 4
24 42 11110000 4
35 53 01110010 4
46 64 01001111 5
57 75 10101110 5
60 06 11000110 4 match 1
71 17 00011111 5 match 2

03 30 11001011 5
14 41 10000001 2
25 52 11000000 2
36 63 00001101 3
47 74 10011110 5
50 05 10111001 5
61 16 11001110 5
72 27 01101110 5

04 40 10001001 3
15 51 10110001 4
26 62 10111111 7
37 73 11011100 5

Matching output
0 absent
1 60 06
2 71 17
3 absent
4 absent
5 absent
6 absent
7 absent

Left
none
Best: none

Right
none
Best: none

AND-NOT
01 00001000 1
12 01000000 1
23 00110000 2
34 00000010 1
45 00000000 a
56 01110101 5
67 10000000 1
70 00010011 3

02 01001000 2
13 01000000 1
24 00110000 2
35 00000010 1
46 01000101 3
57 10100100 3
60 10000010 2
71 00011011 4

03 01001000 2
14 00000000 a
25 00000000 a
36 00000101 2
47 10000100 2
50 10110001 4
61 10001010 3 match 7
72 01001010 3

04 00001000 1
15 00000000 a
26 00110101 4 match 3
37 10000100 2
40 10000001 2
51 10110001 4
62 10001010 3 match 7
73 01011000 3

05 00001000 1
16 01000100 2
27 00100100 2
30 10000011 3
41 10000001 2
52 11000000 2
63 00001000 1
74 00011010 3

06 01000100 2
17 00000100 1
20 00110001 3
31 10000011 3
42 11000000 2
53 01110000 3
64 00001010 2
75 00001010 2

07 00000100 1
10 00000000 a
21 00110001 3
32 10000010 2
43 01000000 1
54 00110000 2
65 00001010 2
76 01010001 3

Matching output
0 absent
1 absent
2 absent
3 26
4 absent
5 absent
6 absent
7 61 62

Left
none
Best: none

Right
61 50x
62 51x
Best: AND-NOT61: 1

OR-NOT
01 11111111 a
12 11001110 5
23 01111101 6
34 10111111 7
45 11001111 6
56 11110101 6 match 0 6
67 10101110 5
70 11111011 7

02 11001110 5
13 01111100 5
24 00111111 6
35 10001111 5
46 11110101 6 match 0 6
57 11110101 6 match 0 6
60 10111011 6
71 11111011 7

03 01111100 5
14 01111110 6
25 00111111 6
36 11110111 7
47 11100101 5
50 11110111 7
61 10111011 6
72 11011011 6

04 01111110 6
15 01001110 4
26 01110101 5
37 10100111 5
40 11110111 7
51 11111111 a
62 11001010 4
73 01111011 6

05 01001110 4
16 01110101 5
27 10110101 5
30 10110111 6
41 11111111 a
52 11111111 a
63 11111010 6
74 01111011 6

06 01111101 6
17 11100100 4
20 10110111 6
31 10111111 7
42 11001111 6
53 11111101 7
64 10111010 5
75 01011011 5

07 11101100 5
10 11110111 7
21 10111111 7
32 11001111 6
43 11111101 7
54 11111111 a
65 10001010 3 match 7
76 01111111 7

Matching output
0 56 46 57
1 absent
2 absent
3 absent
4 absent
5 absent
6 56 46 57
7 65

Left
56 67x
46 57y
57 60x
Best: OR-NOT56: 1

Right
65 54x
Best: OR-NOT65: 1

XOR-NOT
01 11110111 7
12 10001110 4
23 01001101 4
34 10111101 6
45 11001111 6
56 10000000 1
67 00101110 4
70 11101000 4

02 10000110 3
13 00111100 4
24 00001111 4
35 10001101 4
46 10110000 3
57 01010001 3
60 00111001 4
71 11100000 3

03 00110100 3
14 01111110 6
25 00111111 6
36 11110010 5
47 01100001 3
50 01000110 3
61 00110001 3
72 10010001 3

04 01110110 5
15 01001110 4
26 01000000 1
37 00100011 3
40 01110110 5
51 01001110 4
62 01000000 1
73 00100011 3

05 01000110 3
16 00110001 3
27 10010001 3
30 00110100 3
41 01111110 6
52 00111111 6
63 11110010 5
74 01100001 3

06 00111001 4
17 11100000 3
20 10000110 3
31 00111100 4
42 00001111 4
53 10001101 4
64 10110000 3
75 01010001 3

07 11101000 4
10 11110111 7
21 10001110 4
32 01001101 4
43 10111101 6
54 11001111 6
65 10000000 1
76 00101110 4

Matching output
0 absent
1 absent
2 absent
3 absent
4 absent
5 absent
6 absent
7 absent

Left
none
Best: none

Right
none
Best: none

Selecting

Lefts
Identity I5: 1
NOT none
Constant none
AND none
OR OR45: 1
XOR none
AND-NOT none
OR-NOT OR-NOT56: 1
XOR-NOT none

Rights
Identity I6 5 4 3 2: 5
NOT none
Constant none
AND none
OR none
XOR none
AND-NOT AND-NOT61: 1
OR-NOT OR-NOT65: 1
XOR-NOT none

Left longest: 1
Right longest: 5

Right winner: Identity yes, NOT no, Constant no, AND no, OR no, XOR no, AND-NOT no, OR-NOT no, XOR-NOT no
Left winner: Identity yes, NOT no, Constant no, AND no, OR no, XOR no, AND-NOT no, OR-NOT no, XOR-NOT no

Best right: I6 5 4 3 2: 5
Best left: I5: 1

Truncated right: I6 5 4 3 2: 5
Truncated left: I5: 1

Tentative from right
7 I6
6 I5
5 I4
4 I3
3 I2
2 pending
1 pending
0 pending

Tentative
0 I5
1 pending
2 pending
3 I2
4 I3
5 I4
6 I5
7 I6

Preferred from right
7 I6
6 I5
5 I4
4 I3
3 I2
2 ??1
1 ??0
0 I5

Preferred from left
0 I5
1 ?60
2 ?71
3 I2
4 I3
5 I4
6 I5
7 I6

Preferred
0 I5
1 ?60 ?06
2 ?71 ?17
3 I2
4 I3
5 I4
6 I5
7 I6

Matching
0 I5
1 ?60 ?06 - Identity absent, NOT absent, Constant absent, AND absent, OR absent, XOR60, AND-NOT absent, OR-NOT absent, XOR-NOT absent
2 ?71 ?17 - Identity absent, NOT absent, Constant absent, AND absent, OR absent, XOR71, AND-NOT absent, OR-NOT absent, XOR-NOT absent
3 I2
4 I3
5 I4
6 I5
7 I6

Perfect match
Identity no
NOT no
Constant no
AND no
OR no
XOR yes
AND-NOT no
OR-NOT no
XOR-NOT no

Matched
0 I5
1 XOR60
2 XOR71
3 I2
4 I3
5 I4
6 I5
7 I6

Selected
0 I5
1 XOR60
2 XOR71
3 I2
4 I3
5 I4
6 I5
7 I6

Applying to 01101111
Input
0 0
1 1
2 1
3 0
4 1
5 1
6 1
7 1
Output
0 I5 = 1
1 XOR60 = XOR(1,0) = 1
2 XOR71 = XOR(1,1) = 0
3 I2 = 1
4 I3 = 0
5 I4 = 1
6 I5 = 1
7 I6 = 1

I will now return the answer in \boxed{}
The answer in \boxed{–} is \boxed{11010111}
[correct]
true
