[category]
bit_manipulation
[prompt]
In Alice's Wonderland, a secret bit manipulation rule transforms 8-bit binary numbers. The transformation involves operations like bit shifts, rotations, XOR, AND, OR, NOT, and possibly majority or choice functions.

Here are some examples of input -> output:
11100000 -> 00111110
10001101 -> 01001100
00010101 -> 01110101
11000001 -> 01011100
10011101 -> 01101101
10100101 -> 00011110
11100011 -> 01011110
01100101 -> 10010111
00011001 -> 11101101
01100011 -> 01011111

Now, determine the output for: 00111100
[completion]
We need to deduce the transformation by matching the example outputs.
I will put my final answer inside \boxed{}.

Output 0: 00111110
0 0
1 0
2 1
3 1
4 1
5 1
6 1
7 0

Output 1: 01001100
0 0
1 1
2 0
3 0
4 1
5 1
6 0
7 0

Output 2: 01110101
0 0
1 1
2 1
3 1
4 0
5 1
6 0
7 1

Output 3: 01011100
0 0
1 1
2 0
3 1
4 1
5 1
6 0
7 0

Output 4: 01101101
0 0
1 1
2 1
3 0
4 1
5 1
6 0
7 1

Output 5: 00011110
0 0
1 0
2 0
3 1
4 1
5 1
6 1
7 0

Output 6: 01011110
0 0
1 1
2 0
3 1
4 1
5 1
6 1
7 0

Output 7: 10010111
0 1
1 0
2 0
3 1
4 0
5 1
6 1
7 1

Output 8: 11101101
0 1
1 1
2 1
3 0
4 1
5 1
6 0
7 1

Output 9: 01011111
0 0
1 1
2 0
3 1
4 1
5 1
6 1
7 1

Output bit columns (with bitsum as hash)
0 0000000110 2
1 0111101011 7
2 1010100010 4
3 1011011101 7
4 1101111011 8
5 1111111111 a
6 1000011101 5
7 0010100111 5

Input 0: 11100000
0 1
1 1
2 1
3 0
4 0
5 0
6 0
7 0

Input 1: 10001101
0 1
1 0
2 0
3 0
4 1
5 1
6 0
7 1

Input 2: 00010101
0 0
1 0
2 0
3 1
4 0
5 1
6 0
7 1

Input 3: 11000001
0 1
1 1
2 0
3 0
4 0
5 0
6 0
7 1

Input 4: 10011101
0 1
1 0
2 0
3 1
4 1
5 1
6 0
7 1

Input 5: 10100101
0 1
1 0
2 1
3 0
4 0
5 1
6 0
7 1

Input 6: 11100011
0 1
1 1
2 1
3 0
4 0
5 0
6 1
7 1

Input 7: 01100101
0 0
1 1
2 1
3 0
4 0
5 1
6 0
7 1

Input 8: 00011001
0 0
1 0
2 0
3 1
4 1
5 0
6 0
7 1

Input 9: 01100011
0 0
1 1
2 1
3 0
4 0
5 0
6 1
7 1

When matching output
x: not in operator
y: wrong position

Identity
0 1101111000 6
1 1001001101 5
2 1000011101 5 match 6
3 0010100010 3
4 0100100010 3
5 0110110100 5
6 0000001001 2
7 0111111111 9

Matching output
0 absent
1 absent
2 absent
3 absent
4 absent
5 absent
6 2
7 absent

Left
none
Best: none

Right
none
Best: none

NOT
0 0010000111 4
1 0110110010 5
2 0111100010 5
3 1101011101 7
4 1011011101 7 match 3
5 1001001011 5
6 1111110110 8
7 1000000000 1

Matching output
0 absent
1 absent
2 absent
3 4
4 absent
5 absent
6 absent
7 absent

Left
none
Best: none

Right
none
Best: none

Constant
0 0000000000 a
1 1111111111 a match 5

Matching output
0 absent
1 absent
2 absent
3 absent
4 absent
5 C1
6 absent
7 absent

Left
none
Best: none

Right
none
Best: none

AND
01 10 1001001000 3
12 21 1000001101 4
23 32 0000000000 a
34 43 0000100010 2
45 54 0100100000 2
56 65 0000000000 a
67 76 0000001001 2
70 07 0101111000 5

02 20 1000011000 3
13 31 0000000000 a
24 42 0000000000 a
35 53 0010100000 2
46 64 0000000000 a
57 75 0110110100 5
60 06 0000001000 1
71 17 0001001101 4

03 30 0000100000 1
14 41 0000000000 a
25 52 0000010100 2
36 63 0000000000 a
47 74 0100100010 3
50 05 0100110000 3
61 16 0000001001 2
72 27 0000011101 4

04 40 0100100000 2
15 51 0000000100 1
26 62 0000001001 2
37 73 0010100010 3

Matching output
0 absent
1 absent
2 absent
3 absent
4 absent
5 absent
6 absent
7 absent

Left
none
Best: none

Right
none
Best: none

OR
01 10 1101111101 8
12 21 1001011101 6
23 32 1010111111 8
34 43 0110100010 4
45 54 0110110110 6
56 65 0110111101 7
67 76 0111111111 9
70 07 1111111111 a match 5

02 20 1101111101 8
13 31 1011101111 8
24 42 1100111111 8
35 53 0110110110 6
46 64 0100101011 5
57 75 0111111111 9
60 06 1101111001 7
71 17 1111111111 a match 5

03 30 1111111010 8
14 41 1101101111 8
25 52 1110111101 8
36 63 0010101011 5
47 74 0111111111 9
50 05 1111111100 8
61 16 1001001101 5
72 27 1111111111 a match 5

04 40 1101111010 7
15 51 1111111101 9
26 62 1000011101 5 match 6
37 73 0111111111 9

Matching output
0 absent
1 absent
2 absent
3 absent
4 absent
5 70 07 71 17 72 27
6 26 62
7 absent

Left
none
Best: none

Right
none
Best: none

XOR
01 10 0100110101 5
12 21 0001010000 2
23 32 1010111111 8
34 43 0110000000 2
45 54 0010010110 4
56 65 0110111101 7
67 76 0111110110 7
70 07 1010000111 5

02 20 0101100101 5
13 31 1011101111 8
24 42 1100111111 8
35 53 0100010110 4
46 64 0100101011 5
57 75 0001001011 4
60 06 1101110001 6
71 17 1110110010 6

03 30 1111011010 7
14 41 1101101111 8
25 52 1110101001 6
36 63 0010101011 5
47 74 0011011101 6
50 05 1011001100 5
61 16 1001000100 3
72 27 1111100010 6

04 40 1001011010 5
15 51 1111111001 8
26 62 1000010100 3
37 73 0101011101 6

Matching output
0 absent
1 absent
2 absent
3 absent
4 absent
5 absent
6 absent
7 absent

Left
none
Best: none

Right
none
Best: none

AND-NOT
01 0100110000 3
12 0001000000 1
23 1000011101 5 match 6
34 0010000000 1
45 0000000010 1
56 0110110100 5
67 0000000000 a
70 0010000111 4

02 0101100000 3
13 1001001101 5
24 1000011101 5 match 6
35 0000000010 1
46 0100100010 3
57 0000000000 a
60 0000000001 1
71 0110110010 5

03 1101011000 5
14 1001001101 5
25 1000001001 3
36 0010100010 3
47 0000000000 a
50 0010000100 2
61 0000000000 a
72 0111100010 5

04 1001011000 4
15 1001001001 4
26 1000010100 3
37 0000000000 a
40 0000000010 1
51 0110110000 4
62 0000000000 a
73 0101011101 6

05 1001001000 3
16 1001000100 3
27 1000000000 1
30 0010000010 2
41 0100100010 3
52 0110100000 3
63 0000001001 2
74 0011011101 6

06 1101110000 5
17 1000000000 1
20 0000000101 2
31 0010100010 3
42 0100100010 3
53 0100010100 3
64 0000001001 2
75 0001001011 4

07 1000000000 1
10 0000000101 2
21 0000010000 1
32 0010100010 3
43 0100000000 1
54 0010010100 3
65 0000001001 2
76 0111110110 7

Matching output
0 absent
1 absent
2 absent
3 absent
4 absent
5 absent
6 23 24
7 absent

Left
none
Best: none

Right
none
Best: none

OR-NOT
01 1111111010 8
12 1111101111 9
23 1101011101 7
34 1011111111 9
45 1101101011 7
56 1111110110 8
67 1000001001 3
70 0111111111 9

02 1111111010 8
13 1101011101 7
24 1011011101 7 match 3
35 1011101011 7
46 1111110110 8
57 1110110100 6
60 0010001111 5
71 0111111111 9

03 1101111101 8
14 1011011101 7 match 3
25 1001011111 7
36 1111110110 8
47 1100100010 4
50 0110110111 7
61 0110111011 7
72 0111111111 9

04 1111111101 9
15 1001001111 6
26 1111111111 a match 5
37 1010100010 4 match 2
40 0110100111 6
51 0110110110 6
62 0111101011 7 match 1
73 1111111111 a match 5

05 1101111011 8 match 4
16 1111111111 a match 5
27 1000011101 5 match 6
30 0010100111 5 match 7
41 0110110010 5
52 0111110110 7
63 1101011101 7
74 1111111111 a match 5

06 1111111110 9
17 1001001101 5
20 1010011111 7
31 0110110010 5
42 0111100010 5
53 1111111101 9
64 1011011101 7 match 3
75 1111111111 a match 5

07 1101111000 6
10 1011001111 7
21 1110111111 9
32 0111100010 5
43 1101111111 9
54 1111111101 9
65 1001001011 5
76 1111111111 a match 5

Matching output
0 absent
1 62
2 37
3 24 14 64
4 05
5 26 73 16 74 75 76
6 27
7 30

Left
none
Best: none

Right
30 27 16 05 74y
Best: OR-NOT30 27 16 05: 4

XOR-NOT
01 1011001010 5
12 1110101111 8
23 0101000000 2
34 1001111111 8
45 1101101001 6
56 1001000010 3
67 1000001001 3
70 0101111000 5

02 1010011010 5
13 0100010000 2
24 0011000000 2
35 1011101001 6
46 1011010100 5
57 1110110100 6
60 0010001110 4
71 0001001101 4

03 0000100101 3
14 0010010000 2
25 0001010110 4
36 1101010100 5
47 1100100010 4
50 0100110011 5
61 0110111011 7
72 0000011101 4

04 0110100101 5
15 0000000110 2 match 0
26 0111101011 7 match 1
37 1010100010 4 match 2
40 0110100101 5
51 0000000110 2 match 0
62 0111101011 7 match 1
73 1010100010 4 match 2

05 0100110011 5
16 0110111011 7
27 0000011101 4
30 0000100101 3
41 0010010000 2
52 0001010110 4
63 1101010100 5
74 1100100010 4

06 0010001110 4
17 0001001101 4
20 1010011010 5
31 0100010000 2
42 0011000000 2
53 1011101001 6
64 1011010100 5
75 1110110100 6

07 0101111000 5
10 1011001010 5
21 1110101111 8
32 0101000000 2
43 1001111111 8
54 1101101001 6
65 1001000010 3
76 1000001001 3

Matching output
0 15 51
1 26 62
2 37 73
3 absent
4 absent
5 absent
6 absent
7 absent

Left
15 26 37 40x
51 62 73 04x
Best: XOR-NOT15 26 37: 3

Right
none
Best: none

Selecting

Lefts
Identity none
NOT none
Constant none
AND none
OR none
XOR none
AND-NOT none
OR-NOT none
XOR-NOT XOR-NOT15 26 37: 3

Rights
Identity none
NOT none
Constant none
AND none
OR none
XOR none
AND-NOT none
OR-NOT OR-NOT30 27 16 05: 4
XOR-NOT none

Left longest: 3
Right longest: 4

Right winner: Identity no, NOT no, Constant no, AND no, OR no, XOR no, AND-NOT no, OR-NOT yes, XOR-NOT no
Left winner: Identity no, NOT no, Constant no, AND no, OR no, XOR no, AND-NOT no, OR-NOT no, XOR-NOT yes

Best right: OR-NOT30 27 16 05: 4
Best left: XOR-NOT15 26 37: 3

Truncated right: OR-NOT30 27 16 05: 4
Truncated left: XOR-NOT15 26 37: 3

Tentative from right
7 OR-NOT30
6 OR-NOT27
5 OR-NOT16
4 OR-NOT05
3 pending
2 pending
1 pending
0 pending

Tentative
0 XOR-NOT15
1 XOR-NOT26
2 XOR-NOT37
3 pending
4 OR-NOT05
5 OR-NOT16
6 OR-NOT27
7 OR-NOT30

Preferred from right
7 OR-NOT30
6 OR-NOT27
5 OR-NOT16
4 OR-NOT05
3 ?74
2 XOR-NOT37
1 XOR-NOT26
0 XOR-NOT15

Preferred from left
0 XOR-NOT15
1 XOR-NOT26
2 XOR-NOT37
3 ?74
4 OR-NOT05
5 OR-NOT16
6 OR-NOT27
7 OR-NOT30

Preferred
0 XOR-NOT15
1 XOR-NOT26
2 XOR-NOT37
3 ?74 ?47
4 OR-NOT05
5 OR-NOT16
6 OR-NOT27
7 OR-NOT30

Matching
0 XOR-NOT15
1 XOR-NOT26
2 XOR-NOT37
3 ?74 ?47 - Identity absent, NOT NOT4, Constant absent, AND absent, OR absent, XOR absent, AND-NOT absent, OR-NOT absent, XOR-NOT absent
4 OR-NOT05
5 OR-NOT16
6 OR-NOT27
7 OR-NOT30

Perfect match
Identity no
NOT yes
Constant no
AND no
OR no
XOR no
AND-NOT no
OR-NOT no
XOR-NOT no

Matched
0 XOR-NOT15
1 XOR-NOT26
2 XOR-NOT37
3 NOT4
4 OR-NOT05
5 OR-NOT16
6 OR-NOT27
7 OR-NOT30

Selected
0 XOR-NOT15
1 XOR-NOT26
2 XOR-NOT37
3 NOT4
4 OR-NOT05
5 OR-NOT16
6 OR-NOT27
7 OR-NOT30

Applying to 00111100
Input
0 0
1 0
2 1
3 1
4 1
5 1
6 0
7 0
Output
0 XOR-NOT15 = XOR(0,NOT(1)) = 0
1 XOR-NOT26 = XOR(1,NOT(0)) = 0
2 XOR-NOT37 = XOR(1,NOT(0)) = 0
3 NOT4 = NOT(1) = 0
4 OR-NOT05 = OR(0,NOT(1)) = 0
5 OR-NOT16 = OR(0,NOT(0)) = 1
6 OR-NOT27 = OR(1,NOT(0)) = 1
7 OR-NOT30 = OR(1,NOT(0)) = 1

I will now return the answer in \boxed{}
The answer in \boxed{–} is \boxed{00000111}
[correct]
true
