[category]
bit_manipulation
[prompt]
In Alice's Wonderland, a secret bit manipulation rule transforms 8-bit binary numbers. The transformation involves operations like bit shifts, rotations, XOR, AND, OR, NOT, and possibly majority or choice functions.

Here are some examples of input -> output:
01000000 -> 00001000
11001011 -> 00111001
00101101 -> 10100101
11001000 -> 00011001
11100000 -> 00011100
01011100 -> 00001011
00001101 -> 00100001
11110110 -> 11011110
10111011 -> 01110111

Now, determine the output for: 11100100
[completion]
We need to deduce the transformation by matching the example outputs.
I will put my final answer inside \boxed{}.

Output 0: 00001000
0 0
1 0
2 0
3 0
4 1
5 0
6 0
7 0

Output 1: 00111001
0 0
1 0
2 1
3 1
4 1
5 0
6 0
7 1

Output 2: 10100101
0 1
1 0
2 1
3 0
4 0
5 1
6 0
7 1

Output 3: 00011001
0 0
1 0
2 0
3 1
4 1
5 0
6 0
7 1

Output 4: 00011100
0 0
1 0
2 0
3 1
4 1
5 1
6 0
7 0

Output 5: 00001011
0 0
1 0
2 0
3 0
4 1
5 0
6 1
7 1

Output 6: 00100001
0 0
1 0
2 1
3 0
4 0
5 0
6 0
7 1

Output 7: 11011110
0 1
1 1
2 0
3 1
4 1
5 1
6 1
7 0

Output 8: 01110111
0 0
1 1
2 1
3 1
4 0
5 1
6 1
7 1

Output bit columns (with bitsum as hash)
0 001000010 2
1 000000011 2
2 011000101 4
3 010110011 5
4 110111010 6
5 001010011 4
6 000001011 3
7 011101101 6

Input 0: 01000000
0 0
1 1
2 0
3 0
4 0
5 0
6 0
7 0

Input 1: 11001011
0 1
1 1
2 0
3 0
4 1
5 0
6 1
7 1

Input 2: 00101101
0 0
1 0
2 1
3 0
4 1
5 1
6 0
7 1

Input 3: 11001000
0 1
1 1
2 0
3 0
4 1
5 0
6 0
7 0

Input 4: 11100000
0 1
1 1
2 1
3 0
4 0
5 0
6 0
7 0

Input 5: 01011100
0 0
1 1
2 0
3 1
4 1
5 1
6 0
7 0

Input 6: 00001101
0 0
1 0
2 0
3 0
4 1
5 1
6 0
7 1

Input 7: 11110110
0 1
1 1
2 1
3 1
4 0
5 1
6 1
7 0

Input 8: 10111011
0 1
1 0
2 1
3 1
4 1
5 0
6 1
7 1

When matching output
x: not in operator
y: wrong position

Identity
0 010110011 5 match 3
1 110111010 6 match 4
2 001010011 4 match 5
3 000001011 3 match 6
4 011101101 6 match 7
5 001001110 4
6 010000011 3
7 011000101 4 match 2

Matching output
0 absent
1 absent
2 7
3 0
4 1
5 2
6 3
7 4

Left
none
Best: none

Right
4 3 2 1 0 7 6x
Best: I4 3 2 1 0 7: 6

NOT
0 101001100 4
1 001000101 3
2 110101100 5
3 111110100 6
4 100010010 3
5 110110001 5
6 101111100 6
7 100111010 5

Matching output
0 absent
1 absent
2 absent
3 absent
4 absent
5 absent
6 absent
7 absent

Left
none
Best: none

Right
none
Best: none

Constant
0 000000000 a
1 111111111 a

Matching output
0 absent
1 absent
2 absent
3 absent
4 absent
5 absent
6 absent
7 absent

Left
none
Best: none

Right
none
Best: none

AND
01 10 010110010 4
12 21 000010010 2
23 32 000000011 2 match 1
34 43 000001001 2
45 54 001001100 3
56 65 000000010 1
67 76 010000001 2
70 07 010000001 2

02 20 000010011 3
13 31 000001010 2
24 42 001000001 2
35 53 000001010 2
46 64 010000001 2
57 75 001000100 2
60 06 010000011 3
71 17 010000000 1

03 30 000000011 2 match 1
14 41 010101000 3
25 52 001000010 2 match 0
36 63 000000011 2 match 1
47 74 011000101 4 match 2
50 05 000000010 1
61 16 010000010 2
72 27 001000001 2

04 40 010100001 3
15 51 000001010 2
26 62 000000011 2 match 1
37 73 000000001 1

Matching output
0 25 52
1 23 32 03 30 36 63 26 62
2 47 74
3 absent
4 absent
5 absent
6 absent
7 absent

Left
25 36 47 50x
52 63 74 05x
Best: AND25 36 47: 3

Right
none
Best: none

OR
01 10 110111011 7
12 21 111111011 8
23 32 001011011 5
34 43 011101111 7
45 54 011101111 7
56 65 011001111 6
67 76 011000111 5
70 07 011110111 7

02 20 011110011 6
13 31 110111011 7
24 42 011111111 8
35 53 001001111 5
46 64 011101111 7
57 75 011001111 6
60 06 010110011 5 match 3
71 17 111111111 a

03 30 010111011 6
14 41 111111111 a
25 52 001011111 6
36 63 010001011 4
47 74 011101101 6 match 7
50 05 011111111 8
61 16 110111011 7
72 27 011010111 6

04 40 011111111 8
15 51 111111110 8
26 62 011010011 5
37 73 011001111 6

Matching output
0 absent
1 absent
2 absent
3 60 06
4 absent
5 absent
6 absent
7 47 74

Left
none
Best: none

Right
47 36x
74 63x
Best: OR47: 1

XOR
01 10 100001001 3
12 21 111101001 6
23 32 001011000 3
34 43 011100110 5
45 54 010100011 4
56 65 011001101 5
67 76 001000110 3
70 07 001110110 5

02 20 011100000 3
13 31 110110001 5
24 42 010111110 6
35 53 001000101 3
46 64 001101110 5
57 75 010001011 4
60 06 000110000 2
71 17 101111111 8

03 30 010111000 4
14 41 101010111 6
25 52 000011101 4
36 63 010001000 2
47 74 000101000 2
50 05 011111101 7
61 16 100111001 5
72 27 010010110 4

04 40 001011110 5
15 51 111110100 6
26 62 011010000 3
37 73 011001110 5

Matching output
0 absent
1 absent
2 absent
3 absent
4 absent
5 absent
6 absent
7 absent

Left
none
Best: none

Right
none
Best: none

AND-NOT
01 000000001 1
12 110101000 4
23 001010000 2
34 000000010 1
45 010100001 3
56 001001100 3
67 000000010 1
70 001000100 2

02 010100000 2
13 110110000 4
24 000010010 2
35 000000001 1
46 001101100 4
57 000001010 2
60 000000000 a
71 001000101 3

03 010110000 3
14 100010010 3
25 000010001 2
36 000001000 1
47 000101000 2
50 001001100 3
61 000000001 1
72 010000100 2

04 000010010 2
15 110110000 4
26 001010000 2
37 000001010 2
40 001001100 3
51 001000100 2
62 010000000 1
73 011000100 3

05 010110001 4
16 100111000 4
27 000010010 2
30 000001000 1
41 001000101 3
52 000001100 2
63 010000000 1
74 000000000 a

06 000110000 2
17 100111010 5
20 001000000 1
31 000000001 1
42 010101100 4
53 001000100 2
64 000000010 1
75 010000001 2

07 000110010 3
10 100001000 2
21 001000001 2
32 000001000 1
43 011100100 4
54 000000010 1
65 010000001 2
76 001000100 2

Matching output
0 absent
1 absent
2 absent
3 absent
4 absent
5 absent
6 absent
7 absent

Left
none
Best: none

Right
none
Best: none

OR-NOT
01 011110111 7
12 110111110 7
23 111110111 8
34 100011011 5
45 111111101 8
56 101111110 7
67 110111011 7
70 111001101 6

02 110111111 8
13 111111110 8
24 101010011 5
35 110111011 7
46 111111101 8
57 101111110 7
60 111001111 7
71 011000101 4 match 2

03 111110111 8
14 110111010 6 match 4
25 111110011 7
36 101111111 8
47 111111111 a
50 101001110 5
61 011000111 5
72 111101101 7

04 110110011 6
15 110111011 7
26 101111111 8
37 100111011 6
40 111101101 7
51 001001111 5
62 110101111 7
73 111110101 7

05 110110011 6
16 111111110 8
27 101111011 7
30 101001111 6
41 011101101 6 match 7
52 111101110 7
63 111110111 8
74 111010111 7

06 111111111 a
17 110111010 6 match 4
20 101011111 7
31 001001111 5
42 111101101 7
53 111111110 8
64 110010011 5
75 111110101 7

07 110111011 7
10 111111110 8
21 001010111 5
32 110101111 7
43 111111101 8
54 101011110 6
65 110110011 6
76 111111101 8

Matching output
0 absent
1 absent
2 71
3 absent
4 14 17
5 absent
6 absent
7 41

Left
none
Best: none

Right
41 30x
Best: OR-NOT41: 1

XOR-NOT
01 011110110 6
12 000010110 3
23 110100111 6
34 100011001 4
45 101011100 5
56 100110010 4
67 110111001 6
70 110001001 4

02 100011111 6
13 001001110 4
24 101000001 3
35 110111010 6 match 4
46 110010001 4
57 101110100 5
60 111001111 7
71 010000000 1

03 101000111 5
14 010101000 3
25 111100010 5
36 101110111 7
47 111010111 7
50 100000010 2
61 011000110 4
72 101101001 5

04 110100001 4
15 000001011 3 match 6
26 100101111 6
37 100110001 4
40 110100001 4
51 000001011 3 match 6
62 100101111 6
73 100110001 4

05 100000010 2
16 011000110 4
27 101101001 5
30 101000111 5
41 010101000 3
52 111100010 5
63 101110111 7
74 111010111 7

06 111001111 7
17 010000000 1
20 100011111 6
31 001001110 4
42 101000001 3
53 110111010 6 match 4
64 110010001 4
75 101110100 5

07 110001001 4
10 011110110 6
21 000010110 3
32 110100111 6
43 100011001 4
54 101011100 5
65 100110010 4
76 110111001 6

Matching output
0 absent
1 absent
2 absent
3 absent
4 35 53
5 absent
6 15 51
7 absent

Left
none
Best: none

Right
none
Best: none

Selecting

Lefts
Identity none
NOT none
Constant none
AND AND25 36 47: 3
OR none
XOR none
AND-NOT none
OR-NOT none
XOR-NOT none

Rights
Identity I4 3 2 1 0 7: 6
NOT none
Constant none
AND none
OR OR47: 1
XOR none
AND-NOT none
OR-NOT OR-NOT41: 1
XOR-NOT none

Left longest: 3
Right longest: 6

Right winner: Identity yes, NOT no, Constant no, AND no, OR no, XOR no, AND-NOT no, OR-NOT no, XOR-NOT no
Left winner: Identity no, NOT no, Constant no, AND yes, OR no, XOR no, AND-NOT no, OR-NOT no, XOR-NOT no

Best right: I4 3 2 1 0 7: 6
Best left: AND25 36 47: 3

Truncated right: I4 3 2 1 0 7: 6
Truncated left: AND25 36: 2 truncated

Tentative from right
7 I4
6 I3
5 I2
4 I1
3 I0
2 I7
1 pending
0 pending

Tentative
0 AND25
1 AND36
2 I7
3 I0
4 I1
5 I2
6 I3
7 I4

Preferred from right
7 I4
6 I3
5 I2
4 I1
3 I0
2 I7
1 AND36
0 AND25

Preferred from left
0 AND25
1 AND36
2 I7
3 I0
4 I1
5 I2
6 I3
7 I4

Preferred
0 AND25
1 AND36
2 I7
3 I0
4 I1
5 I2
6 I3
7 I4

Matching
0 AND25
1 AND36
2 I7
3 I0
4 I1
5 I2
6 I3
7 I4

Perfect match
Identity no
NOT no
Constant no
AND no
OR no
XOR no
AND-NOT no
OR-NOT no
XOR-NOT no

Matched
0 AND25
1 AND36
2 I7
3 I0
4 I1
5 I2
6 I3
7 I4

Selected
0 AND25
1 AND36
2 I7
3 I0
4 I1
5 I2
6 I3
7 I4

Applying to 11100100
Input
0 1
1 1
2 1
3 0
4 0
5 1
6 0
7 0
Output
0 AND25 = AND(1,1) = 1
1 AND36 = AND(0,0) = 0
2 I7 = 0
3 I0 = 1
4 I1 = 1
5 I2 = 1
6 I3 = 0
7 I4 = 0

I will now return the answer in \boxed{}
The answer in \boxed{–} is \boxed{10011100}
[correct]
true
