[category]
bit_manipulation
[prompt]
In Alice's Wonderland, a secret bit manipulation rule transforms 8-bit binary numbers. The transformation involves operations like bit shifts, rotations, XOR, AND, OR, NOT, and possibly majority or choice functions.

Here are some examples of input -> output:
01001010 -> 00101001
01110000 -> 11000001
10011010 -> 01101010
01101001 -> 10100101
00000111 -> 00011100
10101110 -> 00111010
01100001 -> 10000101
00101010 -> 00101000
10100000 -> 10000010
01111101 -> 10110101

Now, determine the output for: 00001010
[completion]
We need to deduce the transformation by matching the example outputs.
I will put my final answer inside \boxed{}.

Output 0: 00101001
0 0
1 0
2 1
3 0
4 1
5 0
6 0
7 1

Output 1: 11000001
0 1
1 1
2 0
3 0
4 0
5 0
6 0
7 1

Output 2: 01101010
0 0
1 1
2 1
3 0
4 1
5 0
6 1
7 0

Output 3: 10100101
0 1
1 0
2 1
3 0
4 0
5 1
6 0
7 1

Output 4: 00011100
0 0
1 0
2 0
3 1
4 1
5 1
6 0
7 0

Output 5: 00111010
0 0
1 0
2 1
3 1
4 1
5 0
6 1
7 0

Output 6: 10000101
0 1
1 0
2 0
3 0
4 0
5 1
6 0
7 1

Output 7: 00101000
0 0
1 0
2 1
3 0
4 1
5 0
6 0
7 0

Output 8: 10000010
0 1
1 0
2 0
3 0
4 0
5 0
6 1
7 0

Output 9: 10110101
0 1
1 0
2 1
3 1
4 0
5 1
6 0
7 1

Output bit columns (with bitsum as hash)
0 0101001011 5
1 0110000000 2
2 1011010101 6
3 0000110001 3
4 1010110100 5
5 0001101001 4
6 0010010010 3
7 1101001001 5

Input 0: 01001010
0 0
1 1
2 0
3 0
4 1
5 0
6 1
7 0

Input 1: 01110000
0 0
1 1
2 1
3 1
4 0
5 0
6 0
7 0

Input 2: 10011010
0 1
1 0
2 0
3 1
4 1
5 0
6 1
7 0

Input 3: 01101001
0 0
1 1
2 1
3 0
4 1
5 0
6 0
7 1

Input 4: 00000111
0 0
1 0
2 0
3 0
4 0
5 1
6 1
7 1

Input 5: 10101110
0 1
1 0
2 1
3 0
4 1
5 1
6 1
7 0

Input 6: 01100001
0 0
1 1
2 1
3 0
4 0
5 0
6 0
7 1

Input 7: 00101010
0 0
1 0
2 1
3 0
4 1
5 0
6 1
7 0

Input 8: 10100000
0 1
1 0
2 1
3 0
4 0
5 0
6 0
7 0

Input 9: 01111101
0 0
1 1
2 1
3 1
4 1
5 1
6 0
7 1

When matching output
x: not in operator
y: wrong position

Identity
0 0010010010 3 match 6
1 1101001001 5 match 7
2 0101011111 7
3 0110000001 3
4 1011010101 6 match 2
5 0000110001 3 match 3
6 1010110100 5 match 4
7 0001101001 4 match 5

Matching output
0 absent
1 absent
2 4
3 5
4 6
5 7
6 0
7 1

Left
none
Best: none

Right
1 0 7 6 5 4 3x
Best: I1 0 7 6 5 4: 6

NOT
0 1101101101 7
1 0010110110 5
2 1010100000 3
3 1001111110 7
4 0100101010 4
5 1111001110 7
6 0101001011 5 match 0
7 1110010110 6

Matching output
0 6
1 absent
2 absent
3 absent
4 absent
5 absent
6 absent
7 absent

Left
6 7x
Best: NOT6: 1

Right
none
Best: none

Constant
0 0000000000 a
1 1111111111 a

Matching output
0 absent
1 absent
2 absent
3 absent
4 absent
5 absent
6 absent
7 absent

Left
none
Best: none

Right
none
Best: none

AND
01 10 0000000000 a
12 21 0101001001 4
23 32 0100000001 2
34 43 0010000001 2
45 54 0000010001 2
56 65 0000110000 2
67 76 0000100000 1
70 07 0000000000 a

02 20 0000010010 2
13 31 0100000001 2
24 42 0001010101 4
35 53 0000000001 1
46 64 1010010100 4
57 75 0000100001 2
60 06 0010010000 2
71 17 0001001001 3

03 30 0010000000 1
14 41 1001000001 3
25 52 0000010001 2
36 63 0010000000 1
47 74 0001000001 2
50 05 0000010000 1
61 16 1000000000 1
72 27 0001001001 3

04 40 0010010000 2
15 51 0000000001 1
26 62 0000010100 2
37 73 0000000001 1

Matching output
0 absent
1 absent
2 absent
3 absent
4 absent
5 absent
6 absent
7 absent

Left
none
Best: none

Right
none
Best: none

OR
01 10 1111011011 8
12 21 1101011111 8
23 32 0111011111 8
34 43 1111010101 7
45 54 1011110101 7
56 65 1010110101 6
67 76 1011111101 8
70 07 0011111011 7

02 20 0111011111 8
13 31 1111001001 6
24 42 1111011111 9
35 53 0110110001 5
46 64 1011110101 7
57 75 0001111001 5
60 06 1010110110 6
71 17 1101101001 6

03 30 0110010011 5
14 41 1111011101 8
25 52 0101111111 8
36 63 1110110101 7
47 74 1011111101 8
50 05 0010110011 5
61 16 1111111101 9
72 27 0101111111 8

04 40 1011010111 7
15 51 1101111001 7
26 62 1111111111 a
37 73 0111101001 6

Matching output
0 absent
1 absent
2 absent
3 absent
4 absent
5 absent
6 absent
7 absent

Left
none
Best: none

Right
none
Best: none

XOR
01 10 1111011011 8
12 21 1000010110 4
23 32 0011011110 6
34 43 1101010100 5
45 54 1011100100 5
56 65 1010000101 4
67 76 1011011101 7
70 07 0011111011 7

02 20 0111001101 6
13 31 1011001000 4
24 42 1110001010 5
35 53 0110110000 4
46 64 0001100001 3
57 75 0001011000 3
60 06 1000100110 4
71 17 1100100000 3

03 30 0100010011 4
14 41 0110011100 5
25 52 0101101110 6
36 63 1100110101 6
47 74 1010111100 6
50 05 0010100011 4
61 16 0111111101 8
72 27 0100110110 5

04 40 1001000111 5
15 51 1101111000 6
26 62 1111101011 8
37 73 0111101000 5

Matching output
0 absent
1 absent
2 absent
3 absent
4 absent
5 absent
6 absent
7 absent

Left
none
Best: none

Right
none
Best: none

AND-NOT
01 0010010010 3 match 6
12 1000000000 1
23 0001011110 5
34 0100000000 1
45 1011000100 4
56 0000000001 1
67 1010010100 4
70 0001101001 4 match 5

02 0010000000 1
13 1001001000 3
24 0100001010 3
35 0110000000 2 match 1
46 0001000001 2
57 0000010000 1
60 1000100100 3
71 0000100000 1

03 0000010010 2
14 0100001000 2
25 0101001110 5
36 0100000001 2
47 1010010100 4
50 0000100001 2
61 0010110100 4
72 0000100000 1

04 0000000010 1
15 1101001000 4
26 0101001011 5 match 0
37 0110000000 2 match 1
40 1001000101 4
51 0000110000 2
62 1010100000 3
73 0001101000 3

05 0010000010 2
16 0101001001 4
27 0100010110 4
30 0100000001 2
41 0010010100 3
52 0000100000 1
63 1000110100 4
74 0000101000 2

06 0000000010 1
17 1100000000 2
20 0101001101 5
31 0010000000 1
42 1010000000 2
53 0000110000 2
64 0000100000 1
75 0001001000 2

07 0010010010 3 match 6
10 1101001001 5 match 7
21 0000010110 3
32 0010000000 1
43 1001010100 4
54 0000100000 1
65 1010000100 3
76 0001001001 3

Matching output
0 26
1 35 37
2 absent
3 absent
4 absent
5 70
6 01 07
7 10

Left
26 37 40x
Best: AND-NOT26 37: 2

Right
10 07 76x
Best: AND-NOT10 07: 2

OR-NOT
01 0010110110 5
12 1111101001 7
23 1101111111 9
34 0110101011 6
45 1111011111 9
56 0101111011 7
67 1110110110 7
70 1101101101 7

02 1010110010 5
13 1101111111 9
24 0101111111 8
35 1111001111 8
46 1111011111 9
57 1110110111 8
60 1111111101 9
71 0011111111 8

03 1011111110 8
14 1101101011 7
25 1111011111 9
36 0111001011 6
47 1111010111 8
50 1101111101 8
61 1010110110 6
72 1011101001 6

04 0110111010 6
15 1111001111 8
26 0101011111 7
37 1110010111 7
40 1111111101 9
51 0010110111 6
62 1010110100 5 match 4
73 1001111111 8

05 1111011110 8
16 1101001011 6
27 1111011111 9
30 1111101101 8
41 1011110111 8
52 1010110001 5
63 1011111110 8
74 0101101011 6

06 0111011011 7
17 1111011111 9
20 1101111111 9
31 0110110111 7
42 1011110101 7
53 1001111111 8
64 1110111110 8
75 1111101111 9

07 1110010110 6
10 1101101101 7
21 0111111111 9
32 1110100001 5
43 1011111111 9
54 0100111011 6
65 1111111110 9
76 0101101011 6

Matching output
0 absent
1 absent
2 absent
3 absent
4 62
5 absent
6 absent
7 absent

Left
none
Best: none

Right
none
Best: none

XOR-NOT
01 0000100100 2
12 0111101001 6
23 1100100001 4
34 0010101011 5
45 0100011011 5
56 0101111010 6
67 0100100010 3
70 1100000100 3

02 1000110010 4
13 0100110111 6
24 0001110101 5
35 1001001111 6
46 1110011110 7
57 1110100111 7
60 0111011001 6
71 0011011111 7

03 1011101100 6
14 1001100011 5
25 1010010001 4
36 0011001010 4
47 0101000011 4
50 1101011100 6
61 1000000010 2
72 1011001001 5

04 0110111000 5
15 0010000111 4
26 0000010100 2
37 1000010111 5
40 0110111000 5
51 0010000111 4
62 0000010100 2
73 1000010111 5

05 1101011100 6
16 1000000010 2
27 1011001001 5
30 1011101100 6
41 1001100011 5
52 1010010001 4
63 0011001010 4
74 0101000011 4

06 0111011001 6
17 0011011111 7
20 1000110010 4
31 0100110111 6
42 0001110101 5
53 1001001111 6
64 1110011110 7
75 1110100111 7

07 1100000100 3
10 0000100100 2
21 0111101001 6
32 1100100001 4
43 0010101011 5
54 0100011011 5
65 0101111010 6
76 0100100010 3

Matching output
0 absent
1 absent
2 absent
3 absent
4 absent
5 absent
6 absent
7 absent

Left
none
Best: none

Right
none
Best: none

Selecting

Lefts
Identity none
NOT NOT6: 1
Constant none
AND none
OR none
XOR none
AND-NOT AND-NOT26 37: 2
OR-NOT none
XOR-NOT none

Rights
Identity I1 0 7 6 5 4: 6
NOT none
Constant none
AND none
OR none
XOR none
AND-NOT AND-NOT10 07: 2
OR-NOT none
XOR-NOT none

Left longest: 2
Right longest: 6

Right winner: Identity yes, NOT no, Constant no, AND no, OR no, XOR no, AND-NOT no, OR-NOT no, XOR-NOT no
Left winner: Identity no, NOT no, Constant no, AND no, OR no, XOR no, AND-NOT yes, OR-NOT no, XOR-NOT no

Best right: I1 0 7 6 5 4: 6
Best left: AND-NOT26 37: 2

Truncated right: I1 0 7 6 5 4: 6
Truncated left: AND-NOT26 37: 2

Tentative from right
7 I1
6 I0
5 I7
4 I6
3 I5
2 I4
1 pending
0 pending

Tentative
0 AND-NOT26
1 AND-NOT37
2 I4
3 I5
4 I6
5 I7
6 I0
7 I1

Preferred from right
7 I1
6 I0
5 I7
4 I6
3 I5
2 I4
1 AND-NOT37
0 AND-NOT26

Preferred from left
0 AND-NOT26
1 AND-NOT37
2 I4
3 I5
4 I6
5 I7
6 I0
7 I1

Preferred
0 AND-NOT26
1 AND-NOT37
2 I4
3 I5
4 I6
5 I7
6 I0
7 I1

Matching
0 AND-NOT26
1 AND-NOT37
2 I4
3 I5
4 I6
5 I7
6 I0
7 I1

Perfect match
Identity no
NOT no
Constant no
AND no
OR no
XOR no
AND-NOT no
OR-NOT no
XOR-NOT no

Matched
0 AND-NOT26
1 AND-NOT37
2 I4
3 I5
4 I6
5 I7
6 I0
7 I1

Selected
0 AND-NOT26
1 AND-NOT37
2 I4
3 I5
4 I6
5 I7
6 I0
7 I1

Applying to 00001010
Input
0 0
1 0
2 0
3 0
4 1
5 0
6 1
7 0
Output
0 AND-NOT26 = AND(0,NOT(1)) = 0
1 AND-NOT37 = AND(0,NOT(0)) = 0
2 I4 = 1
3 I5 = 0
4 I6 = 1
5 I7 = 0
6 I0 = 0
7 I1 = 0

I will now return the answer in \boxed{}
The answer in \boxed{–} is \boxed{00101000}
[correct]
true
