[category]
bit_manipulation
[prompt]
In Alice's Wonderland, a secret bit manipulation rule transforms 8-bit binary numbers. The transformation involves operations like bit shifts, rotations, XOR, AND, OR, NOT, and possibly majority or choice functions.

Here are some examples of input -> output:
11010100 -> 10010101
11011110 -> 01000111
11001100 -> 01010011
10100000 -> 00101000
00000111 -> 11111001
11010000 -> 10110100
01110000 -> 10011100
10001011 -> 10111010

Now, determine the output for: 00010101
[completion]
We need to deduce the transformation by matching the example outputs.
I will put my final answer inside \boxed{}.

Output 0: 10010101
0 1
1 0
2 0
3 1
4 0
5 1
6 0
7 1

Output 1: 01000111
0 0
1 1
2 0
3 0
4 0
5 1
6 1
7 1

Output 2: 01010011
0 0
1 1
2 0
3 1
4 0
5 0
6 1
7 1

Output 3: 00101000
0 0
1 0
2 1
3 0
4 1
5 0
6 0
7 0

Output 4: 11111001
0 1
1 1
2 1
3 1
4 1
5 0
6 0
7 1

Output 5: 10110100
0 1
1 0
2 1
3 1
4 0
5 1
6 0
7 0

Output 6: 10011100
0 1
1 0
2 0
3 1
4 1
5 1
6 0
7 0

Output 7: 10111010
0 1
1 0
2 1
3 1
4 1
5 0
6 1
7 0

Output bit columns (with bitsum as hash)
0 10001111 5
1 01101000 3
2 00011101 4
3 10101111 6
4 00011011 4
5 11000110 4
6 01100001 3
7 11101000 4

Input 0: 11010100
0 1
1 1
2 0
3 1
4 0
5 1
6 0
7 0

Input 1: 11011110
0 1
1 1
2 0
3 1
4 1
5 1
6 1
7 0

Input 2: 11001100
0 1
1 1
2 0
3 0
4 1
5 1
6 0
7 0

Input 3: 10100000
0 1
1 0
2 1
3 0
4 0
5 0
6 0
7 0

Input 4: 00000111
0 0
1 0
2 0
3 0
4 0
5 1
6 1
7 1

Input 5: 11010000
0 1
1 1
2 0
3 1
4 0
5 0
6 0
7 0

Input 6: 01110000
0 0
1 1
2 1
3 1
4 0
5 0
6 0
7 0

Input 7: 10001011
0 1
1 0
2 0
3 0
4 1
5 0
6 1
7 1

When matching output
x: not in operator
y: wrong position

Identity
0 11110101 6
1 11100110 5
2 00010010 2
3 11000110 4 match 5
4 01100001 3 match 6
5 11101000 4 match 7
6 01001001 3
7 00001001 2

Matching output
0 absent
1 absent
2 absent
3 absent
4 absent
5 3
6 4
7 5

Left
none
Best: none

Right
5 4 3 2x
Best: I5 4 3: 3

NOT
0 00001010 2
1 00011001 3
2 11101101 6
3 00111001 4
4 10011110 5
5 00010111 4
6 10110110 5
7 11110110 6

Matching output
0 absent
1 absent
2 absent
3 absent
4 absent
5 absent
6 absent
7 absent

Left
none
Best: none

Right
none
Best: none

Constant
0 00000000 a
1 11111111 a

Matching output
0 absent
1 absent
2 absent
3 absent
4 absent
5 absent
6 absent
7 absent

Left
none
Best: none

Right
none
Best: none

AND
01 10 11100100 4
12 21 00000010 1
23 32 00000010 1
34 43 01000000 1
45 54 01100000 2
56 65 01001000 2
67 76 00001001 2
70 07 00000001 1

02 20 00010000 1
13 31 11000110 4 match 5
24 42 00000000 a
35 53 11000000 2
46 64 01000001 2
57 75 00001000 1
60 06 01000001 2
71 17 00000000 a

03 30 11000100 3
14 41 01100000 2
25 52 00000000 a
36 63 01000000 1
47 74 00000001 1
50 05 11100000 3
61 16 01000000 1
72 27 00000000 a

04 40 01100001 3 match 6
15 51 11100000 3
26 62 00000000 a
37 73 00000000 a

Matching output
0 absent
1 absent
2 absent
3 absent
4 absent
5 13 31
6 04 40
7 absent

Left
none
Best: none

Right
none
Best: none

OR
01 10 11110111 7
12 21 11110110 6
23 32 11010110 5
34 43 11100111 6
45 54 11101001 5
56 65 11101001 5
67 76 01001001 3
70 07 11111101 7

02 20 11110111 7
13 31 11100110 5
24 42 01110011 5
35 53 11101110 6
46 64 01101001 4
57 75 11101001 5
60 06 11111101 7
71 17 11101111 7

03 30 11110111 7
14 41 11100111 6
25 52 11111010 6
36 63 11001111 6
47 74 01101001 4
50 05 11111101 7
61 16 11101111 7
72 27 00011011 4 match 4

04 40 11110101 6
15 51 11101110 6
26 62 01011011 5
37 73 11001111 6

Matching output
0 absent
1 absent
2 absent
3 absent
4 72 27
5 absent
6 absent
7 absent

Left
none
Best: none

Right
none
Best: none

XOR
01 10 00010011 3
12 21 11110100 5
23 32 11010100 4
34 43 10100111 5
45 54 10001001 3
56 65 10100001 3
67 76 01000000 1
70 07 11111100 6

02 20 11100111 6
13 31 00100000 1
24 42 01110011 5
35 53 00101110 4
46 64 00101000 2
57 75 11100001 4
60 06 10111100 5
71 17 11101111 7

03 30 00110011 4
14 41 10000111 4
25 52 11111010 6
36 63 10001111 5 match 0
47 74 01101000 3 match 1
50 05 00011101 4 match 2
61 16 10101111 6 match 3
72 27 00011011 4 match 4

04 40 10010100 3
15 51 00001110 3
26 62 01011011 5
37 73 11001111 6

Matching output
0 36 63
1 47 74
2 50 05
3 61 16
4 72 27
5 absent
6 absent
7 absent

Left
36 47 50 61 72 03x
63 74 05 16 27 30x
Best: XOR36 47 50 61 72: 5

Right
none
Best: none

AND-NOT
01 00010001 2
12 11100100 4
23 00010000 1
34 10000110 3
45 00000001 1
56 10100000 2
67 01000000 1
70 00001000 1

02 11100101 5
13 00100000 1
24 00010010 2
35 00000110 2
46 00100000 1
57 11100000 3
60 00001000 1
71 00001001 2

03 00110001 3
14 10000110 3
25 00010010 2
36 10000110 3
47 01100000 2
50 00001000 1
61 00001001 2
72 00001001 2

04 10010100 3
15 00000110 2
26 00010010 2
37 11000110 4 match 5
40 00000000 a
51 00001000 1
62 01001001 3
73 00001001 2

05 00010101 3
16 10100110 4
27 00010010 2
30 00000010 1
41 00000001 1
52 11101000 4 match 7
63 00001001 2
74 00001000 1

06 10110100 4
17 11100110 5
20 00000010 1
31 00000000 a
42 01100001 3 match 6
53 00101000 2
64 00001000 1
75 00000001 1

07 11110100 5
10 00000010 1
21 00010000 1
32 11000100 3
43 00100001 2
54 10001000 2
65 00000001 1
76 00000000 a

Matching output
0 absent
1 absent
2 absent
3 absent
4 absent
5 37
6 42
7 52

Left
none
Best: none

Right
52 41x
Best: AND-NOT52: 1

OR-NOT
01 11111101 7
12 11101111 7
23 00111011 5
34 11011110 6
45 01110111 6
56 11111110 7
67 11111111 a
70 00001011 3

02 11111101 7
13 11111111 a
24 10011110 5
35 11010111 6
46 11110111 7
57 11111110 7
60 01001011 4
71 00011001 3

03 11111101 7
14 11111110 7
25 00010111 4
36 11110110 6
47 11110111 7
50 11101010 5
61 01011001 4
72 11101101 6

04 11111111 a
15 11110111 7
26 10110110 5
37 11110110 6
40 01101011 5
51 11111001 6
62 11101101 6
73 00111001 4

05 11110111 7
16 11110110 6
27 11110110 6
30 11001110 5
41 01111001 5
52 11101101 6
63 01111001 5
74 10011111 6

06 11110111 7
17 11110110 6
20 00011010 3
31 11011111 7
42 11101101 6
53 11111001 6
64 11011111 7
75 00011111 5

07 11110111 7
10 11101110 6
21 00011011 4 match 4
32 11101111 7
43 01111001 5
54 11111110 7
65 01011111 6
76 10111111 7

Matching output
0 absent
1 absent
2 absent
3 absent
4 21
5 absent
6 absent
7 absent

Left
none
Best: none

Right
none
Best: none

XOR-NOT
01 11101100 5
12 00001011 3
23 00101011 4
34 01011000 3
45 01110110 5
56 01011110 5
67 10111111 7
70 00000011 2

02 00011000 2
13 11011111 7
24 10001100 3
35 11010001 4
46 11010111 6
57 00011110 4
60 01000011 3
71 00010000 1

03 11001100 4
14 01111000 4
25 00000101 2
36 01110000 3
47 10010111 5
50 11100010 4
61 01010000 2
72 11100100 4

04 01101011 5
15 11110001 5
26 10100100 3
37 00110000 2
40 01101011 5
51 11110001 5
62 10100100 3
73 00110000 2

05 11100010 4
16 01010000 2
27 11100100 4
30 11001100 4
41 01111000 4
52 00000101 2
63 01110000 3
74 10010111 5

06 01000011 3
17 00010000 1
20 00011000 2
31 11011111 7
42 10001100 3
53 11010001 4
64 11010111 6
75 00011110 4

07 00000011 2
10 11101100 5
21 00001011 3
32 00101011 4
43 01011000 3
54 01110110 5
65 01011110 5
76 10111111 7

Matching output
0 absent
1 absent
2 absent
3 absent
4 absent
5 absent
6 absent
7 absent

Left
none
Best: none

Right
none
Best: none

Selecting

Lefts
Identity none
NOT none
Constant none
AND none
OR none
XOR XOR36 47 50 61 72: 5
AND-NOT none
OR-NOT none
XOR-NOT none

Rights
Identity I5 4 3: 3
NOT none
Constant none
AND none
OR none
XOR none
AND-NOT AND-NOT52: 1
OR-NOT none
XOR-NOT none

Left longest: 5
Right longest: 3

Left winner: Identity no, NOT no, Constant no, AND no, OR no, XOR yes, AND-NOT no, OR-NOT no, XOR-NOT no
Right winner: Identity yes, NOT no, Constant no, AND no, OR no, XOR no, AND-NOT no, OR-NOT no, XOR-NOT no

Best left: XOR36 47 50 61 72: 5
Best right: I5 4 3: 3

Truncated left: XOR36 47 50 61 72: 5
Truncated right: I5 4 3: 3

Tentative from right
7 I5
6 I4
5 I3
4 pending
3 pending
2 pending
1 pending
0 pending

Tentative
0 XOR36
1 XOR47
2 XOR50
3 XOR61
4 XOR72
5 I3
6 I4
7 I5

Preferred from left
0 XOR36
1 XOR47
2 XOR50
3 XOR61
4 XOR72
5 I3
6 I4
7 I5

Preferred from right
7 I5
6 I4
5 I3
4 XOR72
3 XOR61
2 XOR50
1 XOR47
0 XOR36

Preferred
0 XOR36
1 XOR47
2 XOR50
3 XOR61
4 XOR72
5 I3
6 I4
7 I5

Matching
0 XOR36
1 XOR47
2 XOR50
3 XOR61
4 XOR72
5 I3
6 I4
7 I5

Perfect match
Identity no
NOT no
Constant no
AND no
OR no
XOR no
AND-NOT no
OR-NOT no
XOR-NOT no

Matched
0 XOR36
1 XOR47
2 XOR50
3 XOR61
4 XOR72
5 I3
6 I4
7 I5

Selected
0 XOR36
1 XOR47
2 XOR50
3 XOR61
4 XOR72
5 I3
6 I4
7 I5

Applying to 00010101
Input
0 0
1 0
2 0
3 1
4 0
5 1
6 0
7 1
Output
0 XOR36 = XOR(1,0) = 1
1 XOR47 = XOR(0,1) = 1
2 XOR50 = XOR(1,0) = 1
3 XOR61 = XOR(0,0) = 0
4 XOR72 = XOR(1,0) = 1
5 I3 = 1
6 I4 = 0
7 I5 = 1

I will now return the answer in \boxed{}
The answer in \boxed{–} is \boxed{11101101}
[correct]
true
