[category]
bit_manipulation
[prompt]
In Alice's Wonderland, a secret bit manipulation rule transforms 8-bit binary numbers. The transformation involves operations like bit shifts, rotations, XOR, AND, OR, NOT, and possibly majority or choice functions.

Here are some examples of input -> output:
11001100 -> 01011111
11011011 -> 10010111
01100011 -> 11010111
01000001 -> 11100111
11000001 -> 11100111
10000111 -> 10110111
11000101 -> 10000111
01101010 -> 00001111

Now, determine the output for: 11110111
[completion]
We need to deduce the transformation by matching the example outputs.
I will put my final answer inside \boxed{}.

Output 0: 01011111
0 0
1 1
2 0
3 1
4 1
5 1
6 1
7 1

Output 1: 10010111
0 1
1 0
2 0
3 1
4 0
5 1
6 1
7 1

Output 2: 11010111
0 1
1 1
2 0
3 1
4 0
5 1
6 1
7 1

Output 3: 11100111
0 1
1 1
2 1
3 0
4 0
5 1
6 1
7 1

Output 4: 11100111
0 1
1 1
2 1
3 0
4 0
5 1
6 1
7 1

Output 5: 10110111
0 1
1 0
2 1
3 1
4 0
5 1
6 1
7 1

Output 6: 10000111
0 1
1 0
2 0
3 0
4 0
5 1
6 1
7 1

Output 7: 00001111
0 0
1 0
2 0
3 0
4 1
5 1
6 1
7 1

Output bit columns (with bitsum as hash)
0 01111110 6
1 10111000 4
2 00011100 3
3 11100100 4
4 10000001 2
5 11111111 a
6 11111111 a
7 11111111 a

Input 0: 11001100
0 1
1 1
2 0
3 0
4 1
5 1
6 0
7 0

Input 1: 11011011
0 1
1 1
2 0
3 1
4 1
5 0
6 1
7 1

Input 2: 01100011
0 0
1 1
2 1
3 0
4 0
5 0
6 1
7 1

Input 3: 01000001
0 0
1 1
2 0
3 0
4 0
5 0
6 0
7 1

Input 4: 11000001
0 1
1 1
2 0
3 0
4 0
5 0
6 0
7 1

Input 5: 10000111
0 1
1 0
2 0
3 0
4 0
5 1
6 1
7 1

Input 6: 11000101
0 1
1 1
2 0
3 0
4 0
5 1
6 0
7 1

Input 7: 01101010
0 0
1 1
2 1
3 0
4 1
5 0
6 1
7 0

When matching output
x: not in operator
y: wrong position

Identity
0 11001110 5
1 11111011 7
2 00100001 2
3 01000000 1
4 11000001 3
5 10000110 3
6 01100101 4
7 01111110 6 match 0

Matching output
0 7
1 absent
2 absent
3 absent
4 absent
5 absent
6 absent
7 absent

Left
7 0x
Best: I7: 1

Right
none
Best: none

NOT
0 00110001 3
1 00000100 1
2 11011110 6
3 10111111 7
4 00111110 5
5 01111001 5
6 10011010 4
7 10000001 2 match 4

Matching output
0 absent
1 absent
2 absent
3 absent
4 7
5 absent
6 absent
7 absent

Left
none
Best: none

Right
none
Best: none

Constant
0 00000000 a
1 11111111 a match 5 6 7

Matching output
0 absent
1 absent
2 absent
3 absent
4 absent
5 C1
6 C1
7 C1

Left
none
Best: none

Right
1 1 1
Best: C1 1 1: 3

AND
01 10 11001010 4
12 21 00100001 2
23 32 00000000 a
34 43 01000000 1
45 54 10000000 1
56 65 00000100 1
67 76 01100100 3
70 07 01001110 4

02 20 00000000 a
13 31 01000000 1
24 42 00000001 1
35 53 00000000 a
46 64 01000001 2
57 75 00000110 2
60 06 01000100 2
71 17 01111010 5

03 30 01000000 1
14 41 11000001 3
25 52 00000000 a
36 63 01000000 1
47 74 01000000 1
50 05 10000110 3
61 16 01100001 3
72 27 00100000 1

04 40 11000000 2
15 51 10000010 2
26 62 00100001 2
37 73 01000000 1

Matching output
0 absent
1 absent
2 absent
3 absent
4 absent
5 absent
6 absent
7 absent

Left
none
Best: none

Right
none
Best: none

OR
01 10 11111111 a match 5 6 7
12 21 11111011 7
23 32 01100001 3
34 43 11000001 3
45 54 11000111 5
56 65 11100111 6
67 76 01111111 7
70 07 11111110 7

02 20 11101111 7
13 31 11111011 7
24 42 11100001 4
35 53 11000110 4
46 64 11100101 5
57 75 11111110 7
60 06 11101111 7
71 17 11111111 a match 5 6 7

03 30 11001110 5
14 41 11111011 7
25 52 10100111 5
36 63 01100101 4
47 74 11111111 a match 5 6 7
50 05 11001110 5
61 16 11111111 a match 5 6 7
72 27 01111111 7

04 40 11001111 6
15 51 11111111 a match 5 6 7
26 62 01100101 4
37 73 01111110 6 match 0

Matching output
0 37 73
1 absent
2 absent
3 absent
4 absent
5 01 10 71 17 47 74 61 16 15 51
6 01 10 71 17 47 74 61 16 15 51
7 01 10 71 17 47 74 61 16 15 51

Left
37 40x
73 04x
Best: OR37: 1

Right
01 70x
10 07x
71 60x
17 06x
47 36x
74 63x
61 50x
16 05x
15 04x
51 40x
Best: OR01: 1

XOR
01 10 00110101 4
12 21 11011010 5
23 32 01100001 3
34 43 10000001 2 match 4
45 54 01000111 4
56 65 11100011 5
67 76 00011011 4
70 07 10110000 3

02 20 11101111 7
13 31 10111011 6
24 42 11100000 3
35 53 11000110 4
46 64 10100100 3
57 75 11111000 5
60 06 10101011 5
71 17 10000101 3

03 30 10001110 4
14 41 00111010 4
25 52 10100111 5
36 63 00100101 3
47 74 10111111 7
50 05 01001000 2
61 16 10011110 5
72 27 01011111 6

04 40 00001111 4
15 51 01111101 6
26 62 01000100 2
37 73 00111110 5

Matching output
0 absent
1 absent
2 absent
3 absent
4 34 43
5 absent
6 absent
7 absent

Left
none
Best: none

Right
none
Best: none

AND-NOT
01 00000100 1
12 11011010 5
23 00100001 2
34 00000000 a
45 01000001 2
56 10000010 2
67 00000001 1
70 00110000 2

02 11001110 5
13 10111011 6
24 00100000 1
35 01000000 1
46 10000000 1
57 10000000 1
60 00100001 2
71 00000100 1

03 10001110 4
14 00111010 4
25 00100001 2
36 00000000 a
47 10000001 2 match 4
50 00000000 a
61 00000100 1
72 01011110 5

04 00001110 3
15 01111001 5
26 00000000 a
37 00000000 a
40 00000001 1
51 00000100 1
62 01000100 2
73 00111110 5

05 01001000 2
16 10011010 4
27 00000001 1
30 00000000 a
41 00000000 a
52 10000110 3
63 00100101 3
74 00111110 5

06 10001010 3
17 10000001 2 match 4
20 00100001 2
31 00000000 a
42 11000000 2
53 10000110 3
64 00100100 2
75 01111000 4

07 10000000 1
10 00110001 3
21 00000000 a
32 01000000 1
43 10000001 2 match 4
54 00000110 2
65 01100001 3
76 00011010 3

Matching output
0 absent
1 absent
2 absent
3 absent
4 47 17 43
5 absent
6 absent
7 absent

Left
none
Best: none

Right
none
Best: none

OR-NOT
01 11001110 5
12 11111111 a match 5 6 7
23 10111111 7
34 01111110 6 match 0
45 11111001 6
56 10011110 5
67 11100101 5
70 01111111 7

02 11011110 6
13 11111111 a match 5 6 7
24 00111111 6
35 01111001 5
46 11011011 6
57 10000111 4
60 01110101 5
71 01111110 6 match 0

03 11111111 a match 5 6 7
14 11111111 a match 5 6 7
25 01111001 5
36 11011010 5
47 11000001 3
50 10110111 6
61 01100101 4
72 11111110 7

04 11111110 7
15 11111011 7
26 10111011 6
37 11000001 3
40 11110001 5
51 10000110 3
62 11111111 a match 5 6 7
73 11111111 a match 5 6 7

05 11111111 a match 5 6 7
16 11111011 7
27 10100001 3
30 01110001 4
41 11000101 4
52 11011110 6
63 11111111 a match 5 6 7
74 01111110 6 match 0

06 11011110 6
17 11111011 7
20 00110001 3
31 01000100 2
42 11011111 7
53 10111111 7
64 01111111 7
75 01111111 7

07 11001111 6
10 11111011 7
21 00100101 3
32 11011110 6
43 11111111 a match 5 6 7
54 10111110 6
65 01111101 6
76 11111110 7

Matching output
0 34 71 74
1 absent
2 absent
3 absent
4 absent
5 12 13 03 14 62 73 05 63 43
6 12 13 03 14 62 73 05 63 43
7 12 13 03 14 62 73 05 63 43

Left
34 45x
71 02x
74 05y
Best: OR-NOT34: 1

Right
12 01x
13 02x
03 72x
14 03 72x
62 51x
73 62 51x
05 74y
63 52x
43 32x
Best: OR-NOT14 03: 2

XOR-NOT
01 11001010 4
12 00100101 3
23 10011110 5
34 01111110 6 match 0
45 10111000 4 match 1
56 00011100 3 match 2
67 11100100 4 match 3
70 01001111 5

02 00010000 1
13 01000100 2
24 00011111 5
35 00111001 4
46 01011011 5
57 00000111 3
60 01010100 3
71 01111010 5

03 01110001 4
14 11000101 4
25 01011000 3
36 11011010 5
47 01000000 1
50 10110111 6
61 01100001 3
72 10100000 2

04 11110000 4
15 10000010 2
26 10111011 6
37 11000001 3
40 11110000 4
51 10000010 2
62 10111011 6
73 11000001 3

05 10110111 6
16 01100001 3
27 10100000 2
30 01110001 4
41 11000101 4
52 01011000 3
63 11011010 5
74 01000000 1

06 01010100 3
17 01111010 5
20 00010000 1
31 01000100 2
42 00011111 5
53 00111001 4
64 01011011 5
75 00000111 3

07 01001111 5
10 11001010 4
21 00100101 3
32 10011110 5
43 01111110 6 match 0
54 10111000 4 match 1
65 00011100 3 match 2
76 11100100 4 match 3

Matching output
0 34 43
1 45 54
2 56 65
3 67 76
4 absent
5 absent
6 absent
7 absent

Left
34 45 56 67 70x
43 54 65 76 07x
Best: XOR-NOT34 45 56 67: 4

Right
none
Best: none

Selecting

Lefts
Identity I7: 1
NOT none
Constant none
AND none
OR OR37: 1
XOR none
AND-NOT none
OR-NOT OR-NOT34: 1
XOR-NOT XOR-NOT34 45 56 67: 4

Rights
Identity none
NOT none
Constant C1 1 1: 3
AND none
OR OR01: 1
XOR none
AND-NOT none
OR-NOT OR-NOT14 03: 2
XOR-NOT none

Left longest: 4
Right longest: 3

Left winner: Identity no, NOT no, Constant no, AND no, OR no, XOR no, AND-NOT no, OR-NOT no, XOR-NOT yes
Right winner: Identity no, NOT no, Constant yes, AND no, OR no, XOR no, AND-NOT no, OR-NOT no, XOR-NOT no

Best left: XOR-NOT34 45 56 67: 4
Best right: C1 1 1: 3

Truncated left: XOR-NOT34 45 56 67: 4
Truncated right: C1 1 1: 3

Tentative from right
7 C1
6 C1
5 C1
4 pending
3 pending
2 pending
1 pending
0 pending

Tentative
0 XOR-NOT34
1 XOR-NOT45
2 XOR-NOT56
3 XOR-NOT67
4 pending
5 C1
6 C1
7 C1

Preferred from left
0 XOR-NOT34
1 XOR-NOT45
2 XOR-NOT56
3 XOR-NOT67
4 ?70
5 C1
6 C1
7 C1

Preferred from right
7 C1
6 C1
5 C1
4 ?70
3 XOR-NOT67
2 XOR-NOT56
1 XOR-NOT45
0 XOR-NOT34

Preferred
0 XOR-NOT34
1 XOR-NOT45
2 XOR-NOT56
3 XOR-NOT67
4 ?70 ?07
5 C1
6 C1
7 C1

Matching
0 XOR-NOT34
1 XOR-NOT45
2 XOR-NOT56
3 XOR-NOT67
4 ?70 ?07 - Identity absent, NOT NOT7, Constant absent, AND absent, OR absent, XOR absent, AND-NOT absent, OR-NOT absent, XOR-NOT absent
5 C1
6 C1
7 C1

Perfect match
Identity no
NOT yes
Constant no
AND no
OR no
XOR no
AND-NOT no
OR-NOT no
XOR-NOT no

Matched
0 XOR-NOT34
1 XOR-NOT45
2 XOR-NOT56
3 XOR-NOT67
4 NOT7
5 C1
6 C1
7 C1

Selected
0 XOR-NOT34
1 XOR-NOT45
2 XOR-NOT56
3 XOR-NOT67
4 NOT7
5 C1
6 C1
7 C1

Applying to 11110111
Input
0 1
1 1
2 1
3 1
4 0
5 1
6 1
7 1
Output
0 XOR-NOT34 = XOR(1,NOT(0)) = 0
1 XOR-NOT45 = XOR(0,NOT(1)) = 0
2 XOR-NOT56 = XOR(1,NOT(1)) = 1
3 XOR-NOT67 = XOR(1,NOT(1)) = 1
4 NOT7 = NOT(1) = 0
5 C1 = 1
6 C1 = 1
7 C1 = 1

I will now return the answer in \boxed{}
The answer in \boxed{–} is \boxed{00110111}
[correct]
true
