[category]
bit_manipulation
[prompt]
In Alice's Wonderland, a secret bit manipulation rule transforms 8-bit binary numbers. The transformation involves operations like bit shifts, rotations, XOR, AND, OR, NOT, and possibly majority or choice functions.

Here are some examples of input -> output:
01010111 -> 11011111
10010000 -> 00110110
00001001 -> 01000011
11011001 -> 01111111
11010100 -> 00111111
10100001 -> 01111100
00010101 -> 01000111
11010110 -> 10111111
00001100 -> 00000011
01101010 -> 10011111

Now, determine the output for: 01100011
[completion]
We need to deduce the transformation by matching the example outputs.
I will put my final answer inside \boxed{}.

Output 0: 11011111
0 1
1 1
2 0
3 1
4 1
5 1
6 1
7 1

Output 1: 00110110
0 0
1 0
2 1
3 1
4 0
5 1
6 1
7 0

Output 2: 01000011
0 0
1 1
2 0
3 0
4 0
5 0
6 1
7 1

Output 3: 01111111
0 0
1 1
2 1
3 1
4 1
5 1
6 1
7 1

Output 4: 00111111
0 0
1 0
2 1
3 1
4 1
5 1
6 1
7 1

Output 5: 01111100
0 0
1 1
2 1
3 1
4 1
5 1
6 0
7 0

Output 6: 01000111
0 0
1 1
2 0
3 0
4 0
5 1
6 1
7 1

Output 7: 10111111
0 1
1 0
2 1
3 1
4 1
5 1
6 1
7 1

Output 8: 00000011
0 0
1 0
2 0
3 0
4 0
5 0
6 1
7 1

Output 9: 10011111
0 1
1 0
2 0
3 1
4 1
5 1
6 1
7 1

Output bit columns (with bitsum as hash)
0 1000000101 3
1 1011011000 5
2 0101110100 5
3 1101110101 7
4 1001110101 6
5 1101111101 8
6 1111101111 9
7 1011101111 8

Input 0: 01010111
0 0
1 1
2 0
3 1
4 0
5 1
6 1
7 1

Input 1: 10010000
0 1
1 0
2 0
3 1
4 0
5 0
6 0
7 0

Input 2: 00001001
0 0
1 0
2 0
3 0
4 1
5 0
6 0
7 1

Input 3: 11011001
0 1
1 1
2 0
3 1
4 1
5 0
6 0
7 1

Input 4: 11010100
0 1
1 1
2 0
3 1
4 0
5 1
6 0
7 0

Input 5: 10100001
0 1
1 0
2 1
3 0
4 0
5 0
6 0
7 1

Input 6: 00010101
0 0
1 0
2 0
3 1
4 0
5 1
6 0
7 1

Input 7: 11010110
0 1
1 1
2 0
3 1
4 0
5 1
6 1
7 0

Input 8: 00001100
0 0
1 0
2 0
3 0
4 1
5 1
6 0
7 0

Input 9: 01101010
0 0
1 1
2 1
3 0
4 1
5 0
6 1
7 0

When matching output
x: not in operator
y: wrong position

Identity
0 0101110100 5 match 2
1 1001100101 5
2 0000010001 2
3 1101101100 6
4 0011000011 4
5 1000101110 5
6 1000000101 3 match 0
7 1011011000 5 match 1

Matching output
0 6
1 7
2 0
3 absent
4 absent
5 absent
6 absent
7 absent

Left
6 7 0 1x
Best: I6 7 0: 3

Right
none
Best: none

NOT
0 1010001011 5
1 0110011010 5
2 1111101110 8
3 0010010011 4
4 1100111100 6
5 0111010001 5
6 0111111010 7
7 0100100111 5

Matching output
0 absent
1 absent
2 absent
3 absent
4 absent
5 absent
6 absent
7 absent

Left
none
Best: none

Right
none
Best: none

Constant
0 0000000000 a
1 1111111111 a

Matching output
0 absent
1 absent
2 absent
3 absent
4 absent
5 absent
6 absent
7 absent

Left
none
Best: none

Right
none
Best: none

AND
01 10 0001100100 3
12 21 0000000001 1
23 32 0000000000 a
34 43 0001000000 1
45 54 0000000010 1
56 65 1000000100 2
67 76 1000000000 1
70 07 0001010000 2

02 20 0000010000 1
13 31 1001100100 4
24 42 0000000001 1
35 53 1000101100 4
46 64 0000000001 1
57 75 1000001000 2
60 06 0000000100 1
71 17 1001000000 2

03 30 0101100100 4
14 41 0001000001 2
25 52 0000000000 a
36 63 1000000100 2
47 74 0011000000 2
50 05 0000100100 2
61 16 1000000101 3 match 0
72 27 0000010000 1

04 40 0001000000 1
15 51 1000100100 3
26 62 0000000001 1
37 73 1001001000 3

Matching output
0 61 16
1 absent
2 absent
3 absent
4 absent
5 absent
6 absent
7 absent

Left
61 72x
16 27x
Best: AND61: 1

Right
none
Best: none

OR
01 10 1101110101 7 match 3
12 21 1001110101 6 match 4
23 32 1101111101 8 match 5
34 43 1111101111 9 match 6
45 54 1011101111 8 match 7
56 65 1000101111 6
67 76 1011011101 7
70 07 1111111100 8

02 20 0101110101 6
13 31 1101101101 7
24 42 0011010011 5
35 53 1101101110 7
46 64 1011000111 6
57 75 1011111110 8
60 06 1101110101 7 match 3
71 17 1011111101 8

03 30 1101111100 7
14 41 1011100111 7
25 52 1000111111 7
36 63 1101101101 7
47 74 1011011011 7
50 05 1101111110 8
61 16 1001100101 5
72 27 1011011001 6

04 40 0111110111 8
15 51 1001101111 7
26 62 1000010101 4
37 73 1111111100 8

Matching output
0 absent
1 absent
2 absent
3 01 10 60 06
4 12 21
5 23 32
6 34 43
7 45 54

Left
none
Best: none

Right
45 34 23 12 01 70x
54 43 32 21 10 07x
Best: OR45 34 23 12 01: 5

XOR
01 10 1100010001 4
12 21 1001110100 5
23 32 1101111101 8 match 5
34 43 1110101111 8
45 54 1011101101 7
56 65 0000101011 4
67 76 0011011101 6
70 07 1110101100 6

02 20 0101100101 5
13 31 0100001001 3
24 42 0011010010 4
35 53 0101000010 3
46 64 1011000110 5
57 75 0011110110 6
60 06 1101110001 6
71 17 0010111101 6

03 30 1000011000 3
14 41 1010100110 5
25 52 1000111111 7
36 63 0101101001 5
47 74 1000011011 5
50 05 1101011010 6
61 16 0001100000 2
72 27 1011001001 5

04 40 0110110111 7
15 51 0001001011 4
26 62 1000010100 3
37 73 0110110100 5

Matching output
0 absent
1 absent
2 absent
3 absent
4 absent
5 23 32
6 absent
7 absent

Left
none
Best: none

Right
none
Best: none

AND-NOT
01 0100010000 2
12 1001100100 4
23 0000010001 2
34 1100101100 5
45 0011000001 3
56 0000101010 3
67 0000000101 2
70 1010001000 3

02 0101100100 4
13 0000000001 1
24 0000010000 1
35 0101000000 2
46 0011000010 3
57 0000100110 3
60 1000000001 2
71 0010011000 3

03 0000010000 1
14 1000100100 3
25 0000010001 2
36 0101101000 4
47 0000000011 2
50 1000001010 3
61 0000000000 a
72 1011001000 4

04 0100110100 4
15 0001000001 2
26 0000010000 1
37 0100100100 3
40 0010000011 3
51 0000001010 2
62 1000000100 2
73 0010010000 2

05 0101010000 3
16 0001100000 2
27 0000000001 1
30 1000001000 2
41 0010000010 2
52 1000101110 5
63 0000000001 1
74 1000011000 3

06 0101110000 4
17 0000100101 3
20 0000000001 1
31 0100001000 2
42 0011000010 3
53 0000000010 1
64 1000000100 2
75 0011010000 3

07 0100100100 3
10 1000000001 2
21 0000010000 1
32 1101101100 6
43 0010000011 3
54 1000101100 4
65 0000000001 1
76 0011011000 4

Matching output
0 absent
1 absent
2 absent
3 absent
4 absent
5 absent
6 absent
7 absent

Left
none
Best: none

Right
none
Best: none

OR-NOT
01 0111111110 8
12 1111101111 9 match 6
23 0010010011 4
34 1101111100 7
45 0111010011 6
56 1111111110 9
67 1100100111 6
70 1011011011 7

02 1111111110 9
13 1011110111 8
24 1100111101 7
35 1111111101 9
46 0111111011 8
57 1100101111 7
60 1010001111 6
71 1111011010 7

03 0111110111 8
14 1101111101 8 match 5
25 0111010001 5
36 1111111110 9
47 0111100111 7
50 1010101111 7
61 1110011111 8
72 1111111110 9

04 1101111100 7
15 1111110101 8
26 0111111011 8
37 1101101111 8
40 1011001011 6
51 1110111110 8
62 1111101111 9 match 6
73 1011011011 7

05 0111110101 7
16 1111111111 a
27 0100110111 6
30 1111101111 9 match 6
41 0111011011 7
52 1111101110 8
63 1010010111 6
74 1111111100 8

06 0111111110 8
17 1101100111 7
20 1010011011 6
31 1111111110 9
42 1111101111 9 match 6
53 1010111111 8
64 1100111101 7
75 1111011001 7

07 0101110111 7
10 1011101111 8 match 7
21 0110011011 6
32 1111101110 8
43 0011010011 5
54 1100111110 7
65 1111010101 7
76 1111111010 8

Matching output
0 absent
1 absent
2 absent
3 absent
4 absent
5 14
6 12 62 30 42
7 10

Left
none
Best: none

Right
10 07x
Best: OR-NOT10: 1

XOR-NOT
01 0011101110 6
12 0110001011 5
23 0010000010 2
34 0001010000 2
45 0100010010 3
56 1111010100 6
67 1100100010 4
70 0001010011 4

02 1010011010 5
13 1011110110 7
24 1100101101 6
35 1010111101 7
46 0100111001 5
57 1100001001 4
60 0010001110 4
71 1101000010 4

03 0111100111 7
14 0101011001 5
25 0111000000 3
36 1010010110 5
47 0111100100 5
50 0010100101 4
61 1110011111 8
72 0100110110 5

04 1001001000 3
15 1110110100 6
26 0111101011 7
37 1001001011 5
40 1001001000 3
51 1110110100 6
62 0111101011 7
73 1001001011 5

05 0010100101 4
16 1110011111 8
27 0100110110 5
30 0111100111 7
41 0101011001 5
52 0111000000 3
63 1010010110 5
74 0111100100 5

06 0010001110 4
17 1101000010 4
20 1010011010 5
31 1011110110 7
42 1100101101 6
53 1010111101 7
64 0100111001 5
75 1100001001 4

07 0001010011 4
10 0011101110 6
21 0110001011 5
32 0010000010 2
43 0001010000 2
54 0100010010 3
65 1111010100 6
76 1100100010 4

Matching output
0 absent
1 absent
2 absent
3 absent
4 absent
5 absent
6 absent
7 absent

Left
none
Best: none

Right
none
Best: none

Selecting

Lefts
Identity I6 7 0: 3
NOT none
Constant none
AND AND61: 1
OR none
XOR none
AND-NOT none
OR-NOT none
XOR-NOT none

Rights
Identity none
NOT none
Constant none
AND none
OR OR45 34 23 12 01: 5
XOR none
AND-NOT none
OR-NOT OR-NOT10: 1
XOR-NOT none

Left longest: 3
Right longest: 5

Right winner: Identity no, NOT no, Constant no, AND no, OR yes, XOR no, AND-NOT no, OR-NOT no, XOR-NOT no
Left winner: Identity yes, NOT no, Constant no, AND no, OR no, XOR no, AND-NOT no, OR-NOT no, XOR-NOT no

Best right: OR45 34 23 12 01: 5
Best left: I6 7 0: 3

Truncated right: OR45 34 23 12 01: 5
Truncated left: I6 7 0: 3

Tentative from right
7 OR45
6 OR34
5 OR23
4 OR12
3 OR01
2 pending
1 pending
0 pending

Tentative
0 I6
1 I7
2 I0
3 OR01
4 OR12
5 OR23
6 OR34
7 OR45

Preferred from right
7 OR45
6 OR34
5 OR23
4 OR12
3 OR01
2 I0
1 I7
0 I6

Preferred from left
0 I6
1 I7
2 I0
3 OR01
4 OR12
5 OR23
6 OR34
7 OR45

Preferred
0 I6
1 I7
2 I0
3 OR01
4 OR12
5 OR23
6 OR34
7 OR45

Matching
0 I6
1 I7
2 I0
3 OR01
4 OR12
5 OR23
6 OR34
7 OR45

Perfect match
Identity no
NOT no
Constant no
AND no
OR no
XOR no
AND-NOT no
OR-NOT no
XOR-NOT no

Matched
0 I6
1 I7
2 I0
3 OR01
4 OR12
5 OR23
6 OR34
7 OR45

Selected
0 I6
1 I7
2 I0
3 OR01
4 OR12
5 OR23
6 OR34
7 OR45

Applying to 01100011
Input
0 0
1 1
2 1
3 0
4 0
5 0
6 1
7 1
Output
0 I6 = 1
1 I7 = 1
2 I0 = 0
3 OR01 = OR(0,1) = 1
4 OR12 = OR(1,1) = 1
5 OR23 = OR(1,0) = 1
6 OR34 = OR(0,0) = 0
7 OR45 = OR(0,0) = 0

I will now return the answer in \boxed{}
The answer in \boxed{–} is \boxed{11011100}
[correct]
true
