[category]
bit_manipulation
[prompt]
In Alice's Wonderland, a secret bit manipulation rule transforms 8-bit binary numbers. The transformation involves operations like bit shifts, rotations, XOR, AND, OR, NOT, and possibly majority or choice functions.

Here are some examples of input -> output:
01001000 -> 10010100
10011001 -> 00111010
00011010 -> 00110101
10011011 -> 00111110
00001111 -> 00011110
11111111 -> 11110000
00011110 -> 00111101

Now, determine the output for: 11111000
[completion]
We need to deduce the transformation by matching the example outputs.
I will put my final answer inside \boxed{}.

Output 0: 10010100
0 1
1 0
2 0
3 1
4 0
5 1
6 0
7 0

Output 1: 00111010
0 0
1 0
2 1
3 1
4 1
5 0
6 1
7 0

Output 2: 00110101
0 0
1 0
2 1
3 1
4 0
5 1
6 0
7 1

Output 3: 00111110
0 0
1 0
2 1
3 1
4 1
5 1
6 1
7 0

Output 4: 00011110
0 0
1 0
2 0
3 1
4 1
5 1
6 1
7 0

Output 5: 11110000
0 1
1 1
2 1
3 1
4 0
5 0
6 0
7 0

Output 6: 00111101
0 0
1 0
2 1
3 1
4 1
5 1
6 0
7 1

Output bit columns (with bitsum as hash)
0 1000010 2
1 0000010 1
2 0111011 5
3 1111111 a
4 0101101 4
5 1011101 5
6 0101100 3
7 0010001 2

Input 0: 01001000
0 0
1 1
2 0
3 0
4 1
5 0
6 0
7 0

Input 1: 10011001
0 1
1 0
2 0
3 1
4 1
5 0
6 0
7 1

Input 2: 00011010
0 0
1 0
2 0
3 1
4 1
5 0
6 1
7 0

Input 3: 10011011
0 1
1 0
2 0
3 1
4 1
5 0
6 1
7 1

Input 4: 00001111
0 0
1 0
2 0
3 0
4 1
5 1
6 1
7 1

Input 5: 11111111
0 1
1 1
2 1
3 1
4 1
5 1
6 1
7 1

Input 6: 00011110
0 0
1 0
2 0
3 1
4 1
5 1
6 1
7 0

When matching output
x: not in operator
y: wrong position

Identity
0 0101010 3
1 1000010 2 match 0
2 0000010 1 match 1
3 0111011 5 match 2
4 1111111 a match 3
5 0000111 3
6 0011111 5
7 0101110 4

Matching output
0 1
1 2
2 3
3 4
4 absent
5 absent
6 absent
7 absent

Left
1 2 3 4 5x
Best: I1 2 3 4: 4

Right
none
Best: none

NOT
0 1010101 4
1 0111101 5
2 1111101 6
3 1000100 2
4 0000000 a
5 1111000 4
6 1100000 2
7 1010001 3

Matching output
0 absent
1 absent
2 absent
3 absent
4 absent
5 absent
6 absent
7 absent

Left
none
Best: none

Right
none
Best: none

Constant
0 0000000 a
1 1111111 a match 3

Matching output
0 absent
1 absent
2 absent
3 C1
4 absent
5 absent
6 absent
7 absent

Left
none
Best: none

Right
none
Best: none

AND
01 10 0000010 1 match 1
12 21 0000010 1 match 1
23 32 0000010 1 match 1
34 43 0111011 5 match 2
45 54 0000111 3
56 65 0000111 3
67 76 0001110 3
70 07 0101010 3

02 20 0000010 1 match 1
13 31 0000010 1 match 1
24 42 0000010 1 match 1
35 53 0000011 2
46 64 0011111 5
57 75 0000110 2
60 06 0001010 2
71 17 0000010 1 match 1

03 30 0101010 3
14 41 1000010 2 match 0
25 52 0000010 1 match 1
36 63 0011011 4
47 74 0101110 4
50 05 0000010 1 match 1
61 16 0000010 1 match 1
72 27 0000010 1 match 1

04 40 0101010 3
15 51 0000010 1 match 1
26 62 0000010 1 match 1
37 73 0101010 3

Matching output
0 14 41
1 01 10 12 21 23 32 02 20 13 31 24 42 71 17 25 52 50 05 61 16 72 27 15 51 26 62
2 34 43
3 absent
4 absent
5 absent
6 absent
7 absent

Left
14 25 36x
41 52 63x
Best: AND14 25: 2

Right
none
Best: none

OR
01 10 1101010 4
12 21 1000010 2 match 0
23 32 0111011 5 match 2
34 43 1111111 a match 3
45 54 1111111 a match 3
56 65 0011111 5
67 76 0111111 6
70 07 0101110 4

02 20 0101010 3
13 31 1111011 6
24 42 1111111 a match 3
35 53 0111111 6
46 64 1111111 a match 3
57 75 0101111 5
60 06 0111111 6
71 17 1101110 5

03 30 0111011 5 match 2
14 41 1111111 a match 3
25 52 0000111 3
36 63 0111111 6
47 74 1111111 a match 3
50 05 0101111 5
61 16 1011111 6
72 27 0101110 4

04 40 1111111 a match 3
15 51 1000111 4
26 62 0011111 5
37 73 0111111 6

Matching output
0 12 21
1 absent
2 23 32 03 30
3 34 43 45 54 24 42 46 64 14 41 47 74 04 40
4 absent
5 absent
6 absent
7 absent

Left
12 23y
21 32y
Best: OR12: 1

Right
none
Best: none

XOR
01 10 1101000 3
12 21 1000000 1
23 32 0111001 4
34 43 1000100 2
45 54 1111000 4
56 65 0011000 2
67 76 0110001 3
70 07 0000100 1

02 20 0101000 2
13 31 1111001 5
24 42 1111101 6
35 53 0111100 4
46 64 1100000 2
57 75 0101001 3
60 06 0110101 4
71 17 1101100 4

03 30 0010001 2 match 7
14 41 0111101 5
25 52 0000101 2
36 63 0100100 2
47 74 1010001 3
50 05 0101101 4 match 4
61 16 1011101 5 match 5
72 27 0101100 3 match 6

04 40 1010101 4
15 51 1000101 3
26 62 0011101 4
37 73 0010101 3

Matching output
0 absent
1 absent
2 absent
3 absent
4 50 05
5 61 16
6 72 27
7 03 30

Left
none
Best: none

Right
03 72 61 50 47x
30 27 16 05 74x
Best: XOR03 72 61 50: 4

AND-NOT
01 0101000 2
12 1000000 1
23 0000000 a
34 0000000 a
45 1111000 4
56 0000000 a
67 0010001 2 match 7
70 0000100 1

02 0101000 2
13 1000000 1
24 0000000 a
35 0111000 3
46 1100000 2
57 0000001 1
60 0010101 3
71 0101100 3 match 6

03 0000000 a
14 0000000 a
25 0000000 a
36 0100000 1
47 1010001 3
50 0000101 2
61 0011101 4
72 0101100 3 match 6

04 0000000 a
15 1000000 1
26 0000000 a
37 0010001 2 match 7
40 1010101 4
51 0000101 2
62 0011101 4
73 0000100 1

05 0101000 2
16 1000000 1
27 0000000 a
30 0010001 2 match 7
41 0111101 5
52 0000101 2
63 0000100 1
74 0000000 a

06 0100000 1
17 1000000 1
20 0000000 a
31 0111001 4
42 1111101 6
53 0000100 1
64 0000000 a
75 0101000 2

07 0000000 a
10 1000000 1
21 0000000 a
32 0111001 4
43 1000100 2
54 0000000 a
65 0011000 2
76 0100000 1

Matching output
0 absent
1 absent
2 absent
3 absent
4 absent
5 absent
6 71 72
7 67 37 30

Left
none
Best: none

Right
67 56x
37 26x
30 27x
Best: AND-NOT67: 1

OR-NOT
01 0111111 6
12 1111111 a match 3
23 1000110 3
34 0111011 5 match 2
45 1111111 a match 3
56 1100111 5
67 1011111 6
70 1111111 a match 3

02 1111111 a match 3
13 1000110 3
24 0000010 1 match 1
35 1111011 6
46 1111111 a match 3
57 1010111 5
60 1011111 6
71 0111111 6

03 1101110 5
14 1000010 2 match 0
25 1111010 5
36 1111011 6
47 1111111 a match 3
50 1010111 5
61 0111111 6
72 1111111 a match 3

04 0101010 3
15 1111010 5
26 1100010 3
37 1111011 6
40 1111111 a match 3
51 0111111 6
62 1111111 a match 3
73 1101110 5

05 1111010 5
16 1100010 3
27 1010011 4
30 1111111 a match 3
41 1111111 a match 3
52 1111111 a match 3
63 1011111 6
74 0101110 4

06 1101010 4
17 1010011 4
20 1010111 5
31 0111111 6
42 1111111 a match 3
53 1000111 4
64 0011111 5
75 1111110 6

07 1111011 6
10 1010111 5
21 0111111 6
32 1111111 a match 3
43 1111111 a match 3
54 0000111 3
65 1111111 a match 3
76 1101110 5

Matching output
0 14
1 24
2 34
3 12 45 70 02 46 47 72 40 62 30 41 52 42 32 43 65
4 absent
5 absent
6 absent
7 absent

Left
14 25x
Best: OR-NOT14: 1

Right
none
Best: none

XOR-NOT
01 0010111 4
12 0111111 6
23 1000110 3
34 0111011 5 match 2
45 0000111 3
56 1100111 5
67 1001110 4
70 1111011 6

02 1010111 5
13 0000110 2
24 0000010 1 match 1
35 1000011 3
46 0011111 5
57 1010110 4
60 1001010 3
71 0010011 3

03 1101110 5
14 1000010 2 match 0
25 1111010 5
36 1011011 5
47 0101110 4
50 1010010 3
61 0100010 2
72 1010011 4

04 0101010 3
15 0111010 4
26 1100010 3
37 1101010 4
40 0101010 3
51 0111010 4
62 1100010 3
73 1101010 4

05 1010010 3
16 0100010 2
27 1010011 4
30 1101110 5
41 1000010 2 match 0
52 1111010 5
63 1011011 5
74 0101110 4

06 1001010 3
17 0010011 3
20 1010111 5
31 0000110 2
42 0000010 1 match 1
53 1000011 3
64 0011111 5
75 1010110 4

07 1111011 6
10 0010111 4
21 0111111 6
32 1000110 3
43 0111011 5 match 2
54 0000111 3
65 1100111 5
76 1001110 4

Matching output
0 14 41
1 24 42
2 34 43
3 absent
4 absent
5 absent
6 absent
7 absent

Left
14 25x
41 52x
Best: XOR-NOT14: 1

Right
none
Best: none

Selecting

Lefts
Identity I1 2 3 4: 4
NOT none
Constant none
AND AND14 25: 2
OR OR12: 1
XOR none
AND-NOT none
OR-NOT OR-NOT14: 1
XOR-NOT XOR-NOT14: 1

Rights
Identity none
NOT none
Constant none
AND none
OR none
XOR XOR03 72 61 50: 4
AND-NOT AND-NOT67: 1
OR-NOT none
XOR-NOT none

Left longest: 4
Right longest: 4

Left winner: Identity yes, NOT no, Constant no, AND no, OR no, XOR no, AND-NOT no, OR-NOT no, XOR-NOT no
Right winner: Identity no, NOT no, Constant no, AND no, OR no, XOR yes, AND-NOT no, OR-NOT no, XOR-NOT no

Best left: I1 2 3 4: 4
Best right: XOR03 72 61 50: 4

Truncated left: I1 2 3 4: 4
Truncated right: XOR03 72 61 50: 4

Tentative from right
7 XOR03
6 XOR72
5 XOR61
4 XOR50
3 pending
2 pending
1 pending
0 pending

Tentative
0 I1
1 I2
2 I3
3 I4
4 XOR50
5 XOR61
6 XOR72
7 XOR03

Preferred from left
0 I1
1 I2
2 I3
3 I4
4 XOR50
5 XOR61
6 XOR72
7 XOR03

Preferred from right
7 XOR03
6 XOR72
5 XOR61
4 XOR50
3 I4
2 I3
1 I2
0 I1

Preferred
0 I1
1 I2
2 I3
3 I4
4 XOR50
5 XOR61
6 XOR72
7 XOR03

Matching
0 I1
1 I2
2 I3
3 I4
4 XOR50
5 XOR61
6 XOR72
7 XOR03

Perfect match
Identity no
NOT no
Constant no
AND no
OR no
XOR no
AND-NOT no
OR-NOT no
XOR-NOT no

Matched
0 I1
1 I2
2 I3
3 I4
4 XOR50
5 XOR61
6 XOR72
7 XOR03

Selected
0 I1
1 I2
2 I3
3 I4
4 XOR50
5 XOR61
6 XOR72
7 XOR03

Applying to 11111000
Input
0 1
1 1
2 1
3 1
4 1
5 0
6 0
7 0
Output
0 I1 = 1
1 I2 = 1
2 I3 = 1
3 I4 = 1
4 XOR50 = XOR(0,1) = 1
5 XOR61 = XOR(0,1) = 1
6 XOR72 = XOR(0,1) = 1
7 XOR03 = XOR(1,1) = 0

I will now return the answer in \boxed{}
The answer in \boxed{–} is \boxed{11111110}
[correct]
true
