[category]
bit_manipulation
[prompt]
In Alice's Wonderland, a secret bit manipulation rule transforms 8-bit binary numbers. The transformation involves operations like bit shifts, rotations, XOR, AND, OR, NOT, and possibly majority or choice functions.

Here are some examples of input -> output:
10000011 -> 11100001
01011111 -> 11010111
01100111 -> 11011001
01101101 -> 01011011
00000111 -> 11000001
11000110 -> 10110001
00011111 -> 11000111

Now, determine the output for: 01011100
[completion]
We need to deduce the transformation by matching the example outputs.
I will put my final answer inside \boxed{}.

Output 0: 11100001
0 1
1 1
2 1
3 0
4 0
5 0
6 0
7 1

Output 1: 11010111
0 1
1 1
2 0
3 1
4 0
5 1
6 1
7 1

Output 2: 11011001
0 1
1 1
2 0
3 1
4 1
5 0
6 0
7 1

Output 3: 01011011
0 0
1 1
2 0
3 1
4 1
5 0
6 1
7 1

Output 4: 11000001
0 1
1 1
2 0
3 0
4 0
5 0
6 0
7 1

Output 5: 10110001
0 1
1 0
2 1
3 1
4 0
5 0
6 0
7 1

Output 6: 11000111
0 1
1 1
2 0
3 0
4 0
5 1
6 1
7 1

Output bit columns (with bitsum as hash)
0 1110111 6
1 1111101 6
2 1000010 2
3 0111010 4
4 0011000 2
5 0100001 2
6 0101001 3
7 1111111 a

Input 0: 10000011
0 1
1 0
2 0
3 0
4 0
5 0
6 1
7 1

Input 1: 01011111
0 0
1 1
2 0
3 1
4 1
5 1
6 1
7 1

Input 2: 01100111
0 0
1 1
2 1
3 0
4 0
5 1
6 1
7 1

Input 3: 01101101
0 0
1 1
2 1
3 0
4 1
5 1
6 0
7 1

Input 4: 00000111
0 0
1 0
2 0
3 0
4 0
5 1
6 1
7 1

Input 5: 11000110
0 1
1 1
2 0
3 0
4 0
5 1
6 1
7 0

Input 6: 00011111
0 0
1 0
2 0
3 1
4 1
5 1
6 1
7 1

When matching output
x: not in operator
y: wrong position

Identity
0 1000010 2 match 2
1 0111010 4 match 3
2 0011000 2 match 4
3 0100001 2 match 5
4 0101001 3 match 6
5 0111111 6
6 1110111 6 match 0
7 1111101 6 match 1

Matching output
0 6
1 7
2 0
3 1
4 2
5 3
6 4
7 absent

Left
6 7 0 1 2 3 4 5x
Best: I6 7 0 1 2 3 4: 7

Right
none
Best: none

NOT
0 0111101 5
1 1000101 3
2 1100111 5
3 1011110 5
4 1010110 4
5 1000000 1
6 0001000 1
7 0000010 1

Matching output
0 absent
1 absent
2 absent
3 absent
4 absent
5 absent
6 absent
7 absent

Left
none
Best: none

Right
none
Best: none

Constant
0 0000000 a
1 1111111 a match 7

Matching output
0 absent
1 absent
2 absent
3 absent
4 absent
5 absent
6 absent
7 C1

Left
none
Best: none

Right
1
Best: C1: 1

AND
01 10 0000010 1
12 21 0011000 2 match 4
23 32 0000000 a
34 43 0100001 2 match 5
45 54 0101001 3 match 6
56 65 0110111 5
67 76 1110101 5
70 07 1000000 1

02 20 0000000 a
13 31 0100000 1
24 42 0001000 1
35 53 0100001 2 match 5
46 64 0100001 2 match 5
57 75 0111101 5
60 06 1000010 2 match 2
71 17 0111000 3

03 30 0000000 a
14 41 0101000 2
25 52 0011000 2 match 4
36 63 0100001 2 match 5
47 74 0101001 3 match 6
50 05 0000010 1
61 16 0110010 3
72 27 0011000 2 match 4

04 40 0000000 a
15 51 0111010 4 match 3
26 62 0010000 1
37 73 0100001 2 match 5

Matching output
0 absent
1 absent
2 60 06
3 15 51
4 12 21 25 52 72 27
5 34 43 35 53 46 64 36 63 37 73
6 45 54 47 74
7 absent

Left
none
Best: none

Right
none
Best: none

OR
01 10 1111010 5
12 21 0111010 4 match 3
23 32 0111001 4
34 43 0101001 3 match 6
45 54 0111111 6
56 65 1111111 a match 7
67 76 1111111 a match 7
70 07 1111111 a match 7

02 20 1011010 4
13 31 0111011 5
24 42 0111001 4
35 53 0111111 6
46 64 1111111 a match 7
57 75 1111111 a match 7
60 06 1110111 6 match 0
71 17 1111111 a match 7

03 30 1100011 4
14 41 0111011 5
25 52 0111111 6
36 63 1110111 6 match 0
47 74 1111101 6 match 1
50 05 1111111 a match 7
61 16 1111111 a match 7
72 27 1111101 6 match 1

04 40 1101011 5
15 51 0111111 6
26 62 1111111 a match 7
37 73 1111101 6 match 1

Matching output
0 60 06 36 63
1 47 74 72 27 37 73
2 absent
3 12 21
4 absent
5 absent
6 34 43
7 56 65 67 76 70 07 46 64 57 75 71 17 50 05 61 16 26 62

Left
60 71y
06 17y
36 47 50y
63 74 05y
Best: OR36 47: 2

Right
56 45x
65 54x
67 56y
76 65y
70 67y
07 76y
46 35x
64 53x
57 46y
75 64y
71 60y
17 06y
50 47y
05 74y
61 50y
16 05y
26 15x
62 51x
Best: OR56: 1

XOR
01 10 1111000 4
12 21 0100010 2
23 32 0111001 4
34 43 0001000 1
45 54 0010110 3
56 65 1001000 2
67 76 0001010 2
70 07 0111111 6

02 20 1011010 4
13 31 0011011 4
24 42 0110001 3
35 53 0011110 4
46 64 1011110 5
57 75 1000010 2 match 2
60 06 0110101 4
71 17 1000111 4

03 30 1100011 4
14 41 0010011 3
25 52 0100111 4
36 63 1010110 4
47 74 1010100 3
50 05 1111101 6 match 1
61 16 1001101 4
72 27 1100101 4

04 40 1101011 5
15 51 0000101 2
26 62 1101111 6
37 73 1011100 4

Matching output
0 absent
1 50 05
2 57 75
3 absent
4 absent
5 absent
6 absent
7 absent

Left
none
Best: none

Right
none
Best: none

AND-NOT
01 1000000 1
12 0100010 2
23 0011000 2 match 4
34 0000000 a
45 0000000 a
56 0001000 1
67 0000010 1
70 0111101 5

02 1000010 2 match 2
13 0011010 3
24 0010000 1
35 0000000 a
46 0001000 1
57 0000010 1
60 0110101 4
71 1000101 3

03 1000010 2 match 2
14 0010010 2
25 0000000 a
36 0000000 a
47 0000000 a
50 0111101 5
61 1000101 3
72 1100101 4

04 1000010 2 match 2
15 0000000 a
26 0001000 1
37 0000000 a
40 0101001 3 match 6
51 0000101 2
62 1100111 5
73 1011100 4

05 1000000 1
16 0001000 1
27 0000000 a
30 0100001 2 match 5
41 0000001 1
52 0100111 4
63 1010110 4
74 1010100 3

06 0000000 a
17 0000010 1
20 0011000 2 match 4
31 0000001 1
42 0100001 2 match 5
53 0011110 4
64 1010110 4
75 1000000 1

07 0000010 1
10 0111000 3
21 0000000 a
32 0100001 2 match 5
43 0001000 1
54 0010110 3
65 1000000 1
76 0001000 1

Matching output
0 absent
1 absent
2 02 03 04
3 absent
4 23 20
5 30 42 32
6 40
7 absent

Left
none
Best: none

Right
none
Best: none

OR-NOT
01 1000111 4
12 1111111 a match 7
23 1011110 5
34 1110111 6 match 0
45 1101001 4
56 0111111 6
67 1110111 6 match 0
70 1111101 6 match 1

02 1100111 5
13 1111110 6
24 1011110 5
35 1100001 3
46 0101001 3 match 6
57 0111111 6
60 1111111 a match 7
71 1111101 6 match 1

03 1011110 5
14 1111110 6
25 1011000 3
36 0101001 3 match 6
47 0101011 4
50 0111111 6
61 1110111 6 match 0
72 1111111 a match 7

04 1010110 4
15 1111010 5
26 0011000 2 match 4
37 0100011 3
40 0111101 5
51 1111111 a match 7
62 1110111 6 match 0
73 1111111 a match 7

05 1000010 2 match 2
16 0111010 4 match 3
27 0011010 3
30 0111101 5
41 1101101 5
52 1111111 a match 7
63 1111111 a match 7
74 1111111 a match 7

06 1001010 3
17 0111010 4 match 3
20 0111101 5
31 1100101 4
42 1101111 6
53 1111111 a match 7
64 1110111 6 match 0
75 1111101 6 match 1

07 1000010 2 match 2
10 0111111 6
21 1011101 5
32 1100111 5
43 1111111 a match 7
54 1111111 a match 7
65 1110111 6 match 0
76 1111101 6 match 1

Matching output
0 34 67 61 62 64 65
1 70 71 75 76
2 05 07
3 16 17
4 26
5 absent
6 46 36
7 12 60 72 51 73 52 63 74 53 43 54

Left
34 45x
67 70 01x
61 72y
62 73y
64 75 06x
65 76 07 10x
Best: OR-NOT65 76 07: 3

Right
12 01x
60 57x
72 61y
51 40x
73 62y
52 41x
63 52y
74 63y
53 42x
43 32x
54 43y
Best: OR-NOT12: 1

XOR-NOT
01 0000111 3
12 1011101 5
23 1000110 3
34 1110111 6 match 0
45 1101001 4
56 0110111 5
67 1110101 5
70 1000000 1

02 0100101 3
13 1100100 3
24 1001110 4
35 1100001 3
46 0100001 2 match 5
57 0111101 5
60 1001010 3
71 0111000 3

03 0011100 3
14 1101100 4
25 1011000 3
36 0101001 3 match 6
47 0101011 4
50 0000010 1
61 0110010 3
72 0011010 3

04 0010100 2
15 1111010 5
26 0010000 1
37 0100011 3
40 0010100 2
51 1111010 5
62 0010000 1
73 0100011 3

05 0000010 1
16 0110010 3
27 0011010 3
30 0011100 3
41 1101100 4
52 1011000 3
63 0101001 3 match 6
74 0101011 4

06 1001010 3
17 0111000 3
20 0100101 3
31 1100100 3
42 1001110 4
53 1100001 3
64 0100001 2 match 5
75 0111101 5

07 1000000 1
10 0000111 3
21 1011101 5
32 1000110 3
43 1110111 6 match 0
54 1101001 4
65 0110111 5
76 1110101 5

Matching output
0 34 43
1 absent
2 absent
3 absent
4 absent
5 46 64
6 36 63
7 absent

Left
34 45x
43 54x
Best: XOR-NOT34: 1

Right
none
Best: none

Selecting

Lefts
Identity I6 7 0 1 2 3 4: 7
NOT none
Constant none
AND none
OR OR36 47: 2
XOR none
AND-NOT none
OR-NOT OR-NOT65 76 07: 3
XOR-NOT XOR-NOT34: 1

Rights
Identity none
NOT none
Constant C1: 1
AND none
OR OR56: 1
XOR none
AND-NOT none
OR-NOT OR-NOT12: 1
XOR-NOT none

Left longest: 7
Right longest: 1

Left winner: Identity yes, NOT no, Constant no, AND no, OR no, XOR no, AND-NOT no, OR-NOT no, XOR-NOT no
Right winner: Identity no, NOT no, Constant yes, AND no, OR no, XOR no, AND-NOT no, OR-NOT no, XOR-NOT no

Best left: I6 7 0 1 2 3 4: 7
Best right: C1: 1

Truncated left: I6 7 0 1 2 3 4: 7
Truncated right: C1: 1

Tentative from right
7 C1
6 pending
5 pending
4 pending
3 pending
2 pending
1 pending
0 pending

Tentative
0 I6
1 I7
2 I0
3 I1
4 I2
5 I3
6 I4
7 C1

Preferred from left
0 I6
1 I7
2 I0
3 I1
4 I2
5 I3
6 I4
7 C1

Preferred from right
7 C1
6 I4
5 I3
4 I2
3 I1
2 I0
1 I7
0 I6

Preferred
0 I6
1 I7
2 I0
3 I1
4 I2
5 I3
6 I4
7 C1

Matching
0 I6
1 I7
2 I0
3 I1
4 I2
5 I3
6 I4
7 C1

Perfect match
Identity no
NOT no
Constant no
AND no
OR no
XOR no
AND-NOT no
OR-NOT no
XOR-NOT no

Matched
0 I6
1 I7
2 I0
3 I1
4 I2
5 I3
6 I4
7 C1

Selected
0 I6
1 I7
2 I0
3 I1
4 I2
5 I3
6 I4
7 C1

Applying to 01011100
Input
0 0
1 1
2 0
3 1
4 1
5 1
6 0
7 0
Output
0 I6 = 0
1 I7 = 0
2 I0 = 0
3 I1 = 1
4 I2 = 0
5 I3 = 1
6 I4 = 1
7 C1 = 1

I will now return the answer in \boxed{}
The answer in \boxed{–} is \boxed{00010111}
[correct]
true
