[category]
bit_manipulation
[prompt]
In Alice's Wonderland, a secret bit manipulation rule transforms 8-bit binary numbers. The transformation involves operations like bit shifts, rotations, XOR, AND, OR, NOT, and possibly majority or choice functions.

Here are some examples of input -> output:
00101010 -> 10100000
10101101 -> 11010001
11101001 -> 10010001
01000010 -> 00100000
10000011 -> 00110001
11110000 -> 00000001
11110101 -> 01010001
01010101 -> 01010000
01000100 -> 01000000

Now, determine the output for: 00110001
[completion]
We need to deduce the transformation by matching the example outputs.
I will put my final answer inside \boxed{}.

Output 0: 10100000
0 1
1 0
2 1
3 0
4 0
5 0
6 0
7 0

Output 1: 11010001
0 1
1 1
2 0
3 1
4 0
5 0
6 0
7 1

Output 2: 10010001
0 1
1 0
2 0
3 1
4 0
5 0
6 0
7 1

Output 3: 00100000
0 0
1 0
2 1
3 0
4 0
5 0
6 0
7 0

Output 4: 00110001
0 0
1 0
2 1
3 1
4 0
5 0
6 0
7 1

Output 5: 00000001
0 0
1 0
2 0
3 0
4 0
5 0
6 0
7 1

Output 6: 01010001
0 0
1 1
2 0
3 1
4 0
5 0
6 0
7 1

Output 7: 01010000
0 0
1 1
2 0
3 1
4 0
5 0
6 0
7 0

Output 8: 01000000
0 0
1 1
2 0
3 0
4 0
5 0
6 0
7 0

Output bit columns (with bitsum as hash)
0 111000000 3
1 010000111 4
2 100110000 3
3 011010110 5
4 000000000 a
5 000000000 a
6 000000000 a
7 011011100 5

Input 0: 00101010
0 0
1 0
2 1
3 0
4 1
5 0
6 1
7 0

Input 1: 10101101
0 1
1 0
2 1
3 0
4 1
5 1
6 0
7 1

Input 2: 11101001
0 1
1 1
2 1
3 0
4 1
5 0
6 0
7 1

Input 3: 01000010
0 0
1 1
2 0
3 0
4 0
5 0
6 1
7 0

Input 4: 10000011
0 1
1 0
2 0
3 0
4 0
5 0
6 1
7 1

Input 5: 11110000
0 1
1 1
2 1
3 1
4 0
5 0
6 0
7 0

Input 6: 11110101
0 1
1 1
2 1
3 1
4 0
5 1
6 0
7 1

Input 7: 01010101
0 0
1 1
2 0
3 1
4 0
5 1
6 0
7 1

Input 8: 01000100
0 0
1 1
2 0
3 0
4 0
5 1
6 0
7 0

When matching output
x: not in operator
y: wrong position

Identity
0 011011100 5 match 7
1 001101111 6
2 111001100 5
3 000001110 3
4 111000000 3 match 0
5 010000111 4 match 1
6 100110000 3 match 2
7 011010110 5 match 3

Matching output
0 4
1 5
2 6
3 7
4 absent
5 absent
6 absent
7 0

Left
4 5 6 7 0y
Best: I4 5 6 7: 4

Right
0 7y
Best: I0: 1

NOT
0 100100011 4
1 110010000 3
2 000110011 4
3 111110001 6
4 000111111 6
5 101111000 5
6 011001111 6
7 100101001 4

Matching output
0 absent
1 absent
2 absent
3 absent
4 absent
5 absent
6 absent
7 absent

Left
none
Best: none

Right
none
Best: none

Constant
0 000000000 a match 4 5 6
1 111111111 a

Matching output
0 absent
1 absent
2 absent
3 absent
4 C0
5 C0
6 C0
7 absent

Left
none
Best: none

Right
none
Best: none

AND
01 10 001001100 3
12 21 001001100 3
23 32 000001100 2
34 43 000000000 a match 4 5 6
45 54 010000000 1
56 65 000000000 a match 4 5 6
67 76 000010000 1
70 07 011010100 4

02 20 011001100 4
13 31 000001110 3
24 42 111000000 3 match 0
35 53 000000110 2
46 64 100000000 1
57 75 010000110 3
60 06 000010000 1
71 17 001000110 3

03 30 000001100 2
14 41 001000000 1
25 52 010000100 2
36 63 000000000 a match 4 5 6
47 74 011000000 2
50 05 010000100 2
61 16 000100000 1
72 27 011000100 3

04 40 011000000 2
15 51 000000111 3
26 62 100000000 1
37 73 000000110 2

Matching output
0 24 42
1 absent
2 absent
3 absent
4 34 43 56 65 36 63
5 34 43 56 65 36 63
6 34 43 56 65 36 63
7 absent

Left
24 35x
42 53x
Best: AND24: 1

Right
none
Best: none

OR
01 10 011111111 8
12 21 111101111 8
23 32 111001110 6
34 43 111001110 6
45 54 111000111 6
56 65 110110111 7
67 76 111110110 7
70 07 011011110 6

02 20 111011100 6
13 31 001101111 6
24 42 111001100 5
35 53 010001111 5
46 64 111110000 5
57 75 011010111 6
60 06 111111100 7
71 17 011111111 8

03 30 011011110 6
14 41 111101111 8
25 52 111001111 7
36 63 100111110 6
47 74 111010110 6
50 05 011011111 7
61 16 101111111 8
72 27 111011110 7

04 40 111011100 6
15 51 011101111 7
26 62 111111100 7
37 73 011011110 6

Matching output
0 absent
1 absent
2 absent
3 absent
4 absent
5 absent
6 absent
7 absent

Left
none
Best: none

Right
none
Best: none

XOR
01 10 010110011 5
12 21 110100011 5
23 32 111000010 4
34 43 111001110 6
45 54 101000111 5
56 65 110110111 7
67 76 111100110 6
70 07 000001010 2

02 20 100010000 2
13 31 001100001 3
24 42 000001100 2
35 53 010001001 3
46 64 011110000 4
57 75 001010001 3
60 06 111101100 6
71 17 010111001 5

03 30 011010010 4
14 41 110101111 7
25 52 101001011 5
36 63 100111110 6
47 74 100010110 4
50 05 001011011 5
61 16 101011111 7
72 27 100011010 4

04 40 100011100 4
15 51 011101000 4
26 62 011111100 6
37 73 011011000 4

Matching output
0 absent
1 absent
2 absent
3 absent
4 absent
5 absent
6 absent
7 absent

Left
none
Best: none

Right
none
Best: none

AND-NOT
01 010010000 2
12 000100011 3
23 111000000 3 match 0
34 000001110 3
45 101000000 2
56 010000111 4 match 1
67 100100000 2
70 000000010 1

02 000010000 1
13 001100001 3
24 000001100 2
35 000001000 1
46 011000000 2
57 000000001 1
60 100100000 2
71 010010000 2

03 011010000 3
14 000101111 5
25 101001000 3
36 000001110 3
47 100000000 1
50 000000011 2
61 100010000 2
72 000010010 2

04 000011100 3
15 001101000 3
26 011001100 4
37 000001000 1
40 100000000 1
51 010000000 1
62 000110000 2
73 011010000 3

05 001011000 3
16 001001111 5
27 100001000 2
30 000000010 1
41 110000000 2
52 000000011 2
63 100110000 3 match 2
74 000010110 3

06 011001100 4
17 000101001 3
20 100000000 1
31 000000000 a match 4 5 6
42 000000000 a match 4 5 6
53 010000001 2
64 000110000 2
75 001010000 2

07 000001000 1
10 000100011 3
21 110000000 2
32 000000010 1
43 111000000 3 match 0
54 000000111 3
65 100110000 3 match 2
76 011000110 4

Matching output
0 23 43
1 56
2 63 65
3 absent
4 31 42
5 31 42
6 31 42
7 absent

Left
23 34x
43 54x
Best: AND-NOT23: 1

Right
none
Best: none

OR-NOT
01 111011100 6
12 001111111 7
23 111111101 8
34 000111111 6
45 111111000 6
56 011001111 6
67 100111001 5
70 111110111 8

02 011111111 8
13 111111111 a
24 111111111 a
35 101111110 7
46 111001111 7
57 110101111 7
60 100110011 5
71 111010110 6

03 111111101 8
14 001111111 7
25 111111100 7
36 011001111 6
47 111101001 6
50 110100111 6
61 110110000 4
72 011110111 7

04 011111111 8
15 101111111 8
26 111001111 7
37 100101111 6
40 111100011 6
51 110010111 6
62 100110011 5
73 111110111 8

05 111111100 7
16 011101111 7
27 111101101 7
30 100101111 6
41 111010000 4
52 010110111 6
63 111110001 6
74 011111111 8

06 011011111 7
17 101101111 7
20 111101111 8
31 110011110 6
42 111110011 7
53 111110111 8
64 100111111 7
75 111111110 8

07 111111101 8
10 101101111 7
21 111011100 6
32 000111111 6
43 111110001 6
54 010111111 7
65 101111000 5
76 011011111 7

Matching output
0 absent
1 absent
2 absent
3 absent
4 absent
5 absent
6 absent
7 absent

Left
none
Best: none

Right
none
Best: none

XOR-NOT
01 101001100 4
12 001011100 4
23 000111101 5
34 000110001 3
45 010111000 4
56 001001000 2
67 000011001 3
70 111110101 7

02 011101111 7
13 110011110 6
24 111110011 7
35 101110110 6
46 100001111 5
57 110101110 6
60 000010011 3
71 101000110 4

03 100101101 5
14 001010000 2
25 010110100 4
36 011000001 3
47 011101001 5
50 110100100 4
61 010100000 2
72 011100101 5

04 011100011 5
15 100010111 5
26 100000011 3
37 100100111 5
40 011100011 5
51 100010111 5
62 100000011 3
73 100100111 5

05 110100100 4
16 010100000 2
27 011100101 5
30 100101101 5
41 001010000 2
52 010110100 4
63 011000001 3
74 011101001 5

06 000010011 3
17 101000110 4
20 011101111 7
31 110011110 6
42 111110011 7
53 101110110 6
64 100001111 5
75 110101110 6

07 111110101 7
10 101001100 4
21 001011100 4
32 000111101 5
43 000110001 3
54 010111000 4
65 001001000 2
76 000011001 3

Matching output
0 absent
1 absent
2 absent
3 absent
4 absent
5 absent
6 absent
7 absent

Left
none
Best: none

Right
none
Best: none

Selecting

Lefts
Identity I4 5 6 7: 4
NOT none
Constant none
AND AND24: 1
OR none
XOR none
AND-NOT AND-NOT23: 1
OR-NOT none
XOR-NOT none

Rights
Identity I0: 1
NOT none
Constant none
AND none
OR none
XOR none
AND-NOT none
OR-NOT none
XOR-NOT none

Left longest: 4
Right longest: 1

Left winner: Identity yes, NOT no, Constant no, AND no, OR no, XOR no, AND-NOT no, OR-NOT no, XOR-NOT no
Right winner: Identity yes, NOT no, Constant no, AND no, OR no, XOR no, AND-NOT no, OR-NOT no, XOR-NOT no

Best left: I4 5 6 7: 4
Best right: I0: 1

Truncated left: I4 5 6 7: 4
Truncated right: I0: 1

Tentative from right
7 I0
6 pending
5 pending
4 pending
3 pending
2 pending
1 pending
0 pending

Tentative
0 I4
1 I5
2 I6
3 I7
4 pending
5 pending
6 pending
7 I0

Preferred from left
0 I4
1 I5
2 I6
3 I7
4 ?0?
5 ?1?
6 ?2?
7 I0

Preferred from right
7 I0
6 ?27
5 ?16
4 ?05
3 I7
2 I6
1 I5
0 I4

Preferred
0 I4
1 I5
2 I6
3 I7
4 ?05 ?50
5 ?16 ?61
6 ?27 ?72
7 I0

Matching
0 I4
1 I5
2 I6
3 I7
4 ?05 ?50 - Identity absent, NOT absent, Constant C0, AND absent, OR absent, XOR absent, AND-NOT absent, OR-NOT absent, XOR-NOT absent
5 ?16 ?61 - Identity absent, NOT absent, Constant C0, AND absent, OR absent, XOR absent, AND-NOT absent, OR-NOT absent, XOR-NOT absent
6 ?27 ?72 - Identity absent, NOT absent, Constant C0, AND absent, OR absent, XOR absent, AND-NOT absent, OR-NOT absent, XOR-NOT absent
7 I0

Perfect match
Identity no
NOT no
Constant yes
AND no
OR no
XOR no
AND-NOT no
OR-NOT no
XOR-NOT no

Matched
0 I4
1 I5
2 I6
3 I7
4 C0
5 C0
6 C0
7 I0

Selected
0 I4
1 I5
2 I6
3 I7
4 C0
5 C0
6 C0
7 I0

Applying to 00110001
Input
0 0
1 0
2 1
3 1
4 0
5 0
6 0
7 1
Output
0 I4 = 0
1 I5 = 0
2 I6 = 0
3 I7 = 1
4 C0 = 0
5 C0 = 0
6 C0 = 0
7 I0 = 0

I will now return the answer in \boxed{}
The answer in \boxed{–} is \boxed{00010000}
[correct]
true
