[category]
bit_manipulation
[prompt]
In Alice's Wonderland, a secret bit manipulation rule transforms 8-bit binary numbers. The transformation involves operations like bit shifts, rotations, XOR, AND, OR, NOT, and possibly majority or choice functions.

Here are some examples of input -> output:
00100010 -> 10011001
00111110 -> 11111001
01101011 -> 11111111
00001111 -> 01111100
10101010 -> 11111101
10111010 -> 11111101
10100100 -> 10110101
01110010 -> 11011011

Now, determine the output for: 11110010
[completion]
We need to deduce the transformation by matching the example outputs.
I will put my final answer inside \boxed{}.

Output 0: 10011001
0 1
1 0
2 0
3 1
4 1
5 0
6 0
7 1

Output 1: 11111001
0 1
1 1
2 1
3 1
4 1
5 0
6 0
7 1

Output 2: 11111111
0 1
1 1
2 1
3 1
4 1
5 1
6 1
7 1

Output 3: 01111100
0 0
1 1
2 1
3 1
4 1
5 1
6 0
7 0

Output 4: 11111101
0 1
1 1
2 1
3 1
4 1
5 1
6 0
7 1

Output 5: 11111101
0 1
1 1
2 1
3 1
4 1
5 1
6 0
7 1

Output 6: 10110101
0 1
1 0
2 1
3 1
4 0
5 1
6 0
7 1

Output 7: 11011011
0 1
1 1
2 0
3 1
4 1
5 0
6 1
7 1

Output bit columns (with bitsum as hash)
0 11101111 7
1 01111101 6
2 01111110 6
3 11111111 a
4 11111101 7
5 00111110 5
6 00100001 2
7 11101111 7

Input 0: 00100010
0 0
1 0
2 1
3 0
4 0
5 0
6 1
7 0

Input 1: 00111110
0 0
1 0
2 1
3 1
4 1
5 1
6 1
7 0

Input 2: 01101011
0 0
1 1
2 1
3 0
4 1
5 0
6 1
7 1

Input 3: 00001111
0 0
1 0
2 0
3 0
4 1
5 1
6 1
7 1

Input 4: 10101010
0 1
1 0
2 1
3 0
4 1
5 0
6 1
7 0

Input 5: 10111010
0 1
1 0
2 1
3 1
4 1
5 0
6 1
7 0

Input 6: 10100100
0 1
1 0
2 1
3 0
4 0
5 1
6 0
7 0

Input 7: 01110010
0 0
1 1
2 1
3 1
4 0
5 0
6 1
7 0

When matching output
x: not in operator
y: wrong position

Identity
0 00001110 3
1 00100001 2 match 6
2 11101111 7 match 0 7
3 01000101 3
4 01111100 5
5 01010010 3
6 11111101 7 match 4
7 00110000 2

Matching output
0 2
1 absent
2 absent
3 absent
4 6
5 absent
6 1
7 2

Left
2 3x
Best: I2: 1

Right
2 1 0x
Best: I2 1: 2

NOT
0 11110001 5
1 11011110 6
2 00010000 1
3 10111010 5
4 10000011 3
5 10101101 5
6 00000010 1
7 11001111 6

Matching output
0 absent
1 absent
2 absent
3 absent
4 absent
5 absent
6 absent
7 absent

Left
none
Best: none

Right
none
Best: none

Constant
0 00000000 a
1 11111111 a match 3

Matching output
0 absent
1 absent
2 absent
3 C1
4 absent
5 absent
6 absent
7 absent

Left
none
Best: none

Right
none
Best: none

AND
01 10 00000000 a
12 21 00100001 2 match 6
23 32 01000101 3
34 43 01000100 2
45 54 01010000 2
56 65 01010000 2
67 76 00110000 2
70 07 00000000 a

02 20 00001110 3
13 31 00000001 1
24 42 01101100 4
35 53 01000000 1
46 64 01111100 5
57 75 00010000 1
60 06 00001100 2
71 17 00100000 1

03 30 00000100 1
14 41 00100000 1
25 52 01000010 2
36 63 01000101 3
47 74 00110000 2
50 05 00000010 1
61 16 00100001 2 match 6
72 27 00100000 1

04 40 00001100 2
15 51 00000000 a
26 62 11101101 6
37 73 00000000 a

Matching output
0 absent
1 absent
2 absent
3 absent
4 absent
5 absent
6 12 21 61 16
7 absent

Left
none
Best: none

Right
none
Best: none

OR
01 10 00101111 5
12 21 11101111 7 match 0 7
23 32 11101111 7 match 0 7
34 43 01111101 6 match 1
45 54 01111110 6 match 2
56 65 11111111 a match 3
67 76 11111101 7 match 4
70 07 00111110 5 match 5

02 20 11101111 7 match 0 7
13 31 01100101 4
24 42 11111111 a match 3
35 53 01010111 5
46 64 11111101 7 match 4
57 75 01110010 4
60 06 11111111 a match 3
71 17 00110001 3

03 30 01001111 5
14 41 01111101 6 match 1
25 52 11111111 a match 3
36 63 11111101 7 match 4
47 74 01111100 5
50 05 01011110 5
61 16 11111101 7 match 4
72 27 11111111 a match 3

04 40 01111110 6 match 2
15 51 01110011 5
26 62 11111111 a match 3
37 73 01110101 5

Matching output
0 12 21 23 32 02 20
1 34 43 14 41
2 45 54 04 40
3 56 65 24 42 60 06 25 52 72 27 26 62
4 67 76 46 64 36 63 61 16
5 70 07
6 absent
7 12 21 23 32 02 20

Left
12 23y
21 32y
23 34 45 56 67 70 01x
32 43 54 65 76 07 10x
02 13x
20 31x
Best: OR23 34 45 56 67 70: 6

Right
12 01x
21 10x
23 12y
32 21y
02 71x
20 17x
Best: OR12: 1

XOR
01 10 00101111 5
12 21 11001110 5
23 32 10101010 4
34 43 00111001 4
45 54 00101110 4
56 65 10101111 6
67 76 11001101 5
70 07 00111110 5 match 5

02 20 11100001 4
13 31 01100100 3
24 42 10010011 4
35 53 00010111 4
46 64 10000001 2
57 75 01100010 3
60 06 11110011 6
71 17 00010001 2

03 30 01001011 4
14 41 01011101 5
25 52 10111101 6
36 63 10111000 4
47 74 01001100 3
50 05 01011100 4
61 16 11011100 5
72 27 11011111 7

04 40 01110010 4
15 51 01110011 5
26 62 00010010 2
37 73 01110101 5

Matching output
0 absent
1 absent
2 absent
3 absent
4 absent
5 70 07
6 absent
7 absent

Left
none
Best: none

Right
none
Best: none

AND-NOT
01 00001110 3
12 00000000 a
23 10101010 4
34 00000001 1
45 00101100 3
56 00000010 1
67 11001101 5
70 00110000 2

02 00000000 a
13 00100000 1
24 10000011 3
35 00000101 2
46 00000000 a
57 01000010 2
60 11110001 5
71 00010000 1

03 00001010 2
14 00000001 1
25 10101101 5
36 00000000 a
47 01001100 3
50 01010000 2
61 11011100 5
72 00010000 1

04 00000010 1
15 00100001 2 match 6
26 00000010 1
37 01000101 3
40 01110000 3
51 01010010 3
62 00010000 1
73 00110000 2

05 00001100 2
16 00000000 a
27 11001111 6
30 01000001 2
41 01011100 4
52 00010000 1
63 10111000 4
74 00000000 a

06 00000010 1
17 00000001 1
20 11100001 4
31 01000100 2
42 00010000 1
53 00010010 2
64 10000001 2
75 00100000 1

07 00001110 3
10 00100001 2 match 6
21 11001110 5
32 00000000 a
43 00111000 3
54 00000010 1
65 10101101 5
76 00000000 a

Matching output
0 absent
1 absent
2 absent
3 absent
4 absent
5 absent
6 15 10
7 absent

Left
none
Best: none

Right
none
Best: none

OR-NOT
01 11011110 6
12 00110001 3
23 11111111 a match 3
34 11000111 5
45 11111101 7 match 4
56 01010010 3
67 11111111 a match 3
70 11110001 5

02 00011110 4
13 10111011 6
24 11101111 7 match 0 7
35 11101101 6
46 01111110 6 match 2
57 11011111 7
60 11111101 7 match 4
71 11111110 7

03 10111110 6
14 10100011 4
25 11101111 7 match 0 7
36 01000111 4
47 11111111 a match 3
50 11110011 6
61 11111111 a match 3
72 00110000 2

04 10001111 5
15 10101101 5
26 11101111 7 match 0 7
37 11001111 6
40 11111101 7 match 4
51 11011110 6
62 11111101 7 match 4
73 10111010 5

05 10101111 6
16 00100011 3
27 11101111 7 match 0 7
30 11110101 6
41 11111110 7
52 01010010 3
63 11111111 a match 3
74 10110011 5

06 00001110 3
17 11101111 7 match 0 7
20 11111111 a match 3
31 11011111 7
42 01111100 5
53 11111010 6
64 11111111 a match 3
75 10111101 6

07 11001111 6
10 11110001 5
21 11111111 a match 3
32 01010101 4
43 11111110 7
54 11010011 5
65 11111101 7 match 4
76 00110010 3

Matching output
0 24 25 26 27 17
1 absent
2 46
3 23 67 47 61 63 20 64 21
4 45 60 40 62 65
5 absent
6 absent
7 24 25 26 27 17

Left
24 35x
25 36x
26 37x
27 30x
17 20y
Best: OR-NOT24: 1

Right
24 13x
25 14x
26 15x
27 16x
17 06x
Best: OR-NOT24: 1

XOR-NOT
01 11010000 3
12 00110001 3
23 01010101 4
34 11000110 4
45 11010001 4
56 01010000 2
67 00110010 3
70 11000001 3

02 00011110 4
13 10011011 5
24 01101100 4
35 11101000 4
46 01111110 6 match 2
57 10011101 5
60 00001100 2
71 11101110 6

03 10110100 4
14 10100010 3
25 01000010 2
36 01000111 4
47 10110011 5
50 10100011 4
61 00100011 3
72 00100000 1

04 10001101 4
15 10001100 3
26 11101101 6
37 10001010 3
40 10001101 4
51 10001100 3
62 11101101 6
73 10001010 3

05 10100011 4
16 00100011 3
27 00100000 1
30 10110100 4
41 10100010 3
52 01000010 2
63 01000111 4
74 10110011 5

06 00001100 2
17 11101110 6
20 00011110 4
31 10011011 5
42 01101100 4
53 11101000 4
64 01111110 6 match 2
75 10011101 5

07 11000001 3
10 11010000 3
21 00110001 3
32 01010101 4
43 11000110 4
54 11010001 4
65 01010000 2
76 00110010 3

Matching output
0 absent
1 absent
2 46 64
3 absent
4 absent
5 absent
6 absent
7 absent

Left
none
Best: none

Right
none
Best: none

Selecting

Lefts
Identity I2: 1
NOT none
Constant none
AND none
OR OR23 34 45 56 67 70: 6
XOR none
AND-NOT none
OR-NOT OR-NOT24: 1
XOR-NOT none

Rights
Identity I2 1: 2
NOT none
Constant none
AND none
OR OR12: 1
XOR none
AND-NOT none
OR-NOT OR-NOT24: 1
XOR-NOT none

Left longest: 6
Right longest: 2

Left winner: Identity no, NOT no, Constant no, AND no, OR yes, XOR no, AND-NOT no, OR-NOT no, XOR-NOT no
Right winner: Identity yes, NOT no, Constant no, AND no, OR no, XOR no, AND-NOT no, OR-NOT no, XOR-NOT no

Best left: OR23 34 45 56 67 70: 6
Best right: I2 1: 2

Truncated left: OR23 34 45 56 67 70: 6
Truncated right: I2 1: 2

Tentative from right
7 I2
6 I1
5 pending
4 pending
3 pending
2 pending
1 pending
0 pending

Tentative
0 OR23
1 OR34
2 OR45
3 OR56
4 OR67
5 OR70
6 I1
7 I2

Preferred from left
0 OR23
1 OR34
2 OR45
3 OR56
4 OR67
5 OR70
6 I1
7 I2

Preferred from right
7 I2
6 I1
5 OR70
4 OR67
3 OR56
2 OR45
1 OR34
0 OR23

Preferred
0 OR23
1 OR34
2 OR45
3 OR56
4 OR67
5 OR70
6 I1
7 I2

Matching
0 OR23
1 OR34
2 OR45
3 OR56
4 OR67
5 OR70
6 I1
7 I2

Perfect match
Identity no
NOT no
Constant no
AND no
OR no
XOR no
AND-NOT no
OR-NOT no
XOR-NOT no

Matched
0 OR23
1 OR34
2 OR45
3 OR56
4 OR67
5 OR70
6 I1
7 I2

Selected
0 OR23
1 OR34
2 OR45
3 OR56
4 OR67
5 OR70
6 I1
7 I2

Applying to 11110010
Input
0 1
1 1
2 1
3 1
4 0
5 0
6 1
7 0
Output
0 OR23 = OR(1,1) = 1
1 OR34 = OR(1,0) = 1
2 OR45 = OR(0,0) = 0
3 OR56 = OR(0,1) = 1
4 OR67 = OR(1,0) = 1
5 OR70 = OR(0,1) = 1
6 I1 = 1
7 I2 = 1

I will now return the answer in \boxed{}
The answer in \boxed{–} is \boxed{11011111}
[correct]
true
