[category]
bit_manipulation
[prompt]
In Alice's Wonderland, a secret bit manipulation rule transforms 8-bit binary numbers. The transformation involves operations like bit shifts, rotations, XOR, AND, OR, NOT, and possibly majority or choice functions.

Here are some examples of input -> output:
10011110 -> 01000011
11101111 -> 11110101
00001110 -> 00000001
01001001 -> 10000000
11101110 -> 01110101
01110000 -> 00001000
00011001 -> 10000000
10001000 -> 00000000
00110110 -> 00000010

Now, determine the output for: 01000000
[completion]
We need to deduce the transformation by matching the example outputs.
I will put my final answer inside \boxed{}.

Output 0: 01000011
0 0
1 1
2 0
3 0
4 0
5 0
6 1
7 1

Output 1: 11110101
0 1
1 1
2 1
3 1
4 0
5 1
6 0
7 1

Output 2: 00000001
0 0
1 0
2 0
3 0
4 0
5 0
6 0
7 1

Output 3: 10000000
0 1
1 0
2 0
3 0
4 0
5 0
6 0
7 0

Output 4: 01110101
0 0
1 1
2 1
3 1
4 0
5 1
6 0
7 1

Output 5: 00001000
0 0
1 0
2 0
3 0
4 1
5 0
6 0
7 0

Output 6: 10000000
0 1
1 0
2 0
3 0
4 0
5 0
6 0
7 0

Output 7: 00000000
0 0
1 0
2 0
3 0
4 0
5 0
6 0
7 0

Output 8: 00000010
0 0
1 0
2 0
3 0
4 0
5 0
6 1
7 0

Output bit columns (with bitsum as hash)
0 010100100 3
1 110010000 3
2 010010000 2
3 010010000 2
4 000001000 1
5 010010000 2
6 100000001 2
7 111010000 4

Input 0: 10011110
0 1
1 0
2 0
3 1
4 1
5 1
6 1
7 0

Input 1: 11101111
0 1
1 1
2 1
3 0
4 1
5 1
6 1
7 1

Input 2: 00001110
0 0
1 0
2 0
3 0
4 1
5 1
6 1
7 0

Input 3: 01001001
0 0
1 1
2 0
3 0
4 1
5 0
6 0
7 1

Input 4: 11101110
0 1
1 1
2 1
3 0
4 1
5 1
6 1
7 0

Input 5: 01110000
0 0
1 1
2 1
3 1
4 0
5 0
6 0
7 0

Input 6: 00011001
0 0
1 0
2 0
3 1
4 1
5 0
6 0
7 1

Input 7: 10001000
0 1
1 0
2 0
3 0
4 1
5 0
6 0
7 0

Input 8: 00110110
0 0
1 0
2 1
3 1
4 0
5 1
6 1
7 0

When matching output
x: not in operator
y: wrong position

Identity
0 110010010 4
1 010111000 4
2 010011001 4
3 100001101 4
4 111110110 7
5 111010001 5
6 111010001 5
7 010100100 3 match 0

Matching output
0 7
1 absent
2 absent
3 absent
4 absent
5 absent
6 absent
7 absent

Left
7 0x
Best: I7: 1

Right
none
Best: none

NOT
0 001101101 5
1 101000111 5
2 101100110 5
3 011110010 5
4 000001001 2
5 000101110 4
6 000101110 4
7 101011011 6

Matching output
0 absent
1 absent
2 absent
3 absent
4 absent
5 absent
6 absent
7 absent

Left
none
Best: none

Right
none
Best: none

Constant
0 000000000 a
1 111111111 a

Matching output
0 absent
1 absent
2 absent
3 absent
4 absent
5 absent
6 absent
7 absent

Left
none
Best: none

Right
none
Best: none

AND
01 10 010010000 2 match 2 3 5
12 21 010011000 3
23 32 000001001 2
34 43 100000100 2
45 54 111010000 4 match 7
56 65 111010001 5
67 76 010000000 1
70 07 010000000 1

02 20 010010000 2 match 2 3 5
13 31 000001000 1 match 4
24 42 010010000 2 match 2 3 5
35 53 100000001 2 match 6
46 64 111010000 4 match 7
57 75 010000000 1
60 06 110010000 3 match 1
71 17 010100000 2

03 30 100000000 1
14 41 010110000 3
25 52 010010001 3
36 63 100000001 2 match 6
47 74 010100100 3 match 0
50 05 110010000 3 match 1
61 16 010010000 2 match 2 3 5
72 27 010000000 1

04 40 110010010 4
15 51 010010000 2 match 2 3 5
26 62 010010001 3
37 73 000000100 1

Matching output
0 47 74
1 60 06 50 05
2 01 10 02 20 24 42 61 16 15 51
3 01 10 02 20 24 42 61 16 15 51
4 13 31
5 01 10 02 20 24 42 61 16 15 51
6 35 53 36 63
7 45 54 46 64

Left
47 50 61 72x
74 05 16 27x
Best: AND47 50 61: 3

Right
45 34x
54 43x
46 35 24 13 02 71x
64 53 42 31 20 17x
Best: AND46 35 24 13 02: 5

OR
01 10 110111010 6
12 21 010111001 5
23 32 110011101 6
34 43 111111111 a
45 54 111110111 8
56 65 111010001 5
67 76 111110101 7
70 07 110110110 6

02 20 110011011 6
13 31 110111101 7
24 42 111111111 a
35 53 111011101 7
46 64 111110111 8
57 75 111110101 7
60 06 111010011 6
71 17 010111100 5

03 30 110011111 7
14 41 111111110 8
25 52 111011001 6
36 63 111011101 7
47 74 111110110 7
50 05 111010011 6
61 16 111111001 7
72 27 010111101 6

04 40 111110110 7
15 51 111111001 7
26 62 111011001 6
37 73 110101101 6

Matching output
0 absent
1 absent
2 absent
3 absent
4 absent
5 absent
6 absent
7 absent

Left
none
Best: none

Right
none
Best: none

XOR
01 10 100101010 4
12 21 000100001 2
23 32 110010100 4
34 43 011111011 7
45 54 000100111 4
56 65 000000000 a
67 76 101110101 6
70 07 100110110 5

02 20 100001011 4
13 31 110110101 6
24 42 101101111 7
35 53 011011100 5
46 64 000100111 4
57 75 101110101 6
60 06 001000011 3
71 17 000011100 3

03 30 010011111 6
14 41 101001110 5
25 52 101001000 3
36 63 011011100 5
47 74 101010010 4
50 05 001000011 3
61 16 101101001 5
72 27 000111101 5

04 40 001100100 3
15 51 101101001 5
26 62 101001000 3
37 73 110101001 5

Matching output
0 absent
1 absent
2 absent
3 absent
4 absent
5 absent
6 absent
7 absent

Left
none
Best: none

Right
none
Best: none

AND-NOT
01 100000010 2
12 000100000 1
23 010010000 2 match 2 3 5
34 000001001 2
45 000100110 3
56 000000000 a
67 101010001 4
70 000100100 2

02 100000010 2
13 010110000 3
24 000001001 2
35 000001100 2
46 000100110 3
57 101010001 4
60 001000001 2
71 000000100 1

03 010010010 3
14 000001000 1 match 4
25 000001000 1 match 4
36 000001100 2
47 101010010 4
50 001000001 2
61 101000001 3
72 000100100 2

04 000000000 a
15 000101000 2
26 000001000 1 match 4
37 100001001 3
40 001100100 3
51 101000001 3
62 101000000 2
73 010100000 2

05 000000010 1
16 000101000 2
27 000011001 3
30 000001101 3
41 101000110 4
52 101000000 2
63 011010000 3
74 000000000 a

06 000000010 1
17 000011000 2
20 000001001 2
31 100000101 3
42 101100110 5
53 011010000 3
64 000000001 1
75 000100100 2

07 100010010 3
10 000101000 2
21 000000001 1
32 100000100 2
43 011110010 5
54 000000001 1
65 000000000 a
76 000100100 2

Matching output
0 absent
1 absent
2 23
3 23
4 14 25 26
5 23
6 absent
7 absent

Left
none
Best: none

Right
none
Best: none

OR-NOT
01 111010111 7
12 111111110 8
23 011111011 7
34 100001101 4
45 111111110 8
56 111111111 a
67 111011011 7
70 011101101 6

02 111110110 7
13 011111010 6
24 010011001 4
35 100101111 6
46 111111110 8
57 111011011 7
60 111111101 8
71 111100111 7

03 111110010 6
14 010111001 5
25 010111111 7
36 100101111 6
47 111111111 a
50 111111101 8
61 111010111 7
72 111100110 6

04 110011011 6
15 010111110 6
26 010111111 7
37 101011111 7
40 111111111 a
51 111010111 7
62 111110111 8
73 011110110 6

05 110111110 7
16 010111110 6
27 111011011 7
30 101101101 6
41 111110111 8
52 111110111 8
63 111110011 7
74 010101101 5

06 110111110 7
17 111111011 8
20 011111101 7
31 101001111 6
42 111110110 7
53 111110011 7
64 111011001 6
75 010101110 5

07 111011011 7
10 011111101 7
21 111011111 8
32 101101111 7
43 111110110 7
54 111011001 6
65 111111111 a
76 010101110 5

Matching output
0 absent
1 absent
2 absent
3 absent
4 absent
5 absent
6 absent
7 absent

Left
none
Best: none

Right
none
Best: none

XOR-NOT
01 011010101 5
12 111011110 7
23 001101011 5
34 100000100 2
45 111011000 5
56 111111111 a
67 010001010 3
70 011001001 4

02 011110100 5
13 001001010 3
24 010010000 2 match 2 3 5
35 100100011 4
46 111011000 5
57 010001010 3
60 110111100 6
71 111100011 6

03 101100000 3
14 010110001 4
25 010110111 6
36 100100011 4
47 010101101 5
50 110111100 6
61 010010110 4
72 111000010 4

04 110011011 6
15 010010110 4
26 010110111 6
37 001010110 4
40 110011011 6
51 010010110 4
62 010110111 6
73 001010110 4

05 110111100 6
16 010010110 4
27 111000010 4
30 101100000 3
41 010110001 4
52 010110111 6
63 100100011 4
74 010101101 5

06 110111100 6
17 111100011 6
20 011110100 5
31 001001010 3
42 010010000 2 match 2 3 5
53 100100011 4
64 111011000 5
75 010001010 3

07 011001001 4
10 011010101 5
21 111011110 7
32 001101011 5
43 100000100 2
54 111011000 5
65 111111111 a
76 010001010 3

Matching output
0 absent
1 absent
2 24 42
3 24 42
4 absent
5 24 42
6 absent
7 absent

Left
none
Best: none

Right
none
Best: none

Selecting

Lefts
Identity I7: 1
NOT none
Constant none
AND AND47 50 61: 3
OR none
XOR none
AND-NOT none
OR-NOT none
XOR-NOT none

Rights
Identity none
NOT none
Constant none
AND AND46 35 24 13 02: 5
OR none
XOR none
AND-NOT none
OR-NOT none
XOR-NOT none

Left longest: 3
Right longest: 5

Right winner: Identity no, NOT no, Constant no, AND yes, OR no, XOR no, AND-NOT no, OR-NOT no, XOR-NOT no
Left winner: Identity no, NOT no, Constant no, AND yes, OR no, XOR no, AND-NOT no, OR-NOT no, XOR-NOT no

Best right: AND46 35 24 13 02: 5
Best left: AND47 50 61: 3

Truncated right: AND46 35 24 13 02: 5
Truncated left: AND47 50 61: 3

Tentative from right
7 AND46
6 AND35
5 AND24
4 AND13
3 AND02
2 pending
1 pending
0 pending

Tentative
0 AND47
1 AND50
2 AND61
3 AND02
4 AND13
5 AND24
6 AND35
7 AND46

Preferred from right
7 AND46
6 AND35
5 AND24
4 AND13
3 AND02
2 AND61
1 AND50
0 AND47

Preferred from left
0 AND47
1 AND50
2 AND61
3 AND02
4 AND13
5 AND24
6 AND35
7 AND46

Preferred
0 AND47
1 AND50
2 AND61
3 AND02
4 AND13
5 AND24
6 AND35
7 AND46

Matching
0 AND47
1 AND50
2 AND61
3 AND02
4 AND13
5 AND24
6 AND35
7 AND46

Perfect match
Identity no
NOT no
Constant no
AND no
OR no
XOR no
AND-NOT no
OR-NOT no
XOR-NOT no

Matched
0 AND47
1 AND50
2 AND61
3 AND02
4 AND13
5 AND24
6 AND35
7 AND46

Selected
0 AND47
1 AND50
2 AND61
3 AND02
4 AND13
5 AND24
6 AND35
7 AND46

Applying to 01000000
Input
0 0
1 1
2 0
3 0
4 0
5 0
6 0
7 0
Output
0 AND47 = AND(0,0) = 0
1 AND50 = AND(0,0) = 0
2 AND61 = AND(0,1) = 0
3 AND02 = AND(0,0) = 0
4 AND13 = AND(1,0) = 0
5 AND24 = AND(0,0) = 0
6 AND35 = AND(0,0) = 0
7 AND46 = AND(0,0) = 0

I will now return the answer in \boxed{}
The answer in \boxed{–} is \boxed{00000000}
[correct]
true
