[category]
bit_manipulation
[prompt]
In Alice's Wonderland, a secret bit manipulation rule transforms 8-bit binary numbers. The transformation involves operations like bit shifts, rotations, XOR, AND, OR, NOT, and possibly majority or choice functions.

Here are some examples of input -> output:
11010001 -> 01001000
11000111 -> 10000011
00110001 -> 00111000
10111101 -> 11111110
11100001 -> 01010000
10000011 -> 00100001
00111001 -> 00111100

Now, determine the output for: 10001111
[completion]
We need to deduce the transformation by matching the example outputs.
I will put my final answer inside \boxed{}.

Output 0: 01001000
0 0
1 1
2 0
3 0
4 1
5 0
6 0
7 0

Output 1: 10000011
0 1
1 0
2 0
3 0
4 0
5 0
6 1
7 1

Output 2: 00111000
0 0
1 0
2 1
3 1
4 1
5 0
6 0
7 0

Output 3: 11111110
0 1
1 1
2 1
3 1
4 1
5 1
6 1
7 0

Output 4: 01010000
0 0
1 1
2 0
3 1
4 0
5 0
6 0
7 0

Output 5: 00100001
0 0
1 0
2 1
3 0
4 0
5 0
6 0
7 1

Output 6: 00111100
0 0
1 0
2 1
3 1
4 1
5 1
6 0
7 0

Output bit columns (with bitsum as hash)
0 0101000 2
1 1001100 3
2 0011011 4
3 0011101 4
4 1011001 4
5 0001001 2
6 0101000 2
7 0100010 2

Input 0: 11010001
0 1
1 1
2 0
3 1
4 0
5 0
6 0
7 1

Input 1: 11000111
0 1
1 1
2 0
3 0
4 0
5 1
6 1
7 1

Input 2: 00110001
0 0
1 0
2 1
3 1
4 0
5 0
6 0
7 1

Input 3: 10111101
0 1
1 0
2 1
3 1
4 1
5 1
6 0
7 1

Input 4: 11100001
0 1
1 1
2 1
3 0
4 0
5 0
6 0
7 1

Input 5: 10000011
0 1
1 0
2 0
3 0
4 0
5 0
6 1
7 1

Input 6: 00111001
0 0
1 0
2 1
3 1
4 1
5 0
6 0
7 1

When matching output
x: not in operator
y: wrong position

Identity
0 1101110 5
1 1100100 3
2 0011101 4 match 3
3 1011001 4 match 4
4 0001001 2 match 5
5 0101000 2 match 0 6
6 0100010 2 match 7
7 1111111 a

Matching output
0 5
1 absent
2 absent
3 2
4 3
5 4
6 5
7 6

Left
5 6y
Best: I5: 1

Right
6 5 4 3 2 1x
Best: I6 5 4 3 2: 5

NOT
0 0010001 2
1 0011011 4 match 2
2 1100010 3
3 0100110 3
4 1110110 5
5 1010111 5
6 1011101 5
7 0000000 a

Matching output
0 absent
1 absent
2 1
3 absent
4 absent
5 absent
6 absent
7 absent

Left
none
Best: none

Right
none
Best: none

Constant
0 0000000 a
1 1111111 a

Matching output
0 absent
1 absent
2 absent
3 absent
4 absent
5 absent
6 absent
7 absent

Left
none
Best: none

Right
none
Best: none

AND
01 10 1100100 3
12 21 0000100 1
23 32 0011001 3
34 43 0001001 2 match 5
45 54 0001000 1
56 65 0100000 1
67 76 0100010 2 match 7
70 07 1101110 5

02 20 0001100 2
13 31 1000000 1
24 42 0001001 2 match 5
35 53 0001000 1
46 64 0000000 a
57 75 0101000 2 match 0 6
60 06 0100010 2 match 7
71 17 1100100 3

03 30 1001000 2
14 41 0000000 a
25 52 0001000 1
36 63 0000000 a
47 74 0001001 2 match 5
50 05 0101000 2 match 0 6
61 16 0100000 1
72 27 0011101 4 match 3

04 40 0001000 1
15 51 0100000 1
26 62 0000000 a
37 73 1011001 4 match 4

Matching output
0 57 75 50 05
1 absent
2 absent
3 72 27
4 37 73
5 34 43 24 42 47 74
6 57 75 50 05
7 67 76 60 06

Left
57 60y
75 06y
50 61x
05 16x
Best: AND57: 1

Right
67 56x
76 65x
60 57 46x
06 75 64x
Best: AND60 57: 2

OR
01 10 1101110 5
12 21 1111101 6
23 32 1011101 5
34 43 1011001 4 match 4
45 54 0101001 3
56 65 0101010 3
67 76 1111111 a
70 07 1111111 a

02 20 1111111 a
13 31 1111101 6
24 42 0011101 4 match 3
35 53 1111001 5
46 64 0101011 4
57 75 1111111 a
60 06 1101110 5
71 17 1111111 a

03 30 1111111 a
14 41 1101101 5
25 52 0111101 5
36 63 1111011 6
47 74 1111111 a
50 05 1101110 5
61 16 1100110 4
72 27 1111111 a

04 40 1101111 6
15 51 1101100 4
26 62 0111111 6
37 73 1111111 a

Matching output
0 absent
1 absent
2 absent
3 24 42
4 34 43
5 absent
6 absent
7 absent

Left
none
Best: none

Right
none
Best: none

XOR
01 10 0001010 2
12 21 1111001 5
23 32 1000100 2
34 43 1010000 2
45 54 0100001 2
56 65 0001010 2
67 76 1011101 5
70 07 0010001 2

02 20 1110011 5
13 31 0111101 5
24 42 0010100 2
35 53 1110001 4
46 64 0101011 4
57 75 1010111 5
60 06 1001100 3 match 1
71 17 0011011 4 match 2

03 30 0110111 5
14 41 1101101 5
25 52 0110101 4
36 63 1111011 6
47 74 1110110 5
50 05 1000110 3
61 16 1000110 3
72 27 1100010 3

04 40 1100111 5
15 51 1001100 3 match 1
26 62 0111111 6
37 73 0100110 3

Matching output
0 absent
1 60 06 15 51
2 71 17
3 absent
4 absent
5 absent
6 absent
7 absent

Left
none
Best: none

Right
none
Best: none

AND-NOT
01 0001010 2
12 1100000 2
23 0000100 1
34 1010000 2
45 0000001 1
56 0001000 1
67 0000000 a
70 0010001 2

02 1100010 3
13 0100100 2
24 0010100 2
35 1010001 3
46 0001001 2 match 5
57 0000000 a
60 0000000 a
71 0011011 4 match 2

03 0100110 3
14 1100100 3
25 0010101 3
36 1011001 4 match 4
47 0000000 a
50 0000000 a
61 0000010 1
72 1100010 3

04 1100110 4
15 1000100 2
26 0011101 4 match 3
37 0000000 a
40 0000001 1
51 0001000 1
62 0100010 2 match 7
73 0100110 3

05 1000110 3
16 1000100 2
27 0000000 a
30 0010001 2
41 0001001 2 match 5
52 0100000 1
63 0100010 2 match 7
74 1110110 5

06 1001100 3 match 1
17 0000000 a
20 0010001 2
31 0011001 3
42 0000000 a
53 0100000 1
64 0100010 2 match 7
75 1010111 5

07 0000000 a
10 0000000 a
21 0011001 3
32 1000000 1
43 0000000 a
54 0100000 1
65 0000010 1
76 1011101 5

Matching output
0 absent
1 06
2 71
3 26
4 36
5 46 41
6 absent
7 62 63 64

Left
none
Best: none

Right
62 51x
63 52x
64 53x
Best: AND-NOT62: 1

OR-NOT
01 1111111 a
12 1100110 4
23 0111111 6
34 1111111 a
45 1011111 6
56 1111101 6
67 0100010 2 match 7
70 1111111 a

02 1101110 5
13 1100110 4
24 1111111 a
35 1011111 6
46 1011101 5
57 0101000 2 match 0 6
60 0110011 4
71 1111111 a

03 1101110 5
14 1110110 5
25 1011111 6
36 1011101 5
47 0001001 2 match 5
50 0111001 4
61 0111011 5
72 1111111 a

04 1111110 6
15 1110111 6
26 1011101 5
37 1011001 4 match 4
40 0011001 3
51 0111011 5
62 1100010 3
73 1111111 a

05 1111111 a
16 1111101 6
27 0011101 4 match 3
30 1011001 4 match 4
41 0011011 4 match 2
52 1101010 4
63 0100110 3
74 1111111 a

06 1111111 a
17 1100100 3
20 0011101 4 match 3
31 1011011 5
42 1101011 5
53 0101110 4
64 1110110 5
75 1111111 a

07 1101110 5
10 1110101 5
21 0011111 5
32 1111011 6
43 0101111 5
54 1111110 6
65 1110111 6
76 1111111 a

Matching output
0 57
1 absent
2 41
3 27 20
4 37 30
5 47
6 57
7 67

Left
57 60x
Best: OR-NOT57: 1

Right
67 56x
Best: OR-NOT67: 1

XOR-NOT
01 1110101 5
12 0000110 2
23 0111011 5
34 0101111 5
45 1011110 5
56 1110101 5
67 0100010 2 match 7
70 1101110 5

02 0001100 2
13 1000010 2
24 1101011 5
35 0001110 3
46 1010100 3
57 0101000 2 match 0 6
60 0110011 4
71 1100100 3

03 1001000 2
14 0010010 2
25 1001010 3
36 0000100 1
47 0001001 2 match 5
50 0111001 4
61 0111001 4
72 0011101 4 match 3

04 0011000 2
15 0110011 4
26 1000000 1
37 1011001 4 match 4
40 0011000 2
51 0110011 4
62 1000000 1
73 1011001 4 match 4

05 0111001 4
16 0111001 4
27 0011101 4 match 3
30 1001000 2
41 0010010 2
52 1001010 3
63 0000100 1
74 0001001 2 match 5

06 0110011 4
17 1100100 3
20 0001100 2
31 1000010 2
42 1101011 5
53 0001110 3
64 1010100 3
75 0101000 2 match 0 6

07 1101110 5
10 1110101 5
21 0000110 2
32 0111011 5
43 0101111 5
54 1011110 5
65 1110101 5
76 0100010 2 match 7

Matching output
0 57 75
1 absent
2 absent
3 72 27
4 37 73
5 47 74
6 57 75
7 67 76

Left
57 60x
75 06x
Best: XOR-NOT57: 1

Right
67 56x
76 65x
Best: XOR-NOT67: 1

Selecting

Lefts
Identity I5: 1
NOT none
Constant none
AND AND57: 1
OR none
XOR none
AND-NOT none
OR-NOT OR-NOT57: 1
XOR-NOT XOR-NOT57: 1

Rights
Identity I6 5 4 3 2: 5
NOT none
Constant none
AND AND60 57: 2
OR none
XOR none
AND-NOT AND-NOT62: 1
OR-NOT OR-NOT67: 1
XOR-NOT XOR-NOT67: 1

Left longest: 1
Right longest: 5

Right winner: Identity yes, NOT no, Constant no, AND no, OR no, XOR no, AND-NOT no, OR-NOT no, XOR-NOT no
Left winner: Identity yes, NOT no, Constant no, AND no, OR no, XOR no, AND-NOT no, OR-NOT no, XOR-NOT no

Best right: I6 5 4 3 2: 5
Best left: I5: 1

Truncated right: I6 5 4 3 2: 5
Truncated left: I5: 1

Tentative from right
7 I6
6 I5
5 I4
4 I3
3 I2
2 pending
1 pending
0 pending

Tentative
0 I5
1 pending
2 pending
3 I2
4 I3
5 I4
6 I5
7 I6

Preferred from right
7 I6
6 I5
5 I4
4 I3
3 I2
2 ??1
1 ??0
0 I5

Preferred from left
0 I5
1 ?60
2 ?71
3 I2
4 I3
5 I4
6 I5
7 I6

Preferred
0 I5
1 ?60 ?06
2 ?71 ?17
3 I2
4 I3
5 I4
6 I5
7 I6

Matching
0 I5
1 ?60 ?06 - Identity absent, NOT absent, Constant absent, AND absent, OR absent, XOR60, AND-NOT06, OR-NOT absent, XOR-NOT absent
2 ?71 ?17 - Identity absent, NOT NOT1, Constant absent, AND absent, OR absent, XOR71, AND-NOT71, OR-NOT absent, XOR-NOT absent
3 I2
4 I3
5 I4
6 I5
7 I6

Perfect match
Identity no
NOT no
Constant no
AND no
OR no
XOR yes
AND-NOT no
OR-NOT no
XOR-NOT no

Matched
0 I5
1 XOR60
2 XOR71
3 I2
4 I3
5 I4
6 I5
7 I6

Selected
0 I5
1 XOR60
2 XOR71
3 I2
4 I3
5 I4
6 I5
7 I6

Applying to 10001111
Input
0 1
1 0
2 0
3 0
4 1
5 1
6 1
7 1
Output
0 I5 = 1
1 XOR60 = XOR(1,1) = 0
2 XOR71 = XOR(1,0) = 1
3 I2 = 0
4 I3 = 0
5 I4 = 1
6 I5 = 1
7 I6 = 1

I will now return the answer in \boxed{}
The answer in \boxed{–} is \boxed{10100111}
[correct]
true
