[category]
bit_manipulation
[prompt]
In Alice's Wonderland, a secret bit manipulation rule transforms 8-bit binary numbers. The transformation involves operations like bit shifts, rotations, XOR, AND, OR, NOT, and possibly majority or choice functions.

Here are some examples of input -> output:
01100010 -> 10100011
01100001 -> 01100101
11000111 -> 10000011
00001100 -> 11100100
00010010 -> 01011111
01111010 -> 10010101
11100000 -> 00000111
11111010 -> 10110111
01000111 -> 10100001
00100000 -> 10110111

Now, determine the output for: 00101011
[completion]
We need to deduce the transformation by matching the example outputs.
I will put my final answer inside \boxed{}.

Output 0: 10100011
0 1
1 0
2 1
3 0
4 0
5 0
6 1
7 1

Output 1: 01100101
0 0
1 1
2 1
3 0
4 0
5 1
6 0
7 1

Output 2: 10000011
0 1
1 0
2 0
3 0
4 0
5 0
6 1
7 1

Output 3: 11100100
0 1
1 1
2 1
3 0
4 0
5 1
6 0
7 0

Output 4: 01011111
0 0
1 1
2 0
3 1
4 1
5 1
6 1
7 1

Output 5: 10010101
0 1
1 0
2 0
3 1
4 0
5 1
6 0
7 1

Output 6: 00000111
0 0
1 0
2 0
3 0
4 0
5 1
6 1
7 1

Output 7: 10110111
0 1
1 0
2 1
3 1
4 0
5 1
6 1
7 1

Output 8: 10100001
0 1
1 0
2 1
3 0
4 0
5 0
6 0
7 1

Output 9: 10110111
0 1
1 0
2 1
3 1
4 0
5 1
6 1
7 1

Output bit columns (with bitsum as hash)
0 1011010111 7
1 0101100000 3
2 1101000111 6
3 0000110101 4
4 0000100000 1
5 0101111101 7
6 1010101101 6
7 1110111111 9

Input 0: 01100010
0 0
1 1
2 1
3 0
4 0
5 0
6 1
7 0

Input 1: 01100001
0 0
1 1
2 1
3 0
4 0
5 0
6 0
7 1

Input 2: 11000111
0 1
1 1
2 0
3 0
4 0
5 1
6 1
7 1

Input 3: 00001100
0 0
1 0
2 0
3 0
4 1
5 1
6 0
7 0

Input 4: 00010010
0 0
1 0
2 0
3 1
4 0
5 0
6 1
7 0

Input 5: 01111010
0 0
1 1
2 1
3 1
4 1
5 0
6 1
7 0

Input 6: 11100000
0 1
1 1
2 1
3 0
4 0
5 0
6 0
7 0

Input 7: 11111010
0 1
1 1
2 1
3 1
4 1
5 0
6 1
7 0

Input 8: 01000111
0 0
1 1
2 0
3 0
4 0
5 1
6 1
7 1

Input 9: 00100000
0 0
1 0
2 1
3 0
4 0
5 0
6 0
7 0

When matching output
x: not in operator
y: wrong position

Identity
0 0010001100 3
1 1110011110 7
2 1100011101 6
3 0000110100 3
4 0001010100 3
5 0011000010 3
6 1010110110 6
7 0110000010 3

Matching output
0 absent
1 absent
2 absent
3 absent
4 absent
5 absent
6 absent
7 absent

Left
none
Best: none

Right
none
Best: none

NOT
0 1101110011 7
1 0001100001 3
2 0011100010 4
3 1111001011 7
4 1110101011 7
5 1100111101 7
6 0101001001 4
7 1001111101 7

Matching output
0 absent
1 absent
2 absent
3 absent
4 absent
5 absent
6 absent
7 absent

Left
none
Best: none

Right
none
Best: none

Constant
0 0000000000 a
1 1111111111 a

Matching output
0 absent
1 absent
2 absent
3 absent
4 absent
5 absent
6 absent
7 absent

Left
none
Best: none

Right
none
Best: none

AND
01 10 0010001100 3
12 21 1100011100 5
23 32 0000010100 2
34 43 0000010100 2
45 54 0001000000 1
56 65 0010000010 2
67 76 0010000010 2
70 07 0010000000 1

02 20 0000001100 2
13 31 0000010100 2
24 42 0000010100 2
35 53 0000000000 a
46 64 0000010100 2
57 75 0010000010 2
60 06 0010000100 2
71 17 0110000010 3

03 30 0000000100 1
14 41 0000010100 2
25 52 0000000000 a
36 63 0000110100 3
47 74 0000000000 a
50 05 0010000000 1
61 16 1010010110 5
72 27 0100000000 1

04 40 0000000100 1
15 51 0010000010 2
26 62 1000010100 3
37 73 0000000000 a

Matching output
0 absent
1 absent
2 absent
3 absent
4 absent
5 absent
6 absent
7 absent

Left
none
Best: none

Right
none
Best: none

OR
01 10 1110011110 7
12 21 1110011111 8
23 32 1100111101 7
34 43 0001110100 4
45 54 0011010110 5
56 65 1011110110 7
67 76 1110110110 7
70 07 0110001110 5

02 20 1110011101 7
13 31 1110111110 8
24 42 1101011101 7
35 53 0011110110 6
46 64 1011110110 7
57 75 0111000010 4
60 06 1010111110 7
71 17 1110011110 7

03 30 0010111100 5
14 41 1111011110 8
25 52 1111011111 9
36 63 1010110110 6
47 74 0111010110 6
50 05 0011001110 5
61 16 1110111110 8
72 27 1110011111 8

04 40 0011011100 5
15 51 1111011110 8
26 62 1110111111 9 match 7
37 73 0110110110 6

Matching output
0 absent
1 absent
2 absent
3 absent
4 absent
5 absent
6 absent
7 26 62

Left
none
Best: none

Right
26 15x
62 51x
Best: OR26: 1

XOR
01 10 1100010010 4
12 21 0010000011 3
23 32 1100101001 5
34 43 0001100000 2
45 54 0010010110 4
56 65 1001110100 5
67 76 1100110100 5
70 07 0100001110 4

02 20 1110010001 5
13 31 1110101010 6
24 42 1101001001 5
35 53 0011110110 6
46 64 1011100010 5
57 75 0101000000 2
60 06 1000111010 5
71 17 1000011100 4

03 30 0010111000 4
14 41 1111001010 6
25 52 1111011111 9
36 63 1010000010 3
47 74 0111010110 6
50 05 0001001110 4
61 16 0100101000 3
72 27 1010011111 7

04 40 0011011000 4
15 51 1101011100 6
26 62 0110101011 6
37 73 0110110110 6

Matching output
0 absent
1 absent
2 absent
3 absent
4 absent
5 absent
6 absent
7 absent

Left
none
Best: none

Right
none
Best: none

AND-NOT
01 0000000000 a
12 0010000010 2
23 1100001001 4
34 0000100000 1 match 4
45 0000010100 2
56 0001000000 1
67 1000110100 4
70 0100000010 2

02 0010000000 1
13 1110001010 5
24 1100001001 4
35 0000110100 3
46 0001000000 1
57 0001000000 1
60 1000110010 4
71 0000000000 a

03 0010001000 2
14 1110001010 5
25 1100011101 6
36 0000000000 a
47 0001010100 3
50 0001000010 2
61 0000100000 1 match 4
72 0010000010 2

04 0010001000 2
15 1100011100 5
26 0100001001 3
37 0000110100 3
40 0001010000 2
51 0001000000 1
62 0010100010 3
73 0110000010 3

05 0000001100 2
16 0100001000 2
27 1000011101 5
30 0000110000 2
41 0001000000 1
52 0011000010 3
63 1010000010 3
74 0110000010 3

06 0000001000 1
17 1000011100 4
20 1100010001 4
31 0000100000 1 match 4
42 0001000000 1
53 0011000010 3
64 1010100010 4
75 0100000000 1

07 0000001100 2
10 1100010010 4
21 0000000001 1
32 0000100000 1 match 4
43 0001000000 1
54 0010000010 2
65 1000110100 4
76 0100000000 1

Matching output
0 absent
1 absent
2 absent
3 absent
4 34 61 31 32
5 absent
6 absent
7 absent

Left
none
Best: none

Right
none
Best: none

OR-NOT
01 0011101101 6
12 1111111110 9
23 1111011111 9
34 1110111111 9 match 7
45 1101111101 8
56 0111001011 6
67 1011111111 9
70 1111110011 8

02 0011101110 6
13 1111011111 9
24 1110111111 9 match 7
35 1100111101 7
46 0101011101 6
57 1011111111 9
60 1111110111 9
71 0111100011 6

03 1111001111 8
14 1110111111 9 match 7
25 1100111101 7
36 0101111101 7 match 5
47 1001111101 7
50 1111110011 8
61 1011110111 8
72 0111100010 5

04 1110101111 8
15 1110111111 9 match 7
26 1101011101 7
37 1001111101 7
40 1101110111 8
51 0011100011 5
62 1011110110 7
73 1111001011 7

05 1110111101 8
16 1111011111 9
27 1101111101 8
30 1101110111 8
41 0001110101 5
52 0011100010 4
63 1111111111 a
74 1110101011 7

06 0111001101 6
17 1111111111 a
20 1101111111 9
31 0001110101 5
42 0011110110 6
53 1111001011 7
64 1110111111 9 match 7
75 1110111111 9 match 7

07 1011111101 8
10 1111111111 a
21 1101111101 8
32 0011110110 6
43 1111011111 9
54 1111101011 8
65 1110111111 9 match 7
76 0111001011 6

Matching output
0 absent
1 absent
2 absent
3 absent
4 absent
5 36
6 absent
7 34 24 14 15 64 75 65

Left
none
Best: none

Right
34 23x
24 13x
14 03x
15 04x
64 53x
75 64y
65 54x
Best: OR-NOT34: 1

XOR-NOT
01 0011101101 6
12 1101111100 7
23 0011010110 5
34 1110011111 8
45 1101101001 6
56 0110001011 5
67 0011001011 5
70 1011110001 6

02 0001101110 5
13 0001010101 4
24 0010110110 5
35 1100001001 4
46 0100011101 5
57 1010111111 8
60 0111000101 5
71 0111100011 6

03 1101000111 6 match 2
14 0000110101 4 match 3
25 0000100000 1 match 4
36 0101111101 7 match 5
47 1000101001 4
50 1110110001 6
61 1011010111 7 match 0
72 0101100000 3 match 1

04 1100100111 6
15 0010100011 4
26 1001010100 4
37 1001001001 4
40 1100100111 6
51 0010100011 4
62 1001010100 4
73 1001001001 4

05 1110110001 6
16 1011010111 7 match 0
27 0101100000 3 match 1
30 1101000111 6 match 2
41 0000110101 4 match 3
52 0000100000 1 match 4
63 0101111101 7 match 5
74 1000101001 4

06 0111000101 5
17 0111100011 6
20 0001101110 5
31 0001010101 4
42 0010110110 5
53 1100001001 4
64 0100011101 5
75 1010111111 8

07 1011110001 6
10 0011101101 6
21 1101111100 7
32 0011010110 5
43 1110011111 8
54 1101101001 6
65 0110001011 5
76 0011001011 5

Matching output
0 61 16
1 72 27
2 03 30
3 14 41
4 25 52
5 36 63
6 absent
7 absent

Left
61 72 03 14 25 36 47x
16 27 30 41 52 63 74x
Best: XOR-NOT61 72 03 14 25 36: 6

Right
none
Best: none

Selecting

Lefts
Identity none
NOT none
Constant none
AND none
OR none
XOR none
AND-NOT none
OR-NOT none
XOR-NOT XOR-NOT61 72 03 14 25 36: 6

Rights
Identity none
NOT none
Constant none
AND none
OR OR26: 1
XOR none
AND-NOT none
OR-NOT OR-NOT34: 1
XOR-NOT none

Left longest: 6
Right longest: 1

Left winner: Identity no, NOT no, Constant no, AND no, OR no, XOR no, AND-NOT no, OR-NOT no, XOR-NOT yes
Right winner: Identity no, NOT no, Constant no, AND no, OR yes, XOR no, AND-NOT no, OR-NOT no, XOR-NOT no

Best left: XOR-NOT61 72 03 14 25 36: 6
Best right: OR26: 1

Truncated left: XOR-NOT61 72 03 14 25 36: 6
Truncated right: OR26: 1

Tentative from right
7 OR26
6 pending
5 pending
4 pending
3 pending
2 pending
1 pending
0 pending

Tentative
0 XOR-NOT61
1 XOR-NOT72
2 XOR-NOT03
3 XOR-NOT14
4 XOR-NOT25
5 XOR-NOT36
6 pending
7 OR26

Preferred from left
0 XOR-NOT61
1 XOR-NOT72
2 XOR-NOT03
3 XOR-NOT14
4 XOR-NOT25
5 XOR-NOT36
6 ?47
7 OR26

Preferred from right
7 OR26
6 ?47
5 XOR-NOT36
4 XOR-NOT25
3 XOR-NOT14
2 XOR-NOT03
1 XOR-NOT72
0 XOR-NOT61

Preferred
0 XOR-NOT61
1 XOR-NOT72
2 XOR-NOT03
3 XOR-NOT14
4 XOR-NOT25
5 XOR-NOT36
6 ?47 ?74
7 OR26

Matching
0 XOR-NOT61
1 XOR-NOT72
2 XOR-NOT03
3 XOR-NOT14
4 XOR-NOT25
5 XOR-NOT36
6 ?47 ?74 - Identity absent, NOT absent, Constant absent, AND absent, OR absent, XOR absent, AND-NOT absent, OR-NOT absent, XOR-NOT absent
7 OR26

Perfect match
Identity no
NOT no
Constant no
AND no
OR no
XOR no
AND-NOT no
OR-NOT no
XOR-NOT no

Matched
0 XOR-NOT61
1 XOR-NOT72
2 XOR-NOT03
3 XOR-NOT14
4 XOR-NOT25
5 XOR-NOT36
6 none
7 OR26

Selected
0 XOR-NOT61
1 XOR-NOT72
2 XOR-NOT03
3 XOR-NOT14
4 XOR-NOT25
5 XOR-NOT36
6 default 1
7 OR26

Applying to 00101011
Input
0 0
1 0
2 1
3 0
4 1
5 0
6 1
7 1
Output
0 XOR-NOT61 = XOR(1,NOT(0)) = 0
1 XOR-NOT72 = XOR(1,NOT(1)) = 1
2 XOR-NOT03 = XOR(0,NOT(0)) = 1
3 XOR-NOT14 = XOR(0,NOT(1)) = 0
4 XOR-NOT25 = XOR(1,NOT(0)) = 0
5 XOR-NOT36 = XOR(0,NOT(1)) = 0
6 default 1 = 1
7 OR26 = OR(1,1) = 1

I will now return the answer in \boxed{}
The answer in \boxed{–} is \boxed{01100011}
[correct]
true
