[category]
bit_manipulation
[prompt]
In Alice's Wonderland, a secret bit manipulation rule transforms 8-bit binary numbers. The transformation involves operations like bit shifts, rotations, XOR, AND, OR, NOT, and possibly majority or choice functions.

Here are some examples of input -> output:
10010001 -> 00010011
10111110 -> 10100010
01111000 -> 00100001
10000100 -> 11111110
11000011 -> 00010111
00111100 -> 00010000
10011100 -> 00111010
11010101 -> 00100011
10010101 -> 00110010
01010110 -> 11011011

Now, determine the output for: 01011101
[completion]
We need to deduce the transformation by matching the example outputs.
I will put my final answer inside \boxed{}.

Output 0: 00010011
0 0
1 0
2 0
3 1
4 0
5 0
6 1
7 1

Output 1: 10100010
0 1
1 0
2 1
3 0
4 0
5 0
6 1
7 0

Output 2: 00100001
0 0
1 0
2 1
3 0
4 0
5 0
6 0
7 1

Output 3: 11111110
0 1
1 1
2 1
3 1
4 1
5 1
6 1
7 0

Output 4: 00010111
0 0
1 0
2 0
3 1
4 0
5 1
6 1
7 1

Output 5: 00010000
0 0
1 0
2 0
3 1
4 0
5 0
6 0
7 0

Output 6: 00111010
0 0
1 0
2 1
3 1
4 1
5 0
6 1
7 0

Output 7: 00100011
0 0
1 0
2 1
3 0
4 0
5 0
6 1
7 1

Output 8: 00110010
0 0
1 0
2 1
3 1
4 0
5 0
6 1
7 0

Output 9: 11011011
0 1
1 1
2 0
3 1
4 1
5 0
6 1
7 1

Output bit columns (with bitsum as hash)
0 0101000001 3
1 0001000001 2
2 0111001110 6
3 1001111011 7
4 0001001001 3
5 0001100000 2
6 1101101111 8
7 1010100101 5

Input 0: 10010001
0 1
1 0
2 0
3 1
4 0
5 0
6 0
7 1

Input 1: 10111110
0 1
1 0
2 1
3 1
4 1
5 1
6 1
7 0

Input 2: 01111000
0 0
1 1
2 1
3 1
4 1
5 0
6 0
7 0

Input 3: 10000100
0 1
1 0
2 0
3 0
4 0
5 1
6 0
7 0

Input 4: 11000011
0 1
1 1
2 0
3 0
4 0
5 0
6 1
7 1

Input 5: 00111100
0 0
1 0
2 1
3 1
4 1
5 1
6 0
7 0

Input 6: 10011100
0 1
1 0
2 0
3 1
4 1
5 1
6 0
7 0

Input 7: 11010101
0 1
1 1
2 0
3 1
4 0
5 1
6 0
7 1

Input 8: 10010101
0 1
1 0
2 0
3 1
4 0
5 1
6 0
7 1

Input 9: 01010110
0 0
1 1
2 0
3 1
4 0
5 1
6 1
7 0

When matching output
x: not in operator
y: wrong position

Identity
0 1101101110 7
1 0010100101 4
2 0110010000 3
3 1110011111 8
4 0110011000 4
5 0101011111 7
6 0100100001 3
7 1000100110 4

Matching output
0 absent
1 absent
2 absent
3 absent
4 absent
5 absent
6 absent
7 absent

Left
none
Best: none

Right
none
Best: none

NOT
0 0010010001 3
1 1101011010 6
2 1001101111 7
3 0001100000 2 match 5
4 1001100111 6
5 1010100000 3
6 1011011110 7
7 0111011001 6

Matching output
0 absent
1 absent
2 absent
3 absent
4 absent
5 3
6 absent
7 absent

Left
none
Best: none

Right
none
Best: none

Constant
0 0000000000 a
1 1111111111 a

Matching output
0 absent
1 absent
2 absent
3 absent
4 absent
5 absent
6 absent
7 absent

Left
none
Best: none

Right
none
Best: none

AND
01 10 0000100100 2
12 21 0010000000 1
23 32 0110010000 3
34 43 0110011000 4
45 54 0100011000 3
56 65 0100000001 2
67 76 0000100000 1
70 07 1000100110 4

02 20 0100000000 1
13 31 0010000101 3
24 42 0110010000 3
35 53 0100011111 6
46 64 0100000000 1
57 75 0000000110 2
60 06 0100100000 2
71 17 0000100100 2

03 30 1100001110 5
14 41 0010000000 1
25 52 0100010000 2
36 63 0100000001 2
47 74 0000000000 a
50 05 0101001110 5
61 16 0000100001 2
72 27 0000000000 a

04 40 0100001000 2
15 51 0000000101 2
26 62 0100000000 1
37 73 1000000110 3

Matching output
0 absent
1 absent
2 absent
3 absent
4 absent
5 absent
6 absent
7 absent

Left
none
Best: none

Right
none
Best: none

OR
01 10 1111101111 9
12 21 0110110101 6
23 32 1110011111 8
34 43 1110011111 8
45 54 0111011111 8
56 65 0101111111 8
67 76 1100100111 6
70 07 1101101110 7

02 20 1111111110 9
13 31 1110111111 9
24 42 0110011000 4
35 53 1111011111 9
46 64 0110111001 6
57 75 1101111111 9
60 06 1101101111 8 match 6
71 17 1010100111 6

03 30 1111111111 a
14 41 0110111101 7
25 52 0111011111 8
36 63 1110111111 9
47 74 1110111110 8
50 05 1101111111 9
61 16 0110100101 5
72 27 1110110110 7

04 40 1111111110 9
15 51 0111111111 9
26 62 0110110001 5
37 73 1110111111 9

Matching output
0 absent
1 absent
2 absent
3 absent
4 absent
5 absent
6 60 06
7 absent

Left
none
Best: none

Right
none
Best: none

XOR
01 10 1111001011 7
12 21 0100110101 5
23 32 1000001111 5
34 43 1000000111 4
45 54 0011000111 5
56 65 0001111110 6
67 76 1100000111 5
70 07 0101001000 3

02 20 1011111110 8
13 31 1100111010 6
24 42 0000001000 1
35 53 1011000000 3
46 64 0010111001 5
57 75 1101111001 7
60 06 1001001111 6
71 17 1010000011 4

03 30 0011110001 5
14 41 0100111101 6
25 52 0011001111 6
36 63 1010111110 7
47 74 1110111110 8
50 05 1000110001 4
61 16 0110000100 3
72 27 1110110110 7

04 40 1011110110 7
15 51 0111111010 7
26 62 0010110001 4
37 73 0110111001 6

Matching output
0 absent
1 absent
2 absent
3 absent
4 absent
5 absent
6 absent
7 absent

Left
none
Best: none

Right
none
Best: none

AND-NOT
01 1101001010 5
12 0000100101 3
23 0000000000 a
34 1000000111 4
45 0010000000 1
56 0001011110 5
67 0100000001 2
70 0000000000 a

02 1001101110 6
13 0000100000 1
24 0000000000 a
35 1010000000 2
46 0010011000 3
57 0101011001 5
60 0000000001 1
71 1000000010 2

03 0001100000 2 match 5
14 0000100101 3
25 0010000000 1
36 1010011110 6
47 0110011000 4
50 0000010001 2
61 0100000000 1
72 1000100110 4

04 1001100110 5
15 0010100000 2
26 0010010000 2
37 0110011001 5
40 0010010000 2
51 0101011010 5
62 0000100001 2
73 0000100000 1

05 1000100000 2
16 0010000100 2
27 0110010000 3
30 0010010001 3
41 0100011000 3
52 0001001111 5
63 0000100000 1
74 1000100110 4

06 1001001110 5
17 0010000001 2
20 0010010000 2
31 1100011010 5
42 0000001000 1
53 0001000000 1
64 0000100001 2
75 1000100000 2

07 0101001000 3
10 0010000001 2
21 0100010000 2
32 1000001111 5
43 0000000000 a
54 0001000111 4
65 0000100000 1
76 1000000110 3

Matching output
0 absent
1 absent
2 absent
3 absent
4 absent
5 03
6 absent
7 absent

Left
none
Best: none

Right
none
Best: none

OR-NOT
01 1101111110 8
12 1011101111 8
23 0111110000 5
34 1111111111 a
45 1110111000 6
56 1111011111 9
67 0111111001 7
70 1010110111 7

02 1101101111 8 match 6
13 0011100101 5
24 1111110111 9
35 1110111111 9
46 1111011110 8
57 0111011111 8
60 0110110001 5
71 1101111110 8

03 1101101110 7
14 1011100111 7
25 1110110000 5
36 1111011111 9
47 0111011001 6
50 0111011111 8
61 1101111011 8
72 1001101111 7

04 1101101111 8 match 6
15 1010100101 5 match 7
26 1111011110 8
37 1111011111 9
40 0110011001 5
51 1101011111 8
62 1101101111 8 match 6
73 1001100110 5

05 1111101110 8
16 1011111111 9
27 0111011001 6
30 1110011111 8
41 1111011010 7
52 1101111111 9
63 0101100001 4
74 1001100111 6

06 1111111110 9
17 0111111101 8
20 0110010001 4
31 1111011111 9
42 1111111111 a
53 0101111111 8
64 1101100111 7
75 1010100110 5

07 1111111111 a
10 0010110101 5
21 1111011010 7
32 1111111111 a
43 0111111000 6
54 1101111111 9
65 1110100001 5
76 1011111110 8

Matching output
0 absent
1 absent
2 absent
3 absent
4 absent
5 absent
6 02 04 62
7 15

Left
none
Best: none

Right
15 04 73x
Best: OR-NOT15 04: 2

XOR-NOT
01 0000110100 3
12 1011001010 5
23 0111110000 5
34 0111111000 6
45 1100111000 5
56 1110000001 4
67 0011111000 5
70 1010110111 7

02 0100000001 2
13 0011000101 4
24 1111110111 9
35 0100111111 7
46 1101000110 5
57 0010000110 3
60 0110110000 4
71 0101111100 6

03 1100001110 5
14 1011000010 4
25 1100110000 4
36 0101000001 3 match 0
47 0001000001 2 match 1
50 0111001110 6 match 2
61 1001111011 7 match 3
72 0001001001 3 match 4

04 0100001001 3
15 1000000101 3
26 1101001110 6
37 1001000110 4
40 0100001001 3
51 1000000101 3
62 1101001110 6
73 1001000110 4

05 0111001110 6 match 2
16 1001111011 7 match 3
27 0001001001 3 match 4
30 1100001110 5
41 1011000010 4
52 1100110000 4
63 0101000001 3 match 0
74 0001000001 2 match 1

06 0110110000 4
17 0101111100 6
20 0100000001 2
31 0011000101 4
42 1111110111 9
53 0100111111 7
64 1101000110 5
75 0010000110 3

07 1010110111 7
10 0000110100 3
21 1011001010 5
32 0111110000 5
43 0111111000 6
54 1100111000 5
65 1110000001 4
76 0011111000 5

Matching output
0 36 63
1 47 74
2 50 05
3 61 16
4 72 27
5 absent
6 absent
7 absent

Left
36 47 50 61 72 03x
63 74 05 16 27 30x
Best: XOR-NOT36 47 50 61 72: 5

Right
none
Best: none

Selecting

Lefts
Identity none
NOT none
Constant none
AND none
OR none
XOR none
AND-NOT none
OR-NOT none
XOR-NOT XOR-NOT36 47 50 61 72: 5

Rights
Identity none
NOT none
Constant none
AND none
OR none
XOR none
AND-NOT none
OR-NOT OR-NOT15 04: 2
XOR-NOT none

Left longest: 5
Right longest: 2

Left winner: Identity no, NOT no, Constant no, AND no, OR no, XOR no, AND-NOT no, OR-NOT no, XOR-NOT yes
Right winner: Identity no, NOT no, Constant no, AND no, OR no, XOR no, AND-NOT no, OR-NOT yes, XOR-NOT no

Best left: XOR-NOT36 47 50 61 72: 5
Best right: OR-NOT15 04: 2

Truncated left: XOR-NOT36 47 50 61 72: 5
Truncated right: OR-NOT15 04: 2

Tentative from right
7 OR-NOT15
6 OR-NOT04
5 pending
4 pending
3 pending
2 pending
1 pending
0 pending

Tentative
0 XOR-NOT36
1 XOR-NOT47
2 XOR-NOT50
3 XOR-NOT61
4 XOR-NOT72
5 pending
6 OR-NOT04
7 OR-NOT15

Preferred from left
0 XOR-NOT36
1 XOR-NOT47
2 XOR-NOT50
3 XOR-NOT61
4 XOR-NOT72
5 ?03
6 OR-NOT04
7 OR-NOT15

Preferred from right
7 OR-NOT15
6 OR-NOT04
5 ?03
4 XOR-NOT72
3 XOR-NOT61
2 XOR-NOT50
1 XOR-NOT47
0 XOR-NOT36

Preferred
0 XOR-NOT36
1 XOR-NOT47
2 XOR-NOT50
3 XOR-NOT61
4 XOR-NOT72
5 ?03 ?30
6 OR-NOT04
7 OR-NOT15

Matching
0 XOR-NOT36
1 XOR-NOT47
2 XOR-NOT50
3 XOR-NOT61
4 XOR-NOT72
5 ?03 ?30 - Identity absent, NOT NOT3, Constant absent, AND absent, OR absent, XOR absent, AND-NOT03, OR-NOT absent, XOR-NOT absent
6 OR-NOT04
7 OR-NOT15

Perfect match
Identity no
NOT yes
Constant no
AND no
OR no
XOR no
AND-NOT no
OR-NOT no
XOR-NOT no

Matched
0 XOR-NOT36
1 XOR-NOT47
2 XOR-NOT50
3 XOR-NOT61
4 XOR-NOT72
5 NOT3
6 OR-NOT04
7 OR-NOT15

Selected
0 XOR-NOT36
1 XOR-NOT47
2 XOR-NOT50
3 XOR-NOT61
4 XOR-NOT72
5 NOT3
6 OR-NOT04
7 OR-NOT15

Applying to 01011101
Input
0 0
1 1
2 0
3 1
4 1
5 1
6 0
7 1
Output
0 XOR-NOT36 = XOR(1,NOT(0)) = 0
1 XOR-NOT47 = XOR(1,NOT(1)) = 1
2 XOR-NOT50 = XOR(1,NOT(0)) = 0
3 XOR-NOT61 = XOR(0,NOT(1)) = 0
4 XOR-NOT72 = XOR(1,NOT(0)) = 0
5 NOT3 = NOT(1) = 0
6 OR-NOT04 = OR(0,NOT(1)) = 0
7 OR-NOT15 = OR(1,NOT(1)) = 1

I will now return the answer in \boxed{}
The answer in \boxed{–} is \boxed{01000001}
[correct]
true
