[category]
bit_manipulation
[prompt]
In Alice's Wonderland, a secret bit manipulation rule transforms 8-bit binary numbers. The transformation involves operations like bit shifts, rotations, XOR, AND, OR, NOT, and possibly majority or choice functions.

Here are some examples of input -> output:
00101110 -> 00000011
10100100 -> 00000000
01001101 -> 00000010
01000000 -> 00000000
10010110 -> 00000001
01011101 -> 00000110
00111111 -> 10001111

Now, determine the output for: 01100100
[completion]
We need to deduce the transformation by matching the example outputs.
I will put my final answer inside \boxed{}.

Output 0: 00000011
0 0
1 0
2 0
3 0
4 0
5 0
6 1
7 1

Output 1: 00000000
0 0
1 0
2 0
3 0
4 0
5 0
6 0
7 0

Output 2: 00000010
0 0
1 0
2 0
3 0
4 0
5 0
6 1
7 0

Output 3: 00000000
0 0
1 0
2 0
3 0
4 0
5 0
6 0
7 0

Output 4: 00000001
0 0
1 0
2 0
3 0
4 0
5 0
6 0
7 1

Output 5: 00000110
0 0
1 0
2 0
3 0
4 0
5 1
6 1
7 0

Output 6: 10001111
0 1
1 0
2 0
3 0
4 1
5 1
6 1
7 1

Output bit columns (with bitsum as hash)
0 0000001 1
1 0000000 a
2 0000000 a
3 0000000 a
4 0000001 1
5 0000011 2
6 1010011 4
7 1000101 3

Input 0: 00101110
0 0
1 0
2 1
3 0
4 1
5 1
6 1
7 0

Input 1: 10100100
0 1
1 0
2 1
3 0
4 0
5 1
6 0
7 0

Input 2: 01001101
0 0
1 1
2 0
3 0
4 1
5 1
6 0
7 1

Input 3: 01000000
0 0
1 1
2 0
3 0
4 0
5 0
6 0
7 0

Input 4: 10010110
0 1
1 0
2 0
3 1
4 0
5 1
6 1
7 0

Input 5: 01011101
0 0
1 1
2 0
3 1
4 1
5 1
6 0
7 1

Input 6: 00111111
0 0
1 0
2 1
3 1
4 1
5 1
6 1
7 1

When matching output
x: not in operator
y: wrong position

Identity
0 0100100 2
1 0011010 3
2 1100001 3
3 0000111 3
4 1010011 4 match 6
5 1110111 6
6 1000101 3 match 7
7 0010011 3

Matching output
0 absent
1 absent
2 absent
3 absent
4 absent
5 absent
6 4
7 6

Left
none
Best: none

Right
6 5x
Best: I6: 1

NOT
0 1011011 5
1 1100101 4
2 0011110 4
3 1111000 4
4 0101100 3
5 0001000 1
6 0111010 4
7 1101100 4

Matching output
0 absent
1 absent
2 absent
3 absent
4 absent
5 absent
6 absent
7 absent

Left
none
Best: none

Right
none
Best: none

Constant
0 0000000 a match 1 2 3
1 1111111 a

Matching output
0 absent
1 C0
2 C0
3 C0
4 absent
5 absent
6 absent
7 absent

Left
none
Best: none

Right
none
Best: none

AND
01 10 0000000 a match 1 2 3
12 21 0000000 a match 1 2 3
23 32 0000001 1 match 0 4
34 43 0000011 2 match 5
45 54 1010011 4 match 6
56 65 1000101 3 match 7
67 76 0000001 1 match 0 4
70 07 0000000 a match 1 2 3

02 20 0100000 1
13 31 0000010 1
24 42 1000001 2
35 53 0000111 3
46 64 1000001 2
57 75 0010011 3
60 06 0000100 1
71 17 0010010 2

03 30 0000100 1
14 41 0010010 2
25 52 1100001 3
36 63 0000101 2
47 74 0010011 3
50 05 0100100 2
61 16 0000000 a match 1 2 3
72 27 0000001 1 match 0 4

04 40 0000000 a match 1 2 3
15 51 0010010 2
26 62 1000001 2
37 73 0000011 2 match 5

Matching output
0 23 32 67 76 72 27
1 01 10 12 21 70 07 61 16 04 40
2 01 10 12 21 70 07 61 16 04 40
3 01 10 12 21 70 07 61 16 04 40
4 23 32 67 76 72 27
5 34 43 37 73
6 45 54
7 56 65

Left
23 34y
32 43y
67 70 01 12 23 34 45 56
76 07 10 21 32 43 54 65
72 03x
27 30x
Best: AND67 70 01 12 23 34 45 56: 8

Right
56 45 34 23 12 01 70 67
65 54 43 32 21 10 07 76
Best: AND56 45 34 23 12 01 70 67: 8

OR
01 10 0111110 5
12 21 1111011 6
23 32 1100111 5
34 43 1010111 5
45 54 1110111 6
56 65 1110111 6
67 76 1010111 5
70 07 0110111 5

02 20 1100101 4
13 31 0011111 5
24 42 1110011 5
35 53 1110111 6
46 64 1010111 5
57 75 1110111 6
60 06 1100101 4
71 17 0011011 4

03 30 0100111 4
14 41 1011011 5
25 52 1110111 6
36 63 1000111 4
47 74 1010011 4 match 6
50 05 1110111 6
61 16 1011111 6
72 27 1110011 5

04 40 1110111 6
15 51 1111111 a
26 62 1100101 4
37 73 0010111 4

Matching output
0 absent
1 absent
2 absent
3 absent
4 absent
5 absent
6 47 74
7 absent

Left
none
Best: none

Right
none
Best: none

XOR
01 10 0111110 5
12 21 1111011 6
23 32 1100110 4
34 43 1010100 3
45 54 0100100 2
56 65 0110010 3
67 76 1010110 4
70 07 0110111 5

02 20 1000101 3 match 7
13 31 0011101 4
24 42 0110010 3
35 53 1110000 3
46 64 0010110 3
57 75 1100100 3
60 06 1100001 3
71 17 0001001 2

03 30 0100011 3
14 41 1001001 3
25 52 0010110 3
36 63 1000010 2
47 74 1000000 1
50 05 1010011 4 match 6
61 16 1011111 6
72 27 1110010 4

04 40 1110111 6
15 51 1101101 5
26 62 0100100 2
37 73 0010100 2

Matching output
0 absent
1 absent
2 absent
3 absent
4 absent
5 absent
6 50 05
7 02 20

Left
none
Best: none

Right
02 71x
20 17x
Best: XOR02: 1

AND-NOT
01 0100100 2
12 0011010 3
23 1100000 2
34 0000100 1
45 0000000 a match 1 2 3
56 0110010 3
67 1000100 2
70 0010011 3

02 0000100 1
13 0011000 2
24 0100000 1
35 0000000 a match 1 2 3
46 0010010 2
57 1100100 3
60 1000001 2
71 0000001 1 match 0 4

03 0100000 1
14 0001000 1
25 0000000 a match 1 2 3
36 0000010 1
47 1000000 1
50 1010011 4 match 6
61 1000101 3 match 7
72 0010010 2

04 0100100 2
15 0001000 1
26 0100000 1
37 0000100 1
40 1010011 4 match 6
51 1100101 4
62 0000100 1
73 0010000 1

05 0000000 a match 1 2 3
16 0011010 3
27 1100000 2
30 0000011 2 match 5
41 1000001 2
52 0010110 3
63 1000000 1
74 0000000 a match 1 2 3

06 0100000 1
17 0001000 1
20 1000001 2
31 0000101 2
42 0010010 2
53 1110000 3
64 0000100 1
75 0000000 a match 1 2 3

07 0100100 2
10 0011010 3
21 1100001 3
32 0000110 2
43 1010000 2
54 0100100 2
65 0000000 a match 1 2 3
76 0010010 2

Matching output
0 71
1 45 35 25 05 74 75 65
2 45 35 25 05 74 75 65
3 45 35 25 05 74 75 65
4 71
5 30
6 50 40
7 61

Left
71 02x
Best: AND-NOT71: 1

Right
61 50 47x
Best: AND-NOT61 50: 2

OR-NOT
01 1100101 4
12 0011110 4
23 1111001 5
34 0101111 5
45 1011011 5
56 1111111 a
67 1101101 5
70 1011011 5

02 0111110 5
13 1111010 5
24 1101101 5
35 0001111 4
46 1111011 6
57 1111111 a
60 1011111 6
71 1110111 6

03 1111100 5
14 0111110 5
25 1101001 4
36 0111111 6
47 1111111 a
50 1111111 a
61 1100101 4
72 0011111 5

04 0101100 3
15 0011010 3
26 1111011 6
37 1101111 6
40 1011011 5
51 1110111 6
62 1011111 6
73 1111011 6

05 0101100 3
16 0111010 4
27 1101101 5
30 1011111 6
41 1110111 6
52 1111111 a
63 1111101 6
74 0111111 6

06 0111110 5
17 1111110 6
20 1111011 6
31 1100111 5
42 1011111 6
53 1111111 a
64 1101101 5
75 0011011 4

07 1101100 4
10 1011011 5
21 1100101 4
32 0011111 5
43 1111011 6
54 1111111 a
65 1001101 4
76 0111011 5

Matching output
0 absent
1 absent
2 absent
3 absent
4 absent
5 absent
6 absent
7 absent

Left
none
Best: none

Right
none
Best: none

XOR-NOT
01 1000001 2
12 0000100 1
23 0011001 3
34 0101011 4
45 1011011 5
56 1001101 4
67 0101001 3
70 1001000 2

02 0111010 4
13 1100010 3
24 1001101 4
35 0001111 4
46 1101001 4
57 0011011 4
60 0011110 4
71 1110110 5

03 1011100 4
14 0110110 4
25 1101001 4
36 0111101 5
47 0111111 6
50 0101100 3
61 0100000 1
72 0001101 3

04 0001000 1
15 0010010 2
26 1011011 5
37 1101011 5
40 0001000 1
51 0010010 2
62 1011011 5
73 1101011 5

05 0101100 3
16 0100000 1
27 0001101 3
30 1011100 4
41 0110110 4
52 1101001 4
63 0111101 5
74 0111111 6

06 0011110 4
17 1110110 5
20 0111010 4
31 1100010 3
42 1001101 4
53 0001111 4
64 1101001 4
75 0011011 4

07 1001000 2
10 1000001 2
21 0000100 1
32 0011001 3
43 0101011 4
54 1011011 5
65 1001101 4
76 0101001 3

Matching output
0 absent
1 absent
2 absent
3 absent
4 absent
5 absent
6 absent
7 absent

Left
none
Best: none

Right
none
Best: none

Selecting

Lefts
Identity none
NOT none
Constant none
AND AND67 70 01 12 23 34 45 56: 8
OR none
XOR none
AND-NOT AND-NOT71: 1
OR-NOT none
XOR-NOT none

Rights
Identity I6: 1
NOT none
Constant none
AND AND56 45 34 23 12 01 70 67: 8
OR none
XOR XOR02: 1
AND-NOT AND-NOT61 50: 2
OR-NOT none
XOR-NOT none

Left longest: 8
Right longest: 8

Left winner: Identity no, NOT no, Constant no, AND yes, OR no, XOR no, AND-NOT no, OR-NOT no, XOR-NOT no
Right winner: Identity no, NOT no, Constant no, AND yes, OR no, XOR no, AND-NOT no, OR-NOT no, XOR-NOT no

Best left: AND67 70 01 12 23 34 45 56: 8
Best right: AND56 45 34 23 12 01 70 67: 8

Truncated left: AND67 70 01 12 23 34 45 56: 8
Truncated right: none truncated

Tentative from right
7 pending
6 pending
5 pending
4 pending
3 pending
2 pending
1 pending
0 pending

Tentative
0 AND67
1 AND70
2 AND01
3 AND12
4 AND23
5 AND34
6 AND45
7 AND56

Preferred from left
0 AND67
1 AND70
2 AND01
3 AND12
4 AND23
5 AND34
6 AND45
7 AND56

Preferred from right
7 AND56
6 AND45
5 AND34
4 AND23
3 AND12
2 AND01
1 AND70
0 AND67

Preferred
0 AND67
1 AND70
2 AND01
3 AND12
4 AND23
5 AND34
6 AND45
7 AND56

Matching
0 AND67
1 AND70
2 AND01
3 AND12
4 AND23
5 AND34
6 AND45
7 AND56

Perfect match
Identity no
NOT no
Constant no
AND no
OR no
XOR no
AND-NOT no
OR-NOT no
XOR-NOT no

Matched
0 AND67
1 AND70
2 AND01
3 AND12
4 AND23
5 AND34
6 AND45
7 AND56

Selected
0 AND67
1 AND70
2 AND01
3 AND12
4 AND23
5 AND34
6 AND45
7 AND56

Applying to 01100100
Input
0 0
1 1
2 1
3 0
4 0
5 1
6 0
7 0
Output
0 AND67 = AND(0,0) = 0
1 AND70 = AND(0,0) = 0
2 AND01 = AND(0,1) = 0
3 AND12 = AND(1,1) = 1
4 AND23 = AND(1,0) = 0
5 AND34 = AND(0,0) = 0
6 AND45 = AND(0,1) = 0
7 AND56 = AND(1,0) = 0

I will now return the answer in \boxed{}
The answer in \boxed{–} is \boxed{00010000}
[correct]
true
