[category]
bit_manipulation
[prompt]
In Alice's Wonderland, a secret bit manipulation rule transforms 8-bit binary numbers. The transformation involves operations like bit shifts, rotations, XOR, AND, OR, NOT, and possibly majority or choice functions.

Here are some examples of input -> output:
01100110 -> 00110011
10001001 -> 01000100
01111111 -> 10111111
00101000 -> 00010100
01000111 -> 10100011
11101110 -> 01110111
11001010 -> 01100101
11111001 -> 01111100
00011001 -> 00001100

Now, determine the output for: 01010100
[completion]
We need to deduce the transformation by matching the example outputs.
I will put my final answer inside \boxed{}.

Output 0: 00110011
0 0
1 0
2 1
3 1
4 0
5 0
6 1
7 1

Output 1: 01000100
0 0
1 1
2 0
3 0
4 0
5 1
6 0
7 0

Output 2: 10111111
0 1
1 0
2 1
3 1
4 1
5 1
6 1
7 1

Output 3: 00010100
0 0
1 0
2 0
3 1
4 0
5 1
6 0
7 0

Output 4: 10100011
0 1
1 0
2 1
3 0
4 0
5 0
6 1
7 1

Output 5: 01110111
0 0
1 1
2 1
3 1
4 0
5 1
6 1
7 1

Output 6: 01100101
0 0
1 1
2 1
3 0
4 0
5 1
6 0
7 1

Output 7: 01111100
0 0
1 1
2 1
3 1
4 1
5 1
6 0
7 0

Output 8: 00001100
0 0
1 0
2 0
3 0
4 1
5 1
6 0
7 0

Output bit columns (with bitsum as hash)
0 001010000 2
1 010001110 4
2 101011110 6
3 101101010 5
4 001000011 3
5 011101111 7
6 101011000 4
7 101011100 5

Input 0: 01100110
0 0
1 1
2 1
3 0
4 0
5 1
6 1
7 0

Input 1: 10001001
0 1
1 0
2 0
3 0
4 1
5 0
6 0
7 1

Input 2: 01111111
0 0
1 1
2 1
3 1
4 1
5 1
6 1
7 1

Input 3: 00101000
0 0
1 0
2 1
3 0
4 1
5 0
6 0
7 0

Input 4: 01000111
0 0
1 1
2 0
3 0
4 0
5 1
6 1
7 1

Input 5: 11101110
0 1
1 1
2 1
3 0
4 1
5 1
6 1
7 0

Input 6: 11001010
0 1
1 1
2 0
3 0
4 1
5 0
6 1
7 0

Input 7: 11111001
0 1
1 1
2 1
3 1
4 1
5 0
6 0
7 1

Input 8: 00011001
0 0
1 0
2 0
3 1
4 1
5 0
6 0
7 1

When matching output
x: not in operator
y: wrong position

Identity
0 010001110 4 match 1
1 101011110 6 match 2
2 101101010 5 match 3
3 001000011 3 match 4
4 011101111 7 match 5
5 101011000 4 match 6
6 101011100 5 match 7
7 011010011 5

Matching output
0 absent
1 0
2 1
3 2
4 3
5 4
6 5
7 6

Left
none
Best: none

Right
6 5 4 3 2 1 0 7x
Best: I6 5 4 3 2 1 0: 7

NOT
0 101110001 5
1 010100001 3
2 010010101 4
3 110111100 6
4 100010000 2
5 010100111 5
6 010100011 4
7 100101100 4

Matching output
0 absent
1 absent
2 absent
3 absent
4 absent
5 absent
6 absent
7 absent

Left
none
Best: none

Right
none
Best: none

Constant
0 000000000 a
1 111111111 a

Matching output
0 absent
1 absent
2 absent
3 absent
4 absent
5 absent
6 absent
7 absent

Left
none
Best: none

Right
none
Best: none

AND
01 10 000001110 3
12 21 101001010 4
23 32 001000010 2
34 43 001000011 3 match 4
45 54 001001000 2
56 65 101011000 4 match 6
67 76 001010000 2 match 0
70 07 010000010 2

02 20 000001010 2
13 31 001000010 2
24 42 001101010 4
35 53 001000000 1
46 64 001001100 3
57 75 001010000 2 match 0
60 06 000001100 2
71 17 001010010 3

03 30 000000010 1
14 41 001001110 4
25 52 101001000 3
36 63 001000000 1
47 74 011000011 4
50 05 000001000 1
61 16 101011100 5 match 7
72 27 001000010 2

04 40 010001110 4 match 1
15 51 101011000 4 match 6
26 62 101001000 3
37 73 001000011 3 match 4

Matching output
0 67 76 57 75
1 04 40
2 absent
3 absent
4 34 43 37 73
5 absent
6 56 65 15 51
7 61 16

Left
67 70x
76 07x
57 60x
75 06x
Best: AND67: 1

Right
61 50x
16 05x
Best: AND61: 1

OR
01 10 111011110 7
12 21 101111110 7
23 32 101101011 6
34 43 011101111 7 match 5
45 54 111111111 a
56 65 101011100 5 match 7
67 76 111011111 8
70 07 011011111 7

02 20 111101110 7
13 31 101011111 7
24 42 111101111 8
35 53 101011011 6
46 64 111111111 a
57 75 111011011 7
60 06 111011110 7
71 17 111011111 8

03 30 011001111 6
14 41 111111111 a
25 52 101111010 6
36 63 101011111 7
47 74 011111111 8
50 05 111011110 7
61 16 101011110 6 match 2
72 27 111111011 8

04 40 011101111 7 match 5
15 51 101011110 6 match 2
26 62 101111110 7
37 73 011010011 5

Matching output
0 absent
1 absent
2 61 16 15 51
3 absent
4 absent
5 34 43 04 40
6 absent
7 56 65

Left
none
Best: none

Right
56 45x
65 54x
Best: OR56: 1

XOR
01 10 111010000 4
12 21 000110100 3
23 32 100101001 4
34 43 010101100 4
45 54 110110111 7
56 65 000000100 1
67 76 110001111 6
70 07 001011101 5

02 20 111100100 5
13 31 100011101 5
24 42 110000101 4
35 53 100011011 5
46 64 110110011 6
57 75 110001011 5
60 06 111010010 5
71 17 110001101 5

03 30 011001101 5
14 41 110110001 5
25 52 000110010 3
36 63 100011111 6
47 74 000111100 4
50 05 111010110 6
61 16 000000010 1
72 27 110111001 6

04 40 001100001 3
15 51 000000110 2
26 62 000110110 4
37 73 010010000 2

Matching output
0 absent
1 absent
2 absent
3 absent
4 absent
5 absent
6 absent
7 absent

Left
none
Best: none

Right
none
Best: none

AND-NOT
01 010000000 1
12 000010100 2
23 100101000 3
34 000000000 a
45 010100111 5
56 000000000 a
67 100001100 3
70 001010001 3

02 010000100 2
13 100011100 4
24 100000000 1
35 000000011 2
46 010100011 4
57 100001000 2
60 101010000 3
71 010000001 2

03 010001100 3
14 100010000 2
25 000100010 2
36 000000011 2
47 000101100 3
50 101010000 3
61 000000000 a
72 010010001 3

04 000000000 a
15 000000110 2
26 000100010 2
37 000000000 a
40 001100001 3
51 000000000 a
62 000010100 2
73 010010000 2

05 010000110 3
16 000000010 1
27 100101000 3
30 001000001 2
41 010100001 3
52 000010000 1
63 100011100 4
74 000010000 1

06 010000010 2
17 100001100 3
20 101100000 3
31 000000001 1
42 010000101 3
53 100011000 3
64 100010000 2
75 010000011 3

07 000001100 2
10 101010000 3
21 000100000 1
32 000000001 1
43 010101100 4
54 100010000 2
65 000000100 1
76 010000011 3

Matching output
0 absent
1 absent
2 absent
3 absent
4 absent
5 absent
6 absent
7 absent

Left
none
Best: none

Right
none
Best: none

OR-NOT
01 010101111 6
12 111011111 8
23 111111110 8
34 101010011 5
45 011101111 7 match 5
56 111111011 8
67 101111100 6
70 111110011 7

02 010011111 6
13 111111110 8
24 101111010 6
35 011100111 6
46 011101111 7 match 5
57 101111100 6
60 101111101 7
71 011110011 6

03 110111110 7
14 101011110 6 match 2
25 111101111 8
36 011100011 5
47 111101111 8
50 101111001 6
61 111111101 8
72 011010111 6

04 110011110 6
15 111111111 a
26 111101011 7
37 101101111 7
40 111111111 a
51 111111001 7
62 111011101 7
73 111111111 a

05 010101111 6
16 111111111 a
27 101101110 6
30 101110011 6
41 011101111 7 match 5
52 111011101 7
63 111111100 7
74 111010011 6

06 010101111 6
17 101111110 7
20 101111011 7
31 011100011 5
42 011111111 8
53 111111100 7
64 101011100 5 match 7
75 011110111 7

07 110101110 6
10 101111111 8
21 111101011 7
32 011010111 6
43 111111111 a
54 101011000 4 match 6
65 111111111 a
76 011110011 6

Matching output
0 absent
1 absent
2 14
3 absent
4 absent
5 45 46 41
6 54
7 64

Left
none
Best: none

Right
64 53x
Best: OR-NOT64: 1

XOR-NOT
01 000101111 5
12 111001011 6
23 011010110 5
34 101010011 5
45 001001000 2
56 111111011 8
67 001110000 3
70 110100010 4

02 000011011 4
13 011100010 4
24 001111010 5
35 011100100 4
46 001001100 3
57 001110100 4
60 000101101 4
71 001110010 4

03 100110010 4
14 001001110 4
25 111001101 6
36 011100000 3
47 111000011 5
50 000101001 3
61 111111101 8
72 001000110 3

04 110011110 6
15 111111001 7
26 111001001 5
37 101101111 7
40 110011110 6
51 111111001 7
62 111001001 5
73 101101111 7

05 000101001 3
16 111111101 8
27 001000110 3
30 100110010 4
41 001001110 4
52 111001101 6
63 011100000 3
74 111000011 5

06 000101101 4
17 001110010 4
20 000011011 4
31 011100010 4
42 001111010 5
53 011100100 4
64 001001100 3
75 001110100 4

07 110100010 4
10 000101111 5
21 111001011 6
32 011010110 5
43 101010011 5
54 001001000 2
65 111111011 8
76 001110000 3

Matching output
0 absent
1 absent
2 absent
3 absent
4 absent
5 absent
6 absent
7 absent

Left
none
Best: none

Right
none
Best: none

Selecting

Lefts
Identity none
NOT none
Constant none
AND AND67: 1
OR none
XOR none
AND-NOT none
OR-NOT none
XOR-NOT none

Rights
Identity I6 5 4 3 2 1 0: 7
NOT none
Constant none
AND AND61: 1
OR OR56: 1
XOR none
AND-NOT none
OR-NOT OR-NOT64: 1
XOR-NOT none

Left longest: 1
Right longest: 7

Right winner: Identity yes, NOT no, Constant no, AND no, OR no, XOR no, AND-NOT no, OR-NOT no, XOR-NOT no
Left winner: Identity no, NOT no, Constant no, AND yes, OR no, XOR no, AND-NOT no, OR-NOT no, XOR-NOT no

Best right: I6 5 4 3 2 1 0: 7
Best left: AND67: 1

Truncated right: I6 5 4 3 2 1 0: 7
Truncated left: AND67: 1

Tentative from right
7 I6
6 I5
5 I4
4 I3
3 I2
2 I1
1 I0
0 pending

Tentative
0 AND67
1 I0
2 I1
3 I2
4 I3
5 I4
6 I5
7 I6

Preferred from right
7 I6
6 I5
5 I4
4 I3
3 I2
2 I1
1 I0
0 AND67

Preferred from left
0 AND67
1 I0
2 I1
3 I2
4 I3
5 I4
6 I5
7 I6

Preferred
0 AND67
1 I0
2 I1
3 I2
4 I3
5 I4
6 I5
7 I6

Matching
0 AND67
1 I0
2 I1
3 I2
4 I3
5 I4
6 I5
7 I6

Perfect match
Identity no
NOT no
Constant no
AND no
OR no
XOR no
AND-NOT no
OR-NOT no
XOR-NOT no

Matched
0 AND67
1 I0
2 I1
3 I2
4 I3
5 I4
6 I5
7 I6

Selected
0 AND67
1 I0
2 I1
3 I2
4 I3
5 I4
6 I5
7 I6

Applying to 01010100
Input
0 0
1 1
2 0
3 1
4 0
5 1
6 0
7 0
Output
0 AND67 = AND(0,0) = 0
1 I0 = 0
2 I1 = 1
3 I2 = 0
4 I3 = 1
5 I4 = 0
6 I5 = 1
7 I6 = 0

I will now return the answer in \boxed{}
The answer in \boxed{–} is \boxed{00101010}
[correct]
true
