[category]
bit_manipulation
[prompt]
In Alice's Wonderland, a secret bit manipulation rule transforms 8-bit binary numbers. The transformation involves operations like bit shifts, rotations, XOR, AND, OR, NOT, and possibly majority or choice functions.

Here are some examples of input -> output:
01110000 -> 11100011
00101100 -> 01011001
01011011 -> 10110100
11111000 -> 11110111
01110110 -> 11101111
11110001 -> 11100101
01111110 -> 11111111

Now, determine the output for: 01001001
[completion]
We need to deduce the transformation by matching the example outputs.
I will put my final answer inside \boxed{}.

Output 0: 11100011
0 1
1 1
2 1
3 0
4 0
5 0
6 1
7 1

Output 1: 01011001
0 0
1 1
2 0
3 1
4 1
5 0
6 0
7 1

Output 2: 10110100
0 1
1 0
2 1
3 1
4 0
5 1
6 0
7 0

Output 3: 11110111
0 1
1 1
2 1
3 1
4 0
5 1
6 1
7 1

Output 4: 11101111
0 1
1 1
2 1
3 0
4 1
5 1
6 1
7 1

Output 5: 11100101
0 1
1 1
2 1
3 0
4 0
5 1
6 0
7 1

Output 6: 11111111
0 1
1 1
2 1
3 1
4 1
5 1
6 1
7 1

Output bit columns (with bitsum as hash)
0 1011111 6
1 1101111 6
2 1011111 6
3 0111001 4
4 0100101 3
5 0011111 5
6 1001101 4
7 1101111 6

Input 0: 01110000
0 0
1 1
2 1
3 1
4 0
5 0
6 0
7 0

Input 1: 00101100
0 0
1 0
2 1
3 0
4 1
5 1
6 0
7 0

Input 2: 01011011
0 0
1 1
2 0
3 1
4 1
5 0
6 1
7 1

Input 3: 11111000
0 1
1 1
2 1
3 1
4 1
5 0
6 0
7 0

Input 4: 01110110
0 0
1 1
2 1
3 1
4 0
5 1
6 1
7 0

Input 5: 11110001
0 1
1 1
2 1
3 1
4 0
5 0
6 0
7 1

Input 6: 01111110
0 0
1 1
2 1
3 1
4 1
5 1
6 1
7 0

When matching output
x: not in operator
y: wrong position

Identity
0 0001010 2
1 1011111 6 match 0 2
2 1101111 6 match 1 7
3 1011111 6 match 0 2
4 0111001 4 match 3
5 0100101 3 match 4
6 0010101 3
7 0010010 2

Matching output
0 1 3
1 2
2 1 3
3 4
4 5
5 absent
6 absent
7 2

Left
1 2 3 4 5 6x
3 4y
Best: I1 2 3 4 5: 5

Right
2 1y
Best: I2: 1

NOT
0 1110101 5
1 0100000 1
2 0010000 1
3 0100000 1
4 1000110 3
5 1011010 4
6 1101010 4
7 1101101 5

Matching output
0 absent
1 absent
2 absent
3 absent
4 absent
5 absent
6 absent
7 absent

Left
none
Best: none

Right
none
Best: none

Constant
0 0000000 a
1 1111111 a

Matching output
0 absent
1 absent
2 absent
3 absent
4 absent
5 absent
6 absent
7 absent

Left
none
Best: none

Right
none
Best: none

AND
01 10 0001010 2
12 21 1001111 5
23 32 1001111 5
34 43 0011001 3
45 54 0100001 2
56 65 0000101 2
67 76 0010000 1
70 07 0000010 1

02 20 0001010 2
13 31 1011111 6 match 0 2
24 42 0101001 3
35 53 0000101 2
46 64 0010001 2
57 75 0000000 a
60 06 0000000 a
71 17 0010010 2

03 30 0001010 2
14 41 0011001 3
25 52 0100101 3 match 4
36 63 0010101 3
47 74 0010000 1
50 05 0000000 a
61 16 0010101 3
72 27 0000010 1

04 40 0001000 1
15 51 0000101 2
26 62 0000101 2
37 73 0010010 2

Matching output
0 13 31
1 absent
2 13 31
3 absent
4 25 52
5 absent
6 absent
7 absent

Left
13 24x
31 42x
Best: AND13: 1

Right
none
Best: none

OR
01 10 1011111 6 match 0 2
12 21 1111111 a
23 32 1111111 a
34 43 1111111 a
45 54 0111101 5
56 65 0110101 4
67 76 0010111 4
70 07 0011010 3

02 20 1101111 6 match 1 7
13 31 1011111 6 match 0 2
24 42 1111111 a
35 53 1111111 a
46 64 0111101 5
57 75 0110111 5
60 06 0011111 5 match 5
71 17 1011111 6 match 0 2

03 30 1011111 6 match 0 2
14 41 1111111 a
25 52 1101111 6 match 1 7
36 63 1011111 6 match 0 2
47 74 0111011 5
50 05 0101111 5
61 16 1011111 6 match 0 2
72 27 1111111 a

04 40 0111011 5
15 51 1111111 a
26 62 1111111 a
37 73 1011111 6 match 0 2

Matching output
0 01 10 13 31 71 17 03 30 36 63 61 16 37 73
1 02 20 25 52
2 01 10 13 31 71 17 03 30 36 63 61 16 37 73
3 absent
4 absent
5 60 06
6 absent
7 02 20 25 52

Left
01 12x
10 21x
13 24x
31 42x
71 02 13 24x
17 20 31 42x
03 14x
30 41x
36 47x
63 74x
61 72x
16 27x
37 40x
73 04x
Best: OR71 02 13: 3

Right
02 71y
20 17y
25 14x
52 41x
Best: OR02: 1

XOR
01 10 1010101 4
12 21 0110000 2
23 32 0110000 2
34 43 1100110 4
45 54 0011100 3
56 65 0110000 2
67 76 0000111 3
70 07 0011000 2

02 20 1100101 4
13 31 0000000 a
24 42 1010110 4
35 53 1111010 5
46 64 0101100 3
57 75 0110111 5
60 06 0011111 5 match 5
71 17 1001101 4 match 6

03 30 1010101 4
14 41 1100110 4
25 52 1001010 3
36 63 1001010 3
47 74 0101011 4
50 05 0101111 5
61 16 1001010 3
72 27 1111101 6

04 40 0110011 4
15 51 1111010 5
26 62 1111010 5
37 73 1001101 4 match 6

Matching output
0 absent
1 absent
2 absent
3 absent
4 absent
5 60 06
6 71 17 37 73
7 absent

Left
none
Best: none

Right
none
Best: none

AND-NOT
01 0000000 a
12 0010000 1
23 0100000 1
34 1000110 3
45 0011000 2
56 0100000 1
67 0000101 2
70 0010000 1

02 0000000 a
13 0000000 a
24 1000110 3
35 1011010 4
46 0101000 2
57 0100101 3 match 4
60 0010101 3
71 0000000 a

03 0000000 a
14 1000110 3
25 1001010 3
36 1001010 3
47 0101001 3
50 0100101 3 match 4
61 0000000 a
72 0010000 1

04 0000010 1
15 1011010 4
26 1101010 4
37 1001101 4 match 6
40 0110001 3
51 0100000 1
62 0010000 1
73 0000000 a

05 0001010 2
16 1001010 3
27 1101101 5
30 1010101 4
41 0100000 1
52 0000000 a
63 0000000 a
74 0000010 1

06 0001010 2
17 1001101 4 match 6
20 1100101 4
31 0000000 a
42 0010000 1
53 0100000 1
64 0000100 1
75 0010010 2

07 0001000 1
10 1010101 4
21 0100000 1
32 0010000 1
43 0100000 1
54 0000100 1
65 0010000 1
76 0000010 1

Matching output
0 absent
1 absent
2 absent
3 absent
4 57 50
5 absent
6 37 17
7 absent

Left
none
Best: none

Right
none
Best: none

OR-NOT
01 0101010 3
12 1011111 6 match 0 2
23 1101111 6 match 1 7
34 1011111 6 match 0 2
45 1111011 6
56 1101111 6 match 1 7
67 1111101 6
70 1110111 6

02 0011010 3
13 1111111 a
24 1101111 6 match 1 7
35 1011111 6 match 0 2
46 1111011 6
57 1101101 5
60 1110101 5
71 0110010 3

03 0101010 3
14 1011111 6 match 0 2
25 1111111 a
36 1111111 a
47 1111101 6
50 1110101 5
61 0110101 4
72 0010010 2

04 1001110 4
15 1011111 6 match 0 2
26 1101111 6 match 1 7
37 1111111 a
40 1111101 6
51 0100101 3 match 4
62 0010101 3
73 0110010 3

05 1011010 4
16 1111111 a
27 1101111 6 match 1 7
30 1111111 a
41 0111001 4 match 3
52 0110101 4
63 0110101 4
74 1010110 4

06 1101010 4
17 1111111 a
20 1111111 a
31 1111111 a
42 0111001 4 match 3
53 0100101 3 match 4
64 1010111 5
75 1011010 4

07 1101111 6 match 1 7
10 1111111 a
21 1101111 6 match 1 7
32 1011111 6 match 0 2
43 0111001 4 match 3
54 1100111 5
65 1011111 6 match 0 2
76 1111010 5

Matching output
0 12 34 35 14 15 32 65
1 23 56 24 26 27 07 21
2 12 34 35 14 15 32 65
3 41 42 43
4 51 53
5 absent
6 absent
7 23 56 24 26 27 07 21

Left
12 23 34 45x
34 45x
35 46x
14 25x
15 26 37x
32 43y
65 76x
Best: OR-NOT12 23 34: 3

Right
23 12y
56 45x
24 13x
26 15y
27 16x
07 76x
21 10x
Best: OR-NOT23: 1

XOR-NOT
01 0101010 3
12 1001111 5
23 1001111 5
34 0011001 3
45 1100011 4
56 1001111 5
67 1111000 4
70 1100111 5

02 0011010 3
13 1111111 a
24 0101001 3
35 0000101 2
46 1010011 4
57 1001000 2
60 1100000 2
71 0110010 3

03 0101010 3
14 0011001 3
25 0110101 4
36 0110101 4
47 1010100 3
50 1010000 2
61 0110101 4
72 0000010 1

04 1001100 3
15 0000101 2
26 0000101 2
37 0110010 3
40 1001100 3
51 0000101 2
62 0000101 2
73 0110010 3

05 1010000 2
16 0110101 4
27 0000010 1
30 0101010 3
41 0011001 3
52 0110101 4
63 0110101 4
74 1010100 3

06 1100000 2
17 0110010 3
20 0011010 3
31 1111111 a
42 0101001 3
53 0000101 2
64 1010011 4
75 1001000 2

07 1100111 5
10 0101010 3
21 1001111 5
32 1001111 5
43 0011001 3
54 1100011 4
65 1001111 5
76 1111000 4

Matching output
0 absent
1 absent
2 absent
3 absent
4 absent
5 absent
6 absent
7 absent

Left
none
Best: none

Right
none
Best: none

Selecting

Lefts
Identity I1 2 3 4 5: 5
NOT none
Constant none
AND AND13: 1
OR OR71 02 13: 3
XOR none
AND-NOT none
OR-NOT OR-NOT12 23 34: 3
XOR-NOT none

Rights
Identity I2: 1
NOT none
Constant none
AND none
OR OR02: 1
XOR none
AND-NOT none
OR-NOT OR-NOT23: 1
XOR-NOT none

Left longest: 5
Right longest: 1

Left winner: Identity yes, NOT no, Constant no, AND no, OR no, XOR no, AND-NOT no, OR-NOT no, XOR-NOT no
Right winner: Identity yes, NOT no, Constant no, AND no, OR no, XOR no, AND-NOT no, OR-NOT no, XOR-NOT no

Best left: I1 2 3 4 5: 5
Best right: I2: 1

Truncated left: I1 2 3 4 5: 5
Truncated right: I2: 1

Tentative from right
7 I2
6 pending
5 pending
4 pending
3 pending
2 pending
1 pending
0 pending

Tentative
0 I1
1 I2
2 I3
3 I4
4 I5
5 pending
6 pending
7 I2

Preferred from left
0 I1
1 I2
2 I3
3 I4
4 I5
5 ?6?
6 ?7?
7 I2

Preferred from right
7 I2
6 ?71
5 ?60
4 I5
3 I4
2 I3
1 I2
0 I1

Preferred
0 I1
1 I2
2 I3
3 I4
4 I5
5 ?60 ?06
6 ?71 ?17
7 I2

Matching
0 I1
1 I2
2 I3
3 I4
4 I5
5 ?60 ?06 - Identity absent, NOT absent, Constant absent, AND absent, OR60, XOR60, AND-NOT absent, OR-NOT absent, XOR-NOT absent
6 ?71 ?17 - Identity absent, NOT absent, Constant absent, AND absent, OR absent, XOR71, AND-NOT17, OR-NOT absent, XOR-NOT absent
7 I2

Perfect match
Identity no
NOT no
Constant no
AND no
OR no
XOR yes
AND-NOT no
OR-NOT no
XOR-NOT no

Matched
0 I1
1 I2
2 I3
3 I4
4 I5
5 XOR60
6 XOR71
7 I2

Selected
0 I1
1 I2
2 I3
3 I4
4 I5
5 XOR60
6 XOR71
7 I2

Applying to 01001001
Input
0 0
1 1
2 0
3 0
4 1
5 0
6 0
7 1
Output
0 I1 = 1
1 I2 = 0
2 I3 = 0
3 I4 = 1
4 I5 = 0
5 XOR60 = XOR(0,0) = 0
6 XOR71 = XOR(1,1) = 0
7 I2 = 0

I will now return the answer in \boxed{}
The answer in \boxed{–} is \boxed{10010000}
[correct]
true
