[category]
bit_manipulation
[prompt]
In Alice's Wonderland, a secret bit manipulation rule transforms 8-bit binary numbers. The transformation involves operations like bit shifts, rotations, XOR, AND, OR, NOT, and possibly majority or choice functions.

Here are some examples of input -> output:
10101101 -> 00000110
01110011 -> 10001001
10110011 -> 11101001
11001110 -> 10000111
01101110 -> 11010111
00111001 -> 00001100
10100000 -> 01010000
00111101 -> 01001110
00001110 -> 11100111

Now, determine the output for: 01001110
[completion]
We need to deduce the transformation by matching the example outputs.
I will put my final answer inside \boxed{}.

Output 0: 00000110
0 0
1 0
2 0
3 0
4 0
5 1
6 1
7 0

Output 1: 10001001
0 1
1 0
2 0
3 0
4 1
5 0
6 0
7 1

Output 2: 11101001
0 1
1 1
2 1
3 0
4 1
5 0
6 0
7 1

Output 3: 10000111
0 1
1 0
2 0
3 0
4 0
5 1
6 1
7 1

Output 4: 11010111
0 1
1 1
2 0
3 1
4 0
5 1
6 1
7 1

Output 5: 00001100
0 0
1 0
2 0
3 0
4 1
5 1
6 0
7 0

Output 6: 01010000
0 0
1 1
2 0
3 1
4 0
5 0
6 0
7 0

Output 7: 01001110
0 0
1 1
2 0
3 0
4 1
5 1
6 1
7 0

Output 8: 11100111
0 1
1 1
2 1
3 0
4 0
5 1
6 1
7 1

Output bit columns (with bitsum as hash)
0 011110001 5
1 001010111 5
2 001000001 2
3 000010100 2
4 011001010 4
5 100111011 6
6 100110011 5
7 011110001 5

Input 0: 10101101
0 1
1 0
2 1
3 0
4 1
5 1
6 0
7 1

Input 1: 01110011
0 0
1 1
2 1
3 1
4 0
5 0
6 1
7 1

Input 2: 10110011
0 1
1 0
2 1
3 1
4 0
5 0
6 1
7 1

Input 3: 11001110
0 1
1 1
2 0
3 0
4 1
5 1
6 1
7 0

Input 4: 01101110
0 0
1 1
2 1
3 0
4 1
5 1
6 1
7 0

Input 5: 00111001
0 0
1 0
2 1
3 1
4 1
5 0
6 0
7 1

Input 6: 10100000
0 1
1 0
2 1
3 0
4 0
5 0
6 0
7 0

Input 7: 00111101
0 0
1 0
2 1
3 1
4 1
5 1
6 0
7 1

Input 8: 00001110
0 0
1 0
2 0
3 0
4 1
5 1
6 1
7 0

When matching output
x: not in operator
y: wrong position

Identity
0 101100100 4
1 010110000 3
2 111011110 7
3 011001010 4 match 4
4 100111011 6 match 5
5 100110011 5 match 6
6 011110001 5 match 0 7
7 111001010 5

Matching output
0 6
1 absent
2 absent
3 absent
4 3
5 4
6 5
7 6

Left
6 7x
Best: I6: 1

Right
6 5 4 3 2x
Best: I6 5 4 3: 4

NOT
0 010011011 5
1 101001111 6
2 000100001 2
3 100110101 5
4 011000100 3
5 011001100 4
6 100001110 4
7 000110101 4

Matching output
0 absent
1 absent
2 absent
3 absent
4 absent
5 absent
6 absent
7 absent

Left
none
Best: none

Right
none
Best: none

Constant
0 000000000 a
1 111111111 a

Matching output
0 absent
1 absent
2 absent
3 absent
4 absent
5 absent
6 absent
7 absent

Left
none
Best: none

Right
none
Best: none

AND
01 10 000100000 1
12 21 010010000 2
23 32 011001010 4 match 4
34 43 000001010 2
45 54 100110011 5 match 6
56 65 000110001 3
67 76 011000000 2
70 07 101000000 2

02 20 101000100 3
13 31 010000000 1
24 42 100011010 4
35 53 000000010 1
46 64 000110001 3
57 75 100000010 2
60 06 001100000 2
71 17 010000000 1

03 30 001000000 1
14 41 000110000 2
25 52 100010010 3
36 63 011000000 2
47 74 100001010 3
50 05 100100000 2
61 16 010110000 3
72 27 111001010 5

04 40 100100000 2
15 51 000110000 2
26 62 011010000 3
37 73 011001010 4 match 4

Matching output
0 absent
1 absent
2 absent
3 absent
4 23 32 37 73
5 absent
6 45 54
7 absent

Left
none
Best: none

Right
none
Best: none

OR
01 10 111110100 6
12 21 111111110 8
23 32 111011110 7
34 43 111111011 8
45 54 100111011 6 match 5
56 65 111110011 7
67 76 111111011 8
70 07 111101110 7

02 20 111111110 8
13 31 011111010 6
24 42 111111111 a
35 53 111111011 8
46 64 111111011 8
57 75 111111011 8
60 06 111110101 7
71 17 111111010 7

03 30 111101110 7
14 41 110111011 7
25 52 111111111 a
36 63 011111011 7
47 74 111111011 8
50 05 101110111 7
61 16 011110001 5 match 0 7
72 27 111011110 7

04 40 101111111 8
15 51 110110011 6
26 62 111111111 a
37 73 111001010 5

Matching output
0 61 16
1 absent
2 absent
3 absent
4 absent
5 45 54
6 absent
7 61 16

Left
61 72x
16 27x
Best: OR61: 1

Right
61 50x
16 05x
Best: OR61: 1

XOR
01 10 111010100 5
12 21 101101110 6
23 32 100010100 3
34 43 111110001 6
45 54 000001000 1
56 65 111000010 4
67 76 100111011 6 match 5
70 07 010101110 5

02 20 010111010 5
13 31 001111010 5
24 42 011100101 5
35 53 111111001 7
46 64 111001010 5
57 75 011111001 6
60 06 110010101 5
71 17 101111010 6

03 30 110101110 6
14 41 110001011 5
25 52 011101101 6
36 63 000111011 5
47 74 011110001 5 match 0 7
50 05 001010111 5 match 1
61 16 001000001 2 match 2
72 27 000010100 2 match 3

04 40 001011111 6
15 51 110000011 4
26 62 100101111 6
37 73 100000000 1

Matching output
0 47 74
1 50 05
2 61 16
3 72 27
4 absent
5 67 76
6 absent
7 47 74

Left
47 50 61 72 03x
74 05 16 27 30x
Best: XOR47 50 61 72: 4

Right
47 36x
74 63x
Best: XOR47: 1

AND-NOT
01 101000100 3
12 000100000 1
23 100010100 3
34 011000000 2
45 000001000 1
56 100000010 2
67 000110001 3
70 010001010 3

02 000100000 1
13 000110000 2
24 011000100 3
35 011001000 3
46 100001010 3
57 000110001 3
60 010010001 3
71 101001010 4

03 100100100 3
14 010000000 1
25 011001100 4
36 000001010 2
47 000110001 3
50 000010011 3
61 001000001 2 match 2
72 000000000 a

04 001000100 2
15 010000000 1
26 100001110 4
37 000000000 a
40 000011011 4
51 100000011 3
62 000100001 2
73 100000000 1

05 001000100 2
16 000000000 a
27 000010100 2 match 3
30 010001010 3
41 100001011 4
52 000100001 2
63 000110001 3
74 011000000 2

06 100000100 2
17 000110000 2
20 010011010 4
31 001001010 3
42 000100001 2
53 100110001 4
64 011000000 2
75 011001000 3

07 000100100 2
10 010010000 2
21 101001110 5
32 000000000 a
43 100110001 4
54 000000000 a
65 011000000 2
76 100001010 3

Matching output
0 absent
1 absent
2 61
3 27
4 absent
5 absent
6 absent
7 absent

Left
none
Best: none

Right
none
Best: none

OR-NOT
01 101101111 7
12 010110001 4
23 111111111 a
34 011001110 5
45 111111111 a
56 100111111 7
67 011110101 6
70 111011011 7

02 101100101 5
13 110110101 6
24 111011110 7
35 011001110 5
46 100111111 7
57 100110111 6
60 011111011 7
71 111001111 7

03 101110101 6
14 011110100 5
25 111011110 7
36 111001110 6
47 100111111 7
50 110111011 7
61 111111111 a
72 111101011 7

04 111100100 5
15 011111100 6
26 111011110 7
37 011111111 8
40 110111011 7
51 101111111 8
62 011110001 5 match 0 7
73 111111111 a

05 111101100 6
16 110111110 7
27 111111111 a
30 011011011 6
41 101111111 8
52 100110011 5 match 6
63 111110101 7
74 111001110 6

06 101101110 6
17 010110101 5
20 111011111 8
31 111001111 7
42 100111011 6 match 5
53 100110111 6
64 011110101 6
75 111001110 6

07 101110101 6
10 010111011 6
21 111011111 8
32 011101011 6
43 100111111 7
54 111110111 8
65 011111101 7
76 111001110 6

Matching output
0 62
1 absent
2 absent
3 absent
4 absent
5 42
6 52
7 62

Left
62 73x
Best: OR-NOT62: 1

Right
62 51x
Best: OR-NOT62: 1

XOR-NOT
01 000101011 4
12 010010001 3
23 011101011 6
34 000001110 3
45 111110111 8
56 000111101 5
67 011000100 3
70 101010001 4

02 101000101 4
13 110000101 4
24 100011010 4
35 000000110 2
46 000110101 4
57 100000110 3
60 001101010 4
71 010000101 3

03 001010001 3
14 001110100 4
25 100010010 3
36 111000100 4
47 100001110 4
50 110101000 4
61 110111110 7
72 111101011 7

04 110100000 3
15 001111100 5
26 011010000 3
37 011111111 8
40 110100000 3
51 001111100 5
62 011010000 3
73 011111111 8

05 110101000 4
16 110111110 7
27 111101011 7
30 001010001 3
41 001110100 4
52 100010010 3
63 111000100 4
74 100001110 4

06 001101010 4
17 010000101 3
20 101000101 4
31 110000101 4
42 100011010 4
53 000000110 2
64 000110101 4
75 100000110 3

07 101010001 4
10 000101011 4
21 010010001 3
32 011101011 6
43 000001110 3
54 111110111 8
65 000111101 5
76 011000100 3

Matching output
0 absent
1 absent
2 absent
3 absent
4 absent
5 absent
6 absent
7 absent

Left
none
Best: none

Right
none
Best: none

Selecting

Lefts
Identity I6: 1
NOT none
Constant none
AND none
OR OR61: 1
XOR XOR47 50 61 72: 4
AND-NOT none
OR-NOT OR-NOT62: 1
XOR-NOT none

Rights
Identity I6 5 4 3: 4
NOT none
Constant none
AND none
OR OR61: 1
XOR XOR47: 1
AND-NOT none
OR-NOT OR-NOT62: 1
XOR-NOT none

Left longest: 4
Right longest: 4

Left winner: Identity no, NOT no, Constant no, AND no, OR no, XOR yes, AND-NOT no, OR-NOT no, XOR-NOT no
Right winner: Identity yes, NOT no, Constant no, AND no, OR no, XOR no, AND-NOT no, OR-NOT no, XOR-NOT no

Best left: XOR47 50 61 72: 4
Best right: I6 5 4 3: 4

Truncated left: XOR47 50 61 72: 4
Truncated right: I6 5 4 3: 4

Tentative from right
7 I6
6 I5
5 I4
4 I3
3 pending
2 pending
1 pending
0 pending

Tentative
0 XOR47
1 XOR50
2 XOR61
3 XOR72
4 I3
5 I4
6 I5
7 I6

Preferred from left
0 XOR47
1 XOR50
2 XOR61
3 XOR72
4 I3
5 I4
6 I5
7 I6

Preferred from right
7 I6
6 I5
5 I4
4 I3
3 XOR72
2 XOR61
1 XOR50
0 XOR47

Preferred
0 XOR47
1 XOR50
2 XOR61
3 XOR72
4 I3
5 I4
6 I5
7 I6

Matching
0 XOR47
1 XOR50
2 XOR61
3 XOR72
4 I3
5 I4
6 I5
7 I6

Perfect match
Identity no
NOT no
Constant no
AND no
OR no
XOR no
AND-NOT no
OR-NOT no
XOR-NOT no

Matched
0 XOR47
1 XOR50
2 XOR61
3 XOR72
4 I3
5 I4
6 I5
7 I6

Selected
0 XOR47
1 XOR50
2 XOR61
3 XOR72
4 I3
5 I4
6 I5
7 I6

Applying to 01001110
Input
0 0
1 1
2 0
3 0
4 1
5 1
6 1
7 0
Output
0 XOR47 = XOR(1,0) = 1
1 XOR50 = XOR(1,0) = 1
2 XOR61 = XOR(1,1) = 0
3 XOR72 = XOR(0,0) = 0
4 I3 = 0
5 I4 = 1
6 I5 = 1
7 I6 = 1

I will now return the answer in \boxed{}
The answer in \boxed{–} is \boxed{11000111}
[correct]
true
