[category]
bit_manipulation
[prompt]
In Alice's Wonderland, a secret bit manipulation rule transforms 8-bit binary numbers. The transformation involves operations like bit shifts, rotations, XOR, AND, OR, NOT, and possibly majority or choice functions.

Here are some examples of input -> output:
01000111 -> 11000000
11011011 -> 11000000
10001101 -> 01000000
10110111 -> 11000000
01011010 -> 10000000
11110010 -> 10000000
10110010 -> 10000000
01110101 -> 01000000
11010110 -> 10000000

Now, determine the output for: 00010111
[completion]
We need to deduce the transformation by matching the example outputs.
I will put my final answer inside \boxed{}.

Output 0: 11000000
0 1
1 1
2 0
3 0
4 0
5 0
6 0
7 0

Output 1: 11000000
0 1
1 1
2 0
3 0
4 0
5 0
6 0
7 0

Output 2: 01000000
0 0
1 1
2 0
3 0
4 0
5 0
6 0
7 0

Output 3: 11000000
0 1
1 1
2 0
3 0
4 0
5 0
6 0
7 0

Output 4: 10000000
0 1
1 0
2 0
3 0
4 0
5 0
6 0
7 0

Output 5: 10000000
0 1
1 0
2 0
3 0
4 0
5 0
6 0
7 0

Output 6: 10000000
0 1
1 0
2 0
3 0
4 0
5 0
6 0
7 0

Output 7: 01000000
0 0
1 1
2 0
3 0
4 0
5 0
6 0
7 0

Output 8: 10000000
0 1
1 0
2 0
3 0
4 0
5 0
6 0
7 0

Output bit columns (with bitsum as hash)
0 110111101 7
1 111100010 5
2 000000000 a
3 000000000 a
4 000000000 a
5 000000000 a
6 000000000 a
7 000000000 a

Input 0: 01000111
0 0
1 1
2 0
3 0
4 0
5 1
6 1
7 1

Input 1: 11011011
0 1
1 1
2 0
3 1
4 1
5 0
6 1
7 1

Input 2: 10001101
0 1
1 0
2 0
3 0
4 1
5 1
6 0
7 1

Input 3: 10110111
0 1
1 0
2 1
3 1
4 0
5 1
6 1
7 1

Input 4: 01011010
0 0
1 1
2 0
3 1
4 1
5 0
6 1
7 0

Input 5: 11110010
0 1
1 1
2 1
3 1
4 0
5 0
6 1
7 0

Input 6: 10110010
0 1
1 0
2 1
3 1
4 0
5 0
6 1
7 0

Input 7: 01110101
0 0
1 1
2 1
3 1
4 0
5 1
6 0
7 1

Input 8: 11010110
0 1
1 1
2 0
3 1
4 0
5 1
6 1
7 0

When matching output
x: not in operator
y: wrong position

Identity
0 011101101 6
1 110011011 6
2 000101110 4
3 010111111 7
4 011010000 3
5 101100011 5
6 110111101 7 match 0
7 111100010 5 match 1

Matching output
0 6
1 7
2 absent
3 absent
4 absent
5 absent
6 absent
7 absent

Left
6 7 0x
Best: I6 7: 2

Right
none
Best: none

NOT
0 100010010 3
1 001100100 3
2 111010001 5
3 101000000 2
4 100101111 6
5 010011100 4
6 001000010 2
7 000011101 4

Matching output
0 absent
1 absent
2 absent
3 absent
4 absent
5 absent
6 absent
7 absent

Left
none
Best: none

Right
none
Best: none

Constant
0 000000000 a match 2 3 4 5 6 7
1 111111111 a

Matching output
0 absent
1 absent
2 C0
3 C0
4 C0
5 C0
6 C0
7 C0

Left
none
Best: none

Right
0 0 0 0 0 0
Best: C0 0 0 0 0 0: 6

AND
01 10 010001001 3
12 21 000001010 2
23 32 000101110 4
34 43 010010000 2
45 54 001000000 1
56 65 100100001 3
67 76 110100000 3
70 07 011100000 3

02 20 000101100 3
13 31 010011011 5
24 42 000000000 a match 2 3 4 5 6 7
35 53 000100011 3
46 64 010010000 2
57 75 101100010 4
60 06 010101101 5
71 17 110000010 3

03 30 010101101 5
14 41 010010000 2
25 52 000100010 2
36 63 010111101 6
47 74 011000000 2
50 05 001100001 3
61 16 110011001 5
72 27 000100010 2

04 40 011000000 2
15 51 100000011 3
26 62 000101100 3
37 73 010100010 3

Matching output
0 absent
1 absent
2 24 42
3 24 42
4 24 42
5 24 42
6 24 42
7 24 42

Left
none
Best: none

Right
24 13x
42 31x
Best: AND24: 1

OR
01 10 111111111 a
12 21 110111111 8
23 32 010111111 7
34 43 011111111 8
45 54 111110011 7
56 65 111111111 a
67 76 111111111 a
70 07 111101111 8

02 20 011101111 7
13 31 110111111 8
24 42 011111110 7
35 53 111111111 a
46 64 111111101 8
57 75 111100011 6
60 06 111111101 8
71 17 111111011 8

03 30 011111111 8
14 41 111011011 7
25 52 101101111 7
36 63 110111111 8
47 74 111110010 6
50 05 111101111 8
61 16 110111111 8
72 27 111101110 7

04 40 011111101 7
15 51 111111011 8
26 62 110111111 8
37 73 111111111 a

Matching output
0 absent
1 absent
2 absent
3 absent
4 absent
5 absent
6 absent
7 absent

Left
none
Best: none

Right
none
Best: none

XOR
01 10 101110110 6
12 21 110110101 6
23 32 010010001 3
34 43 001101111 6
45 54 110110011 6
56 65 011011110 6
67 76 001011111 6
70 07 100001111 5

02 20 011000011 4
13 31 100100100 3
24 42 011111110 7
35 53 111011100 6
46 64 101101101 6
57 75 010000001 2
60 06 101010000 3
71 17 001111001 5

03 30 001010010 3
14 41 101001011 5
25 52 101001101 5
36 63 100000010 2
47 74 100110010 4
50 05 110001110 5
61 16 000100110 3
72 27 111001100 5

04 40 000111101 5
15 51 011111000 5
26 62 110010011 5
37 73 101011101 6

Matching output
0 absent
1 absent
2 absent
3 absent
4 absent
5 absent
6 absent
7 absent

Left
none
Best: none

Right
none
Best: none

AND-NOT
01 001100100 3
12 110010001 4
23 000000000 a match 2 3 4 5 6 7
34 000101111 5
45 010010000 2
56 001000010 2
67 000011101 4
70 100000010 2

02 011000001 3
13 100000000 1
24 000101110 4
35 010011100 4
46 001000000 1
57 000000001 1
60 100010000 2
71 001100000 2

03 001000000 1
14 100001011 4
25 000001100 2
36 000000010 1
47 000010000 1
50 100000010 2
61 000100100 2
72 111000000 3

04 000101101 4
15 010011000 3
26 000000010 1
37 000011101 4
40 000010000 1
51 001100000 2
62 110010001 4
73 101000000 2

05 010001100 3
16 000000010 1
27 000001100 2
30 000010010 2
41 001000000 1
52 101000001 3
63 100000000 1
74 100100010 3

06 001000000 1
17 000011001 3
20 000000010 1
31 000100100 2
42 011010000 3
53 101000000 2
64 100101101 5
75 010000000 1

07 000001101 3
10 100010010 3
21 000100100 2
32 010010001 3
43 001000000 1
54 100100011 4
65 010011100 4
76 001000010 2

Matching output
0 absent
1 absent
2 23
3 23
4 23
5 23
6 23
7 23

Left
none
Best: none

Right
23 12x
Best: AND-NOT23: 1

OR-NOT
01 011101101 6
12 111011011 7
23 101101110 6
34 110111111 8
45 011011100 5
56 101100011 5
67 110111101 7 match 0
70 111110010 6

02 111111101 8
13 111011011 7
24 100101111 6
35 010111111 7
46 011010010 4
57 101111111 8
60 110111111 8
71 111100110 6

03 111101101 7
14 110111111 8
25 010111110 6
36 011111111 8
47 011011101 6
50 101110011 6
61 111111101 8
72 111110011 7

04 111101111 8
15 110011111 7
26 001101110 5
37 010111111 7
40 111010010 5
51 101100111 6
62 111111101 8
73 111100010 5 match 1

05 011111101 7
16 111011011 7
27 000111111 6
30 110111111 8
41 011110100 5
52 111110011 7
63 111111101 8
74 111101111 8

06 011101111 7
17 110011111 7
20 100111110 6
31 011111111 8
42 111010001 5
53 101100011 5
64 110111111 8
75 111111110 8

07 011111101 7
10 110011011 6
21 001101110 5
32 111111111 a
43 111010000 4
54 101101111 7
65 110111101 7 match 0
76 111100010 5 match 1

Matching output
0 67 65
1 73 76
2 absent
3 absent
4 absent
5 absent
6 absent
7 absent

Left
67 70x
65 76 07x
Best: OR-NOT65 76: 2

Right
none
Best: none

XOR-NOT
01 010001001 3
12 001001010 3
23 101101110 6
34 110010000 3
45 001001100 3
56 100100001 3
67 110100000 3
70 011110000 4

02 100111100 5
13 011011011 6
24 100000001 2
35 000100011 3
46 010010010 3
57 101111110 7
60 010101111 6
71 110000110 4

03 110101101 6
14 010110100 4
25 010110010 4
36 011111101 7
47 011001101 5
50 001110001 4
61 111011001 6
72 000110011 4

04 111000010 4
15 100000111 4
26 001101100 4
37 010100010 3
40 111000010 4
51 100000111 4
62 001101100 4
73 010100010 3

05 001110001 4
16 111011001 6
27 000110011 4
30 110101101 6
41 010110100 4
52 010110010 4
63 011111101 7
74 011001101 5

06 010101111 6
17 110000110 4
20 100111100 5
31 011011011 6
42 100000001 2
53 000100011 3
64 010010010 3
75 101111110 7

07 011110000 4
10 010001001 3
21 001001010 3
32 101101110 6
43 110010000 3
54 001001100 3
65 100100001 3
76 110100000 3

Matching output
0 absent
1 absent
2 absent
3 absent
4 absent
5 absent
6 absent
7 absent

Left
none
Best: none

Right
none
Best: none

Selecting

Lefts
Identity I6 7: 2
NOT none
Constant none
AND none
OR none
XOR none
AND-NOT none
OR-NOT OR-NOT65 76: 2
XOR-NOT none

Rights
Identity none
NOT none
Constant C0 0 0 0 0 0: 6
AND AND24: 1
OR none
XOR none
AND-NOT AND-NOT23: 1
OR-NOT none
XOR-NOT none

Left longest: 2
Right longest: 6

Right winner: Identity no, NOT no, Constant yes, AND no, OR no, XOR no, AND-NOT no, OR-NOT no, XOR-NOT no
Left winner: Identity yes, NOT no, Constant no, AND no, OR no, XOR no, AND-NOT no, OR-NOT no, XOR-NOT no

Best right: C0 0 0 0 0 0: 6
Best left: I6 7: 2

Truncated right: C0 0 0 0 0 0: 6
Truncated left: I6 7: 2

Tentative from right
7 C0
6 C0
5 C0
4 C0
3 C0
2 C0
1 pending
0 pending

Tentative
0 I6
1 I7
2 C0
3 C0
4 C0
5 C0
6 C0
7 C0

Preferred from right
7 C0
6 C0
5 C0
4 C0
3 C0
2 C0
1 I7
0 I6

Preferred from left
0 I6
1 I7
2 C0
3 C0
4 C0
5 C0
6 C0
7 C0

Preferred
0 I6
1 I7
2 C0
3 C0
4 C0
5 C0
6 C0
7 C0

Matching
0 I6
1 I7
2 C0
3 C0
4 C0
5 C0
6 C0
7 C0

Perfect match
Identity no
NOT no
Constant no
AND no
OR no
XOR no
AND-NOT no
OR-NOT no
XOR-NOT no

Matched
0 I6
1 I7
2 C0
3 C0
4 C0
5 C0
6 C0
7 C0

Selected
0 I6
1 I7
2 C0
3 C0
4 C0
5 C0
6 C0
7 C0

Applying to 00010111
Input
0 0
1 0
2 0
3 1
4 0
5 1
6 1
7 1
Output
0 I6 = 1
1 I7 = 1
2 C0 = 0
3 C0 = 0
4 C0 = 0
5 C0 = 0
6 C0 = 0
7 C0 = 0

I will now return the answer in \boxed{}
The answer in \boxed{–} is \boxed{11000000}
[correct]
true
