[category]
bit_manipulation
[prompt]
In Alice's Wonderland, a secret bit manipulation rule transforms 8-bit binary numbers. The transformation involves operations like bit shifts, rotations, XOR, AND, OR, NOT, and possibly majority or choice functions.

Here are some examples of input -> output:
10111001 -> 00100001
10001010 -> 01000001
01010100 -> 10000000
01101110 -> 11000000
10100001 -> 00100001
01100101 -> 10100000
01010101 -> 10100000
01100001 -> 00100000
10010001 -> 00100001
10111010 -> 01000001

Now, determine the output for: 01111000
[completion]
We need to deduce the transformation by matching the example outputs.
I will put my final answer inside \boxed{}.

Output 0: 00100001
0 0
1 0
2 1
3 0
4 0
5 0
6 0
7 1

Output 1: 01000001
0 0
1 1
2 0
3 0
4 0
5 0
6 0
7 1

Output 2: 10000000
0 1
1 0
2 0
3 0
4 0
5 0
6 0
7 0

Output 3: 11000000
0 1
1 1
2 0
3 0
4 0
5 0
6 0
7 0

Output 4: 00100001
0 0
1 0
2 1
3 0
4 0
5 0
6 0
7 1

Output 5: 10100000
0 1
1 0
2 1
3 0
4 0
5 0
6 0
7 0

Output 6: 10100000
0 1
1 0
2 1
3 0
4 0
5 0
6 0
7 0

Output 7: 00100000
0 0
1 0
2 1
3 0
4 0
5 0
6 0
7 0

Output 8: 00100001
0 0
1 0
2 1
3 0
4 0
5 0
6 0
7 1

Output 9: 01000001
0 0
1 1
2 0
3 0
4 0
5 0
6 0
7 1

Output bit columns (with bitsum as hash)
0 0011011000 4
1 0101000001 3
2 1000111110 6
3 0000000000 a
4 0000000000 a
5 0000000000 a
6 0000000000 a
7 1100100011 5

Input 0: 10111001
0 1
1 0
2 1
3 1
4 1
5 0
6 0
7 1

Input 1: 10001010
0 1
1 0
2 0
3 0
4 1
5 0
6 1
7 0

Input 2: 01010100
0 0
1 1
2 0
3 1
4 0
5 1
6 0
7 0

Input 3: 01101110
0 0
1 1
2 1
3 0
4 1
5 1
6 1
7 0

Input 4: 10100001
0 1
1 0
2 1
3 0
4 0
5 0
6 0
7 1

Input 5: 01100101
0 0
1 1
2 1
3 0
4 0
5 1
6 0
7 1

Input 6: 01010101
0 0
1 1
2 0
3 1
4 0
5 1
6 0
7 1

Input 7: 01100001
0 0
1 1
2 1
3 0
4 0
5 0
6 0
7 1

Input 8: 10010001
0 1
1 0
2 0
3 1
4 0
5 0
6 0
7 1

Input 9: 10111010
0 1
1 0
2 1
3 1
4 1
5 0
6 1
7 0

When matching output
x: not in operator
y: wrong position

Identity
0 1100100011 5 match 7
1 0011011100 5
2 1001110101 6
3 1010001011 5
4 1101000001 4
5 0011011000 4 match 0
6 0101000001 3 match 1
7 1000111110 6 match 2

Matching output
0 5
1 6
2 7
3 absent
4 absent
5 absent
6 absent
7 0

Left
5 6 7 0y
Best: I5 6 7: 3

Right
0 7y
Best: I0: 1

NOT
0 0011011100 5
1 1100100011 5 match 7
2 0110001010 4
3 0101110100 5
4 0010111110 6
5 1100100111 6
6 1010111110 7
7 0111000001 4

Matching output
0 absent
1 absent
2 absent
3 absent
4 absent
5 absent
6 absent
7 1

Left
none
Best: none

Right
1 0x
Best: NOT1: 1

Constant
0 0000000000 a match 3 4 5 6
1 1111111111 a

Matching output
0 absent
1 absent
2 absent
3 C0
4 C0
5 C0
6 C0
7 absent

Left
none
Best: none

Right
none
Best: none

AND
01 10 0000000000 a match 3 4 5 6
12 21 0001010100 3
23 32 1000000001 2
34 43 1000000001 2
45 54 0001000000 1
56 65 0001000000 1
67 76 0000000000 a match 3 4 5 6
70 07 1000100010 3

02 20 1000100001 3
13 31 0010001000 2
24 42 1001000001 3
35 53 0010001000 2
46 64 0101000001 3 match 1
57 75 0000011000 2
60 06 0100000001 2
71 17 0000011100 3

03 30 1000000011 3
14 41 0001000000 1
25 52 0001010000 2
36 63 0000000001 1
47 74 1000000000 1
50 05 0000000000 a match 3 4 5 6
61 16 0001000000 1
72 27 1000110100 4

04 40 1100000001 3
15 51 0011011000 4 match 0
26 62 0001000001 2
37 73 1000001010 3

Matching output
0 15 51
1 46 64
2 absent
3 01 10 67 76 50 05
4 01 10 67 76 50 05
5 01 10 67 76 50 05
6 01 10 67 76 50 05
7 absent

Left
15 26x
51 62x
Best: AND15: 1

Right
none
Best: none

OR
01 10 1111111111 a
12 21 1011111101 8
23 32 1011111111 9
34 43 1111001011 7
45 54 1111011001 7
56 65 0111011001 6
67 76 1101111111 9
70 07 1100111111 8

02 20 1101110111 8
13 31 1011011111 8
24 42 1101110101 7
35 53 1011011011 7
46 64 1101000001 4
57 75 1011111110 8
60 06 1101100011 6
71 17 1011111110 8

03 30 1110101011 7
14 41 1111011101 8
25 52 1011111101 8
36 63 1111001011 7
47 74 1101111111 9
50 05 1111111011 9
61 16 0111011101 7
72 27 1001111111 8

04 40 1101100011 6
15 51 0011011100 5
26 62 1101110101 7
37 73 1010111111 8

Matching output
0 absent
1 absent
2 absent
3 absent
4 absent
5 absent
6 absent
7 absent

Left
none
Best: none

Right
none
Best: none

XOR
01 10 1111111111 a
12 21 1010101001 5
23 32 0011111110 7
34 43 0111001010 5
45 54 1110011001 6
56 65 0110011001 5
67 76 1101111111 9
70 07 0100011101 5

02 20 0101010110 5
13 31 1001010111 6
24 42 0100110100 4
35 53 1001010011 5
46 64 1000000000 1
57 75 1011100110 6
60 06 1001100010 4
71 17 1011100010 5

03 30 0110101000 4
14 41 1110011101 7
25 52 1010101101 6
36 63 1111001010 6
47 74 0101111111 8
50 05 1111111011 9
61 16 0110011101 6
72 27 0001001011 4

04 40 0001100010 3
15 51 0000000100 1
26 62 1100110100 5
37 73 0010110101 5

Matching output
0 absent
1 absent
2 absent
3 absent
4 absent
5 absent
6 absent
7 absent

Left
none
Best: none

Right
none
Best: none

AND-NOT
01 1100100011 5 match 7
12 0010001000 2
23 0001110100 4
34 0010001010 3
45 1100000001 3
56 0010011000 3
67 0101000001 3 match 1
70 0000011100 3

02 0100000010 2
13 0001010100 3
24 0000110100 3
35 1000000011 3
46 1000000000 1
57 0011000000 2
60 0001000000 1
71 1000100010 3

03 0100100000 2
14 0010011100 4
25 1000100101 4
36 1010001010 4
47 0101000001 3 match 1
50 0011011000 4 match 0
61 0100000001 2
72 0000001010 2

04 0000100010 2
15 0000000100 1
26 1000110100 4
37 0010000001 2
40 0001000000 1
51 0000000000 a match 3 4 5 6
62 0100000000 1
73 0000110100 3

05 1100100011 5 match 7
16 0010011100 4
27 0001000001 2
30 0010001000 2
41 1100000001 3
52 0010001000 2
63 0101000000 2
74 0000111110 5

06 1000100010 3
17 0011000000 2
20 0001010100 3
31 1000000011 3
42 0100000000 1
53 0001010000 2
64 0000000000 a match 3 4 5 6
75 1000100110 4

07 0100000001 2
10 0011011100 5
21 1000100001 3
32 0010001010 3
43 0101000000 2
54 0010011000 3
65 0100000001 2
76 1000111110 6 match 2

Matching output
0 50
1 67 47
2 76
3 51 64
4 51 64
5 51 64
6 51 64
7 01 05

Left
50 61x
Best: AND-NOT50: 1

Right
01 70x
05 74x
Best: AND-NOT01: 1

OR-NOT
01 1100100011 5 match 7
12 0111011110 7
23 1101110101 7
34 1010111111 8
45 1101100111 7
56 1011111110 8
67 0111000001 4
70 1011111110 8

02 1110101011 7
13 0111111100 7
24 1011111111 9
35 1110101111 8
46 1111111111 a
57 0111011001 6
60 0111011101 7
71 1100111111 8

03 1101110111 8
14 0011111110 7
25 1101110111 8
36 1010111111 8
47 1111000001 5
50 0011011100 5
61 1101100011 6
72 1110111110 8

04 1110111111 9
15 1111111111 a
26 1011111111 9
37 1111001011 7
40 1111011101 8
51 1111111011 9
62 0111001011 6
73 1101111110 8

05 1100100111 6
16 1011111110 8
27 1111110101 8
30 1011011111 8
41 1101100011 6
52 0111011010 6
63 0101110101 6
74 1010111110 7

06 1110111111 9
17 0111011101 7
20 1011111101 8
31 1110101011 7
42 1111001011 7
53 0111111100 7
64 0111111111 9
75 1100111111 8

07 1111100011 7
10 0011011100 5
21 1101110111 8
32 1110001011 6
43 1101110101 7
54 0011111110 7
65 1101100111 7
76 1010111110 7

Matching output
0 absent
1 absent
2 absent
3 absent
4 absent
5 absent
6 absent
7 01

Left
none
Best: none

Right
01 70x
Best: OR-NOT01: 1

XOR-NOT
01 0000000000 a match 3 4 5 6
12 0101010110 5
23 1100000001 3
34 1000110101 5
45 0001100110 4
56 1001100110 5
67 0010000000 1
70 1011100010 5

02 1010101001 5
13 0110101000 4
24 1011001011 6
35 0110101100 5
46 0111111111 9
57 0100011001 4
60 0110011101 6
71 0100011101 5

03 1001010111 6
14 0001100010 3
25 0101010010 4
36 0000110101 4
47 1010000000 2
50 0000000100 1
61 1001100010 4
72 1110110100 6

04 1110011101 7
15 1111111011 9
26 0011001011 5
37 1101001010 5
40 1110011101 7
51 1111111011 9
62 0011001011 5
73 1101001010 5

05 0000000100 1
16 1001100010 4
27 1110110100 6
30 1001010111 6
41 0001100010 3
52 0101010010 4
63 0000110101 4
74 1010000000 2

06 0110011101 6
17 0100011101 5
20 1010101001 5
31 0110101000 4
42 1011001011 6
53 0110101100 5
64 0111111111 9
75 0100011001 4

07 1011100010 5
10 0000000000 a match 3 4 5 6
21 0101010110 5
32 1100000001 3
43 1000110101 5
54 0001100110 4
65 1001100110 5
76 0010000000 1

Matching output
0 absent
1 absent
2 absent
3 01 10
4 01 10
5 01 10
6 01 10
7 absent

Left
none
Best: none

Right
none
Best: none

Selecting

Lefts
Identity I5 6 7: 3
NOT none
Constant none
AND AND15: 1
OR none
XOR none
AND-NOT AND-NOT50: 1
OR-NOT none
XOR-NOT none

Rights
Identity I0: 1
NOT NOT1: 1
Constant none
AND none
OR none
XOR none
AND-NOT AND-NOT01: 1
OR-NOT OR-NOT01: 1
XOR-NOT none

Left longest: 3
Right longest: 1

Left winner: Identity yes, NOT no, Constant no, AND no, OR no, XOR no, AND-NOT no, OR-NOT no, XOR-NOT no
Right winner: Identity yes, NOT no, Constant no, AND no, OR no, XOR no, AND-NOT no, OR-NOT no, XOR-NOT no

Best left: I5 6 7: 3
Best right: I0: 1

Truncated left: I5 6 7: 3
Truncated right: I0: 1

Tentative from right
7 I0
6 pending
5 pending
4 pending
3 pending
2 pending
1 pending
0 pending

Tentative
0 I5
1 I6
2 I7
3 pending
4 pending
5 pending
6 pending
7 I0

Preferred from left
0 I5
1 I6
2 I7
3 ?0?
4 ?1?
5 ?2?
6 ?3?
7 I0

Preferred from right
7 I0
6 ?37
5 ?26
4 ?15
3 ?04
2 I7
1 I6
0 I5

Preferred
0 I5
1 I6
2 I7
3 ?04 ?40
4 ?15 ?51
5 ?26 ?62
6 ?37 ?73
7 I0

Matching
0 I5
1 I6
2 I7
3 ?04 ?40 - Identity absent, NOT absent, Constant C0, AND absent, OR absent, XOR absent, AND-NOT absent, OR-NOT absent, XOR-NOT absent
4 ?15 ?51 - Identity absent, NOT absent, Constant C0, AND absent, OR absent, XOR absent, AND-NOT51, OR-NOT absent, XOR-NOT absent
5 ?26 ?62 - Identity absent, NOT absent, Constant C0, AND absent, OR absent, XOR absent, AND-NOT absent, OR-NOT absent, XOR-NOT absent
6 ?37 ?73 - Identity absent, NOT absent, Constant C0, AND absent, OR absent, XOR absent, AND-NOT absent, OR-NOT absent, XOR-NOT absent
7 I0

Perfect match
Identity no
NOT no
Constant yes
AND no
OR no
XOR no
AND-NOT no
OR-NOT no
XOR-NOT no

Matched
0 I5
1 I6
2 I7
3 C0
4 C0
5 C0
6 C0
7 I0

Selected
0 I5
1 I6
2 I7
3 C0
4 C0
5 C0
6 C0
7 I0

Applying to 01111000
Input
0 0
1 1
2 1
3 1
4 1
5 0
6 0
7 0
Output
0 I5 = 0
1 I6 = 0
2 I7 = 0
3 C0 = 0
4 C0 = 0
5 C0 = 0
6 C0 = 0
7 I0 = 0

I will now return the answer in \boxed{}
The answer in \boxed{–} is \boxed{00000000}
[correct]
true
