[category]
bit_manipulation
[prompt]
In Alice's Wonderland, a secret bit manipulation rule transforms 8-bit binary numbers. The transformation involves operations like bit shifts, rotations, XOR, AND, OR, NOT, and possibly majority or choice functions.

Here are some examples of input -> output:
10100100 -> 01010010
00110110 -> 00011011
11010010 -> 01101001
10101110 -> 01010111
11001000 -> 01100100
11000001 -> 01100000
01100110 -> 00110011

Now, determine the output for: 01111011
[completion]
We need to deduce the transformation by matching the example outputs.
I will put my final answer inside \boxed{}.

Output 0: 01010010
0 0
1 1
2 0
3 1
4 0
5 0
6 1
7 0

Output 1: 00011011
0 0
1 0
2 0
3 1
4 1
5 0
6 1
7 1

Output 2: 01101001
0 0
1 1
2 1
3 0
4 1
5 0
6 0
7 1

Output 3: 01010111
0 0
1 1
2 0
3 1
4 0
5 1
6 1
7 1

Output 4: 01100100
0 0
1 1
2 1
3 0
4 0
5 1
6 0
7 0

Output 5: 01100000
0 0
1 1
2 1
3 0
4 0
5 0
6 0
7 0

Output 6: 00110011
0 0
1 0
2 1
3 1
4 0
5 0
6 1
7 1

Output bit columns (with bitsum as hash)
0 0000000 a
1 1011110 5
2 0010111 4
3 1101001 4
4 0110000 2
5 0001100 2
6 1101001 4
7 0111001 4

Input 0: 10100100
0 1
1 0
2 1
3 0
4 0
5 1
6 0
7 0

Input 1: 00110110
0 0
1 0
2 1
3 1
4 0
5 1
6 1
7 0

Input 2: 11010010
0 1
1 1
2 0
3 1
4 0
5 0
6 1
7 0

Input 3: 10101110
0 1
1 0
2 1
3 0
4 1
5 1
6 1
7 0

Input 4: 11001000
0 1
1 1
2 0
3 0
4 1
5 0
6 0
7 0

Input 5: 11000001
0 1
1 1
2 0
3 0
4 0
5 0
6 0
7 1

Input 6: 01100110
0 0
1 1
2 1
3 0
4 0
5 1
6 1
7 0

When matching output
x: not in operator
y: wrong position

Identity
0 1011110 5 match 1
1 0010111 4 match 2
2 1101001 4 match 3 6
3 0110000 2 match 4
4 0001100 2 match 5
5 1101001 4 match 3 6
6 0111001 4 match 7
7 0000010 1

Matching output
0 absent
1 0
2 1
3 2 5
4 3
5 4
6 2 5
7 6

Left
none
Best: none

Right
6 5 4 3 2 1 0 7x
Best: I6 5 4 3 2 1 0: 7

NOT
0 0100001 2
1 1101000 3
2 0010110 3
3 1001111 5
4 1110011 5
5 0010110 3
6 1000110 3
7 1111101 6

Matching output
0 absent
1 absent
2 absent
3 absent
4 absent
5 absent
6 absent
7 absent

Left
none
Best: none

Right
none
Best: none

Constant
0 0000000 a match 0
1 1111111 a

Matching output
0 C0
1 absent
2 absent
3 absent
4 absent
5 absent
6 absent
7 absent

Left
0
Best: C0: 1

Right
none
Best: none

AND
01 10 0010110 3
12 21 0000001 1
23 32 0100000 1
34 43 0000000 a match 0
45 54 0001000 1
56 65 0101001 3
67 76 0000000 a match 0
70 07 0000010 1

02 20 1001000 2
13 31 0010000 1
24 42 0001000 1
35 53 0100000 1
46 64 0001000 1
57 75 0000000 a match 0
60 06 0011000 2
71 17 0000010 1

03 30 0010000 1
14 41 0000100 1
25 52 1101001 4 match 3 6
36 63 0110000 2 match 4
47 74 0000000 a match 0
50 05 1001000 2
61 16 0010001 2
72 27 0000000 a match 0

04 40 0001100 2 match 5
15 51 0000001 1
26 62 0101001 3
37 73 0000000 a match 0

Matching output
0 34 43 67 76 57 75 47 74 72 27 37 73
1 absent
2 absent
3 25 52
4 36 63
5 04 40
6 25 52
7 absent

Left
34 45x
43 54x
67 70x
76 07x
57 60x
75 06x
47 50x
74 05x
72 03x
27 30x
37 40y
73 04y
Best: AND34: 1

Right
none
Best: none

OR
01 10 1011111 6
12 21 1111111 a
23 32 1111001 5
34 43 0111100 4
45 54 1101101 5
56 65 1111001 5
67 76 0111011 5
70 07 1011110 5 match 1

02 20 1111111 a
13 31 0110111 5
24 42 1101101 5
35 53 1111001 5
46 64 0111101 5
57 75 1101011 5
60 06 1111111 a
71 17 0010111 4 match 2

03 30 1111110 6
14 41 0011111 5
25 52 1101001 4 match 3 6
36 63 0111001 4 match 7
47 74 0001110 3
50 05 1111111 a
61 16 0111111 6
72 27 1101011 5

04 40 1011110 5 match 1
15 51 1111111 a
26 62 1111001 5
37 73 0110010 3

Matching output
0 absent
1 70 07 04 40
2 71 17
3 25 52
4 absent
5 absent
6 25 52
7 36 63

Left
none
Best: none

Right
36 25 14x
63 52 41x
Best: OR36 25: 2

XOR
01 10 1001001 3
12 21 1111110 6
23 32 1011001 4
34 43 0111100 4
45 54 1100101 4
56 65 1010000 2
67 76 0111011 5
70 07 1011100 4

02 20 0110111 5
13 31 0100111 4
24 42 1100101 4
35 53 1011001 4
46 64 0110101 4
57 75 1101011 5
60 06 1100111 5
71 17 0010101 3

03 30 1101110 5
14 41 0011011 4
25 52 0000000 a match 0
36 63 0001001 2
47 74 0001110 3
50 05 0110111 5
61 16 0101110 4
72 27 1101011 5

04 40 1010010 3
15 51 1111110 6
26 62 1010000 2
37 73 0110010 3

Matching output
0 25 52
1 absent
2 absent
3 absent
4 absent
5 absent
6 absent
7 absent

Left
25 36x
52 63x
Best: XOR25: 1

Right
none
Best: none

AND-NOT
01 1001000 2
12 0010110 3
23 1001001 3
34 0110000 2 match 4
45 0000100 1
56 1000000 1
67 0111001 4 match 7
70 0000000 a match 0

02 0010110 3
13 0000111 3
24 1100001 3
35 0010000 1
46 0000100 1
57 1101001 4 match 3 6
60 0100001 2
71 0000000 a match 0

03 1001110 4
14 0010011 3
25 0000000 a match 0
36 0000000 a match 0
47 0001100 2 match 5
50 0100001 2
61 0101000 2
72 0000010 1

04 1010010 3
15 0010110 3
26 1000000 1
37 0110000 2 match 4
40 0000000 a match 0
51 1101000 3
62 0010000 1
73 0000010 1

05 0010110 3
16 0000110 2
27 1101001 4 match 3 6
30 0100000 1
41 0001000 1
52 0000000 a match 0
63 0001001 2
74 0000010 1

06 1000110 3
17 0010101 3
20 0100001 2
31 0100000 1
42 0000100 1
53 1001001 3
64 0110001 3
75 0000010 1

07 1011100 4
10 0000001 1
21 1101000 3
32 0010000 1
43 0001100 2 match 5
54 1100001 3
65 0010000 1
76 0000010 1

Matching output
0 70 71 25 36 40 52
1 absent
2 absent
3 57 27
4 34 37
5 47 43
6 57 27
7 67

Left
70 01x
71 02x
25 36y
36 47y
40 51x
52 63x
Best: AND-NOT70: 1

Right
67 56x
Best: AND-NOT67: 1

OR-NOT
01 1111110 6
12 0010111 4 match 2
23 1101111 6
34 1110011 5
45 0011110 4
56 1101111 6
67 1111101 6
70 0100011 3

02 1011110 5 match 1
13 1011111 6
24 1111011 6
35 0110110 4
46 1001110 4
57 1111101 6
60 0111001 4 match 7
71 1101010 4

03 1011111 6
14 1110111 6
25 1111111 a
36 1110110 5
47 1111101 6
50 1101001 4 match 3 6
61 1111001 5
72 0010110 3

04 1111111 a
15 0010111 4 match 2
26 1101111 6
37 1111101 6
40 0101101 4
51 1101001 4 match 3 6
62 0111111 6
73 1001111 5

05 1011110 5 match 1
16 1010111 5
27 1111101 6
30 0110001 3
41 1101100 4
52 1111111 a
63 1111111 a
74 1110011 5

06 1011110 5 match 1
17 1111111 a
20 1101001 4 match 3 6
31 1111000 4
42 0011110 4
53 1101111 6
64 1111011 6
75 0010110 3

07 1111111 a
10 0110111 5
21 1101001 4 match 3 6
32 0110110 4
43 1001111 5
54 1111011 6
65 0111111 6
76 1000110 3

Matching output
0 absent
1 02 05 06
2 12 15
3 50 51 20 21
4 absent
5 absent
6 50 51 20 21
7 60

Left
none
Best: none

Right
60 57x
Best: OR-NOT60: 1

XOR-NOT
01 0110110 4
12 0000001 1
23 0100110 3
34 1000011 3
45 0011010 3
56 0101111 5
67 1000100 2
70 0100011 3

02 1001000 2
13 1011000 3
24 0011010 3
35 0100110 3
46 1001010 3
57 0010100 2
60 0011000 2
71 1101010 4

03 0010001 2
14 1100100 3
25 1111111 a
36 1110110 5
47 1110001 4
50 1001000 2
61 1010001 3
72 0010100 2

04 0101101 4
15 0000001 1
26 0101111 5
37 1001101 4
40 0101101 4
51 0000001 1
62 0101111 5
73 1001101 4

05 1001000 2
16 1010001 3
27 0010100 2
30 0010001 2
41 1100100 3
52 1111111 a
63 1110110 5
74 1110001 4

06 0011000 2
17 1101010 4
20 1001000 2
31 1011000 3
42 0011010 3
53 0100110 3
64 1001010 3
75 0010100 2

07 0100011 3
10 0110110 4
21 0000001 1
32 0100110 3
43 1000011 3
54 0011010 3
65 0101111 5
76 1000100 2

Matching output
0 absent
1 absent
2 absent
3 absent
4 absent
5 absent
6 absent
7 absent

Left
none
Best: none

Right
none
Best: none

Selecting

Lefts
Identity none
NOT none
Constant C0: 1
AND AND34: 1
OR none
XOR XOR25: 1
AND-NOT AND-NOT70: 1
OR-NOT none
XOR-NOT none

Rights
Identity I6 5 4 3 2 1 0: 7
NOT none
Constant none
AND none
OR OR36 25: 2
XOR none
AND-NOT AND-NOT67: 1
OR-NOT OR-NOT60: 1
XOR-NOT none

Left longest: 1
Right longest: 7

Right winner: Identity yes, NOT no, Constant no, AND no, OR no, XOR no, AND-NOT no, OR-NOT no, XOR-NOT no
Left winner: Identity no, NOT no, Constant yes, AND no, OR no, XOR no, AND-NOT no, OR-NOT no, XOR-NOT no

Best right: I6 5 4 3 2 1 0: 7
Best left: C0: 1

Truncated right: I6 5 4 3 2 1 0: 7
Truncated left: C0: 1

Tentative from right
7 I6
6 I5
5 I4
4 I3
3 I2
2 I1
1 I0
0 pending

Tentative
0 C0
1 I0
2 I1
3 I2
4 I3
5 I4
6 I5
7 I6

Preferred from right
7 I6
6 I5
5 I4
4 I3
3 I2
2 I1
1 I0
0 C0

Preferred from left
0 C0
1 I0
2 I1
3 I2
4 I3
5 I4
6 I5
7 I6

Preferred
0 C0
1 I0
2 I1
3 I2
4 I3
5 I4
6 I5
7 I6

Matching
0 C0
1 I0
2 I1
3 I2
4 I3
5 I4
6 I5
7 I6

Perfect match
Identity no
NOT no
Constant no
AND no
OR no
XOR no
AND-NOT no
OR-NOT no
XOR-NOT no

Matched
0 C0
1 I0
2 I1
3 I2
4 I3
5 I4
6 I5
7 I6

Selected
0 C0
1 I0
2 I1
3 I2
4 I3
5 I4
6 I5
7 I6

Applying to 01111011
Input
0 0
1 1
2 1
3 1
4 1
5 0
6 1
7 1
Output
0 C0 = 0
1 I0 = 0
2 I1 = 1
3 I2 = 1
4 I3 = 1
5 I4 = 1
6 I5 = 0
7 I6 = 1

I will now return the answer in \boxed{}
The answer in \boxed{–} is \boxed{00111101}
[correct]
true
