[category]
bit_manipulation
[prompt]
In Alice's Wonderland, a secret bit manipulation rule transforms 8-bit binary numbers. The transformation involves operations like bit shifts, rotations, XOR, AND, OR, NOT, and possibly majority or choice functions.

Here are some examples of input -> output:
01001100 -> 00000001
00000010 -> 00000000
10010001 -> 00000110
01110010 -> 00000001
10010100 -> 00000010
10010011 -> 00000110
01110100 -> 00000001

Now, determine the output for: 11101101
[completion]
We need to deduce the transformation by matching the example outputs.
I will put my final answer inside \boxed{}.

Output 0: 00000001
0 0
1 0
2 0
3 0
4 0
5 0
6 0
7 1

Output 1: 00000000
0 0
1 0
2 0
3 0
4 0
5 0
6 0
7 0

Output 2: 00000110
0 0
1 0
2 0
3 0
4 0
5 1
6 1
7 0

Output 3: 00000001
0 0
1 0
2 0
3 0
4 0
5 0
6 0
7 1

Output 4: 00000010
0 0
1 0
2 0
3 0
4 0
5 0
6 1
7 0

Output 5: 00000110
0 0
1 0
2 0
3 0
4 0
5 1
6 1
7 0

Output 6: 00000001
0 0
1 0
2 0
3 0
4 0
5 0
6 0
7 1

Output bit columns (with bitsum as hash)
0 0000000 a
1 0000000 a
2 0000000 a
3 0000000 a
4 0000000 a
5 0010010 2
6 0010110 3
7 1001001 3

Input 0: 01001100
0 0
1 1
2 0
3 0
4 1
5 1
6 0
7 0

Input 1: 00000010
0 0
1 0
2 0
3 0
4 0
5 0
6 1
7 0

Input 2: 10010001
0 1
1 0
2 0
3 1
4 0
5 0
6 0
7 1

Input 3: 01110010
0 0
1 1
2 1
3 1
4 0
5 0
6 1
7 0

Input 4: 10010100
0 1
1 0
2 0
3 1
4 0
5 1
6 0
7 0

Input 5: 10010011
0 1
1 0
2 0
3 1
4 0
5 0
6 1
7 1

Input 6: 01110100
0 0
1 1
2 1
3 1
4 0
5 1
6 0
7 0

When matching output
x: not in operator
y: wrong position

Identity
0 0010110 3 match 6
1 1001001 3 match 7
2 0001001 2
3 0011111 5
4 1000000 1
5 1000101 3
6 0101010 3
7 0010010 2 match 5

Matching output
0 absent
1 absent
2 absent
3 absent
4 absent
5 7
6 0
7 1

Left
none
Best: none

Right
1 0 7 6x
Best: I1 0 7: 3

NOT
0 1101001 4
1 0110110 4
2 1110110 5
3 1100000 2
4 0111111 6
5 0111010 4
6 1010101 4
7 1101101 5

Matching output
0 absent
1 absent
2 absent
3 absent
4 absent
5 absent
6 absent
7 absent

Left
none
Best: none

Right
none
Best: none

Constant
0 0000000 a match 0 1 2 3 4
1 1111111 a

Matching output
0 C0
1 C0
2 C0
3 C0
4 C0
5 absent
6 absent
7 absent

Left
0 0 0 0 0
Best: C0 0 0 0 0: 5

Right
none
Best: none

AND
01 10 0000000 a match 0 1 2 3 4
12 21 0001001 2
23 32 0001001 2
34 43 0000000 a match 0 1 2 3 4
45 54 1000000 1
56 65 0000000 a match 0 1 2 3 4
67 76 0000010 1
70 07 0010010 2 match 5

02 20 0000000 a match 0 1 2 3 4
13 31 0001001 2
24 42 0000000 a match 0 1 2 3 4
35 53 0000101 2
46 64 0000000 a match 0 1 2 3 4
57 75 0000000 a match 0 1 2 3 4
60 06 0000010 1
71 17 0000000 a match 0 1 2 3 4

03 30 0010110 3 match 6
14 41 1000000 1
25 52 0000001 1
36 63 0001010 2
47 74 0000000 a match 0 1 2 3 4
50 05 0000100 1
61 16 0001000 1
72 27 0000000 a match 0 1 2 3 4

04 40 0000000 a match 0 1 2 3 4
15 51 1000001 2
26 62 0001000 1
37 73 0010010 2 match 5

Matching output
0 01 10 34 43 56 65 02 20 24 42 46 64 57 75 71 17 47 74 72 27 04 40
1 01 10 34 43 56 65 02 20 24 42 46 64 57 75 71 17 47 74 72 27 04 40
2 01 10 34 43 56 65 02 20 24 42 46 64 57 75 71 17 47 74 72 27 04 40
3 01 10 34 43 56 65 02 20 24 42 46 64 57 75 71 17 47 74 72 27 04 40
4 01 10 34 43 56 65 02 20 24 42 46 64 57 75 71 17 47 74 72 27 04 40
5 70 07 37 73
6 03 30
7 absent

Left
01 12x
10 21x
34 45x
43 54x
56 67x
65 76x
02 13x
20 31x
24 35x
42 53x
46 57 60x
64 75 06x
57 60x
75 06x
71 02 13x
17 20 31x
47 50x
74 05x
72 03y
27 30y
04 15x
40 51x
Best: AND46 57: 2

Right
none
Best: none

OR
01 10 1011111 6
12 21 1001001 3 match 7
23 32 0011111 5
34 43 1011111 6
45 54 1000101 3
56 65 1101111 6
67 76 0111010 4
70 07 0010110 3 match 6

02 20 0011111 5
13 31 1011111 6
24 42 1001001 3 match 7
35 53 1011111 6
46 64 1101010 4
57 75 1010111 5
60 06 0111110 5
71 17 1011011 5

03 30 0011111 5
14 41 1001001 3 match 7
25 52 1001101 4
36 63 0111111 6
47 74 1010010 3
50 05 1010111 5
61 16 1101011 5
72 27 0011011 4

04 40 1010110 4
15 51 1001101 4
26 62 0101011 4
37 73 0011111 5

Matching output
0 absent
1 absent
2 absent
3 absent
4 absent
5 absent
6 70 07
7 12 21 24 42 14 41

Left
none
Best: none

Right
12 01x
21 10x
24 13x
42 31x
14 03x
41 30x
Best: OR12: 1

XOR
01 10 1011111 6
12 21 1000000 1
23 32 0010110 3 match 6
34 43 1011111 6
45 54 0000101 2
56 65 1101111 6
67 76 0111000 3
70 07 0000100 1

02 20 0011111 5
13 31 1010110 4
24 42 1001001 3 match 7
35 53 1011010 4
46 64 1101010 4
57 75 1010111 5
60 06 0111100 4
71 17 1011011 5

03 30 0001001 2
14 41 0001001 2
25 52 1001100 3
36 63 0110101 4
47 74 1010010 3
50 05 1010011 4
61 16 1100011 4
72 27 0011011 4

04 40 1010110 4
15 51 0001100 2
26 62 0100011 3
37 73 0001101 3

Matching output
0 absent
1 absent
2 absent
3 absent
4 absent
5 absent
6 23 32
7 24 42

Left
none
Best: none

Right
24 13x
42 31x
Best: XOR24: 1

AND-NOT
01 0010110 3 match 6
12 1000000 1
23 0000000 a match 0 1 2 3 4
34 0011111 5
45 0000000 a match 0 1 2 3 4
56 1000101 3
67 0101000 2
70 0000000 a match 0 1 2 3 4

02 0010110 3 match 6
13 1000000 1
24 0001001 2
35 0011010 3
46 1000000 1
57 1000101 3
60 0101000 2
71 0010010 2 match 5

03 0000000 a match 0 1 2 3 4
14 0001001 2
25 0001000 1
36 0010101 3
47 1000000 1
50 1000001 2
61 0100010 2
72 0010010 2 match 5

04 0010110 3 match 6
15 0001000 1
26 0000001 1
37 0001101 3
40 1000000 1
51 0000100 1
62 0100010 2
73 0000000 a match 0 1 2 3 4

05 0010010 2 match 5
16 1000001 2
27 0001001 2
30 0001001 2
41 0000000 a match 0 1 2 3 4
52 1000100 2
63 0100000 1
74 0010010 2 match 5

06 0010100 2
17 1001001 3 match 7
20 0001001 2
31 0010110 3 match 6
42 1000000 1
53 1000000 1
64 0101010 3
75 0010010 2 match 5

07 0000100 1
10 1001001 3 match 7
21 0000000 a match 0 1 2 3 4
32 0010110 3 match 6
43 1000000 1
54 0000101 2
65 0101010 3
76 0010000 1

Matching output
0 23 45 70 03 73 41 21
1 23 45 70 03 73 41 21
2 23 45 70 03 73 41 21
3 23 45 70 03 73 41 21
4 23 45 70 03 73 41 21
5 71 72 05 74 75
6 01 02 04 31 32
7 17 10

Left
23 34x
45 56x
70 01y
03 14x
73 04y
41 52x
21 32y
Best: AND-NOT23: 1

Right
17 06x
10 07x
Best: AND-NOT17: 1

OR-NOT
01 0110110 4
12 1111111 a
23 1101001 4
34 0111111 6
45 1111010 5
56 1010101 4
67 1101111 6
70 1111011 6

02 1110110 5
13 1101001 4
24 0111111 6
35 0111111 6
46 1010101 4
57 1101101 5
60 1101011 5
71 0110110 4

03 1110110 5
14 1111111 a
25 0111011 5
36 1011111 6
47 1101101 5
50 1101101 5
61 0111110 5
72 1110110 5

04 0111111 6
15 1111011 6
26 1011101 5
37 1111111 a
40 1101001 4
51 1110111 6
62 1111110 6
73 1110010 4

05 0111110 5
16 1011101 5
27 1101101 5
30 1111111 a
41 1110110 5
52 1110111 6
63 1101010 4
74 0111111 6

06 1010111 5
17 1101101 5
20 1101001 4
31 0111111 6
42 1110110 5
53 1100101 4
64 0111111 6
75 0111010 4

07 1111111 a
10 1101001 4
21 0111111 6
32 1111111 a
43 1100000 2
54 1111111 a
65 0111010 4
76 1010111 5

Matching output
0 absent
1 absent
2 absent
3 absent
4 absent
5 absent
6 absent
7 absent

Left
none
Best: none

Right
none
Best: none

XOR-NOT
01 0100000 1
12 0111111 6
23 1101001 4
34 0100000 1
45 1111010 5
56 0010000 1
67 1000111 4
70 1111011 6

02 1100000 2
13 0101001 3
24 0110110 4
35 0100101 3
46 0010101 3
57 0101000 2
60 1000011 3
71 0100100 2

03 1110110 5
14 1110110 5
25 0110011 4
36 1001010 3
47 0101101 4
50 0101100 3
61 0011100 3
72 1100100 3

04 0101001 3
15 1110011 5
26 1011100 4
37 1110010 4
40 0101001 3
51 1110011 5
62 1011100 4
73 1110010 4

05 0101100 3
16 0011100 3
27 1100100 3
30 1110110 5
41 1110110 5
52 0110011 4
63 1001010 3
74 0101101 4

06 1000011 3
17 0100100 2
20 1100000 2
31 0101001 3
42 0110110 4
53 0100101 3
64 0010101 3
75 0101000 2

07 1111011 6
10 0100000 1
21 0111111 6
32 1101001 4
43 0100000 1
54 1111010 5
65 0010000 1
76 1000111 4

Matching output
0 absent
1 absent
2 absent
3 absent
4 absent
5 absent
6 absent
7 absent

Left
none
Best: none

Right
none
Best: none

Selecting

Lefts
Identity none
NOT none
Constant C0 0 0 0 0: 5
AND AND46 57: 2
OR none
XOR none
AND-NOT AND-NOT23: 1
OR-NOT none
XOR-NOT none

Rights
Identity I1 0 7: 3
NOT none
Constant none
AND none
OR OR12: 1
XOR XOR24: 1
AND-NOT AND-NOT17: 1
OR-NOT none
XOR-NOT none

Left longest: 5
Right longest: 3

Left winner: Identity no, NOT no, Constant yes, AND no, OR no, XOR no, AND-NOT no, OR-NOT no, XOR-NOT no
Right winner: Identity yes, NOT no, Constant no, AND no, OR no, XOR no, AND-NOT no, OR-NOT no, XOR-NOT no

Best left: C0 0 0 0 0: 5
Best right: I1 0 7: 3

Truncated left: C0 0 0 0 0: 5
Truncated right: I1 0 7: 3

Tentative from right
7 I1
6 I0
5 I7
4 pending
3 pending
2 pending
1 pending
0 pending

Tentative
0 C0
1 C0
2 C0
3 C0
4 C0
5 I7
6 I0
7 I1

Preferred from left
0 C0
1 C0
2 C0
3 C0
4 C0
5 I7
6 I0
7 I1

Preferred from right
7 I1
6 I0
5 I7
4 C0
3 C0
2 C0
1 C0
0 C0

Preferred
0 C0
1 C0
2 C0
3 C0
4 C0
5 I7
6 I0
7 I1

Matching
0 C0
1 C0
2 C0
3 C0
4 C0
5 I7
6 I0
7 I1

Perfect match
Identity no
NOT no
Constant no
AND no
OR no
XOR no
AND-NOT no
OR-NOT no
XOR-NOT no

Matched
0 C0
1 C0
2 C0
3 C0
4 C0
5 I7
6 I0
7 I1

Selected
0 C0
1 C0
2 C0
3 C0
4 C0
5 I7
6 I0
7 I1

Applying to 11101101
Input
0 1
1 1
2 1
3 0
4 1
5 1
6 0
7 1
Output
0 C0 = 0
1 C0 = 0
2 C0 = 0
3 C0 = 0
4 C0 = 0
5 I7 = 1
6 I0 = 1
7 I1 = 1

I will now return the answer in \boxed{}
The answer in \boxed{–} is \boxed{00000111}
[correct]
true
