[category]
bit_manipulation
[prompt]
In Alice's Wonderland, a secret bit manipulation rule transforms 8-bit binary numbers. The transformation involves operations like bit shifts, rotations, XOR, AND, OR, NOT, and possibly majority or choice functions.

Here are some examples of input -> output:
10011011 -> 00111101
11011001 -> 01010101
11111011 -> 00110001
01010111 -> 01100101
10110011 -> 10111001
01011100 -> 10110100
11100101 -> 00010011
10000101 -> 00011111
11111001 -> 01010001
00010010 -> 10011101

Now, determine the output for: 10001011
[completion]
We need to deduce the transformation by matching the example outputs.
I will put my final answer inside \boxed{}.

Output 0: 00111101
0 0
1 0
2 1
3 1
4 1
5 1
6 0
7 1

Output 1: 01010101
0 0
1 1
2 0
3 1
4 0
5 1
6 0
7 1

Output 2: 00110001
0 0
1 0
2 1
3 1
4 0
5 0
6 0
7 1

Output 3: 01100101
0 0
1 1
2 1
3 0
4 0
5 1
6 0
7 1

Output 4: 10111001
0 1
1 0
2 1
3 1
4 1
5 0
6 0
7 1

Output 5: 10110100
0 1
1 0
2 1
3 1
4 0
5 1
6 0
7 0

Output 6: 00010011
0 0
1 0
2 0
3 1
4 0
5 0
6 1
7 1

Output 7: 00011111
0 0
1 0
2 0
3 1
4 1
5 1
6 1
7 1

Output 8: 01010001
0 0
1 1
2 0
3 1
4 0
5 0
6 0
7 1

Output 9: 10011101
0 1
1 0
2 0
3 1
4 1
5 1
6 0
7 1

Output bit columns (with bitsum as hash)
0 0000110001 3
1 0101000010 3
2 1011110000 5
3 1110111111 9
4 1000100101 4
5 1101010101 6
6 0000001100 2
7 1111101111 9

Input 0: 10011011
0 1
1 0
2 0
3 1
4 1
5 0
6 1
7 1

Input 1: 11011001
0 1
1 1
2 0
3 1
4 1
5 0
6 0
7 1

Input 2: 11111011
0 1
1 1
2 1
3 1
4 1
5 0
6 1
7 1

Input 3: 01010111
0 0
1 1
2 0
3 1
4 0
5 1
6 1
7 1

Input 4: 10110011
0 1
1 0
2 1
3 1
4 0
5 0
6 1
7 1

Input 5: 01011100
0 0
1 1
2 0
3 1
4 1
5 1
6 0
7 0

Input 6: 11100101
0 1
1 1
2 1
3 0
4 0
5 1
6 0
7 1

Input 7: 10000101
0 1
1 0
2 0
3 0
4 0
5 1
6 0
7 1

Input 8: 11111001
0 1
1 1
2 1
3 1
4 1
5 0
6 0
7 1

Input 9: 00010010
0 0
1 0
2 0
3 1
4 0
5 0
6 1
7 0

When matching output
x: not in operator
y: wrong position

Identity
0 1110101110 7
1 0111011010 6
2 0010101010 4
3 1111110011 8
4 1110010010 5
5 0001011100 4
6 1011100001 5
7 1111101110 8

Matching output
0 absent
1 absent
2 absent
3 absent
4 absent
5 absent
6 absent
7 absent

Left
none
Best: none

Right
none
Best: none

NOT
0 0001010001 3
1 1000100101 4 match 4
2 1101010101 6 match 5
3 0000001100 2 match 6
4 0001101101 5
5 1110100011 6
6 0100011110 5
7 0000010001 2

Matching output
0 absent
1 absent
2 absent
3 absent
4 1
5 2
6 3
7 absent

Left
none
Best: none

Right
none
Best: none

Constant
0 0000000000 a
1 1111111111 a

Matching output
0 absent
1 absent
2 absent
3 absent
4 absent
5 absent
6 absent
7 absent

Left
none
Best: none

Right
none
Best: none

AND
01 10 0110001010 4
12 21 0010001010 3
23 32 0010100010 3
34 43 1110010010 5
45 54 0000010000 1
56 65 0001000000 1
67 76 1011100000 4
70 07 1110101110 7

02 20 0010101010 4
13 31 0111010010 5
24 42 0010000010 2
35 53 0001010000 2
46 64 1010000000 2
57 75 0001001100 3
60 06 1010100000 3
71 17 0111001010 5

03 30 1110100010 5
14 41 0110010010 4
25 52 0000001000 1
36 63 1011100001 5
47 74 1110000010 4
50 05 0000001100 2 match 6
61 16 0011000000 2
72 27 0010101010 4

04 40 1110000010 4
15 51 0001011000 3
26 62 0010100000 2
37 73 1111100010 6

Matching output
0 absent
1 absent
2 absent
3 absent
4 absent
5 absent
6 50 05
7 absent

Left
none
Best: none

Right
none
Best: none

OR
01 10 1111111110 9
12 21 0111111010 7
23 32 1111111011 9
34 43 1111110011 8
45 54 1111011110 8
56 65 1011111101 8
67 76 1111101111 9 match 7
70 07 1111101110 8

02 20 1110101110 7
13 31 1111111011 9
24 42 1110111010 7
35 53 1111111111 a
46 64 1111110011 8
57 75 1111111110 9
60 06 1111101111 9 match 7
71 17 1111111110 9

03 30 1111111111 a
14 41 1111011010 7
25 52 0011111110 7
36 63 1111110011 8
47 74 1111111110 9
50 05 1111111110 9
61 16 1111111011 9
72 27 1111101110 8

04 40 1110111110 8
15 51 0111011110 7
26 62 1011101011 7
37 73 1111111111 a

Matching output
0 absent
1 absent
2 absent
3 absent
4 absent
5 absent
6 absent
7 67 76 60 06

Left
none
Best: none

Right
67 56x
76 65x
60 57x
06 75x
Best: OR67: 1

XOR
01 10 1001110100 5
12 21 0101110000 4
23 32 1101011001 6
34 43 0001100001 3
45 54 1111001110 7
56 65 1010111101 7
67 76 0100001111 5
70 07 0001000000 1

02 20 1100000100 3
13 31 1000101001 4
24 42 1100111000 5
35 53 1110101111 8
46 64 0101110011 6
57 75 1110110010 6
60 06 0101001111 6
71 17 1000110100 4

03 30 0001011101 5
14 41 1001001000 3
25 52 0011110110 6
36 63 0100010010 3
47 74 0001111100 5
50 05 1111110010 7
61 16 1100111011 7
72 27 1101000100 4

04 40 0000111100 4
15 51 0110000110 4
26 62 1001001011 5
37 73 0000011101 4

Matching output
0 absent
1 absent
2 absent
3 absent
4 absent
5 absent
6 absent
7 absent

Left
none
Best: none

Right
none
Best: none

AND-NOT
01 1000100100 3
12 0101010000 3
23 0000001000 1
34 0001100001 3
45 1110000010 4
56 0000011100 3
67 0000000001 1
70 0001000000 1

02 1100000100 3
13 0000001000 1
24 0000101000 2
35 1110100011 6
46 0100010010 3
57 0000010000 1
60 0001000001 2
71 1000100100 3

03 0000001100 2 match 6
14 0001001000 2
25 0010100010 3
36 0100010010 3
47 0000010000 1
50 0001010000 2
61 1000100001 3
72 1101000100 4

04 0000101100 3
15 0110000010 3
26 0000001010 2
37 0000010001 2
40 0000010000 1
51 0000000100 1
62 1001000001 3
73 0000001100 2 match 6

05 1110100010 5
16 0100011010 4
27 0000000000 a
30 0001010001 3
41 1000000000 1
52 0001010100 3
63 0000000000 a
74 0001101100 4

06 0100001110 4
17 0000010000 1
20 0000000000 a
31 1000100001 3
42 1100010000 3
53 0000001100 2 match 6
64 0001100001 3
75 1110100010 5

07 0000000000 a
10 0001010000 2
21 0000100000 1
32 1101010001 5
43 0000000000 a
54 0001001100 3
65 1010100001 4
76 0100001110 4

Matching output
0 absent
1 absent
2 absent
3 absent
4 absent
5 absent
6 03 73 53
7 absent

Left
none
Best: none

Right
none
Best: none

OR-NOT
01 1110101111 8
12 1111011111 9
23 0010101110 5
34 1111111111 a
45 1110110011 7
56 0101011110 6
67 1011110001 6
70 1111111111 a

02 1111111111 a
13 0111011110 7
24 0011101111 7
35 1111110011 8
46 1110011110 7
57 0001011101 5
60 1011110001 6
71 1111101111 9 match 7

03 1110101110 7
14 0111111111 9
25 1110101011 7
36 1111111111 a
47 1110010011 6
50 0001011101 5
61 1011100101 6
72 1111111111 a

04 1111101111 9 match 7
15 1111111011 9
26 0110111110 7
37 1111110011 8
40 1111010011 7
51 1001111101 7
62 1111110101 8
73 1111101110 8

05 1110101111 8
16 0111011110 7
27 0010111011 6
30 1111110011 8
41 1110110111 8
52 1101011101 7
63 1011101101 7
74 1111101111 9 match 7

06 1110111110 8
17 0111011011 7
20 0011111011 7
31 1111110111 9
42 1111010111 8
53 0001011100 4
64 1011101101 7
75 1111101111 9 match 7

07 1110111111 9 match 3
10 0111011011 7
21 1010101111 7
32 1111110111 9
43 1110011110 7
54 0001111101 6
65 1111100011 7
76 1111111110 9

Matching output
0 absent
1 absent
2 absent
3 07
4 absent
5 absent
6 absent
7 71 04 74 75

Left
none
Best: none

Right
71 60x
04 73x
74 63x
75 64x
Best: OR-NOT71: 1

XOR-NOT
01 0110001011 5
12 1010001111 6
23 0010100110 4
34 1110011110 7
45 0000110001 3 match 0
56 0101000010 3 match 1
67 1011110000 5 match 2
70 1110111111 9 match 3

02 0011111011 7
13 0111010110 6
24 0011000111 5
35 0001010000 2
46 1010001100 4
57 0001001101 4
60 1010110000 4
71 0111001011 6

03 1110100010 5
14 0110110111 7
25 1100001001 4
36 1011101101 7
47 1110000011 5
50 0000001101 3
61 0011000100 3
72 0010111011 6

04 1111000011 6
15 1001111001 6
26 0110110100 5
37 1111100010 6
40 1111000011 6
51 1001111001 6
62 0110110100 5
73 1111100010 6

05 0000001101 3
16 0011000100 3
27 0010111011 6
30 1110100010 5
41 0110110111 7
52 1100001001 4
63 1011101101 7
74 1110000011 5

06 1010110000 4
17 0111001011 6
20 0011111011 7
31 0111010110 6
42 0011000111 5
53 0001010000 2
64 1010001100 4
75 0001001101 4

07 1110111111 9 match 3
10 0110001011 5
21 1010001111 6
32 0010100110 4
43 1110011110 7
54 0000110001 3 match 0
65 0101000010 3 match 1
76 1011110000 5 match 2

Matching output
0 45 54
1 56 65
2 67 76
3 70 07
4 absent
5 absent
6 absent
7 absent

Left
45 56 67 70 01x
54 65 76 07 10x
Best: XOR-NOT45 56 67 70: 4

Right
none
Best: none

Selecting

Lefts
Identity none
NOT none
Constant none
AND none
OR none
XOR none
AND-NOT none
OR-NOT none
XOR-NOT XOR-NOT45 56 67 70: 4

Rights
Identity none
NOT none
Constant none
AND none
OR OR67: 1
XOR none
AND-NOT none
OR-NOT OR-NOT71: 1
XOR-NOT none

Left longest: 4
Right longest: 1

Left winner: Identity no, NOT no, Constant no, AND no, OR no, XOR no, AND-NOT no, OR-NOT no, XOR-NOT yes
Right winner: Identity no, NOT no, Constant no, AND no, OR yes, XOR no, AND-NOT no, OR-NOT no, XOR-NOT no

Best left: XOR-NOT45 56 67 70: 4
Best right: OR67: 1

Truncated left: XOR-NOT45 56 67 70: 4
Truncated right: OR67: 1

Tentative from right
7 OR67
6 pending
5 pending
4 pending
3 pending
2 pending
1 pending
0 pending

Tentative
0 XOR-NOT45
1 XOR-NOT56
2 XOR-NOT67
3 XOR-NOT70
4 pending
5 pending
6 pending
7 OR67

Preferred from left
0 XOR-NOT45
1 XOR-NOT56
2 XOR-NOT67
3 XOR-NOT70
4 ?01
5 ?12
6 ?23
7 OR67

Preferred from right
7 OR67
6 ?23
5 ?12
4 ?01
3 XOR-NOT70
2 XOR-NOT67
1 XOR-NOT56
0 XOR-NOT45

Preferred
0 XOR-NOT45
1 XOR-NOT56
2 XOR-NOT67
3 XOR-NOT70
4 ?01 ?10
5 ?12 ?21
6 ?23 ?32
7 OR67

Matching
0 XOR-NOT45
1 XOR-NOT56
2 XOR-NOT67
3 XOR-NOT70
4 ?01 ?10 - Identity absent, NOT NOT1, Constant absent, AND absent, OR absent, XOR absent, AND-NOT absent, OR-NOT absent, XOR-NOT absent
5 ?12 ?21 - Identity absent, NOT NOT2, Constant absent, AND absent, OR absent, XOR absent, AND-NOT absent, OR-NOT absent, XOR-NOT absent
6 ?23 ?32 - Identity absent, NOT NOT3, Constant absent, AND absent, OR absent, XOR absent, AND-NOT absent, OR-NOT absent, XOR-NOT absent
7 OR67

Perfect match
Identity no
NOT yes
Constant no
AND no
OR no
XOR no
AND-NOT no
OR-NOT no
XOR-NOT no

Matched
0 XOR-NOT45
1 XOR-NOT56
2 XOR-NOT67
3 XOR-NOT70
4 NOT1
5 NOT2
6 NOT3
7 OR67

Selected
0 XOR-NOT45
1 XOR-NOT56
2 XOR-NOT67
3 XOR-NOT70
4 NOT1
5 NOT2
6 NOT3
7 OR67

Applying to 10001011
Input
0 1
1 0
2 0
3 0
4 1
5 0
6 1
7 1
Output
0 XOR-NOT45 = XOR(1,NOT(0)) = 0
1 XOR-NOT56 = XOR(0,NOT(1)) = 0
2 XOR-NOT67 = XOR(1,NOT(1)) = 1
3 XOR-NOT70 = XOR(1,NOT(1)) = 1
4 NOT1 = NOT(0) = 1
5 NOT2 = NOT(0) = 1
6 NOT3 = NOT(0) = 1
7 OR67 = OR(1,1) = 1

I will now return the answer in \boxed{}
The answer in \boxed{–} is \boxed{00111111}
[correct]
true
