[category]
bit_manipulation
[prompt]
In Alice's Wonderland, a secret bit manipulation rule transforms 8-bit binary numbers. The transformation involves operations like bit shifts, rotations, XOR, AND, OR, NOT, and possibly majority or choice functions.

Here are some examples of input -> output:
11010001 -> 11110011
00110111 -> 11111100
11000010 -> 11110011
00110000 -> 11111100
11000000 -> 11110011
00111000 -> 11111100
01000101 -> 11111011
01001111 -> 11111011
10100010 -> 11110111
01110111 -> 11111001

Now, determine the output for: 11110111
[completion]
We need to deduce the transformation by matching the example outputs.
I will put my final answer inside \boxed{}.

Output 0: 11110011
0 1
1 1
2 1
3 1
4 0
5 0
6 1
7 1

Output 1: 11111100
0 1
1 1
2 1
3 1
4 1
5 1
6 0
7 0

Output 2: 11110011
0 1
1 1
2 1
3 1
4 0
5 0
6 1
7 1

Output 3: 11111100
0 1
1 1
2 1
3 1
4 1
5 1
6 0
7 0

Output 4: 11110011
0 1
1 1
2 1
3 1
4 0
5 0
6 1
7 1

Output 5: 11111100
0 1
1 1
2 1
3 1
4 1
5 1
6 0
7 0

Output 6: 11111011
0 1
1 1
2 1
3 1
4 1
5 0
6 1
7 1

Output 7: 11111011
0 1
1 1
2 1
3 1
4 1
5 0
6 1
7 1

Output 8: 11110111
0 1
1 1
2 1
3 1
4 0
5 1
6 1
7 1

Output 9: 11111001
0 1
1 1
2 1
3 1
4 1
5 0
6 0
7 1

Output bit columns (with bitsum as hash)
0 1111111111 a
1 1111111111 a
2 1111111111 a
3 1111111111 a
4 0101011101 6
5 0101010010 4
6 1010101110 6
7 1010101111 7

Input 0: 11010001
0 1
1 1
2 0
3 1
4 0
5 0
6 0
7 1

Input 1: 00110111
0 0
1 0
2 1
3 1
4 0
5 1
6 1
7 1

Input 2: 11000010
0 1
1 1
2 0
3 0
4 0
5 0
6 1
7 0

Input 3: 00110000
0 0
1 0
2 1
3 1
4 0
5 0
6 0
7 0

Input 4: 11000000
0 1
1 1
2 0
3 0
4 0
5 0
6 0
7 0

Input 5: 00111000
0 0
1 0
2 1
3 1
4 1
5 0
6 0
7 0

Input 6: 01000101
0 0
1 1
2 0
3 0
4 0
5 1
6 0
7 1

Input 7: 01001111
0 0
1 1
2 0
3 0
4 1
5 1
6 1
7 1

Input 8: 10100010
0 1
1 0
2 1
3 0
4 0
5 0
6 1
7 0

Input 9: 01110111
0 0
1 1
2 1
3 1
4 0
5 1
6 1
7 1

When matching output
x: not in operator
y: wrong position

Identity
0 1010100010 4
1 1010101101 6
2 0101010011 5
3 1101010001 5
4 0000010100 2
5 0100001101 4
6 0110000111 5
7 1100001101 5

Matching output
0 absent
1 absent
2 absent
3 absent
4 absent
5 absent
6 absent
7 absent

Left
none
Best: none

Right
none
Best: none

NOT
0 0101011101 6 match 4
1 0101010010 4 match 5
2 1010101100 5
3 0010101110 5
4 1111101011 8
5 1011110010 6
6 1001111000 5
7 0011110010 5

Matching output
0 absent
1 absent
2 absent
3 absent
4 0
5 1
6 absent
7 absent

Left
none
Best: none

Right
none
Best: none

Constant
0 0000000000 a
1 1111111111 a match 0 1 2 3

Matching output
0 C1
1 C1
2 C1
3 C1
4 absent
5 absent
6 absent
7 absent

Left
1 1 1 1
Best: C1 1 1 1: 4

Right
none
Best: none

AND
01 10 1010100000 3
12 21 0000000001 1
23 32 0101010001 4
34 43 0000010000 1
45 54 0000000100 1
56 65 0100000101 3
67 76 0100000101 3
70 07 1000000000 1

02 20 0000000010 1
13 31 1000000001 2
24 42 0000010000 1
35 53 0100000001 2
46 64 0000000100 1
57 75 0100001101 4
60 06 0010000010 2
71 17 1000001101 4

03 30 1000000000 1
14 41 0000000100 1
25 52 0100000001 2
36 63 0100000001 2
47 74 0000000100 1
50 05 0000000000 a
61 16 0010000101 3
72 27 0100000001 2

04 40 0000000000 a
15 51 0000001101 3
26 62 0100000011 3
37 73 1100000001 3

Matching output
0 absent
1 absent
2 absent
3 absent
4 absent
5 absent
6 absent
7 absent

Left
none
Best: none

Right
none
Best: none

OR
01 10 1010101111 7 match 7
12 21 1111111111 a match 0 1 2 3
23 32 1101010011 6
34 43 1101010101 6
45 54 0100011101 5
56 65 0110001111 6
67 76 1110001111 7
70 07 1110101111 8

02 20 1111110011 8
13 31 1111111101 9
24 42 0101010111 6
35 53 1101011101 7
46 64 0110010111 6
57 75 1100001101 5
60 06 1110100111 7
71 17 1110101101 7

03 30 1111110011 8
14 41 1010111101 7
25 52 0101011111 7
36 63 1111010111 8
47 74 1100011101 6
50 05 1110101111 8
61 16 1110101111 8
72 27 1101011111 8

04 40 1010110110 6
15 51 1110101101 7
26 62 0111010111 7
37 73 1101011101 7

Matching output
0 12 21
1 12 21
2 12 21
3 12 21
4 absent
5 absent
6 absent
7 01 10

Left
12 23x
21 32x
Best: OR12: 1

Right
01 70x
10 07x
Best: OR01: 1

XOR
01 10 0000001111 4
12 21 1111111110 9
23 32 1000000010 2
34 43 1101000101 5
45 54 0100011001 4
56 65 0010001010 3
67 76 1010001010 4
70 07 0110101111 7

02 20 1111110001 7
13 31 0111111100 7
24 42 0101000111 5
35 53 1001011100 5
46 64 0110010011 5
57 75 1000000000 1
60 06 1100100101 5
71 17 0110100000 3

03 30 0111110011 7
14 41 1010111001 6
25 52 0001011110 5
36 63 1011010110 6
47 74 1100011001 5
50 05 1110101111 8
61 16 1100101010 5
72 27 1001011110 6

04 40 1010110110 6
15 51 1110100000 4
26 62 0011010100 4
37 73 0001011100 4

Matching output
0 absent
1 absent
2 absent
3 absent
4 absent
5 absent
6 absent
7 absent

Left
none
Best: none

Right
none
Best: none

AND-NOT
01 0000000010 1
12 1010101100 5
23 0000000010 1
34 1101000001 4
45 0000010000 1
56 0000001000 1
67 0010000010 2
70 0100001101 4

02 1010100000 3
13 0010101100 4
24 0101000011 4
35 1001010000 3
46 0000010000 1
57 0000000000 a
60 0100000101 3
71 0100000000 1

03 0010100010 3
14 1010101001 5
25 0001010010 3
36 1001010000 3
47 0000010000 1
50 0100001101 4
61 0100000010 2
72 1000001100 3

04 1010100010 4
15 1010100000 3
26 0001010000 2
37 0001010000 2
40 0000010100 2
51 0100000000 1
62 0010000100 2
73 0000001100 2

05 1010100010 4
16 1000101000 3
27 0001010010 3
30 0101010001 4
41 0000010000 1
52 0000001100 2
63 0010000110 3
74 1100001001 4

06 1000100000 2
17 0010100000 2
20 0101010001 4
31 0101010000 3
42 0000000100 1
53 0000001100 2
64 0110000011 4
75 1000000000 1

07 0010100010 3
10 0000001101 3
21 0101010010 4 match 5
32 1000000000 1
43 0000000100 1
54 0100001001 3
65 0010000010 2
76 1000001000 2

Matching output
0 absent
1 absent
2 absent
3 absent
4 absent
5 21
6 absent
7 absent

Left
none
Best: none

Right
none
Best: none

OR-NOT
01 1111110010 7
12 1010101101 6
23 0111111111 9
34 1111111011 9
45 1011110110 7
56 1101111101 8
67 0111110111 8
70 1101011101 7

02 1010101110 6 match 6
13 1010101111 7 match 7
24 1111111011 9
35 1111110011 8
46 1001111100 6
57 0111111111 9
60 0111011111 8
71 1101011111 8

03 1010101110 6 match 6
14 1111101111 9
25 1111110011 8
36 1101111001 7
47 0011110110 6
50 0101011101 6 match 4
61 0111010111 7
72 1110101101 7

04 1111101011 8
15 1011111111 9
26 1101111011 8
37 1111110011 8
40 0101011101 6 match 4
51 0101011111 7
62 1110101111 8
73 1110101111 8

05 1011110010 6
16 1011111101 8
27 0111110011 7
30 1101011101 7
41 0101010110 5
52 1110101101 7
63 0110101111 7
74 1111101111 9

06 1011111010 7
17 1011111111 9
20 0101011111 7
31 1101010011 6
42 1010111100 6
53 0110101111 7
64 1111101111 9
75 1111111111 a match 0 1 2 3

07 1011110010 6
10 1111111101 9
21 0101010011 5
32 1111111101 9
43 0010111110 6
54 1111101111 9
65 1111110111 9
76 1101111101 8

Matching output
0 75
1 75
2 75
3 75
4 50 40
5 absent
6 02 03
7 13

Left
75 06x
Best: OR-NOT75: 1

Right
13 02 71x
Best: OR-NOT13 02: 2

XOR-NOT
01 1111110000 6
12 0000000001 1
23 0111111101 8
34 0010111010 5
45 1011100110 6
56 1101110101 7
67 0101110101 6
70 1001010000 3

02 0000001110 3
13 1000000011 3
24 1010111000 5
35 0110100011 5
46 1001101100 5
57 0111111111 9
60 0011011010 5
71 1001011111 7

03 1000001100 3
14 0101000110 4
25 1110100001 5
36 0100101001 4
47 0011100110 5
50 0001010000 2
61 0011010101 5
72 0110100001 4

04 0101001001 4
15 0001011111 6
26 1100101011 6
37 1110100011 6
40 0101001001 4
51 0001011111 6
62 1100101011 6
73 1110100011 6

05 0001010000 2
16 0011010101 5
27 0110100001 4
30 1000001100 3
41 0101000110 4
52 1110100001 5
63 0100101001 4
74 0011100110 5

06 0011011010 5
17 1001011111 7
20 0000001110 3
31 1000000011 3
42 1010111000 5
53 0110100011 5
64 1001101100 5
75 0111111111 9

07 1001010000 3
10 1111110000 6
21 0000000001 1
32 0111111101 8
43 0010111010 5
54 1011100110 6
65 1101110101 7
76 0101110101 6

Matching output
0 absent
1 absent
2 absent
3 absent
4 absent
5 absent
6 absent
7 absent

Left
none
Best: none

Right
none
Best: none

Selecting

Lefts
Identity none
NOT none
Constant C1 1 1 1: 4
AND none
OR OR12: 1
XOR none
AND-NOT none
OR-NOT OR-NOT75: 1
XOR-NOT none

Rights
Identity none
NOT none
Constant none
AND none
OR OR01: 1
XOR none
AND-NOT none
OR-NOT OR-NOT13 02: 2
XOR-NOT none

Left longest: 4
Right longest: 2

Left winner: Identity no, NOT no, Constant yes, AND no, OR no, XOR no, AND-NOT no, OR-NOT no, XOR-NOT no
Right winner: Identity no, NOT no, Constant no, AND no, OR no, XOR no, AND-NOT no, OR-NOT yes, XOR-NOT no

Best left: C1 1 1 1: 4
Best right: OR-NOT13 02: 2

Truncated left: C1 1 1 1: 4
Truncated right: OR-NOT13 02: 2

Tentative from right
7 OR-NOT13
6 OR-NOT02
5 pending
4 pending
3 pending
2 pending
1 pending
0 pending

Tentative
0 C1
1 C1
2 C1
3 C1
4 pending
5 pending
6 OR-NOT02
7 OR-NOT13

Preferred from left
0 C1
1 C1
2 C1
3 C1
4 pending
5 pending
6 OR-NOT02
7 OR-NOT13

Preferred from right
7 OR-NOT13
6 OR-NOT02
5 ?71
4 ?60
3 C1
2 C1
1 C1
0 C1

Preferred
0 C1
1 C1
2 C1
3 C1
4 ?60 ?06
5 ?71 ?17
6 OR-NOT02
7 OR-NOT13

Matching
0 C1
1 C1
2 C1
3 C1
4 ?60 ?06 - Identity absent, NOT NOT0, Constant absent, AND absent, OR absent, XOR absent, AND-NOT absent, OR-NOT absent, XOR-NOT absent
5 ?71 ?17 - Identity absent, NOT NOT1, Constant absent, AND absent, OR absent, XOR absent, AND-NOT absent, OR-NOT absent, XOR-NOT absent
6 OR-NOT02
7 OR-NOT13

Perfect match
Identity no
NOT yes
Constant no
AND no
OR no
XOR no
AND-NOT no
OR-NOT no
XOR-NOT no

Matched
0 C1
1 C1
2 C1
3 C1
4 NOT0
5 NOT1
6 OR-NOT02
7 OR-NOT13

Selected
0 C1
1 C1
2 C1
3 C1
4 NOT0
5 NOT1
6 OR-NOT02
7 OR-NOT13

Applying to 11110111
Input
0 1
1 1
2 1
3 1
4 0
5 1
6 1
7 1
Output
0 C1 = 1
1 C1 = 1
2 C1 = 1
3 C1 = 1
4 NOT0 = NOT(1) = 0
5 NOT1 = NOT(1) = 0
6 OR-NOT02 = OR(1,NOT(1)) = 1
7 OR-NOT13 = OR(1,NOT(1)) = 1

I will now return the answer in \boxed{}
The answer in \boxed{–} is \boxed{11110011}
[correct]
true
