[category]
bit_manipulation
[prompt]
In Alice's Wonderland, a secret bit manipulation rule transforms 8-bit binary numbers. The transformation involves operations like bit shifts, rotations, XOR, AND, OR, NOT, and possibly majority or choice functions.

Here are some examples of input -> output:
01110010 -> 10011100
10011001 -> 11101110
11011011 -> 11111110
00100100 -> 00101001
00110011 -> 11011100
10111100 -> 11101111
10001010 -> 11110010
00100001 -> 01001000

Now, determine the output for: 00011110
[completion]
We need to deduce the transformation by matching the example outputs.
I will put my final answer inside \boxed{}.

Output 0: 10011100
0 1
1 0
2 0
3 1
4 1
5 1
6 0
7 0

Output 1: 11101110
0 1
1 1
2 1
3 0
4 1
5 1
6 1
7 0

Output 2: 11111110
0 1
1 1
2 1
3 1
4 1
5 1
6 1
7 0

Output 3: 00101001
0 0
1 0
2 1
3 0
4 1
5 0
6 0
7 1

Output 4: 11011100
0 1
1 1
2 0
3 1
4 1
5 1
6 0
7 0

Output 5: 11101111
0 1
1 1
2 1
3 0
4 1
5 1
6 1
7 1

Output 6: 11110010
0 1
1 1
2 1
3 1
4 0
5 0
6 1
7 0

Output 7: 01001000
0 0
1 1
2 0
3 0
4 1
5 0
6 0
7 0

Output bit columns (with bitsum as hash)
0 11101110 6
1 01101111 6
2 01110110 5
3 10101010 4
4 11111101 7
5 11101100 5
6 01100110 4
7 00010100 2

Input 0: 01110010
0 0
1 1
2 1
3 1
4 0
5 0
6 1
7 0

Input 1: 10011001
0 1
1 0
2 0
3 1
4 1
5 0
6 0
7 1

Input 2: 11011011
0 1
1 1
2 0
3 1
4 1
5 0
6 1
7 1

Input 3: 00100100
0 0
1 0
2 1
3 0
4 0
5 1
6 0
7 0

Input 4: 00110011
0 0
1 0
2 1
3 1
4 0
5 0
6 1
7 1

Input 5: 10111100
0 1
1 0
2 1
3 1
4 1
5 1
6 0
7 0

Input 6: 10001010
0 1
1 0
2 0
3 0
4 1
5 0
6 1
7 0

Input 7: 00100001
0 0
1 0
2 1
3 0
4 0
5 0
6 0
7 1

When matching output
x: not in operator
y: wrong position

Identity
0 01100110 4 match 6
1 10100000 2
2 10011101 5
3 11101100 5 match 5
4 01100110 4 match 6
5 00010100 2 match 7
6 10101010 4 match 3
7 01101001 4

Matching output
0 absent
1 absent
2 absent
3 6
4 absent
5 3
6 0 4
7 5

Left
none
Best: none

Right
5 4 3 2x
Best: I5 4 3: 3

NOT
0 10011001 4
1 01011111 6
2 01100010 3
3 00010011 3
4 10011001 4
5 11101011 6
6 01010101 4
7 10010110 4

Matching output
0 absent
1 absent
2 absent
3 absent
4 absent
5 absent
6 absent
7 absent

Left
none
Best: none

Right
none
Best: none

Constant
0 00000000 a
1 11111111 a

Matching output
0 absent
1 absent
2 absent
3 absent
4 absent
5 absent
6 absent
7 absent

Left
none
Best: none

Right
none
Best: none

AND
01 10 00100000 1
12 21 10000000 1
23 32 10001100 3
34 43 01100100 3
45 54 00000100 1
56 65 00000000 a
67 76 00101000 2
70 07 01100000 2

02 20 00000100 1
13 31 10100000 2
24 42 00000100 1
35 53 00000100 1
46 64 00100010 2
57 75 00000000 a
60 06 00100010 2
71 17 00100000 1

03 30 01100100 3
14 41 00100000 1
25 52 00010100 2 match 7
36 63 10101000 3
47 74 01100000 2
50 05 00000100 1
61 16 10100000 2
72 27 00001001 2

04 40 01100110 4 match 6
15 51 00000000 a
26 62 10001000 2
37 73 01101000 3

Matching output
0 absent
1 absent
2 absent
3 absent
4 absent
5 absent
6 04 40
7 25 52

Left
none
Best: none

Right
25 14x
52 41x
Best: AND25: 1

OR
01 10 11100110 5
12 21 10111101 6
23 32 11111101 7 match 4
34 43 11101110 6 match 0
45 54 01110110 5 match 2
56 65 10111110 6
67 76 11101011 6
70 07 01101111 6 match 1

02 20 11111111 a
13 31 11101100 5 match 5
24 42 11111111 a
35 53 11111100 6
46 64 11101110 6 match 0
57 75 01111101 6
60 06 11101110 6 match 0
71 17 11101001 5

03 30 11101110 6 match 0
14 41 11100110 5
25 52 10011101 5
36 63 11101110 6 match 0
47 74 01101111 6 match 1
50 05 01110110 5 match 2
61 16 10101010 4 match 3
72 27 11111101 7 match 4

04 40 01100110 4 match 6
15 51 10110100 4
26 62 10111111 7
37 73 11101101 6

Matching output
0 34 43 46 64 60 06 03 30 36 63
1 70 07 47 74
2 45 54 50 05
3 61 16
4 23 32 72 27
5 13 31
6 04 40
7 absent

Left
34 45y
43 54y
46 57x
64 75x
60 71x
06 17x
03 14x
30 41x
36 47 50 61 72 03y
63 74 05 16 27 30y
Best: OR36 47 50 61 72: 5

Right
none
Best: none

XOR
01 10 11000110 4
12 21 00111101 5
23 32 01110001 4
34 43 10001010 3
45 54 01110010 4
56 65 10111110 6
67 76 11000011 4
70 07 00001111 4

02 20 11111011 7
13 31 01001100 3
24 42 11111011 7
35 53 11111000 5
46 64 11001100 4
57 75 01111101 6
60 06 11001100 4
71 17 11001001 4

03 30 10001010 3
14 41 11000110 4
25 52 10001001 3
36 63 01000110 3
47 74 00001111 4
50 05 01110010 4
61 16 00001010 2
72 27 11110100 5

04 40 00000000 a
15 51 10110100 4
26 62 00110111 5
37 73 10000101 3

Matching output
0 absent
1 absent
2 absent
3 absent
4 absent
5 absent
6 absent
7 absent

Left
none
Best: none

Right
none
Best: none

AND-NOT
01 01000110 3
12 00100000 1
23 00010001 2
34 10001000 2
45 01100010 3
56 00010100 2 match 7
67 10000010 2
70 00001001 2

02 01100010 3
13 00000000 a
24 10011001 4
35 11101000 4
46 01000100 2
57 00010100 2 match 7
60 10001000 2
71 01001001 3

03 00000010 1
14 10000000 1
25 10001001 3
36 01000100 2
47 00000110 2
50 00010000 1
61 00001010 2
72 01100000 2

04 00000000 a
15 10100000 2
26 00010101 3
37 10000100 2
40 00000000 a
51 00010100 2 match 7
62 00100010 2
73 00000001 1

05 01100010 3
16 00000000 a
27 10010100 3
30 10001000 2
41 01000110 3
52 00000000 a
63 00000010 1
74 00001001 2

06 01000100 2
17 10000000 1
20 10011001 4
31 01001100 3
42 01100010 3
53 00010000 1
64 10001000 2
75 01101001 4

07 00000110 2
10 10000000 1
21 00011101 4
32 01100000 2
43 00000010 1
54 00010000 1
65 10101010 4 match 3
76 01000001 2

Matching output
0 absent
1 absent
2 absent
3 65
4 absent
5 absent
6 absent
7 56 57 51

Left
none
Best: none

Right
56 45x
57 46x
51 40x
Best: AND-NOT56: 1

OR-NOT
01 01111111 7
12 11100010 4
23 10011111 6
34 11111101 7 match 4
45 11101111 7
56 01010101 4
67 10111110 6
70 11111001 6

02 01100110 4 match 6
13 10110011 5
24 10011101 5
35 11101111 7
46 01110111 6
57 10010110 4
60 10111011 6
71 01111111 7

03 01110111 6
14 10111001 5
25 11111111 a
36 11111101 7 match 4
47 11110110 6
50 10011101 5
61 11111111 a
72 01101011 5

04 11111111 a
15 11101011 6
26 11011101 6
37 11111110 7
40 11111111 a
51 01011111 6
62 11101010 5
73 01111011 6

05 11101111 7
16 11110101 6
27 10011111 6
30 11111101 7 match 4
41 01111111 7
52 01110110 5 match 2
63 10111011 6
74 11111001 6

06 01110111 6
17 10110110 5
20 10011101 5
31 11111111 a
42 01100110 4 match 6
53 00010111 4
64 10111011 6
75 11101011 6

07 11110110 6
10 10111001 5
21 11011111 7
32 11101110 6 match 0
43 01110111 6
54 10011101 5
65 11101011 6
76 01111101 6

Matching output
0 32
1 absent
2 52
3 absent
4 34 36 30
5 absent
6 02 42
7 absent

Left
32 43x
Best: OR-NOT32: 1

Right
none
Best: none

XOR-NOT
01 00111001 4
12 11000010 3
23 10001110 4
34 01110101 5
45 10001101 4
56 01000001 2
67 00111100 4
70 11110000 4

02 00000100 1
13 10110011 5
24 00000100 1
35 00000111 3
46 00110011 4
57 10000010 2
60 00110011 4
71 00110110 4

03 01110101 5
14 00111001 4
25 01110110 5 match 2
36 10111001 5
47 11110000 4
50 10001101 4
61 11110101 6
72 00001011 3

04 11111111 a
15 01001011 4
26 11001000 3
37 01111010 5
40 11111111 a
51 01001011 4
62 11001000 3
73 01111010 5

05 10001101 4
16 11110101 6
27 00001011 3
30 01110101 5
41 00111001 4
52 01110110 5 match 2
63 10111001 5
74 11110000 4

06 00110011 4
17 00110110 4
20 00000100 1
31 10110011 5
42 00000100 1
53 00000111 3
64 00110011 4
75 10000010 2

07 11110000 4
10 00111001 4
21 11000010 3
32 10001110 4
43 01110101 5
54 10001101 4
65 01000001 2
76 00111100 4

Matching output
0 absent
1 absent
2 25 52
3 absent
4 absent
5 absent
6 absent
7 absent

Left
none
Best: none

Right
none
Best: none

Selecting

Lefts
Identity none
NOT none
Constant none
AND none
OR OR36 47 50 61 72: 5
XOR none
AND-NOT none
OR-NOT OR-NOT32: 1
XOR-NOT none

Rights
Identity I5 4 3: 3
NOT none
Constant none
AND AND25: 1
OR none
XOR none
AND-NOT AND-NOT56: 1
OR-NOT none
XOR-NOT none

Left longest: 5
Right longest: 3

Left winner: Identity no, NOT no, Constant no, AND no, OR yes, XOR no, AND-NOT no, OR-NOT no, XOR-NOT no
Right winner: Identity yes, NOT no, Constant no, AND no, OR no, XOR no, AND-NOT no, OR-NOT no, XOR-NOT no

Best left: OR36 47 50 61 72: 5
Best right: I5 4 3: 3

Truncated left: OR36 47 50 61 72: 5
Truncated right: I5 4 3: 3

Tentative from right
7 I5
6 I4
5 I3
4 pending
3 pending
2 pending
1 pending
0 pending

Tentative
0 OR36
1 OR47
2 OR50
3 OR61
4 OR72
5 I3
6 I4
7 I5

Preferred from left
0 OR36
1 OR47
2 OR50
3 OR61
4 OR72
5 I3
6 I4
7 I5

Preferred from right
7 I5
6 I4
5 I3
4 OR72
3 OR61
2 OR50
1 OR47
0 OR36

Preferred
0 OR36
1 OR47
2 OR50
3 OR61
4 OR72
5 I3
6 I4
7 I5

Matching
0 OR36
1 OR47
2 OR50
3 OR61
4 OR72
5 I3
6 I4
7 I5

Perfect match
Identity no
NOT no
Constant no
AND no
OR no
XOR no
AND-NOT no
OR-NOT no
XOR-NOT no

Matched
0 OR36
1 OR47
2 OR50
3 OR61
4 OR72
5 I3
6 I4
7 I5

Selected
0 OR36
1 OR47
2 OR50
3 OR61
4 OR72
5 I3
6 I4
7 I5

Applying to 00011110
Input
0 0
1 0
2 0
3 1
4 1
5 1
6 1
7 0
Output
0 OR36 = OR(1,1) = 1
1 OR47 = OR(1,0) = 1
2 OR50 = OR(1,0) = 1
3 OR61 = OR(1,0) = 1
4 OR72 = OR(0,0) = 0
5 I3 = 1
6 I4 = 1
7 I5 = 1

I will now return the answer in \boxed{}
The answer in \boxed{–} is \boxed{11110111}
[correct]
true
