[category]
bit_manipulation
[prompt]
In Alice's Wonderland, a secret bit manipulation rule transforms 8-bit binary numbers. The transformation involves operations like bit shifts, rotations, XOR, AND, OR, NOT, and possibly majority or choice functions.

Here are some examples of input -> output:
11001110 -> 00100001
11100110 -> 10000100
01101110 -> 10110101
11101000 -> 10111101
11110010 -> 11010110
10101001 -> 10110001
10000011 -> 00011100
10001100 -> 00100001
11011000 -> 01111011
00000100 -> 00010000

Now, determine the output for: 10111011
[completion]
We need to deduce the transformation by matching the example outputs.
I will put my final answer inside \boxed{}.

Output 0: 00100001
0 0
1 0
2 1
3 0
4 0
5 0
6 0
7 1

Output 1: 10000100
0 1
1 0
2 0
3 0
4 0
5 1
6 0
7 0

Output 2: 10110101
0 1
1 0
2 1
3 1
4 0
5 1
6 0
7 1

Output 3: 10111101
0 1
1 0
2 1
3 1
4 1
5 1
6 0
7 1

Output 4: 11010110
0 1
1 1
2 0
3 1
4 0
5 1
6 1
7 0

Output 5: 10110001
0 1
1 0
2 1
3 1
4 0
5 0
6 0
7 1

Output 6: 00011100
0 0
1 0
2 0
3 1
4 1
5 1
6 0
7 0

Output 7: 00100001
0 0
1 0
2 1
3 0
4 0
5 0
6 0
7 1

Output 8: 01111011
0 0
1 1
2 1
3 1
4 1
5 0
6 1
7 1

Output 9: 00010000
0 0
1 0
2 0
3 1
4 0
5 0
6 0
7 0

Output bit columns (with bitsum as hash)
0 0111110000 5
1 0000100010 2
2 1011010110 6
3 0011111011 7
4 0001001010 3
5 0111101000 5
6 0000100010 2
7 1011010110 6

Input 0: 11001110
0 1
1 1
2 0
3 0
4 1
5 1
6 1
7 0

Input 1: 11100110
0 1
1 1
2 1
3 0
4 0
5 1
6 1
7 0

Input 2: 01101110
0 0
1 1
2 1
3 0
4 1
5 1
6 1
7 0

Input 3: 11101000
0 1
1 1
2 1
3 0
4 1
5 0
6 0
7 0

Input 4: 11110010
0 1
1 1
2 1
3 1
4 0
5 0
6 1
7 0

Input 5: 10101001
0 1
1 0
2 1
3 0
4 1
5 0
6 0
7 1

Input 6: 10000011
0 1
1 0
2 0
3 0
4 0
5 0
6 1
7 1

Input 7: 10001100
0 1
1 0
2 0
3 0
4 1
5 1
6 0
7 0

Input 8: 11011000
0 1
1 1
2 0
3 1
4 1
5 0
6 0
7 0

Input 9: 00000100
0 0
1 0
2 0
3 0
4 0
5 1
6 0
7 0

When matching output
x: not in operator
y: wrong position

Identity
0 1101111110 8
1 1111100010 6
2 0111110000 5 match 0
3 0000100010 2 match 1 6
4 1011010110 6 match 2 7
5 1110000101 5
6 1110101000 5
7 0000011000 2

Matching output
0 2
1 3
2 4
3 absent
4 absent
5 absent
6 3
7 4

Left
2 3 4 5x
Best: I2 3 4: 3

Right
4 3 2y
Best: I4 3: 2

NOT
0 0010000001 2
1 0000011101 4
2 1000001111 5
3 1111011101 8
4 0100101001 4
5 0001111010 5
6 0001010111 5
7 1111100111 8

Matching output
0 absent
1 absent
2 absent
3 absent
4 absent
5 absent
6 absent
7 absent

Left
none
Best: none

Right
none
Best: none

Constant
0 0000000000 a
1 1111111111 a

Matching output
0 absent
1 absent
2 absent
3 absent
4 absent
5 absent
6 absent
7 absent

Left
none
Best: none

Right
none
Best: none

AND
01 10 1101100010 5
12 21 0111100000 4
23 32 0000100000 1
34 43 0000000010 1
45 54 1010000100 3
56 65 1110000000 3
67 76 0000001000 1
70 07 0000011000 2

02 20 0101110000 4
13 31 0000100010 2 match 1 6
24 42 0011010000 3
35 53 0000000000 a
46 64 1010000000 2
57 75 0000000000 a
60 06 1100101000 4
71 17 0000000000 a

03 30 0000100010 2 match 1 6
14 41 1011000010 4
25 52 0110000000 2
36 63 0000100000 1
47 74 0000010000 1
50 05 1100000100 3
61 16 1110100000 4
72 27 0000010000 1

04 40 1001010110 5
15 51 1110000000 3
26 62 0110100000 3
37 73 0000000000 a

Matching output
0 absent
1 13 31 03 30
2 absent
3 absent
4 absent
5 absent
6 13 31 03 30
7 absent

Left
none
Best: none

Right
none
Best: none

OR
01 10 1111111110 9
12 21 1111110010 7
23 32 0111110010 6
34 43 1011110110 7
45 54 1111010111 8
56 65 1110101101 7
67 76 1110111000 6
70 07 1101111110 8

02 20 1111111110 9
13 31 1111100010 6
24 42 1111110110 8
35 53 1110100111 7
46 64 1111111110 9
57 75 1110011101 7
60 06 1111111110 9
71 17 1111111010 8

03 30 1101111110 8
14 41 1111110110 8
25 52 1111110101 8
36 63 1110101010 6
47 74 1011011110 7
50 05 1111111111 a
61 16 1111101010 7
72 27 0111111000 6

04 40 1111111110 9
15 51 1111100111 8
26 62 1111111000 7
37 73 0000111010 4

Matching output
0 absent
1 absent
2 absent
3 absent
4 absent
5 absent
6 absent
7 absent

Left
none
Best: none

Right
none
Best: none

XOR
01 10 0010011100 4
12 21 1000010010 3
23 32 0111010010 5
34 43 1011110100 6
45 54 0101010011 5
56 65 0000101101 4
67 76 1110110000 5
70 07 1101100110 6

02 20 1010001110 5
13 31 1111000000 4
24 42 1100100110 5
35 53 1110100111 7
46 64 0101111110 7
57 75 1110011101 7
60 06 0011010110 5
71 17 1111111010 8

03 30 1101011100 6
14 41 0100110100 4
25 52 1001110101 6
36 63 1110001010 5
47 74 1011001110 6
50 05 0011111011 7 match 3
61 16 0001001010 3 match 4
72 27 0111101000 5 match 5

04 40 0110101000 4
15 51 0001100111 5
26 62 1001011000 4
37 73 0000111010 4

Matching output
0 absent
1 absent
2 absent
3 50 05
4 61 16
5 72 27
6 absent
7 absent

Left
none
Best: none

Right
none
Best: none

AND-NOT
01 0000011100 3
12 1000000010 2
23 0111010000 4
34 0000100000 1
45 0001010010 3
56 0000000101 2
67 1110100000 4
70 0000000000 a

02 1000001110 4
13 1111000000 4
24 0100100000 2
35 0000100010 2 match 1 6
46 0001010110 4
57 1110000101 5
60 0010000000 1
71 0000011000 2

03 1101011100 6
14 0100100000 2
25 0001110000 3
36 0000000010 1
47 1011000110 5
50 0010000001 2
61 0000001000 1
72 0000001000 1

04 0100101000 3
15 0001100010 3
26 0001010000 2
37 0000100010 2 match 1 6
40 0010000000 1
51 0000000101 2
62 1000001000 2
73 0000011000 2

05 0001111010 5
16 0001000010 2
27 0111100000 4
30 0000000000 a
41 0000010100 2
52 1000000101 3
63 1110001000 4
74 0000001000 1

06 0001010110 4
17 1111100010 6
20 0010000000 1
31 0000000000 a
42 1000000110 3
53 1110000101 5
64 0100101000 3
75 0000011000 2

07 1101100110 6
10 0010000000 1
21 0000010000 1
32 0000000010 1
43 1011010100 5
54 0100000001 2
65 0000101000 2
76 0000010000 1

Matching output
0 absent
1 35 37
2 absent
3 absent
4 absent
5 absent
6 35 37
7 absent

Left
none
Best: none

Right
none
Best: none

OR-NOT
01 1101111111 9
12 1111101111 9
23 1111111101 9
34 0100101011 5
45 1011111110 8
56 1111010111 8
67 1111101111 9
70 0010011001 4

02 1101111111 9
13 1111111111 a
24 0111111001 7
35 0001111010 5
46 1011010111 7
57 1111100111 8
60 1110101001 6
71 0000011101 4

03 1111111111 a
14 1111101011 8
25 0111111010 7
36 0001110111 6
47 1111110111 9
50 1110000101 5
61 1110111101 8
72 1000011111 6

04 1101111111 9
15 1111111010 8
26 0111110111 8
37 1111100111 8
40 1011010111 7
51 1110011101 7
62 1110101111 8
73 1111011101 8

05 1101111110 8
16 1111110111 9
27 1111110111 9
30 0010100011 4
41 1011011111 8
52 1110001111 7
63 1111111101 9
74 0100111001 5

06 1101111111 9
17 1111100111 8
20 0111110001 6
31 0000111111 6
42 1011011111 8
53 1111011101 8
64 1110101001 6
75 0001111010 5

07 1111111111 a
10 1111100011 7
21 0111111101 8
32 1000101111 6
43 1111011111 9
54 1110101101 7
65 1111111010 8
76 0001011111 6

Matching output
0 absent
1 absent
2 absent
3 absent
4 absent
5 absent
6 absent
7 absent

Left
none
Best: none

Right
none
Best: none

XOR-NOT
01 1101100011 6
12 0111101101 7
23 1000101101 5
34 0100001011 4
45 1010101100 5
56 1111010010 6
67 0001001111 5
70 0010011001 4

02 0101110001 5
13 0000111111 6
24 0011011001 5
35 0001011000 3
46 1010000001 3
57 0001100010 3
60 1100101001 5
71 0000000101 2

03 0010100011 4
14 1011001011 6
25 0110001010 4
36 0001110101 5
47 0100110001 4
50 1100000100 3
61 1110110101 7
72 1000010111 5

04 1001010111 6
15 1110011000 5
26 0110100111 6
37 1111000101 6
40 1001010111 6
51 1110011000 5
62 0110100111 6
73 1111000101 6

05 1100000100 3
16 1110110101 7
27 1000010111 5
30 0010100011 4
41 1011001011 6
52 0110001010 4
63 0001110101 5
74 0100110001 4

06 1100101001 5
17 0000000101 2
20 0101110001 5
31 0000111111 6
42 0011011001 5
53 0001011000 3
64 1010000001 3
75 0001100010 3

07 0010011001 4
10 1101100011 6
21 0111101101 7
32 1000101101 5
43 0100001011 4
54 1010101100 5
65 1111010010 6
76 0001001111 5

Matching output
0 absent
1 absent
2 absent
3 absent
4 absent
5 absent
6 absent
7 absent

Left
none
Best: none

Right
none
Best: none

Selecting

Lefts
Identity I2 3 4: 3
NOT none
Constant none
AND none
OR none
XOR none
AND-NOT none
OR-NOT none
XOR-NOT none

Rights
Identity I4 3: 2
NOT none
Constant none
AND none
OR none
XOR none
AND-NOT none
OR-NOT none
XOR-NOT none

Left longest: 3
Right longest: 2

Left winner: Identity yes, NOT no, Constant no, AND no, OR no, XOR no, AND-NOT no, OR-NOT no, XOR-NOT no
Right winner: Identity yes, NOT no, Constant no, AND no, OR no, XOR no, AND-NOT no, OR-NOT no, XOR-NOT no

Best left: I2 3 4: 3
Best right: I4 3: 2

Truncated left: I2 3 4: 3
Truncated right: I4 3: 2

Tentative from right
7 I4
6 I3
5 pending
4 pending
3 pending
2 pending
1 pending
0 pending

Tentative
0 I2
1 I3
2 I4
3 pending
4 pending
5 pending
6 I3
7 I4

Preferred from left
0 I2
1 I3
2 I4
3 ?5?
4 ?6?
5 ?7?
6 I3
7 I4

Preferred from right
7 I4
6 I3
5 ?72
4 ?61
3 ?50
2 I4
1 I3
0 I2

Preferred
0 I2
1 I3
2 I4
3 ?50 ?05
4 ?61 ?16
5 ?72 ?27
6 I3
7 I4

Matching
0 I2
1 I3
2 I4
3 ?50 ?05 - Identity absent, NOT absent, Constant absent, AND absent, OR absent, XOR50, AND-NOT absent, OR-NOT absent, XOR-NOT absent
4 ?61 ?16 - Identity absent, NOT absent, Constant absent, AND absent, OR absent, XOR61, AND-NOT absent, OR-NOT absent, XOR-NOT absent
5 ?72 ?27 - Identity absent, NOT absent, Constant absent, AND absent, OR absent, XOR72, AND-NOT absent, OR-NOT absent, XOR-NOT absent
6 I3
7 I4

Perfect match
Identity no
NOT no
Constant no
AND no
OR no
XOR yes
AND-NOT no
OR-NOT no
XOR-NOT no

Matched
0 I2
1 I3
2 I4
3 XOR50
4 XOR61
5 XOR72
6 I3
7 I4

Selected
0 I2
1 I3
2 I4
3 XOR50
4 XOR61
5 XOR72
6 I3
7 I4

Applying to 10111011
Input
0 1
1 0
2 1
3 1
4 1
5 0
6 1
7 1
Output
0 I2 = 1
1 I3 = 1
2 I4 = 1
3 XOR50 = XOR(0,1) = 1
4 XOR61 = XOR(1,0) = 1
5 XOR72 = XOR(1,1) = 0
6 I3 = 1
7 I4 = 1

I will now return the answer in \boxed{}
The answer in \boxed{–} is \boxed{11111011}
[correct]
true
