[category]
bit_manipulation
[prompt]
In Alice's Wonderland, a secret bit manipulation rule transforms 8-bit binary numbers. The transformation involves operations like bit shifts, rotations, XOR, AND, OR, NOT, and possibly majority or choice functions.

Here are some examples of input -> output:
10101100 -> 00010010
01000101 -> 00000001
00010101 -> 00000000
10010110 -> 00010010
01101001 -> 00000101
10101010 -> 00000010
11101101 -> 00010111
01100101 -> 00000101

Now, determine the output for: 11101010
[completion]
We need to deduce the transformation by matching the example outputs.
I will put my final answer inside \boxed{}.

Output 0: 00010010
0 0
1 0
2 0
3 1
4 0
5 0
6 1
7 0

Output 1: 00000001
0 0
1 0
2 0
3 0
4 0
5 0
6 0
7 1

Output 2: 00000000
0 0
1 0
2 0
3 0
4 0
5 0
6 0
7 0

Output 3: 00010010
0 0
1 0
2 0
3 1
4 0
5 0
6 1
7 0

Output 4: 00000101
0 0
1 0
2 0
3 0
4 0
5 1
6 0
7 1

Output 5: 00000010
0 0
1 0
2 0
3 0
4 0
5 0
6 1
7 0

Output 6: 00010111
0 0
1 0
2 0
3 1
4 0
5 1
6 1
7 1

Output 7: 00000101
0 0
1 0
2 0
3 0
4 0
5 1
6 0
7 1

Output bit columns (with bitsum as hash)
0 00000000 a
1 00000000 a
2 00000000 a
3 10010010 3
4 00000000 a
5 00001011 3
6 10010110 4
7 01001011 4

Input 0: 10101100
0 1
1 0
2 1
3 0
4 1
5 1
6 0
7 0

Input 1: 01000101
0 0
1 1
2 0
3 0
4 0
5 1
6 0
7 1

Input 2: 00010101
0 0
1 0
2 0
3 1
4 0
5 1
6 0
7 1

Input 3: 10010110
0 1
1 0
2 0
3 1
4 0
5 1
6 1
7 0

Input 4: 01101001
0 0
1 1
2 1
3 0
4 1
5 0
6 0
7 1

Input 5: 10101010
0 1
1 0
2 1
3 0
4 1
5 0
6 1
7 0

Input 6: 11101101
0 1
1 1
2 1
3 0
4 1
5 1
6 0
7 1

Input 7: 01100101
0 0
1 1
2 1
3 0
4 0
5 1
6 0
7 1

When matching output
x: not in operator
y: wrong position

Identity
0 10010110 4 match 6
1 01001011 4 match 7
2 10001111 5
3 00110000 2
4 10001110 4
5 11110011 6
6 00010100 2
7 01101011 5

Matching output
0 absent
1 absent
2 absent
3 absent
4 absent
5 absent
6 0
7 1

Left
none
Best: none

Right
1 0 7x
Best: I1 0: 2

NOT
0 01101001 4
1 10110100 4
2 01110000 3
3 11001111 6
4 01110001 4
5 00001100 2
6 11101011 6
7 10010100 3

Matching output
0 absent
1 absent
2 absent
3 absent
4 absent
5 absent
6 absent
7 absent

Left
none
Best: none

Right
none
Best: none

Constant
0 00000000 a match 0 1 2 4
1 11111111 a

Matching output
0 C0
1 C0
2 C0
3 absent
4 C0
5 absent
6 absent
7 absent

Left
0 0 0
Best: C0 0 0: 3

Right
none
Best: none

AND
01 10 00000010 1
12 21 00001011 3 match 5
23 32 00000000 a match 0 1 2 4
34 43 00000000 a match 0 1 2 4
45 54 10000010 2
56 65 00010000 1
67 76 00000000 a match 0 1 2 4
70 07 00000010 1

02 20 10000110 3
13 31 00000000 a match 0 1 2 4
24 42 10001110 4
35 53 00110000 2
46 64 00000100 1
57 75 01100011 4
60 06 00010100 2
71 17 01001011 4 match 7

03 30 00010000 1
14 41 00001010 2
25 52 10000011 3
36 63 00010000 1
47 74 00001010 2
50 05 10010010 3 match 3
61 16 00000000 a match 0 1 2 4
72 27 00001011 3 match 5

04 40 10000110 3
15 51 01000011 3
26 62 00000100 1
37 73 00100000 1

Matching output
0 23 32 34 43 67 76 13 31 61 16
1 23 32 34 43 67 76 13 31 61 16
2 23 32 34 43 67 76 13 31 61 16
3 50 05
4 23 32 34 43 67 76 13 31 61 16
5 12 21 72 27
6 absent
7 71 17

Left
23 34 45x
32 43 54x
34 45x
43 54x
67 70x
76 07x
13 24x
31 42x
61 72y
16 27y
Best: AND23 34: 2

Right
71 60x
17 06x
Best: AND71: 1

OR
01 10 11011111 7
12 21 11001111 6
23 32 10111111 7
34 43 10111110 6
45 54 11111111 a
56 65 11110111 7
67 76 01111111 7
70 07 11111111 a

02 20 10011111 6
13 31 01111011 6
24 42 10001111 5
35 53 11110011 6
46 64 10011110 5
57 75 11111011 7
60 06 10010110 4 match 6
71 17 01101011 5

03 30 10110110 5
14 41 11001111 6
25 52 11111111 a
36 63 00110100 3
47 74 11101111 7
50 05 11110111 7
61 16 01011111 6
72 27 11101111 7

04 40 10011110 5
15 51 11111011 7
26 62 10011111 6
37 73 01111011 6

Matching output
0 absent
1 absent
2 absent
3 absent
4 absent
5 absent
6 60 06
7 absent

Left
none
Best: none

Right
none
Best: none

XOR
01 10 11011101 6
12 21 11000100 3
23 32 10111111 7
34 43 10111110 6
45 54 01111101 6
56 65 11100111 6
67 76 01111111 7
70 07 11111101 7

02 20 00011001 3
13 31 01111011 6
24 42 00000001 1
35 53 11000011 4
46 64 10011010 4
57 75 10011000 3
60 06 10000010 2
71 17 00100000 1

03 30 10100110 4
14 41 11000101 4
25 52 01111100 5
36 63 00100100 2
47 74 11100101 5
50 05 01100101 4
61 16 01011111 6
72 27 11100100 4

04 40 00011000 2
15 51 10111000 4
26 62 10011011 5
37 73 01011011 5

Matching output
0 absent
1 absent
2 absent
3 absent
4 absent
5 absent
6 absent
7 absent

Left
none
Best: none

Right
none
Best: none

AND-NOT
01 10010100 3
12 01000000 1
23 10001111 5
34 00110000 2
45 00001100 2
56 11100011 5
67 00010100 2
70 01101001 4

02 00010000 1
13 01001011 4 match 7
24 00000001 1
35 00000000 a match 0 1 2 4
46 10001010 3
57 10010000 2
60 00000000 a match 0 1 2 4
71 00100000 1

03 10000110 3
14 01000001 2
25 00001100 2
36 00100000 1
47 10000100 2
50 01100001 3
61 00010100 2
72 01100000 2

04 00010000 1
15 00001000 1
26 10001011 4
37 00010000 1
40 00001000 1
51 10110000 3
62 00010000 1
73 01001011 4 match 7

05 00000100 1
16 01001011 4 match 7
27 10000100 2
30 00100000 1
41 10000100 2
52 01110000 3
63 00000100 1
74 01100001 3

06 10000010 2
17 00000000 a match 0 1 2 4
20 00001001 2
31 00110000 2
42 00000000 a match 0 1 2 4
53 11000011 4
64 00010000 1
75 00001000 1

07 10010100 3
10 01001001 3
21 10000100 2
32 00110000 2
43 10001110 4
54 01110001 4
65 00000100 1
76 01101011 5

Matching output
0 35 60 17 42
1 35 60 17 42
2 35 60 17 42
3 absent
4 35 60 17 42
5 absent
6 absent
7 13 73 16

Left
35 46x
60 71x
17 20x
42 53x
Best: AND-NOT35: 1

Right
13 02x
73 62x
16 05x
Best: AND-NOT13: 1

OR-NOT
01 10110110 5
12 01111011 6
23 11001111 6
34 01110001 4
45 10001110 4
56 11111011 7
67 10010100 3
70 01101011 5

02 11110110 6
13 11001111 6
24 11111111 a
35 00111100 4
46 11101111 7
57 11110111 7
60 01111101 6
71 11111111 a

03 11011111 7
14 01111011 6
25 10001111 5
36 11111011 7
47 10011110 5
50 11111011 7
61 10110100 4
72 01111011 6

04 11110111 7
15 01001111 5
26 11101111 7
37 10110100 4
40 11101111 7
51 11110111 7
62 01110100 4
73 11101111 7

05 10011110 5
16 11101011 6
27 10011111 6
30 01111001 5
41 10111110 6
52 11110011 6
63 11011111 7
74 01111011 6

06 11111111 a
17 11011111 7
20 11101111 7
31 10110100 4
42 11111110 7
53 11111111 a
64 01110101 5
75 01101111 6

07 10010110 4 match 6
10 01101011 5
21 10111111 7
32 01110000 3
43 11001111 6
54 11110011 6
65 00011100 3
76 11101011 6

Matching output
0 absent
1 absent
2 absent
3 absent
4 absent
5 absent
6 07
7 absent

Left
none
Best: none

Right
none
Best: none

XOR-NOT
01 00100010 2
12 00111011 5
23 01000000 1
34 01000001 2
45 10000010 2
56 00011000 2
67 10000000 1
70 00000010 1

02 11100110 5
13 10000100 2
24 11111110 7
35 00111100 4
46 01100101 4
57 01100111 5
60 01111101 6
71 11011111 7

03 01011001 4
14 00111010 4
25 10000011 3
36 11011011 6
47 00011010 3
50 10011010 4
61 10100000 2
72 00011011 4

04 11100111 6
15 01000111 4
26 01100100 3
37 10100100 3
40 11100111 6
51 01000111 4
62 01100100 3
73 10100100 3

05 10011010 4
16 10100000 2
27 00011011 4
30 01011001 4
41 00111010 4
52 10000011 3
63 11011011 6
74 00011010 3

06 01111101 6
17 11011111 7
20 11100110 5
31 10000100 2
42 11111110 7
53 00111100 4
64 01100101 4
75 01100111 5

07 00000010 1
10 00100010 2
21 00111011 5
32 01000000 1
43 01000001 2
54 10000010 2
65 00011000 2
76 10000000 1

Matching output
0 absent
1 absent
2 absent
3 absent
4 absent
5 absent
6 absent
7 absent

Left
none
Best: none

Right
none
Best: none

Selecting

Lefts
Identity none
NOT none
Constant C0 0 0: 3
AND AND23 34: 2
OR none
XOR none
AND-NOT AND-NOT35: 1
OR-NOT none
XOR-NOT none

Rights
Identity I1 0: 2
NOT none
Constant none
AND AND71: 1
OR none
XOR none
AND-NOT AND-NOT13: 1
OR-NOT none
XOR-NOT none

Left longest: 3
Right longest: 2

Left winner: Identity no, NOT no, Constant yes, AND no, OR no, XOR no, AND-NOT no, OR-NOT no, XOR-NOT no
Right winner: Identity yes, NOT no, Constant no, AND no, OR no, XOR no, AND-NOT no, OR-NOT no, XOR-NOT no

Best left: C0 0 0: 3
Best right: I1 0: 2

Truncated left: C0 0 0: 3
Truncated right: I1 0: 2

Tentative from right
7 I1
6 I0
5 pending
4 pending
3 pending
2 pending
1 pending
0 pending

Tentative
0 C0
1 C0
2 C0
3 pending
4 pending
5 pending
6 I0
7 I1

Preferred from left
0 C0
1 C0
2 C0
3 pending
4 pending
5 pending
6 I0
7 I1

Preferred from right
7 I1
6 I0
5 ??7
4 ??6
3 ??5
2 C0
1 C0
0 C0

Preferred
0 C0
1 C0
2 C0
3 ??5
4 ??6
5 ??7
6 I0
7 I1

Matching
0 C0
1 C0
2 C0
3 ??5 - Identity absent, NOT absent, Constant absent, AND05, OR absent, XOR absent, AND-NOT absent, OR-NOT absent, XOR-NOT absent
4 ??6 - Identity absent, NOT absent, Constant C0, AND76, OR absent, XOR absent, AND-NOT absent, OR-NOT absent, XOR-NOT absent
5 ??7 - Identity absent, NOT absent, Constant absent, AND27, OR absent, XOR absent, AND-NOT absent, OR-NOT absent, XOR-NOT absent
6 I0
7 I1

Perfect match
Identity no
NOT no
Constant no
AND yes
OR no
XOR no
AND-NOT no
OR-NOT no
XOR-NOT no

Matched
0 C0
1 C0
2 C0
3 AND05
4 AND76
5 AND27
6 I0
7 I1

Selected
0 C0
1 C0
2 C0
3 AND05
4 AND76
5 AND27
6 I0
7 I1

Applying to 11101010
Input
0 1
1 1
2 1
3 0
4 1
5 0
6 1
7 0
Output
0 C0 = 0
1 C0 = 0
2 C0 = 0
3 AND05 = AND(1,0) = 0
4 AND76 = AND(0,1) = 0
5 AND27 = AND(1,0) = 0
6 I0 = 1
7 I1 = 1

I will now return the answer in \boxed{}
The answer in \boxed{–} is \boxed{00000011}
[correct]
false
