[category]
bit_manipulation
[prompt]
In Alice's Wonderland, a secret bit manipulation rule transforms 8-bit binary numbers. The transformation involves operations like bit shifts, rotations, XOR, AND, OR, NOT, and possibly majority or choice functions.

Here are some examples of input -> output:
01111110 -> 00000111
11110101 -> 00011101
11100100 -> 00001000
01011001 -> 00010100
01011110 -> 00000101
01010011 -> 00010100
00111100 -> 00000011
10000111 -> 00100000

Now, determine the output for: 10110011
[completion]
We need to deduce the transformation by matching the example outputs.
I will put my final answer inside \boxed{}.

Output 0: 00000111
0 0
1 0
2 0
3 0
4 0
5 1
6 1
7 1

Output 1: 00011101
0 0
1 0
2 0
3 1
4 1
5 1
6 0
7 1

Output 2: 00001000
0 0
1 0
2 0
3 0
4 1
5 0
6 0
7 0

Output 3: 00010100
0 0
1 0
2 0
3 1
4 0
5 1
6 0
7 0

Output 4: 00000101
0 0
1 0
2 0
3 0
4 0
5 1
6 0
7 1

Output 5: 00010100
0 0
1 0
2 0
3 1
4 0
5 1
6 0
7 0

Output 6: 00000011
0 0
1 0
2 0
3 0
4 0
5 0
6 1
7 1

Output 7: 00100000
0 0
1 0
2 1
3 0
4 0
5 0
6 0
7 0

Output bit columns (with bitsum as hash)
0 00000000 a
1 00000000 a
2 00000001 1
3 01010100 3
4 01100000 2
5 11011100 5
6 10000010 2
7 11001010 4

Input 0: 01111110
0 0
1 1
2 1
3 1
4 1
5 1
6 1
7 0

Input 1: 11110101
0 1
1 1
2 1
3 1
4 0
5 1
6 0
7 1

Input 2: 11100100
0 1
1 1
2 1
3 0
4 0
5 1
6 0
7 0

Input 3: 01011001
0 0
1 1
2 0
3 1
4 1
5 0
6 0
7 1

Input 4: 01011110
0 0
1 1
2 0
3 1
4 1
5 1
6 1
7 0

Input 5: 01010011
0 0
1 1
2 0
3 1
4 0
5 0
6 1
7 1

Input 6: 00111100
0 0
1 0
2 1
3 1
4 1
5 1
6 0
7 0

Input 7: 10000111
0 1
1 0
2 0
3 0
4 0
5 1
6 1
7 1

When matching output
x: not in operator
y: wrong position

Identity
0 01100001 3
1 11111100 6
2 11100010 4
3 11011110 6
4 10011010 4
5 11101011 6
6 10001101 4
7 01010101 4

Matching output
0 absent
1 absent
2 absent
3 absent
4 absent
5 absent
6 absent
7 absent

Left
none
Best: none

Right
none
Best: none

NOT
0 10011110 5
1 00000011 2
2 00011101 4
3 00100001 2
4 01100101 4
5 00010100 2
6 01110010 4
7 10101010 4

Matching output
0 absent
1 absent
2 absent
3 absent
4 absent
5 absent
6 absent
7 absent

Left
none
Best: none

Right
none
Best: none

Constant
0 00000000 a match 0 1
1 11111111 a

Matching output
0 C0
1 C0
2 absent
3 absent
4 absent
5 absent
6 absent
7 absent

Left
0 0
Best: C0 0: 2

Right
none
Best: none

AND
01 10 01100000 2 match 4
12 21 11100000 3
23 32 11000010 3
34 43 10011010 4
45 54 10001010 3
56 65 10001001 3
67 76 00000101 2
70 07 01000001 2

02 20 01100000 2 match 4
13 31 11011100 5 match 5
24 42 10000010 2 match 6
35 53 11001010 4 match 7
46 64 10001000 2
57 75 01000001 2
60 06 00000001 1 match 2
71 17 01010100 3 match 3

03 30 01000000 1
14 41 10011000 3
25 52 11100010 4
36 63 10001100 3
47 74 00010000 1
50 05 01100001 3
61 16 10001100 3
72 27 01000000 1

04 40 00000000 a match 0 1
15 51 11101000 4
26 62 10000000 1
37 73 01010100 3 match 3

Matching output
0 04 40
1 04 40
2 60 06
3 71 17 37 73
4 01 10 02 20
5 13 31
6 24 42
7 35 53

Left
04 15x
40 51x
Best: AND04: 1

Right
35 24 13 02 71 60 57x
53 42 31 20 17 06 75x
Best: AND35 24 13 02 71 60: 6

OR
01 10 11111101 7
12 21 11111110 7
23 32 11111110 7
34 43 11011110 6
45 54 11111011 7
56 65 11101111 7
67 76 11011101 6
70 07 01110101 5

02 20 11100011 5
13 31 11111110 7
24 42 11111010 6
35 53 11111111 a
46 64 10011111 6
57 75 11111111 a
60 06 11101101 6
71 17 11111101 7

03 30 11111111 a
14 41 11111110 7
25 52 11101011 6
36 63 11011111 7
47 74 11011111 7
50 05 11101011 6
61 16 11111101 7
72 27 11110111 7

04 40 11111011 7
15 51 11111111 a
26 62 11101111 7
37 73 11011111 7

Matching output
0 absent
1 absent
2 absent
3 absent
4 absent
5 absent
6 absent
7 absent

Left
none
Best: none

Right
none
Best: none

XOR
01 10 10011101 5
12 21 00011110 4
23 32 00111100 4
34 43 01000100 2
45 54 01110001 4
56 65 01100110 4
67 76 11011000 4
70 07 00110100 3

02 20 10000011 3
13 31 00100010 2
24 42 01111000 4
35 53 00110101 4
46 64 00010111 4
57 75 10111110 6
60 06 11101100 5
71 17 10101001 4

03 30 10111111 7
14 41 01100110 4
25 52 00001001 2
36 63 01010011 4
47 74 11001111 6
50 05 10001010 3
61 16 01110001 4
72 27 10110111 6

04 40 11111011 7
15 51 00010111 4
26 62 01101111 6
37 73 10001011 4

Matching output
0 absent
1 absent
2 absent
3 absent
4 absent
5 absent
6 absent
7 absent

Left
none
Best: none

Right
none
Best: none

AND-NOT
01 00000001 1 match 2
12 00011100 3
23 00100000 1
34 01000100 2
45 00010000 1
56 01100010 3
67 10001000 2
70 00010100 2

02 00000001 1 match 2
13 00100000 1
24 01100000 2 match 4
35 00010100 2
46 00010010 2
57 10101010 4
60 10001100 3
71 00000001 1 match 2

03 00100001 2
14 01100100 3
25 00000000 a match 0 1
36 01010010 3
47 10001010 3
50 10001010 3
61 00000001 1 match 2
72 00010101 3

04 01100001 3
15 00010100 2
26 01100010 3
37 10001010 3
40 10011010 4
51 00000011 2
62 00001101 3
73 00000001 1 match 2

05 00000000 a match 0 1
16 01110000 3
27 10100010 3
30 10011110 5
41 00000010 1
52 00001001 2
63 00000001 1 match 2
74 01000101 3

06 01100000 2 match 4
17 10101000 3
20 10000010 2 match 6
31 00000010 1
42 00011000 2
53 00100001 2
64 00000101 2
75 00010100 2

07 00100000 1
10 10011100 4
21 00000010 1
32 00011100 3
43 00000000 a match 0 1
54 01100001 3
65 00000100 1
76 01010000 2

Matching output
0 25 05 43
1 25 05 43
2 01 02 71 61 73 63
3 absent
4 24 06
5 absent
6 20
7 absent

Left
25 36x
05 16x
43 54x
Best: AND-NOT25: 1

Right
none
Best: none

OR-NOT
01 01100011 4
12 11111101 7
23 11100011 5
34 11111111 a
45 10011110 5
56 11111011 7
67 10101111 6
70 11011111 7

02 01111101 6
13 11111101 7
24 11100111 6
35 11011110 6
46 11111010 6
57 11101011 6
60 10011111 6
71 01010111 5

03 01100001 3
14 11111101 7
25 11110110 6
36 11111110 7
47 10111010 5
50 11111111 a
61 10001111 5
72 01011101 5

04 01100101 4
15 11111100 6
26 11110010 5
37 11111110 7
40 10011110 5
51 11101011 6
62 10011101 5
73 01110101 5

05 01110101 5
16 11111110 7
27 11101010 5
30 11011110 6
41 10011011 5
52 11111111 a
63 10101101 5
74 01110101 5

06 01110011 5
17 11111110 7
20 11111110 7
31 11011111 7
42 10011111 6
53 11101011 6
64 11101101 6
75 01010101 4

07 11101011 6
10 11111110 7
21 11100011 5
32 11011111 7
43 10111011 6
54 11101111 7
65 10011101 5
76 01110111 6

Matching output
0 absent
1 absent
2 absent
3 absent
4 absent
5 absent
6 absent
7 absent

Left
none
Best: none

Right
none
Best: none

XOR-NOT
01 01100010 3
12 11100001 4
23 11000011 4
34 10111011 6
45 10001110 4
56 10011001 4
67 00100111 4
70 11001011 5

02 01111100 5
13 11011101 6
24 10000111 4
35 11001010 4 match 7
46 11101000 4
57 01000001 2
60 00010011 3
71 01010110 4

03 01000000 1
14 10011001 4
25 11110110 6
36 10101100 4
47 00110000 2
50 01110101 5
61 10001110 4
72 01001000 2

04 00000100 1
15 11101000 4
26 10010000 2
37 01110100 4
40 00000100 1
51 11101000 4
62 10010000 2
73 01110100 4

05 01110101 5
16 10001110 4
27 01001000 2
30 01000000 1
41 10011001 4
52 11110110 6
63 10101100 4
74 00110000 2

06 00010011 3
17 01010110 4
20 01111100 5
31 11011101 6
42 10000111 4
53 11001010 4 match 7
64 11101000 4
75 01000001 2

07 11001011 5
10 01100010 3
21 11100001 4
32 11000011 4
43 10111011 6
54 10001110 4
65 10011001 4
76 00100111 4

Matching output
0 absent
1 absent
2 absent
3 absent
4 absent
5 absent
6 absent
7 35 53

Left
none
Best: none

Right
35 24x
53 42x
Best: XOR-NOT35: 1

Selecting

Lefts
Identity none
NOT none
Constant C0 0: 2
AND AND04: 1
OR none
XOR none
AND-NOT AND-NOT25: 1
OR-NOT none
XOR-NOT none

Rights
Identity none
NOT none
Constant none
AND AND35 24 13 02 71 60: 6
OR none
XOR none
AND-NOT none
OR-NOT none
XOR-NOT XOR-NOT35: 1

Left longest: 2
Right longest: 6

Right winner: Identity no, NOT no, Constant no, AND yes, OR no, XOR no, AND-NOT no, OR-NOT no, XOR-NOT no
Left winner: Identity no, NOT no, Constant yes, AND no, OR no, XOR no, AND-NOT no, OR-NOT no, XOR-NOT no

Best right: AND35 24 13 02 71 60: 6
Best left: C0 0: 2

Truncated right: AND35 24 13 02 71 60: 6
Truncated left: C0 0: 2

Tentative from right
7 AND35
6 AND24
5 AND13
4 AND02
3 AND71
2 AND60
1 pending
0 pending

Tentative
0 C0
1 C0
2 AND60
3 AND71
4 AND02
5 AND13
6 AND24
7 AND35

Preferred from right
7 AND35
6 AND24
5 AND13
4 AND02
3 AND71
2 AND60
1 C0
0 C0

Preferred from left
0 C0
1 C0
2 AND60
3 AND71
4 AND02
5 AND13
6 AND24
7 AND35

Preferred
0 C0
1 C0
2 AND60
3 AND71
4 AND02
5 AND13
6 AND24
7 AND35

Matching
0 C0
1 C0
2 AND60
3 AND71
4 AND02
5 AND13
6 AND24
7 AND35

Perfect match
Identity no
NOT no
Constant no
AND no
OR no
XOR no
AND-NOT no
OR-NOT no
XOR-NOT no

Matched
0 C0
1 C0
2 AND60
3 AND71
4 AND02
5 AND13
6 AND24
7 AND35

Selected
0 C0
1 C0
2 AND60
3 AND71
4 AND02
5 AND13
6 AND24
7 AND35

Applying to 10110011
Input
0 1
1 0
2 1
3 1
4 0
5 0
6 1
7 1
Output
0 C0 = 0
1 C0 = 0
2 AND60 = AND(1,1) = 1
3 AND71 = AND(1,0) = 0
4 AND02 = AND(1,1) = 1
5 AND13 = AND(0,1) = 0
6 AND24 = AND(1,0) = 0
7 AND35 = AND(1,0) = 0

I will now return the answer in \boxed{}
The answer in \boxed{–} is \boxed{00101000}
[correct]
true
