[category]
bit_manipulation
[prompt]
In Alice's Wonderland, a secret bit manipulation rule transforms 8-bit binary numbers. The transformation involves operations like bit shifts, rotations, XOR, AND, OR, NOT, and possibly majority or choice functions.

Here are some examples of input -> output:
11101001 -> 11111101
11111000 -> 01111111
11011010 -> 01111111
01110110 -> 00111111
00100010 -> 00010101
00111010 -> 00011111
00111011 -> 10011111
01001000 -> 00101101
00010100 -> 00001010

Now, determine the output for: 10011101
[completion]
We need to deduce the transformation by matching the example outputs.
I will put my final answer inside \boxed{}.

Output 0: 11111101
0 1
1 1
2 1
3 1
4 1
5 1
6 0
7 1

Output 1: 01111111
0 0
1 1
2 1
3 1
4 1
5 1
6 1
7 1

Output 2: 01111111
0 0
1 1
2 1
3 1
4 1
5 1
6 1
7 1

Output 3: 00111111
0 0
1 0
2 1
3 1
4 1
5 1
6 1
7 1

Output 4: 00010101
0 0
1 0
2 0
3 1
4 0
5 1
6 0
7 1

Output 5: 00011111
0 0
1 0
2 0
3 1
4 1
5 1
6 1
7 1

Output 6: 10011111
0 1
1 0
2 0
3 1
4 1
5 1
6 1
7 1

Output 7: 00101101
0 0
1 0
2 1
3 0
4 1
5 1
6 0
7 1

Output 8: 00001010
0 0
1 0
2 0
3 0
4 1
5 0
6 1
7 0

Output bit columns (with bitsum as hash)
0 100000100 2
1 111000000 3
2 111100010 5
3 111111100 7
4 111101111 8
5 111111110 8
6 011101101 6
7 111111110 8

Input 0: 11101001
0 1
1 1
2 1
3 0
4 1
5 0
6 0
7 1

Input 1: 11111000
0 1
1 1
2 1
3 1
4 1
5 0
6 0
7 0

Input 2: 11011010
0 1
1 1
2 0
3 1
4 1
5 0
6 1
7 0

Input 3: 01110110
0 0
1 1
2 1
3 1
4 0
5 1
6 1
7 0

Input 4: 00100010
0 0
1 0
2 1
3 0
4 0
5 0
6 1
7 0

Input 5: 00111010
0 0
1 0
2 1
3 1
4 1
5 0
6 1
7 0

Input 6: 00111011
0 0
1 0
2 1
3 1
4 1
5 0
6 1
7 1

Input 7: 01001000
0 0
1 1
2 0
3 0
4 1
5 0
6 0
7 0

Input 8: 00010100
0 0
1 0
2 0
3 1
4 0
5 1
6 0
7 0

When matching output
x: not in operator
y: wrong position

Identity
0 111000000 3 match 1
1 111100010 5 match 2
2 110111100 6
3 011101101 6 match 6
4 111001110 6
5 000100001 2
6 001111100 5
7 100000100 2 match 0

Matching output
0 7
1 0
2 1
3 absent
4 absent
5 absent
6 3
7 absent

Left
7 0 1 2x
Best: I7 0 1: 3

Right
none
Best: none

NOT
0 000111111 6
1 000011101 4
2 001000011 3
3 100010010 3
4 000110001 3
5 111011110 7
6 110000011 4
7 011111011 7

Matching output
0 absent
1 absent
2 absent
3 absent
4 absent
5 absent
6 absent
7 absent

Left
none
Best: none

Right
none
Best: none

Constant
0 000000000 a
1 111111111 a

Matching output
0 absent
1 absent
2 absent
3 absent
4 absent
5 absent
6 absent
7 absent

Left
none
Best: none

Right
none
Best: none

AND
01 10 111000000 3 match 1
12 21 110100000 3
23 32 010101100 4
34 43 011001100 4
45 54 000000000 a
56 65 000100000 1
67 76 000000100 1
70 07 100000000 1

02 20 110000000 2
13 31 011100000 3
24 42 110001100 4
35 53 000100001 2
46 64 001001100 3
57 75 000000000 a
60 06 001000000 1
71 17 100000000 1

03 30 011000000 2
14 41 111000010 4
25 52 000100000 1
36 63 001101100 4
47 74 100000100 2 match 0
50 05 000000000 a
61 16 001100000 2
72 27 100000100 2 match 0

04 40 111000000 3 match 1
15 51 000100000 1
26 62 000111100 4
37 73 000000100 1

Matching output
0 47 74 72 27
1 01 10 04 40
2 absent
3 absent
4 absent
5 absent
6 absent
7 absent

Left
47 50x
74 05x
72 03x
27 30x
Best: AND47: 1

Right
none
Best: none

OR
01 10 111100010 5 match 2
12 21 111111110 8 match 5 7
23 32 111111101 8
34 43 111101111 8 match 4
45 54 111101111 8 match 4
56 65 001111101 6
67 76 101111100 6
70 07 111000100 4

02 20 111111100 7 match 3
13 31 111101111 8 match 4
24 42 111111110 8 match 5 7
35 53 011101101 6 match 6
46 64 111111110 8 match 5 7
57 75 100100101 4
60 06 111111100 7 match 3
71 17 111100110 6

03 30 111101101 7
14 41 111101110 7
25 52 110111101 7
36 63 011111101 7
47 74 111001110 6
50 05 111100001 5
61 16 111111110 8 match 5 7
72 27 110111100 6

04 40 111001110 6
15 51 111100011 6
26 62 111111100 7 match 3
37 73 111101101 7

Matching output
0 absent
1 absent
2 01 10
3 02 20 60 06 26 62
4 34 43 45 54 13 31
5 12 21 24 42 46 64 61 16
6 35 53
7 12 21 24 42 46 64 61 16

Left
none
Best: none

Right
12 01y
21 10y
24 13y
42 31y
46 35 24 13 02 71x
64 53 42 31 20 17x
61 50x
16 05x
Best: OR46 35 24 13 02: 5

XOR
01 10 000100010 2
12 21 001011110 5
23 32 101010001 4
34 43 100100011 4
45 54 111101111 8 match 4
56 65 001011101 5
67 76 101111000 5
70 07 011000100 3

02 20 001111100 5
13 31 100001111 5
24 42 001110010 4
35 53 011001100 4
46 64 110110010 5
57 75 100100101 4
60 06 110111100 6
71 17 011100110 5

03 30 100101101 5
14 41 000101100 3
25 52 110011101 6
36 63 010010001 3
47 74 011001010 4
50 05 111100001 5
61 16 110011110 6
72 27 010111000 4

04 40 000001110 3
15 51 111000011 5
26 62 111000000 3 match 1
37 73 111101001 6

Matching output
0 absent
1 26 62
2 absent
3 absent
4 45 54
5 absent
6 absent
7 absent

Left
none
Best: none

Right
none
Best: none

AND-NOT
01 000000000 a
12 001000010 2
23 100010000 2
34 000100001 2
45 111001110 6
56 000000001 1
67 001111000 4
70 000000100 1

02 001000000 1
13 100000010 2
24 000110000 2
35 011001100 4
46 110000010 3
57 000100001 2
60 000111100 4
71 000000100 1

03 100000000 1
14 000100000 1
25 110011100 5
36 010000001 2
47 011001010 4
50 000100001 2
61 000011100 3
72 000000000 a

04 000000000 a
15 111000010 4
26 110000000 2
37 011101001 5
40 000001110 3
51 000000001 1
62 001000000 1
73 100000000 1

05 111000000 3 match 1
16 110000010 3
27 010111000 4
30 000101101 4
41 000001100 2
52 000000001 1
63 000010000 1
74 000000000 a

06 110000000 2
17 011100010 4
20 000111100 4
31 000001101 3
42 001000010 2
53 000000000 a
64 000110000 2
75 100000100 2 match 0

07 011000000 2
10 000100010 2
21 000011100 3
32 001000001 2
43 100000010 2
54 000100001 2
65 001011100 4
76 100000000 1

Matching output
0 75
1 05
2 absent
3 absent
4 absent
5 absent
6 absent
7 absent

Left
75 06x
Best: AND-NOT75: 1

Right
none
Best: none

OR-NOT
01 111011101 7
12 111100011 6
23 110111110 7
34 011111101 7
45 111011110 7
56 110100011 5
67 011111111 8
70 100111111 7

02 111000011 5
13 111110010 6
24 110111101 7
35 111111111 a
46 111001111 7
57 011111011 7
60 001111111 7
71 100011101 5

03 111010010 5
14 111110011 7
25 111111110 8 match 5 7
36 111101111 8 match 4
47 111111111 a
50 000111111 6
61 001111101 6
72 101000111 5

04 111110001 6
15 111111110 8 match 5 7
26 110111111 8
37 011111111 8
40 111111111 a
51 000111101 5
62 001111111 7
73 100010110 4

05 111011110 7
16 111100011 6
27 111111111 a
30 011111111 8
41 111011111 8
52 001100011 4
63 101111110 7
74 100110101 5

06 111000011 5
17 111111011 8
20 110111111 8
31 011111101 7
42 111001111 7
53 100110011 5
64 001111101 6
75 111011110 7

07 111111011 8
10 111111111 a
21 110111101 7
32 011101111 7
43 111011110 7
54 000110001 3
65 111111110 8 match 5 7
76 110000111 5

Matching output
0 absent
1 absent
2 absent
3 absent
4 36
5 25 15 65
6 absent
7 25 15 65

Left
none
Best: none

Right
25 14x
15 04x
65 54x
Best: OR-NOT25: 1

XOR-NOT
01 111011101 7
12 110100001 4
23 010101110 5
34 011011100 5
45 000010000 1
56 110100010 4
67 010000111 4
70 100111011 6

02 110000011 4
13 011110000 4
24 110001101 5
35 100110011 5
46 001001101 4
57 011011010 5
60 001000011 3
71 100011001 4

03 011010010 4
14 111010011 6
25 001100010 3
36 101101110 6
47 100110101 5
50 000011110 4
61 001100001 3
72 101000111 5

04 111110001 6
15 000111100 4
26 000111111 6
37 000010110 3
40 111110001 6
51 000111100 4
62 000111111 6
73 000010110 3

05 000011110 4
16 001100001 3
27 101000111 5
30 011010010 4
41 111010011 6
52 001100010 3
63 101101110 6
74 100110101 5

06 001000011 3
17 100011001 4
20 110000011 4
31 011110000 4
42 110001101 5
53 100110011 5
64 001001101 4
75 011011010 5

07 100111011 6
10 111011101 7
21 110100001 4
32 010101110 5
43 011011100 5
54 000010000 1
65 110100010 4
76 010000111 4

Matching output
0 absent
1 absent
2 absent
3 absent
4 absent
5 absent
6 absent
7 absent

Left
none
Best: none

Right
none
Best: none

Selecting

Lefts
Identity I7 0 1: 3
NOT none
Constant none
AND AND47: 1
OR none
XOR none
AND-NOT AND-NOT75: 1
OR-NOT none
XOR-NOT none

Rights
Identity none
NOT none
Constant none
AND none
OR OR46 35 24 13 02: 5
XOR none
AND-NOT none
OR-NOT OR-NOT25: 1
XOR-NOT none

Left longest: 3
Right longest: 5

Right winner: Identity no, NOT no, Constant no, AND no, OR yes, XOR no, AND-NOT no, OR-NOT no, XOR-NOT no
Left winner: Identity yes, NOT no, Constant no, AND no, OR no, XOR no, AND-NOT no, OR-NOT no, XOR-NOT no

Best right: OR46 35 24 13 02: 5
Best left: I7 0 1: 3

Truncated right: OR46 35 24 13 02: 5
Truncated left: I7 0 1: 3

Tentative from right
7 OR46
6 OR35
5 OR24
4 OR13
3 OR02
2 pending
1 pending
0 pending

Tentative
0 I7
1 I0
2 I1
3 OR02
4 OR13
5 OR24
6 OR35
7 OR46

Preferred from right
7 OR46
6 OR35
5 OR24
4 OR13
3 OR02
2 I1
1 I0
0 I7

Preferred from left
0 I7
1 I0
2 I1
3 OR02
4 OR13
5 OR24
6 OR35
7 OR46

Preferred
0 I7
1 I0
2 I1
3 OR02
4 OR13
5 OR24
6 OR35
7 OR46

Matching
0 I7
1 I0
2 I1
3 OR02
4 OR13
5 OR24
6 OR35
7 OR46

Perfect match
Identity no
NOT no
Constant no
AND no
OR no
XOR no
AND-NOT no
OR-NOT no
XOR-NOT no

Matched
0 I7
1 I0
2 I1
3 OR02
4 OR13
5 OR24
6 OR35
7 OR46

Selected
0 I7
1 I0
2 I1
3 OR02
4 OR13
5 OR24
6 OR35
7 OR46

Applying to 10011101
Input
0 1
1 0
2 0
3 1
4 1
5 1
6 0
7 1
Output
0 I7 = 1
1 I0 = 1
2 I1 = 0
3 OR02 = OR(1,0) = 1
4 OR13 = OR(0,1) = 1
5 OR24 = OR(0,1) = 1
6 OR35 = OR(1,1) = 1
7 OR46 = OR(1,0) = 1

I will now return the answer in \boxed{}
The answer in \boxed{–} is \boxed{11011111}
[correct]
true
