[category]
bit_manipulation
[prompt]
In Alice's Wonderland, a secret bit manipulation rule transforms 8-bit binary numbers. The transformation involves operations like bit shifts, rotations, XOR, AND, OR, NOT, and possibly majority or choice functions.

Here are some examples of input -> output:
01110010 -> 10011100
00110011 -> 01001100
01100110 -> 10011001
10110001 -> 01101100
11111101 -> 01111111
01000010 -> 10010000
10001001 -> 01100010
10111000 -> 00101110

Now, determine the output for: 01100100
[completion]
We need to deduce the transformation by matching the example outputs.
I will put my final answer inside \boxed{}.

Output 0: 10011100
0 1
1 0
2 0
3 1
4 1
5 1
6 0
7 0

Output 1: 01001100
0 0
1 1
2 0
3 0
4 1
5 1
6 0
7 0

Output 2: 10011001
0 1
1 0
2 0
3 1
4 1
5 0
6 0
7 1

Output 3: 01101100
0 0
1 1
2 1
3 0
4 1
5 1
6 0
7 0

Output 4: 01111111
0 0
1 1
2 1
3 1
4 1
5 1
6 1
7 1

Output 5: 10010000
0 1
1 0
2 0
3 1
4 0
5 0
6 0
7 0

Output 6: 01100010
0 0
1 1
2 1
3 0
4 0
5 0
6 1
7 0

Output 7: 00101110
0 0
1 0
2 1
3 0
4 1
5 1
6 1
7 0

Output bit columns (with bitsum as hash)
0 10100100 3
1 01011010 4
2 00011011 4
3 10101100 4
4 11111001 6
5 11011001 5
6 00001011 3
7 00101000 2

Input 0: 01110010
0 0
1 1
2 1
3 1
4 0
5 0
6 1
7 0

Input 1: 00110011
0 0
1 0
2 1
3 1
4 0
5 0
6 1
7 1

Input 2: 01100110
0 0
1 1
2 1
3 0
4 0
5 1
6 1
7 0

Input 3: 10110001
0 1
1 0
2 1
3 1
4 0
5 0
6 0
7 1

Input 4: 11111101
0 1
1 1
2 1
3 1
4 1
5 1
6 0
7 1

Input 5: 01000010
0 0
1 1
2 0
3 0
4 0
5 0
6 1
7 0

Input 6: 10001001
0 1
1 0
2 0
3 0
4 1
5 0
6 0
7 1

Input 7: 10111000
0 1
1 0
2 1
3 1
4 1
5 0
6 0
7 0

When matching output
x: not in operator
y: wrong position

Identity
0 00011011 4 match 2
1 10101100 4 match 3
2 11111001 6 match 4
3 11011001 5 match 5
4 00001011 3 match 6
5 00101000 2 match 7
6 11100100 4
7 01011010 4 match 1

Matching output
0 absent
1 7
2 0
3 1
4 2
5 3
6 4
7 5

Left
none
Best: none

Right
5 4 3 2 1 0 7 6x
Best: I5 4 3 2 1 0 7: 7

NOT
0 11100100 4
1 01010011 4
2 00000110 2
3 00100110 3
4 11110100 5
5 11010111 6
6 00011011 4 match 2
7 10100101 4

Matching output
0 absent
1 absent
2 6
3 absent
4 absent
5 absent
6 absent
7 absent

Left
none
Best: none

Right
none
Best: none

Constant
0 00000000 a
1 11111111 a

Matching output
0 absent
1 absent
2 absent
3 absent
4 absent
5 absent
6 absent
7 absent

Left
none
Best: none

Right
none
Best: none

AND
01 10 00001000 1
12 21 10101000 3
23 32 11011001 5 match 5
34 43 00001001 2
45 54 00001000 1
56 65 00100000 1
67 76 01000000 1
70 07 00011010 3

02 20 00011001 3
13 31 10001000 2
24 42 00001001 2
35 53 00001000 1
46 64 00000000 a
57 75 00001000 1
60 06 00000000 a
71 17 00001000 1

03 30 00011001 3
14 41 00001000 1
25 52 00101000 2 match 7
36 63 11000000 2
47 74 00001010 2
50 05 00001000 1
61 16 10100100 3 match 0
72 27 01011000 3

04 40 00001011 3 match 6
15 51 00101000 2 match 7
26 62 11100000 3
37 73 01011000 3

Matching output
0 61 16
1 absent
2 absent
3 absent
4 absent
5 23 32
6 04 40
7 25 52 15 51

Left
61 72x
16 27x
Best: AND61: 1

Right
25 14x
52 41x
15 04 73x
51 40 37x
Best: AND15 04: 2

OR
01 10 10111111 7
12 21 11111101 7
23 32 11111001 6 match 4
34 43 11011011 6
45 54 00101011 4
56 65 11101100 5
67 76 11111110 7
70 07 01011011 5

02 20 11111011 7
13 31 11111101 7
24 42 11111011 7
35 53 11111001 6 match 4
46 64 11101111 7
57 75 01111010 5
60 06 11111111 a
71 17 11111110 7

03 30 11011011 6
14 41 10101111 6
25 52 11111001 6 match 4
36 63 11111101 7
47 74 01011011 5
50 05 00111011 5
61 16 11101100 5
72 27 11111011 7

04 40 00011011 4 match 2
15 51 10101100 4 match 3
26 62 11111101 7
37 73 11011011 6

Matching output
0 absent
1 absent
2 04 40
3 15 51
4 23 32 35 53 25 52
5 absent
6 absent
7 absent

Left
none
Best: none

Right
none
Best: none

XOR
01 10 10110111 6
12 21 01010101 4
23 32 00100000 1
34 43 11010010 4
45 54 00100011 3
56 65 11001100 4
67 76 10111110 6
70 07 01000001 2

02 20 11100010 4
13 31 01110101 5
24 42 11110010 5
35 53 11110001 5
46 64 11101111 7
57 75 01110010 4
60 06 11111111 a
71 17 11110110 6

03 30 11000010 3
14 41 10100111 5
25 52 11010001 4
36 63 00111101 5
47 74 01010001 3
50 05 00110011 4
61 16 01001000 2
72 27 10100011 4

04 40 00010000 1
15 51 10000100 2
26 62 00011101 4
37 73 10000011 3

Matching output
0 absent
1 absent
2 absent
3 absent
4 absent
5 absent
6 absent
7 absent

Left
none
Best: none

Right
none
Best: none

AND-NOT
01 00010011 3
12 00000100 1
23 00100000 1
34 11010000 3
45 00000011 2
56 00001000 1
67 10100100 3 match 0
70 01000000 1

02 00000010 1
13 00100100 2
24 11110000 4
35 11010001 4
46 00001011 3 match 6
57 00100000 1
60 11100100 4
71 01010010 3

03 00000010 1
14 10100100 3 match 0
25 11010001 4
36 00011001 3
47 00000001 1
50 00100000 1
61 01000000 1
72 00000010 1

04 00010000 1
15 10000100 2
26 00011001 3
37 10000001 2
40 00000000 a
51 00000000 a
62 00000100 1
73 00000010 1

05 00010011 3
16 00001000 1
27 10100001 3
30 11000000 2
41 00000011 2
52 00000000 a
63 00100100 2
74 01010000 2

06 00011011 4 match 2
17 10100100 3 match 0
20 11100000 3
31 01010001 3
42 00000010 1
53 00100000 1
64 11100100 4
75 01010010 3

07 00000001 1
10 10100100 3 match 0
21 01010001 3
32 00000000 a
43 00000010 1
54 00100000 1
65 11000100 3
76 00011010 3

Matching output
0 67 14 17 10
1 absent
2 06
3 absent
4 absent
5 absent
6 46
7 absent

Left
67 70x
14 25x
17 20x
10 21x
Best: AND-NOT67: 1

Right
none
Best: none

OR-NOT
01 01011011 5
12 10101110 5
23 11111111 a
34 11111101 7
45 11011111 7
56 00111011 5
67 11100101 5
70 11111110 7

02 00011111 5
13 10101110 5
24 11111101 7
35 11011111 7
46 00011011 4 match 2
57 10101101 5
60 11100100 4
71 01011011 5

03 00111111 6
14 11111100 6
25 11111111 a
36 11011011 6
47 10101111 6
50 11101100 5
61 11110111 7
72 01011110 5

04 11111111 a
15 11111111 a
26 11111011 7
37 11111101 7
40 11101111 7
51 01111011 6
62 11100110 5
73 01111110 6

05 11011111 7
16 10111111 7
27 11111101 7
30 11111101 7
41 01011011 5
52 00101110 4
63 11100110 5
74 11111110 7

06 00011011 4 match 2
17 10101101 5
20 11111101 7
31 11011011 6
42 00001111 4
53 00101110 4
64 11110100 5
75 11011111 7

07 10111111 7
10 11101100 5
21 11111011 7
32 11011111 7
43 00101111 5
54 11111100 6
65 11110111 7
76 01011011 5

Matching output
0 absent
1 absent
2 46 06
3 absent
4 absent
5 absent
6 absent
7 absent

Left
none
Best: none

Right
none
Best: none

XOR-NOT
01 01001000 2
12 10101010 4
23 11011111 7
34 00101101 4
45 11011100 5
56 00110011 4
67 01000001 2
70 10111110 6

02 00011101 4
13 10001010 3
24 00001101 3
35 00001110 3
46 00010000 1
57 10001101 4
60 00000000 a
71 00001001 2

03 00111101 5
14 01011000 3
25 00101110 4
36 11000010 3
47 10101110 5
50 11001100 4
61 10110111 6
72 01011100 4

04 11101111 7
15 01111011 6
26 11100010 4
37 01111100 5
40 11101111 7
51 01111011 6
62 11100010 4
73 01111100 5

05 11001100 4
16 10110111 6
27 01011100 4
30 00111101 5
41 01011000 3
52 00101110 4
63 11000010 3
74 10101110 5

06 00000000 a
17 00001001 2
20 00011101 4
31 10001010 3
42 00001101 3
53 00001110 3
64 00010000 1
75 10001101 4

07 10111110 6
10 01001000 2
21 10101010 4
32 11011111 7
43 00101101 4
54 11011100 5
65 00110011 4
76 01000001 2

Matching output
0 absent
1 absent
2 absent
3 absent
4 absent
5 absent
6 absent
7 absent

Left
none
Best: none

Right
none
Best: none

Selecting

Lefts
Identity none
NOT none
Constant none
AND AND61: 1
OR none
XOR none
AND-NOT AND-NOT67: 1
OR-NOT none
XOR-NOT none

Rights
Identity I5 4 3 2 1 0 7: 7
NOT none
Constant none
AND AND15 04: 2
OR none
XOR none
AND-NOT none
OR-NOT none
XOR-NOT none

Left longest: 1
Right longest: 7

Right winner: Identity yes, NOT no, Constant no, AND no, OR no, XOR no, AND-NOT no, OR-NOT no, XOR-NOT no
Left winner: Identity no, NOT no, Constant no, AND yes, OR no, XOR no, AND-NOT no, OR-NOT no, XOR-NOT no

Best right: I5 4 3 2 1 0 7: 7
Best left: AND61: 1

Truncated right: I5 4 3 2 1 0 7: 7
Truncated left: AND61: 1

Tentative from right
7 I5
6 I4
5 I3
4 I2
3 I1
2 I0
1 I7
0 pending

Tentative
0 AND61
1 I7
2 I0
3 I1
4 I2
5 I3
6 I4
7 I5

Preferred from right
7 I5
6 I4
5 I3
4 I2
3 I1
2 I0
1 I7
0 AND61

Preferred from left
0 AND61
1 I7
2 I0
3 I1
4 I2
5 I3
6 I4
7 I5

Preferred
0 AND61
1 I7
2 I0
3 I1
4 I2
5 I3
6 I4
7 I5

Matching
0 AND61
1 I7
2 I0
3 I1
4 I2
5 I3
6 I4
7 I5

Perfect match
Identity no
NOT no
Constant no
AND no
OR no
XOR no
AND-NOT no
OR-NOT no
XOR-NOT no

Matched
0 AND61
1 I7
2 I0
3 I1
4 I2
5 I3
6 I4
7 I5

Selected
0 AND61
1 I7
2 I0
3 I1
4 I2
5 I3
6 I4
7 I5

Applying to 01100100
Input
0 0
1 1
2 1
3 0
4 0
5 1
6 0
7 0
Output
0 AND61 = AND(0,1) = 0
1 I7 = 0
2 I0 = 0
3 I1 = 1
4 I2 = 1
5 I3 = 0
6 I4 = 0
7 I5 = 1

I will now return the answer in \boxed{}
The answer in \boxed{–} is \boxed{00011001}
[correct]
true
