[category]
bit_manipulation
[prompt]
In Alice's Wonderland, a secret bit manipulation rule transforms 8-bit binary numbers. The transformation involves operations like bit shifts, rotations, XOR, AND, OR, NOT, and possibly majority or choice functions.

Here are some examples of input -> output:
01101000 -> 00000000
01000100 -> 00000000
10000001 -> 00000001
01000101 -> 00000000
01100101 -> 00000000
10000101 -> 00000001
01001010 -> 00000000
01011000 -> 00000000
11111011 -> 00000001

Now, determine the output for: 01101011
[completion]
We need to deduce the transformation by matching the example outputs.
I will put my final answer inside \boxed{}.

Output 0: 00000000
0 0
1 0
2 0
3 0
4 0
5 0
6 0
7 0

Output 1: 00000000
0 0
1 0
2 0
3 0
4 0
5 0
6 0
7 0

Output 2: 00000001
0 0
1 0
2 0
3 0
4 0
5 0
6 0
7 1

Output 3: 00000000
0 0
1 0
2 0
3 0
4 0
5 0
6 0
7 0

Output 4: 00000000
0 0
1 0
2 0
3 0
4 0
5 0
6 0
7 0

Output 5: 00000001
0 0
1 0
2 0
3 0
4 0
5 0
6 0
7 1

Output 6: 00000000
0 0
1 0
2 0
3 0
4 0
5 0
6 0
7 0

Output 7: 00000000
0 0
1 0
2 0
3 0
4 0
5 0
6 0
7 0

Output 8: 00000001
0 0
1 0
2 0
3 0
4 0
5 0
6 0
7 1

Output bit columns (with bitsum as hash)
0 000000000 a
1 000000000 a
2 000000000 a
3 000000000 a
4 000000000 a
5 000000000 a
6 000000000 a
7 001001001 3

Input 0: 01101000
0 0
1 1
2 1
3 0
4 1
5 0
6 0
7 0

Input 1: 01000100
0 0
1 1
2 0
3 0
4 0
5 1
6 0
7 0

Input 2: 10000001
0 1
1 0
2 0
3 0
4 0
5 0
6 0
7 1

Input 3: 01000101
0 0
1 1
2 0
3 0
4 0
5 1
6 0
7 1

Input 4: 01100101
0 0
1 1
2 1
3 0
4 0
5 1
6 0
7 1

Input 5: 10000101
0 1
1 0
2 0
3 0
4 0
5 1
6 0
7 1

Input 6: 01001010
0 0
1 1
2 0
3 0
4 1
5 0
6 1
7 0

Input 7: 01011000
0 0
1 1
2 0
3 1
4 1
5 0
6 0
7 0

Input 8: 11111011
0 1
1 1
2 1
3 1
4 1
5 0
6 1
7 1

When matching output
x: not in operator
y: wrong position

Identity
0 001001001 3 match 7
1 110110111 7
2 100010001 3
3 000000011 2
4 100000111 4
5 010111000 4
6 000000101 2
7 001111001 5

Matching output
0 absent
1 absent
2 absent
3 absent
4 absent
5 absent
6 absent
7 0

Left
none
Best: none

Right
0 7x
Best: I0: 1

NOT
0 110110110 6
1 001001000 2
2 011101110 6
3 111111100 7
4 011111000 5
5 101000111 5
6 111111010 7
7 110000110 4

Matching output
0 absent
1 absent
2 absent
3 absent
4 absent
5 absent
6 absent
7 absent

Left
none
Best: none

Right
none
Best: none

Constant
0 000000000 a match 0 1 2 3 4 5 6
1 111111111 a

Matching output
0 C0
1 C0
2 C0
3 C0
4 C0
5 C0
6 C0
7 absent

Left
0 0 0 0 0 0 0
Best: C0 0 0 0 0 0 0: 7

Right
none
Best: none

AND
01 10 000000001 1
12 21 100010001 3
23 32 000000001 1
34 43 000000011 2
45 54 000000000 a match 0 1 2 3 4 5 6
56 65 000000000 a match 0 1 2 3 4 5 6
67 76 000000001 1
70 07 001001001 3 match 7

02 20 000000001 1
13 31 000000011 2
24 42 100000001 2
35 53 000000000 a match 0 1 2 3 4 5 6
46 64 000000101 2
57 75 000111000 3
60 06 000000001 1
71 17 000110001 3

03 30 000000001 1
14 41 100000111 4
25 52 000010000 1
36 63 000000001 1
47 74 000000001 1
50 05 000001000 1
61 16 000000101 2
72 27 000010001 2

04 40 000000001 1
15 51 010110000 3
26 62 000000001 1
37 73 000000001 1

Matching output
0 45 54 56 65 35 53
1 45 54 56 65 35 53
2 45 54 56 65 35 53
3 45 54 56 65 35 53
4 45 54 56 65 35 53
5 45 54 56 65 35 53
6 45 54 56 65 35 53
7 70 07

Left
45 56 67x
54 65 76x
56 67x
65 76x
35 46x
53 64x
Best: AND45 56: 2

Right
70 67x
07 76x
Best: AND70: 1

OR
01 10 111111111 a
12 21 110110111 7
23 32 100010011 4
34 43 100000111 4
45 54 110111111 8
56 65 010111101 6
67 76 001111101 6
70 07 001111001 5

02 20 101011001 5
13 31 110110111 7
24 42 100010111 5
35 53 010111011 6
46 64 100000111 4
57 75 011111001 6
60 06 001001101 4
71 17 111111111 a

03 30 001001011 4
14 41 110110111 7
25 52 110111001 6
36 63 000000111 3
47 74 101111111 8
50 05 011111001 6
61 16 110110111 7
72 27 101111001 6

04 40 101001111 6
15 51 110111111 8
26 62 100010101 4
37 73 001111011 6

Matching output
0 absent
1 absent
2 absent
3 absent
4 absent
5 absent
6 absent
7 absent

Left
none
Best: none

Right
none
Best: none

XOR
01 10 111111110 8
12 21 010100110 4
23 32 100010010 3
34 43 100000100 2
45 54 110111111 8
56 65 010111101 6
67 76 001111100 5
70 07 000110000 2

02 20 101011000 4
13 31 110110100 5
24 42 000010110 3
35 53 010111011 6
46 64 100000010 2
57 75 011000001 3
60 06 001001100 3
71 17 111001110 6

03 30 001001010 3
14 41 010110000 3
25 52 110101001 5
36 63 000000110 2
47 74 101111110 7
50 05 011110001 5
61 16 110110010 5
72 27 101101000 4

04 40 101001110 5
15 51 100001111 5
26 62 100010100 3
37 73 001111010 5

Matching output
0 absent
1 absent
2 absent
3 absent
4 absent
5 absent
6 absent
7 absent

Left
none
Best: none

Right
none
Best: none

AND-NOT
01 001001000 2
12 010100110 4
23 100010000 2
34 000000000 a match 0 1 2 3 4 5 6
45 100000111 4
56 010111000 4
67 000000100 1
70 000110000 2

02 001001000 2
13 110110100 5
24 000010000 1
35 000000011 2
46 100000010 2
57 010000000 1
60 000000100 1
71 001001000 2

03 001001000 2
14 010110000 3
25 100000001 2
36 000000010 1
47 100000110 3
50 010110000 3
61 000000000 a match 0 1 2 3 4 5 6
72 001101000 3

04 001001000 2
15 100000111 4
26 100010000 2
37 000000010 1
40 100000110 3
51 000001000 1
62 000000100 1
73 001111000 4

05 001000001 2
16 110110010 5
27 100000000 1
30 000000010 1
41 000000000 a match 0 1 2 3 4 5 6
52 010101000 3
63 000000100 1
74 001111000 4

06 001001000 2
17 110000110 4
20 100010000 2
31 000000000 a match 0 1 2 3 4 5 6
42 000000110 2
53 010111000 4
64 000000000 a match 0 1 2 3 4 5 6
75 001000001 2

07 000000000 a match 0 1 2 3 4 5 6
10 110110110 6
21 000000000 a match 0 1 2 3 4 5 6
32 000000010 1
43 100000100 2
54 010111000 4
65 000000101 2
76 001111000 4

Matching output
0 34 61 41 31 64 07 21
1 34 61 41 31 64 07 21
2 34 61 41 31 64 07 21
3 34 61 41 31 64 07 21
4 34 61 41 31 64 07 21
5 34 61 41 31 64 07 21
6 34 61 41 31 64 07 21
7 absent

Left
34 45x
61 72x
41 52x
31 42x
64 75x
07 10x
21 32x
Best: AND-NOT34: 1

Right
none
Best: none

OR-NOT
01 001001001 3 match 7
12 111111111 a
23 111111101 8
34 011111011 7
45 101000111 5
56 111111010 7
67 110000111 5
70 111111111 a

02 011101111 7
13 111111111 a
24 111111001 7
35 101000111 5
46 111111111 a
57 110111110 7
60 110110111 7
71 001111001 5

03 111111101 8
14 111111111 a
25 101010111 6
36 111111011 8
47 110000111 5
50 110111110 7
61 001001101 4
72 011111111 8

04 011111001 6
15 111110111 8
26 111111011 8
37 110000111 5
40 110110111 7
51 011111000 5
62 011101111 7
73 111111101 8

05 101001111 6
16 111111111 a
27 110010111 6
30 110110111 7
41 101001111 6
52 011111110 7
63 111111101 8
74 011111001 6

06 111111011 8
17 110110111 7
20 110110111 7
31 001001011 4
42 111101111 8
53 111111100 7
64 011111101 7
75 101111111 8

07 111001111 7
10 110110111 7
21 101011001 5
32 011101111 7
43 111111111 a
54 011111000 5
65 101000111 5
76 111111011 8

Matching output
0 absent
1 absent
2 absent
3 absent
4 absent
5 absent
6 absent
7 01

Left
none
Best: none

Right
01 70x
Best: OR-NOT01: 1

XOR-NOT
01 000000001 1
12 101011001 5
23 011101101 6
34 011111011 7
45 001000000 1
56 101000010 3
67 110000011 4
70 111001111 7

02 010100111 5
13 001001011 4
24 111101001 6
35 101000100 3
46 011111101 7
57 100111110 6
60 110110011 6
71 000110001 3

03 110110101 6
14 101001111 6
25 001010110 4
36 111111001 7
47 010000001 2
50 100001110 4
61 001001101 4
72 010010111 5

04 010110001 4
15 011110000 4
26 011101011 6
37 110000101 4
40 010110001 4
51 011110000 4
62 011101011 6
73 110000101 4

05 100001110 4
16 001001101 4
27 010010111 5
30 110110101 6
41 101001111 6
52 001010110 4
63 111111001 7
74 010000001 2

06 110110011 6
17 000110001 3
20 010100111 5
31 001001011 4
42 111101001 6
53 101000100 3
64 011111101 7
75 100111110 6

07 111001111 7
10 000000001 1
21 101011001 5
32 011101101 6
43 011111011 7
54 001000000 1
65 101000010 3
76 110000011 4

Matching output
0 absent
1 absent
2 absent
3 absent
4 absent
5 absent
6 absent
7 absent

Left
none
Best: none

Right
none
Best: none

Selecting

Lefts
Identity none
NOT none
Constant C0 0 0 0 0 0 0: 7
AND AND45 56: 2
OR none
XOR none
AND-NOT AND-NOT34: 1
OR-NOT none
XOR-NOT none

Rights
Identity I0: 1
NOT none
Constant none
AND AND70: 1
OR none
XOR none
AND-NOT none
OR-NOT OR-NOT01: 1
XOR-NOT none

Left longest: 7
Right longest: 1

Left winner: Identity no, NOT no, Constant yes, AND no, OR no, XOR no, AND-NOT no, OR-NOT no, XOR-NOT no
Right winner: Identity yes, NOT no, Constant no, AND no, OR no, XOR no, AND-NOT no, OR-NOT no, XOR-NOT no

Best left: C0 0 0 0 0 0 0: 7
Best right: I0: 1

Truncated left: C0 0 0 0 0 0 0: 7
Truncated right: I0: 1

Tentative from right
7 I0
6 pending
5 pending
4 pending
3 pending
2 pending
1 pending
0 pending

Tentative
0 C0
1 C0
2 C0
3 C0
4 C0
5 C0
6 C0
7 I0

Preferred from left
0 C0
1 C0
2 C0
3 C0
4 C0
5 C0
6 C0
7 I0

Preferred from right
7 I0
6 C0
5 C0
4 C0
3 C0
2 C0
1 C0
0 C0

Preferred
0 C0
1 C0
2 C0
3 C0
4 C0
5 C0
6 C0
7 I0

Matching
0 C0
1 C0
2 C0
3 C0
4 C0
5 C0
6 C0
7 I0

Perfect match
Identity no
NOT no
Constant no
AND no
OR no
XOR no
AND-NOT no
OR-NOT no
XOR-NOT no

Matched
0 C0
1 C0
2 C0
3 C0
4 C0
5 C0
6 C0
7 I0

Selected
0 C0
1 C0
2 C0
3 C0
4 C0
5 C0
6 C0
7 I0

Applying to 01101011
Input
0 0
1 1
2 1
3 0
4 1
5 0
6 1
7 1
Output
0 C0 = 0
1 C0 = 0
2 C0 = 0
3 C0 = 0
4 C0 = 0
5 C0 = 0
6 C0 = 0
7 I0 = 0

I will now return the answer in \boxed{}
The answer in \boxed{–} is \boxed{00000000}
[correct]
true
