[category]
bit_manipulation
[prompt]
In Alice's Wonderland, a secret bit manipulation rule transforms 8-bit binary numbers. The transformation involves operations like bit shifts, rotations, XOR, AND, OR, NOT, and possibly majority or choice functions.

Here are some examples of input -> output:
11100100 -> 00000010
00010010 -> 00000000
01001011 -> 00010000
10100010 -> 00000010
10110100 -> 00000010
10111011 -> 10011010
10100001 -> 00001010
10010001 -> 00001000
00001100 -> 01000000
00111010 -> 10000000

Now, determine the output for: 10010101
[completion]
We need to deduce the transformation by matching the example outputs.
I will put my final answer inside \boxed{}.

Output 0: 00000010
0 0
1 0
2 0
3 0
4 0
5 0
6 1
7 0

Output 1: 00000000
0 0
1 0
2 0
3 0
4 0
5 0
6 0
7 0

Output 2: 00010000
0 0
1 0
2 0
3 1
4 0
5 0
6 0
7 0

Output 3: 00000010
0 0
1 0
2 0
3 0
4 0
5 0
6 1
7 0

Output 4: 00000010
0 0
1 0
2 0
3 0
4 0
5 0
6 1
7 0

Output 5: 10011010
0 1
1 0
2 0
3 1
4 1
5 0
6 1
7 0

Output 6: 00001010
0 0
1 0
2 0
3 0
4 1
5 0
6 1
7 0

Output 7: 00001000
0 0
1 0
2 0
3 0
4 1
5 0
6 0
7 0

Output 8: 01000000
0 0
1 1
2 0
3 0
4 0
5 0
6 0
7 0

Output 9: 10000000
0 1
1 0
2 0
3 0
4 0
5 0
6 0
7 0

Output bit columns (with bitsum as hash)
0 0000010001 2
1 0000000010 1
2 0000000000 a
3 0010010000 2
4 0000011100 3
5 0000000000 a
6 1001111000 5
7 0000000000 a

Input 0: 11100100
0 1
1 1
2 1
3 0
4 0
5 1
6 0
7 0

Input 1: 00010010
0 0
1 0
2 0
3 1
4 0
5 0
6 1
7 0

Input 2: 01001011
0 0
1 1
2 0
3 0
4 1
5 0
6 1
7 1

Input 3: 10100010
0 1
1 0
2 1
3 0
4 0
5 0
6 1
7 0

Input 4: 10110100
0 1
1 0
2 1
3 1
4 0
5 1
6 0
7 0

Input 5: 10111011
0 1
1 0
2 1
3 1
4 1
5 0
6 1
7 1

Input 6: 10100001
0 1
1 0
2 1
3 0
4 0
5 0
6 0
7 1

Input 7: 10010001
0 1
1 0
2 0
3 1
4 0
5 0
6 0
7 1

Input 8: 00001100
0 0
1 0
2 0
3 0
4 1
5 1
6 0
7 0

Input 9: 00111010
0 0
1 0
2 1
3 1
4 1
5 0
6 1
7 0

When matching output
x: not in operator
y: wrong position

Identity
0 1001111100 6
1 1010000000 2
2 1001111001 6
3 0100110101 5
4 0010010011 4
5 1000100010 3
6 0111010001 5
7 0010011100 4

Matching output
0 absent
1 absent
2 absent
3 absent
4 absent
5 absent
6 absent
7 absent

Left
none
Best: none

Right
none
Best: none

NOT
0 0110000011 4
1 0101111111 8
2 0110000110 4
3 1011001010 5
4 1101101100 6
5 0111011101 7
6 1000101110 5
7 1101100011 6

Matching output
0 absent
1 absent
2 absent
3 absent
4 absent
5 absent
6 absent
7 absent

Left
none
Best: none

Right
none
Best: none

Constant
0 0000000000 a match 2 5 7
1 1111111111 a

Matching output
0 absent
1 absent
2 C0
3 absent
4 absent
5 C0
6 absent
7 C0

Left
none
Best: none

Right
0
Best: C0: 1

AND
01 10 1000000000 1
12 21 1000000000 1
23 32 0000110001 3
34 43 0000010001 2 match 0
45 54 0000000010 1 match 1
56 65 0000000000 a match 2 5 7
67 76 0010010000 2 match 3
70 07 0000011100 3 match 4

02 20 1001111000 5 match 6
13 31 0000000000 a match 2 5 7
24 42 0000010001 2 match 0
35 53 0000100000 1
46 64 0010010001 3
57 75 0000000000 a match 2 5 7
60 06 0001010000 2
71 17 0010000000 1

03 30 0000110100 3
14 41 0010000000 1
25 52 1000100000 2
36 63 0100010001 3
47 74 0010010000 2 match 3
50 05 1000100000 2
61 16 0010000000 1
72 27 0000011000 2

04 40 0000010000 1
15 51 1000000000 1
26 62 0001010001 3
37 73 0000010100 2

Matching output
0 34 43 24 42
1 45 54
2 56 65 13 31 57 75
3 67 76 47 74
4 70 07
5 56 65 13 31 57 75
6 02 20
7 56 65 13 31 57 75

Left
34 45 56 67 70 01x
43 54 65 76 07 10x
24 35x
42 53x
Best: AND34 45 56 67 70: 5

Right
56 45y
65 54y
13 02 71x
31 20 17x
57 46x
75 64x
Best: AND13 02: 2

OR
01 10 1011111100 7
12 21 1011111001 7
23 32 1101111101 8
34 43 0110110111 7
45 54 1010110011 6
56 65 1111110011 8
67 76 0111011101 7
70 07 1011111100 7

02 20 1001111101 7
13 31 1110110101 7
24 42 1011111011 8
35 53 1100110111 7
46 64 0111010011 6
57 75 1010111110 7
60 06 1111111101 9
71 17 1010011100 5

03 30 1101111101 8
14 41 1010010011 5
25 52 1001111011 7
36 63 0111110101 7
47 74 0010011111 6
50 05 1001111110 7
61 16 1111010001 6
72 27 1011111101 8

04 40 1011111111 9
15 51 1010100010 4
26 62 1111111001 8
37 73 0110111101 7

Matching output
0 absent
1 absent
2 absent
3 absent
4 absent
5 absent
6 absent
7 absent

Left
none
Best: none

Right
none
Best: none

XOR
01 10 0011111100 6
12 21 0011111001 6
23 32 1101001100 5
34 43 0110100110 5
45 54 1010110001 5
56 65 1111110011 8
67 76 0101001101 5
70 07 1011100000 4

02 20 0000000101 2
13 31 1110110101 7
24 42 1011101010 6
35 53 1100010111 6
46 64 0101000010 3
57 75 1010111110 7
60 06 1110101101 7
71 17 1000011100 4

03 30 1101001001 5
14 41 1000010011 4
25 52 0001011011 5
36 63 0011100100 4
47 74 0000001111 4
50 05 0001011110 5
61 16 1101010001 5
72 27 1011100101 6

04 40 1011101111 8
15 51 0010100010 3
26 62 1110101000 5
37 73 0110101001 5

Matching output
0 absent
1 absent
2 absent
3 absent
4 absent
5 absent
6 absent
7 absent

Left
none
Best: none

Right
none
Best: none

AND-NOT
01 0001111100 5
12 0010000000 1
23 1001001000 3
34 0100100100 3
45 0010010001 3
56 1000100010 3
67 0101000001 3
70 0010000000 1

02 0000000100 1
13 1010000000 2
24 1001101000 4
35 0100010101 4
46 0000000010 1 match 1
57 1000100010 3
60 0110000001 3
71 0000011100 3 match 4

03 1001001000 3
14 1000000000 1
25 0001011001 4
36 0000100100 2
47 0000000011 2
50 0000000010 1 match 1
61 0101010001 4
72 0010000100 2

04 1001101100 5
15 0010000000 1
26 1000101000 3
37 0100100001 3
40 0010000011 3
51 0000100010 2
62 0110000000 2
73 0010001000 2

05 0001011100 4
16 1000000000 1
27 1001100001 4
30 0100000001 2
41 0000010011 3
52 0000000010 1 match 1
63 0011000000 2
74 0000001100 2

06 1000101100 4
17 1000000000 1
20 0000000001 1
31 0100110101 5
42 0010000010 2
53 1000000010 2
64 0101000000 2
75 0010011100 4

07 1001100000 3
10 0010000000 1
21 0001111001 5
32 0100000100 2
43 0010000010 2
54 1000100000 2
65 0111010001 5
76 0000001100 2

Matching output
0 absent
1 46 50 52
2 absent
3 absent
4 71
5 absent
6 absent
7 absent

Left
none
Best: none

Right
none
Best: none

OR-NOT
01 1101111111 9
12 1110000110 5
23 1011111011 8
34 1101111101 8
45 0111011111 8
56 1000101110 5
67 1111110011 8
70 0110011111 7

02 1111111110 9
13 1011001010 5
24 1101111101 8
35 0111111101 8
46 1010111111 8
57 1101100011 6
60 0111010011 6
71 0111111111 9

03 1011111110 8
14 1111101100 7
25 1111111101 9
36 1100111111 8
47 1111110011 8
50 1110100011 6
61 0111111111 9
72 0110011110 6

04 1101111100 7
15 1111011101 8
26 1001111111 8
37 1101110111 8
40 0110010011 5
51 1101111111 9
62 0111010111 7
73 1011011110 7

05 1111111101 9
16 1010101110 6
27 1101111011 8
30 0110110111 7
41 0111111111 9
52 1110100110 6
63 1111011011 8
74 1111111100 8

06 1001111110 7
17 1111100011 7
20 1111111011 9
31 0101111111 8
42 0110010111 6
53 1011101010 6
64 1111111101 9
75 0111011101 7

07 1101111111 9
10 1110000011 5
21 1101111111 9
32 0110110111 7
43 1011011011 7
54 1101101110 7
65 0111011101 7
76 1010111110 7

Matching output
0 absent
1 absent
2 absent
3 absent
4 absent
5 absent
6 absent
7 absent

Left
none
Best: none

Right
none
Best: none

XOR-NOT
01 1100000011 4
12 1100000110 4
23 0010110011 5
34 1001011001 5
45 0101001110 5
56 0000001100 2
67 1010110010 5
70 0100011111 6

02 1111111010 8
13 0001001010 3
24 0100010101 4
35 0011101000 4
46 1010111101 7
57 0101000001 3
60 0001010010 3
71 0111100011 6

03 0010110110 5
14 0111101100 6
25 1110100100 5
36 1100011011 6
47 1111110000 6
50 1110100001 5
61 0010101110 5
72 0100011010 4

04 0100010000 2
15 1101011101 7
26 0001010111 5
37 1001010110 5
40 0100010000 2
51 1101011101 7
62 0001010111 5
73 1001010110 5

05 1110100001 5
16 0010101110 5
27 0100011010 4
30 0010110110 5
41 0111101100 6
52 1110100100 5
63 1100011011 6
74 1111110000 6

06 0001010010 3
17 0111100011 6
20 1111111010 8
31 0001001010 3
42 0100010101 4
53 0011101000 4
64 1010111101 7
75 0101000001 3

07 0100011111 6
10 1100000011 4
21 1100000110 4
32 0010110011 5
43 1001011001 5
54 0101001110 5
65 0000001100 2
76 1010110010 5

Matching output
0 absent
1 absent
2 absent
3 absent
4 absent
5 absent
6 absent
7 absent

Left
none
Best: none

Right
none
Best: none

Selecting

Lefts
Identity none
NOT none
Constant none
AND AND34 45 56 67 70: 5
OR none
XOR none
AND-NOT none
OR-NOT none
XOR-NOT none

Rights
Identity none
NOT none
Constant C0: 1
AND AND13 02: 2
OR none
XOR none
AND-NOT none
OR-NOT none
XOR-NOT none

Left longest: 5
Right longest: 2

Left winner: Identity no, NOT no, Constant no, AND yes, OR no, XOR no, AND-NOT no, OR-NOT no, XOR-NOT no
Right winner: Identity no, NOT no, Constant no, AND yes, OR no, XOR no, AND-NOT no, OR-NOT no, XOR-NOT no

Best left: AND34 45 56 67 70: 5
Best right: AND13 02: 2

Truncated left: AND34 45 56 67 70: 5
Truncated right: AND13 02: 2

Tentative from right
7 AND13
6 AND02
5 pending
4 pending
3 pending
2 pending
1 pending
0 pending

Tentative
0 AND34
1 AND45
2 AND56
3 AND67
4 AND70
5 pending
6 AND02
7 AND13

Preferred from left
0 AND34
1 AND45
2 AND56
3 AND67
4 AND70
5 ?01
6 AND02
7 AND13

Preferred from right
7 AND13
6 AND02
5 ?01
4 AND70
3 AND67
2 AND56
1 AND45
0 AND34

Preferred
0 AND34
1 AND45
2 AND56
3 AND67
4 AND70
5 ?01 ?10
6 AND02
7 AND13

Matching
0 AND34
1 AND45
2 AND56
3 AND67
4 AND70
5 ?01 ?10 - Identity absent, NOT absent, Constant C0, AND absent, OR absent, XOR absent, AND-NOT absent, OR-NOT absent, XOR-NOT absent
6 AND02
7 AND13

Perfect match
Identity no
NOT no
Constant yes
AND no
OR no
XOR no
AND-NOT no
OR-NOT no
XOR-NOT no

Matched
0 AND34
1 AND45
2 AND56
3 AND67
4 AND70
5 C0
6 AND02
7 AND13

Selected
0 AND34
1 AND45
2 AND56
3 AND67
4 AND70
5 C0
6 AND02
7 AND13

Applying to 10010101
Input
0 1
1 0
2 0
3 1
4 0
5 1
6 0
7 1
Output
0 AND34 = AND(1,0) = 0
1 AND45 = AND(0,1) = 0
2 AND56 = AND(1,0) = 0
3 AND67 = AND(0,1) = 0
4 AND70 = AND(1,1) = 1
5 C0 = 0
6 AND02 = AND(1,0) = 0
7 AND13 = AND(0,1) = 0

I will now return the answer in \boxed{}
The answer in \boxed{–} is \boxed{00001000}
[correct]
true
