[category]
bit_manipulation
[prompt]
In Alice's Wonderland, a secret bit manipulation rule transforms 8-bit binary numbers. The transformation involves operations like bit shifts, rotations, XOR, AND, OR, NOT, and possibly majority or choice functions.

Here are some examples of input -> output:
01110100 -> 11101000
01001000 -> 10010000
10111111 -> 11111111
00001110 -> 10011100
11111110 -> 11111101
11110101 -> 11101011
10000011 -> 11000111
11001101 -> 11011011

Now, determine the output for: 10100101
[completion]
We need to deduce the transformation by matching the example outputs.
I will put my final answer inside \boxed{}.

Output 0: 11101000
0 1
1 1
2 1
3 0
4 1
5 0
6 0
7 0

Output 1: 10010000
0 1
1 0
2 0
3 1
4 0
5 0
6 0
7 0

Output 2: 11111111
0 1
1 1
2 1
3 1
4 1
5 1
6 1
7 1

Output 3: 10011100
0 1
1 0
2 0
3 1
4 1
5 1
6 0
7 0

Output 4: 11111101
0 1
1 1
2 1
3 1
4 1
5 1
6 0
7 1

Output 5: 11101011
0 1
1 1
2 1
3 0
4 1
5 0
6 1
7 1

Output 6: 11000111
0 1
1 1
2 0
3 0
4 0
5 1
6 1
7 1

Output 7: 11011011
0 1
1 1
2 0
3 1
4 1
5 0
6 1
7 1

Output bit columns (with bitsum as hash)
0 11111111 a
1 10101111 6
2 10101100 4
3 01111001 5
4 10111101 6
5 00111010 4
6 00100111 4
7 00101111 5

Input 0: 01110100
0 0
1 1
2 1
3 1
4 0
5 1
6 0
7 0

Input 1: 01001000
0 0
1 1
2 0
3 0
4 1
5 0
6 0
7 0

Input 2: 10111111
0 1
1 0
2 1
3 1
4 1
5 1
6 1
7 1

Input 3: 00001110
0 0
1 0
2 0
3 0
4 1
5 1
6 1
7 0

Input 4: 11111110
0 1
1 1
2 1
3 1
4 1
5 1
6 1
7 0

Input 5: 11110101
0 1
1 1
2 1
3 1
4 0
5 1
6 0
7 1

Input 6: 10000011
0 1
1 0
2 0
3 0
4 0
5 0
6 1
7 1

Input 7: 11001101
0 1
1 1
2 0
3 0
4 1
5 1
6 0
7 1

When matching output
x: not in operator
y: wrong position

Identity
0 00101111 5 match 7
1 11001101 5
2 10101100 4 match 2
3 10101100 4 match 2
4 01111001 5 match 3
5 10111101 6 match 4
6 00111010 4 match 5
7 00100111 4 match 6

Matching output
0 absent
1 absent
2 2 3
3 4
4 5
5 6
6 7
7 0

Left
none
Best: none

Right
0 7 6 5 4 3 2y
Best: I0 7 6 5 4 3: 6

NOT
0 11010000 3
1 00110010 3
2 01010011 4
3 01010011 4
4 10000110 3
5 01000010 2
6 11000101 4
7 11011000 4

Matching output
0 absent
1 absent
2 absent
3 absent
4 absent
5 absent
6 absent
7 absent

Left
none
Best: none

Right
none
Best: none

Constant
0 00000000 a
1 11111111 a match 0

Matching output
0 C1
1 absent
2 absent
3 absent
4 absent
5 absent
6 absent
7 absent

Left
1
Best: C1: 1

Right
none
Best: none

AND
01 10 00001101 3
12 21 10001100 3
23 32 10101100 4 match 2
34 43 00101000 2
45 54 00111001 4
56 65 00111000 3
67 76 00100010 2
70 07 00100111 4 match 6

02 20 00101100 3
13 31 10001100 3
24 42 00101000 2
35 53 10101100 4 match 2
46 64 00111000 3
57 75 00100101 3
60 06 00101010 3
71 17 00000101 2

03 30 00101100 3
14 41 01001001 3
25 52 10101100 4 match 2
36 63 00101000 2
47 74 00100001 2
50 05 00101101 4
61 16 00001000 1
72 27 00100100 2

04 40 00101001 3
15 51 10001101 4
26 62 00101000 2
37 73 00100100 2

Matching output
0 absent
1 absent
2 23 32 35 53 25 52
3 absent
4 absent
5 absent
6 70 07
7 absent

Left
none
Best: none

Right
none
Best: none

OR
01 10 11101111 7
12 21 11101101 6
23 32 10101100 4 match 2
34 43 11111101 7
45 54 11111101 7
56 65 10111111 7
67 76 00111111 6
70 07 00101111 5 match 7

02 20 10101111 6 match 1
13 31 11101101 6
24 42 11111101 7
35 53 10111101 6 match 4
46 64 01111011 6
57 75 10111111 7
60 06 00111111 6
71 17 11101111 7

03 30 10101111 6 match 1
14 41 11111101 7
25 52 10111101 6 match 4
36 63 10111110 6
47 74 01111111 7
50 05 10111111 7
61 16 11111111 a match 0
72 27 10101111 6 match 1

04 40 01111111 7
15 51 11111101 7
26 62 10111110 6
37 73 10101111 6 match 1

Matching output
0 61 16
1 02 20 03 30 72 27 37 73
2 23 32
3 absent
4 35 53 25 52
5 absent
6 absent
7 70 07

Left
61 72 03y
16 27 30y
Best: OR61 72: 2

Right
70 67x
07 76x
Best: OR70: 1

XOR
01 10 11100010 4
12 21 01100001 3
23 32 00000000 a
34 43 11010101 5
45 54 11000100 3
56 65 10000111 4
67 76 00011101 4
70 07 00001000 1

02 20 10000011 3
13 31 01100001 3
24 42 11010101 5
35 53 00010001 2
46 64 01000011 3
57 75 10011010 4
60 06 00010101 3
71 17 11101010 5

03 30 10000011 3
14 41 10110100 4
25 52 00010001 2
36 63 10010110 4
47 74 01011110 5
50 05 10010010 3
61 16 11110111 7
72 27 10001011 4

04 40 01010110 4
15 51 01110000 3
26 62 10010110 4
37 73 10001011 4

Matching output
0 absent
1 absent
2 absent
3 absent
4 absent
5 absent
6 absent
7 absent

Left
none
Best: none

Right
none
Best: none

AND-NOT
01 00100010 2
12 01000001 2
23 00000000 a
34 10000100 2
45 01000000 1
56 10000101 3
67 00011000 2
70 00000000 a

02 00000011 2
13 01000001 2
24 10000100 2
35 00000000 a
46 01000001 2
57 10011000 3
60 00010000 1
71 00100010 2

03 00000011 2
14 10000100 2
25 00000000 a
36 10000100 2
47 01011000 3
50 10010000 2
61 00110010 3
72 00000011 2

04 00000110 2
15 01000000 1
26 10000100 2
37 10001000 2
40 01010000 2
51 00110000 2
62 00010010 2
73 00000011 2

05 00000010 1
16 11000101 4
27 10001000 2
30 10000000 1
41 00110000 2
52 00010001 2
63 00010010 2
74 00000110 2

06 00000101 2
17 11001000 3
20 10000000 1
31 00100000 1
42 01010001 3
53 00010001 2
64 00000010 1
75 00000010 1

07 00001000 1
10 11000000 2
21 00100000 1
32 00000000 a
43 01010001 3
54 10000100 2
65 00000010 1
76 00000101 2

Matching output
0 absent
1 absent
2 absent
3 absent
4 absent
5 absent
6 absent
7 absent

Left
none
Best: none

Right
none
Best: none

OR-NOT
01 00111111 6
12 11011111 7
23 11111111 a match 0
34 10101110 5
45 01111011 6
56 11111101 7
67 11111010 6
70 11110111 7

02 01111111 7
13 11011111 7
24 10101110 5
35 11101110 6
46 11111101 7
57 11111101 7
60 11111010 6
71 00110111 5

03 01111111 7
14 11001111 6
25 11101110 6
36 11101101 6
47 11111001 6
50 11111101 7
61 00111010 4 match 5
72 01110111 6

04 10101111 6 match 1
15 11001111 6
26 11101101 6
37 11111100 6
40 11111001 6
51 10111111 7
62 01111011 6
73 01110111 6

05 01101111 6
16 11001101 5
27 11111100 6
30 11111100 6
41 01111011 6
52 11111111 a match 0
63 01111011 6
74 10100111 5

06 11101111 7
17 11011101 6
20 11111100 6
31 10111110 6
42 01111011 6
53 11111111 a match 0
64 10111110 6
75 01100111 5

07 11111111 a match 0
10 11011101 6
21 10111110 6
32 11111111 a match 0
43 01111011 6
54 10111111 7
65 01111010 5
76 11100111 6

Matching output
0 23 52 53 07 32
1 04
2 absent
3 absent
4 absent
5 61
6 absent
7 absent

Left
23 34x
52 63x
53 64x
07 10x
32 43x
Best: OR-NOT23: 1

Right
none
Best: none

XOR-NOT
01 00011101 4
12 10011110 5
23 11111111 a match 0
34 00101010 3
45 00111011 5
56 01111000 4
67 11100010 4
70 11110111 7

02 01111100 5
13 10011110 5
24 00101010 3
35 11101110 6
46 10111100 5
57 01100101 4
60 11101010 5
71 00010101 3

03 01111100 5
14 01001011 4
25 11101110 6
36 01101001 4
47 10100001 3
50 01101101 5
61 00001000 1
72 01110100 4

04 10101001 4
15 10001111 5
26 01101001 4
37 01110100 4
40 10101001 4
51 10001111 5
62 01101001 4
73 01110100 4

05 01101101 5
16 00001000 1
27 01110100 4
30 01111100 5
41 01001011 4
52 11101110 6
63 01101001 4
74 10100001 3

06 11101010 5
17 00010101 3
20 01111100 5
31 10011110 5
42 00101010 3
53 11101110 6
64 10111100 5
75 01100101 4

07 11110111 7
10 00011101 4
21 10011110 5
32 11111111 a match 0
43 00101010 3
54 00111011 5
65 01111000 4
76 11100010 4

Matching output
0 23 32
1 absent
2 absent
3 absent
4 absent
5 absent
6 absent
7 absent

Left
23 34x
32 43x
Best: XOR-NOT23: 1

Right
none
Best: none

Selecting

Lefts
Identity none
NOT none
Constant C1: 1
AND none
OR OR61 72: 2
XOR none
AND-NOT none
OR-NOT OR-NOT23: 1
XOR-NOT XOR-NOT23: 1

Rights
Identity I0 7 6 5 4 3: 6
NOT none
Constant none
AND none
OR OR70: 1
XOR none
AND-NOT none
OR-NOT none
XOR-NOT none

Left longest: 2
Right longest: 6

Right winner: Identity yes, NOT no, Constant no, AND no, OR no, XOR no, AND-NOT no, OR-NOT no, XOR-NOT no
Left winner: Identity no, NOT no, Constant no, AND no, OR yes, XOR no, AND-NOT no, OR-NOT no, XOR-NOT no

Best right: I0 7 6 5 4 3: 6
Best left: OR61 72: 2

Truncated right: I0 7 6 5 4 3: 6
Truncated left: OR61 72: 2

Tentative from right
7 I0
6 I7
5 I6
4 I5
3 I4
2 I3
1 pending
0 pending

Tentative
0 OR61
1 OR72
2 I3
3 I4
4 I5
5 I6
6 I7
7 I0

Preferred from right
7 I0
6 I7
5 I6
4 I5
3 I4
2 I3
1 OR72
0 OR61

Preferred from left
0 OR61
1 OR72
2 I3
3 I4
4 I5
5 I6
6 I7
7 I0

Preferred
0 OR61
1 OR72
2 I3
3 I4
4 I5
5 I6
6 I7
7 I0

Matching
0 OR61
1 OR72
2 I3
3 I4
4 I5
5 I6
6 I7
7 I0

Perfect match
Identity no
NOT no
Constant no
AND no
OR no
XOR no
AND-NOT no
OR-NOT no
XOR-NOT no

Matched
0 OR61
1 OR72
2 I3
3 I4
4 I5
5 I6
6 I7
7 I0

Selected
0 OR61
1 OR72
2 I3
3 I4
4 I5
5 I6
6 I7
7 I0

Applying to 10100101
Input
0 1
1 0
2 1
3 0
4 0
5 1
6 0
7 1
Output
0 OR61 = OR(0,0) = 0
1 OR72 = OR(1,1) = 1
2 I3 = 0
3 I4 = 0
4 I5 = 1
5 I6 = 0
6 I7 = 1
7 I0 = 1

I will now return the answer in \boxed{}
The answer in \boxed{–} is \boxed{01001011}
[correct]
true
