[category]
bit_manipulation
[prompt]
In Alice's Wonderland, a secret bit manipulation rule transforms 8-bit binary numbers. The transformation involves operations like bit shifts, rotations, XOR, AND, OR, NOT, and possibly majority or choice functions.

Here are some examples of input -> output:
10100000 -> 00000000
10010001 -> 00000010
00010010 -> 00000000
01011011 -> 00000010
00001010 -> 00000000
11100110 -> 00001100
11110100 -> 00001000

Now, determine the output for: 11001011
[completion]
We need to deduce the transformation by matching the example outputs.
I will put my final answer inside \boxed{}.

Output 0: 00000000
0 0
1 0
2 0
3 0
4 0
5 0
6 0
7 0

Output 1: 00000010
0 0
1 0
2 0
3 0
4 0
5 0
6 1
7 0

Output 2: 00000000
0 0
1 0
2 0
3 0
4 0
5 0
6 0
7 0

Output 3: 00000010
0 0
1 0
2 0
3 0
4 0
5 0
6 1
7 0

Output 4: 00000000
0 0
1 0
2 0
3 0
4 0
5 0
6 0
7 0

Output 5: 00001100
0 0
1 0
2 0
3 0
4 1
5 1
6 0
7 0

Output 6: 00001000
0 0
1 0
2 0
3 0
4 1
5 0
6 0
7 0

Output bit columns (with bitsum as hash)
0 0000000 a
1 0000000 a
2 0000000 a
3 0000000 a
4 0000011 2
5 0000010 1
6 0101000 2
7 0000000 a

Input 0: 10100000
0 1
1 0
2 1
3 0
4 0
5 0
6 0
7 0

Input 1: 10010001
0 1
1 0
2 0
3 1
4 0
5 0
6 0
7 1

Input 2: 00010010
0 0
1 0
2 0
3 1
4 0
5 0
6 1
7 0

Input 3: 01011011
0 0
1 1
2 0
3 1
4 1
5 0
6 1
7 1

Input 4: 00001010
0 0
1 0
2 0
3 0
4 1
5 0
6 1
7 0

Input 5: 11100110
0 1
1 1
2 1
3 0
4 0
5 1
6 1
7 0

Input 6: 11110100
0 1
1 1
2 1
3 1
4 0
5 1
6 0
7 0

When matching output
x: not in operator
y: wrong position

Identity
0 1100011 4
1 0001011 3
2 1000011 3
3 0111001 4
4 0001100 2
5 0000011 2 match 4
6 0011110 4
7 0101000 2 match 6

Matching output
0 absent
1 absent
2 absent
3 absent
4 5
5 absent
6 7
7 absent

Left
none
Best: none

Right
none
Best: none

NOT
0 0011100 3
1 1110100 4
2 0111100 4
3 1000110 3
4 1110011 5
5 1111100 5
6 1100001 3
7 1010111 5

Matching output
0 absent
1 absent
2 absent
3 absent
4 absent
5 absent
6 absent
7 absent

Left
none
Best: none

Right
none
Best: none

Constant
0 0000000 a match 0 1 2 3 7
1 1111111 a

Matching output
0 C0
1 C0
2 C0
3 C0
4 absent
5 absent
6 absent
7 C0

Left
0 0 0 0
Best: C0 0 0 0: 4

Right
0
Best: C0: 1

AND
01 10 0000011 2 match 4
12 21 0000011 2 match 4
23 32 0000001 1
34 43 0001000 1
45 54 0000000 a match 0 1 2 3 7
56 65 0000010 1 match 5
67 76 0001000 1
70 07 0100000 1

02 20 1000011 3
13 31 0001001 2
24 42 0000000 a match 0 1 2 3 7
35 53 0000001 1
46 64 0001100 2
57 75 0000000 a match 0 1 2 3 7
60 06 0000010 1 match 5
71 17 0001000 1

03 30 0100001 2
14 41 0001000 1
25 52 0000011 2 match 4
36 63 0011000 2
47 74 0001000 1
50 05 0000011 2 match 4
61 16 0001010 2
72 27 0000000 a match 0 1 2 3 7

04 40 0000000 a match 0 1 2 3 7
15 51 0000011 2 match 4
26 62 0000010 1 match 5
37 73 0101000 2 match 6

Matching output
0 45 54 24 42 57 75 72 27 04 40
1 45 54 24 42 57 75 72 27 04 40
2 45 54 24 42 57 75 72 27 04 40
3 45 54 24 42 57 75 72 27 04 40
4 01 10 12 21 25 52 50 05 15 51
5 56 65 60 06 26 62
6 37 73
7 45 54 24 42 57 75 72 27 04 40

Left
45 56y
54 65y
24 35x
42 53x
57 60y
75 06y
72 03x
27 30x
04 15y
40 51y
Best: AND45: 1

Right
45 34x
54 43x
24 13x
42 31x
57 46x
75 64x
72 61x
27 16x
04 73 62 51 40 37y
40 37 26 15 04 73y
Best: AND04 73 62 51 40: 5

OR
01 10 1101011 5
12 21 1001011 4
23 32 1111011 6
34 43 0111101 5
45 54 0001111 4
56 65 0011111 5
67 76 0111110 5
70 07 1101011 5

02 20 1100011 4
13 31 0111011 5
24 42 1001111 5
35 53 0111011 5
46 64 0011110 4
57 75 0101011 4
60 06 1111111 a
71 17 0101011 4

03 30 1111011 6
14 41 0001111 4
25 52 1000011 3
36 63 0111111 6
47 74 0101100 3
50 05 1100011 4
61 16 0011111 5
72 27 1101011 5

04 40 1101111 6
15 51 0001011 3
26 62 1011111 6
37 73 0111001 4

Matching output
0 absent
1 absent
2 absent
3 absent
4 absent
5 absent
6 absent
7 absent

Left
none
Best: none

Right
none
Best: none

XOR
01 10 1101000 3
12 21 1001000 2
23 32 1111010 5
34 43 0110101 4
45 54 0001111 4
56 65 0011101 4
67 76 0110110 4
70 07 1001011 4

02 20 0100000 1
13 31 0110010 3
24 42 1001111 5
35 53 0111010 4
46 64 0010010 2
57 75 0101011 4
60 06 1111101 6
71 17 0100011 3

03 30 1011010 4
14 41 0000111 3
25 52 1000000 1
36 63 0100111 4
47 74 0100100 2
50 05 1100000 2
61 16 0010101 3
72 27 1101011 5

04 40 1101111 6
15 51 0001000 1
26 62 1011101 5
37 73 0010001 2

Matching output
0 absent
1 absent
2 absent
3 absent
4 absent
5 absent
6 absent
7 absent

Left
none
Best: none

Right
none
Best: none

AND-NOT
01 1100000 2
12 0001000 1
23 1000010 2
34 0110001 3
45 0001100 2
56 0000001 1
67 0010110 3
70 0001000 1

02 0100000 1
13 0000010 1 match 5
24 1000011 3
35 0111000 3
46 0000000 a match 0 1 2 3 7
57 0000011 2 match 4
60 0011100 3
71 0100000 1

03 1000010 2
14 0000011 2 match 4
25 1000000 1
36 0100001 2
47 0000100 1
50 0000000 a match 0 1 2 3 7
61 0010100 2
72 0101000 2 match 6

04 1100011 4
15 0001000 1
26 1000001 2
37 0010001 2
40 0001100 2
51 0000000 a match 0 1 2 3 7
62 0011100 3
73 0000000 a match 0 1 2 3 7

05 1100000 2
16 0000001 1
27 1000011 3
30 0011000 2
41 0000100 1
52 0000000 a match 0 1 2 3 7
63 0000110 2
74 0100000 1

06 1100001 3
17 0000011 2 match 4
20 0000000 a match 0 1 2 3 7
31 0110000 2
42 0001100 2
53 0000010 1 match 5
64 0010010 2
75 0101000 2 match 6

07 1000011 3
10 0001000 1
21 1000000 1
32 0111000 3
43 0000100 1
54 0000011 2 match 4
65 0011100 3
76 0100000 1

Matching output
0 46 50 51 73 52 20
1 46 50 51 73 52 20
2 46 50 51 73 52 20
3 46 50 51 73 52 20
4 57 14 17 54
5 13 53
6 72 75
7 46 50 51 73 52 20

Left
46 57y
50 61x
51 62x
73 04x
52 63x
20 31x
Best: AND-NOT46: 1

Right
46 35x
50 47x
51 40x
73 62x
52 41x
20 17y
Best: AND-NOT46: 1

OR-NOT
01 1110111 6
12 0111111 6
23 1000111 4
34 1111011 6
45 1111100 5
56 1100011 4
67 1011111 6
70 0111100 4

02 1111111 a
13 1001111 5
24 1110011 5
35 1111101 6
46 1101101 5
57 1010111 5
60 0011110 4
71 1111100 5

03 1100111 5
14 1111011 6
25 1111111 a
36 1111001 5
47 1011111 6
50 0011111 5
61 1111110 6
72 0111100 4

04 1110011 5
15 1111111 a
26 1100011 4
37 1111111 a
40 0011100 3
51 1110111 6
62 0111110 5
73 1101110 5

05 1111111 a
16 1101011 5
27 1010111 5
30 0111101 5
41 1111100 5
52 0111111 6
63 1011110 5
74 1111011 6

06 1100011 4
17 1011111 6
20 1011111 6
31 1111101 6
42 0111100 4
53 1000111 4
64 1111111 a
75 1111100 5

07 1110111 6
10 0011111 5
21 1110111 6
32 0111101 5
43 1001110 4
54 1110011 5
65 1111110 6
76 1101001 4

Matching output
0 absent
1 absent
2 absent
3 absent
4 absent
5 absent
6 absent
7 absent

Left
none
Best: none

Right
none
Best: none

XOR-NOT
01 0010111 4
12 0110111 5
23 0000101 2
34 1001010 3
45 1110000 3
56 1100010 3
67 1001001 3
70 0110100 3

02 1011111 6
13 1001101 4
24 0110000 2
35 1000101 3
46 1101101 5
57 1010100 3
60 0000010 1 match 5
71 1011100 4

03 0100101 3
14 1111000 4
25 0111111 6
36 1011000 3
47 1011011 5
50 0011111 5
61 1101010 4
72 0010100 2

04 0010000 1
15 1110111 6
26 0100010 2
37 1101110 5
40 0010000 1
51 1110111 6
62 0100010 2
73 1101110 5

05 0011111 5
16 1101010 4
27 0010100 2
30 0100101 3
41 1111000 4
52 0111111 6
63 1011000 3
74 1011011 5

06 0000010 1 match 5
17 1011100 4
20 1011111 6
31 1001101 4
42 0110000 2
53 1000101 3
64 1101101 5
75 1010100 3

07 0110100 3
10 0010111 4
21 0110111 5
32 0000101 2
43 1001010 3
54 1110000 3
65 1100010 3
76 1001001 3

Matching output
0 absent
1 absent
2 absent
3 absent
4 absent
5 60 06
6 absent
7 absent

Left
none
Best: none

Right
none
Best: none

Selecting

Lefts
Identity none
NOT none
Constant C0 0 0 0: 4
AND AND45: 1
OR none
XOR none
AND-NOT AND-NOT46: 1
OR-NOT none
XOR-NOT none

Rights
Identity none
NOT none
Constant C0: 1
AND AND04 73 62 51 40: 5
OR none
XOR none
AND-NOT AND-NOT46: 1
OR-NOT none
XOR-NOT none

Left longest: 4
Right longest: 5

Right winner: Identity no, NOT no, Constant no, AND yes, OR no, XOR no, AND-NOT no, OR-NOT no, XOR-NOT no
Left winner: Identity no, NOT no, Constant yes, AND no, OR no, XOR no, AND-NOT no, OR-NOT no, XOR-NOT no

Best right: AND04 73 62 51 40: 5
Best left: C0 0 0 0: 4

Truncated right: AND04 73 62 51 40: 5
Truncated left: C0 0 0: 3 truncated

Tentative from right
7 AND04
6 AND73
5 AND62
4 AND51
3 AND40
2 pending
1 pending
0 pending

Tentative
0 C0
1 C0
2 C0
3 AND40
4 AND51
5 AND62
6 AND73
7 AND04

Preferred from right
7 AND04
6 AND73
5 AND62
4 AND51
3 AND40
2 C0
1 C0
0 C0

Preferred from left
0 C0
1 C0
2 C0
3 AND40
4 AND51
5 AND62
6 AND73
7 AND04

Preferred
0 C0
1 C0
2 C0
3 AND40
4 AND51
5 AND62
6 AND73
7 AND04

Matching
0 C0
1 C0
2 C0
3 AND40
4 AND51
5 AND62
6 AND73
7 AND04

Perfect match
Identity no
NOT no
Constant no
AND no
OR no
XOR no
AND-NOT no
OR-NOT no
XOR-NOT no

Matched
0 C0
1 C0
2 C0
3 AND40
4 AND51
5 AND62
6 AND73
7 AND04

Selected
0 C0
1 C0
2 C0
3 AND40
4 AND51
5 AND62
6 AND73
7 AND04

Applying to 11001011
Input
0 1
1 1
2 0
3 0
4 1
5 0
6 1
7 1
Output
0 C0 = 0
1 C0 = 0
2 C0 = 0
3 AND40 = AND(1,1) = 1
4 AND51 = AND(0,1) = 0
5 AND62 = AND(1,0) = 0
6 AND73 = AND(1,0) = 0
7 AND04 = AND(1,1) = 1

I will now return the answer in \boxed{}
The answer in \boxed{–} is \boxed{00010001}
[correct]
true
