[category]
bit_manipulation
[prompt]
In Alice's Wonderland, a secret bit manipulation rule transforms 8-bit binary numbers. The transformation involves operations like bit shifts, rotations, XOR, AND, OR, NOT, and possibly majority or choice functions.

Here are some examples of input -> output:
10010000 -> 01000000
00011111 -> 00001100
11101001 -> 10100100
01110100 -> 00010000
10000100 -> 00000000
00000000 -> 00000000
11000100 -> 00000000
10001100 -> 00000000
00101101 -> 10010100

Now, determine the output for: 01011010
[completion]
We need to deduce the transformation by matching the example outputs.
I will put my final answer inside \boxed{}.

Output 0: 01000000
0 0
1 1
2 0
3 0
4 0
5 0
6 0
7 0

Output 1: 00001100
0 0
1 0
2 0
3 0
4 1
5 1
6 0
7 0

Output 2: 10100100
0 1
1 0
2 1
3 0
4 0
5 1
6 0
7 0

Output 3: 00010000
0 0
1 0
2 0
3 1
4 0
5 0
6 0
7 0

Output 4: 00000000
0 0
1 0
2 0
3 0
4 0
5 0
6 0
7 0

Output 5: 00000000
0 0
1 0
2 0
3 0
4 0
5 0
6 0
7 0

Output 6: 00000000
0 0
1 0
2 0
3 0
4 0
5 0
6 0
7 0

Output 7: 00000000
0 0
1 0
2 0
3 0
4 0
5 0
6 0
7 0

Output 8: 10010100
0 1
1 0
2 0
3 1
4 0
5 1
6 0
7 0

Output bit columns (with bitsum as hash)
0 001000001 2
1 100000000 1
2 001000000 1
3 000100001 2
4 010000000 1
5 011000001 3
6 000000000 a
7 000000000 a

Input 0: 10010000
0 1
1 0
2 0
3 1
4 0
5 0
6 0
7 0

Input 1: 00011111
0 0
1 0
2 0
3 1
4 1
5 1
6 1
7 1

Input 2: 11101001
0 1
1 1
2 1
3 0
4 1
5 0
6 0
7 1

Input 3: 01110100
0 0
1 1
2 1
3 1
4 0
5 1
6 0
7 0

Input 4: 10000100
0 1
1 0
2 0
3 0
4 0
5 1
6 0
7 0

Input 5: 00000000
0 0
1 0
2 0
3 0
4 0
5 0
6 0
7 0

Input 6: 11000100
0 1
1 1
2 0
3 0
4 0
5 1
6 0
7 0

Input 7: 10001100
0 1
1 0
2 0
3 0
4 1
5 1
6 0
7 0

Input 8: 00101101
0 0
1 0
2 1
3 0
4 1
5 1
6 0
7 1

When matching output
x: not in operator
y: wrong position

Identity
0 101010110 5
1 001100100 3
2 001100001 3
3 110100000 3
4 011000011 4
5 010110111 6
6 010000000 1 match 4
7 011000001 3 match 5

Matching output
0 absent
1 absent
2 absent
3 absent
4 6
5 7
6 absent
7 absent

Left
none
Best: none

Right
none
Best: none

NOT
0 010101001 4
1 110011011 6
2 110011110 6
3 001011111 6
4 100111100 5
5 101001000 3
6 101111111 8
7 100111110 6

Matching output
0 absent
1 absent
2 absent
3 absent
4 absent
5 absent
6 absent
7 absent

Left
none
Best: none

Right
none
Best: none

Constant
0 000000000 a match 6 7
1 111111111 a

Matching output
0 absent
1 absent
2 absent
3 absent
4 absent
5 absent
6 C0
7 C0

Left
none
Best: none

Right
0 0
Best: C0 0: 2

AND
01 10 001000100 2
12 21 001100000 2
23 32 000100000 1
34 43 010000000 1 match 4
45 54 010000011 3
56 65 010000000 1 match 4
67 76 010000000 1 match 4
70 07 001000000 1 match 2

02 20 001000000 1 match 2
13 31 000100000 1
24 42 001000001 2 match 0
35 53 010100000 2
46 64 010000000 1 match 4
57 75 010000001 2
60 06 000000000 a match 6 7
71 17 001000000 1 match 2

03 30 100000000 1 match 1
14 41 001000000 1 match 2
25 52 000100001 2 match 3
36 63 010000000 1 match 4
47 74 011000001 3 match 5
50 05 000010110 3
61 16 000000000 a match 6 7
72 27 001000001 2 match 0

04 40 001000010 2
15 51 000100100 2
26 62 000000000 a match 6 7
37 73 010000000 1 match 4

Matching output
0 24 42 72 27
1 03 30
2 70 07 02 20 71 17 14 41
3 25 52
4 34 43 56 65 67 76 46 64 36 63 37 73
5 47 74
6 60 06 61 16 26 62
7 60 06 61 16 26 62

Left
24 35x
42 53x
72 03 14 25 36 47 50x
27 30 41 52 63 74 05x
Best: AND72 03 14 25 36 47: 6

Right
60 57x
06 75x
61 50x
16 05x
26 15x
62 51x
Best: AND60: 1

OR
01 10 101110110 6
12 21 001100101 4
23 32 111100001 5
34 43 111100011 6
45 54 011110111 7
56 65 010110111 6
67 76 011000001 3 match 5
70 07 111010111 7

02 20 101110111 7
13 31 111100100 5
24 42 011100011 5
35 53 110110111 7
46 64 011000011 4
57 75 011110111 7
60 06 111010110 6
71 17 011100101 5

03 30 111110110 7
14 41 011100111 6
25 52 011110111 7
36 63 110100000 3
47 74 011000011 4
50 05 111110111 8
61 16 011100100 4
72 27 011100001 4

04 40 111010111 7
15 51 011110111 7
26 62 011100001 4
37 73 111100001 5

Matching output
0 absent
1 absent
2 absent
3 absent
4 absent
5 67 76
6 absent
7 absent

Left
none
Best: none

Right
none
Best: none

XOR
01 10 100110010 4
12 21 000000101 2
23 32 111000001 4
34 43 101100011 5
45 54 001110100 4
56 65 000110111 5
67 76 001000001 2 match 0
70 07 110010111 6

02 20 100110111 6
13 31 111000100 4
24 42 010100010 3
35 53 100010111 5
46 64 001000011 3
57 75 001110110 5
60 06 111010110 6
71 17 010100101 4

03 30 011110110 6
14 41 010100111 5
25 52 011010110 5
36 63 100100000 2
47 74 000000010 1
50 05 111100001 5
61 16 011100100 4
72 27 010100000 2

04 40 110010101 5
15 51 011010011 5
26 62 011100001 4
37 73 101100001 4

Matching output
0 67 76
1 absent
2 absent
3 absent
4 absent
5 absent
6 absent
7 absent

Left
67 70x
76 07x
Best: XOR67: 1

Right
none
Best: none

AND-NOT
01 100010010 3
12 000000100 1
23 001000001 2 match 0
34 100100000 2
45 001000000 1 match 2
56 000110111 5
67 000000000 a match 6 7
70 010000001 2

02 100010110 4
13 001000100 2
24 000100000 1
35 100000000 1 match 1
46 001000011 3
57 000110110 4
60 010000000 1 match 4
71 010000001 2

03 001010110 4
14 000100100 2
25 001000000 1 match 2
36 100100000 2
47 000000010 1
50 010100001 3
61 010000000 1 match 4
72 010000000 1 match 4

04 100010100 3
15 001000000 1 match 2
26 001100001 3
37 100100000 2
40 010000001 2
51 010010011 4
62 010000000 1 match 4
73 001000001 2 match 0

05 101000000 2
16 001100100 3
27 000100000 1
30 010100000 2
41 010000011 3
52 010010110 4
63 000000000 a match 6 7
74 000000000 a match 6 7

06 101010110 5
17 000100100 2
20 000100001 2 match 3
31 110000000 2
42 010000010 2
53 000010111 4
64 000000000 a match 6 7
75 001000000 1 match 2

07 100010110 4
10 000100000 1
21 000000001 1
32 110000000 2
43 001000011 3
54 000110100 3
65 000000000 a match 6 7
76 001000001 2 match 0

Matching output
0 23 73 76
1 35
2 45 25 15 75
3 20
4 60 61 72 62
5 absent
6 67 63 74 64 65
7 67 63 74 64 65

Left
23 34x
73 04x
76 07x
Best: AND-NOT23: 1

Right
67 56x
63 52x
74 63 52x
64 53x
65 54x
Best: AND-NOT74 63: 2

OR-NOT
01 111011111 8
12 111111110 8
23 001111111 7
34 110111100 6
45 111001011 6
56 111111111 a
67 110111110 7
70 011101001 5

02 111011110 7
13 001111111 7
24 101111101 7
35 111101000 5
46 111111111 a
57 110111111 8
60 010101001 4
71 111011011 7

03 101011111 7
14 101111100 6
25 101101001 5
36 111111111 a
47 111111111 a
50 010111111 7
61 110011011 6
72 111011111 8

04 101111110 7
15 101101100 5
26 101111111 8
37 110111110 7
40 011101011 6
51 110111111 8
62 110011110 6
73 011011111 7

05 101011110 6
16 101111111 8
27 101111111 8
30 110101001 5
41 111011011 7
52 110111111 8
63 011011111 7
74 111111101 8

06 101111111 8
17 101111110 7
20 011101001 5
31 110111011 7
42 111011111 8
53 011111111 8
64 110111100 6
75 111001001 5

07 101111110 7
10 011101101 6
21 111111011 8
32 110111110 7
43 011011111 7
54 110111111 8
65 111001000 4
76 111111111 a

Matching output
0 absent
1 absent
2 absent
3 absent
4 absent
5 absent
6 absent
7 absent

Left
none
Best: none

Right
none
Best: none

XOR-NOT
01 011001101 5
12 111111010 7
23 000111110 5
34 010011100 4
45 110001011 5
56 111001000 4
67 110111110 7
70 001101000 3

02 011001000 3
13 000111011 5
24 101011101 6
35 011101000 4
46 110111100 6
57 110001001 4
60 000101001 3
71 101011010 5

03 100001001 3
14 101011000 4
25 100101001 4
36 011011111 7
47 111111101 8
50 000011110 4
61 100011011 5
72 101011111 7

04 001101010 4
15 100101100 4
26 100011110 5
37 010011110 5
40 001101010 4
51 100101100 4
62 100011110 5
73 010011110 5

05 000011110 4
16 100011011 5
27 101011111 7
30 100001001 3
41 101011000 4
52 100101001 4
63 011011111 7
74 111111101 8

06 000101001 3
17 101011010 5
20 011001000 3
31 000111011 5
42 101011101 6
53 011101000 4
64 110111100 6
75 110001001 4

07 001101000 3
10 011001101 5
21 111111010 7
32 000111110 5
43 010011100 4
54 110001011 5
65 111001000 4
76 110111110 7

Matching output
0 absent
1 absent
2 absent
3 absent
4 absent
5 absent
6 absent
7 absent

Left
none
Best: none

Right
none
Best: none

Selecting

Lefts
Identity none
NOT none
Constant none
AND AND72 03 14 25 36 47: 6
OR none
XOR XOR67: 1
AND-NOT AND-NOT23: 1
OR-NOT none
XOR-NOT none

Rights
Identity none
NOT none
Constant C0 0: 2
AND AND60: 1
OR none
XOR none
AND-NOT AND-NOT74 63: 2
OR-NOT none
XOR-NOT none

Left longest: 6
Right longest: 2

Left winner: Identity no, NOT no, Constant no, AND yes, OR no, XOR no, AND-NOT no, OR-NOT no, XOR-NOT no
Right winner: Identity no, NOT no, Constant yes, AND no, OR no, XOR no, AND-NOT no, OR-NOT no, XOR-NOT no

Best left: AND72 03 14 25 36 47: 6
Best right: C0 0: 2

Truncated left: AND72 03 14 25 36 47: 6
Truncated right: C0 0: 2

Tentative from right
7 C0
6 C0
5 pending
4 pending
3 pending
2 pending
1 pending
0 pending

Tentative
0 AND72
1 AND03
2 AND14
3 AND25
4 AND36
5 AND47
6 C0
7 C0

Preferred from left
0 AND72
1 AND03
2 AND14
3 AND25
4 AND36
5 AND47
6 C0
7 C0

Preferred from right
7 C0
6 C0
5 AND47
4 AND36
3 AND25
2 AND14
1 AND03
0 AND72

Preferred
0 AND72
1 AND03
2 AND14
3 AND25
4 AND36
5 AND47
6 C0
7 C0

Matching
0 AND72
1 AND03
2 AND14
3 AND25
4 AND36
5 AND47
6 C0
7 C0

Perfect match
Identity no
NOT no
Constant no
AND no
OR no
XOR no
AND-NOT no
OR-NOT no
XOR-NOT no

Matched
0 AND72
1 AND03
2 AND14
3 AND25
4 AND36
5 AND47
6 C0
7 C0

Selected
0 AND72
1 AND03
2 AND14
3 AND25
4 AND36
5 AND47
6 C0
7 C0

Applying to 01011010
Input
0 0
1 1
2 0
3 1
4 1
5 0
6 1
7 0
Output
0 AND72 = AND(0,0) = 0
1 AND03 = AND(0,1) = 0
2 AND14 = AND(1,1) = 1
3 AND25 = AND(0,0) = 0
4 AND36 = AND(1,1) = 1
5 AND47 = AND(1,0) = 0
6 C0 = 0
7 C0 = 0

I will now return the answer in \boxed{}
The answer in \boxed{–} is \boxed{00101000}
[correct]
true
