[category]
bit_manipulation
[prompt]
In Alice's Wonderland, a secret bit manipulation rule transforms 8-bit binary numbers. The transformation involves operations like bit shifts, rotations, XOR, AND, OR, NOT, and possibly majority or choice functions.

Here are some examples of input -> output:
01010110 -> 01100101
01001000 -> 10000100
10111000 -> 10001011
01100100 -> 01000110
10100110 -> 01101010
01110100 -> 01000111
01011011 -> 00110101
00001001 -> 00010000
00110001 -> 00010011

Now, determine the output for: 01010001
[completion]
We need to deduce the transformation by matching the example outputs.
I will put my final answer inside \boxed{}.

Output 0: 01100101
0 0
1 1
2 1
3 0
4 0
5 1
6 0
7 1

Output 1: 10000100
0 1
1 0
2 0
3 0
4 0
5 1
6 0
7 0

Output 2: 10001011
0 1
1 0
2 0
3 0
4 1
5 0
6 1
7 1

Output 3: 01000110
0 0
1 1
2 0
3 0
4 0
5 1
6 1
7 0

Output 4: 01101010
0 0
1 1
2 1
3 0
4 1
5 0
6 1
7 0

Output 5: 01000111
0 0
1 1
2 0
3 0
4 0
5 1
6 1
7 1

Output 6: 00110101
0 0
1 0
2 1
3 1
4 0
5 1
6 0
7 1

Output 7: 00010000
0 0
1 0
2 0
3 1
4 0
5 0
6 0
7 0

Output 8: 00010011
0 0
1 0
2 0
3 1
4 0
5 0
6 1
7 1

Output bit columns (with bitsum as hash)
0 011000000 2
1 100111000 4
2 100010100 3
3 000000111 3
4 001010000 2
5 110101100 5
6 001111001 5
7 101001101 5

Input 0: 01010110
0 0
1 1
2 0
3 1
4 0
5 1
6 1
7 0

Input 1: 01001000
0 0
1 1
2 0
3 0
4 1
5 0
6 0
7 0

Input 2: 10111000
0 1
1 0
2 1
3 1
4 1
5 0
6 0
7 0

Input 3: 01100100
0 0
1 1
2 1
3 0
4 0
5 1
6 0
7 0

Input 4: 10100110
0 1
1 0
2 1
3 0
4 0
5 1
6 1
7 0

Input 5: 01110100
0 0
1 1
2 1
3 1
4 0
5 1
6 0
7 0

Input 6: 01011011
0 0
1 1
2 0
3 1
4 1
5 0
6 1
7 1

Input 7: 00001001
0 0
1 0
2 0
3 0
4 1
5 0
6 0
7 1

Input 8: 00110001
0 0
1 0
2 1
3 1
4 0
5 0
6 0
7 1

When matching output
x: not in operator
y: wrong position

Identity
0 001010000 2 match 4
1 110101100 5 match 5
2 001111001 5 match 6
3 101001101 5 match 7
4 011000110 4
5 100111000 4 match 1
6 100010100 3 match 2
7 000000111 3 match 3

Matching output
0 absent
1 5
2 6
3 7
4 0
5 1
6 2
7 3

Left
none
Best: none

Right
3 2 1 0 7 6 5 4x
Best: I3 2 1 0 7 6 5: 7

NOT
0 110101111 7
1 001010011 4
2 110000110 4
3 010110010 4
4 100111001 5
5 011000111 5
6 011101011 6
7 111111000 6

Matching output
0 absent
1 absent
2 absent
3 absent
4 absent
5 absent
6 absent
7 absent

Left
none
Best: none

Right
none
Best: none

Constant
0 000000000 a
1 111111111 a

Matching output
0 absent
1 absent
2 absent
3 absent
4 absent
5 absent
6 absent
7 absent

Left
none
Best: none

Right
none
Best: none

AND
01 10 000000000 a
12 21 000101000 2
23 32 001001001 3
34 43 001000100 2
45 54 000000000 a
56 65 100010000 2
67 76 000000100 1
70 07 000000000 a

02 20 001010000 2 match 4
13 31 100001100 3
24 42 001000000 1
35 53 100001000 2
46 64 000000100 1
57 75 000000000 a
60 06 000010000 1
71 17 000000100 1

03 30 001000000 1
14 41 010000100 2
25 52 000111000 3
36 63 100000100 2
47 74 000000110 2
50 05 000010000 1
61 16 100000100 2
72 27 000000001 1

04 40 001000000 1
15 51 100101000 3
26 62 000010000 1
37 73 000000101 2

Matching output
0 absent
1 absent
2 absent
3 absent
4 02 20
5 absent
6 absent
7 absent

Left
none
Best: none

Right
none
Best: none

OR
01 10 111111100 7
12 21 111111101 8
23 32 101111101 7
34 43 111001111 7
45 54 111111110 8
56 65 100111100 5
67 76 100010111 5
70 07 001010111 5

02 20 001111001 5 match 6
13 31 111101101 7
24 42 011111111 8
35 53 101111101 7
46 64 111010110 6
57 75 100111111 7
60 06 101010100 4
71 17 110101111 7

03 30 101011101 6
14 41 111101110 7
25 52 101111001 6
36 63 101011101 6
47 74 011000111 5
50 05 101111000 5
61 16 110111100 6
72 27 001111111 7

04 40 011010110 5
15 51 110111100 6
26 62 101111101 7
37 73 101001111 6

Matching output
0 absent
1 absent
2 absent
3 absent
4 absent
5 absent
6 02 20
7 absent

Left
none
Best: none

Right
none
Best: none

XOR
01 10 111111100 7
12 21 111010101 6
23 32 100110100 4
34 43 110001011 5
45 54 111111110 8
56 65 000101100 3
67 76 100010011 4
70 07 001010111 5

02 20 000101001 3
13 31 011100001 4
24 42 010111111 7
35 53 001110101 5
46 64 111010010 5
57 75 100111111 7
60 06 101000100 3
71 17 110101011 6

03 30 100011101 5
14 41 101101010 5
25 52 101000001 3
36 63 001011001 4
47 74 011000001 3
50 05 101101000 4
61 16 010111000 4
72 27 001111110 6

04 40 010010110 4
15 51 010010100 3
26 62 101101101 6
37 73 101001010 4

Matching output
0 absent
1 absent
2 absent
3 absent
4 absent
5 absent
6 absent
7 absent

Left
none
Best: none

Right
none
Best: none

AND-NOT
01 001010000 2 match 4
12 110000100 3
23 000110000 2
34 100001001 3
45 011000110 4
56 000101000 2
67 100010000 2
70 000000111 3 match 3

02 000000000 a
13 010100000 2
24 000111001 4
35 001000101 3
46 011000010 3
57 100111000 4 match 1
60 100000100 2
71 000000011 2

03 000010000 1
14 100101000 3
25 001000001 2
36 001001001 3
47 011000000 2 match 0
50 100101000 3
61 000010000 1
72 000000110 2

04 000010000 1
15 010000100 2
26 001101001 4
37 101001000 3
40 010000110 3
51 000010000 1
62 100000100 2
73 000000010 1

05 001000000 1
16 010101000 3
27 001111000 4
30 100001101 4
41 001000010 2
52 100000000 1
63 000010000 1
74 000000001 1

06 001000000 1
17 110101000 4
20 000101001 3
31 001000001 2
42 010000110 3
53 000110000 2
64 100010000 2
75 000000111 3 match 3

07 001010000 2 match 4
10 110101100 5 match 5
21 001010001 3
32 100000100 2
43 010000010 2
54 100111000 4 match 1
65 000000100 1
76 000000011 2

Matching output
0 47
1 57 54
2 absent
3 70 75
4 01 07
5 10
6 absent
7 absent

Left
47 50x
Best: AND-NOT47: 1

Right
none
Best: none

OR-NOT
01 001010011 4
12 110101110 6
23 011111011 7
34 101111101 7
45 011000111 5
56 111111011 8
67 111111100 7
70 110101111 7

02 111010110 6
13 110111110 7
24 101111001 6
35 111001111 7
46 011101111 7
57 111111000 6
60 110111111 8
71 001010111 5

03 011110010 5
14 110111101 7
25 011111111 8
36 111101111 8
47 111111110 8
50 110111111 8
61 101010111 6
72 110000111 5

04 101111001 6
15 111101111 8
26 011111011 7
37 111111101 8
40 111101111 8
51 101111011 7
62 110010110 5
73 010110111 6

05 011010111 6
16 111101111 8
27 111111001 7
30 111101111 8
41 011010111 6
52 110111110 7
63 110110110 6
74 100111111 7

06 011111011 7
17 111111100 7
20 111111111 a
31 101011111 7
42 111000110 5
53 110111010 6
64 100111101 6
75 011000111 5

07 111111000 6
10 110101111 7
21 001111011 6
32 111001111 7
43 011110110 6
54 100111001 5
65 111010111 7
76 011101111 7

Matching output
0 absent
1 absent
2 absent
3 absent
4 absent
5 absent
6 absent
7 absent

Left
none
Best: none

Right
none
Best: none

XOR-NOT
01 000000011 2
12 000101010 3
23 011001011 5
34 001110100 4
45 000000001 1
56 111010011 6
67 011101100 5
70 110101000 4

02 111010110 6
13 100011110 5
24 101000000 2
35 110001010 4
46 000101101 4
57 011000000 2 match 0
60 010111011 6
71 001010100 3

03 011100010 4
14 010010101 4
25 010111110 6
36 110100110 5
47 100111110 6
50 010010111 5
61 101000111 5
72 110000001 3

04 101101001 5
15 101101011 6
26 010010010 3
37 010110101 5
40 101101001 5
51 101101011 6
62 010010010 3
73 010110101 5

05 010010111 5
16 101000111 5
27 110000001 3
30 011100010 4
41 010010101 4
52 010111110 6
63 110100110 5
74 100111110 6

06 010111011 6
17 001010100 3
20 111010110 6
31 100011110 5
42 101000000 2
53 110001010 4
64 000101101 4
75 011000000 2 match 0

07 110101000 4
10 000000011 2
21 000101010 3
32 011001011 5
43 001110100 4
54 000000001 1
65 111010011 6
76 011101100 5

Matching output
0 57 75
1 absent
2 absent
3 absent
4 absent
5 absent
6 absent
7 absent

Left
57 60x
75 06x
Best: XOR-NOT57: 1

Right
none
Best: none

Selecting

Lefts
Identity none
NOT none
Constant none
AND none
OR none
XOR none
AND-NOT AND-NOT47: 1
OR-NOT none
XOR-NOT XOR-NOT57: 1

Rights
Identity I3 2 1 0 7 6 5: 7
NOT none
Constant none
AND none
OR none
XOR none
AND-NOT none
OR-NOT none
XOR-NOT none

Left longest: 1
Right longest: 7

Right winner: Identity yes, NOT no, Constant no, AND no, OR no, XOR no, AND-NOT no, OR-NOT no, XOR-NOT no
Left winner: Identity no, NOT no, Constant no, AND no, OR no, XOR no, AND-NOT yes, OR-NOT no, XOR-NOT no

Best right: I3 2 1 0 7 6 5: 7
Best left: AND-NOT47: 1

Truncated right: I3 2 1 0 7 6 5: 7
Truncated left: AND-NOT47: 1

Tentative from right
7 I3
6 I2
5 I1
4 I0
3 I7
2 I6
1 I5
0 pending

Tentative
0 AND-NOT47
1 I5
2 I6
3 I7
4 I0
5 I1
6 I2
7 I3

Preferred from right
7 I3
6 I2
5 I1
4 I0
3 I7
2 I6
1 I5
0 AND-NOT47

Preferred from left
0 AND-NOT47
1 I5
2 I6
3 I7
4 I0
5 I1
6 I2
7 I3

Preferred
0 AND-NOT47
1 I5
2 I6
3 I7
4 I0
5 I1
6 I2
7 I3

Matching
0 AND-NOT47
1 I5
2 I6
3 I7
4 I0
5 I1
6 I2
7 I3

Perfect match
Identity no
NOT no
Constant no
AND no
OR no
XOR no
AND-NOT no
OR-NOT no
XOR-NOT no

Matched
0 AND-NOT47
1 I5
2 I6
3 I7
4 I0
5 I1
6 I2
7 I3

Selected
0 AND-NOT47
1 I5
2 I6
3 I7
4 I0
5 I1
6 I2
7 I3

Applying to 01010001
Input
0 0
1 1
2 0
3 1
4 0
5 0
6 0
7 1
Output
0 AND-NOT47 = AND(0,NOT(1)) = 0
1 I5 = 0
2 I6 = 0
3 I7 = 1
4 I0 = 0
5 I1 = 1
6 I2 = 0
7 I3 = 1

I will now return the answer in \boxed{}
The answer in \boxed{–} is \boxed{00010101}
[correct]
true
