[category]
bit_manipulation
[prompt]
In Alice's Wonderland, a secret bit manipulation rule transforms 8-bit binary numbers. The transformation involves operations like bit shifts, rotations, XOR, AND, OR, NOT, and possibly majority or choice functions.

Here are some examples of input -> output:
01101001 -> 10010010
00010010 -> 00100000
10110110 -> 01101001
01011000 -> 10000000
11010000 -> 00000001
00101001 -> 00010010
01001011 -> 10010100
00101010 -> 00000000

Now, determine the output for: 00011101
[completion]
We need to deduce the transformation by matching the example outputs.
I will put my final answer inside \boxed{}.

Output 0: 10010010
0 1
1 0
2 0
3 1
4 0
5 0
6 1
7 0

Output 1: 00100000
0 0
1 0
2 1
3 0
4 0
5 0
6 0
7 0

Output 2: 01101001
0 0
1 1
2 1
3 0
4 1
5 0
6 0
7 1

Output 3: 10000000
0 1
1 0
2 0
3 0
4 0
5 0
6 0
7 0

Output 4: 00000001
0 0
1 0
2 0
3 0
4 0
5 0
6 0
7 1

Output 5: 00010010
0 0
1 0
2 0
3 1
4 0
5 0
6 1
7 0

Output 6: 10010100
0 1
1 0
2 0
3 1
4 0
5 1
6 0
7 0

Output 7: 00000000
0 0
1 0
2 0
3 0
4 0
5 0
6 0
7 0

Output bit columns (with bitsum as hash)
0 10010010 3
1 00100000 1
2 01100000 2
3 10000110 3
4 00100000 1
5 00000010 1
6 10000100 2
7 00101000 2

Input 0: 01101001
0 0
1 1
2 1
3 0
4 1
5 0
6 0
7 1

Input 1: 00010010
0 0
1 0
2 0
3 1
4 0
5 0
6 1
7 0

Input 2: 10110110
0 1
1 0
2 1
3 1
4 0
5 1
6 1
7 0

Input 3: 01011000
0 0
1 1
2 0
3 1
4 1
5 0
6 0
7 0

Input 4: 11010000
0 1
1 1
2 0
3 1
4 0
5 0
6 0
7 0

Input 5: 00101001
0 0
1 0
2 1
3 0
4 1
5 0
6 0
7 1

Input 6: 01001011
0 0
1 1
2 0
3 0
4 1
5 0
6 1
7 1

Input 7: 00101010
0 0
1 0
2 1
3 0
4 1
5 0
6 1
7 0

When matching output
x: not in operator
y: wrong position

Identity
0 00101000 2 match 7
1 10011010 4
2 10100101 4
3 01111000 4
4 10010111 5
5 00100000 1 match 1 4
6 01100011 4
7 10000110 3 match 3

Matching output
0 absent
1 5
2 absent
3 7
4 5
5 absent
6 absent
7 0

Left
none
Best: none

Right
0 7y
Best: I0: 1

NOT
0 11010111 6
1 01100101 4
2 01011010 4
3 10000111 4
4 01101000 3
5 11011111 7
6 10011100 4
7 01111001 5

Matching output
0 absent
1 absent
2 absent
3 absent
4 absent
5 absent
6 absent
7 absent

Left
none
Best: none

Right
none
Best: none

Constant
0 00000000 a
1 11111111 a

Matching output
0 absent
1 absent
2 absent
3 absent
4 absent
5 absent
6 absent
7 absent

Left
none
Best: none

Right
none
Best: none

AND
01 10 00001000 1
12 21 10000000 1
23 32 00100000 1 match 1 4
34 43 00010000 1
45 54 00000000 a
56 65 00100000 1 match 1 4
67 76 00000010 1 match 5
70 07 00000000 a

02 20 00100000 1 match 1 4
13 31 00011000 2
24 42 10000101 3
35 53 00100000 1 match 1 4
46 64 00000011 2
57 75 00000000 a
60 06 00100000 1 match 1 4
71 17 10000010 2

03 30 00101000 2 match 7
14 41 10010010 3 match 0
25 52 00100000 1 match 1 4
36 63 01100000 2 match 2
47 74 10000110 3 match 3
50 05 00100000 1 match 1 4
61 16 00000010 1 match 5
72 27 10000100 2 match 6

04 40 00000000 a
15 51 00000000 a
26 62 00100001 2
37 73 00000000 a

Matching output
0 14 41
1 23 32 56 65 02 20 35 53 60 06 25 52 50 05
2 36 63
3 47 74
4 23 32 56 65 02 20 35 53 60 06 25 52 50 05
5 67 76 61 16
6 72 27
7 03 30

Left
14 25 36 47 50 61 72 03
41 52 63 74 05 16 27 30
Best: AND14 25 36 47 50 61 72 03: 8

Right
03 72 61 50 47 36 25 14
30 27 16 05 74 63 52 41
Best: AND03 72 61 50 47 36 25 14: 8

OR
01 10 10111010 5
12 21 10111111 7
23 32 11111101 7
34 43 11111111 a
45 54 10110111 6
56 65 01100011 4
67 76 11100111 6
70 07 10101110 5

02 20 10101101 5
13 31 11111010 6
24 42 10110111 6
35 53 01111000 4
46 64 11110111 7
57 75 10100110 4
60 06 01101011 5
71 17 10011110 5

03 30 01111000 4
14 41 10011111 6
25 52 10100101 4
36 63 01111011 6
47 74 10010111 5
50 05 00101000 2 match 7
61 16 11111011 7
72 27 10100111 5

04 40 10111111 7
15 51 10111010 5
26 62 11100111 6
37 73 11111110 7

Matching output
0 absent
1 absent
2 absent
3 absent
4 absent
5 absent
6 absent
7 50 05

Left
none
Best: none

Right
50 47x
05 74x
Best: OR50: 1

XOR
01 10 10110010 4
12 21 00111111 6
23 32 11011101 6
34 43 11101111 7
45 54 10110111 6
56 65 01000011 3
67 76 11100101 5
70 07 10101110 5

02 20 10001101 4
13 31 11100010 4
24 42 00110010 3
35 53 01011000 3
46 64 11110100 5
57 75 10100110 4
60 06 01001011 4
71 17 00011100 3

03 30 01010000 2
14 41 00001101 3
25 52 10000101 3
36 63 00011011 4
47 74 00010001 2
50 05 00001000 1
61 16 11111001 6
72 27 00100011 3

04 40 10111111 7
15 51 10111010 5
26 62 11000110 4
37 73 11111110 7

Matching output
0 absent
1 absent
2 absent
3 absent
4 absent
5 absent
6 absent
7 absent

Left
none
Best: none

Right
none
Best: none

AND-NOT
01 00100000 1 match 1 4
12 00011010 3
23 10000101 3
34 01101000 3
45 10010111 5
56 00000000 a
67 01100001 3
70 10000110 3 match 3

02 00001000 1
13 10000010 2
24 00100000 1 match 1 4
35 01011000 3
46 10010100 3
57 00100000 1 match 1 4
60 01000011 3
71 00000100 1

03 00000000 a
14 00001000 1
25 10000101 3
36 00011000 2
47 00010001 2
50 00000000 a
61 01100001 3
72 00000010 1 match 5

04 00101000 2 match 7
15 10011010 4
26 10000100 2 match 6
37 01111000 4
40 10010111 5
51 00100000 1 match 1 4
62 01000010 2
73 10000110 3 match 3

05 00001000 1
16 10011000 3
27 00100001 2
30 01010000 2
41 00000101 2
52 00000000 a
63 00000011 2
74 00000000 a

06 00001000 1
17 00011000 2
20 10000101 3
31 01100000 2 match 2
42 00010010 2
53 00000000 a
64 01100000 2 match 2
75 10000110 3 match 3

07 00101000 2 match 7
10 10010010 3 match 0
21 00100101 3
32 01011000 3
43 10000111 4
54 00100000 1 match 1 4
65 01000011 3
76 10000100 2 match 6

Matching output
0 10
1 01 24 57 51 54
2 31 64
3 70 73 75
4 01 24 57 51 54
5 72
6 26 76
7 04 07

Left
10 21x
Best: AND-NOT10: 1

Right
04 73y
07 76 65x
Best: AND-NOT07 76: 2

OR-NOT
01 01101101 5
12 11011010 5
23 10100111 5
34 01111000 4
45 11011111 7
56 10111100 5
67 01111011 6
70 11010111 6

02 01111010 5
13 10011111 6
24 11101101 6
35 11111111 a
46 10011111 6
57 01111001 5
60 11110111 7
71 11100111 6

03 10101111 6
14 11111010 6
25 11111111 a
36 11111100 6
47 11111111 a
50 11110111 7
61 01100111 5
72 11011110 6

04 01101000 3
15 11011111 7
26 10111101 6
37 01111001 5
40 11010111 6
51 01100101 4
62 01111011 6
73 10000111 4

05 11111111 a
16 10011110 5
27 11111101 7
30 11111111 a
41 11110111 7
52 01111010 5
63 11100111 6
74 11101110 6

06 10111100 5
17 11111011 7
20 11110111 7
31 01111101 6
42 11011111 7
53 10100111 5
64 01101011 5
75 11011111 7

07 01111001 5
10 11011111 7
21 11100101 5
32 01111010 5
43 10010111 5
54 01101000 3
65 11111111 a
76 10011110 5

Matching output
0 absent
1 absent
2 absent
3 absent
4 absent
5 absent
6 absent
7 absent

Left
none
Best: none

Right
none
Best: none

XOR-NOT
01 01001101 4
12 11000000 2
23 00100010 2
34 00010000 1
45 01001000 2
56 10111100 5
67 00011010 3
70 01010001 3

02 01110010 4
13 00011101 4
24 11001101 5
35 10100111 5
46 00001011 3
57 01011001 4
60 10110100 4
71 11100011 5

03 10101111 6
14 11110010 5
25 01111010 5
36 11100100 4
47 11101110 6
50 11110111 7
61 00000110 2
72 11011100 5

04 01000000 1
15 01000101 3
26 00111001 4
37 00000001 1
40 01000000 1
51 01000101 3
62 00111001 4
73 00000001 1

05 11110111 7
16 00000110 2
27 11011100 5
30 10101111 6
41 11110010 5
52 01111010 5
63 11100100 4
74 11101110 6

06 10110100 4
17 11100011 5
20 01110010 4
31 00011101 4
42 11001101 5
53 10100111 5
64 00001011 3
75 01011001 4

07 01010001 3
10 01001101 4
21 11000000 2
32 00100010 2
43 00010000 1
54 01001000 2
65 10111100 5
76 00011010 3

Matching output
0 absent
1 absent
2 absent
3 absent
4 absent
5 absent
6 absent
7 absent

Left
none
Best: none

Right
none
Best: none

Selecting

Lefts
Identity none
NOT none
Constant none
AND AND14 25 36 47 50 61 72 03: 8
OR none
XOR none
AND-NOT AND-NOT10: 1
OR-NOT none
XOR-NOT none

Rights
Identity I0: 1
NOT none
Constant none
AND AND03 72 61 50 47 36 25 14: 8
OR OR50: 1
XOR none
AND-NOT AND-NOT07 76: 2
OR-NOT none
XOR-NOT none

Left longest: 8
Right longest: 8

Left winner: Identity no, NOT no, Constant no, AND yes, OR no, XOR no, AND-NOT no, OR-NOT no, XOR-NOT no
Right winner: Identity no, NOT no, Constant no, AND yes, OR no, XOR no, AND-NOT no, OR-NOT no, XOR-NOT no

Best left: AND14 25 36 47 50 61 72 03: 8
Best right: AND03 72 61 50 47 36 25 14: 8

Truncated left: AND14 25 36 47 50 61 72 03: 8
Truncated right: none truncated

Tentative from right
7 pending
6 pending
5 pending
4 pending
3 pending
2 pending
1 pending
0 pending

Tentative
0 AND14
1 AND25
2 AND36
3 AND47
4 AND50
5 AND61
6 AND72
7 AND03

Preferred from left
0 AND14
1 AND25
2 AND36
3 AND47
4 AND50
5 AND61
6 AND72
7 AND03

Preferred from right
7 AND03
6 AND72
5 AND61
4 AND50
3 AND47
2 AND36
1 AND25
0 AND14

Preferred
0 AND14
1 AND25
2 AND36
3 AND47
4 AND50
5 AND61
6 AND72
7 AND03

Matching
0 AND14
1 AND25
2 AND36
3 AND47
4 AND50
5 AND61
6 AND72
7 AND03

Perfect match
Identity no
NOT no
Constant no
AND no
OR no
XOR no
AND-NOT no
OR-NOT no
XOR-NOT no

Matched
0 AND14
1 AND25
2 AND36
3 AND47
4 AND50
5 AND61
6 AND72
7 AND03

Selected
0 AND14
1 AND25
2 AND36
3 AND47
4 AND50
5 AND61
6 AND72
7 AND03

Applying to 00011101
Input
0 0
1 0
2 0
3 1
4 1
5 1
6 0
7 1
Output
0 AND14 = AND(0,1) = 0
1 AND25 = AND(0,1) = 0
2 AND36 = AND(1,0) = 0
3 AND47 = AND(1,1) = 1
4 AND50 = AND(1,0) = 0
5 AND61 = AND(0,0) = 0
6 AND72 = AND(1,0) = 0
7 AND03 = AND(0,1) = 0

I will now return the answer in \boxed{}
The answer in \boxed{–} is \boxed{00010000}
[correct]
true
