[category]
bit_manipulation
[prompt]
In Alice's Wonderland, a secret bit manipulation rule transforms 8-bit binary numbers. The transformation involves operations like bit shifts, rotations, XOR, AND, OR, NOT, and possibly majority or choice functions.

Here are some examples of input -> output:
01001000 -> 10000010
01110110 -> 11110001
00011111 -> 00111001
10111001 -> 01011101
11010001 -> 10010111
11110010 -> 11011001
10010110 -> 00001000
11001101 -> 10101000
10101001 -> 01111001

Now, determine the output for: 01101100
[completion]
We need to deduce the transformation by matching the example outputs.
I will put my final answer inside \boxed{}.

Output 0: 10000010
0 1
1 0
2 0
3 0
4 0
5 0
6 1
7 0

Output 1: 11110001
0 1
1 1
2 1
3 1
4 0
5 0
6 0
7 1

Output 2: 00111001
0 0
1 0
2 1
3 1
4 1
5 0
6 0
7 1

Output 3: 01011101
0 0
1 1
2 0
3 1
4 1
5 1
6 0
7 1

Output 4: 10010111
0 1
1 0
2 0
3 1
4 0
5 1
6 1
7 1

Output 5: 11011001
0 1
1 1
2 0
3 1
4 1
5 0
6 0
7 1

Output 6: 00001000
0 0
1 0
2 0
3 0
4 1
5 0
6 0
7 0

Output 7: 10101000
0 1
1 0
2 1
3 0
4 1
5 0
6 0
7 0

Output 8: 01111001
0 0
1 1
2 1
3 1
4 1
5 0
6 0
7 1

Output bit columns (with bitsum as hash)
0 110011010 5
1 010101001 4
2 011000011 4
3 011111001 6
4 001101111 6
5 000110000 2
6 100010000 2
7 011111001 6

Input 0: 01001000
0 0
1 1
2 0
3 0
4 1
5 0
6 0
7 0

Input 1: 01110110
0 0
1 1
2 1
3 1
4 0
5 1
6 1
7 0

Input 2: 00011111
0 0
1 0
2 0
3 1
4 1
5 1
6 1
7 1

Input 3: 10111001
0 1
1 0
2 1
3 1
4 1
5 0
6 0
7 1

Input 4: 11010001
0 1
1 1
2 0
3 1
4 0
5 0
6 0
7 1

Input 5: 11110010
0 1
1 1
2 1
3 1
4 0
5 0
6 1
7 0

Input 6: 10010110
0 1
1 0
2 0
3 1
4 0
5 1
6 1
7 0

Input 7: 11001101
0 1
1 1
2 0
3 0
4 1
5 1
6 0
7 1

Input 8: 10101001
0 1
1 0
2 1
3 0
4 1
5 0
6 0
7 1

When matching output
x: not in operator
y: wrong position

Identity
0 000111111 6
1 110011010 5 match 0
2 010101001 4 match 1
3 011111100 6
4 101100011 5
5 011000110 4
6 011001100 4
7 001110011 5

Matching output
0 1
1 2
2 absent
3 absent
4 absent
5 absent
6 absent
7 absent

Left
1 2 3x
Best: I1 2: 2

Right
none
Best: none

NOT
0 111000000 3
1 001100101 4
2 101010110 5
3 100000011 3
4 010011100 4
5 100111001 5
6 100110011 5
7 110001100 4

Matching output
0 absent
1 absent
2 absent
3 absent
4 absent
5 absent
6 absent
7 absent

Left
none
Best: none

Right
none
Best: none

Constant
0 000000000 a
1 111111111 a

Matching output
0 absent
1 absent
2 absent
3 absent
4 absent
5 absent
6 absent
7 absent

Left
none
Best: none

Right
none
Best: none

AND
01 10 000011010 3
12 21 010001000 2
23 32 010101000 3
34 43 001100000 2
45 54 001000010 2
56 65 011000100 3
67 76 001000000 1
70 07 000110011 4

02 20 000101001 3
13 31 010011000 3
24 42 000100001 2
35 53 011000100 3
46 64 001000000 1
57 75 001000010 2
60 06 000001100 2
71 17 000010010 2

03 30 000111100 4
14 41 100000010 2
25 52 010000000 1
36 63 011001100 4
47 74 001100011 4
50 05 000000110 2
61 16 010001000 2
72 27 000100001 2

04 40 000100011 3
15 51 010000010 2
26 62 010001000 2
37 73 001110000 3

Matching output
0 absent
1 absent
2 absent
3 absent
4 absent
5 absent
6 absent
7 absent

Left
none
Best: none

Right
none
Best: none

OR
01 10 110111111 8
12 21 110111011 7
23 32 011111101 7
34 43 111111111 a
45 54 111100111 7
56 65 011001110 5
67 76 011111111 8
70 07 001111111 7

02 20 010111111 7
13 31 111111110 8
24 42 111101011 7
35 53 011111110 7
46 64 111101111 8
57 75 011110111 7
60 06 011111111 8
71 17 111111011 8

03 30 011111111 8
14 41 111111011 8
25 52 011101111 7
36 63 011111100 6
47 74 101110011 6
50 05 011111111 8
61 16 111011110 7
72 27 011111011 7

04 40 101111111 8
15 51 111011110 7
26 62 011101101 6
37 73 011111111 8

Matching output
0 absent
1 absent
2 absent
3 absent
4 absent
5 absent
6 absent
7 absent

Left
none
Best: none

Right
none
Best: none

XOR
01 10 110100101 5
12 21 100110011 5
23 32 001010101 4
34 43 110011111 7
45 54 110100101 5
56 65 000001010 2
67 76 010111111 7
70 07 001001100 3

02 20 010010110 4
13 31 101100110 5
24 42 111001010 5
35 53 000111010 4
46 64 110101111 7
57 75 010110101 5
60 06 011110011 6
71 17 111101001 6

03 30 011000011 4 match 2
14 41 011111001 6 match 3 7
25 52 001101111 6 match 4
36 63 000110000 2 match 5
47 74 100010000 2 match 6
50 05 011111001 6 match 3 7
61 16 101010110 5
72 27 011011010 5

04 40 101011100 5
15 51 101011100 5
26 62 001100101 4
37 73 010001111 5

Matching output
0 absent
1 absent
2 03 30
3 14 41 50 05
4 25 52
5 36 63
6 47 74
7 14 41 50 05

Left
none
Best: none

Right
14 03y
41 30y
50 47 36 25 14 03 72x
05 74 63 52 41 30 27x
Best: XOR50 47 36 25 14 03: 6

AND-NOT
01 000100101 3
12 100010010 3
23 000000001 1
34 010011100 4
45 100100001 3
56 000000010 1
67 010001100 3
70 001000000 1

02 000010110 3
13 100000010 2
24 010001000 2
35 000111000 3
46 100100011 4
57 010000100 2
60 011000000 2
71 001100001 3

03 000000011 2
14 010011000 3
25 000101001 3
36 000110000 2 match 5
47 100000000 1
50 011000000 2
61 001000100 2
72 001010010 3

04 000011100 3
15 100011000 3
26 000100001 2
37 010001100 3
40 101000000 2
51 001000100 2
62 001000100 2
73 000000011 2

05 000111001 4
16 100010010 3
27 010001000 2
30 011000000 2
41 001100001 3
52 001000110 3
63 000000000 a
74 000010000 1

06 000110011 4
17 110001000 3
20 010000000 1
31 001100100 3
42 101000010 3
53 000000010 1
64 010001100 3
75 000110001 3

07 000001100 2
10 110000000 2
21 000100001 2
32 001010100 3
43 100000011 3
54 010000100 2
65 000001000 1
76 000110011 4

Matching output
0 absent
1 absent
2 absent
3 absent
4 absent
5 36
6 absent
7 absent

Left
none
Best: none

Right
none
Best: none

OR-NOT
01 001111111 7
12 111011110 7
23 110101011 6
34 011111100 6
45 101111011 7
56 111110111 8
67 111001100 5
70 111110011 7

02 101111111 8
13 110011011 6
24 010111101 6
35 111111101 8
46 101110011 6
57 111001110 6
60 111001100 5
71 001110111 6

03 100111111 7
14 110011110 6
25 110111001 6
36 111111111 a
47 111101111 8
50 111000110 5
61 011101101 6
72 101110111 7

04 010111111 7
15 110111011 7
26 110111011 7
37 111111100 7
40 111100011 6
51 011100111 6
62 111011110 7
73 101110011 6

05 100111111 7
16 110111011 7
27 110101101 6
30 111111100 7
41 101100111 6
52 111010110 6
63 111001111 7
74 011111111 8

06 100111111 7
17 110011110 6
20 111101001 6
31 011111101 7
42 101110111 7
53 111000111 6
64 011011100 5
75 101111011 7

07 110111111 8
10 111011010 6
21 011101101 6
32 111111110 8
43 101100011 5
54 011011110 6
65 111111101 8
76 101110011 6

Matching output
0 absent
1 absent
2 absent
3 absent
4 absent
5 absent
6 absent
7 absent

Left
none
Best: none

Right
none
Best: none

XOR-NOT
01 001011010 4
12 011001100 4
23 110101010 5
34 001100000 2
45 001011010 4
56 111110101 7
67 101000000 2
70 110110011 6

02 101101001 5
13 010011001 4
24 000110101 4
35 111000101 5
46 001010000 2
57 101001010 4
60 100001100 3
71 000010110 3

03 100111100 5
14 100000110 3
25 110010000 3
36 111001111 7
47 011101111 7
50 100000110 3
61 010101001 4 match 1
72 100100101 4

04 010100011 4
15 010100011 4
26 110011010 5 match 0
37 101110000 4
40 010100011 4
51 010100011 4
62 110011010 5 match 0
73 101110000 4

05 100000110 3
16 010101001 4 match 1
27 100100101 4
30 100111100 5
41 100000110 3
52 110010000 3
63 111001111 7
74 011101111 7

06 100001100 3
17 000010110 3
20 101101001 5
31 010011001 4
42 000110101 4
53 111000101 5
64 001010000 2
75 101001010 4

07 110110011 6
10 001011010 4
21 011001100 4
32 110101010 5
43 001100000 2
54 001011010 4
65 111110101 7
76 101000000 2

Matching output
0 26 62
1 61 16
2 absent
3 absent
4 absent
5 absent
6 absent
7 absent

Left
26 37x
62 73x
Best: XOR-NOT26: 1

Right
none
Best: none

Selecting

Lefts
Identity I1 2: 2
NOT none
Constant none
AND none
OR none
XOR none
AND-NOT none
OR-NOT none
XOR-NOT XOR-NOT26: 1

Rights
Identity none
NOT none
Constant none
AND none
OR none
XOR XOR50 47 36 25 14 03: 6
AND-NOT none
OR-NOT none
XOR-NOT none

Left longest: 2
Right longest: 6

Right winner: Identity no, NOT no, Constant no, AND no, OR no, XOR yes, AND-NOT no, OR-NOT no, XOR-NOT no
Left winner: Identity yes, NOT no, Constant no, AND no, OR no, XOR no, AND-NOT no, OR-NOT no, XOR-NOT no

Best right: XOR50 47 36 25 14 03: 6
Best left: I1 2: 2

Truncated right: XOR50 47 36 25 14 03: 6
Truncated left: I1 2: 2

Tentative from right
7 XOR50
6 XOR47
5 XOR36
4 XOR25
3 XOR14
2 XOR03
1 pending
0 pending

Tentative
0 I1
1 I2
2 XOR03
3 XOR14
4 XOR25
5 XOR36
6 XOR47
7 XOR50

Preferred from right
7 XOR50
6 XOR47
5 XOR36
4 XOR25
3 XOR14
2 XOR03
1 I2
0 I1

Preferred from left
0 I1
1 I2
2 XOR03
3 XOR14
4 XOR25
5 XOR36
6 XOR47
7 XOR50

Preferred
0 I1
1 I2
2 XOR03
3 XOR14
4 XOR25
5 XOR36
6 XOR47
7 XOR50

Matching
0 I1
1 I2
2 XOR03
3 XOR14
4 XOR25
5 XOR36
6 XOR47
7 XOR50

Perfect match
Identity no
NOT no
Constant no
AND no
OR no
XOR no
AND-NOT no
OR-NOT no
XOR-NOT no

Matched
0 I1
1 I2
2 XOR03
3 XOR14
4 XOR25
5 XOR36
6 XOR47
7 XOR50

Selected
0 I1
1 I2
2 XOR03
3 XOR14
4 XOR25
5 XOR36
6 XOR47
7 XOR50

Applying to 01101100
Input
0 0
1 1
2 1
3 0
4 1
5 1
6 0
7 0
Output
0 I1 = 1
1 I2 = 1
2 XOR03 = XOR(0,0) = 0
3 XOR14 = XOR(1,1) = 0
4 XOR25 = XOR(1,1) = 0
5 XOR36 = XOR(0,0) = 0
6 XOR47 = XOR(1,0) = 1
7 XOR50 = XOR(1,0) = 1

I will now return the answer in \boxed{}
The answer in \boxed{–} is \boxed{11000011}
[correct]
true
