[category]
bit_manipulation
[prompt]
In Alice's Wonderland, a secret bit manipulation rule transforms 8-bit binary numbers. The transformation involves operations like bit shifts, rotations, XOR, AND, OR, NOT, and possibly majority or choice functions.

Here are some examples of input -> output:
00100001 -> 00110000
10101001 -> 01110100
01000010 -> 01100001
10010010 -> 00001001
10011111 -> 10101111
10010100 -> 11001010
10100100 -> 11010010
00100011 -> 01110001

Now, determine the output for: 10100010
[completion]
We need to deduce the transformation by matching the example outputs.
I will put my final answer inside \boxed{}.

Output 0: 00110000
0 0
1 0
2 1
3 1
4 0
5 0
6 0
7 0

Output 1: 01110100
0 0
1 1
2 1
3 1
4 0
5 1
6 0
7 0

Output 2: 01100001
0 0
1 1
2 1
3 0
4 0
5 0
6 0
7 1

Output 3: 00001001
0 0
1 0
2 0
3 0
4 1
5 0
6 0
7 1

Output 4: 10101111
0 1
1 0
2 1
3 0
4 1
5 1
6 1
7 1

Output 5: 11001010
0 1
1 1
2 0
3 0
4 1
5 0
6 1
7 0

Output 6: 11010010
0 1
1 1
2 0
3 1
4 0
5 0
6 1
7 0

Output 7: 01110001
0 0
1 1
2 1
3 1
4 0
5 0
6 0
7 1

Output bit columns (with bitsum as hash)
0 00001110 3
1 01100111 5
2 11101001 5
3 11000011 4
4 00011100 3
5 01001000 2
6 00001110 3
7 00111001 4

Input 0: 00100001
0 0
1 0
2 1
3 0
4 0
5 0
6 0
7 1

Input 1: 10101001
0 1
1 0
2 1
3 0
4 1
5 0
6 0
7 1

Input 2: 01000010
0 0
1 1
2 0
3 0
4 0
5 0
6 1
7 0

Input 3: 10010010
0 1
1 0
2 0
3 1
4 0
5 0
6 1
7 0

Input 4: 10011111
0 1
1 0
2 0
3 1
4 1
5 1
6 1
7 1

Input 5: 10010100
0 1
1 0
2 0
3 1
4 0
5 1
6 0
7 0

Input 6: 10100100
0 1
1 0
2 1
3 0
4 0
5 1
6 0
7 0

Input 7: 00100011
0 0
1 0
2 1
3 0
4 0
5 0
6 1
7 1

When matching output
x: not in operator
y: wrong position

Identity
0 01011110 5
1 00100000 1
2 11000011 4 match 3
3 00011100 3 match 4
4 01001000 2 match 5
5 00001110 3 match 0 6
6 00111001 4 match 7
7 11001001 4

Matching output
0 5
1 absent
2 absent
3 2
4 3
5 4
6 5
7 6

Left
5 6y
Best: I5: 1

Right
6 5 4 3 2 1x
Best: I6 5 4 3 2: 5

NOT
0 10100001 3
1 11011111 7
2 00111100 4
3 11100011 5
4 10110111 6
5 11110001 5
6 11000110 4
7 00110110 4

Matching output
0 absent
1 absent
2 absent
3 absent
4 absent
5 absent
6 absent
7 absent

Left
none
Best: none

Right
none
Best: none

Constant
0 00000000 a
1 11111111 a

Matching output
0 absent
1 absent
2 absent
3 absent
4 absent
5 absent
6 absent
7 absent

Left
none
Best: none

Right
none
Best: none

AND
01 10 00000000 a
12 21 00000000 a
23 32 00000000 a
34 43 00001000 1
45 54 00001000 1
56 65 00001000 1
67 76 00001001 2
70 07 01001000 2 match 5

02 20 01000010 2
13 31 00000000 a
24 42 01000000 1
35 53 00001100 2
46 64 00001000 1
57 75 00001000 1
60 06 00011000 2
71 17 00000000 a

03 30 00011100 3 match 4
14 41 00000000 a
25 52 00000010 1
36 63 00011000 2
47 74 01001000 2 match 5
50 05 00001110 3 match 0 6
61 16 00100000 1
72 27 11000001 3

04 40 01001000 2 match 5
15 51 00000000 a
26 62 00000001 1
37 73 00001000 1

Matching output
0 50 05
1 absent
2 absent
3 absent
4 03 30
5 70 07 47 74 04 40
6 50 05
7 absent

Left
50 61x
05 16x
Best: AND50: 1

Right
none
Best: none

OR
01 10 01111110 6
12 21 11100011 5
23 32 11011111 7
34 43 01011100 4
45 54 01001110 4
56 65 00111111 6
67 76 11111001 6
70 07 11011111 7

02 20 11011111 7
13 31 00111100 4
24 42 11001011 5
35 53 00011110 4
46 64 01111001 5
57 75 11001111 6
60 06 01111111 7
71 17 11101001 5 match 2

03 30 01011110 5
14 41 01101000 3
25 52 11001111 6
36 63 00111101 5
47 74 11001001 4
50 05 01011110 5
61 16 00111001 4 match 7
72 27 11001011 5

04 40 01011110 5
15 51 00101110 4
26 62 11111011 7
37 73 11011101 6

Matching output
0 absent
1 absent
2 71 17
3 absent
4 absent
5 absent
6 absent
7 61 16

Left
none
Best: none

Right
61 50x
16 05x
Best: OR61: 1

XOR
01 10 01111110 6
12 21 11100011 5
23 32 11011111 7
34 43 01010100 3
45 54 01000110 3
56 65 00110111 5
67 76 11110000 4
70 07 10010111 5

02 20 10011101 5
13 31 00111100 4
24 42 10001011 4
35 53 00010010 2
46 64 01110001 4
57 75 11000111 5
60 06 01100111 5 match 1
71 17 11101001 5 match 2

03 30 01000010 2
14 41 01101000 3
25 52 11001101 5
36 63 00100101 3
47 74 10000001 2
50 05 01010000 2
61 16 00011001 3
72 27 00001010 2

04 40 00010110 3
15 51 00101110 4
26 62 11111010 6
37 73 11010101 5

Matching output
0 absent
1 60 06
2 71 17
3 absent
4 absent
5 absent
6 absent
7 absent

Left
none
Best: none

Right
none
Best: none

AND-NOT
01 01011110 5
12 00100000 1
23 11000011 4 match 3
34 00010100 2
45 01000000 1
56 00000110 2
67 00110000 2
70 10000001 2

02 00011100 3 match 4
13 00100000 1
24 10000011 3
35 00010000 1
46 01000000 1
57 00000110 2
60 00100001 2
71 11001001 4

03 01000010 2
14 00100000 1
25 11000001 3
36 00000100 1
47 00000000 a
50 00000000 a
61 00011001 3
72 00001000 1

04 00010110 3
15 00100000 1
26 11000010 3
37 00010100 2
40 00000000 a
51 00001110 3 match 0 6
62 00111000 3
73 11000001 3

05 01010000 2
16 00000000 a
27 00000010 1
30 00000000 a
41 01001000 2 match 5
52 00001100 2
63 00100001 2
74 10000001 2

06 01000110 3
17 00100000 1
20 10000001 2
31 00011100 3 match 4
42 00001000 1
53 00000010 1
64 00110001 3
75 11000001 3

07 00010110 3
10 00100000 1
21 11000011 4 match 3
32 00011100 3 match 4
43 01000000 1
54 00000110 2
65 00110001 3
76 11000000 2

Matching output
0 51
1 absent
2 absent
3 23 21
4 02 31 32
5 41
6 51
7 absent

Left
51 62x
Best: AND-NOT51: 1

Right
none
Best: none

OR-NOT
01 11011111 7
12 00111100 4
23 11100011 5
34 10111111 7
45 11111001 6
56 11001110 5
67 00111111 6
70 11101001 5 match 2

02 01111110 6
13 11100011 5
24 11110111 7
35 11111101 7
46 11001110 5
57 00111110 5
60 10111001 5
71 11011111 7

03 11111111 a
14 10110111 6
25 11110011 6
36 11011110 6
47 01111110 6
50 10101111 6
61 11111111 a
72 11111101 7

04 11111111 a
15 11110001 5
26 11000111 5
37 00111110 5
40 11101001 5 match 2
51 11011111 7
62 00111101 5
73 11101011 6

05 11111111 a
16 11100110 5
27 11110111 7
30 10111101 6
41 11011111 7
52 00111110 5
63 11111011 7
74 11111111 a

06 11011110 6
17 00110110 4
20 11100011 5
31 11011111 7
42 01111100 5
53 11101111 7
64 10111111 7
75 11111001 6

07 01111110 6
10 10100001 3
21 11011111 7
32 00111100 4
43 11101011 6
54 10111111 7
65 11111001 6
76 11001111 6

Matching output
0 absent
1 absent
2 70 40
3 absent
4 absent
5 absent
6 absent
7 absent

Left
none
Best: none

Right
none
Best: none

XOR-NOT
01 10000001 2
12 00011100 3 match 4
23 00100000 1
34 10101011 5
45 10111001 5
56 11001000 3
67 00001111 4
70 01101000 3

02 01100010 3
13 11000011 4 match 3
24 01110100 4
35 11101101 6
46 10001110 4
57 00111000 3
60 10011000 3
71 00010110 3

03 10111101 6
14 10010111 5
25 00110010 3
36 11011010 5
47 01111110 6
50 10101111 6
61 11100110 5
72 11110101 6

04 11101001 5 match 2
15 11010001 4
26 00000101 2
37 00101010 3
40 11101001 5 match 2
51 11010001 4
62 00000101 2
73 00101010 3

05 10101111 6
16 11100110 5
27 11110101 6
30 10111101 6
41 10010111 5
52 00110010 3
63 11011010 5
74 01111110 6

06 10011000 3
17 00010110 3
20 01100010 3
31 11000011 4 match 3
42 01110100 4
53 11101101 6
64 10001110 4
75 00111000 3

07 01101000 3
10 10000001 2
21 00011100 3 match 4
32 00100000 1
43 10101011 5
54 10111001 5
65 11001000 3
76 00001111 4

Matching output
0 absent
1 absent
2 04 40
3 13 31
4 12 21
5 absent
6 absent
7 absent

Left
none
Best: none

Right
none
Best: none

Selecting

Lefts
Identity I5: 1
NOT none
Constant none
AND AND50: 1
OR none
XOR none
AND-NOT AND-NOT51: 1
OR-NOT none
XOR-NOT none

Rights
Identity I6 5 4 3 2: 5
NOT none
Constant none
AND none
OR OR61: 1
XOR none
AND-NOT none
OR-NOT none
XOR-NOT none

Left longest: 1
Right longest: 5

Right winner: Identity yes, NOT no, Constant no, AND no, OR no, XOR no, AND-NOT no, OR-NOT no, XOR-NOT no
Left winner: Identity yes, NOT no, Constant no, AND no, OR no, XOR no, AND-NOT no, OR-NOT no, XOR-NOT no

Best right: I6 5 4 3 2: 5
Best left: I5: 1

Truncated right: I6 5 4 3 2: 5
Truncated left: I5: 1

Tentative from right
7 I6
6 I5
5 I4
4 I3
3 I2
2 pending
1 pending
0 pending

Tentative
0 I5
1 pending
2 pending
3 I2
4 I3
5 I4
6 I5
7 I6

Preferred from right
7 I6
6 I5
5 I4
4 I3
3 I2
2 ??1
1 ??0
0 I5

Preferred from left
0 I5
1 ?60
2 ?71
3 I2
4 I3
5 I4
6 I5
7 I6

Preferred
0 I5
1 ?60 ?06
2 ?71 ?17
3 I2
4 I3
5 I4
6 I5
7 I6

Matching
0 I5
1 ?60 ?06 - Identity absent, NOT absent, Constant absent, AND absent, OR absent, XOR60, AND-NOT absent, OR-NOT absent, XOR-NOT absent
2 ?71 ?17 - Identity absent, NOT absent, Constant absent, AND absent, OR71, XOR71, AND-NOT absent, OR-NOT absent, XOR-NOT absent
3 I2
4 I3
5 I4
6 I5
7 I6

Perfect match
Identity no
NOT no
Constant no
AND no
OR no
XOR yes
AND-NOT no
OR-NOT no
XOR-NOT no

Matched
0 I5
1 XOR60
2 XOR71
3 I2
4 I3
5 I4
6 I5
7 I6

Selected
0 I5
1 XOR60
2 XOR71
3 I2
4 I3
5 I4
6 I5
7 I6

Applying to 10100010
Input
0 1
1 0
2 1
3 0
4 0
5 0
6 1
7 0
Output
0 I5 = 0
1 XOR60 = XOR(1,1) = 0
2 XOR71 = XOR(0,0) = 0
3 I2 = 1
4 I3 = 0
5 I4 = 0
6 I5 = 0
7 I6 = 1

I will now return the answer in \boxed{}
The answer in \boxed{–} is \boxed{00010001}
[correct]
true
