[category]
bit_manipulation
[prompt]
In Alice's Wonderland, a secret bit manipulation rule transforms 8-bit binary numbers. The transformation involves operations like bit shifts, rotations, XOR, AND, OR, NOT, and possibly majority or choice functions.

Here are some examples of input -> output:
01111010 -> 01110110
00010011 -> 10001000
00001001 -> 01100110
00011111 -> 10111011
11001100 -> 00000011
00110101 -> 10011001
00100000 -> 10001000

Now, determine the output for: 10000001
[completion]
We need to deduce the transformation by matching the example outputs.
I will put my final answer inside \boxed{}.

Output 0: 01110110
0 0
1 1
2 1
3 1
4 0
5 1
6 1
7 0

Output 1: 10001000
0 1
1 0
2 0
3 0
4 1
5 0
6 0
7 0

Output 2: 01100110
0 0
1 1
2 1
3 0
4 0
5 1
6 1
7 0

Output 3: 10111011
0 1
1 0
2 1
3 1
4 1
5 0
6 1
7 1

Output 4: 00000011
0 0
1 0
2 0
3 0
4 0
5 0
6 1
7 1

Output 5: 10011001
0 1
1 0
2 0
3 1
4 1
5 0
6 0
7 1

Output 6: 10001000
0 1
1 0
2 0
3 0
4 1
5 0
6 0
7 0

Output bit columns (with bitsum as hash)
0 0101011 4
1 1010000 2
2 1011000 3
3 1001010 3
4 0101011 4
5 1010000 2
6 1011100 4
7 0001110 3

Input 0: 01111010
0 0
1 1
2 1
3 1
4 1
5 0
6 1
7 0

Input 1: 00010011
0 0
1 0
2 0
3 1
4 0
5 0
6 1
7 1

Input 2: 00001001
0 0
1 0
2 0
3 0
4 1
5 0
6 0
7 1

Input 3: 00011111
0 0
1 0
2 0
3 1
4 1
5 1
6 1
7 1

Input 4: 11001100
0 1
1 1
2 0
3 0
4 1
5 1
6 0
7 0

Input 5: 00110101
0 0
1 0
2 1
3 1
4 0
5 1
6 0
7 1

Input 6: 00100000
0 0
1 0
2 1
3 0
4 0
5 0
6 0
7 0

When matching output
x: not in operator
y: wrong position

Identity
0 0000100 1
1 1000100 2
2 1000011 3
3 1101010 4
4 1011100 4 match 6
5 0001110 3 match 7
6 1101000 3
7 0111010 4

Matching output
0 absent
1 absent
2 absent
3 absent
4 absent
5 absent
6 4
7 5

Left
none
Best: none

Right
5 4 3x
Best: I5 4: 2

NOT
0 1111011 6
1 0111011 5
2 0111100 4
3 0010101 3
4 0100011 3
5 1110001 4
6 0010111 4
7 1000101 3

Matching output
0 absent
1 absent
2 absent
3 absent
4 absent
5 absent
6 absent
7 absent

Left
none
Best: none

Right
none
Best: none

Constant
0 0000000 a
1 1111111 a

Matching output
0 absent
1 absent
2 absent
3 absent
4 absent
5 absent
6 absent
7 absent

Left
none
Best: none

Right
none
Best: none

AND
01 10 0000100 1
12 21 1000000 1
23 32 1000010 2
34 43 1001000 2
45 54 0001100 2
56 65 0001000 1
67 76 0101000 2
70 07 0000000 a

02 20 0000000 a
13 31 1000000 1
24 42 1000000 1
35 53 0001010 2
46 64 1001000 2
57 75 0001010 2
60 06 0000000 a
71 17 0000000 a

03 30 0000000 a
14 41 1000100 2
25 52 0000010 1
36 63 1101000 3
47 74 0011000 2
50 05 0000100 1
61 16 1000000 1
72 27 0000010 1

04 40 0000100 1
15 51 0000100 1
26 62 1000000 1
37 73 0101010 3

Matching output
0 absent
1 absent
2 absent
3 absent
4 absent
5 absent
6 absent
7 absent

Left
none
Best: none

Right
none
Best: none

OR
01 10 1000100 2
12 21 1000111 4
23 32 1101011 5
34 43 1111110 6
45 54 1011110 5
56 65 1101110 5
67 76 1111010 5
70 07 0111110 5

02 20 1000111 4
13 31 1101110 5
24 42 1011111 6
35 53 1101110 5
46 64 1111100 5
57 75 0111110 5
60 06 1101100 4
71 17 1111110 6

03 30 1101110 5
14 41 1011100 4 match 6
25 52 1001111 5
36 63 1101010 4
47 74 1111110 6
50 05 0001110 3 match 7
61 16 1101100 4
72 27 1111011 6

04 40 1011100 4 match 6
15 51 1001110 4
26 62 1101011 5
37 73 1111010 5

Matching output
0 absent
1 absent
2 absent
3 absent
4 absent
5 absent
6 14 41 04 40
7 50 05

Left
none
Best: none

Right
50 47x
05 74x
Best: OR50: 1

XOR
01 10 1000000 1
12 21 0000111 3
23 32 0101001 3
34 43 0110110 4
45 54 1010010 3
56 65 1100110 4
67 76 1010010 3
70 07 0111110 5

02 20 1000111 4
13 31 0101110 4
24 42 0011111 5
35 53 1100100 3
46 64 0110100 3
57 75 0110100 3
60 06 1101100 4
71 17 1111110 6

03 30 1101110 5
14 41 0011000 2
25 52 1001101 4
36 63 0000010 1
47 74 1100110 4
50 05 0001010 2
61 16 0101100 3
72 27 1111001 5

04 40 1011000 3 match 2
15 51 1001010 3 match 3
26 62 0101011 4 match 0 4
37 73 1010000 2 match 1 5

Matching output
0 26 62
1 37 73
2 04 40
3 15 51
4 26 62
5 37 73
6 absent
7 absent

Left
26 37 40 51 62 73 04y
62 73 04 15 26 37 40y
Best: XOR26 37 40 51 62 73: 6

Right
none
Best: none

AND-NOT
01 0000000 a
12 0000100 1
23 0000001 1
34 0100010 2
45 1010000 2 match 1 5
56 0000110 2
67 1000000 1
70 0111010 4

02 0000100 1
13 0000100 1
24 0000011 2
35 1100000 2
46 0010100 2
57 0000100 1
60 1101000 3
71 0111010 4

03 0000100 1
14 0000000 a
25 1000001 2
36 0000010 1
47 1000100 2
50 0001010 2
61 0101000 2
72 0111000 3

04 0000000 a
15 1000000 1
26 0000011 2
37 1000000 1
40 1011000 3 match 2
51 0001010 2
62 0101000 2
73 0010000 1

05 0000000 a
16 0000100 1
27 1000001 2
30 1101010 4
41 0011000 2
52 0001100 2
63 0000000 a
74 0100010 2

06 0000100 1
17 1000100 2
20 1000011 3
31 0101010 3
42 0011100 3
53 0000100 1
64 0100000 1
75 0110000 2

07 0000100 1
10 1000000 1
21 0000011 2
32 0101000 2
43 0010100 2
54 0000010 1
65 1100000 2
76 0010010 2

Matching output
0 absent
1 45
2 40
3 absent
4 absent
5 45
6 absent
7 absent

Left
none
Best: none

Right
none
Best: none

OR-NOT
01 0111111 6
12 1111100 5
23 1010111 5
34 1101011 5
45 1111101 6
56 0011111 5
67 1101101 5
70 1111011 6

02 0111100 4
13 1010101 4
24 1100011 4
35 1111011 6
46 1011111 6
57 1001111 5
60 1111011 6
71 0111011 5

03 0010101 3
14 1100111 5
25 1110011 5
36 1111111 a
47 1011101 5
50 1111111 a
61 1111011 6
72 0111110 5

04 0100111 4
15 1110101 5
26 1010111 5
37 1101111 6
40 1111111 a
51 0111111 6
62 1111100 5
73 0111111 6

05 1110101 5
16 1010111 5
27 1000111 4
30 1111011 6
41 1111111 a
52 0111110 5
63 1111101 6
74 0111011 5

06 0010111 4
17 1000101 3
20 1111011 6
31 1111011 6
42 1111100 5
53 0011111 5
64 1101011 5
75 1111011 6

07 1000101 3
10 1111111 a
21 1111011 6
32 1111110 6
43 1011101 5
54 0101111 5
65 1111001 5
76 0111111 6

Matching output
0 absent
1 absent
2 absent
3 absent
4 absent
5 absent
6 absent
7 absent

Left
none
Best: none

Right
none
Best: none

XOR-NOT
01 0111111 6
12 1111000 4
23 1010110 4
34 1001001 3
45 0101101 4
56 0011001 3
67 0101101 4
70 1000001 2

02 0111000 3
13 1010001 3
24 1100000 2
35 0011011 4
46 1001011 4
57 1001011 4
60 0010011 3
71 0000001 1

03 0010001 2
14 1100111 5
25 0110010 3
36 1111101 6
47 0011001 3
50 1110101 5
61 1010011 4
72 0000110 2

04 0100111 4
15 0110101 4
26 1010100 3
37 0101111 5
40 0100111 4
51 0110101 4
62 1010100 3
73 0101111 5

05 1110101 5
16 1010011 4
27 0000110 2
30 0010001 2
41 1100111 5
52 0110010 3
63 1111101 6
74 0011001 3

06 0010011 3
17 0000001 1
20 0111000 3
31 1010001 3
42 1100000 2
53 0011011 4
64 1001011 4
75 1001011 4

07 1000001 2
10 0111111 6
21 1111000 4
32 1010110 4
43 1001001 3
54 0101101 4
65 0011001 3
76 0101101 4

Matching output
0 absent
1 absent
2 absent
3 absent
4 absent
5 absent
6 absent
7 absent

Left
none
Best: none

Right
none
Best: none

Selecting

Lefts
Identity none
NOT none
Constant none
AND none
OR none
XOR XOR26 37 40 51 62 73: 6
AND-NOT none
OR-NOT none
XOR-NOT none

Rights
Identity I5 4: 2
NOT none
Constant none
AND none
OR OR50: 1
XOR none
AND-NOT none
OR-NOT none
XOR-NOT none

Left longest: 6
Right longest: 2

Left winner: Identity no, NOT no, Constant no, AND no, OR no, XOR yes, AND-NOT no, OR-NOT no, XOR-NOT no
Right winner: Identity yes, NOT no, Constant no, AND no, OR no, XOR no, AND-NOT no, OR-NOT no, XOR-NOT no

Best left: XOR26 37 40 51 62 73: 6
Best right: I5 4: 2

Truncated left: XOR26 37 40 51 62 73: 6
Truncated right: I5 4: 2

Tentative from right
7 I5
6 I4
5 pending
4 pending
3 pending
2 pending
1 pending
0 pending

Tentative
0 XOR26
1 XOR37
2 XOR40
3 XOR51
4 XOR62
5 XOR73
6 I4
7 I5

Preferred from left
0 XOR26
1 XOR37
2 XOR40
3 XOR51
4 XOR62
5 XOR73
6 I4
7 I5

Preferred from right
7 I5
6 I4
5 XOR73
4 XOR62
3 XOR51
2 XOR40
1 XOR37
0 XOR26

Preferred
0 XOR26
1 XOR37
2 XOR40
3 XOR51
4 XOR62
5 XOR73
6 I4
7 I5

Matching
0 XOR26
1 XOR37
2 XOR40
3 XOR51
4 XOR62
5 XOR73
6 I4
7 I5

Perfect match
Identity no
NOT no
Constant no
AND no
OR no
XOR no
AND-NOT no
OR-NOT no
XOR-NOT no

Matched
0 XOR26
1 XOR37
2 XOR40
3 XOR51
4 XOR62
5 XOR73
6 I4
7 I5

Selected
0 XOR26
1 XOR37
2 XOR40
3 XOR51
4 XOR62
5 XOR73
6 I4
7 I5

Applying to 10000001
Input
0 1
1 0
2 0
3 0
4 0
5 0
6 0
7 1
Output
0 XOR26 = XOR(0,0) = 0
1 XOR37 = XOR(0,1) = 1
2 XOR40 = XOR(0,1) = 1
3 XOR51 = XOR(0,0) = 0
4 XOR62 = XOR(0,0) = 0
5 XOR73 = XOR(1,0) = 1
6 I4 = 0
7 I5 = 0

I will now return the answer in \boxed{}
The answer in \boxed{–} is \boxed{01100100}
[correct]
true
