[category]
bit_manipulation
[prompt]
In Alice's Wonderland, a secret bit manipulation rule transforms 8-bit binary numbers. The transformation involves operations like bit shifts, rotations, XOR, AND, OR, NOT, and possibly majority or choice functions.

Here are some examples of input -> output:
10100010 -> 01000100
00101001 -> 01101101
11010010 -> 11001010
11100011 -> 01100100
11010000 -> 10011010
11010110 -> 01101010
11110010 -> 11001110
10011110 -> 00100011

Now, determine the output for: 10010100
[completion]
We need to deduce the transformation by matching the example outputs.
I will put my final answer inside \boxed{}.

Output 0: 01000100
0 0
1 1
2 0
3 0
4 0
5 1
6 0
7 0

Output 1: 01101101
0 0
1 1
2 1
3 0
4 1
5 1
6 0
7 1

Output 2: 11001010
0 1
1 1
2 0
3 0
4 1
5 0
6 1
7 0

Output 3: 01100100
0 0
1 1
2 1
3 0
4 0
5 1
6 0
7 0

Output 4: 10011010
0 1
1 0
2 0
3 1
4 1
5 0
6 1
7 0

Output 5: 01101010
0 0
1 1
2 1
3 0
4 1
5 0
6 1
7 0

Output 6: 11001110
0 1
1 1
2 0
3 0
4 1
5 1
6 1
7 0

Output 7: 00100011
0 0
1 0
2 1
3 0
4 0
5 0
6 1
7 1

Output bit columns (with bitsum as hash)
0 00101010 3
1 11110110 6
2 01010101 4
3 00001000 1
4 01101110 5
5 11010010 4
6 00101111 5
7 01000001 2

Input 0: 10100010
0 1
1 0
2 1
3 0
4 0
5 0
6 1
7 0

Input 1: 00101001
0 0
1 0
2 1
3 0
4 1
5 0
6 0
7 1

Input 2: 11010010
0 1
1 1
2 0
3 1
4 0
5 0
6 1
7 0

Input 3: 11100011
0 1
1 1
2 1
3 0
4 0
5 0
6 1
7 1

Input 4: 11010000
0 1
1 1
2 0
3 1
4 0
5 0
6 0
7 0

Input 5: 11010110
0 1
1 1
2 0
3 1
4 0
5 1
6 1
7 0

Input 6: 11110010
0 1
1 1
2 1
3 1
4 0
5 0
6 1
7 0

Input 7: 10011110
0 1
1 0
2 0
3 1
4 1
5 1
6 1
7 0

When matching output
x: not in operator
y: wrong position

Identity
0 10111111 7
1 00111110 5
2 11010010 4 match 5
3 00101111 5 match 6
4 01000001 2 match 7
5 00000101 2
6 10110111 6
7 01010000 2

Matching output
0 absent
1 absent
2 absent
3 absent
4 absent
5 2
6 3
7 4

Left
none
Best: none

Right
4 3 2 1x
Best: I4 3 2: 3

NOT
0 01000000 1
1 11000001 3
2 00101101 4
3 11010000 3
4 10111110 6
5 11111010 6
6 01001000 2
7 10101111 6

Matching output
0 absent
1 absent
2 absent
3 absent
4 absent
5 absent
6 absent
7 absent

Left
none
Best: none

Right
none
Best: none

Constant
0 00000000 a
1 11111111 a

Matching output
0 absent
1 absent
2 absent
3 absent
4 absent
5 absent
6 absent
7 absent

Left
none
Best: none

Right
none
Best: none

AND
01 10 00111110 5
12 21 00010010 2
23 32 00000010 1
34 43 00000001 1
45 54 00000001 1
56 65 00000101 2
67 76 00010000 1
70 07 00010000 1

02 20 10010010 3
13 31 00101110 4
24 42 01000000 1
35 53 00000101 2
46 64 00000001 1
57 75 00000000 a
60 06 10110111 6
71 17 00010000 1

03 30 00101111 5 match 6
14 41 00000000 a
25 52 00000000 a
36 63 00100111 4
47 74 01000000 1
50 05 00000101 2
61 16 00110110 4
72 27 01010000 2

04 40 00000001 1
15 51 00000100 1
26 62 10010010 3
37 73 00000000 a

Matching output
0 absent
1 absent
2 absent
3 absent
4 absent
5 absent
6 03 30
7 absent

Left
none
Best: none

Right
none
Best: none

OR
01 10 10111111 7
12 21 11111110 7
23 32 11111111 a
34 43 01101111 6
45 54 01000101 3
56 65 10110111 6
67 76 11110111 7
70 07 11111111 a

02 20 11111111 a
13 31 00111111 6
24 42 11010011 5
35 53 00101111 5 match 6
46 64 11110111 7
57 75 01010101 4 match 2
60 06 10111111 7
71 17 01111110 6

03 30 10111111 7
14 41 01111111 7
25 52 11010111 6
36 63 10111111 7
47 74 01010001 3
50 05 10111111 7
61 16 10111111 7
72 27 11010010 4 match 5

04 40 11111111 a
15 51 00111111 6
26 62 11110111 7
37 73 01111111 7

Matching output
0 absent
1 absent
2 57 75
3 absent
4 absent
5 72 27
6 35 53
7 absent

Left
none
Best: none

Right
none
Best: none

XOR
01 10 10000001 2
12 21 11101100 5
23 32 11111101 7
34 43 01101110 5 match 4
45 54 01000100 2
56 65 10110010 4
67 76 11100111 6
70 07 11101111 7

02 20 01101101 5
13 31 00010001 2
24 42 10010011 4
35 53 00101010 3 match 0
46 64 11110110 6 match 1
57 75 01010101 4 match 2
60 06 00001000 1 match 3
71 17 01101110 5 match 4

03 30 10010000 2
14 41 01111111 7
25 52 11010111 6
36 63 10011000 3
47 74 00010001 2
50 05 10111010 5
61 16 10001001 3
72 27 10000010 2

04 40 11111110 7
15 51 00111011 5
26 62 01100101 4
37 73 01111111 7

Matching output
0 35 53
1 46 64
2 57 75
3 60 06
4 34 43 71 17
5 absent
6 absent
7 absent

Left
35 46 57 60 71 02x
53 64 75 06 17 20x
Best: XOR35 46 57 60 71: 5

Right
none
Best: none

AND-NOT
01 10000001 2
12 00101100 3
23 11010000 3
34 00101110 4
45 01000000 1
56 00000000 a
67 10100111 5
70 01000000 1

02 00101101 4
13 00010000 1
24 10010010 3
35 00101010 3 match 0
46 01000000 1
57 00000101 2
60 00000000 a
71 01000000 1

03 10010000 2
14 00111110 5
25 11010010 4 match 5
36 00001000 1 match 3
47 00000001 1
50 00000000 a
61 10000001 2
72 00000000 a

04 10111110 6
15 00111010 4
26 01000000 1
37 00101111 5 match 6
40 01000000 1
51 00000001 1
62 00100101 3
73 01010000 2

05 10111010 5
16 00001000 1 match 3
27 10000010 2
30 00000000 a
41 01000001 2 match 7
52 00000101 2
63 10010000 2
74 00010000 1

06 00001000 1 match 3
17 00101110 4
20 01000000 1
31 00000001 1
42 00000001 1
53 00000000 a
64 10110110 5
75 01010000 2

07 10101111 6
10 00000000 a
21 11000000 2
32 00101101 4
43 01000000 1
54 00000100 1
65 10110010 4
76 01000000 1

Matching output
0 35
1 absent
2 absent
3 36 16 06
4 absent
5 25
6 37
7 41

Left
35 46x
Best: AND-NOT35: 1

Right
41 30x
Best: AND-NOT41: 1

OR-NOT
01 11111111 a
12 00111111 6
23 11010010 4 match 5
34 10111111 7
45 11111011 7
56 01001101 4
67 10111111 7
70 01010000 2

02 10111111 7
13 11111110 7
24 11111110 7
35 11111111 a
46 01001001 3
57 10101111 6
60 11110111 7
71 11010001 4

03 11111111 a
14 10111110 6
25 11111010 6
36 01101111 6
47 11101111 7
50 01000101 3
61 11110111 7
72 01111101 6

04 10111111 7
15 11111110 7
26 11011010 5
37 10101111 6
40 01000001 2 match 7
51 11000101 4
62 10111111 7
73 11010000 3

05 11111111 a
16 01111110 6
27 11111111 a
30 01101111 6
41 11000001 3
52 00101101 4
63 11110111 7
74 11111110 7

06 11111111 a
17 10111111 7
20 11010010 4 match 5
31 11101111 7
42 01101101 5
53 11010101 5
64 10111111 7
75 11111010 6

07 10111111 7
10 01111110 6
21 11010011 5
32 00101111 5 match 6
43 11010001 4
54 10111111 7
65 11111111 a
76 01011000 3

Matching output
0 absent
1 absent
2 absent
3 absent
4 absent
5 23 20
6 32
7 40

Left
none
Best: none

Right
40 37x
Best: OR-NOT40: 1

XOR-NOT
01 01111110 6
12 00010011 3
23 00000010 1
34 10010001 3
45 10111011 6
56 01001101 4
67 00011000 2
70 00010000 1

02 10010010 3
13 11101110 6
24 01101100 4
35 11010101 5
46 00001001 2
57 10101010 4
60 11110111 7
71 10010001 3

03 01101111 6
14 10000000 1
25 00101000 2
36 01100111 5
47 11101110 6
50 01000101 3
61 01110110 5
72 01111101 6

04 00000001 1
15 11000100 3
26 10011010 4
37 10000000 1
40 00000001 1
51 11000100 3
62 10011010 4
73 10000000 1

05 01000101 3
16 01110110 5
27 01111101 6
30 01101111 6
41 10000000 1
52 00101000 2
63 01100111 5
74 11101110 6

06 11110111 7
17 10010001 3
20 10010010 3
31 11101110 6
42 01101100 4
53 11010101 5
64 00001001 2
75 10101010 4

07 00010000 1
10 01111110 6
21 00010011 3
32 00000010 1
43 10010001 3
54 10111011 6
65 01001101 4
76 00011000 2

Matching output
0 absent
1 absent
2 absent
3 absent
4 absent
5 absent
6 absent
7 absent

Left
none
Best: none

Right
none
Best: none

Selecting

Lefts
Identity none
NOT none
Constant none
AND none
OR none
XOR XOR35 46 57 60 71: 5
AND-NOT AND-NOT35: 1
OR-NOT none
XOR-NOT none

Rights
Identity I4 3 2: 3
NOT none
Constant none
AND none
OR none
XOR none
AND-NOT AND-NOT41: 1
OR-NOT OR-NOT40: 1
XOR-NOT none

Left longest: 5
Right longest: 3

Left winner: Identity no, NOT no, Constant no, AND no, OR no, XOR yes, AND-NOT no, OR-NOT no, XOR-NOT no
Right winner: Identity yes, NOT no, Constant no, AND no, OR no, XOR no, AND-NOT no, OR-NOT no, XOR-NOT no

Best left: XOR35 46 57 60 71: 5
Best right: I4 3 2: 3

Truncated left: XOR35 46 57 60 71: 5
Truncated right: I4 3 2: 3

Tentative from right
7 I4
6 I3
5 I2
4 pending
3 pending
2 pending
1 pending
0 pending

Tentative
0 XOR35
1 XOR46
2 XOR57
3 XOR60
4 XOR71
5 I2
6 I3
7 I4

Preferred from left
0 XOR35
1 XOR46
2 XOR57
3 XOR60
4 XOR71
5 I2
6 I3
7 I4

Preferred from right
7 I4
6 I3
5 I2
4 XOR71
3 XOR60
2 XOR57
1 XOR46
0 XOR35

Preferred
0 XOR35
1 XOR46
2 XOR57
3 XOR60
4 XOR71
5 I2
6 I3
7 I4

Matching
0 XOR35
1 XOR46
2 XOR57
3 XOR60
4 XOR71
5 I2
6 I3
7 I4

Perfect match
Identity no
NOT no
Constant no
AND no
OR no
XOR no
AND-NOT no
OR-NOT no
XOR-NOT no

Matched
0 XOR35
1 XOR46
2 XOR57
3 XOR60
4 XOR71
5 I2
6 I3
7 I4

Selected
0 XOR35
1 XOR46
2 XOR57
3 XOR60
4 XOR71
5 I2
6 I3
7 I4

Applying to 10010100
Input
0 1
1 0
2 0
3 1
4 0
5 1
6 0
7 0
Output
0 XOR35 = XOR(1,1) = 0
1 XOR46 = XOR(0,0) = 0
2 XOR57 = XOR(1,0) = 1
3 XOR60 = XOR(0,1) = 1
4 XOR71 = XOR(0,0) = 0
5 I2 = 0
6 I3 = 1
7 I4 = 0

I will now return the answer in \boxed{}
The answer in \boxed{–} is \boxed{00110010}
[correct]
true
