[category]
bit_manipulation
[prompt]
In Alice's Wonderland, a secret bit manipulation rule transforms 8-bit binary numbers. The transformation involves operations like bit shifts, rotations, XOR, AND, OR, NOT, and possibly majority or choice functions.

Here are some examples of input -> output:
11010101 -> 00110101
01011010 -> 00010110
00111100 -> 10111111
10001111 -> 11111111
10110110 -> 01101101
00010110 -> 01011101
10101000 -> 01101010
00101110 -> 11011011
01110010 -> 10011101

Now, determine the output for: 11110100
[completion]
We need to deduce the transformation by matching the example outputs.
I will put my final answer inside \boxed{}.

Output 0: 00110101
0 0
1 0
2 1
3 1
4 0
5 1
6 0
7 1

Output 1: 00010110
0 0
1 0
2 0
3 1
4 0
5 1
6 1
7 0

Output 2: 10111111
0 1
1 0
2 1
3 1
4 1
5 1
6 1
7 1

Output 3: 11111111
0 1
1 1
2 1
3 1
4 1
5 1
6 1
7 1

Output 4: 01101101
0 0
1 1
2 1
3 0
4 1
5 1
6 0
7 1

Output 5: 01011101
0 0
1 1
2 0
3 1
4 1
5 1
6 0
7 1

Output 6: 01101010
0 0
1 1
2 1
3 0
4 1
5 0
6 1
7 0

Output 7: 11011011
0 1
1 1
2 0
3 1
4 1
5 0
6 1
7 1

Output 8: 10011101
0 1
1 0
2 0
3 1
4 1
5 1
6 0
7 1

Output bit columns (with bitsum as hash)
0 001100011 4
1 000111110 5
2 101110100 5
3 111101011 7
4 001111111 7
5 111111001 7
6 011100110 5
7 101111011 7

Input 0: 11010101
0 1
1 1
2 0
3 1
4 0
5 1
6 0
7 1

Input 1: 01011010
0 0
1 1
2 0
3 1
4 1
5 0
6 1
7 0

Input 2: 00111100
0 0
1 0
2 1
3 1
4 1
5 1
6 0
7 0

Input 3: 10001111
0 1
1 0
2 0
3 0
4 1
5 1
6 1
7 1

Input 4: 10110110
0 1
1 0
2 1
3 1
4 0
5 1
6 1
7 0

Input 5: 00010110
0 0
1 0
2 0
3 1
4 0
5 1
6 1
7 0

Input 6: 10101000
0 1
1 0
2 1
3 0
4 1
5 0
6 0
7 0

Input 7: 00101110
0 0
1 0
2 1
3 0
4 1
5 1
6 1
7 0

Input 8: 01110010
0 0
1 1
2 1
3 1
4 0
5 0
6 1
7 0

When matching output
x: not in operator
y: wrong position

Identity
0 100110100 4
1 110000001 3
2 001010111 5
3 111011001 6
4 011100110 5 match 6
5 101111010 6
6 010111011 6
7 100100000 2

Matching output
0 absent
1 absent
2 absent
3 absent
4 absent
5 absent
6 4
7 absent

Left
none
Best: none

Right
none
Best: none

NOT
0 011001011 5
1 001111110 6
2 110101000 4
3 000100110 3
4 100011001 4
5 010000101 3
6 101000100 3
7 011011111 7

Matching output
0 absent
1 absent
2 absent
3 absent
4 absent
5 absent
6 absent
7 absent

Left
none
Best: none

Right
none
Best: none

Constant
0 000000000 a
1 111111111 a

Matching output
0 absent
1 absent
2 absent
3 absent
4 absent
5 absent
6 absent
7 absent

Left
none
Best: none

Right
none
Best: none

AND
01 10 100000000 1
12 21 000000001 1
23 32 001010001 3
34 43 011000000 2
45 54 001100010 3
56 65 000111010 4
67 76 000100000 1
70 07 100100000 2

02 20 000010100 2
13 31 110000001 3
24 42 001000110 3
35 53 101011000 4
46 64 010100010 3
57 75 100100000 2
60 06 000110000 2
71 17 100000000 1

03 30 100010000 2
14 41 010000000 1
25 52 001010010 3
36 63 010011001 4
47 74 000100000 1
50 05 100110000 3
61 16 010000001 2
72 27 000000000 a

04 40 000100100 2
15 51 100000000 1
26 62 000010011 3
37 73 100000000 1

Matching output
0 absent
1 absent
2 absent
3 absent
4 absent
5 absent
6 absent
7 absent

Left
none
Best: none

Right
none
Best: none

OR
01 10 110110101 6
12 21 111010111 7
23 32 111011111 8
34 43 111111111 a
45 54 111111110 8
56 65 111111011 8
67 76 110111011 7
70 07 100110100 4

02 20 101110111 7
13 31 111011001 6
24 42 011110111 7
35 53 111111011 8
46 64 011111111 8
57 75 101111010 6
60 06 110111111 8
71 17 110100001 4

03 30 111111101 8
14 41 111100111 7
25 52 101111111 8
36 63 111111011 8
47 74 111100110 6
50 05 101111110 7
61 16 110111011 7
72 27 101110111 7

04 40 111110110 7
15 51 111111011 8
26 62 011111111 8
37 73 111111001 7 match 5

Matching output
0 absent
1 absent
2 absent
3 absent
4 absent
5 37 73
6 absent
7 absent

Left
none
Best: none

Right
none
Best: none

XOR
01 10 010110101 5
12 21 111010110 6
23 32 110001110 5
34 43 100111111 7
45 54 110011100 5
56 65 111000001 4
67 76 110011011 6
70 07 000010100 2

02 20 101100011 5
13 31 001011000 3
24 42 010110001 4
35 53 010100011 4
46 64 001011101 5
57 75 001011010 4
60 06 110001111 6
71 17 010100001 3

03 30 011101101 6
14 41 101100111 6
25 52 100101101 5
36 63 101100010 4
47 74 111000110 5
50 05 001001110 4
61 16 100111010 5
72 27 101110111 7

04 40 111010010 5
15 51 011111011 7
26 62 011101100 5
37 73 011111001 6

Matching output
0 absent
1 absent
2 absent
3 absent
4 absent
5 absent
6 absent
7 absent

Left
none
Best: none

Right
none
Best: none

AND-NOT
01 000110100 3
12 110000000 2
23 000000110 2
34 100011001 4
45 010000100 2
56 101000000 2
67 010011011 5
70 000000000 a

02 100100000 2
13 000000000 a
24 000010001 2
35 010000001 2
46 001000100 2
57 001011010 4
60 010001011 4
71 000100000 1

03 000100100 2
14 100000001 2
25 000000101 2
36 101000000 2
47 011000110 4
50 001001010 3
61 000111010 4
72 100100000 2

04 100010000 2
15 010000001 2
26 001000100 2
37 011011001 5
40 011000010 3
51 001111010 5
62 010101000 3
73 000100000 1

05 000000100 1
16 100000000 1
27 001010111 5
30 011001001 4
41 001100110 4
52 100101000 3
63 000100010 2
74 100000000 1

06 100000100 2
17 010000001 2
20 001000011 3
31 001011000 3
42 010100000 2
53 000100010 2
64 000011001 3
75 000000000 a

07 000010100 2
10 010000001 2
21 001010110 4
32 110001000 3
43 000100110 3
54 100011000 3
65 010000001 2
76 100000000 1

Matching output
0 absent
1 absent
2 absent
3 absent
4 absent
5 absent
6 absent
7 absent

Left
none
Best: none

Right
none
Best: none

OR-NOT
01 101111110 7
12 110101001 5
23 001110111 6
34 111011001 6
45 011100111 6
56 101111110 7
67 011111111 8
70 111101011 7 match 3

02 110111100 6
13 110100111 6
24 101011111 7
35 111011101 7
46 111100110 6
57 111111111 a
60 011111011 7
71 101111110 7

03 100110110 5
14 110011001 5
25 011010111 6
36 111011101 7
47 011111111 8
50 111111011 8
61 011111111 8
72 110101000 4

04 100111101 6
15 110000101 4
26 101010111 6
37 111011111 8
40 011101111 7
51 101111110 7
62 110111011 7
73 100100110 4

05 110110101 6
16 111000101 5
27 011011111 7
30 111011011 7
41 011111110 7
52 111111010 7
63 010111111 7
74 100111001 5

06 101110100 5 match 2
17 111011111 8
20 011011111 7
31 111111111 a
42 111101110 7
53 101111110 7
64 110111011 7
75 110100101 5

07 111111111 a
10 111001011 6
21 001111111 7 match 4
32 111111001 7 match 5
43 011100110 5 match 6
54 101111011 7 match 7
65 010111111 7
76 101100100 4

Matching output
0 absent
1 absent
2 06
3 70
4 21
5 32
6 43
7 54

Left
none
Best: none

Right
54 43 32 21 10x
Best: OR-NOT54 43 32 21: 4

XOR-NOT
01 101001010 4
12 000101001 3
23 001110001 4
34 011000000 2
45 001100011 4 match 0
56 000111110 5 match 1
67 001100100 3
70 111101011 7 match 3

02 010011100 4
13 110100111 6
24 101001110 5
35 101011100 5
46 110100010 4
57 110100101 5
60 001110000 3
71 101011110 6

03 100010010 3
14 010011000 3
25 011010010 4
36 010011101 5
47 000111001 4
50 110110001 5
61 011000101 4
72 010001000 2

04 000101101 4
15 100000100 2
26 100010011 4
37 100000110 3
40 000101101 4
51 100000100 2
62 100010011 4
73 100000110 3

05 110110001 5
16 011000101 4
27 010001000 2
30 100010010 3
41 010011000 3
52 011010010 4
63 010011101 5
74 000111001 4

06 001110000 3
17 101011110 6
20 010011100 4
31 110100111 6
42 101001110 5
53 101011100 5
64 110100010 4
75 110100101 5

07 111101011 7 match 3
10 101001010 4
21 000101001 3
32 001110001 4
43 011000000 2
54 001100011 4 match 0
65 000111110 5 match 1
76 001100100 3

Matching output
0 45 54
1 56 65
2 absent
3 70 07
4 absent
5 absent
6 absent
7 absent

Left
45 56 67x
54 65 76x
Best: XOR-NOT45 56: 2

Right
none
Best: none

Selecting

Lefts
Identity none
NOT none
Constant none
AND none
OR none
XOR none
AND-NOT none
OR-NOT none
XOR-NOT XOR-NOT45 56: 2

Rights
Identity none
NOT none
Constant none
AND none
OR none
XOR none
AND-NOT none
OR-NOT OR-NOT54 43 32 21: 4
XOR-NOT none

Left longest: 2
Right longest: 4

Right winner: Identity no, NOT no, Constant no, AND no, OR no, XOR no, AND-NOT no, OR-NOT yes, XOR-NOT no
Left winner: Identity no, NOT no, Constant no, AND no, OR no, XOR no, AND-NOT no, OR-NOT no, XOR-NOT yes

Best right: OR-NOT54 43 32 21: 4
Best left: XOR-NOT45 56: 2

Truncated right: OR-NOT54 43 32 21: 4
Truncated left: XOR-NOT45 56: 2

Tentative from right
7 OR-NOT54
6 OR-NOT43
5 OR-NOT32
4 OR-NOT21
3 pending
2 pending
1 pending
0 pending

Tentative
0 XOR-NOT45
1 XOR-NOT56
2 pending
3 pending
4 OR-NOT21
5 OR-NOT32
6 OR-NOT43
7 OR-NOT54

Preferred from right
7 OR-NOT54
6 OR-NOT43
5 OR-NOT32
4 OR-NOT21
3 ?10
2 ?07
1 XOR-NOT56
0 XOR-NOT45

Preferred from left
0 XOR-NOT45
1 XOR-NOT56
2 ?07
3 ?10
4 OR-NOT21
5 OR-NOT32
6 OR-NOT43
7 OR-NOT54

Preferred
0 XOR-NOT45
1 XOR-NOT56
2 ?07 ?70
3 ?10 ?01
4 OR-NOT21
5 OR-NOT32
6 OR-NOT43
7 OR-NOT54

Matching
0 XOR-NOT45
1 XOR-NOT56
2 ?07 ?70 - Identity absent, NOT absent, Constant absent, AND absent, OR absent, XOR absent, AND-NOT absent, OR-NOT absent, XOR-NOT absent
3 ?10 ?01 - Identity absent, NOT absent, Constant absent, AND absent, OR absent, XOR absent, AND-NOT absent, OR-NOT absent, XOR-NOT absent
4 OR-NOT21
5 OR-NOT32
6 OR-NOT43
7 OR-NOT54

Perfect match
Identity no
NOT no
Constant no
AND no
OR no
XOR no
AND-NOT no
OR-NOT no
XOR-NOT no

Matched
0 XOR-NOT45
1 XOR-NOT56
2 none
3 none
4 OR-NOT21
5 OR-NOT32
6 OR-NOT43
7 OR-NOT54

Selected
0 XOR-NOT45
1 XOR-NOT56
2 default 1
3 default 1
4 OR-NOT21
5 OR-NOT32
6 OR-NOT43
7 OR-NOT54

Applying to 11110100
Input
0 1
1 1
2 1
3 1
4 0
5 1
6 0
7 0
Output
0 XOR-NOT45 = XOR(0,NOT(1)) = 0
1 XOR-NOT56 = XOR(1,NOT(0)) = 0
2 default 1 = 1
3 default 1 = 1
4 OR-NOT21 = OR(1,NOT(1)) = 1
5 OR-NOT32 = OR(1,NOT(1)) = 1
6 OR-NOT43 = OR(0,NOT(1)) = 0
7 OR-NOT54 = OR(1,NOT(0)) = 1

I will now return the answer in \boxed{}
The answer in \boxed{–} is \boxed{00111101}
[correct]
true
