[category]
bit_manipulation
[prompt]
In Alice's Wonderland, a secret bit manipulation rule transforms 8-bit binary numbers. The transformation involves operations like bit shifts, rotations, XOR, AND, OR, NOT, and possibly majority or choice functions.

Here are some examples of input -> output:
00000000 -> 00000000
01101110 -> 00111001
00111111 -> 00111100
10110100 -> 11010010
01001101 -> 00110101
10001010 -> 00101010
00110100 -> 11010000
00101000 -> 10100000

Now, determine the output for: 00101111
[completion]
We need to deduce the transformation by matching the example outputs.
I will put my final answer inside \boxed{}.

Output 0: 00000000
0 0
1 0
2 0
3 0
4 0
5 0
6 0
7 0

Output 1: 00111001
0 0
1 0
2 1
3 1
4 1
5 0
6 0
7 1

Output 2: 00111100
0 0
1 0
2 1
3 1
4 1
5 1
6 0
7 0

Output 3: 11010010
0 1
1 1
2 0
3 1
4 0
5 0
6 1
7 0

Output 4: 00110101
0 0
1 0
2 1
3 1
4 0
5 1
6 0
7 1

Output 5: 00101010
0 0
1 0
2 1
3 0
4 1
5 0
6 1
7 0

Output 6: 11010000
0 1
1 1
2 0
3 1
4 0
5 0
6 0
7 0

Output 7: 10100000
0 1
1 0
2 1
3 0
4 0
5 0
6 0
7 0

Output bit columns (with bitsum as hash)
0 00010011 3
1 00010010 2
2 01101101 5
3 01111010 5
4 01100100 3
5 00101000 2
6 00010100 2
7 01001000 2

Input 0: 00000000
0 0
1 0
2 0
3 0
4 0
5 0
6 0
7 0

Input 1: 01101110
0 0
1 1
2 1
3 0
4 1
5 1
6 1
7 0

Input 2: 00111111
0 0
1 0
2 1
3 1
4 1
5 1
6 1
7 1

Input 3: 10110100
0 1
1 0
2 1
3 1
4 0
5 1
6 0
7 0

Input 4: 01001101
0 0
1 1
2 0
3 0
4 1
5 1
6 0
7 1

Input 5: 10001010
0 1
1 0
2 0
3 0
4 1
5 0
6 1
7 0

Input 6: 00110100
0 0
1 0
2 1
3 1
4 0
5 1
6 0
7 0

Input 7: 00101000
0 0
1 0
2 1
3 0
4 1
5 0
6 0
7 0

When matching output
x: not in operator
y: wrong position

Identity
0 00010100 2 match 6
1 01001000 2 match 7
2 01110011 5
3 00110010 3
4 01101101 5 match 2
5 01111010 5 match 3
6 01100100 3 match 4
7 00101000 2 match 5

Matching output
0 absent
1 absent
2 4
3 5
4 6
5 7
6 0
7 1

Left
none
Best: none

Right
1 0 7 6 5 4 3x
Best: I1 0 7 6 5 4: 6

NOT
0 11101011 6
1 10110111 6
2 10001100 3
3 11001101 5
4 10010010 3
5 10000101 3
6 10011011 5
7 11010111 6

Matching output
0 absent
1 absent
2 absent
3 absent
4 absent
5 absent
6 absent
7 absent

Left
none
Best: none

Right
none
Best: none

Constant
0 00000000 a
1 11111111 a

Matching output
0 absent
1 absent
2 absent
3 absent
4 absent
5 absent
6 absent
7 absent

Left
none
Best: none

Right
none
Best: none

AND
01 10 00000000 a
12 21 01000000 1
23 32 00110010 3
34 43 00100000 1
45 54 01101000 3
56 65 01100000 2
67 76 00100000 1
70 07 00000000 a

02 20 00010000 1
13 31 00000000 a
24 42 01100001 3
35 53 00110010 3
46 64 01100100 3 match 4
57 75 00101000 2 match 5
60 06 00000100 1
71 17 00001000 1

03 30 00010000 1
14 41 01001000 2 match 7
25 52 01110010 4
36 63 00100000 1
47 74 00101000 2 match 5
50 05 00010000 1
61 16 01000000 1
72 27 00100000 1

04 40 00000100 1
15 51 01001000 2 match 7
26 62 01100000 2
37 73 00100000 1

Matching output
0 absent
1 absent
2 absent
3 absent
4 46 64
5 57 75 47 74
6 absent
7 14 41 15 51

Left
none
Best: none

Right
14 03x
41 30x
15 04x
51 40x
Best: AND14: 1

OR
01 10 01011100 4
12 21 01111011 6
23 32 01110011 5
34 43 01111111 7
45 54 01111111 7
56 65 01111110 6
67 76 01101100 4
70 07 00111100 4

02 20 01110111 6
13 31 01111010 5 match 3
24 42 01111111 7
35 53 01111010 5 match 3
46 64 01101101 5 match 2
57 75 01111010 5 match 3
60 06 01110100 4
71 17 01101000 3

03 30 00110110 4
14 41 01101101 5 match 2
25 52 01111011 6
36 63 01110110 5
47 74 01101101 5 match 2
50 05 01111110 6
61 16 01101100 4
72 27 01111011 6

04 40 01111101 6
15 51 01111010 5 match 3
26 62 01110111 6
37 73 00111010 4

Matching output
0 absent
1 absent
2 46 64 14 41 47 74
3 13 31 35 53 57 75 15 51
4 absent
5 absent
6 absent
7 absent

Left
none
Best: none

Right
none
Best: none

XOR
01 10 01011100 4
12 21 00111011 5
23 32 01000001 2
34 43 01011111 6
45 54 00010111 4
56 65 00011110 4
67 76 01001100 3
70 07 00111100 4

02 20 01100111 5
13 31 01111010 5 match 3
24 42 00011110 4
35 53 01001000 2 match 7
46 64 00001001 2
57 75 01010010 3
60 06 01110000 3
71 17 01100000 2

03 30 00100110 3
14 41 00100101 3
25 52 00001001 2
36 63 01010110 4
47 74 01000101 3
50 05 01101110 5
61 16 00101100 3
72 27 01011011 5

04 40 01111001 5
15 51 00110010 3
26 62 00010111 4
37 73 00011010 3

Matching output
0 absent
1 absent
2 absent
3 13 31
4 absent
5 absent
6 absent
7 35 53

Left
none
Best: none

Right
35 24x
53 42x
Best: XOR35: 1

AND-NOT
01 00010100 2 match 6
12 00001000 1
23 01000001 2
34 00010010 2 match 1
45 00000101 2
56 00011010 3
67 01000100 2
70 00101000 2 match 5

02 00000100 1
13 01001000 2 match 7
24 00010010 2 match 1
35 00000000 a
46 00001001 2
57 01010010 3
60 01100000 2
71 00100000 1

03 00000100 1
14 00000000 a
25 00000001 1
36 00010010 2 match 1
47 01000101 3
50 01101010 4
61 00100100 2
72 00001000 1

04 00010000 1
15 00000000 a
26 00010011 3 match 0
37 00010010 2 match 1
40 01101001 4
51 00110010 3
62 00000100 1
73 00001000 1

05 00000100 1
16 00001000 1
27 01010011 4
30 00100010 2
41 00100101 3
52 00001000 1
63 01000100 2
74 00000000 a

06 00010000 1
17 01000000 1
20 01100011 4
31 00110010 3
42 00001100 2
53 01001000 2 match 7
64 00000000 a
75 00000000 a

07 00010100 2 match 6
10 01001000 2 match 7
21 00110011 4
32 00000000 a
43 01001101 4
54 00010010 2 match 1
65 00000100 1
76 00001000 1

Matching output
0 26
1 34 24 36 37 54
2 absent
3 absent
4 absent
5 70
6 01 07
7 13 53 10

Left
26 37 40x
Best: AND-NOT26 37: 2

Right
13 02x
53 42x
10 07 76x
Best: AND-NOT10 07: 2

OR-NOT
01 10110111 6
12 11001100 4
23 11111111 a
34 10110010 4
45 11101101 6
56 11111011 7
67 11110111 7
70 11101011 6

02 10011100 4
13 11001101 5
24 11110011 6
35 10110111 6
46 11111111 a
57 11111111 a
60 11101111 7
71 10111111 7

03 11011101 6
14 11011010 5
25 11110111 7
36 10111011 6
47 11111111 a
50 11111011 7
61 11110111 7
72 10101100 4

04 10010110 4
15 11001101 5
26 11111011 7
37 11110111 7
40 11101111 7
51 11111111 a
62 11101100 5
73 11101101 6

05 10010101 4
16 11011011 6
27 11110111 7
30 11111011 7
41 11111111 a
52 11111110 7
63 11101101 6
74 10111010 5

06 10011111 6
17 11011111 7
20 11111011 7
31 10110111 6
42 11101101 6
53 11111111 a
64 11110110 6
75 10101101 5

07 11010111 6
10 11101011 6
21 11110111 7
32 10111110 6
43 11101101 6
54 11111010 6
65 11100101 5
76 10111011 6

Matching output
0 absent
1 absent
2 absent
3 absent
4 absent
5 absent
6 absent
7 absent

Left
none
Best: none

Right
none
Best: none

XOR-NOT
01 10100011 4
12 11000100 3
23 10111110 6
34 10100000 2
45 11101000 4
56 11100001 4
67 10110011 5
70 11000011 4

02 10011000 3
13 10000101 3
24 11100001 4
35 10110111 6
46 11110110 6
57 10101101 5
60 10001111 5
71 10011111 6

03 11011001 5
14 11011010 5
25 11110110 6
36 10101001 4
47 10111010 5
50 10010001 3
61 11010011 5
72 10100100 3

04 10000110 3
15 11001101 5
26 11101000 4
37 11100101 5
40 10000110 3
51 11001101 5
62 11101000 4
73 11100101 5

05 10010001 3
16 11010011 5
27 10100100 3
30 11011001 5
41 11011010 5
52 11110110 6
63 10101001 4
74 10111010 5

06 10001111 5
17 10011111 6
20 10011000 3
31 10000101 3
42 11100001 4
53 10110111 6
64 11110110 6
75 10101101 5

07 11000011 4
10 10100011 4
21 11000100 3
32 10111110 6
43 10100000 2
54 11101000 4
65 11100001 4
76 10110011 5

Matching output
0 absent
1 absent
2 absent
3 absent
4 absent
5 absent
6 absent
7 absent

Left
none
Best: none

Right
none
Best: none

Selecting

Lefts
Identity none
NOT none
Constant none
AND none
OR none
XOR none
AND-NOT AND-NOT26 37: 2
OR-NOT none
XOR-NOT none

Rights
Identity I1 0 7 6 5 4: 6
NOT none
Constant none
AND AND14: 1
OR none
XOR XOR35: 1
AND-NOT AND-NOT10 07: 2
OR-NOT none
XOR-NOT none

Left longest: 2
Right longest: 6

Right winner: Identity yes, NOT no, Constant no, AND no, OR no, XOR no, AND-NOT no, OR-NOT no, XOR-NOT no
Left winner: Identity no, NOT no, Constant no, AND no, OR no, XOR no, AND-NOT yes, OR-NOT no, XOR-NOT no

Best right: I1 0 7 6 5 4: 6
Best left: AND-NOT26 37: 2

Truncated right: I1 0 7 6 5 4: 6
Truncated left: AND-NOT26 37: 2

Tentative from right
7 I1
6 I0
5 I7
4 I6
3 I5
2 I4
1 pending
0 pending

Tentative
0 AND-NOT26
1 AND-NOT37
2 I4
3 I5
4 I6
5 I7
6 I0
7 I1

Preferred from right
7 I1
6 I0
5 I7
4 I6
3 I5
2 I4
1 AND-NOT37
0 AND-NOT26

Preferred from left
0 AND-NOT26
1 AND-NOT37
2 I4
3 I5
4 I6
5 I7
6 I0
7 I1

Preferred
0 AND-NOT26
1 AND-NOT37
2 I4
3 I5
4 I6
5 I7
6 I0
7 I1

Matching
0 AND-NOT26
1 AND-NOT37
2 I4
3 I5
4 I6
5 I7
6 I0
7 I1

Perfect match
Identity no
NOT no
Constant no
AND no
OR no
XOR no
AND-NOT no
OR-NOT no
XOR-NOT no

Matched
0 AND-NOT26
1 AND-NOT37
2 I4
3 I5
4 I6
5 I7
6 I0
7 I1

Selected
0 AND-NOT26
1 AND-NOT37
2 I4
3 I5
4 I6
5 I7
6 I0
7 I1

Applying to 00101111
Input
0 0
1 0
2 1
3 0
4 1
5 1
6 1
7 1
Output
0 AND-NOT26 = AND(1,NOT(1)) = 0
1 AND-NOT37 = AND(0,NOT(1)) = 0
2 I4 = 1
3 I5 = 1
4 I6 = 1
5 I7 = 1
6 I0 = 0
7 I1 = 0

I will now return the answer in \boxed{}
The answer in \boxed{–} is \boxed{00111100}
[correct]
true
