[category]
bit_manipulation
[prompt]
In Alice's Wonderland, a secret bit manipulation rule transforms 8-bit binary numbers. The transformation involves operations like bit shifts, rotations, XOR, AND, OR, NOT, and possibly majority or choice functions.

Here are some examples of input -> output:
11111100 -> 11111111
10001111 -> 11111111
10010111 -> 01111011
11010100 -> 01101111
11101001 -> 11111110
00111111 -> 11111111
11000101 -> 01111110
10010110 -> 01101011
11100000 -> 01111110
01111100 -> 11111111

Now, determine the output for: 11001100
[completion]
We need to deduce the transformation by matching the example outputs.
I will put my final answer inside \boxed{}.

Output 0: 11111111
0 1
1 1
2 1
3 1
4 1
5 1
6 1
7 1

Output 1: 11111111
0 1
1 1
2 1
3 1
4 1
5 1
6 1
7 1

Output 2: 01111011
0 0
1 1
2 1
3 1
4 1
5 0
6 1
7 1

Output 3: 01101111
0 0
1 1
2 1
3 0
4 1
5 1
6 1
7 1

Output 4: 11111110
0 1
1 1
2 1
3 1
4 1
5 1
6 1
7 0

Output 5: 11111111
0 1
1 1
2 1
3 1
4 1
5 1
6 1
7 1

Output 6: 01111110
0 0
1 1
2 1
3 1
4 1
5 1
6 1
7 0

Output 7: 01101011
0 0
1 1
2 1
3 0
4 1
5 0
6 1
7 1

Output 8: 01111110
0 0
1 1
2 1
3 1
4 1
5 1
6 1
7 0

Output 9: 11111111
0 1
1 1
2 1
3 1
4 1
5 1
6 1
7 1

Output bit columns (with bitsum as hash)
0 1100110001 5
1 1111111111 a
2 1111111111 a
3 1110111011 8
4 1111111111 a
5 1101111011 8
6 1111111111 a
7 1111010101 7

Input 0: 11111100
0 1
1 1
2 1
3 1
4 1
5 1
6 0
7 0

Input 1: 10001111
0 1
1 0
2 0
3 0
4 1
5 1
6 1
7 1

Input 2: 10010111
0 1
1 0
2 0
3 1
4 0
5 1
6 1
7 1

Input 3: 11010100
0 1
1 1
2 0
3 1
4 0
5 1
6 0
7 0

Input 4: 11101001
0 1
1 1
2 1
3 0
4 1
5 0
6 0
7 1

Input 5: 00111111
0 0
1 0
2 1
3 1
4 1
5 1
6 1
7 1

Input 6: 11000101
0 1
1 1
2 0
3 0
4 0
5 1
6 0
7 1

Input 7: 10010110
0 1
1 0
2 0
3 1
4 0
5 1
6 1
7 0

Input 8: 11100000
0 1
1 1
2 1
3 0
4 0
5 0
6 0
7 0

Input 9: 01111100
0 0
1 1
2 1
3 1
4 1
5 1
6 0
7 0

When matching output
x: not in operator
y: wrong position

Identity
0 1111101110 8
1 1001101011 6
2 1000110011 5
3 1011010101 6
4 1100110001 5 match 0
5 1111011101 8
6 0110010100 4
7 0110111000 5

Matching output
0 4
1 absent
2 absent
3 absent
4 absent
5 absent
6 absent
7 absent

Left
4 5x
Best: I4: 1

Right
none
Best: none

NOT
0 0000010001 2
1 0110010100 4
2 0111001100 5
3 0100101010 4
4 0011001110 5
5 0000100010 2
6 1001101011 6
7 1001000111 5

Matching output
0 absent
1 absent
2 absent
3 absent
4 absent
5 absent
6 absent
7 absent

Left
none
Best: none

Right
none
Best: none

Constant
0 0000000000 a
1 1111111111 a match 1 2 4 6

Matching output
0 absent
1 C1
2 C1
3 absent
4 C1
5 absent
6 C1
7 absent

Left
none
Best: none

Right
none
Best: none

AND
01 10 1001101010 5
12 21 1000100011 4
23 32 1000010001 3
34 43 1000010001 3
45 54 1100010001 4
56 65 0110010100 4
67 76 0110010000 3
70 07 0110101000 4

02 20 1000100010 3
13 31 1001000001 3
24 42 1000110001 4
35 53 1011010101 6
46 64 0100010000 2
57 75 0110011000 4
60 06 0110000100 3
71 17 0000101000 2

03 30 1011000100 4
14 41 1000100001 3
25 52 1000010001 3
36 63 0010010100 3
47 74 0100110000 3
50 05 1111001100 6
61 16 0000000000 a
72 27 0000110000 2

04 40 1100100000 3
15 51 1001001001 4
26 62 0000010000 1
37 73 0010010000 2

Matching output
0 absent
1 absent
2 absent
3 absent
4 absent
5 absent
6 absent
7 absent

Left
none
Best: none

Right
none
Best: none

OR
01 10 1111101111 9
12 21 1001111011 7
23 32 1011110111 8
34 43 1111110101 8
45 54 1111111101 9
56 65 1111011101 8
67 76 0110111100 6
70 07 1111111110 9

02 20 1111111111 a match 1 2 4 6
13 31 1011111111 9
24 42 1100110011 6
35 53 1111011101 8
46 64 1110110101 7
57 75 1111111101 9
60 06 1111111110 9
71 17 1111111011 9

03 30 1111111111 a match 1 2 4 6
14 41 1101111011 8 match 5
25 52 1111111111 a match 1 2 4 6
36 63 1111010101 7 match 7
47 74 1110111001 7
50 05 1111111111 a match 1 2 4 6
61 16 1111111111 a match 1 2 4 6
72 27 1110111011 8 match 3

04 40 1111111111 a match 1 2 4 6
15 51 1111111111 a match 1 2 4 6
26 62 1110110111 8
37 73 1111111101 9

Matching output
0 absent
1 02 20 03 30 25 52 50 05 61 16 04 40 15 51
2 02 20 03 30 25 52 50 05 61 16 04 40 15 51
3 72 27
4 02 20 03 30 25 52 50 05 61 16 04 40 15 51
5 14 41
6 02 20 03 30 25 52 50 05 61 16 04 40 15 51
7 36 63

Left
none
Best: none

Right
36 25 14 03 72 61 50 47x
63 52 41 30 27 16 05 74x
Best: OR36 25 14 03 72 61 50: 7

XOR
01 10 0110000101 4
12 21 0001011000 3
23 32 0011100110 5
34 43 0111100100 5
45 54 0011101100 5
56 65 1001001001 4
67 76 0000101100 3
70 07 1001010110 5

02 20 0111011101 7
13 31 0010111110 6
24 42 0100000010 2
35 53 0100001000 2
46 64 1010100101 5
57 75 1001100101 5
60 06 1001111010 6
71 17 1111010011 7

03 30 0100111011 6
14 41 0101011010 5
25 52 0111101110 7
36 63 1101000001 4
47 74 1010001001 4
50 05 0000110011 4
61 16 1111111111 a match 1 2 4 6
72 27 1110001011 6

04 40 0011011111 7
15 51 0110110110 6
26 62 1110100111 7
37 73 1101101101 7

Matching output
0 absent
1 61 16
2 61 16
3 absent
4 61 16
5 absent
6 61 16
7 absent

Left
none
Best: none

Right
none
Best: none

AND-NOT
01 0110000100 3
12 0001001000 2
23 0000100010 2
34 0011000100 3
45 0000100000 1
56 1001001001 4
67 0000000100 1
70 0000010000 1

02 0111001100 5
13 0000101010 3
24 0000000010 1
35 0000000000 a
46 1000100001 3
57 1001000101 4
60 0000010000 1
71 0110010000 3

03 0100101010 4
14 0001001010 3
25 0000100010 2
36 1001000001 3
47 1000000001 2
50 0000010001 2
61 0110010100 4
72 0110001000 3

04 0011001110 5
15 0000100010 2
26 1000100011 4
37 1001000101 4
40 0000010001 2
51 0110010100 4
62 0110000100 3
73 0100101000 3

05 0000100010 2
16 1001101011 6
27 1000000011 3
30 0000010001 2
41 0100010000 2
52 0111001100 5
63 0100000000 1
74 0010001000 2

06 1001101010 5
17 1001000011 4
20 0000010001 2
31 0010010100 3
42 0100000000 1
53 0100001000 2
64 0010000100 2
75 0000100000 1

07 1001000110 4
10 0000000001 1
21 0000010000 1
32 0011000100 3
43 0100100000 2
54 0011001100 4
65 0000000000 a
76 0000101000 2

Matching output
0 absent
1 absent
2 absent
3 absent
4 absent
5 absent
6 absent
7 absent

Left
none
Best: none

Right
none
Best: none

OR-NOT
01 1111111110 9
12 1111101111 9
23 1100111011 7
34 1011011111 8
45 1100110011 6
56 1111111111 a match 1 2 4 6
67 1111010111 8
70 0110111001 6

02 1111101110 8
13 1101101011 7
24 1011111111 9
35 1011110111 8
46 1101111011 8 match 5
57 1111011111 9
60 0110010101 5
71 0110111100 6

03 1111101110 8
14 1011101111 8
25 1000110011 5
36 1011111111 9
47 1101110111 8
50 1111011101 8
61 0110010100 4
72 0111111100 7

04 1111101110 8
15 1001101011 6
26 1001111011 7
37 1011010111 7
40 1100110001 5 match 0
51 1111011101 8
62 0111011100 6
73 0110111010 6

05 1111101110 8
16 1001101011 6
27 1001110111 7
30 1011010101 6
41 1110110101 7
52 1111011101 8
63 0110111110 7
74 0111111110 8

06 1111101111 9
17 1001101111 7
20 1000110011 5
31 1111010101 7 match 7
42 1111111101 9
53 1111111111 a match 1 2 4 6
64 0111011110 7
75 0110111010 6

07 1111101111 9
10 1001111011 7
21 1110110111 8
32 1111011101 8
43 1100111011 7
54 1111011111 9
65 0110110110 6
76 1111111011 9

Matching output
0 40
1 56 53
2 56 53
3 absent
4 56 53
5 46
6 56 53
7 31

Left
40 51x
Best: OR-NOT40: 1

Right
31 20x
Best: OR-NOT31: 1

XOR-NOT
01 1001111010 6
12 1110100111 7
23 1100011001 5
34 1000011011 5
45 1100010011 5
56 0110110110 6
67 1111010011 7
70 0110101001 5

02 1000100010 3
13 1101000001 4
24 1011111101 8
35 1011110111 8
46 0101011010 5
57 0110011010 5
60 0110000101 4
71 0000101100 3

03 1011000100 4
14 1010100101 5
25 1000010001 3
36 0010111110 6
47 0101110110 6
50 1111001100 6
61 0000000000 a
72 0001110100 4

04 1100100000 3
15 1001001001 4
26 0001011000 3
37 0010010010 3
40 1100100000 3
51 1001001001 4
62 0001011000 3
73 0010010010 3

05 1111001100 6
16 0000000000 a
27 0001110100 4
30 1011000100 4
41 1010100101 5
52 1000010001 3
63 0010111110 6
74 0101110110 6

06 0110000101 4
17 0000101100 3
20 1000100010 3
31 1101000001 4
42 1011111101 8
53 1011110111 8
64 0101011010 5
75 0110011010 5

07 0110101001 5
10 1001111010 6
21 1110100111 7
32 1100011001 5
43 1000011011 5
54 1100010011 5
65 0110110110 6
76 1111010011 7

Matching output
0 absent
1 absent
2 absent
3 absent
4 absent
5 absent
6 absent
7 absent

Left
none
Best: none

Right
none
Best: none

Selecting

Lefts
Identity I4: 1
NOT none
Constant none
AND none
OR none
XOR none
AND-NOT none
OR-NOT OR-NOT40: 1
XOR-NOT none

Rights
Identity none
NOT none
Constant none
AND none
OR OR36 25 14 03 72 61 50: 7
XOR none
AND-NOT none
OR-NOT OR-NOT31: 1
XOR-NOT none

Left longest: 1
Right longest: 7

Right winner: Identity no, NOT no, Constant no, AND no, OR yes, XOR no, AND-NOT no, OR-NOT no, XOR-NOT no
Left winner: Identity yes, NOT no, Constant no, AND no, OR no, XOR no, AND-NOT no, OR-NOT no, XOR-NOT no

Best right: OR36 25 14 03 72 61 50: 7
Best left: I4: 1

Truncated right: OR36 25 14 03 72 61 50: 7
Truncated left: I4: 1

Tentative from right
7 OR36
6 OR25
5 OR14
4 OR03
3 OR72
2 OR61
1 OR50
0 pending

Tentative
0 I4
1 OR50
2 OR61
3 OR72
4 OR03
5 OR14
6 OR25
7 OR36

Preferred from right
7 OR36
6 OR25
5 OR14
4 OR03
3 OR72
2 OR61
1 OR50
0 I4

Preferred from left
0 I4
1 OR50
2 OR61
3 OR72
4 OR03
5 OR14
6 OR25
7 OR36

Preferred
0 I4
1 OR50
2 OR61
3 OR72
4 OR03
5 OR14
6 OR25
7 OR36

Matching
0 I4
1 OR50
2 OR61
3 OR72
4 OR03
5 OR14
6 OR25
7 OR36

Perfect match
Identity no
NOT no
Constant no
AND no
OR no
XOR no
AND-NOT no
OR-NOT no
XOR-NOT no

Matched
0 I4
1 OR50
2 OR61
3 OR72
4 OR03
5 OR14
6 OR25
7 OR36

Selected
0 I4
1 OR50
2 OR61
3 OR72
4 OR03
5 OR14
6 OR25
7 OR36

Applying to 11001100
Input
0 1
1 1
2 0
3 0
4 1
5 1
6 0
7 0
Output
0 I4 = 1
1 OR50 = OR(1,1) = 1
2 OR61 = OR(0,1) = 1
3 OR72 = OR(0,0) = 0
4 OR03 = OR(1,0) = 1
5 OR14 = OR(1,1) = 1
6 OR25 = OR(0,1) = 1
7 OR36 = OR(0,0) = 0

I will now return the answer in \boxed{}
The answer in \boxed{–} is \boxed{11101110}
[correct]
true
