[category]
bit_manipulation
[prompt]
In Alice's Wonderland, a secret bit manipulation rule transforms 8-bit binary numbers. The transformation involves operations like bit shifts, rotations, XOR, AND, OR, NOT, and possibly majority or choice functions.

Here are some examples of input -> output:
01001100 -> 10111011
00100001 -> 11001101
00110011 -> 10101110
01010000 -> 11111010
11101100 -> 10111101
00010001 -> 11001110
00000110 -> 01011111
10111101 -> 10010111
01010110 -> 01011010
11011110 -> 11011011

Now, determine the output for: 01101100
[completion]
We need to deduce the transformation by matching the example outputs.
I will put my final answer inside \boxed{}.

Output 0: 10111011
0 1
1 0
2 1
3 1
4 1
5 0
6 1
7 1

Output 1: 11001101
0 1
1 1
2 0
3 0
4 1
5 1
6 0
7 1

Output 2: 10101110
0 1
1 0
2 1
3 0
4 1
5 1
6 1
7 0

Output 3: 11111010
0 1
1 1
2 1
3 1
4 1
5 0
6 1
7 0

Output 4: 10111101
0 1
1 0
2 1
3 1
4 1
5 1
6 0
7 1

Output 5: 11001110
0 1
1 1
2 0
3 0
4 1
5 1
6 1
7 0

Output 6: 01011111
0 0
1 1
2 0
3 1
4 1
5 1
6 1
7 1

Output 7: 10010111
0 1
1 0
2 0
3 1
4 0
5 1
6 1
7 1

Output 8: 01011010
0 0
1 1
2 0
3 1
4 1
5 0
6 1
7 0

Output 9: 11011011
0 1
1 1
2 0
3 1
4 1
5 0
6 1
7 1

Output bit columns (with bitsum as hash)
0 1111110101 8
1 0101011011 6
2 1011100000 4
3 1001101111 7
4 1111111011 9
5 0110111100 6
6 1011011111 8
7 1100101101 6

Input 0: 01001100
0 0
1 1
2 0
3 0
4 1
5 1
6 0
7 0

Input 1: 00100001
0 0
1 0
2 1
3 0
4 0
5 0
6 0
7 1

Input 2: 00110011
0 0
1 0
2 1
3 1
4 0
5 0
6 1
7 1

Input 3: 01010000
0 0
1 1
2 0
3 1
4 0
5 0
6 0
7 0

Input 4: 11101100
0 1
1 1
2 1
3 0
4 1
5 1
6 0
7 0

Input 5: 00010001
0 0
1 0
2 0
3 1
4 0
5 0
6 0
7 1

Input 6: 00000110
0 0
1 0
2 0
3 0
4 0
5 1
6 1
7 0

Input 7: 10111101
0 1
1 0
2 1
3 1
4 1
5 1
6 0
7 1

Input 8: 01010110
0 0
1 1
2 0
3 1
4 0
5 1
6 1
7 0

Input 9: 11011110
0 1
1 1
2 0
3 1
4 1
5 1
6 1
7 0

When matching output
x: not in operator
y: wrong position

Identity
0 0000100101 3
1 1001100011 5
2 0110100100 4
3 0011010111 6
4 1000100101 4
5 1000101111 6
6 0010001011 4
7 0110010100 4

Matching output
0 absent
1 absent
2 absent
3 absent
4 absent
5 absent
6 absent
7 absent

Left
none
Best: none

Right
none
Best: none

NOT
0 1111011010 7
1 0110011100 5
2 1001011011 6
3 1100101000 4
4 0111011010 6
5 0111010000 4
6 1101110100 6
7 1001101011 6

Matching output
0 absent
1 absent
2 absent
3 absent
4 absent
5 absent
6 absent
7 absent

Left
none
Best: none

Right
none
Best: none

Constant
0 0000000000 a
1 1111111111 a

Matching output
0 absent
1 absent
2 absent
3 absent
4 absent
5 absent
6 absent
7 absent

Left
none
Best: none

Right
none
Best: none

AND
01 10 0000100001 2
12 21 0000100000 1
23 32 0010000100 2
34 43 0000000101 2
45 54 1000100101 4
56 65 0000001011 3
67 76 0010000000 1
70 07 0000000100 1

02 20 0000100100 2
13 31 0001000011 3
24 42 0000100100 2
35 53 0000000111 3
46 64 0000000001 1
57 75 0000000100 1
60 06 0000000001 1
71 17 0000000000 a

03 30 0000000101 2
14 41 1000100001 3
25 52 0000100100 2
36 63 0010000011 3
47 74 0000000100 1
50 05 0000100101 3
61 16 0000000011 2
72 27 0110000100 3

04 40 0000100101 3
15 51 1000100011 4
26 62 0010000000 1
37 73 0010010100 3

Matching output
0 absent
1 absent
2 absent
3 absent
4 absent
5 absent
6 absent
7 absent

Left
none
Best: none

Right
none
Best: none

OR
01 10 1001100111 6
12 21 1111100111 8
23 32 0111110111 8
34 43 1011110111 8
45 54 1000101111 6
56 65 1010101111 7
67 76 0110011111 7
70 07 0110110101 6

02 20 0110100101 5
13 31 1011110111 8
24 42 1110100101 6
35 53 1011111111 9
46 64 1010101111 7
57 75 1110111111 9
60 06 0010101111 6
71 17 1111110111 9

03 30 0011110111 7
14 41 1001100111 6
25 52 1110101111 8
36 63 0011011111 7
47 74 1110110101 7
50 05 1000101111 6
61 16 1011101011 7
72 27 0110110100 5

04 40 1000100101 4
15 51 1001101111 7 match 3
26 62 0110101111 7
37 73 0111010111 7

Matching output
0 absent
1 absent
2 absent
3 15 51
4 absent
5 absent
6 absent
7 absent

Left
none
Best: none

Right
none
Best: none

XOR
01 10 1001000110 4
12 21 1111000111 7
23 32 0101110011 6
34 43 1011110010 6
45 54 0000001010 2
56 65 1010100100 4
67 76 0100011111 6
70 07 0110110001 5

02 20 0110000001 3
13 31 1010110100 5
24 42 1110000001 4
35 53 1011111000 6
46 64 1010101110 6
57 75 1110111011 8
60 06 0010101110 5
71 17 1111110111 9

03 30 0011110010 5
14 41 0001000110 3
25 52 1110001011 6
36 63 0001011100 4
47 74 1110110001 6
50 05 1000001010 3
61 16 1011101000 5
72 27 0000110000 2

04 40 1000000000 1
15 51 0001001100 3
26 62 0100101111 6
37 73 0101000011 4

Matching output
0 absent
1 absent
2 absent
3 absent
4 absent
5 absent
6 absent
7 absent

Left
none
Best: none

Right
none
Best: none

AND-NOT
01 0000000100 1
12 1001000011 4
23 0100100000 2
34 0011010010 4
45 0000000000 a
56 1000100100 3
67 0000001011 3
70 0110010000 3

02 0000000001 1
13 1000100000 2
24 0110000000 2
35 0011010000 3
46 1000100100 3
57 1000101011 5
60 0010001010 3
71 0110010100 4

03 0000100000 1
14 0001000010 2
25 0110000000 2
36 0001010100 3
47 1000100001 3
50 1000001010 3
61 0010001000 2
72 0000010000 1

04 0000000000 a
15 0001000000 1
26 0100100100 3
37 0001000011 3
40 1000000000 1
51 0000001100 2
62 0000001011 3
73 0100000000 1

05 0000000000 a
16 1001100000 3
27 0000100000 1
30 0011010010 4
41 0000000100 1
52 1000001011 4
63 0000001000 1
74 0110010000 3

06 0000100100 2
17 1001100011 5
20 0110000000 2
31 0010010100 3
42 1000000001 2
53 1000101000 3
64 0010001010 3
75 0110010000 3

07 0000100001 2
10 1001000010 3
21 0110000100 3
32 0001010011 4
43 1000100000 2
54 0000001010 2
65 0010000000 1
76 0100010100 3

Matching output
0 absent
1 absent
2 absent
3 absent
4 absent
5 absent
6 absent
7 absent

Left
none
Best: none

Right
none
Best: none

OR-NOT
01 0110111101 7
12 1001111011 7
23 1110101100 6
34 0111011111 8
45 1111110101 8 match 0
56 1101111111 9
67 1011101011 7
70 1111011110 8

02 1001111111 8
13 1101101011 7
24 0111111110 8
35 0111010111 7
46 1101110101 7
57 1001101111 7 match 3
60 1111011011 8
71 0110011100 5

03 1100101101 6 match 7
14 1111111011 9 match 4
25 0111110100 6
36 1111110111 9
47 1001101111 7 match 3
50 1111111111 a
61 0110011111 7
72 1111011111 9

04 0111111111 9
15 1111110011 8
26 1111110100 7
37 1011111111 9
40 1111111111 a
51 1110111111 9
62 1011011011 7
73 1110111100 7

05 0111110101 7
16 1101110111 8
27 1111101111 9
30 1111011111 9
41 1110111101 8
52 1001111111 8
63 1110101011 7
74 0111011110 7

06 1101110101 7
17 1001101011 6
20 1111111110 9
31 0111011111 8
42 1001111111 8
53 1100101111 7
64 0111011011 7
75 0111010100 5

07 1001101111 7 match 3
10 1111111011 9 match 4
21 0110111100 6 match 5
32 1011011111 8 match 6
43 1100101101 6 match 7
54 1111111111 a
65 0111011011 7
76 1111110100 7

Matching output
0 45
1 absent
2 absent
3 57 47 07
4 14 10
5 21
6 32
7 03 43

Left
45 56x
Best: OR-NOT45: 1

Right
03 72x
43 32 21 10 07 76x
Best: OR-NOT43 32 21 10 07: 5

XOR-NOT
01 0110111001 6
12 0000111000 3
23 1010001100 4
34 0100001101 4
45 1111110101 8 match 0
56 0101011011 6 match 1
67 1011100000 4 match 2
70 1001001110 5

02 1001111110 7
13 0101001011 5
24 0001111110 6
35 0100000111 4
46 0101010001 4
57 0001000100 2
60 1101010001 5
71 0000001000 1

03 1100001101 5
14 1110111001 7
25 0001110100 4
36 1110100011 6
47 0001001110 4
50 0111110101 7
61 0100010111 5
72 1111001111 8

04 0111111111 9
15 1110110011 7
26 1011010000 4
37 1010111100 6
40 0111111111 9
51 1110110011 7
62 1011010000 4
73 1010111100 6

05 0111110101 7
16 0100010111 5
27 1111001111 8
30 1100001101 5
41 1110111001 7
52 0001110100 4
63 1110100011 6
74 0001001110 4

06 1101010001 5
17 0000001000 1
20 1001111110 7
31 0101001011 5
42 0001111110 6
53 0100000111 4
64 0101010001 4
75 0001000100 2

07 1001001110 5
10 0110111001 6
21 0000111000 3
32 1010001100 4
43 0100001101 4
54 1111110101 8 match 0
65 0101011011 6 match 1
76 1011100000 4 match 2

Matching output
0 45 54
1 56 65
2 67 76
3 absent
4 absent
5 absent
6 absent
7 absent

Left
45 56 67 70x
54 65 76 07x
Best: XOR-NOT45 56 67: 3

Right
none
Best: none

Selecting

Lefts
Identity none
NOT none
Constant none
AND none
OR none
XOR none
AND-NOT none
OR-NOT OR-NOT45: 1
XOR-NOT XOR-NOT45 56 67: 3

Rights
Identity none
NOT none
Constant none
AND none
OR none
XOR none
AND-NOT none
OR-NOT OR-NOT43 32 21 10 07: 5
XOR-NOT none

Left longest: 3
Right longest: 5

Right winner: Identity no, NOT no, Constant no, AND no, OR no, XOR no, AND-NOT no, OR-NOT yes, XOR-NOT no
Left winner: Identity no, NOT no, Constant no, AND no, OR no, XOR no, AND-NOT no, OR-NOT no, XOR-NOT yes

Best right: OR-NOT43 32 21 10 07: 5
Best left: XOR-NOT45 56 67: 3

Truncated right: OR-NOT43 32 21 10 07: 5
Truncated left: XOR-NOT45 56 67: 3

Tentative from right
7 OR-NOT43
6 OR-NOT32
5 OR-NOT21
4 OR-NOT10
3 OR-NOT07
2 pending
1 pending
0 pending

Tentative
0 XOR-NOT45
1 XOR-NOT56
2 XOR-NOT67
3 OR-NOT07
4 OR-NOT10
5 OR-NOT21
6 OR-NOT32
7 OR-NOT43

Preferred from right
7 OR-NOT43
6 OR-NOT32
5 OR-NOT21
4 OR-NOT10
3 OR-NOT07
2 XOR-NOT67
1 XOR-NOT56
0 XOR-NOT45

Preferred from left
0 XOR-NOT45
1 XOR-NOT56
2 XOR-NOT67
3 OR-NOT07
4 OR-NOT10
5 OR-NOT21
6 OR-NOT32
7 OR-NOT43

Preferred
0 XOR-NOT45
1 XOR-NOT56
2 XOR-NOT67
3 OR-NOT07
4 OR-NOT10
5 OR-NOT21
6 OR-NOT32
7 OR-NOT43

Matching
0 XOR-NOT45
1 XOR-NOT56
2 XOR-NOT67
3 OR-NOT07
4 OR-NOT10
5 OR-NOT21
6 OR-NOT32
7 OR-NOT43

Perfect match
Identity no
NOT no
Constant no
AND no
OR no
XOR no
AND-NOT no
OR-NOT no
XOR-NOT no

Matched
0 XOR-NOT45
1 XOR-NOT56
2 XOR-NOT67
3 OR-NOT07
4 OR-NOT10
5 OR-NOT21
6 OR-NOT32
7 OR-NOT43

Selected
0 XOR-NOT45
1 XOR-NOT56
2 XOR-NOT67
3 OR-NOT07
4 OR-NOT10
5 OR-NOT21
6 OR-NOT32
7 OR-NOT43

Applying to 01101100
Input
0 0
1 1
2 1
3 0
4 1
5 1
6 0
7 0
Output
0 XOR-NOT45 = XOR(1,NOT(1)) = 1
1 XOR-NOT56 = XOR(1,NOT(0)) = 0
2 XOR-NOT67 = XOR(0,NOT(0)) = 1
3 OR-NOT07 = OR(0,NOT(0)) = 1
4 OR-NOT10 = OR(1,NOT(0)) = 1
5 OR-NOT21 = OR(1,NOT(1)) = 1
6 OR-NOT32 = OR(0,NOT(1)) = 0
7 OR-NOT43 = OR(1,NOT(0)) = 1

I will now return the answer in \boxed{}
The answer in \boxed{–} is \boxed{10111101}
[correct]
true
