[category]
bit_manipulation
[prompt]
In Alice's Wonderland, a secret bit manipulation rule transforms 8-bit binary numbers. The transformation involves operations like bit shifts, rotations, XOR, AND, OR, NOT, and possibly majority or choice functions.

Here are some examples of input -> output:
01101101 -> 11101011
00000001 -> 10001000
01000000 -> 00000010
00010000 -> 10000000
10110010 -> 10010101
10001110 -> 01110100
00010111 -> 10111000

Now, determine the output for: 11011011
[completion]
We need to deduce the transformation by matching the example outputs.
I will put my final answer inside \boxed{}.

Output 0: 11101011
0 1
1 1
2 1
3 0
4 1
5 0
6 1
7 1

Output 1: 10001000
0 1
1 0
2 0
3 0
4 1
5 0
6 0
7 0

Output 2: 00000010
0 0
1 0
2 0
3 0
4 0
5 0
6 1
7 0

Output 3: 10000000
0 1
1 0
2 0
3 0
4 0
5 0
6 0
7 0

Output 4: 10010101
0 1
1 0
2 0
3 1
4 0
5 1
6 0
7 1

Output 5: 01110100
0 0
1 1
2 1
3 1
4 0
5 1
6 0
7 0

Output 6: 10111000
0 1
1 0
2 1
3 1
4 1
5 0
6 0
7 0

Output bit columns (with bitsum as hash)
0 1101101 5
1 1000010 2
2 1000011 3
3 0000111 3
4 1100001 3
5 0000110 2
6 1010000 2
7 1000100 2

Input 0: 01101101
0 0
1 1
2 1
3 0
4 1
5 1
6 0
7 1

Input 1: 00000001
0 0
1 0
2 0
3 0
4 0
5 0
6 0
7 1

Input 2: 01000000
0 0
1 1
2 0
3 0
4 0
5 0
6 0
7 0

Input 3: 00010000
0 0
1 0
2 0
3 1
4 0
5 0
6 0
7 0

Input 4: 10110010
0 1
1 0
2 1
3 1
4 0
5 0
6 1
7 0

Input 5: 10001110
0 1
1 0
2 0
3 0
4 1
5 1
6 1
7 0

Input 6: 00010111
0 0
1 0
2 0
3 1
4 0
5 1
6 1
7 1

When matching output
x: not in operator
y: wrong position

Identity
0 0000110 2 match 5
1 1010000 2 match 6
2 1000100 2 match 7
3 0001101 3
4 1000010 2 match 1
5 1000011 3 match 2
6 0000111 3 match 3
7 1100001 3 match 4

Matching output
0 absent
1 4
2 5
3 6
4 7
5 0
6 1
7 2

Left
none
Best: none

Right
2 1 0 7 6 5 4 3x
Best: I2 1 0 7 6 5 4: 7

NOT
0 1111001 5
1 0101111 5
2 0111011 5
3 1110010 4
4 0111101 5
5 0111100 4
6 1111000 4
7 0011110 4

Matching output
0 absent
1 absent
2 absent
3 absent
4 absent
5 absent
6 absent
7 absent

Left
none
Best: none

Right
none
Best: none

Constant
0 0000000 a
1 1111111 a

Matching output
0 absent
1 absent
2 absent
3 absent
4 absent
5 absent
6 absent
7 absent

Left
none
Best: none

Right
none
Best: none

AND
01 10 0000000 a
12 21 1000000 1
23 32 0000100 1
34 43 0000000 a
45 54 1000010 2 match 1
56 65 0000011 2
67 76 0000001 1
70 07 0000000 a

02 20 0000100 1
13 31 0000000 a
24 42 1000000 1
35 53 0000001 1
46 64 0000010 1
57 75 1000001 2
60 06 0000110 2 match 5
71 17 1000000 1

03 30 0000100 1
14 41 1000000 1
25 52 1000000 1
36 63 0000101 2
47 74 1000000 1
50 05 0000010 1
61 16 0000000 a
72 27 1000000 1

04 40 0000010 1
15 51 1000000 1
26 62 0000100 1
37 73 0000001 1

Matching output
0 absent
1 45 54
2 absent
3 absent
4 absent
5 60 06
6 absent
7 absent

Left
none
Best: none

Right
none
Best: none

OR
01 10 1010110 4
12 21 1010100 3
23 32 1001101 4
34 43 1001111 5
45 54 1000011 3 match 2
56 65 1000111 4
67 76 1100111 5
70 07 1100111 5

02 20 1000110 3
13 31 1011101 5
24 42 1000110 3
35 53 1001111 5
46 64 1000111 4
57 75 1100011 4
60 06 0000111 3 match 3
71 17 1110001 4

03 30 0001111 4
14 41 1010010 3
25 52 1000111 4
36 63 0001111 4
47 74 1100011 4
50 05 1000111 4
61 16 1010111 5
72 27 1100101 4

04 40 1000110 3
15 51 1010011 4
26 62 1000111 4
37 73 1101101 5 match 0

Matching output
0 37 73
1 absent
2 45 54
3 60 06
4 absent
5 absent
6 absent
7 absent

Left
37 40x
73 04x
Best: OR37: 1

Right
none
Best: none

XOR
01 10 1010110 4
12 21 0010100 2
23 32 1001001 3
34 43 1001111 5
45 54 0000001 1
56 65 1000100 2 match 7
67 76 1100110 4
70 07 1100111 5

02 20 1000010 2 match 1
13 31 1011101 5
24 42 0000110 2 match 5
35 53 1001110 4
46 64 1000101 3
57 75 0100010 2
60 06 0000001 1
71 17 0110001 3

03 30 0001011 3
14 41 0010010 2
25 52 0000111 3 match 3
36 63 0001010 2
47 74 0100011 3
50 05 1000101 3
61 16 1010111 5
72 27 0100101 3

04 40 1000100 2 match 7
15 51 0010011 3
26 62 1000011 3 match 2
37 73 1101100 4

Matching output
0 absent
1 02 20
2 26 62
3 25 52
4 absent
5 24 42
6 absent
7 56 65 04 40

Left
none
Best: none

Right
56 45x
65 54x
04 73x
40 37x
Best: XOR56: 1

AND-NOT
01 0000110 2 match 5
12 0010000 1
23 1000000 1
34 0001101 3
45 0000000 a
56 1000000 1
67 0000110 2 match 5
70 1100001 3 match 4

02 0000010 1
13 1010000 2 match 6
24 0000100 1
35 0001100 2
46 1000000 1
57 0000010 1
60 0000001 1
71 0100001 2

03 0000010 1
14 0010000 1
25 0000100 1
36 0001000 1
47 0000010 1
50 1000001 2
61 0000111 3 match 3
72 0100001 2

04 0000100 1
15 0010000 1
26 1000000 1
37 0001100 2
40 1000000 1
51 0000011 2
62 0000011 2
73 1100000 2

05 0000100 1
16 1010000 2 match 6
27 0000100 1
30 0001001 2
41 0000010 1
52 0000011 2
63 0000010 1
74 0100001 2

06 0000000 a
17 0010000 1
20 1000000 1
31 0001101 3
42 0000010 1
53 1000010 2 match 1
64 0000101 2
75 0100000 1

07 0000110 2 match 5
10 1010000 2 match 6
21 0000100 1
32 0001001 2
43 1000010 2 match 1
54 0000001 1
65 0000100 1
76 1100000 2

Matching output
0 absent
1 53 43
2 absent
3 61
4 70
5 01 67 07
6 13 16 10
7 absent

Left
none
Best: none

Right
none
Best: none

OR-NOT
01 0101111 5
12 1111011 6
23 1110110 5
34 0111101 5
45 1111110 6
56 1111011 6
67 0011111 5
70 1111001 5

02 0111111 6
13 1110010 4
24 1111101 6
35 0111101 5
46 1111010 5
57 1011111 6
60 1111111 a
71 1101111 6

03 1110110 5
14 1111101 6
25 1111100 5
36 1111101 6
47 1011110 5
50 1111011 6
61 0101111 5
72 1111011 6

04 0111111 6
15 1111100 5
26 1111100 5
37 0011111 5
40 1111011 6
51 1101111 6
62 0111111 6
73 1110011 5

05 0111110 5
16 1111000 4
27 1011110 5
30 1111101 6
41 1101111 6
52 1111011 6
63 1110111 6
74 1111101 6

06 1111110 6
17 1011110 5
20 1111101 6
31 0101111 5
42 1111011 6
53 1110011 5
64 0111111 6
75 1111101 6

07 0011110 4
10 1111001 5
21 1101111 6
32 0111111 6
43 1110010 4
54 1111111 a
65 0111111 6
76 1111001 5

Matching output
0 absent
1 absent
2 absent
3 absent
4 absent
5 absent
6 absent
7 absent

Left
none
Best: none

Right
none
Best: none

XOR-NOT
01 0101001 3
12 1101011 5
23 0110110 4
34 0110000 2
45 1111110 6
56 0111011 5
67 0011001 3
70 0011000 2

02 0111101 5
13 0100010 2
24 1111001 5
35 0110001 3
46 0111010 4
57 1011101 5
60 1111110 6
71 1001110 4

03 1110100 4
14 1101101 5 match 0
25 1111000 4
36 1110101 5
47 1011100 4
50 0111010 4
61 0101000 2
72 1011010 4

04 0111011 5
15 1101100 4
26 0111100 4
37 0010011 3
40 0111011 5
51 1101100 4
62 0111100 4
73 0010011 3

05 0111010 4
16 0101000 2
27 1011010 4
30 1110100 4
41 1101101 5 match 0
52 1111000 4
63 1110101 5
74 1011100 4

06 1111110 6
17 1001110 4
20 0111101 5
31 0100010 2
42 1111001 5
53 0110001 3
64 0111010 4
75 1011101 5

07 0011000 2
10 0101001 3
21 1101011 5
32 0110110 4
43 0110000 2
54 1111110 6
65 0111011 5
76 0011001 3

Matching output
0 14 41
1 absent
2 absent
3 absent
4 absent
5 absent
6 absent
7 absent

Left
14 25x
41 52x
Best: XOR-NOT14: 1

Right
none
Best: none

Selecting

Lefts
Identity none
NOT none
Constant none
AND none
OR OR37: 1
XOR none
AND-NOT none
OR-NOT none
XOR-NOT XOR-NOT14: 1

Rights
Identity I2 1 0 7 6 5 4: 7
NOT none
Constant none
AND none
OR none
XOR XOR56: 1
AND-NOT none
OR-NOT none
XOR-NOT none

Left longest: 1
Right longest: 7

Right winner: Identity yes, NOT no, Constant no, AND no, OR no, XOR no, AND-NOT no, OR-NOT no, XOR-NOT no
Left winner: Identity no, NOT no, Constant no, AND no, OR yes, XOR no, AND-NOT no, OR-NOT no, XOR-NOT no

Best right: I2 1 0 7 6 5 4: 7
Best left: OR37: 1

Truncated right: I2 1 0 7 6 5 4: 7
Truncated left: OR37: 1

Tentative from right
7 I2
6 I1
5 I0
4 I7
3 I6
2 I5
1 I4
0 pending

Tentative
0 OR37
1 I4
2 I5
3 I6
4 I7
5 I0
6 I1
7 I2

Preferred from right
7 I2
6 I1
5 I0
4 I7
3 I6
2 I5
1 I4
0 OR37

Preferred from left
0 OR37
1 I4
2 I5
3 I6
4 I7
5 I0
6 I1
7 I2

Preferred
0 OR37
1 I4
2 I5
3 I6
4 I7
5 I0
6 I1
7 I2

Matching
0 OR37
1 I4
2 I5
3 I6
4 I7
5 I0
6 I1
7 I2

Perfect match
Identity no
NOT no
Constant no
AND no
OR no
XOR no
AND-NOT no
OR-NOT no
XOR-NOT no

Matched
0 OR37
1 I4
2 I5
3 I6
4 I7
5 I0
6 I1
7 I2

Selected
0 OR37
1 I4
2 I5
3 I6
4 I7
5 I0
6 I1
7 I2

Applying to 11011011
Input
0 1
1 1
2 0
3 1
4 1
5 0
6 1
7 1
Output
0 OR37 = OR(1,1) = 1
1 I4 = 1
2 I5 = 0
3 I6 = 1
4 I7 = 1
5 I0 = 1
6 I1 = 1
7 I2 = 0

I will now return the answer in \boxed{}
The answer in \boxed{–} is \boxed{11011110}
[correct]
true
