[category]
bit_manipulation
[prompt]
In Alice's Wonderland, a secret bit manipulation rule transforms 8-bit binary numbers. The transformation involves operations like bit shifts, rotations, XOR, AND, OR, NOT, and possibly majority or choice functions.

Here are some examples of input -> output:
11110011 -> 01111111
11001000 -> 00011001
10010011 -> 01110011
11011000 -> 00011011
11101100 -> 10011101
00110011 -> 01100110
10010110 -> 11010011
01110011 -> 01101110
11010001 -> 00111011

Now, determine the output for: 01111010
[completion]
We need to deduce the transformation by matching the example outputs.
I will put my final answer inside \boxed{}.

Output 0: 01111111
0 0
1 1
2 1
3 1
4 1
5 1
6 1
7 1

Output 1: 00011001
0 0
1 0
2 0
3 1
4 1
5 0
6 0
7 1

Output 2: 01110011
0 0
1 1
2 1
3 1
4 0
5 0
6 1
7 1

Output 3: 00011011
0 0
1 0
2 0
3 1
4 1
5 0
6 1
7 1

Output 4: 10011101
0 1
1 0
2 0
3 1
4 1
5 1
6 0
7 1

Output 5: 01100110
0 0
1 1
2 1
3 0
4 0
5 1
6 1
7 0

Output 6: 11010011
0 1
1 1
2 0
3 1
4 0
5 0
6 1
7 1

Output 7: 01101110
0 0
1 1
2 1
3 0
4 1
5 1
6 1
7 0

Output 8: 00111011
0 0
1 0
2 1
3 1
4 1
5 0
6 1
7 1

Output bit columns (with bitsum as hash)
0 000010100 2
1 101001110 5
2 101001011 5
3 111110101 7
4 110110011 6
5 100011010 4
6 101101111 7
7 111110101 7

Input 0: 11110011
0 1
1 1
2 1
3 1
4 0
5 0
6 1
7 1

Input 1: 11001000
0 1
1 1
2 0
3 0
4 1
5 0
6 0
7 0

Input 2: 10010011
0 1
1 0
2 0
3 1
4 0
5 0
6 1
7 1

Input 3: 11011000
0 1
1 1
2 0
3 1
4 1
5 0
6 0
7 0

Input 4: 11101100
0 1
1 1
2 1
3 0
4 1
5 1
6 0
7 0

Input 5: 00110011
0 0
1 0
2 1
3 1
4 0
5 0
6 1
7 1

Input 6: 10010110
0 1
1 0
2 0
3 1
4 0
5 1
6 1
7 0

Input 7: 01110011
0 0
1 1
2 1
3 1
4 0
5 0
6 1
7 1

Input 8: 11010001
0 1
1 1
2 0
3 1
4 0
5 0
6 0
7 1

When matching output
x: not in operator
y: wrong position

Identity
0 111110101 7 match 3 7
1 110110011 6 match 4
2 100011010 4 match 5
3 101101111 7 match 6
4 010110000 3
5 000010100 2 match 0
6 101001110 5 match 1
7 101001011 5 match 2

Matching output
0 5
1 6
2 7
3 0
4 1
5 2
6 3
7 0

Left
5 6 7 0 1 2 3 4x
Best: I5 6 7 0 1 2 3: 7

Right
0 7y
Best: I0: 1

NOT
0 000001010 2
1 001001100 3
2 011100101 5
3 010010000 2
4 101001111 6
5 111101011 7
6 010110001 4
7 010110100 4

Matching output
0 absent
1 absent
2 absent
3 absent
4 absent
5 absent
6 absent
7 absent

Left
none
Best: none

Right
none
Best: none

Constant
0 000000000 a
1 111111111 a

Matching output
0 absent
1 absent
2 absent
3 absent
4 absent
5 absent
6 absent
7 absent

Left
none
Best: none

Right
none
Best: none

AND
01 10 110110001 5
12 21 100010010 3
23 32 100001010 3
34 43 000100000 1
45 54 000010000 1
56 65 000000100 1
67 76 101001010 4
70 07 101000001 3

02 20 100010000 2
13 31 100100011 4
24 42 000010000 1
35 53 000000100 1
46 64 000000000 a
57 75 000000000 a
60 06 101000100 3
71 17 100000011 3

03 30 101100101 5
14 41 010110000 3
25 52 000010000 1
36 63 101001110 5 match 1
47 74 000000000 a
50 05 000010100 2 match 0
61 16 100000010 2
72 27 100001010 3

04 40 010110000 3
15 51 000010000 1
26 62 100001010 3
37 73 101001011 5 match 2

Matching output
0 50 05
1 36 63
2 37 73
3 absent
4 absent
5 absent
6 absent
7 absent

Left
50 61x
05 16x
Best: AND50: 1

Right
none
Best: none

OR
01 10 111110111 8
12 21 110111011 7
23 32 101111111 8
34 43 111111111 a
45 54 010110100 4
56 65 101011110 6
67 76 101001111 6
70 07 111111111 a

02 20 111111111 a
13 31 111111111 a
24 42 110111010 6
35 53 101111111 8
46 64 111111110 8
57 75 101011111 7
60 06 111111111 a
71 17 111111011 8

03 30 111111111 a
14 41 110110011 6 match 4
25 52 100011110 5
36 63 101101111 7 match 6
47 74 111111011 8
50 05 111110101 7 match 3 7
61 16 111111111 a
72 27 101011011 6

04 40 111110101 7 match 3 7
15 51 110110111 7
26 62 101011110 6
37 73 101101111 7 match 6

Matching output
0 absent
1 absent
2 absent
3 50 05 04 40
4 14 41
5 absent
6 36 63 37 73
7 50 05 04 40

Left
none
Best: none

Right
50 47x
05 74x
04 73 62x
40 37 26x
Best: OR04 73: 2

XOR
01 10 001000110 3
12 21 010101001 4
23 32 001110101 5
34 43 111011111 8
45 54 010100100 3
56 65 101011010 5
67 76 000000101 2
70 07 010111110 6

02 20 011101111 7
13 31 011011100 5
24 42 110101010 5
35 53 101111011 7
46 64 111111110 8
57 75 101011111 7
60 06 010111011 6
71 17 011111000 5

03 30 010011010 4
14 41 100000011 3
25 52 100001110 4
36 63 000100001 2
47 74 111111011 8
50 05 111100001 5
61 16 011111101 7
72 27 001010001 3

04 40 101000101 4
15 51 110100111 6
26 62 001010100 3
37 73 000100100 2

Matching output
0 absent
1 absent
2 absent
3 absent
4 absent
5 absent
6 absent
7 absent

Left
none
Best: none

Right
none
Best: none

AND-NOT
01 001000100 2
12 010100001 3
23 000010000 1
34 101001111 6
45 010100000 2
56 000010000 1
67 000000100 1
70 000001010 2

02 011100101 5
13 010010000 2
24 100001010 3
35 101101011 6
46 010110000 3
57 000010100 2 match 0
60 000001010 2
71 001001000 2

03 010010000 2
14 100000011 3
25 100001010 3
36 000100001 2
47 010110000 3
50 000000000 a
61 001001100 3
72 001000001 2

04 101000101 4
15 110100011 5
26 000010000 1
37 000100100 2
40 000000000 a
51 000000100 1
62 001000100 2
73 000000000 a

05 111100001 5
16 010110001 4
27 000010000 1
30 000001010 2
41 000000000 a
52 000000100 1
63 000000000 a
74 101001011 5 match 2

06 010110001 4
17 010110000 3
20 000001010 2
31 001001100 3
42 010100000 2
53 000010000 1
64 101001110 5 match 1
75 101001011 5 match 2

07 010110100 4
10 000000010 1
21 000001000 1
32 001100101 4
43 010010000 2
54 000000100 1
65 101001010 4
76 000000001 1

Matching output
0 57
1 64
2 74 75
3 absent
4 absent
5 absent
6 absent
7 absent

Left
57 60x
Best: AND-NOT57: 1

Right
none
Best: none

OR-NOT
01 111111101 8
12 111110111 8
23 110011010 5
34 101101111 7 match 6
45 111111011 8
56 010110101 5
67 111111110 8
70 101001011 5 match 2

02 111110101 7 match 3 7
13 110110011 6 match 4
24 101011111 7
35 111101111 8
46 010110001 4
57 010110100 4
60 101001110 5 match 1
71 101001111 6

03 111110101 7 match 3 7
14 111111111 a
25 111111011 8
36 111111111 a
47 010110100 4
50 000011110 4
61 101001110 5 match 1
72 111101111 8

04 111111111 a
15 111111011 8
26 110111011 7
37 111111111 a
40 010111010 5
51 001011100 4
62 111101111 8
73 111011011 7

05 111111111 a
16 110110011 6 match 4
27 110111110 7
30 101101111 7 match 6
41 011111100 6
52 011110101 6
63 111011110 7
74 101001111 6

06 111110101 7 match 3 7
17 110110111 7
20 100011010 4 match 5
31 101101111 7 match 6
42 011110101 6
53 010010100 3
64 101001111 6
75 111101011 7

07 111110101 7 match 3 7
10 110111011 7
21 101011110 6
32 111101111 8
43 010110000 3
54 101011111 7
65 111101111 8
76 111111011 8

Matching output
0 absent
1 60 61
2 70
3 02 03 06 07
4 13 16
5 20
6 34 30 31
7 02 03 06 07

Left
none
Best: none

Right
02 71x
03 72x
06 75x
07 76x
Best: OR-NOT02: 1

XOR-NOT
01 110111001 6
12 101010110 5
23 110001010 4
34 000100000 1
45 101011011 6
56 010100101 4
67 111111010 7
70 101000001 3

02 100010000 2
13 100100011 4
24 001010101 4
35 010000100 2
46 000000001 1
57 010100000 2
60 101000100 3
71 100000111 4

03 101100101 5
14 011111100 6
25 011110001 5
36 111011110 7
47 000000100 1
50 000011110 4
61 100000010 2
72 110101110 6

04 010111010 5
15 001011000 3
26 110101011 6
37 111011011 7
40 010111010 5
51 001011000 3
62 110101011 6
73 111011011 7

05 000011110 4
16 100000010 2
27 110101110 6
30 101100101 5
41 011111100 6
52 011110001 5
63 111011110 7
74 000000100 1

06 101000100 3
17 100000111 4
20 100010000 2
31 100100011 4
42 001010101 4
53 010000100 2
64 000000001 1
75 010100000 2

07 101000001 3
10 110111001 6
21 101010110 5
32 110001010 4
43 000100000 1
54 101011011 6
65 010100101 4
76 111111010 7

Matching output
0 absent
1 absent
2 absent
3 absent
4 absent
5 absent
6 absent
7 absent

Left
none
Best: none

Right
none
Best: none

Selecting

Lefts
Identity I5 6 7 0 1 2 3: 7
NOT none
Constant none
AND AND50: 1
OR none
XOR none
AND-NOT AND-NOT57: 1
OR-NOT none
XOR-NOT none

Rights
Identity I0: 1
NOT none
Constant none
AND none
OR OR04 73: 2
XOR none
AND-NOT none
OR-NOT OR-NOT02: 1
XOR-NOT none

Left longest: 7
Right longest: 2

Left winner: Identity yes, NOT no, Constant no, AND no, OR no, XOR no, AND-NOT no, OR-NOT no, XOR-NOT no
Right winner: Identity no, NOT no, Constant no, AND no, OR yes, XOR no, AND-NOT no, OR-NOT no, XOR-NOT no

Best left: I5 6 7 0 1 2 3: 7
Best right: OR04 73: 2

Truncated left: I5 6 7 0 1 2 3: 7
Truncated right: OR04: 1 truncated

Tentative from right
7 OR04
6 pending
5 pending
4 pending
3 pending
2 pending
1 pending
0 pending

Tentative
0 I5
1 I6
2 I7
3 I0
4 I1
5 I2
6 I3
7 OR04

Preferred from left
0 I5
1 I6
2 I7
3 I0
4 I1
5 I2
6 I3
7 OR04

Preferred from right
7 OR04
6 I3
5 I2
4 I1
3 I0
2 I7
1 I6
0 I5

Preferred
0 I5
1 I6
2 I7
3 I0
4 I1
5 I2
6 I3
7 OR04

Matching
0 I5
1 I6
2 I7
3 I0
4 I1
5 I2
6 I3
7 OR04

Perfect match
Identity no
NOT no
Constant no
AND no
OR no
XOR no
AND-NOT no
OR-NOT no
XOR-NOT no

Matched
0 I5
1 I6
2 I7
3 I0
4 I1
5 I2
6 I3
7 OR04

Selected
0 I5
1 I6
2 I7
3 I0
4 I1
5 I2
6 I3
7 OR04

Applying to 01111010
Input
0 0
1 1
2 1
3 1
4 1
5 0
6 1
7 0
Output
0 I5 = 0
1 I6 = 1
2 I7 = 0
3 I0 = 0
4 I1 = 1
5 I2 = 1
6 I3 = 1
7 OR04 = OR(0,1) = 1

I will now return the answer in \boxed{}
The answer in \boxed{–} is \boxed{01001111}
[correct]
true
