[category]
bit_manipulation
[prompt]
In Alice's Wonderland, a secret bit manipulation rule transforms 8-bit binary numbers. The transformation involves operations like bit shifts, rotations, XOR, AND, OR, NOT, and possibly majority or choice functions.

Here are some examples of input -> output:
00100111 -> 10110110
00010110 -> 00101111
10011111 -> 11111011
01101001 -> 00100110
01110000 -> 01111111
11101001 -> 00101110
11101010 -> 00001110
10101000 -> 00111010

Now, determine the output for: 11011011
[completion]
We need to deduce the transformation by matching the example outputs.
I will put my final answer inside \boxed{}.

Output 0: 10110110
0 1
1 0
2 1
3 1
4 0
5 1
6 1
7 0

Output 1: 00101111
0 0
1 0
2 1
3 0
4 1
5 1
6 1
7 1

Output 2: 11111011
0 1
1 1
2 1
3 1
4 1
5 0
6 1
7 1

Output 3: 00100110
0 0
1 0
2 1
3 0
4 0
5 1
6 1
7 0

Output 4: 01111111
0 0
1 1
2 1
3 1
4 1
5 1
6 1
7 1

Output 5: 00101110
0 0
1 0
2 1
3 0
4 1
5 1
6 1
7 0

Output 6: 00001110
0 0
1 0
2 0
3 0
4 1
5 1
6 1
7 0

Output 7: 00111010
0 0
1 0
2 1
3 1
4 1
5 0
6 1
7 0

Output bit columns (with bitsum as hash)
0 10100000 2
1 00101000 2
2 11111101 7
3 10101001 4
4 01101111 6
5 11011110 6
6 11111111 a
7 01101000 3

Input 0: 00100111
0 0
1 0
2 1
3 0
4 0
5 1
6 1
7 1

Input 1: 00010110
0 0
1 0
2 0
3 1
4 0
5 1
6 1
7 0

Input 2: 10011111
0 1
1 0
2 0
3 1
4 1
5 1
6 1
7 1

Input 3: 01101001
0 0
1 1
2 1
3 0
4 1
5 0
6 0
7 1

Input 4: 01110000
0 0
1 1
2 1
3 1
4 0
5 0
6 0
7 0

Input 5: 11101001
0 1
1 1
2 1
3 0
4 1
5 0
6 0
7 1

Input 6: 11101010
0 1
1 1
2 1
3 0
4 1
5 0
6 1
7 0

Input 7: 10101000
0 1
1 0
2 1
3 0
4 1
5 0
6 0
7 0

When matching output
x: not in operator
y: wrong position

Identity
0 00100111 4
1 00011110 4
2 10011111 6
3 01101000 3 match 7
4 00110111 5
5 11100000 3
6 11100010 4
7 10110100 4

Matching output
0 absent
1 absent
2 absent
3 absent
4 absent
5 absent
6 absent
7 3

Left
none
Best: none

Right
3 2x
Best: I3: 1

NOT
0 11011000 4
1 11100001 4
2 01100000 2
3 10010111 5
4 11001000 3
5 00011111 5
6 00011101 4
7 01001011 4

Matching output
0 absent
1 absent
2 absent
3 absent
4 absent
5 absent
6 absent
7 absent

Left
none
Best: none

Right
none
Best: none

Constant
0 00000000 a
1 11111111 a match 6

Matching output
0 absent
1 absent
2 absent
3 absent
4 absent
5 absent
6 C1
7 absent

Left
none
Best: none

Right
none
Best: none

AND
01 10 00000110 2
12 21 00011110 4
23 32 00001000 1
34 43 00100000 1
45 54 00100000 1
56 65 11100000 3
67 76 10100000 2 match 0
70 07 00100100 2

02 20 00000111 3
13 31 00001000 1
24 42 00010111 4
35 53 01100000 2
46 64 00100010 2
57 75 10100000 2 match 0
60 06 00100010 2
71 17 00010100 2

03 30 00100000 1
14 41 00010110 3
25 52 10000000 1
36 63 01100000 2
47 74 00110100 3
50 05 00100000 1
61 16 00000010 1
72 27 10010100 3

04 40 00100111 4
15 51 00000000 a
26 62 10000010 2
37 73 00100000 1

Matching output
0 67 76 57 75
1 absent
2 absent
3 absent
4 absent
5 absent
6 absent
7 absent

Left
67 70x
76 07x
57 60x
75 06x
Best: AND67: 1

Right
none
Best: none

OR
01 10 00111111 6
12 21 10011111 6
23 32 11111111 a match 6
34 43 01111111 7
45 54 11110111 7
56 65 11100010 4
67 76 11110110 6
70 07 10110111 6

02 20 10111111 7
13 31 01111110 6
24 42 10111111 7
35 53 11101000 4
46 64 11110111 7
57 75 11110100 5
60 06 11100111 6
71 17 10111110 6

03 30 01101111 6 match 4
14 41 00111111 6
25 52 11111111 a match 6
36 63 11101010 5
47 74 10110111 6
50 05 11100111 6
61 16 11111110 7
72 27 10111111 7

04 40 00110111 5
15 51 11111110 7
26 62 11111111 a match 6
37 73 11111100 6

Matching output
0 absent
1 absent
2 absent
3 absent
4 03 30
5 absent
6 23 32 25 52 26 62
7 absent

Left
none
Best: none

Right
none
Best: none

XOR
01 10 00111001 4
12 21 10000001 2
23 32 11110111 7
34 43 01011111 6
45 54 11010111 6
56 65 00000010 1
67 76 01010110 4
70 07 10010011 4

02 20 10111000 4
13 31 01110110 5
24 42 10101000 3
35 53 10001000 2
46 64 11010101 5
57 75 01010100 3
60 06 11000101 4
71 17 10101010 4

03 30 01001111 5
14 41 00101001 3
25 52 01111111 7
36 63 10001010 3
47 74 10000011 3
50 05 11000111 5
61 16 11111100 6
72 27 00101011 4

04 40 00010000 1
15 51 11111110 7
26 62 01111101 6
37 73 11011100 5

Matching output
0 absent
1 absent
2 absent
3 absent
4 absent
5 absent
6 absent
7 absent

Left
none
Best: none

Right
none
Best: none

AND-NOT
01 00100001 2
12 00000000 a
23 10010111 5
34 01001000 2
45 00010111 4
56 00000000 a
67 01000010 2
70 10010000 2

02 00100000 1
13 00010110 3
24 10001000 2
35 00001000 1
46 00010101 3
57 01000000 1
60 11000000 2
71 10100000 2 match 0

03 00000111 3
14 00001000 1
25 00011111 5
36 00001000 1
47 00000011 2
50 11000000 2
61 11100000 3
72 00100000 1

04 00000000 a
15 00011110 4
26 00011101 4
37 01001000 2
40 00010000 1
51 11100000 3
62 01100000 2
73 10010100 3

05 00000111 3
16 00011100 3
27 00001011 3
30 01001000 2
41 00100001 2
52 01100000 2
63 10000010 2
74 10000000 1

06 00000101 2
17 00001010 2
20 10011000 3
31 01100000 2
42 00100000 1
53 10000000 1
64 11000000 2
75 00010100 2

07 00000011 2
10 00011000 2
21 10000001 2
32 01100000 2
43 00010111 4
54 11000000 2
65 00000010 1
76 00010100 2

Matching output
0 71
1 absent
2 absent
3 absent
4 absent
5 absent
6 absent
7 absent

Left
71 02x
Best: AND-NOT71: 1

Right
none
Best: none

OR-NOT
01 11100111 6
12 01111110 6
23 10011111 6
34 11101000 4
45 00111111 6
56 11111101 7 match 2
67 11101011 6
70 11111100 6

02 01100111 5
13 10011111 6
24 11011111 7
35 01111111 7
46 00111111 6
57 11101011 6
60 11111010 6
71 11110101 6

03 10110111 6
14 11011110 6 match 5
25 10011111 6
36 01111101 6
47 01111111 7
50 11111000 5
61 11100011 5
72 11110100 5

04 11101111 7
15 00011111 5
26 10011111 6
37 01101011 5
40 11111111 a match 6
51 11100001 4
62 11100010 4
73 10110111 6

05 00111111 6
16 00011111 5
27 11011111 7
30 11111000 5
41 11110111 7
52 11100000 3
63 11110111 7
74 11111100 6

06 00111111 6
17 01011111 6
20 11011111 7
31 11101001 5
42 01110111 6
53 11110111 7
64 11101010 5
75 10111111 7

07 01101111 6 match 4
10 11011110 6 match 5
21 11111111 a match 6
32 01101000 3 match 7
43 10110111 6
54 11101000 4
65 11111111 a match 6
76 10111101 6

Matching output
0 absent
1 absent
2 56
3 absent
4 07
5 14 10
6 40 21 65
7 32

Left
none
Best: none

Right
32 21 10 07 76x
Best: OR-NOT32 21 10 07: 4

XOR-NOT
01 11000110 4
12 01111110 6
23 00001000 1
34 10100000 2 match 0
45 00101000 2 match 1
56 11111101 7 match 2
67 10101001 4 match 3
70 01101100 4

02 01000111 4
13 10001001 3
24 01010111 5
35 01110111 6
46 00101010 3
57 10101011 5
60 00111010 4
71 01010101 4

03 10110000 3
14 11010110 5
25 10000000 1
36 01110101 5
47 01111100 5
50 00111000 3
61 00000011 2
72 11010100 4

04 11101111 7
15 00000001 1
26 10000010 2
37 00100011 3
40 11101111 7
51 00000001 1
62 10000010 2
73 00100011 3

05 00111000 3
16 00000011 2
27 11010100 4
30 10110000 3
41 11010110 5
52 10000000 1
63 01110101 5
74 01111100 5

06 00111010 4
17 01010101 4
20 01000111 4
31 10001001 3
42 01010111 5
53 01110111 6
64 00101010 3
75 10101011 5

07 01101100 4
10 11000110 4
21 01111110 6
32 00001000 1
43 10100000 2 match 0
54 00101000 2 match 1
65 11111101 7 match 2
76 10101001 4 match 3

Matching output
0 34 43
1 45 54
2 56 65
3 67 76
4 absent
5 absent
6 absent
7 absent

Left
34 45 56 67 70x
43 54 65 76 07x
Best: XOR-NOT34 45 56 67: 4

Right
none
Best: none

Selecting

Lefts
Identity none
NOT none
Constant none
AND AND67: 1
OR none
XOR none
AND-NOT AND-NOT71: 1
OR-NOT none
XOR-NOT XOR-NOT34 45 56 67: 4

Rights
Identity I3: 1
NOT none
Constant none
AND none
OR none
XOR none
AND-NOT none
OR-NOT OR-NOT32 21 10 07: 4
XOR-NOT none

Left longest: 4
Right longest: 4

Left winner: Identity no, NOT no, Constant no, AND no, OR no, XOR no, AND-NOT no, OR-NOT no, XOR-NOT yes
Right winner: Identity no, NOT no, Constant no, AND no, OR no, XOR no, AND-NOT no, OR-NOT yes, XOR-NOT no

Best left: XOR-NOT34 45 56 67: 4
Best right: OR-NOT32 21 10 07: 4

Truncated left: XOR-NOT34 45 56 67: 4
Truncated right: OR-NOT32 21 10 07: 4

Tentative from right
7 OR-NOT32
6 OR-NOT21
5 OR-NOT10
4 OR-NOT07
3 pending
2 pending
1 pending
0 pending

Tentative
0 XOR-NOT34
1 XOR-NOT45
2 XOR-NOT56
3 XOR-NOT67
4 OR-NOT07
5 OR-NOT10
6 OR-NOT21
7 OR-NOT32

Preferred from left
0 XOR-NOT34
1 XOR-NOT45
2 XOR-NOT56
3 XOR-NOT67
4 OR-NOT07
5 OR-NOT10
6 OR-NOT21
7 OR-NOT32

Preferred from right
7 OR-NOT32
6 OR-NOT21
5 OR-NOT10
4 OR-NOT07
3 XOR-NOT67
2 XOR-NOT56
1 XOR-NOT45
0 XOR-NOT34

Preferred
0 XOR-NOT34
1 XOR-NOT45
2 XOR-NOT56
3 XOR-NOT67
4 OR-NOT07
5 OR-NOT10
6 OR-NOT21
7 OR-NOT32

Matching
0 XOR-NOT34
1 XOR-NOT45
2 XOR-NOT56
3 XOR-NOT67
4 OR-NOT07
5 OR-NOT10
6 OR-NOT21
7 OR-NOT32

Perfect match
Identity no
NOT no
Constant no
AND no
OR no
XOR no
AND-NOT no
OR-NOT no
XOR-NOT no

Matched
0 XOR-NOT34
1 XOR-NOT45
2 XOR-NOT56
3 XOR-NOT67
4 OR-NOT07
5 OR-NOT10
6 OR-NOT21
7 OR-NOT32

Selected
0 XOR-NOT34
1 XOR-NOT45
2 XOR-NOT56
3 XOR-NOT67
4 OR-NOT07
5 OR-NOT10
6 OR-NOT21
7 OR-NOT32

Applying to 11011011
Input
0 1
1 1
2 0
3 1
4 1
5 0
6 1
7 1
Output
0 XOR-NOT34 = XOR(1,NOT(1)) = 1
1 XOR-NOT45 = XOR(1,NOT(0)) = 0
2 XOR-NOT56 = XOR(0,NOT(1)) = 0
3 XOR-NOT67 = XOR(1,NOT(1)) = 1
4 OR-NOT07 = OR(1,NOT(1)) = 1
5 OR-NOT10 = OR(1,NOT(1)) = 1
6 OR-NOT21 = OR(0,NOT(1)) = 0
7 OR-NOT32 = OR(1,NOT(0)) = 1

I will now return the answer in \boxed{}
The answer in \boxed{–} is \boxed{10011101}
[correct]
true
