[category]
bit_manipulation
[prompt]
In Alice's Wonderland, a secret bit manipulation rule transforms 8-bit binary numbers. The transformation involves operations like bit shifts, rotations, XOR, AND, OR, NOT, and possibly majority or choice functions.

Here are some examples of input -> output:
01110110 -> 11100010
00110001 -> 01100100
01000100 -> 10000000
11001001 -> 10001011
00101110 -> 01011001
01111111 -> 11110001
01001010 -> 10011101
00010001 -> 00100000
00101101 -> 01011111
11111010 -> 11101011

Now, determine the output for: 11100000
[completion]
We need to deduce the transformation by matching the example outputs.
I will put my final answer inside \boxed{}.

Output 0: 11100010
0 1
1 1
2 1
3 0
4 0
5 0
6 1
7 0

Output 1: 01100100
0 0
1 1
2 1
3 0
4 0
5 1
6 0
7 0

Output 2: 10000000
0 1
1 0
2 0
3 0
4 0
5 0
6 0
7 0

Output 3: 10001011
0 1
1 0
2 0
3 0
4 1
5 0
6 1
7 1

Output 4: 01011001
0 0
1 1
2 0
3 1
4 1
5 0
6 0
7 1

Output 5: 11110001
0 1
1 1
2 1
3 1
4 0
5 0
6 0
7 1

Output 6: 10011101
0 1
1 0
2 0
3 1
4 1
5 1
6 0
7 1

Output 7: 00100000
0 0
1 0
2 1
3 0
4 0
5 0
6 0
7 0

Output 8: 01011111
0 0
1 1
2 0
3 1
4 1
5 1
6 1
7 1

Output 9: 11101011
0 1
1 1
2 1
3 0
4 1
5 0
6 1
7 1

Output bit columns (with bitsum as hash)
0 1011011001 6
1 1100110011 6
2 1100010101 5
3 0000111010 4
4 0001101011 5
5 0100001010 3
6 1001000011 4
7 0001111011 6

Input 0: 01110110
0 0
1 1
2 1
3 1
4 0
5 1
6 1
7 0

Input 1: 00110001
0 0
1 0
2 1
3 1
4 0
5 0
6 0
7 1

Input 2: 01000100
0 0
1 1
2 0
3 0
4 0
5 1
6 0
7 0

Input 3: 11001001
0 1
1 1
2 0
3 0
4 1
5 0
6 0
7 1

Input 4: 00101110
0 0
1 0
2 1
3 0
4 1
5 1
6 1
7 0

Input 5: 01111111
0 0
1 1
2 1
3 1
4 1
5 1
6 1
7 1

Input 6: 01001010
0 0
1 1
2 0
3 0
4 1
5 0
6 1
7 0

Input 7: 00010001
0 0
1 0
2 0
3 1
4 0
5 0
6 0
7 1

Input 8: 00101101
0 0
1 0
2 1
3 0
4 1
5 1
6 0
7 1

Input 9: 11111010
0 1
1 1
2 1
3 1
4 1
5 0
6 1
7 0

When matching output
x: not in operator
y: wrong position

Identity
0 0001000001 2
1 1011011001 6 match 0
2 1100110011 6 match 1
3 1100010101 5 match 2
4 0001111011 6 match 7
5 1010110010 5
6 1000111001 5
7 0101010110 5

Matching output
0 1
1 2
2 3
3 absent
4 absent
5 absent
6 absent
7 4

Left
1 2 3 4y
Best: I1 2 3: 3

Right
4 3y
Best: I4: 1

NOT
0 1110111110 8
1 0100100110 4
2 0011001100 4
3 0011101010 5
4 1110000100 4
5 0101001101 5
6 0111000110 5
7 1010101001 5

Matching output
0 absent
1 absent
2 absent
3 absent
4 absent
5 absent
6 absent
7 absent

Left
none
Best: none

Right
none
Best: none

Constant
0 0000000000 a
1 1111111111 a

Matching output
0 absent
1 absent
2 absent
3 absent
4 absent
5 absent
6 absent
7 absent

Left
none
Best: none

Right
none
Best: none

AND
01 10 0001000001 2
12 21 1000010001 3
23 32 1100010001 4
34 43 0000010001 2
45 54 0000110010 3
56 65 1000110000 3
67 76 0000010000 1
70 07 0001000000 1

02 20 0000000001 1
13 31 1000010001 3
24 42 0000110011 4
35 53 1000010000 2
46 64 0000111001 4
57 75 0000010010 2
60 06 0000000001 1
71 17 0001010000 2

03 30 0000000001 1
14 41 0001011001 4
25 52 1000110010 4
36 63 1000010001 3
47 74 0001010010 3
50 05 0000000000 a
61 16 1000011001 4
72 27 0100010010 3

04 40 0001000001 2
15 51 1010010000 3
26 62 1000110001 4
37 73 0100010100 3

Matching output
0 absent
1 absent
2 absent
3 absent
4 absent
5 absent
6 absent
7 absent

Left
none
Best: none

Right
none
Best: none

OR
01 10 1011011001 6 match 0
12 21 1111111011 9
23 32 1100110111 7
34 43 1101111111 9
45 54 1011111011 8
56 65 1010111011 7
67 76 1101111111 9
70 07 0101010111 6

02 20 1101110011 7
13 31 1111011101 8
24 42 1101111011 8
35 53 1110110111 8
46 64 1001111011 7
57 75 1111110110 8
60 06 1001111001 6
71 17 1111011111 9

03 30 1101010101 6
14 41 1011111011 8
25 52 1110110011 7
36 63 1100111101 7
47 74 0101111111 8
50 05 1011110011 7
61 16 1011111001 7
72 27 1101110111 8

04 40 0001111011 6 match 7
15 51 1011111011 8
26 62 1100111011 7
37 73 1101010111 7

Matching output
0 01 10
1 absent
2 absent
3 absent
4 absent
5 absent
6 absent
7 04 40

Left
01 12x
10 21x
Best: OR01: 1

Right
04 73x
40 37x
Best: OR04: 1

XOR
01 10 1010011000 4
12 21 0111101010 6
23 32 0000100110 3
34 43 1101101110 7
45 54 1011001001 5
56 65 0010001011 4
67 76 1101101111 8
70 07 0100010111 5

02 20 1101110010 6
13 31 0111001100 5
24 42 1101001000 4
35 53 0110100111 6
46 64 1001000010 3
57 75 1111100100 6
60 06 1001111000 5
71 17 1110001111 7

03 30 1101010100 5
14 41 1010100010 4
25 52 0110000001 3
36 63 0100101100 4
47 74 0100101101 5
50 05 1011110011 7
61 16 0011100000 3
72 27 1001100101 5

04 40 0000111010 4 match 3
15 51 0001101011 5 match 4
26 62 0100001010 3 match 5
37 73 1001000011 4 match 6

Matching output
0 absent
1 absent
2 absent
3 04 40
4 15 51
5 26 62
6 37 73
7 absent

Left
none
Best: none

Right
none
Best: none

AND-NOT
01 0000000000 a
12 0011001000 3
23 0000100010 2
34 1100000100 3
45 0001001001 3
56 0010000010 2
67 1000101001 4
70 0100010110 4

02 0001000000 1
13 0011001000 3
24 1100000000 2
35 0100000101 3
46 0001000010 2
57 1010100000 3
60 1000111000 4
71 0100000110 3

03 0001000000 1
14 1010000000 2
25 0100000001 2
36 0100000100 2
47 0000101001 3
50 1010110010 5
61 0000100000 1
72 0001000100 2

04 0000000000 a
15 0001001001 3
26 0100000010 2
37 1000000001 2
40 0000111010 4 match 3
51 0000100010 2
62 0000001000 1
73 0001000010 2

05 0001000001 2
16 0011000000 2
27 1000100001 3
30 1100010100 4
41 0000100010 2
52 0010000000 1
63 0000101000 2
74 0100000100 2

06 0001000000 1
17 1010001001 4
20 1100110010 5
31 0100000100 2
42 0001001000 2
53 0010100010 3
64 1000000000 1
75 0101000100 3

07 0000000001 1
10 1010011000 4
21 0100100010 3
32 0000000100 1
43 0001101010 4
54 1010000000 2
65 0000001001 2
76 0101000110 4

Matching output
0 absent
1 absent
2 absent
3 40
4 absent
5 absent
6 absent
7 absent

Left
none
Best: none

Right
none
Best: none

OR-NOT
01 0101100111 6
12 1011011101 7
23 1111111011 9
34 1110010101 6
45 0101111111 8
56 1111110110 8
67 1010111001 6
70 1111111110 9

02 0011001101 5
13 1011111011 8
24 1110110111 8
35 1101011101 7
46 0111111111 9
57 1010111011 7
60 1110111111 9
71 0101110110 6

03 0011101011 6
14 1111011101 8
25 1101111111 9
36 1111010111 8
47 1011111011 8
50 1110111110 8
61 1100111111 8
72 0111011110 7

04 1111000101 6
15 1111011101 8
26 1111110111 9
37 1110111101 8
40 1111111111 a
51 1110110110 7
62 1011111101 8
73 0111111110 8

05 0101001101 5
16 1111011111 9
27 1110111011 8
30 1110111111 9
41 0101111111 8
52 1011111110 8
63 1011111011 8
74 1111010110 7

06 0111000111 6
17 1011111001 7
20 1110111111 9
31 1100110111 7
42 0011111111 8
53 1011111010 7
64 1110111101 8
75 0101011111 7

07 1011101001 6
10 1111111111 a
21 1100110111 7
32 1111011101 8
43 0011111011 7
54 1110110110 7
65 1101111101 8
76 0111010110 6

Matching output
0 absent
1 absent
2 absent
3 absent
4 absent
5 absent
6 absent
7 absent

Left
none
Best: none

Right
none
Best: none

XOR-NOT
01 0101100111 6
12 1000010101 4
23 1111011001 7
34 0010010001 3
45 0100110110 5
56 1101110100 6
67 0010010000 2
70 1011101000 5

02 0010001101 4
13 1000110011 5
24 0010110111 6
35 1001011000 4
46 0110111101 7
57 0000011011 4
60 0110000111 5
71 0001110000 3

03 0010101011 5
14 0101011101 6
25 1001111110 7
36 1011010011 6
47 1011010010 5
50 0100001100 3
61 1100011111 7
72 0110011010 5

04 1111000101 6
15 1110010100 5
26 1011110101 7
37 0110111100 6
40 1111000101 6
51 1110010100 5
62 1011110101 7
73 0110111100 6

05 0100001100 3
16 1100011111 7
27 0110011010 5
30 0010101011 5
41 0101011101 6
52 1001111110 7
63 1011010011 6
74 1011010010 5

06 0110000111 5
17 0001110000 3
20 0010001101 4
31 1000110011 5
42 0010110111 6
53 1001011000 4
64 0110111101 7
75 0000011011 4

07 1011101000 5
10 0101100111 6
21 1000010101 4
32 1111011001 7
43 0010010001 3
54 0100110110 5
65 1101110100 6
76 0010010000 2

Matching output
0 absent
1 absent
2 absent
3 absent
4 absent
5 absent
6 absent
7 absent

Left
none
Best: none

Right
none
Best: none

Selecting

Lefts
Identity I1 2 3: 3
NOT none
Constant none
AND none
OR OR01: 1
XOR none
AND-NOT none
OR-NOT none
XOR-NOT none

Rights
Identity I4: 1
NOT none
Constant none
AND none
OR OR04: 1
XOR none
AND-NOT none
OR-NOT none
XOR-NOT none

Left longest: 3
Right longest: 1

Left winner: Identity yes, NOT no, Constant no, AND no, OR no, XOR no, AND-NOT no, OR-NOT no, XOR-NOT no
Right winner: Identity yes, NOT no, Constant no, AND no, OR no, XOR no, AND-NOT no, OR-NOT no, XOR-NOT no

Best left: I1 2 3: 3
Best right: I4: 1

Truncated left: I1 2 3: 3
Truncated right: I4: 1

Tentative from right
7 I4
6 pending
5 pending
4 pending
3 pending
2 pending
1 pending
0 pending

Tentative
0 I1
1 I2
2 I3
3 pending
4 pending
5 pending
6 pending
7 I4

Preferred from left
0 I1
1 I2
2 I3
3 ?4?
4 ?5?
5 ?6?
6 ?7?
7 I4

Preferred from right
7 I4
6 ?73
5 ?62
4 ?51
3 ?40
2 I3
1 I2
0 I1

Preferred
0 I1
1 I2
2 I3
3 ?40 ?04
4 ?51 ?15
5 ?62 ?26
6 ?73 ?37
7 I4

Matching
0 I1
1 I2
2 I3
3 ?40 ?04 - Identity absent, NOT absent, Constant absent, AND absent, OR absent, XOR40, AND-NOT40, OR-NOT absent, XOR-NOT absent
4 ?51 ?15 - Identity absent, NOT absent, Constant absent, AND absent, OR absent, XOR51, AND-NOT absent, OR-NOT absent, XOR-NOT absent
5 ?62 ?26 - Identity absent, NOT absent, Constant absent, AND absent, OR absent, XOR62, AND-NOT absent, OR-NOT absent, XOR-NOT absent
6 ?73 ?37 - Identity absent, NOT absent, Constant absent, AND absent, OR absent, XOR73, AND-NOT absent, OR-NOT absent, XOR-NOT absent
7 I4

Perfect match
Identity no
NOT no
Constant no
AND no
OR no
XOR yes
AND-NOT no
OR-NOT no
XOR-NOT no

Matched
0 I1
1 I2
2 I3
3 XOR40
4 XOR51
5 XOR62
6 XOR73
7 I4

Selected
0 I1
1 I2
2 I3
3 XOR40
4 XOR51
5 XOR62
6 XOR73
7 I4

Applying to 11100000
Input
0 1
1 1
2 1
3 0
4 0
5 0
6 0
7 0
Output
0 I1 = 1
1 I2 = 1
2 I3 = 0
3 XOR40 = XOR(0,1) = 1
4 XOR51 = XOR(0,1) = 1
5 XOR62 = XOR(0,1) = 1
6 XOR73 = XOR(0,0) = 0
7 I4 = 0

I will now return the answer in \boxed{}
The answer in \boxed{–} is \boxed{11011100}
[correct]
true
