[category]
bit_manipulation
[prompt]
In Alice's Wonderland, a secret bit manipulation rule transforms 8-bit binary numbers. The transformation involves operations like bit shifts, rotations, XOR, AND, OR, NOT, and possibly majority or choice functions.

Here are some examples of input -> output:
01111100 -> 00000111
10111001 -> 01001011
00001110 -> 10000000
11110100 -> 00001111
00010001 -> 01000001
01010010 -> 10000101
01001011 -> 11000100
01111110 -> 10000111
10000101 -> 01001000
11101001 -> 01001110

Now, determine the output for: 10000010
[completion]
We need to deduce the transformation by matching the example outputs.
I will put my final answer inside \boxed{}.

Output 0: 00000111
0 0
1 0
2 0
3 0
4 0
5 1
6 1
7 1

Output 1: 01001011
0 0
1 1
2 0
3 0
4 1
5 0
6 1
7 1

Output 2: 10000000
0 1
1 0
2 0
3 0
4 0
5 0
6 0
7 0

Output 3: 00001111
0 0
1 0
2 0
3 0
4 1
5 1
6 1
7 1

Output 4: 01000001
0 0
1 1
2 0
3 0
4 0
5 0
6 0
7 1

Output 5: 10000101
0 1
1 0
2 0
3 0
4 0
5 1
6 0
7 1

Output 6: 11000100
0 1
1 1
2 0
3 0
4 0
5 1
6 0
7 0

Output 7: 10000111
0 1
1 0
2 0
3 0
4 0
5 1
6 1
7 1

Output 8: 01001000
0 0
1 1
2 0
3 0
4 1
5 0
6 0
7 0

Output 9: 01001110
0 0
1 1
2 0
3 0
4 1
5 1
6 1
7 0

Output bit columns (with bitsum as hash)
0 0010011100 4
1 0100101011 5
2 0000000000 a
3 0000000000 a
4 0101000011 4
5 1001011101 6
6 1101000101 5
7 1101110100 6

Input 0: 01111100
0 0
1 1
2 1
3 1
4 1
5 1
6 0
7 0

Input 1: 10111001
0 1
1 0
2 1
3 1
4 1
5 0
6 0
7 1

Input 2: 00001110
0 0
1 0
2 0
3 0
4 1
5 1
6 1
7 0

Input 3: 11110100
0 1
1 1
2 1
3 1
4 0
5 1
6 0
7 0

Input 4: 00010001
0 0
1 0
2 0
3 1
4 0
5 0
6 0
7 1

Input 5: 01010010
0 0
1 1
2 0
3 1
4 0
5 0
6 1
7 0

Input 6: 01001011
0 0
1 1
2 0
3 0
4 1
5 0
6 1
7 1

Input 7: 01111110
0 0
1 1
2 1
3 1
4 1
5 1
6 1
7 0

Input 8: 10000101
0 1
1 0
2 0
3 0
4 0
5 1
6 0
7 1

Input 9: 11101001
0 1
1 1
2 1
3 0
4 1
5 0
6 0
7 1

When matching output
x: not in operator
y: wrong position

Identity
0 0101000011 4 match 4
1 1001011101 6 match 5
2 1101000101 5 match 6
3 1101110100 6 match 7
4 1110001101 6
5 1011000110 5
6 0010011100 4 match 0
7 0100101011 5 match 1

Matching output
0 6
1 7
2 absent
3 absent
4 0
5 1
6 2
7 3

Left
6 7 0y
Best: I6 7: 2

Right
3 2 1 0 7y
Best: I3 2 1 0: 4

NOT
0 1010111100 6
1 0110100010 4
2 0010111010 5
3 0010001011 4
4 0001110010 4
5 0100111001 5
6 1101100011 6
7 1011010100 5

Matching output
0 absent
1 absent
2 absent
3 absent
4 absent
5 absent
6 absent
7 absent

Left
none
Best: none

Right
none
Best: none

Constant
0 0000000000 a match 2 3
1 1111111111 a

Matching output
0 absent
1 absent
2 C0
3 C0
4 absent
5 absent
6 absent
7 absent

Left
none
Best: none

Right
none
Best: none

AND
01 10 0001000001 2
12 21 1001000101 4
23 32 1101000100 4
34 43 1100000100 3
45 54 1010000100 3
56 65 0010000100 2
67 76 0000001000 1
70 07 0100000011 3

02 20 0101000001 3
13 31 1001010100 4
24 42 1100000101 4
35 53 1001000100 3
46 64 0010001100 3
57 75 0000000010 1
60 06 0000000000 a match 2 3
71 17 0000001001 2

03 30 0101000000 2
14 41 1000001101 4
25 52 1001000100 3
36 63 0000010100 2
47 74 0100001001 3
50 05 0001000010 2
61 16 0000011100 3
72 27 0100000001 2

04 40 0100000001 2
15 51 1001000100 3
26 62 0000000100 1
37 73 0100100000 2

Matching output
0 absent
1 absent
2 60 06
3 60 06
4 absent
5 absent
6 absent
7 absent

Left
none
Best: none

Right
none
Best: none

OR
01 10 1101011111 8
12 21 1101011101 7
23 32 1101110101 7
34 43 1111111101 9
45 54 1111001111 8
56 65 1011011110 7
67 76 0110111111 8
70 07 0101101011 6

02 20 1101000111 6
13 31 1101111101 8
24 42 1111001101 7
35 53 1111110110 8
46 64 1110011101 7
57 75 1111101111 9
60 06 0111011111 8
71 17 1101111111 9

03 30 1101110111 8
14 41 1111011101 8
25 52 1111000111 7
36 63 1111111100 8
47 74 1110101111 8
50 05 1111000111 7
61 16 1011011101 7
72 27 1101101111 8

04 40 1111001111 8
15 51 1011011111 8
26 62 1111011101 8
37 73 1101111111 9

Matching output
0 absent
1 absent
2 absent
3 absent
4 absent
5 absent
6 absent
7 absent

Left
none
Best: none

Right
none
Best: none

XOR
01 10 1100011110 6
12 21 0100011000 3
23 32 0000110001 3
34 43 0011111001 6
45 54 0101001011 5
56 65 1001011010 5
67 76 0110110111 7
70 07 0001101000 3

02 20 1000000110 3
13 31 0100101001 4
24 42 0011001000 3
35 53 0110110010 5
46 64 1100010001 4
57 75 1111101101 8
60 06 0111011111 8
71 17 1101110110 7

03 30 1000110111 6
14 41 0111010000 4
25 52 0110000011 4
36 63 1111101000 6
47 74 1010100110 5
50 05 1110000101 5
61 16 1011000001 4
72 27 1001101110 6

04 40 1011001110 6
15 51 0010011011 5
26 62 1111011001 7
37 73 1001011111 7

Matching output
0 absent
1 absent
2 absent
3 absent
4 absent
5 absent
6 absent
7 absent

Left
none
Best: none

Right
none
Best: none

AND-NOT
01 0100000010 2
12 0000011000 2
23 0000000001 1
34 0001110000 3
45 0100001001 3
56 1001000010 3
67 0010010100 3
70 0000101000 2

02 0000000010 1
13 0000001001 2
24 0001000000 1
35 0100110000 3
46 1100000001 3
57 1011000100 4
60 0010011100 4 match 0
71 0100100010 3

03 0000000011 2
14 0001010000 2
25 0100000001 2
36 1101100000 4
47 1010000100 3
50 1010000100 3
61 0010000000 1
72 0000101010 3

04 0001000010 2
15 0000011001 3
26 1101000001 4
37 1001010100 4
40 1010001100 4
51 0010000010 2
62 0010011000 3
73 0000001011 3

05 0100000001 2
16 1001000001 3
27 1001000100 3
30 1000110100 4
41 0110000000 2
52 0010000010 2
63 0010001000 2
74 0000100010 2

06 0101000011 4 match 4
17 1001010100 4
20 1000000100 2
31 0100100000 2
42 0010001000 2
53 0010000010 2
64 0000010000 1
75 0100101001 4

07 0001000000 1
10 1000011100 4
21 0100000000 1
32 0000110000 2
43 0010001001 3
54 0001000010 2
65 0000011000 2
76 0100100011 4

Matching output
0 60
1 absent
2 absent
3 absent
4 06
5 absent
6 absent
7 absent

Left
60 71x
Best: AND-NOT60: 1

Right
none
Best: none

OR-NOT
01 0111100011 6
12 1011111111 9
23 1111001111 8
34 1101110110 7
45 1110111101 8
56 1111100111 8
67 1011011100 6
70 1110111111 9

02 0111111011 8
13 1011011111 8
24 1101110111 8
35 1101111101 8
46 1111101111 9
57 1011010110 6
60 1010111100 6
71 0110101011 6

03 0111001011 6
14 1001111111 8
25 1101111101 8
36 1101110111 8
47 1111011101 8
50 1011111110 8
61 0110111110 7
72 0110111011 7

04 0101110011 6
15 1101111101 8
26 1101100111 7
37 1111110100 7
40 1110111101 8
51 1111100110 7
62 0010111110 6
73 0110101011 6

05 0101111011 7
16 1101111111 9
27 1111010101 7
30 1111111100 8
41 1110101111 8
52 1011111110 8
63 0010011111 6
74 0101111011 7

06 1101100011 6
17 1011011101 7
20 1111111101 9
31 1111110110 8
42 1110111111 9
53 1011001111 7
64 0011111110 7
75 0100111011 6

07 1111010111 8
10 1011111101 8
21 1111100111 8
32 1111111110 9
43 1110001111 7
54 1011110110 7
65 0110111101 7
76 1101101011 7

Matching output
0 absent
1 absent
2 absent
3 absent
4 absent
5 absent
6 absent
7 absent

Left
none
Best: none

Right
none
Best: none

XOR-NOT
01 0011100001 4
12 1011100111 7
23 1111001110 7
34 1100000110 4
45 1010110100 5
56 0110100101 5
67 1001001000 3
70 1110010111 7

02 0111111001 7
13 1011010110 6
24 1100110111 7
35 1001001101 5
46 0011101110 6
57 0000010010 2
60 1000100000 2
71 0010001001 3

03 0111001000 4
14 1000101111 6
25 1001111100 6
36 0000010111 4
47 0101011001 5
50 0001111010 5
61 0100111110 6
72 0110010001 4

04 0100110001 4
15 1101100100 5
26 0000100110 3
37 0110100000 3
40 0100110001 4
51 1101100100 5
62 0000100110 3
73 0110100000 3

05 0001111010 5
16 0100111110 6
27 0110010001 4
30 0111001000 4
41 1000101111 6
52 1001111100 6
63 0000010111 4
74 0101011001 5

06 1000100000 2
17 0010001001 3
20 0111111001 7
31 1011010110 6
42 1100110111 7
53 1001001101 5
64 0011101110 6
75 0000010010 2

07 1110010111 7
10 0011100001 4
21 1011100111 7
32 1111001110 7
43 1100000110 4
54 1010110100 5
65 0110100101 5
76 1001001000 3

Matching output
0 absent
1 absent
2 absent
3 absent
4 absent
5 absent
6 absent
7 absent

Left
none
Best: none

Right
none
Best: none

Selecting

Lefts
Identity I6 7: 2
NOT none
Constant none
AND none
OR none
XOR none
AND-NOT AND-NOT60: 1
OR-NOT none
XOR-NOT none

Rights
Identity I3 2 1 0: 4
NOT none
Constant none
AND none
OR none
XOR none
AND-NOT none
OR-NOT none
XOR-NOT none

Left longest: 2
Right longest: 4

Right winner: Identity yes, NOT no, Constant no, AND no, OR no, XOR no, AND-NOT no, OR-NOT no, XOR-NOT no
Left winner: Identity yes, NOT no, Constant no, AND no, OR no, XOR no, AND-NOT no, OR-NOT no, XOR-NOT no

Best right: I3 2 1 0: 4
Best left: I6 7: 2

Truncated right: I3 2 1 0: 4
Truncated left: I6 7: 2

Tentative from right
7 I3
6 I2
5 I1
4 I0
3 pending
2 pending
1 pending
0 pending

Tentative
0 I6
1 I7
2 pending
3 pending
4 I0
5 I1
6 I2
7 I3

Preferred from right
7 I3
6 I2
5 I1
4 I0
3 ??7
2 ??6
1 I7
0 I6

Preferred from left
0 I6
1 I7
2 ?06
3 ?17
4 I0
5 I1
6 I2
7 I3

Preferred
0 I6
1 I7
2 ?06 ?60
3 ?17 ?71
4 I0
5 I1
6 I2
7 I3

Matching
0 I6
1 I7
2 ?06 ?60 - Identity absent, NOT absent, Constant C0, AND06, OR absent, XOR absent, AND-NOT absent, OR-NOT absent, XOR-NOT absent
3 ?17 ?71 - Identity absent, NOT absent, Constant C0, AND absent, OR absent, XOR absent, AND-NOT absent, OR-NOT absent, XOR-NOT absent
4 I0
5 I1
6 I2
7 I3

Perfect match
Identity no
NOT no
Constant yes
AND no
OR no
XOR no
AND-NOT no
OR-NOT no
XOR-NOT no

Matched
0 I6
1 I7
2 C0
3 C0
4 I0
5 I1
6 I2
7 I3

Selected
0 I6
1 I7
2 C0
3 C0
4 I0
5 I1
6 I2
7 I3

Applying to 10000010
Input
0 1
1 0
2 0
3 0
4 0
5 0
6 1
7 0
Output
0 I6 = 1
1 I7 = 0
2 C0 = 0
3 C0 = 0
4 I0 = 1
5 I1 = 0
6 I2 = 0
7 I3 = 0

I will now return the answer in \boxed{}
The answer in \boxed{–} is \boxed{10001000}
[correct]
true
