[category]
bit_manipulation
[prompt]
In Alice's Wonderland, a secret bit manipulation rule transforms 8-bit binary numbers. The transformation involves operations like bit shifts, rotations, XOR, AND, OR, NOT, and possibly majority or choice functions.

Here are some examples of input -> output:
11110101 -> 10101111
00001110 -> 01110000
10010111 -> 10111100
11010100 -> 10100110
01111101 -> 11101011
11000111 -> 00111110
00110111 -> 10111001
10010110 -> 10110100

Now, determine the output for: 11010000
[completion]
We need to deduce the transformation by matching the example outputs.
I will put my final answer inside \boxed{}.

Output 0: 10101111
0 1
1 0
2 1
3 0
4 1
5 1
6 1
7 1

Output 1: 01110000
0 0
1 1
2 1
3 1
4 0
5 0
6 0
7 0

Output 2: 10111100
0 1
1 0
2 1
3 1
4 1
5 1
6 0
7 0

Output 3: 10100110
0 1
1 0
2 1
3 0
4 0
5 1
6 1
7 0

Output 4: 11101011
0 1
1 1
2 1
3 0
4 1
5 0
6 1
7 1

Output 5: 00111110
0 0
1 0
2 1
3 1
4 1
5 1
6 1
7 0

Output 6: 10111001
0 1
1 0
2 1
3 1
4 1
5 0
6 0
7 1

Output 7: 10110100
0 1
1 0
2 1
3 1
4 0
5 1
6 0
7 0

Output bit columns (with bitsum as hash)
0 10111011 6
1 01001000 2
2 11111111 a
3 01100111 5
4 10101110 5
5 10110101 5
6 10011100 4
7 10001010 3

Input 0: 11110101
0 1
1 1
2 1
3 1
4 0
5 1
6 0
7 1

Input 1: 00001110
0 0
1 0
2 0
3 0
4 1
5 1
6 1
7 0

Input 2: 10010111
0 1
1 0
2 0
3 1
4 0
5 1
6 1
7 1

Input 3: 11010100
0 1
1 1
2 0
3 1
4 0
5 1
6 0
7 0

Input 4: 01111101
0 0
1 1
2 1
3 1
4 1
5 1
6 0
7 1

Input 5: 11000111
0 1
1 1
2 0
3 0
4 0
5 1
6 1
7 1

Input 6: 00110111
0 0
1 0
2 1
3 1
4 0
5 1
6 1
7 1

Input 7: 10010110
0 1
1 0
2 0
3 1
4 0
5 1
6 1
7 0

When matching output
x: not in operator
y: wrong position

Identity
0 10110101 5 match 5
1 10011100 4 match 6
2 10001010 3 match 7
3 10111011 6 match 0
4 01001000 2 match 1
5 11111111 a match 2
6 01100111 5 match 3
7 10101110 5 match 4

Matching output
0 3
1 4
2 5
3 6
4 7
5 0
6 1
7 2

Left
3 4 5 6 7 0 1 2
Best: I3 4 5 6 7 0 1 2: 8

Right
2 1 0 7 6 5 4 3
Best: I2 1 0 7 6 5 4 3: 8

NOT
0 01001010 3
1 01100011 4
2 01110101 5
3 01000100 2
4 10110111 6
5 00000000 a
6 10011000 3
7 01010001 3

Matching output
0 absent
1 absent
2 absent
3 absent
4 absent
5 absent
6 absent
7 absent

Left
none
Best: none

Right
none
Best: none

Constant
0 00000000 a
1 11111111 a match 2

Matching output
0 absent
1 absent
2 C1
3 absent
4 absent
5 absent
6 absent
7 absent

Left
none
Best: none

Right
none
Best: none

AND
01 10 10010100 3
12 21 10001000 2
23 32 10001010 3 match 7
34 43 00001000 1
45 54 01001000 2 match 1
56 65 01100111 5 match 3
67 76 00100110 3
70 07 10100100 3

02 20 10000000 1
13 31 10011000 3
24 42 00001000 1
35 53 10111011 6 match 0
46 64 01000000 1
57 75 10101110 5 match 4
60 06 00100101 3
71 17 10001100 3

03 30 10110001 4
14 41 00001000 1
25 52 10001010 3 match 7
36 63 00100011 3
47 74 00001000 1
50 05 10110101 5 match 5
61 16 00000100 1
72 27 10001010 3 match 7

04 40 00000000 a
15 51 10011100 4 match 6
26 62 00000010 1
37 73 10101010 4

Matching output
0 35 53
1 45 54
2 absent
3 56 65
4 57 75
5 50 05
6 15 51
7 23 32 25 52 72 27

Left
35 46x
53 64x
Best: AND35: 1

Right
23 12x
32 21x
25 14x
52 41x
72 61x
27 16x
Best: AND23: 1

OR
01 10 10111101 6
12 21 10011110 5
23 32 10111011 6 match 0
34 43 11111011 7
45 54 11111111 a match 2
56 65 11111111 a match 2
67 76 11101111 7
70 07 10111111 7

02 20 10111111 7
13 31 10111111 7
24 42 11001010 4
35 53 11111111 a match 2
46 64 01101111 6
57 75 11111111 a match 2
60 06 11110111 7
71 17 10111110 6

03 30 10111111 7
14 41 11011100 5
25 52 11111111 a match 2
36 63 11111111 a match 2
47 74 11101110 6
50 05 11111111 a match 2
61 16 11111111 a match 2
72 27 10101110 5 match 4

04 40 11111101 7
15 51 11111111 a match 2
26 62 11101111 7
37 73 10111111 7

Matching output
0 23 32
1 absent
2 45 54 56 65 35 53 57 75 25 52 36 63 50 05 61 16 15 51
3 absent
4 72 27
5 absent
6 absent
7 absent

Left
23 34x
32 43x
Best: OR23: 1

Right
none
Best: none

XOR
01 10 00101001 3
12 21 00010110 3
23 32 00110001 3
34 43 11110011 6
45 54 10110111 6
56 65 10011000 3
67 76 11001001 4
70 07 00011011 4

02 20 00111111 6
13 31 00100111 4
24 42 11000010 3
35 53 01000100 2
46 64 00101111 5
57 75 01010001 3
60 06 11010010 4
71 17 00110010 3

03 30 00001110 3
14 41 11010100 4
25 52 01110101 5
36 63 11011100 5
47 74 11100110 5
50 05 01001010 3
61 16 11111011 7
72 27 00100100 2

04 40 11111101 7
15 51 01100011 4
26 62 11101101 6
37 73 00010101 3

Matching output
0 absent
1 absent
2 absent
3 absent
4 absent
5 absent
6 absent
7 absent

Left
none
Best: none

Right
none
Best: none

AND-NOT
01 00100001 2
12 00010100 2
23 00000000 a
34 10110011 5
45 00000000 a
56 10011000 3
67 01000001 2
70 00001010 2

02 00110101 4
13 00000100 1
24 10000010 2
35 00000000 a
46 00001000 1
57 01010001 3
60 01000010 2
71 00100010 2

03 00000100 1
14 10010100 3
25 00000000 a
36 10011000 3
47 01000000 1
50 01001010 3
61 01100011 4
72 00100100 2

04 10110101 5 match 5
15 00000000 a
26 10001000 2
37 00010001 2
40 01001000 2 match 1
51 01100011 4
62 01100101 4
73 00000100 1

05 00000000 a
16 10011000 3
27 00000000 a
30 00001010 2
41 01000000 1
52 01110101 5
63 01000100 2
74 10100110 4

06 10010000 2
17 00010000 1
20 00001010 2
31 00100011 3
42 01000000 1
53 01000100 2
64 00100111 4
75 00000000 a

07 00010001 2
10 00001000 1
21 00000010 1
32 00110001 3
43 01000000 1
54 10110111 6
65 00000000 a
76 10001000 2

Matching output
0 absent
1 40
2 absent
3 absent
4 absent
5 04
6 absent
7 absent

Left
none
Best: none

Right
none
Best: none

OR-NOT
01 11110111 7
12 11111101 7
23 11001110 5
34 10111111 7
45 01001000 2 match 1
56 11111111 a match 2
67 01110111 6
70 11101110 6

02 11110101 6
13 11011100 5
24 10111111 7
35 10111011 6 match 0
46 11011000 4
57 11111111 a match 2
60 01101111 6
71 11101111 7

03 11110101 6
14 10111111 7
25 10001010 3 match 7
36 10111011 6 match 0
47 01011001 4
50 11111111 a match 2
61 01100111 5 match 3
72 11111111 a match 2

04 10110111 6
15 10011100 4 match 6
26 10011010 4
37 11111011 7
40 01001010 3
51 11111111 a match 2
62 01110111 6
73 11101110 6

05 10110101 5 match 5
16 10011100 4 match 6
27 11011011 6
30 11111011 7
41 01101011 5
52 11111111 a match 2
63 01100111 5 match 3
74 10111111 7

06 10111101 6
17 11011101 6
20 11001010 4
31 11111011 7
42 01111101 6
53 11111111 a match 2
64 11110111 7
75 10101110 5 match 4

07 11110101 6
10 11011110 6
21 11101011 6
32 11111111 a match 2
43 01001100 3
54 11111111 a match 2
65 01100111 5 match 3
76 10111110 6

Matching output
0 35 36
1 45
2 56 57 50 72 51 52 53 32 54
3 61 63 65
4 75
5 05
6 15 16
7 25

Left
35 46x
36 47x
Best: OR-NOT35: 1

Right
25 14x
Best: OR-NOT25: 1

XOR-NOT
01 11010110 5
12 11101001 5
23 11001110 5
34 00001100 2
45 01001000 2 match 1
56 01100111 5 match 3
67 00110110 4
70 11100100 4

02 11000000 2
13 11011000 4
24 00111101 5
35 10111011 6 match 0
46 11010000 3
57 10101110 5 match 4
60 00101101 4
71 11001101 5

03 11110001 5
14 00101011 4
25 10001010 3 match 7
36 00100011 3
47 00011001 3
50 10110101 5 match 5
61 00000100 1
72 11011011 6

04 00000010 1
15 10011100 4 match 6
26 00010010 2
37 11101010 5
40 00000010 1
51 10011100 4 match 6
62 00010010 2
73 11101010 5

05 10110101 5 match 5
16 00000100 1
27 11011011 6
30 11110001 5
41 00101011 4
52 10001010 3 match 7
63 00100011 3
74 00011001 3

06 00101101 4
17 11001101 5
20 11000000 2
31 11011000 4
42 00111101 5
53 10111011 6 match 0
64 11010000 3
75 10101110 5 match 4

07 11100100 4
10 11010110 5
21 11101001 5
32 11001110 5
43 00001100 2
54 01001000 2 match 1
65 01100111 5 match 3
76 00110110 4

Matching output
0 35 53
1 45 54
2 absent
3 56 65
4 57 75
5 50 05
6 15 51
7 25 52

Left
35 46x
53 64x
Best: XOR-NOT35: 1

Right
25 14x
52 41x
Best: XOR-NOT25: 1

Selecting

Lefts
Identity I3 4 5 6 7 0 1 2: 8
NOT none
Constant none
AND AND35: 1
OR OR23: 1
XOR none
AND-NOT none
OR-NOT OR-NOT35: 1
XOR-NOT XOR-NOT35: 1

Rights
Identity I2 1 0 7 6 5 4 3: 8
NOT none
Constant none
AND AND23: 1
OR none
XOR none
AND-NOT none
OR-NOT OR-NOT25: 1
XOR-NOT XOR-NOT25: 1

Left longest: 8
Right longest: 8

Left winner: Identity yes, NOT no, Constant no, AND no, OR no, XOR no, AND-NOT no, OR-NOT no, XOR-NOT no
Right winner: Identity yes, NOT no, Constant no, AND no, OR no, XOR no, AND-NOT no, OR-NOT no, XOR-NOT no

Best left: I3 4 5 6 7 0 1 2: 8
Best right: I2 1 0 7 6 5 4 3: 8

Truncated left: I3 4 5 6 7 0 1 2: 8
Truncated right: none truncated

Tentative from right
7 pending
6 pending
5 pending
4 pending
3 pending
2 pending
1 pending
0 pending

Tentative
0 I3
1 I4
2 I5
3 I6
4 I7
5 I0
6 I1
7 I2

Preferred from left
0 I3
1 I4
2 I5
3 I6
4 I7
5 I0
6 I1
7 I2

Preferred from right
7 I2
6 I1
5 I0
4 I7
3 I6
2 I5
1 I4
0 I3

Preferred
0 I3
1 I4
2 I5
3 I6
4 I7
5 I0
6 I1
7 I2

Matching
0 I3
1 I4
2 I5
3 I6
4 I7
5 I0
6 I1
7 I2

Perfect match
Identity no
NOT no
Constant no
AND no
OR no
XOR no
AND-NOT no
OR-NOT no
XOR-NOT no

Matched
0 I3
1 I4
2 I5
3 I6
4 I7
5 I0
6 I1
7 I2

Selected
0 I3
1 I4
2 I5
3 I6
4 I7
5 I0
6 I1
7 I2

Applying to 11010000
Input
0 1
1 1
2 0
3 1
4 0
5 0
6 0
7 0
Output
0 I3 = 1
1 I4 = 0
2 I5 = 0
3 I6 = 0
4 I7 = 0
5 I0 = 1
6 I1 = 1
7 I2 = 0

I will now return the answer in \boxed{}
The answer in \boxed{–} is \boxed{10000110}
[correct]
true
