[category]
bit_manipulation
[prompt]
In Alice's Wonderland, a secret bit manipulation rule transforms 8-bit binary numbers. The transformation involves operations like bit shifts, rotations, XOR, AND, OR, NOT, and possibly majority or choice functions.

Here are some examples of input -> output:
00001100 -> 10011111
00001111 -> 01000111
10111011 -> 11100111
01110100 -> 01011111
01011111 -> 11000111
01100100 -> 11011111
11110100 -> 01011111
11001000 -> 10111111

Now, determine the output for: 10100000
[completion]
We need to deduce the transformation by matching the example outputs.
I will put my final answer inside \boxed{}.

Output 0: 10011111
0 1
1 0
2 0
3 1
4 1
5 1
6 1
7 1

Output 1: 01000111
0 0
1 1
2 0
3 0
4 0
5 1
6 1
7 1

Output 2: 11100111
0 1
1 1
2 1
3 0
4 0
5 1
6 1
7 1

Output 3: 01011111
0 0
1 1
2 0
3 1
4 1
5 1
6 1
7 1

Output 4: 11000111
0 1
1 1
2 0
3 0
4 0
5 1
6 1
7 1

Output 5: 11011111
0 1
1 1
2 0
3 1
4 1
5 1
6 1
7 1

Output 6: 01011111
0 0
1 1
2 0
3 1
4 1
5 1
6 1
7 1

Output 7: 10111111
0 1
1 0
2 1
3 1
4 1
5 1
6 1
7 1

Output bit columns (with bitsum as hash)
0 10101101 5
1 01111110 6
2 00100001 2
3 10010111 5
4 10010111 5
5 11111111 a
6 11111111 a
7 11111111 a

Input 0: 00001100
0 0
1 0
2 0
3 0
4 1
5 1
6 0
7 0

Input 1: 00001111
0 0
1 0
2 0
3 0
4 1
5 1
6 1
7 1

Input 2: 10111011
0 1
1 0
2 1
3 1
4 1
5 0
6 1
7 1

Input 3: 01110100
0 0
1 1
2 1
3 1
4 0
5 1
6 0
7 0

Input 4: 01011111
0 0
1 1
2 0
3 1
4 1
5 1
6 1
7 1

Input 5: 01100100
0 0
1 1
2 1
3 0
4 0
5 1
6 0
7 0

Input 6: 11110100
0 1
1 1
2 1
3 1
4 0
5 1
6 0
7 0

Input 7: 11001000
0 1
1 1
2 0
3 0
4 1
5 0
6 0
7 0

When matching output
x: not in operator
y: wrong position

Identity
0 00100011 3
1 00011111 5
2 00110110 4
3 00111010 4
4 11101001 5
5 11011110 6
6 01101000 3
7 01101000 3

Matching output
0 absent
1 absent
2 absent
3 absent
4 absent
5 absent
6 absent
7 absent

Left
none
Best: none

Right
none
Best: none

NOT
0 11011100 5
1 11100000 3
2 11001001 4
3 11000101 4
4 00010110 3
5 00100001 2 match 2
6 10010111 5 match 3 4
7 10010111 5 match 3 4

Matching output
0 absent
1 absent
2 5
3 6 7
4 6 7
5 absent
6 absent
7 absent

Left
none
Best: none

Right
none
Best: none

Constant
0 00000000 a
1 11111111 a match 5 6 7

Matching output
0 absent
1 absent
2 absent
3 absent
4 absent
5 C1
6 C1
7 C1

Left
none
Best: none

Right
1 1 1
Best: C1 1 1: 3

AND
01 10 00000011 2
12 21 00010110 3
23 32 00110010 3
34 43 00101000 2
45 54 11001000 3
56 65 01001000 2
67 76 01101000 3
70 07 00100000 1

02 20 00100010 2
13 31 00011010 3
24 42 00100000 1
35 53 00011010 3
46 64 01101000 3
57 75 01001000 2
60 06 00100000 1
71 17 00001000 1

03 30 00100010 2
14 41 00001001 2
25 52 00010110 3
36 63 00101000 2
47 74 01101000 3
50 05 00000010 1
61 16 00001000 1
72 27 00100000 1

04 40 00100001 2 match 2
15 51 00011110 4
26 62 00100000 1
37 73 00101000 2

Matching output
0 absent
1 absent
2 04 40
3 absent
4 absent
5 absent
6 absent
7 absent

Left
none
Best: none

Right
none
Best: none

OR
01 10 00111111 6
12 21 00111111 6
23 32 00111110 5
34 43 11111011 7
45 54 11111111 a match 5 6 7
56 65 11111110 7
67 76 01101000 3
70 07 01101011 5

02 20 00110111 5
13 31 00111111 6
24 42 11111111 a match 5 6 7
35 53 11111110 7
46 64 11101001 5
57 75 11111110 7
60 06 01101011 5
71 17 01111111 7

03 30 00111011 5
14 41 11111111 a match 5 6 7
25 52 11111110 7
36 63 01111010 5
47 74 11101001 5
50 05 11111111 a match 5 6 7
61 16 01111111 7
72 27 01111110 6 match 1

04 40 11101011 6
15 51 11011111 7
26 62 01111110 6 match 1
37 73 01111010 5

Matching output
0 absent
1 72 27 26 62
2 absent
3 absent
4 absent
5 45 54 24 42 14 41 50 05
6 45 54 24 42 14 41 50 05
7 45 54 24 42 14 41 50 05

Left
none
Best: none

Right
45 34x
54 43x
24 13x
42 31x
14 03x
41 30x
50 47x
05 74x
Best: OR45: 1

XOR
01 10 00111100 4
12 21 00101001 3
23 32 00001100 2
34 43 11010011 5
45 54 00110111 5
56 65 10110110 5
67 76 00000000 a
70 07 01001011 4

02 20 00010101 3
13 31 00100101 3
24 42 11011111 7
35 53 11100100 4
46 64 10000001 2
57 75 10110110 5
60 06 01001011 4
71 17 01110111 6

03 30 00011001 3
14 41 11110110 6
25 52 11101000 4
36 63 01010010 3
47 74 10000001 2
50 05 11111101 7
61 16 01110111 6
72 27 01011110 5

04 40 11001010 4
15 51 11000001 3
26 62 01011110 5
37 73 01010010 3

Matching output
0 absent
1 absent
2 absent
3 absent
4 absent
5 absent
6 absent
7 absent

Left
none
Best: none

Right
none
Best: none

AND-NOT
01 00100000 1
12 00001001 2
23 00000100 1
34 00010010 2
45 00100001 2 match 2
56 10010110 4
67 00000000 a
70 01001000 2

02 00000001 1
13 00000101 2
24 00010110 3
35 00100000 1
46 10000001 2
57 10010110 4
60 01001000 2
71 01100000 2

03 00000001 1
14 00010110 3
25 00100000 1
36 00010010 2
47 10000001 2
50 11011100 5
61 01100000 2
72 01001000 2

04 00000010 1
15 00000001 1
26 00010110 3
37 00010010 2
40 11001000 3
51 11000000 2
62 01001000 2
73 01000000 1

05 00100001 2 match 2
16 00010111 4
27 00010110 3
30 00011000 2
41 11100000 3
52 11001000 3
63 01000000 1
74 00000000 a

06 00000011 2
17 00010111 4
20 00010100 2
31 00100000 1
42 11001001 4
53 11000100 3
64 00000000 a
75 00100000 1

07 00000011 2
10 00011100 3
21 00100000 1
32 00001000 1
43 11000001 3
54 00010110 3
65 00100000 1
76 00000000 a

Matching output
0 absent
1 absent
2 45 05
3 absent
4 absent
5 absent
6 absent
7 absent

Left
none
Best: none

Right
none
Best: none

OR-NOT
01 11100011 5
12 11011111 7
23 11110111 7
34 00111110 5
45 11101001 5
56 11011111 7
67 11111111 a match 5 6 7
70 11111100 6

02 11101011 6
13 11011111 7
24 00110110 4
35 00111011 5
46 11111111 a match 5 6 7
57 11011111 7
60 11111100 6
71 11101000 4

03 11100111 6
14 00011111 5
25 00110111 5
36 10111111 7
47 11111111 a match 5 6 7
50 11011110 6
61 11101000 4
72 11101001 5

04 00110111 5
15 00111111 6
26 10110111 6
37 10111111 7
40 11111101 7
51 11111110 7
62 11101001 5
73 11101101 6

05 00100011 3
16 10011111 6
27 10110111 6
30 11111110 7
41 11101001 5
52 11011111 7
63 11101101 6
74 01111110 6 match 1

06 10110111 6
17 10011111 6
20 11111110 7
31 11111010 6
42 11101001 5
53 11011111 7
64 01111110 6 match 1
75 01101001 4

07 10110111 6
10 11011111 7
21 11110110 6
32 11111011 7
43 11101101 6
54 11011110 6
65 01101001 4
76 11111111 a match 5 6 7

Matching output
0 absent
1 74 64
2 absent
3 absent
4 absent
5 67 46 47 76
6 67 46 47 76
7 67 46 47 76

Left
none
Best: none

Right
67 56x
46 35x
47 36x
76 65x
Best: OR-NOT67: 1

XOR-NOT
01 11000011 4
12 11010110 5
23 11110011 6
34 00101100 3
45 11001000 3
56 01001001 3
67 11111111 a match 5 6 7
70 10110100 4

02 11101010 5
13 11011010 5
24 00100000 1
35 00011011 4
46 01111110 6 match 1
57 01001001 3
60 10110100 4
71 10001000 2

03 11100110 5
14 00001001 2
25 00010111 4
36 10101101 5 match 0
47 01111110 6 match 1
50 00000010 1
61 10001000 2
72 10100001 3

04 00110101 4
15 00111110 5
26 10100001 3
37 10101101 5 match 0
40 00110101 4
51 00111110 5
62 10100001 3
73 10101101 5 match 0

05 00000010 1
16 10001000 2
27 10100001 3
30 11100110 5
41 00001001 2
52 00010111 4
63 10101101 5 match 0
74 01111110 6 match 1

06 10110100 4
17 10001000 2
20 11101010 5
31 11011010 5
42 00100000 1
53 00011011 4
64 01111110 6 match 1
75 01001001 3

07 10110100 4
10 11000011 4
21 11010110 5
32 11110011 6
43 00101100 3
54 11001000 3
65 01001001 3
76 11111111 a match 5 6 7

Matching output
0 36 37 73 63
1 46 47 74 64
2 absent
3 absent
4 absent
5 67 76
6 67 76
7 67 76

Left
36 47 50x
37 40x
73 04x
63 74 05x
Best: XOR-NOT36 47: 2

Right
67 56x
76 65x
Best: XOR-NOT67: 1

Selecting

Lefts
Identity none
NOT none
Constant none
AND none
OR none
XOR none
AND-NOT none
OR-NOT none
XOR-NOT XOR-NOT36 47: 2

Rights
Identity none
NOT none
Constant C1 1 1: 3
AND none
OR OR45: 1
XOR none
AND-NOT none
OR-NOT OR-NOT67: 1
XOR-NOT XOR-NOT67: 1

Left longest: 2
Right longest: 3

Right winner: Identity no, NOT no, Constant yes, AND no, OR no, XOR no, AND-NOT no, OR-NOT no, XOR-NOT no
Left winner: Identity no, NOT no, Constant no, AND no, OR no, XOR no, AND-NOT no, OR-NOT no, XOR-NOT yes

Best right: C1 1 1: 3
Best left: XOR-NOT36 47: 2

Truncated right: C1 1 1: 3
Truncated left: XOR-NOT36 47: 2

Tentative from right
7 C1
6 C1
5 C1
4 pending
3 pending
2 pending
1 pending
0 pending

Tentative
0 XOR-NOT36
1 XOR-NOT47
2 pending
3 pending
4 pending
5 C1
6 C1
7 C1

Preferred from right
7 C1
6 C1
5 C1
4 pending
3 pending
2 pending
1 XOR-NOT47
0 XOR-NOT36

Preferred from left
0 XOR-NOT36
1 XOR-NOT47
2 ?50
3 ?61
4 ?72
5 C1
6 C1
7 C1

Preferred
0 XOR-NOT36
1 XOR-NOT47
2 ?50 ?05
3 ?61 ?16
4 ?72 ?27
5 C1
6 C1
7 C1

Matching
0 XOR-NOT36
1 XOR-NOT47
2 ?50 ?05 - Identity absent, NOT NOT5, Constant absent, AND absent, OR absent, XOR absent, AND-NOT05, OR-NOT absent, XOR-NOT absent
3 ?61 ?16 - Identity absent, NOT NOT6, Constant absent, AND absent, OR absent, XOR absent, AND-NOT absent, OR-NOT absent, XOR-NOT absent
4 ?72 ?27 - Identity absent, NOT NOT7, Constant absent, AND absent, OR absent, XOR absent, AND-NOT absent, OR-NOT absent, XOR-NOT absent
5 C1
6 C1
7 C1

Perfect match
Identity no
NOT yes
Constant no
AND no
OR no
XOR no
AND-NOT no
OR-NOT no
XOR-NOT no

Matched
0 XOR-NOT36
1 XOR-NOT47
2 NOT5
3 NOT6
4 NOT7
5 C1
6 C1
7 C1

Selected
0 XOR-NOT36
1 XOR-NOT47
2 NOT5
3 NOT6
4 NOT7
5 C1
6 C1
7 C1

Applying to 10100000
Input
0 1
1 0
2 1
3 0
4 0
5 0
6 0
7 0
Output
0 XOR-NOT36 = XOR(0,NOT(0)) = 1
1 XOR-NOT47 = XOR(0,NOT(0)) = 1
2 NOT5 = NOT(0) = 1
3 NOT6 = NOT(0) = 1
4 NOT7 = NOT(0) = 1
5 C1 = 1
6 C1 = 1
7 C1 = 1

I will now return the answer in \boxed{}
The answer in \boxed{–} is \boxed{11111111}
[correct]
true
