[category]
bit_manipulation
[prompt]
In Alice's Wonderland, a secret bit manipulation rule transforms 8-bit binary numbers. The transformation involves operations like bit shifts, rotations, XOR, AND, OR, NOT, and possibly majority or choice functions.

Here are some examples of input -> output:
11111010 -> 11111110
10000100 -> 11101101
01001100 -> 10111111
10110100 -> 10101101
10001010 -> 10100111
00110011 -> 10100111
01010111 -> 00001111
00001111 -> 10111011
10111010 -> 11101111
00110100 -> 10001111

Now, determine the output for: 11101010
[completion]
We need to deduce the transformation by matching the example outputs.
I will put my final answer inside \boxed{}.

Output 0: 11111110
0 1
1 1
2 1
3 1
4 1
5 1
6 1
7 0

Output 1: 11101101
0 1
1 1
2 1
3 0
4 1
5 1
6 0
7 1

Output 2: 10111111
0 1
1 0
2 1
3 1
4 1
5 1
6 1
7 1

Output 3: 10101101
0 1
1 0
2 1
3 0
4 1
5 1
6 0
7 1

Output 4: 10100111
0 1
1 0
2 1
3 0
4 0
5 1
6 1
7 1

Output 5: 10100111
0 1
1 0
2 1
3 0
4 0
5 1
6 1
7 1

Output 6: 00001111
0 0
1 0
2 0
3 0
4 1
5 1
6 1
7 1

Output 7: 10111011
0 1
1 0
2 1
3 1
4 1
5 0
6 1
7 1

Output 8: 11101111
0 1
1 1
2 1
3 0
4 1
5 1
6 1
7 1

Output 9: 10001111
0 1
1 0
2 0
3 0
4 1
5 1
6 1
7 1

Output bit columns (with bitsum as hash)
0 1111110111 9
1 1100000010 3
2 1111110110 8
3 1010000100 3
4 1111001111 8
5 1111111011 9
6 1010111111 8
7 0111111111 9

Input 0: 11111010
0 1
1 1
2 1
3 1
4 1
5 0
6 1
7 0

Input 1: 10000100
0 1
1 0
2 0
3 0
4 0
5 1
6 0
7 0

Input 2: 01001100
0 0
1 1
2 0
3 0
4 1
5 1
6 0
7 0

Input 3: 10110100
0 1
1 0
2 1
3 1
4 0
5 1
6 0
7 0

Input 4: 10001010
0 1
1 0
2 0
3 0
4 1
5 0
6 1
7 0

Input 5: 00110011
0 0
1 0
2 1
3 1
4 0
5 0
6 1
7 1

Input 6: 01010111
0 0
1 1
2 0
3 1
4 0
5 1
6 1
7 1

Input 7: 00001111
0 0
1 0
2 0
3 0
4 1
5 1
6 1
7 1

Input 8: 10111010
0 1
1 0
2 1
3 1
4 1
5 0
6 1
7 0

Input 9: 00110100
0 0
1 0
2 1
3 1
4 0
5 1
6 0
7 0

When matching output
x: not in operator
y: wrong position

Identity
0 1101100010 5
1 1010001000 3
2 1001010011 5
3 1001011011 6
4 1010100110 5
5 0111001101 6
6 1000111110 6
7 0000011100 3

Matching output
0 absent
1 absent
2 absent
3 absent
4 absent
5 absent
6 absent
7 absent

Left
none
Best: none

Right
none
Best: none

NOT
0 0010011101 5
1 0101110111 7
2 0110101100 5
3 0110100100 4
4 0101011001 5
5 1000110010 4
6 0111000001 4
7 1111100011 7

Matching output
0 absent
1 absent
2 absent
3 absent
4 absent
5 absent
6 absent
7 absent

Left
none
Best: none

Right
none
Best: none

Constant
0 0000000000 a
1 1111111111 a

Matching output
0 absent
1 absent
2 absent
3 absent
4 absent
5 absent
6 absent
7 absent

Left
none
Best: none

Right
none
Best: none

AND
01 10 1000000000 1
12 21 1000000000 1
23 32 1001010011 5
34 43 1000000010 2
45 54 0010000100 2
56 65 0000001100 2
67 76 0000011100 3
70 07 0000000000 a

02 20 1001000010 3
13 31 1000001000 2
24 42 1000000010 2
35 53 0001001001 3
46 64 1000100110 4
57 75 0000001100 2
60 06 1000100010 3
71 17 0000001000 1

03 30 1001000010 3
14 41 1010000000 2
25 52 0001000001 2
36 63 1000011010 4
47 74 0000000100 1
50 05 0101000000 2
61 16 1000001000 2
72 27 0000010000 1

04 40 1000100010 3
15 51 0010001000 2
26 62 1000010010 3
37 73 0000011000 2

Matching output
0 absent
1 absent
2 absent
3 absent
4 absent
5 absent
6 absent
7 absent

Left
none
Best: none

Right
none
Best: none

OR
01 10 1111101010 7
12 21 1011011011 7
23 32 1001011011 6
34 43 1011111111 9
45 54 1111101111 9
56 65 1111111111 a
67 76 1000111110 6
70 07 1101111110 8

02 20 1101110011 7
13 31 1011011011 7
24 42 1011110111 8
35 53 1111011111 9
46 64 1010111110 7
57 75 0111011101 7
60 06 1101111110 8
71 17 1010011100 5

03 30 1101111011 8
14 41 1010101110 6
25 52 1111011111 9
36 63 1001111111 8
47 74 1010111110 7
50 05 1111101111 9
61 16 1010111110 7
72 27 1001011111 7

04 40 1111100110 7
15 51 1111001101 7
26 62 1001111111 8
37 73 1001011111 7

Matching output
0 absent
1 absent
2 absent
3 absent
4 absent
5 absent
6 absent
7 absent

Left
none
Best: none

Right
none
Best: none

XOR
01 10 0111101010 6
12 21 0011011011 6
23 32 0000001000 1
34 43 0011111101 7
45 54 1101101011 7
56 65 1111110011 8
67 76 1000100010 3
70 07 1101111110 8

02 20 0100110001 4
13 31 0011010011 5
24 42 0011110101 6
35 53 1110010110 6
46 64 0010011000 3
57 75 0111010001 5
60 06 0101011100 5
71 17 1010010100 4

03 30 0100111001 5
14 41 0000101110 4
25 52 1110011110 7
36 63 0001100101 4
47 74 1010111010 6
50 05 1010101111 7
61 16 0010110110 5
72 27 1001001111 6

04 40 0111000100 4
15 51 1101000101 5
26 62 0001101101 5
37 73 1001000111 5

Matching output
0 absent
1 absent
2 absent
3 absent
4 absent
5 absent
6 absent
7 absent

Left
none
Best: none

Right
none
Best: none

AND-NOT
01 0101100010 4
12 0010001000 2
23 0000000000 a
34 0001011001 4
45 1000100010 3
56 0111000001 4
67 1000100010 3
70 0000011100 3

02 0100100000 2
13 0010000000 1
24 0001010001 3
35 1000010010 3
46 0010000000 1
57 0111000001 4
60 0000011100 3
71 0000010100 2

03 0100100000 2
14 0000001000 1
25 1000010010 3
36 0001000001 2
47 1010100010 4
50 0010001101 4
61 0000110110 4
72 0000001100 2

04 0101000000 2
15 1000000000 1
26 0001000001 2
37 1001000011 4
40 0010000100 2
51 0101000101 4
62 0000101100 3
73 0000000100 1

05 1000100010 3
16 0010000000 1
27 1001000011 4
30 0000011001 3
41 0000100110 3
52 0110001100 4
63 0000100100 2
74 0000011000 2

06 0101000000 2
17 1010000000 2
20 0000010001 2
31 0001010011 4
42 0010100100 3
53 0110000100 3
64 0000011000 2
75 0000010000 1

07 1101100010 5
10 0010001000 2
21 0001010011 4
32 0000001000 1
43 0010100100 3
54 0101001001 4
65 1000110010 4
76 0000000000 a

Matching output
0 absent
1 absent
2 absent
3 absent
4 absent
5 absent
6 absent
7 absent

Left
none
Best: none

Right
none
Best: none

OR-NOT
01 1101110111 8
12 1110101100 6
23 1111110111 9 match 0
34 1101011011 7
45 1010110110 6
56 0111001101 6
67 1111111111 a
70 0010011101 5

02 1111101110 8
13 1110101100 6
24 1101011011 7
35 1001111011 7
46 1111100111 8
57 1111101111 9
60 1010111111 8 match 6
71 0101111111 8

03 1111100110 7
14 1111011001 7
25 1001110011 6
36 1111011011 8
47 1111100111 8
50 0111011101 7
61 1101111111 9
72 0110111100 6

04 1101111011 8
15 1010111010 6
26 1111010011 7
37 1111111011 9 match 5
40 1010111111 8 match 6
51 0111111111 9 match 7
62 1110111110 8
73 0110111100 6

05 1101110010 6
16 1111001001 6
27 1111110011 8
30 1011011111 8
41 1111110111 9 match 0
52 0111101101 7
63 1110111110 8
74 0101011101 6

06 1111100011 7
17 1111101011 8
20 1011011111 8
31 1101111111 9
42 1110101110 7
53 0111101101 7
64 1101111111 9
75 1000111110 6

07 1111100011 7
10 1010011101 6
21 1101110111 8
32 1111111111 a
43 1110100110 6
54 0111011101 7
65 1000111110 6
76 0111011101 7

Matching output
0 23 41
1 absent
2 absent
3 absent
4 absent
5 37
6 60 40
7 51

Left
23 34x
41 52x
Best: OR-NOT23: 1

Right
51 40 37 26x
Best: OR-NOT51 40 37: 3

XOR-NOT
01 1000010101 4
12 1100100100 4
23 1111110111 9 match 0
34 1100000010 3 match 1
45 0010010100 3
56 0000001100 2
67 0111011101 7
70 0010000001 2

02 1011001110 6
13 1100101100 5
24 1100001010 4
35 0001101001 4
46 1101100111 7
57 1000101110 5
60 1010100011 5
71 0101101011 6

03 1011000110 5
14 1111010001 6
25 0001100001 3
36 1110011010 6
47 0101000101 4
50 0101010000 3
61 1101001001 5
72 0110110000 4

04 1000111011 6
15 0010111010 5
26 1110010010 5
37 0110111000 5
40 1000111011 6
51 0010111010 5
62 1110010010 5
73 0110111000 5

05 0101010000 3
16 1101001001 5
27 0110110000 4
30 1011000110 5
41 1111010001 6
52 0001100001 3
63 1110011010 6
74 0101000101 4

06 1010100011 5
17 0101101011 6
20 1011001110 6
31 1100101100 5
42 1100001010 4
53 0001101001 4
64 1101100111 7
75 1000101110 5

07 0010000001 2
10 1000010101 4
21 1100100100 4
32 1111110111 9 match 0
43 1100000010 3 match 1
54 0010010100 3
65 0000001100 2
76 0111011101 7

Matching output
0 23 32
1 34 43
2 absent
3 absent
4 absent
5 absent
6 absent
7 absent

Left
23 34 45x
32 43 54x
Best: XOR-NOT23 34: 2

Right
none
Best: none

Selecting

Lefts
Identity none
NOT none
Constant none
AND none
OR none
XOR none
AND-NOT none
OR-NOT OR-NOT23: 1
XOR-NOT XOR-NOT23 34: 2

Rights
Identity none
NOT none
Constant none
AND none
OR none
XOR none
AND-NOT none
OR-NOT OR-NOT51 40 37: 3
XOR-NOT none

Left longest: 2
Right longest: 3

Right winner: Identity no, NOT no, Constant no, AND no, OR no, XOR no, AND-NOT no, OR-NOT yes, XOR-NOT no
Left winner: Identity no, NOT no, Constant no, AND no, OR no, XOR no, AND-NOT no, OR-NOT no, XOR-NOT yes

Best right: OR-NOT51 40 37: 3
Best left: XOR-NOT23 34: 2

Truncated right: OR-NOT51 40 37: 3
Truncated left: XOR-NOT23 34: 2

Tentative from right
7 OR-NOT51
6 OR-NOT40
5 OR-NOT37
4 pending
3 pending
2 pending
1 pending
0 pending

Tentative
0 XOR-NOT23
1 XOR-NOT34
2 pending
3 pending
4 pending
5 OR-NOT37
6 OR-NOT40
7 OR-NOT51

Preferred from right
7 OR-NOT51
6 OR-NOT40
5 OR-NOT37
4 ?26
3 ?15
2 ?04
1 XOR-NOT34
0 XOR-NOT23

Preferred from left
0 XOR-NOT23
1 XOR-NOT34
2 ?04
3 ?15
4 ?26
5 OR-NOT37
6 OR-NOT40
7 OR-NOT51

Preferred
0 XOR-NOT23
1 XOR-NOT34
2 ?04 ?40
3 ?15 ?51
4 ?26 ?62
5 OR-NOT37
6 OR-NOT40
7 OR-NOT51

Matching
0 XOR-NOT23
1 XOR-NOT34
2 ?04 ?40 - Identity absent, NOT absent, Constant absent, AND absent, OR absent, XOR absent, AND-NOT absent, OR-NOT absent, XOR-NOT absent
3 ?15 ?51 - Identity absent, NOT absent, Constant absent, AND absent, OR absent, XOR absent, AND-NOT absent, OR-NOT absent, XOR-NOT absent
4 ?26 ?62 - Identity absent, NOT absent, Constant absent, AND absent, OR absent, XOR absent, AND-NOT absent, OR-NOT absent, XOR-NOT absent
5 OR-NOT37
6 OR-NOT40
7 OR-NOT51

Perfect match
Identity no
NOT no
Constant no
AND no
OR no
XOR no
AND-NOT no
OR-NOT no
XOR-NOT no

Matched
0 XOR-NOT23
1 XOR-NOT34
2 none
3 none
4 none
5 OR-NOT37
6 OR-NOT40
7 OR-NOT51

Selected
0 XOR-NOT23
1 XOR-NOT34
2 default 1
3 default 1
4 default 1
5 OR-NOT37
6 OR-NOT40
7 OR-NOT51

Applying to 11101010
Input
0 1
1 1
2 1
3 0
4 1
5 0
6 1
7 0
Output
0 XOR-NOT23 = XOR(1,NOT(0)) = 0
1 XOR-NOT34 = XOR(0,NOT(1)) = 0
2 default 1 = 1
3 default 1 = 1
4 default 1 = 1
5 OR-NOT37 = OR(0,NOT(0)) = 1
6 OR-NOT40 = OR(1,NOT(1)) = 1
7 OR-NOT51 = OR(0,NOT(1)) = 0

I will now return the answer in \boxed{}
The answer in \boxed{–} is \boxed{00111110}
[correct]
true
