[category]
bit_manipulation
[prompt]
In Alice's Wonderland, a secret bit manipulation rule transforms 8-bit binary numbers. The transformation involves operations like bit shifts, rotations, XOR, AND, OR, NOT, and possibly majority or choice functions.

Here are some examples of input -> output:
11001001 -> 01110011
01100110 -> 10011001
00111011 -> 11001110
11011000 -> 00110111
01001010 -> 10010010
10101011 -> 11101011
11100010 -> 10111001
10110101 -> 01101101

Now, determine the output for: 10110110
[completion]
We need to deduce the transformation by matching the example outputs.
I will put my final answer inside \boxed{}.

Output 0: 01110011
0 0
1 1
2 1
3 1
4 0
5 0
6 1
7 1

Output 1: 10011001
0 1
1 0
2 0
3 1
4 1
5 0
6 0
7 1

Output 2: 11001110
0 1
1 1
2 0
3 0
4 1
5 1
6 1
7 0

Output 3: 00110111
0 0
1 0
2 1
3 1
4 0
5 1
6 1
7 1

Output 4: 10010010
0 1
1 0
2 0
3 1
4 0
5 0
6 1
7 0

Output 5: 11101011
0 1
1 1
2 1
3 0
4 1
5 0
6 1
7 1

Output 6: 10111001
0 1
1 0
2 1
3 1
4 1
5 0
6 0
7 1

Output 7: 01101101
0 0
1 1
2 1
3 0
4 1
5 1
6 0
7 1

Output bit columns (with bitsum as hash)
0 01101110 5
1 10100101 4
2 10010111 5
3 11011010 5
4 01100111 5
5 00110001 3
6 10111100 5
7 11010111 6

Input 0: 11001001
0 1
1 1
2 0
3 0
4 1
5 0
6 0
7 1

Input 1: 01100110
0 0
1 1
2 1
3 0
4 0
5 1
6 1
7 0

Input 2: 00111011
0 0
1 0
2 1
3 1
4 1
5 0
6 1
7 1

Input 3: 11011000
0 1
1 1
2 0
3 1
4 1
5 0
6 0
7 0

Input 4: 01001010
0 0
1 1
2 0
3 0
4 1
5 0
6 1
7 0

Input 5: 10101011
0 1
1 0
2 1
3 0
4 1
5 0
6 1
7 1

Input 6: 11100010
0 1
1 1
2 1
3 0
4 0
5 0
6 1
7 0

Input 7: 10110101
0 1
1 0
2 1
3 1
4 0
5 1
6 0
7 1

When matching output
x: not in operator
y: wrong position

Identity
0 10010111 5 match 2
1 11011010 5 match 3
2 01100111 5 match 4
3 00110001 3 match 5
4 10111100 5 match 6
5 01000001 2
6 01101110 5 match 0
7 10100101 4 match 1

Matching output
0 6
1 7
2 0
3 1
4 2
5 3
6 4
7 absent

Left
6 7 0 1 2 3 4 5x
Best: I6 7 0 1 2 3 4: 7

Right
none
Best: none

NOT
0 01101000 3
1 00100101 3
2 10011000 3
3 11001110 5
4 01000011 3
5 10111110 6
6 10010001 3
7 01011010 4

Matching output
0 absent
1 absent
2 absent
3 absent
4 absent
5 absent
6 absent
7 absent

Left
none
Best: none

Right
none
Best: none

Constant
0 00000000 a
1 11111111 a

Matching output
0 absent
1 absent
2 absent
3 absent
4 absent
5 absent
6 absent
7 absent

Left
none
Best: none

Right
none
Best: none

AND
01 10 10010010 3
12 21 01000010 2
23 32 00100001 2
34 43 00110000 2
45 54 00000000 a
56 65 01000000 1
67 76 00100100 2
70 07 10000101 3

02 20 00000111 3
13 31 00010000 1
24 42 00100100 2
35 53 00000001 1
46 64 00101100 3
57 75 00000001 1
60 06 00000110 2
71 17 10000000 1

03 30 00010001 2
14 41 10011000 3
25 52 01000001 2
36 63 00100000 1
47 74 10100100 3
50 05 00000001 1
61 16 01001010 3
72 27 00100101 3

04 40 10010100 3
15 51 01000000 1
26 62 01100110 4
37 73 00100001 2

Matching output
0 absent
1 absent
2 absent
3 absent
4 absent
5 absent
6 absent
7 absent

Left
none
Best: none

Right
none
Best: none

OR
01 10 11011111 7
12 21 11111111 a
23 32 01110111 6
34 43 10111101 6
45 54 11111101 7
56 65 01101111 6
67 76 11101111 7
70 07 10110111 6

02 20 11110111 7
13 31 11111011 7
24 42 11111111 a
35 53 01110001 4
46 64 11111110 7
57 75 11100101 5
60 06 11111111 a
71 17 11111111 a

03 30 10110111 6
14 41 11111110 7
25 52 01100111 5 match 4
36 63 01111111 7
47 74 10111101 6
50 05 11010111 6 match 7
61 16 11111110 7
72 27 11100111 6

04 40 10111111 7
15 51 11011011 6
26 62 01101111 6
37 73 10110101 5

Matching output
0 absent
1 absent
2 absent
3 absent
4 25 52
5 absent
6 absent
7 50 05

Left
none
Best: none

Right
50 47x
05 74x
Best: OR50: 1

XOR
01 10 01001101 4
12 21 10111101 6
23 32 01010110 4
34 43 10001101 4
45 54 11111101 7
56 65 00101111 5
67 76 11001011 5
70 07 00110010 3

02 20 11110000 4
13 31 11101011 6
24 42 11011011 6
35 53 01110000 3
46 64 11010010 4
57 75 11100100 4
60 06 11111001 6
71 17 01111111 7

03 30 10100110 4
14 41 01100110 4
25 52 00100110 3
36 63 01011111 6
47 74 00011001 3
50 05 11010110 5
61 16 10110100 4
72 27 11000010 3

04 40 00101011 4
15 51 10011011 5
26 62 00001001 2
37 73 10010100 3

Matching output
0 absent
1 absent
2 absent
3 absent
4 absent
5 absent
6 absent
7 absent

Left
none
Best: none

Right
none
Best: none

AND-NOT
01 00000101 2
12 10011000 3
23 01000110 3
34 00000001 1
45 10111100 5 match 6
56 00000001 1
67 01001010 3
70 00100000 1

02 10010000 2
13 11001010 4
24 01000011 3
35 00110000 2
46 10010000 2
57 01000000 1
60 01101000 3
71 00100101 3

03 10000110 3
14 01000010 2
25 00100110 3
36 00010001 2
47 00011000 2
50 01000000 1
61 00100100 2
72 10000000 1

04 00000011 2
15 10011010 4
26 00000001 1
37 00010000 1
40 00101000 2
51 00000001 1
62 00001000 1
73 10000100 2

05 10010110 4
16 10010000 2
27 01000010 2
30 00100000 1
41 00100100 2
52 00000000 a
63 01001110 4
74 00000001 1

06 10010001 3
17 01011010 4
20 01100000 2
31 00100001 2
42 10011000 3
53 01000000 1
64 01000010 2
75 10100100 3

07 00010010 2
10 01001000 2
21 00100101 3
32 00010000 1
43 10001100 3
54 01000001 2
65 00101110 4
76 10000001 2

Matching output
0 absent
1 absent
2 absent
3 absent
4 absent
5 absent
6 45
7 absent

Left
none
Best: none

Right
none
Best: none

OR-NOT
01 10110111 6
12 11011010 5 match 3
23 11101111 7
34 01110011 5
45 10111110 6
56 11010001 4
67 01111110 6
70 11101101 6

02 10011111 6
13 11011110 6
24 01100111 5 match 4
35 10111111 7
46 10111101 6
57 01011011 5
60 01101110 5 match 0
71 10100101 4 match 1

03 11011111 7
14 11011011 6
25 11111111 a
36 10110001 4
47 11111110 7
50 01101001 4
61 01101111 6
72 10111101 6

04 11010111 6 match 7
15 11111110 7
26 11110111 7
37 01111011 6
40 11111100 6
51 01100101 4
62 11111110 7
73 11101111 7

05 10111111 7
16 11011011 6
27 01111111 7
30 01111001 5
41 10111101 6
52 11011001 5
63 11101110 6
74 11100111 6

06 10010111 5 match 2
17 11011010 5 match 3
20 01101111 6
31 00110101 4
42 10111100 5 match 6
53 11001111 6
64 01101111 6
75 10111111 7

07 11011111 7
10 11111010 6
21 01100111 5 match 4
32 10111001 5
43 11111110 7
54 01000011 3
65 11111110 7
76 10110101 5

Matching output
0 60
1 71
2 06
3 12 17
4 24 21
5 absent
6 42
7 04

Left
60 71 02x
Best: OR-NOT60 71: 2

Right
04 73x
Best: OR-NOT04: 1

XOR-NOT
01 10110010 4
12 01000010 2
23 10101001 4
34 01110010 4
45 00000010 1
56 11010000 3
67 00110100 3
70 11001101 5

02 00001111 4
13 00010100 2
24 00100100 2
35 10001111 5
46 00101101 4
57 00011011 4
60 00000110 2
71 10000000 1

03 01011001 4
14 10011001 4
25 11011001 5
36 10100000 2
47 11100110 5
50 00101001 3
61 01001011 4
72 00111101 5

04 11010100 4
15 01100100 3
26 11110110 6
37 01101011 5
40 11010100 4
51 01100100 3
62 11110110 6
73 01101011 5

05 00101001 3
16 01001011 4
27 00111101 5
30 01011001 4
41 10011001 4
52 11011001 5
63 10100000 2
74 11100110 5

06 00000110 2
17 10000000 1
20 00001111 4
31 00010100 2
42 00100100 2
53 10001111 5
64 00101101 4
75 00011011 4

07 11001101 5
10 10110010 4
21 01000010 2
32 10101001 4
43 01110010 4
54 00000010 1
65 11010000 3
76 00110100 3

Matching output
0 absent
1 absent
2 absent
3 absent
4 absent
5 absent
6 absent
7 absent

Left
none
Best: none

Right
none
Best: none

Selecting

Lefts
Identity I6 7 0 1 2 3 4: 7
NOT none
Constant none
AND none
OR none
XOR none
AND-NOT none
OR-NOT OR-NOT60 71: 2
XOR-NOT none

Rights
Identity none
NOT none
Constant none
AND none
OR OR50: 1
XOR none
AND-NOT none
OR-NOT OR-NOT04: 1
XOR-NOT none

Left longest: 7
Right longest: 1

Left winner: Identity yes, NOT no, Constant no, AND no, OR no, XOR no, AND-NOT no, OR-NOT no, XOR-NOT no
Right winner: Identity no, NOT no, Constant no, AND no, OR yes, XOR no, AND-NOT no, OR-NOT no, XOR-NOT no

Best left: I6 7 0 1 2 3 4: 7
Best right: OR50: 1

Truncated left: I6 7 0 1 2 3 4: 7
Truncated right: OR50: 1

Tentative from right
7 OR50
6 pending
5 pending
4 pending
3 pending
2 pending
1 pending
0 pending

Tentative
0 I6
1 I7
2 I0
3 I1
4 I2
5 I3
6 I4
7 OR50

Preferred from left
0 I6
1 I7
2 I0
3 I1
4 I2
5 I3
6 I4
7 OR50

Preferred from right
7 OR50
6 I4
5 I3
4 I2
3 I1
2 I0
1 I7
0 I6

Preferred
0 I6
1 I7
2 I0
3 I1
4 I2
5 I3
6 I4
7 OR50

Matching
0 I6
1 I7
2 I0
3 I1
4 I2
5 I3
6 I4
7 OR50

Perfect match
Identity no
NOT no
Constant no
AND no
OR no
XOR no
AND-NOT no
OR-NOT no
XOR-NOT no

Matched
0 I6
1 I7
2 I0
3 I1
4 I2
5 I3
6 I4
7 OR50

Selected
0 I6
1 I7
2 I0
3 I1
4 I2
5 I3
6 I4
7 OR50

Applying to 10110110
Input
0 1
1 0
2 1
3 1
4 0
5 1
6 1
7 0
Output
0 I6 = 1
1 I7 = 0
2 I0 = 1
3 I1 = 0
4 I2 = 1
5 I3 = 1
6 I4 = 0
7 OR50 = OR(1,1) = 1

I will now return the answer in \boxed{}
The answer in \boxed{–} is \boxed{10101101}
[correct]
true
