[category]
bit_manipulation
[prompt]
In Alice's Wonderland, a secret bit manipulation rule transforms 8-bit binary numbers. The transformation involves operations like bit shifts, rotations, XOR, AND, OR, NOT, and possibly majority or choice functions.

Here are some examples of input -> output:
10011000 -> 00100110
10110000 -> 00101100
10011110 -> 10100111
01011010 -> 10010110
00111100 -> 00001111
11110110 -> 10111101
00110111 -> 11001101
11111010 -> 10111110

Now, determine the output for: 11010000
[completion]
We need to deduce the transformation by matching the example outputs.
I will put my final answer inside \boxed{}.

Output 0: 00100110
0 0
1 0
2 1
3 0
4 0
5 1
6 1
7 0

Output 1: 00101100
0 0
1 0
2 1
3 0
4 1
5 1
6 0
7 0

Output 2: 10100111
0 1
1 0
2 1
3 0
4 0
5 1
6 1
7 1

Output 3: 10010110
0 1
1 0
2 0
3 1
4 0
5 1
6 1
7 0

Output 4: 00001111
0 0
1 0
2 0
3 0
4 1
5 1
6 1
7 1

Output 5: 10111101
0 1
1 0
2 1
3 1
4 1
5 1
6 0
7 1

Output 6: 11001101
0 1
1 1
2 0
3 0
4 1
5 1
6 0
7 1

Output 7: 10111110
0 1
1 0
2 1
3 1
4 1
5 1
6 1
7 0

Output bit columns (with bitsum as hash)
0 00110111 5
1 00000010 1
2 11100101 5
3 00010101 3
4 01001111 5
5 11111111 a
6 10111001 5
7 00101110 4

Input 0: 10011000
0 1
1 0
2 0
3 1
4 1
5 0
6 0
7 0

Input 1: 10110000
0 1
1 0
2 1
3 1
4 0
5 0
6 0
7 0

Input 2: 10011110
0 1
1 0
2 0
3 1
4 1
5 1
6 1
7 0

Input 3: 01011010
0 0
1 1
2 0
3 1
4 1
5 0
6 1
7 0

Input 4: 00111100
0 0
1 0
2 1
3 1
4 1
5 1
6 0
7 0

Input 5: 11110110
0 1
1 1
2 1
3 1
4 0
5 1
6 1
7 0

Input 6: 00110111
0 0
1 0
2 1
3 1
4 0
5 1
6 1
7 1

Input 7: 11111010
0 1
1 1
2 1
3 1
4 1
5 0
6 1
7 0

When matching output
x: not in operator
y: wrong position

Identity
0 11100101 5 match 2
1 00010101 3 match 3
2 01001111 5 match 4
3 11111111 a match 5
4 10111001 5 match 6
5 00101110 4 match 7
6 00110111 5 match 0
7 00000010 1 match 1

Matching output
0 6
1 7
2 0
3 1
4 2
5 3
6 4
7 5

Left
6 7 0 1 2 3 4 5
Best: I6 7 0 1 2 3 4 5: 8

Right
5 4 3 2 1 0 7 6
Best: I5 4 3 2 1 0 7 6: 8

NOT
0 00011010 3
1 11101010 5
2 10110000 3
3 00000000 a
4 01000110 3
5 11010001 4
6 11001000 3
7 11111101 7

Matching output
0 absent
1 absent
2 absent
3 absent
4 absent
5 absent
6 absent
7 absent

Left
none
Best: none

Right
none
Best: none

Constant
0 00000000 a
1 11111111 a match 5

Matching output
0 absent
1 absent
2 absent
3 absent
4 absent
5 C1
6 absent
7 absent

Left
none
Best: none

Right
none
Best: none

AND
01 10 00000101 2
12 21 00000101 2
23 32 01001111 5 match 4
34 43 10111001 5 match 6
45 54 00101000 2
56 65 00100110 3
67 76 00000010 1 match 1
70 07 00000000 a

02 20 01000101 3
13 31 00010101 3 match 3
24 42 00001001 2
35 53 00101110 4 match 7
46 64 00110001 3
57 75 00000010 1 match 1
60 06 00100101 3
71 17 00000000 a

03 30 11100101 5 match 2
14 41 00010001 2
25 52 00001110 3
36 63 00110111 5 match 0
47 74 00000000 a
50 05 00100100 2
61 16 00010101 3 match 3
72 27 00000010 1 match 1

04 40 10100001 3
15 51 00000100 1
26 62 00000111 3
37 73 00000010 1 match 1

Matching output
0 36 63
1 67 76 57 75 72 27 37 73
2 03 30
3 13 31 61 16
4 23 32
5 absent
6 34 43
7 35 53

Left
36 47x
63 74x
Best: AND36: 1

Right
35 24x
53 42x
Best: AND35: 1

OR
01 10 11110101 6
12 21 01011111 6
23 32 11111111 a match 5
34 43 11111111 a match 5
45 54 10111111 7
56 65 00111111 6
67 76 00110111 5 match 0
70 07 11100111 6

02 20 11101111 7
13 31 11111111 a match 5
24 42 11111111 a match 5
35 53 11111111 a match 5
46 64 10111111 7
57 75 00101110 4 match 7
60 06 11110111 7
71 17 00010111 4

03 30 11111111 a match 5
14 41 10111101 6
25 52 01101111 6
36 63 11111111 a match 5
47 74 10111011 6
50 05 11101111 7
61 16 00110111 5 match 0
72 27 01001111 5 match 4

04 40 11111101 7
15 51 00111111 6
26 62 01111111 7
37 73 11111111 a match 5

Matching output
0 67 76 61 16
1 absent
2 absent
3 absent
4 72 27
5 23 32 34 43 13 31 24 42 35 53 03 30 36 63 37 73
6 absent
7 57 75

Left
67 70x
76 07x
61 72y
16 27y
Best: OR67: 1

Right
57 46x
75 64x
Best: OR57: 1

XOR
01 10 11110000 4
12 21 01011010 4
23 32 10110000 3
34 43 01000110 3
45 54 10010111 5
56 65 00011001 3
67 76 00110101 4
70 07 11100111 6

02 20 10101010 4
13 31 11101010 5
24 42 11110110 6
35 53 11010001 4
46 64 10001110 4
57 75 00101100 3
60 06 11010010 4
71 17 00010111 4

03 30 00011010 3
14 41 10101100 4
25 52 01100001 3
36 63 11001000 3
47 74 10111011 6
50 05 11001011 5
61 16 00100010 2
72 27 01001101 4

04 40 01011100 4
15 51 00111011 5
26 62 01111000 4
37 73 11111101 7

Matching output
0 absent
1 absent
2 absent
3 absent
4 absent
5 absent
6 absent
7 absent

Left
none
Best: none

Right
none
Best: none

AND-NOT
01 11100000 3
12 00010000 1
23 00000000 a
34 01000110 3
45 10010001 3
56 00001000 1
67 00110101 4
70 00000010 1 match 1

02 10100000 2
13 00000000 a
24 01000110 3
35 11010001 4
46 10001000 2
57 00101100 3
60 00010010 2
71 00000010 1 match 1

03 00000000 a
14 00000100 1
25 01000001 2
36 11001000 3
47 10111001 5 match 6
50 00001010 2
61 00100010 2
72 00000000 a

04 01000100 2
15 00010001 2
26 01001000 2
37 11111101 7
40 00011000 2
51 00101010 3
62 00110000 2
73 00000000 a

05 11000001 3
16 00000000 a
27 01001101 4
30 00011010 3
41 10101000 3
52 00100000 1
63 00000000 a
74 00000010 1 match 1

06 11000000 2
17 00010101 3 match 3
20 00001010 2
31 11101010 5
42 10110000 3
53 00000000 a
64 00000110 2
75 00000000 a

07 11100101 5 match 2
10 00010000 1
21 01001010 3
32 10110000 3
43 00000000 a
54 00000110 2
65 00010001 2
76 00000000 a

Matching output
0 absent
1 70 71 74
2 07
3 17
4 absent
5 absent
6 47
7 absent

Left
none
Best: none

Right
none
Best: none

OR-NOT
01 11101111 7
12 10110101 5
23 01001111 5 match 4
34 11111111 a match 5
45 11111001 6
56 11101110 6
67 11111111 a match 5
70 00011010 3

02 11110101 6
13 00010101 3 match 3
24 01001111 5 match 4
35 11111111 a match 5
46 11111001 6
57 11111111 a match 5
60 00111111 6
71 11101010 5

03 11100101 5 match 2
14 01010111 5
25 11011111 7
36 11111111 a match 5
47 11111101 7
50 00111110 5
61 11111111 a match 5
72 10110010 4

04 11100111 6
15 11010101 5
26 11001111 6
37 11111111 a match 5
40 10111011 6
51 11101110 6
62 10110111 6
73 00000010 1 match 1

05 11110101 6
16 11011101 6
27 11111111 a match 5
30 11111111 a match 5
41 11111011 7
52 10111110 6
63 00110111 5 match 0
74 01000110 3

06 11101101 6
17 11111101 7
20 01011111 6
31 11111111 a match 5
42 10111001 5 match 6
53 00101110 4 match 7
64 01110111 6
75 11010011 5

07 11111101 7
10 00011111 5
21 11101111 7
32 11111111 a match 5
43 10111001 5 match 6
54 01101110 5
65 11110111 7
76 11001010 4

Matching output
0 63
1 73
2 03
3 13
4 23 24
5 34 67 35 57 36 61 37 27 30 31 32
6 42 43
7 53

Left
63 74x
Best: OR-NOT63: 1

Right
53 42 31 20x
Best: OR-NOT53 42 31: 3

XOR-NOT
01 00001111 4
12 10100101 4
23 01001111 5 match 4
34 10111001 5 match 6
45 01101000 3
56 11100110 5
67 11001010 4
70 00011000 2

02 01010101 4
13 00010101 3 match 3
24 00001001 2
35 00101110 4 match 7
46 01110001 4
57 11010011 5
60 00101101 4
71 11101000 4

03 11100101 5 match 2
14 01010011 4
25 10011110 5
36 00110111 5 match 0
47 01000100 2
50 00110100 3
61 11011101 6
72 10110010 4

04 10100011 4
15 11000100 3
26 10000111 4
37 00000010 1 match 1
40 10100011 4
51 11000100 3
62 10000111 4
73 00000010 1 match 1

05 00110100 3
16 11011101 6
27 10110010 4
30 11100101 5 match 2
41 01010011 4
52 10011110 5
63 00110111 5 match 0
74 01000100 2

06 00101101 4
17 11101000 4
20 01010101 4
31 00010101 3 match 3
42 00001001 2
53 00101110 4 match 7
64 01110001 4
75 11010011 5

07 00011000 2
10 00001111 4
21 10100101 4
32 01001111 5 match 4
43 10111001 5 match 6
54 01101000 3
65 11100110 5
76 11001010 4

Matching output
0 36 63
1 37 73
2 03 30
3 13 31
4 23 32
5 absent
6 34 43
7 35 53

Left
36 47x
63 74x
Best: XOR-NOT36: 1

Right
35 24x
53 42x
Best: XOR-NOT35: 1

Selecting

Lefts
Identity I6 7 0 1 2 3 4 5: 8
NOT none
Constant none
AND AND36: 1
OR OR67: 1
XOR none
AND-NOT none
OR-NOT OR-NOT63: 1
XOR-NOT XOR-NOT36: 1

Rights
Identity I5 4 3 2 1 0 7 6: 8
NOT none
Constant none
AND AND35: 1
OR OR57: 1
XOR none
AND-NOT none
OR-NOT OR-NOT53 42 31: 3
XOR-NOT XOR-NOT35: 1

Left longest: 8
Right longest: 8

Left winner: Identity yes, NOT no, Constant no, AND no, OR no, XOR no, AND-NOT no, OR-NOT no, XOR-NOT no
Right winner: Identity yes, NOT no, Constant no, AND no, OR no, XOR no, AND-NOT no, OR-NOT no, XOR-NOT no

Best left: I6 7 0 1 2 3 4 5: 8
Best right: I5 4 3 2 1 0 7 6: 8

Truncated left: I6 7 0 1 2 3 4 5: 8
Truncated right: none truncated

Tentative from right
7 pending
6 pending
5 pending
4 pending
3 pending
2 pending
1 pending
0 pending

Tentative
0 I6
1 I7
2 I0
3 I1
4 I2
5 I3
6 I4
7 I5

Preferred from left
0 I6
1 I7
2 I0
3 I1
4 I2
5 I3
6 I4
7 I5

Preferred from right
7 I5
6 I4
5 I3
4 I2
3 I1
2 I0
1 I7
0 I6

Preferred
0 I6
1 I7
2 I0
3 I1
4 I2
5 I3
6 I4
7 I5

Matching
0 I6
1 I7
2 I0
3 I1
4 I2
5 I3
6 I4
7 I5

Perfect match
Identity no
NOT no
Constant no
AND no
OR no
XOR no
AND-NOT no
OR-NOT no
XOR-NOT no

Matched
0 I6
1 I7
2 I0
3 I1
4 I2
5 I3
6 I4
7 I5

Selected
0 I6
1 I7
2 I0
3 I1
4 I2
5 I3
6 I4
7 I5

Applying to 11010000
Input
0 1
1 1
2 0
3 1
4 0
5 0
6 0
7 0
Output
0 I6 = 0
1 I7 = 0
2 I0 = 1
3 I1 = 1
4 I2 = 0
5 I3 = 1
6 I4 = 0
7 I5 = 0

I will now return the answer in \boxed{}
The answer in \boxed{–} is \boxed{00110100}
[correct]
true
