[category]
bit_manipulation
[prompt]
In Alice's Wonderland, a secret bit manipulation rule transforms 8-bit binary numbers. The transformation involves operations like bit shifts, rotations, XOR, AND, OR, NOT, and possibly majority or choice functions.

Here are some examples of input -> output:
11000101 -> 11001010
10100100 -> 01110010
00000010 -> 00010001
11000100 -> 01000010
00000101 -> 10101010
00110011 -> 00000001
10010000 -> 11001000

Now, determine the output for: 01011010
[completion]
We need to deduce the transformation by matching the example outputs.
I will put my final answer inside \boxed{}.

Output 0: 11001010
0 1
1 1
2 0
3 0
4 1
5 0
6 1
7 0

Output 1: 01110010
0 0
1 1
2 1
3 1
4 0
5 0
6 1
7 0

Output 2: 00010001
0 0
1 0
2 0
3 1
4 0
5 0
6 0
7 1

Output 3: 01000010
0 0
1 1
2 0
3 0
4 0
5 0
6 1
7 0

Output 4: 10101010
0 1
1 0
2 1
3 0
4 1
5 0
6 1
7 0

Output 5: 00000001
0 0
1 0
2 0
3 0
4 0
5 0
6 0
7 1

Output 6: 11001000
0 1
1 1
2 0
3 0
4 1
5 0
6 0
7 0

Output bit columns (with bitsum as hash)
0 1000101 3
1 1101001 4
2 0100100 2
3 0110000 2
4 1000101 3
5 0000000 a
6 1101100 4
7 0010010 2

Input 0: 11000101
0 1
1 1
2 0
3 0
4 0
5 1
6 0
7 1

Input 1: 10100100
0 1
1 0
2 1
3 0
4 0
5 1
6 0
7 0

Input 2: 00000010
0 0
1 0
2 0
3 0
4 0
5 0
6 1
7 0

Input 3: 11000100
0 1
1 1
2 0
3 0
4 0
5 1
6 0
7 0

Input 4: 00000101
0 0
1 0
2 0
3 0
4 0
5 1
6 0
7 1

Input 5: 00110011
0 0
1 0
2 1
3 1
4 0
5 0
6 1
7 1

Input 6: 10010000
0 1
1 0
2 0
3 1
4 0
5 0
6 0
7 0

When matching output
x: not in operator
y: wrong position

Identity
0 1101001 4 match 1
1 1001000 2
2 0100010 2
3 0000011 2
4 0000000 a match 5
5 1101100 4 match 6
6 0010010 2 match 7
7 1000110 3

Matching output
0 absent
1 0
2 absent
3 absent
4 absent
5 4
6 5
7 6

Left
none
Best: none

Right
6 5 4 3x
Best: I6 5 4: 3

NOT
0 0010110 3
1 0110111 5
2 1011101 5
3 1111100 5
4 1111111 a
5 0010011 3
6 1101101 5
7 0111001 4

Matching output
0 absent
1 absent
2 absent
3 absent
4 absent
5 absent
6 absent
7 absent

Left
none
Best: none

Right
none
Best: none

Constant
0 0000000 a match 5
1 1111111 a

Matching output
0 absent
1 absent
2 absent
3 absent
4 absent
5 C0
6 absent
7 absent

Left
none
Best: none

Right
none
Best: none

AND
01 10 1001000 2
12 21 0000000 a match 5
23 32 0000010 1
34 43 0000000 a match 5
45 54 0000000 a match 5
56 65 0000000 a match 5
67 76 0000010 1
70 07 1000000 1

02 20 0100000 1
13 31 0000000 a match 5
24 42 0000000 a match 5
35 53 0000000 a match 5
46 64 0000000 a match 5
57 75 1000100 2
60 06 0000000 a match 5
71 17 1000000 1

03 30 0000001 1
14 41 0000000 a match 5
25 52 0100000 1
36 63 0000010 1
47 74 0000000 a match 5
50 05 1101000 3
61 16 0000000 a match 5
72 27 0000010 1

04 40 0000000 a match 5
15 51 1001000 2
26 62 0000010 1
37 73 0000010 1

Matching output
0 absent
1 absent
2 absent
3 absent
4 absent
5 12 21 34 43 45 54 56 65 13 31 24 42 35 53 46 64 60 06 14 41 47 74 61 16 04 40
6 absent
7 absent

Left
none
Best: none

Right
none
Best: none

OR
01 10 1101001 4 match 1
12 21 1101010 4
23 32 0100011 3
34 43 0000011 2
45 54 1101100 4 match 6
56 65 1111110 6
67 76 1010110 4
70 07 1101111 6

02 20 1101011 5
13 31 1001011 4
24 42 0100010 2
35 53 1101111 6
46 64 0010010 2 match 7
57 75 1101110 5
60 06 1111011 6
71 17 1001110 4

03 30 1101011 5
14 41 1001000 2
25 52 1101110 5
36 63 0010011 3
47 74 1000110 3
50 05 1101101 5
61 16 1011010 4
72 27 1100110 4

04 40 1101001 4 match 1
15 51 1101100 4 match 6
26 62 0110010 3
37 73 1000111 4

Matching output
0 absent
1 01 10 04 40
2 absent
3 absent
4 absent
5 absent
6 45 54 15 51
7 46 64

Left
none
Best: none

Right
46 35x
64 53x
Best: OR46: 1

XOR
01 10 0100001 2
12 21 1101010 4
23 32 0100001 2
34 43 0000011 2
45 54 1101100 4 match 6
56 65 1111110 6
67 76 1010100 3
70 07 0101111 5

02 20 1001011 4
13 31 1001011 4
24 42 0100010 2
35 53 1101111 6
46 64 0010010 2 match 7
57 75 0101010 3
60 06 1111011 6
71 17 0001110 3

03 30 1101010 4
14 41 1001000 2
25 52 1001110 4
36 63 0010001 2
47 74 1000110 3
50 05 0000101 2
61 16 1011010 4
72 27 1100100 3

04 40 1101001 4 match 1
15 51 0100100 2 match 2
26 62 0110000 2 match 3
37 73 1000101 3 match 0 4

Matching output
0 37 73
1 04 40
2 15 51
3 26 62
4 37 73
5 absent
6 45 54
7 46 64

Left
37 40 51 62 73 04y
73 04 15 26 37 40y
Best: XOR37 40 51 62 73: 5

Right
46 35x
64 53x
Best: XOR46: 1

AND-NOT
01 0100001 2
12 1001000 2
23 0100000 1
34 0000011 2
45 0000000 a match 5
56 1101100 4 match 6
67 0010000 1
70 0000110 2

02 1001001 3
13 1001000 2
24 0100010 2
35 0000011 2
46 0000000 a match 5
57 0101000 2
60 0010010 2 match 7
71 0000110 2

03 1101000 3
14 1001000 2
25 0000010 1
36 0000001 1
47 0000000 a match 5
50 0000100 1
61 0010010 2 match 7
72 1000100 2

04 1101001 4 match 1
15 0000000 a match 5
26 0100000 1
37 0000001 1
40 0000000 a match 5
51 0100100 2 match 2
62 0010000 1
73 1000100 2

05 0000001 1
16 1001000 2
27 0100000 1
30 0000010 1
41 0000000 a match 5
52 1001100 3
63 0010000 1
74 1000110 3

06 1101001 4 match 1
17 0001000 1
20 0000010 1
31 0000011 2
42 0000000 a match 5
53 1101100 4 match 6
64 0010010 2 match 7
75 0000010 1

07 0101001 3
10 0000000 a match 5
21 0100010 2
32 0000001 1
43 0000000 a match 5
54 1101100 4 match 6
65 0010010 2 match 7
76 1000100 2

Matching output
0 absent
1 04 06
2 51
3 absent
4 absent
5 45 46 47 15 40 41 42 10 43
6 56 53 54
7 60 61 64 65

Left
none
Best: none

Right
60 57x
61 50x
64 53 42 31x
65 54 43 32x
Best: AND-NOT64 53 42: 3

OR-NOT
01 1111111 a
12 1011101 5
23 1111110 6
34 1111111 a
45 0010011 3
56 1101101 5
67 0111011 5
70 1010110 4

02 1111101 6
13 1111100 5
24 1111111 a
35 0010011 3
46 1101101 5
57 1111101 6
60 0010110 3
71 1110111 6

03 1111101 6
14 1111111 a
25 0110011 4
36 1101111 6
47 0111001 4
50 1111110 6
61 0110111 5
72 1011111 6

04 1111111 a
15 1011011 5
26 1101111 6
37 0111011 5
40 0010110 3
51 1111111 a
62 1011111 6
73 1111110 6

05 1111011 6
16 1101101 5
27 0111011 5
30 0010111 4
41 0110111 5
52 1111101 6
63 1111110 6
74 1111111 a

06 1101101 5
17 1111001 5
20 0110110 4
31 0110111 5
42 1011101 5
53 1111100 5
64 1111111 a
75 1010111 5

07 1111001 5
10 1011110 5
21 0110111 5
32 1011111 6
43 1111100 5
54 1111111 a
65 0010011 3
76 1101111 6

Matching output
0 absent
1 absent
2 absent
3 absent
4 absent
5 absent
6 absent
7 absent

Left
none
Best: none

Right
none
Best: none

XOR-NOT
01 1011110 5
12 0010101 3
23 1011110 5
34 1111100 5
45 0010011 3
56 0000001 1
67 0101011 4
70 1010000 2

02 0110100 3
13 0110100 3
24 1011101 5
35 0010000 1
46 1101101 5
57 1010101 4
60 0000100 1
71 1110001 4

03 0010101 3
14 0110111 5
25 0110001 3
36 1101110 5
47 0111001 4
50 1111010 5
61 0100101 3
72 0011011 4

04 0010110 3
15 1011011 5
26 1001111 5
37 0111010 4
40 0010110 3
51 1011011 5
62 1001111 5
73 0111010 4

05 1111010 5
16 0100101 3
27 0011011 4
30 0010101 3
41 0110111 5
52 0110001 3
63 1101110 5
74 0111001 4

06 0000100 1
17 1110001 4
20 0110100 3
31 0110100 3
42 1011101 5
53 0010000 1
64 1101101 5
75 1010101 4

07 1010000 2
10 1011110 5
21 0010101 3
32 1011110 5
43 1111100 5
54 0010011 3
65 0000001 1
76 0101011 4

Matching output
0 absent
1 absent
2 absent
3 absent
4 absent
5 absent
6 absent
7 absent

Left
none
Best: none

Right
none
Best: none

Selecting

Lefts
Identity none
NOT none
Constant none
AND none
OR none
XOR XOR37 40 51 62 73: 5
AND-NOT none
OR-NOT none
XOR-NOT none

Rights
Identity I6 5 4: 3
NOT none
Constant none
AND none
OR OR46: 1
XOR XOR46: 1
AND-NOT AND-NOT64 53 42: 3
OR-NOT none
XOR-NOT none

Left longest: 5
Right longest: 3

Left winner: Identity no, NOT no, Constant no, AND no, OR no, XOR yes, AND-NOT no, OR-NOT no, XOR-NOT no
Right winner: Identity yes, NOT no, Constant no, AND no, OR no, XOR no, AND-NOT no, OR-NOT no, XOR-NOT no

Best left: XOR37 40 51 62 73: 5
Best right: I6 5 4: 3

Truncated left: XOR37 40 51 62 73: 5
Truncated right: I6 5 4: 3

Tentative from right
7 I6
6 I5
5 I4
4 pending
3 pending
2 pending
1 pending
0 pending

Tentative
0 XOR37
1 XOR40
2 XOR51
3 XOR62
4 XOR73
5 I4
6 I5
7 I6

Preferred from left
0 XOR37
1 XOR40
2 XOR51
3 XOR62
4 XOR73
5 I4
6 I5
7 I6

Preferred from right
7 I6
6 I5
5 I4
4 XOR73
3 XOR62
2 XOR51
1 XOR40
0 XOR37

Preferred
0 XOR37
1 XOR40
2 XOR51
3 XOR62
4 XOR73
5 I4
6 I5
7 I6

Matching
0 XOR37
1 XOR40
2 XOR51
3 XOR62
4 XOR73
5 I4
6 I5
7 I6

Perfect match
Identity no
NOT no
Constant no
AND no
OR no
XOR no
AND-NOT no
OR-NOT no
XOR-NOT no

Matched
0 XOR37
1 XOR40
2 XOR51
3 XOR62
4 XOR73
5 I4
6 I5
7 I6

Selected
0 XOR37
1 XOR40
2 XOR51
3 XOR62
4 XOR73
5 I4
6 I5
7 I6

Applying to 01011010
Input
0 0
1 1
2 0
3 1
4 1
5 0
6 1
7 0
Output
0 XOR37 = XOR(1,0) = 1
1 XOR40 = XOR(1,0) = 1
2 XOR51 = XOR(0,1) = 1
3 XOR62 = XOR(1,0) = 1
4 XOR73 = XOR(0,1) = 1
5 I4 = 1
6 I5 = 0
7 I6 = 1

I will now return the answer in \boxed{}
The answer in \boxed{–} is \boxed{11111101}
[correct]
true
