[category]
bit_manipulation
[prompt]
In Alice's Wonderland, a secret bit manipulation rule transforms 8-bit binary numbers. The transformation involves operations like bit shifts, rotations, XOR, AND, OR, NOT, and possibly majority or choice functions.

Here are some examples of input -> output:
01001000 -> 10100100
11110101 -> 00101010
11010001 -> 01111000
11111100 -> 10111110
11011100 -> 10101110
01101011 -> 10000101
10111001 -> 11001100
10101000 -> 11010100
10001011 -> 11110101

Now, determine the output for: 00010001
[completion]
We need to deduce the transformation by matching the example outputs.
I will put my final answer inside \boxed{}.

Output 0: 10100100
0 1
1 0
2 1
3 0
4 0
5 1
6 0
7 0

Output 1: 00101010
0 0
1 0
2 1
3 0
4 1
5 0
6 1
7 0

Output 2: 01111000
0 0
1 1
2 1
3 1
4 1
5 0
6 0
7 0

Output 3: 10111110
0 1
1 0
2 1
3 1
4 1
5 1
6 1
7 0

Output 4: 10101110
0 1
1 0
2 1
3 0
4 1
5 1
6 1
7 0

Output 5: 10000101
0 1
1 0
2 0
3 0
4 0
5 1
6 0
7 1

Output 6: 11001100
0 1
1 1
2 0
3 0
4 1
5 1
6 0
7 0

Output 7: 11010100
0 1
1 1
2 0
3 1
4 0
5 1
6 0
7 0

Output 8: 11110101
0 1
1 1
2 1
3 1
4 0
5 1
6 0
7 1

Output bit columns (with bitsum as hash)
0 100111111 7
1 001000111 4
2 111110001 6
3 001100011 4
4 011110100 5
5 100111111 7
6 010110000 3
7 000001001 2

Input 0: 01001000
0 0
1 1
2 0
3 0
4 1
5 0
6 0
7 0

Input 1: 11110101
0 1
1 1
2 1
3 1
4 0
5 1
6 0
7 1

Input 2: 11010001
0 1
1 1
2 0
3 1
4 0
5 0
6 0
7 1

Input 3: 11111100
0 1
1 1
2 1
3 1
4 1
5 1
6 0
7 0

Input 4: 11011100
0 1
1 1
2 0
3 1
4 1
5 1
6 0
7 0

Input 5: 01101011
0 0
1 1
2 1
3 0
4 1
5 0
6 1
7 1

Input 6: 10111001
0 1
1 0
2 1
3 1
4 1
5 0
6 0
7 1

Input 7: 10101000
0 1
1 0
2 1
3 0
4 1
5 0
6 0
7 0

Input 8: 10001011
0 1
1 0
2 0
3 0
4 1
5 0
6 1
7 1

When matching output
x: not in operator
y: wrong position

Identity
0 011110111 7
1 111111000 6
2 010101110 5
3 011110100 5 match 4
4 100111111 7 match 0 5
5 010110000 3 match 6
6 000001001 2 match 7
7 011001101 5

Matching output
0 4
1 absent
2 absent
3 absent
4 3
5 4
6 5
7 6

Left
4 5y
Best: I4: 1

Right
6 5 4 3 2x
Best: I6 5 4 3: 4

NOT
0 100001000 2
1 000000111 3
2 101010001 4
3 100001011 4
4 011000000 2
5 101001111 6
6 111110110 7
7 100110010 4

Matching output
0 absent
1 absent
2 absent
3 absent
4 absent
5 absent
6 absent
7 absent

Left
none
Best: none

Right
none
Best: none

Constant
0 000000000 a
1 111111111 a

Matching output
0 absent
1 absent
2 absent
3 absent
4 absent
5 absent
6 absent
7 absent

Left
none
Best: none

Right
none
Best: none

AND
01 10 011110000 4
12 21 010101000 3
23 32 010100100 3
34 43 000110100 3
45 54 000110000 2
56 65 000000000 a
67 76 000001001 2 match 7
70 07 011000101 4

02 20 010100110 4
13 31 011110000 4
24 42 000101110 4
35 53 010110000 3 match 6
46 64 000001001 2 match 7
57 75 010000000 1
60 06 000000001 1
71 17 011001000 3

03 30 011110100 5 match 4
14 41 100111000 4
25 52 010100000 2
36 63 000000000 a
47 74 000001101 3
50 05 010110000 3 match 6
61 16 000001000 1
72 27 010001100 3

04 40 000110111 5
15 51 010110000 3 match 6
26 62 000001000 1
37 73 011000100 3

Matching output
0 absent
1 absent
2 absent
3 absent
4 03 30
5 absent
6 35 53 50 05 15 51
7 67 76 46 64

Left
none
Best: none

Right
67 56x
76 65x
46 35 24x
64 53 42x
Best: AND46 35: 2

OR
01 10 111111111 a
12 21 111111110 8
23 32 011111110 7
34 43 111111111 a
45 54 110111111 8
56 65 010111001 5
67 76 011001101 5
70 07 011111111 8

02 20 011111111 8
13 31 111111100 7
24 42 110111111 8
35 53 011110100 5 match 4
46 64 100111111 7 match 0 5
57 75 011111101 7
60 06 011111111 8
71 17 111111101 8

03 30 011110111 7
14 41 111111111 a
25 52 010111110 6
36 63 011111101 7
47 74 111111111 a
50 05 011110111 7
61 16 111111001 7
72 27 011101111 7

04 40 111111111 a
15 51 111111000 6
26 62 010101111 6
37 73 011111101 7

Matching output
0 46 64
1 absent
2 absent
3 absent
4 35 53
5 46 64
6 absent
7 absent

Left
46 57x
64 75x
Best: OR46: 1

Right
none
Best: none

XOR
01 10 100001111 5
12 21 101010110 5
23 32 001011010 4
34 43 111001011 6
45 54 110001111 6
56 65 010111001 5
67 76 011000100 3
70 07 000111010 4

02 20 001011001 4
13 31 100001100 3
24 42 110010001 4
35 53 001000100 2
46 64 100110110 5
57 75 001111101 6
60 06 011111110 7
71 17 100110101 5

03 30 000000011 2
14 41 011000111 5
25 52 000011110 4
36 63 011111101 7
47 74 111110010 6
50 05 001000111 4 match 1
61 16 111110001 6 match 2
72 27 001100011 4 match 3

04 40 111001000 4
15 51 101001000 3
26 62 010100111 5
37 73 000111001 4

Matching output
0 absent
1 50 05
2 61 16
3 72 27
4 absent
5 absent
6 absent
7 absent

Left
none
Best: none

Right
none
Best: none

AND-NOT
01 000000111 3
12 101010000 3
23 000001010 2
34 011000000 2
45 100001111 5
56 010110000 3 match 6
67 000000000 a
70 000001000 1

02 001010001 3
13 100001000 2
24 010000000 1
35 001000100 2
46 100110110 5
57 000110000 2
60 000001000 1
71 000000101 2

03 000000011 2
14 011000000 2
25 000001110 3
36 011110100 5 match 4
47 100110010 4
50 000000000 a
61 000000001 1
72 001000001 2

04 011000000 2
15 101001000 3
26 010100110 4
37 000110000 2
40 100001000 2
51 000000000 a
62 000000001 1
73 000001001 2 match 7

05 001000111 4 match 1
16 111110000 5
27 000100010 2
30 000000000 a
41 000000111 3
52 000010000 1
63 000001001 2 match 7
74 011000000 2

06 011110110 6
17 100110000 3
20 000001000 1
31 000000100 1
42 100010001 3
53 000000000 a
64 000000000 a
75 001001101 4

07 000110010 3
10 100001000 2
21 000000110 2
32 001010000 2
43 100001011 4
54 010000000 1
65 000001001 2 match 7
76 011000100 3

Matching output
0 absent
1 05
2 absent
3 absent
4 36
5 absent
6 56
7 73 63 65

Left
none
Best: none

Right
73 62x
63 52x
65 54x
Best: AND-NOT73: 1

OR-NOT
01 011110111 7
12 111111001 7
23 110101111 7
34 011110100 5 match 4
45 101111111 8
56 111110110 7
67 100111011 6
70 111001101 6

02 111110111 8
13 111111011 8
24 011101110 6
35 111111111 a
46 111111111 a
57 110110010 5
60 100001001 3
71 011001111 6

03 111111111 a
14 111111000 6
25 111101111 8
36 111110110 7
47 100111111 7 match 0 5
50 110111000 5
61 000001111 4
72 111011101 7

04 011110111 7
15 111111111 a
26 111111110 8
37 111110110 7
40 100111111 7 match 0 5
51 010110111 6
62 101011001 5
73 111001111 7

05 111111111 a
16 111111110 8
27 110111110 7
30 111111100 7
41 100111111 7 match 0 5
52 111110001 6 match 2
63 100001011 4
74 011001101 5

06 111110111 8
17 111111010 7
20 110101110 6
31 011110111 7
42 101111111 8
53 110111011 7
64 011001001 4
75 111001111 7

07 111110111 8
10 111111000 6
21 010101111 6
32 111110101 7
43 100111111 7 match 0 5
54 011110000 4
65 101001111 6
76 111111111 a

Matching output
0 47 40 41 43
1 absent
2 52
3 absent
4 34
5 47 40 41 43
6 absent
7 absent

Left
47 50x
40 51x
41 52y
43 54x
Best: OR-NOT47: 1

Right
none
Best: none

XOR-NOT
01 011110000 4
12 010101001 4
23 110100101 5
34 000110100 3
45 001110000 3
56 101000110 4
67 100111011 6
70 111000101 5

02 110100110 5
13 011110011 6
24 001101110 5
35 110111011 7
46 011001001 4
57 110000010 3
60 100000001 2
71 011001010 4

03 111111100 7
14 100111000 4
25 111100001 5
36 100000010 2
47 000001101 3
50 110111000 5
61 000001110 3
72 110011100 5

04 000110111 5
15 010110111 6
26 101011000 4
37 111000110 5
40 000110111 5
51 010110111 6
62 101011000 4
73 111000110 5

05 110111000 5
16 000001110 3
27 110011100 5
30 111111100 7
41 100111000 4
52 111100001 5
63 100000010 2
74 000001101 3

06 100000001 2
17 011001010 4
20 110100110 5
31 011110011 6
42 001101110 5
53 110111011 7
64 011001001 4
75 110000010 3

07 111000101 5
10 011110000 4
21 010101001 4
32 110100101 5
43 000110100 3
54 001110000 3
65 101000110 4
76 100111011 6

Matching output
0 absent
1 absent
2 absent
3 absent
4 absent
5 absent
6 absent
7 absent

Left
none
Best: none

Right
none
Best: none

Selecting

Lefts
Identity I4: 1
NOT none
Constant none
AND none
OR OR46: 1
XOR none
AND-NOT none
OR-NOT OR-NOT47: 1
XOR-NOT none

Rights
Identity I6 5 4 3: 4
NOT none
Constant none
AND AND46 35: 2
OR none
XOR none
AND-NOT AND-NOT73: 1
OR-NOT none
XOR-NOT none

Left longest: 1
Right longest: 4

Right winner: Identity yes, NOT no, Constant no, AND no, OR no, XOR no, AND-NOT no, OR-NOT no, XOR-NOT no
Left winner: Identity yes, NOT no, Constant no, AND no, OR no, XOR no, AND-NOT no, OR-NOT no, XOR-NOT no

Best right: I6 5 4 3: 4
Best left: I4: 1

Truncated right: I6 5 4 3: 4
Truncated left: I4: 1

Tentative from right
7 I6
6 I5
5 I4
4 I3
3 pending
2 pending
1 pending
0 pending

Tentative
0 I4
1 pending
2 pending
3 pending
4 I3
5 I4
6 I5
7 I6

Preferred from right
7 I6
6 I5
5 I4
4 I3
3 ??2
2 ??1
1 ??0
0 I4

Preferred from left
0 I4
1 ?50
2 ?61
3 ?72
4 I3
5 I4
6 I5
7 I6

Preferred
0 I4
1 ?50 ?05
2 ?61 ?16
3 ?72 ?27
4 I3
5 I4
6 I5
7 I6

Matching
0 I4
1 ?50 ?05 - Identity absent, NOT absent, Constant absent, AND absent, OR absent, XOR50, AND-NOT05, OR-NOT absent, XOR-NOT absent
2 ?61 ?16 - Identity absent, NOT absent, Constant absent, AND absent, OR absent, XOR61, AND-NOT absent, OR-NOT absent, XOR-NOT absent
3 ?72 ?27 - Identity absent, NOT absent, Constant absent, AND absent, OR absent, XOR72, AND-NOT absent, OR-NOT absent, XOR-NOT absent
4 I3
5 I4
6 I5
7 I6

Perfect match
Identity no
NOT no
Constant no
AND no
OR no
XOR yes
AND-NOT no
OR-NOT no
XOR-NOT no

Matched
0 I4
1 XOR50
2 XOR61
3 XOR72
4 I3
5 I4
6 I5
7 I6

Selected
0 I4
1 XOR50
2 XOR61
3 XOR72
4 I3
5 I4
6 I5
7 I6

Applying to 00010001
Input
0 0
1 0
2 0
3 1
4 0
5 0
6 0
7 1
Output
0 I4 = 0
1 XOR50 = XOR(0,0) = 0
2 XOR61 = XOR(0,0) = 0
3 XOR72 = XOR(1,0) = 1
4 I3 = 1
5 I4 = 0
6 I5 = 0
7 I6 = 0

I will now return the answer in \boxed{}
The answer in \boxed{–} is \boxed{00011000}
[correct]
true
