[category]
bit_manipulation
[prompt]
In Alice's Wonderland, a secret bit manipulation rule transforms 8-bit binary numbers. The transformation involves operations like bit shifts, rotations, XOR, AND, OR, NOT, and possibly majority or choice functions.

Here are some examples of input -> output:
10100101 -> 11110010
10011100 -> 11001110
10100001 -> 01110000
10011011 -> 00101101
00100011 -> 01110001
00110010 -> 01011001
00010000 -> 00001000
00010001 -> 00101000

Now, determine the output for: 00100001
[completion]
We need to deduce the transformation by matching the example outputs.
I will put my final answer inside \boxed{}.

Output 0: 11110010
0 1
1 1
2 1
3 1
4 0
5 0
6 1
7 0

Output 1: 11001110
0 1
1 1
2 0
3 0
4 1
5 1
6 1
7 0

Output 2: 01110000
0 0
1 1
2 1
3 1
4 0
5 0
6 0
7 0

Output 3: 00101101
0 0
1 0
2 1
3 0
4 1
5 1
6 0
7 1

Output 4: 01110001
0 0
1 1
2 1
3 1
4 0
5 0
6 0
7 1

Output 5: 01011001
0 0
1 1
2 0
3 1
4 1
5 0
6 0
7 1

Output 6: 00001000
0 0
1 0
2 0
3 0
4 1
5 0
6 0
7 0

Output 7: 00101000
0 0
1 0
2 1
3 0
4 1
5 0
6 0
7 0

Output bit columns (with bitsum as hash)
0 11000000 2
1 11101100 5
2 10111001 5
3 10101100 4
4 01010111 5
5 01010000 2
6 11000000 2
7 00011100 3

Input 0: 10100101
0 1
1 0
2 1
3 0
4 0
5 1
6 0
7 1

Input 1: 10011100
0 1
1 0
2 0
3 1
4 1
5 1
6 0
7 0

Input 2: 10100001
0 1
1 0
2 1
3 0
4 0
5 0
6 0
7 1

Input 3: 10011011
0 1
1 0
2 0
3 1
4 1
5 0
6 1
7 1

Input 4: 00100011
0 0
1 0
2 1
3 0
4 0
5 0
6 1
7 1

Input 5: 00110010
0 0
1 0
2 1
3 1
4 0
5 0
6 1
7 0

Input 6: 00010000
0 0
1 0
2 0
3 1
4 0
5 0
6 0
7 0

Input 7: 00010001
0 0
1 0
2 0
3 1
4 0
5 0
6 0
7 1

When matching output
x: not in operator
y: wrong position

Identity
0 11110000 4
1 00000000 a
2 10101100 4 match 3
3 01010111 5 match 4
4 01010000 2 match 5
5 11000000 2 match 0 6
6 00011100 3 match 7
7 10111001 5 match 2

Matching output
0 5
1 absent
2 7
3 2
4 3
5 4
6 5
7 6

Left
5 6y
Best: I5: 1

Right
6 5 4 3 2 1x
Best: I6 5 4 3 2: 5

NOT
0 00001111 4
1 11111111 a
2 01010011 4
3 10101000 3
4 10101111 6
5 00111111 6
6 11100011 5
7 01000110 3

Matching output
0 absent
1 absent
2 absent
3 absent
4 absent
5 absent
6 absent
7 absent

Left
none
Best: none

Right
none
Best: none

Constant
0 00000000 a
1 11111111 a

Matching output
0 absent
1 absent
2 absent
3 absent
4 absent
5 absent
6 absent
7 absent

Left
none
Best: none

Right
none
Best: none

AND
01 10 00000000 a
12 21 00000000 a
23 32 00000100 1
34 43 01010000 2 match 5
45 54 01000000 1
56 65 00000000 a
67 76 00011000 2
70 07 10110000 3

02 20 10100000 2
13 31 00000000 a
24 42 00000000 a
35 53 01000000 1
46 64 00010000 1
57 75 10000000 1
60 06 00010000 1
71 17 00000000 a

03 30 01010000 2 match 5
14 41 00000000 a
25 52 10000000 1
36 63 00010100 2
47 74 00010000 1
50 05 11000000 2 match 0 6
61 16 00000000 a
72 27 10101000 3

04 40 01010000 2 match 5
15 51 00000000 a
26 62 00001100 2
37 73 00010001 2

Matching output
0 50 05
1 absent
2 absent
3 absent
4 absent
5 34 43 03 30 04 40
6 50 05
7 absent

Left
50 61x
05 16x
Best: AND50: 1

Right
none
Best: none

OR
01 10 11110000 4
12 21 10101100 4 match 3
23 32 11111111 a
34 43 01010111 5 match 4
45 54 11010000 3
56 65 11011100 5
67 76 10111101 6
70 07 11111001 6

02 20 11111100 6
13 31 01010111 5 match 4
24 42 11111100 6
35 53 11010111 6
46 64 01011100 4
57 75 11111001 6
60 06 11111100 6
71 17 10111001 5 match 2

03 30 11110111 7
14 41 01010000 2 match 5
25 52 11101100 5 match 1
36 63 01011111 6
47 74 11111001 6
50 05 11110000 4
61 16 00011100 3 match 7
72 27 10111101 6

04 40 11110000 4
15 51 11000000 2 match 0 6
26 62 10111100 5
37 73 11111111 a

Matching output
0 15 51
1 25 52
2 71 17
3 12 21
4 34 43 13 31
5 14 41
6 15 51
7 61 16

Left
15 26x
51 62x
Best: OR15: 1

Right
61 50x
16 05x
Best: OR61: 1

XOR
01 10 11110000 4
12 21 10101100 4 match 3
23 32 11111011 7
34 43 00000111 3
45 54 10010000 2
56 65 11011100 5
67 76 10100101 4
70 07 01001001 3

02 20 01011100 4
13 31 01010111 5 match 4
24 42 11111100 6
35 53 10010111 5
46 64 01001100 3
57 75 01111001 5
60 06 11101100 5 match 1
71 17 10111001 5 match 2

03 30 10100111 5
14 41 01010000 2 match 5
25 52 01101100 4
36 63 01001011 4
47 74 11101001 5
50 05 00110000 2
61 16 00011100 3 match 7
72 27 00010101 3

04 40 10100000 2
15 51 11000000 2 match 0 6
26 62 10110000 3
37 73 11101110 6

Matching output
0 15 51
1 60 06
2 71 17
3 12 21
4 13 31
5 14 41
6 15 51
7 61 16

Left
15 26x
51 62x
Best: XOR15: 1

Right
61 50x
16 05x
Best: XOR61: 1

AND-NOT
01 11110000 4
12 00000000 a
23 10101000 3
34 00000111 3
45 00010000 1
56 11000000 2 match 0 6
67 00000100 1
70 00001001 2

02 01010000 2 match 5
13 00000000 a
24 10101100 4 match 3
35 00010111 4
46 01000000 1
57 01000000 1
60 00001100 2
71 10111001 5 match 2

03 10100000 2
14 00000000 a
25 00101100 3
36 01000011 3
47 01000000 1
50 00000000 a
61 00011100 3 match 7
72 00010001 2

04 10100000 2
15 00000000 a
26 10100000 2
37 01000110 3
40 00000000 a
51 11000000 2 match 0 6
62 00010000 1
73 10101000 3

05 00110000 2
16 00000000 a
27 00000100 1
30 00000111 3
41 01010000 2 match 5
52 01000000 1
63 00001000 1
74 10101001 4

06 11100000 3
17 00000000 a
20 00001100 2
31 01010111 5 match 4
42 01010000 2 match 5
53 10000000 1
64 00001100 2
75 00111001 4

07 01000000 1
10 00000000 a
21 10101100 4 match 3
32 01010011 4
43 00000000 a
54 10000000 1
65 00011100 3 match 7
76 10100001 3

Matching output
0 56 51
1 absent
2 71
3 24 21
4 31
5 02 41 42
6 56 51
7 61 65

Left
56 67x
51 62x
Best: AND-NOT56: 1

Right
61 50x
65 54x
Best: AND-NOT61: 1

OR-NOT
01 11111111 a
12 01010011 4
23 10101100 4 match 3
34 11111111 a
45 01111111 7
56 11100011 5
67 01011110 5
70 10111111 7

02 11110011 6
13 10101000 3
24 10101111 6
35 01111111 7
46 11110011 6
57 11000110 4
60 00011111 5
71 11111111 a

03 11111000 5
14 10101111 6
25 10111111 7
36 11110111 7
47 01010110 4
50 11001111 6
61 11111111 a
72 11111011 7

04 11111111 a
15 00111111 6
26 11101111 7
37 01010111 5 match 4
40 01011111 6
51 11111111 a
62 01011111 6
73 10111001 5 match 2

05 11111111 a
16 11100011 5
27 11101110 6
30 01011111 6
41 11111111 a
52 11010011 5
63 10111100 5
74 10111111 7

06 11110011 6
17 01000110 3
20 10101111 6
31 11111111 a
42 01010011 4
53 11101000 4
64 10111111 7
75 10111111 7

07 11110110 6
10 00001111 4
21 11111111 a
32 01010111 5 match 4
43 11111000 5
54 11101111 7
65 00111111 6
76 11111011 7

Matching output
0 absent
1 absent
2 73
3 23
4 37 32
5 absent
6 absent
7 absent

Left
none
Best: none

Right
none
Best: none

XOR-NOT
01 00001111 4
12 01010011 4
23 00000100 1
34 11111000 5
45 01101111 6
56 00100011 3
67 01011010 4
70 10110110 5

02 10100011 4
13 10101000 3
24 00000011 2
35 01101000 3
46 10110011 5
57 10000110 3
60 00010011 3
71 01000110 3

03 01011000 3
14 10101111 6
25 10010011 4
36 10110100 4
47 00010110 3
50 11001111 6
61 11100011 5
72 11101010 5

04 01011111 6
15 00111111 6
26 01001111 5
37 00010001 2
40 01011111 6
51 00111111 6
62 01001111 5
73 00010001 2

05 11001111 6
16 11100011 5
27 11101010 5
30 01011000 3
41 10101111 6
52 10010011 4
63 10110100 4
74 00010110 3

06 00010011 3
17 01000110 3
20 10100011 4
31 10101000 3
42 00000011 2
53 01101000 3
64 10110011 5
75 10000110 3

07 10110110 5
10 00001111 4
21 01010011 4
32 00000100 1
43 11111000 5
54 01101111 6
65 00100011 3
76 01011010 4

Matching output
0 absent
1 absent
2 absent
3 absent
4 absent
5 absent
6 absent
7 absent

Left
none
Best: none

Right
none
Best: none

Selecting

Lefts
Identity I5: 1
NOT none
Constant none
AND AND50: 1
OR OR15: 1
XOR XOR15: 1
AND-NOT AND-NOT56: 1
OR-NOT none
XOR-NOT none

Rights
Identity I6 5 4 3 2: 5
NOT none
Constant none
AND none
OR OR61: 1
XOR XOR61: 1
AND-NOT AND-NOT61: 1
OR-NOT none
XOR-NOT none

Left longest: 1
Right longest: 5

Right winner: Identity yes, NOT no, Constant no, AND no, OR no, XOR no, AND-NOT no, OR-NOT no, XOR-NOT no
Left winner: Identity yes, NOT no, Constant no, AND no, OR no, XOR no, AND-NOT no, OR-NOT no, XOR-NOT no

Best right: I6 5 4 3 2: 5
Best left: I5: 1

Truncated right: I6 5 4 3 2: 5
Truncated left: I5: 1

Tentative from right
7 I6
6 I5
5 I4
4 I3
3 I2
2 pending
1 pending
0 pending

Tentative
0 I5
1 pending
2 pending
3 I2
4 I3
5 I4
6 I5
7 I6

Preferred from right
7 I6
6 I5
5 I4
4 I3
3 I2
2 ??1
1 ??0
0 I5

Preferred from left
0 I5
1 ?60
2 ?71
3 I2
4 I3
5 I4
6 I5
7 I6

Preferred
0 I5
1 ?60 ?06
2 ?71 ?17
3 I2
4 I3
5 I4
6 I5
7 I6

Matching
0 I5
1 ?60 ?06 - Identity absent, NOT absent, Constant absent, AND absent, OR absent, XOR60, AND-NOT absent, OR-NOT absent, XOR-NOT absent
2 ?71 ?17 - Identity I7, NOT absent, Constant absent, AND absent, OR71, XOR71, AND-NOT71, OR-NOT absent, XOR-NOT absent
3 I2
4 I3
5 I4
6 I5
7 I6

Perfect match
Identity no
NOT no
Constant no
AND no
OR no
XOR yes
AND-NOT no
OR-NOT no
XOR-NOT no

Matched
0 I5
1 XOR60
2 XOR71
3 I2
4 I3
5 I4
6 I5
7 I6

Selected
0 I5
1 XOR60
2 XOR71
3 I2
4 I3
5 I4
6 I5
7 I6

Applying to 00100001
Input
0 0
1 0
2 1
3 0
4 0
5 0
6 0
7 1
Output
0 I5 = 0
1 XOR60 = XOR(0,0) = 0
2 XOR71 = XOR(1,0) = 1
3 I2 = 1
4 I3 = 0
5 I4 = 0
6 I5 = 0
7 I6 = 0

I will now return the answer in \boxed{}
The answer in \boxed{–} is \boxed{00110000}
[correct]
true
