[category]
bit_manipulation
[prompt]
In Alice's Wonderland, a secret bit manipulation rule transforms 8-bit binary numbers. The transformation involves operations like bit shifts, rotations, XOR, AND, OR, NOT, and possibly majority or choice functions.

Here are some examples of input -> output:
00110011 -> 11001111
01001010 -> 00101101
11001111 -> 00111111
10011010 -> 01101011
00111010 -> 11101011
11110000 -> 11001111
00110101 -> 11010111
00100100 -> 10010010

Now, determine the output for: 00001100
[completion]
We need to deduce the transformation by matching the example outputs.
I will put my final answer inside \boxed{}.

Output 0: 11001111
0 1
1 1
2 0
3 0
4 1
5 1
6 1
7 1

Output 1: 00101101
0 0
1 0
2 1
3 0
4 1
5 1
6 0
7 1

Output 2: 00111111
0 0
1 0
2 1
3 1
4 1
5 1
6 1
7 1

Output 3: 01101011
0 0
1 1
2 1
3 0
4 1
5 0
6 1
7 1

Output 4: 11101011
0 1
1 1
2 1
3 0
4 1
5 0
6 1
7 1

Output 5: 11001111
0 1
1 1
2 0
3 0
4 1
5 1
6 1
7 1

Output 6: 11010111
0 1
1 1
2 0
3 1
4 0
5 1
6 1
7 1

Output 7: 10010010
0 1
1 0
2 0
3 1
4 0
5 0
6 1
7 0

Output bit columns (with bitsum as hash)
0 10001111 5
1 10011110 5
2 01111000 4
3 00100011 3
4 11111100 6
5 11100110 5
6 10111111 7
7 11111110 7

Input 0: 00110011
0 0
1 0
2 1
3 1
4 0
5 0
6 1
7 1

Input 1: 01001010
0 0
1 1
2 0
3 0
4 1
5 0
6 1
7 0

Input 2: 11001111
0 1
1 1
2 0
3 0
4 1
5 1
6 1
7 1

Input 3: 10011010
0 1
1 0
2 0
3 1
4 1
5 0
6 1
7 0

Input 4: 00111010
0 0
1 0
2 1
3 1
4 1
5 0
6 1
7 0

Input 5: 11110000
0 1
1 1
2 1
3 1
4 0
5 0
6 0
7 0

Input 6: 00110101
0 0
1 0
2 1
3 1
4 0
5 1
6 0
7 1

Input 7: 00100100
0 0
1 0
2 1
3 0
4 0
5 1
6 0
7 0

When matching output
x: not in operator
y: wrong position

Identity
0 00110100 3
1 01100100 3
2 10001111 5 match 0
3 10011110 5 match 1
4 01111000 4 match 2
5 00100011 3 match 3
6 11111000 5
7 10100010 3

Matching output
0 2
1 3
2 4
3 5
4 absent
5 absent
6 absent
7 absent

Left
2 3 4 5 6x
Best: I2 3 4 5: 4

Right
none
Best: none

NOT
0 11001011 5
1 10011011 5
2 01110000 3
3 01100001 3
4 10000111 4
5 11011100 5
6 00000111 3
7 01011101 5

Matching output
0 absent
1 absent
2 absent
3 absent
4 absent
5 absent
6 absent
7 absent

Left
none
Best: none

Right
none
Best: none

Constant
0 00000000 a
1 11111111 a

Matching output
0 absent
1 absent
2 absent
3 absent
4 absent
5 absent
6 absent
7 absent

Left
none
Best: none

Right
none
Best: none

AND
01 10 00100100 2
12 21 00000100 1
23 32 10001110 4
34 43 00011000 2
45 54 00100000 1
56 65 00100000 1
67 76 10100000 2
70 07 00100000 1

02 20 00000100 1
13 31 00000100 1
24 42 00001000 1
35 53 00000010 1
46 64 01111000 4 match 2
57 75 00100010 2
60 06 00110000 2
71 17 00100000 1

03 30 00010100 2
14 41 01100000 2
25 52 00000011 2
36 63 10011000 3
47 74 00100000 1
50 05 00100000 1
61 16 01100000 2
72 27 10000010 2

04 40 00110000 2
15 51 00100000 1
26 62 10001000 2
37 73 10000010 2

Matching output
0 absent
1 absent
2 46 64
3 absent
4 absent
5 absent
6 absent
7 absent

Left
none
Best: none

Right
none
Best: none

OR
01 10 01110100 4
12 21 11101111 7
23 32 10011111 6
34 43 11111110 7 match 7
45 54 01111011 6
56 65 11111011 7
67 76 11111010 6
70 07 10110110 5

02 20 10111111 7 match 6
13 31 11111110 7 match 7
24 42 11111111 a
35 53 10111111 7 match 6
46 64 11111000 5
57 75 10100011 4
60 06 11111100 6 match 4
71 17 11100110 5 match 5

03 30 10111110 6
14 41 01111100 5
25 52 10101111 6
36 63 11111110 7 match 7
47 74 11111010 6
50 05 00110111 5
61 16 11111100 6 match 4
72 27 10101111 6

04 40 01111100 5
15 51 01100111 5
26 62 11111111 a
37 73 10111110 6

Matching output
0 absent
1 absent
2 absent
3 absent
4 60 06 61 16
5 71 17
6 02 20 35 53
7 34 43 13 31 36 63

Left
none
Best: none

Right
34 23x
43 32x
13 02 71 60 57x
31 20 17 06 75x
36 25x
63 52x
Best: OR13 02 71 60: 4

XOR
01 10 01010000 2
12 21 11101011 6
23 32 00010001 2
34 43 11100110 5 match 5
45 54 01011011 5
56 65 11011011 6
67 76 01011010 4
70 07 10010110 4

02 20 10111011 6
13 31 11111010 6
24 42 11110111 7
35 53 10111101 6
46 64 10000000 1
57 75 10000001 2
60 06 11001100 4
71 17 11000110 4

03 30 10101010 4
14 41 00011100 3
25 52 10101100 4
36 63 01100110 4
47 74 11011010 5
50 05 00010111 4
61 16 10011100 4
72 27 00101101 4

04 40 01001100 3
15 51 01000111 4
26 62 01110111 6
37 73 00111100 4

Matching output
0 absent
1 absent
2 absent
3 absent
4 absent
5 34 43
6 absent
7 absent

Left
none
Best: none

Right
none
Best: none

AND-NOT
01 00010000 1
12 01100000 2
23 00000001 1
34 10000110 3
45 01011000 3
56 00000011 2
67 01011000 3
70 10000010 2

02 00110000 2
13 01100000 2
24 10000111 4
35 10011100 4
46 00000000 a
57 00000001 1
60 11001000 3
71 10000010 2

03 00100000 1
14 00000100 1
25 10001100 3
36 00000110 2
47 01011000 3
50 00000011 2
61 10011000 3
72 00100000 1

04 00000100 1
15 01000100 2
26 00000111 3
37 00011100 3
40 01001000 2
51 00000011 2
62 01110000 3
73 00100000 1

05 00010100 2
16 00000100 1
27 00001101 3
30 10001010 3
41 00011000 2
52 00100000 1
63 01100000 2
74 10000010 2

06 00000100 1
17 01000100 2
20 10001011 4
31 10011010 4
42 01110000 3
53 00100001 2
64 10000000 1
75 10000000 1

07 00010100 2
10 01000000 1
21 10001011 4
32 00010000 1
43 01100000 2
54 00000011 2
65 11011000 4
76 00000010 1

Matching output
0 absent
1 absent
2 absent
3 absent
4 absent
5 absent
6 absent
7 absent

Left
none
Best: none

Right
none
Best: none

OR-NOT
01 10111111 7 match 6
12 01110100 4
23 11101111 7
34 10011111 6
45 11111100 6 match 4
56 00100111 4
67 11111101 7
70 11101011 6

02 01110100 4
13 01100101 4
24 10001111 5 match 0
35 11011110 6
46 01111111 7
57 01111111 7
60 11111011 7
71 10111011 6

03 01110101 5
14 11100111 6
25 11011111 7
36 10011111 6
47 01111101 6
50 11101011 6
61 11111011 7
72 11110010 5

04 10110111 6
15 11111100 6 match 4
26 10001111 5 match 0
37 11011111 7
40 11111011 7
51 10111011 6
62 11111000 5
73 11100011 5

05 11111100 6 match 4
16 01100111 5
27 11011111 7
30 11011111 7
41 11111011 7
52 01110011 5
63 11111001 6
74 10100111 5

06 00110111 5
17 01111101 6
20 11001111 6
31 10011111 6
42 01111000 4 match 2
53 01100011 4
64 11111111 a
75 11111110 7 match 7

07 01111101 6
10 11101111 7
21 10011111 6
32 11111110 7 match 7
43 01111001 5
54 10100111 5
65 11111100 6 match 4
76 10100111 5

Matching output
0 24 26
1 absent
2 42
3 absent
4 45 15 05 65
5 absent
6 01
7 75 32

Left
24 35x
26 37x
Best: OR-NOT24: 1

Right
75 64x
32 21x
Best: OR-NOT75: 1

XOR-NOT
01 10101111 6
12 00010100 2
23 11101110 6
34 00011001 3
45 10100100 3
56 00100100 2
67 10100101 4
70 01101001 4

02 01000100 2
13 00000101 2
24 00001000 1
35 01000010 2
46 01111111 7
57 01111110 6
60 00110011 4
71 00111001 4

03 01010101 4
14 11100011 5
25 01010011 4
36 10011001 4
47 00100101 3
50 11101000 4
61 01100011 4
72 11010010 4

04 10110011 5
15 10111000 4
26 10001000 2
37 11000011 4
40 10110011 5
51 10111000 4
62 10001000 2
73 11000011 4

05 11101000 4
16 01100011 4
27 11010010 4
30 01010101 4
41 11100011 5
52 01010011 4
63 10011001 4
74 00100101 3

06 00110011 4
17 00111001 4
20 01000100 2
31 00000101 2
42 00001000 1
53 01000010 2
64 01111111 7
75 01111110 6

07 01101001 4
10 10101111 6
21 00010100 2
32 11101110 6
43 00011001 3
54 10100100 3
65 00100100 2
76 10100101 4

Matching output
0 absent
1 absent
2 absent
3 absent
4 absent
5 absent
6 absent
7 absent

Left
none
Best: none

Right
none
Best: none

Selecting

Lefts
Identity I2 3 4 5: 4
NOT none
Constant none
AND none
OR none
XOR none
AND-NOT none
OR-NOT OR-NOT24: 1
XOR-NOT none

Rights
Identity none
NOT none
Constant none
AND none
OR OR13 02 71 60: 4
XOR none
AND-NOT none
OR-NOT OR-NOT75: 1
XOR-NOT none

Left longest: 4
Right longest: 4

Left winner: Identity yes, NOT no, Constant no, AND no, OR no, XOR no, AND-NOT no, OR-NOT no, XOR-NOT no
Right winner: Identity no, NOT no, Constant no, AND no, OR yes, XOR no, AND-NOT no, OR-NOT no, XOR-NOT no

Best left: I2 3 4 5: 4
Best right: OR13 02 71 60: 4

Truncated left: I2 3 4 5: 4
Truncated right: OR13 02 71 60: 4

Tentative from right
7 OR13
6 OR02
5 OR71
4 OR60
3 pending
2 pending
1 pending
0 pending

Tentative
0 I2
1 I3
2 I4
3 I5
4 OR60
5 OR71
6 OR02
7 OR13

Preferred from left
0 I2
1 I3
2 I4
3 I5
4 OR60
5 OR71
6 OR02
7 OR13

Preferred from right
7 OR13
6 OR02
5 OR71
4 OR60
3 I5
2 I4
1 I3
0 I2

Preferred
0 I2
1 I3
2 I4
3 I5
4 OR60
5 OR71
6 OR02
7 OR13

Matching
0 I2
1 I3
2 I4
3 I5
4 OR60
5 OR71
6 OR02
7 OR13

Perfect match
Identity no
NOT no
Constant no
AND no
OR no
XOR no
AND-NOT no
OR-NOT no
XOR-NOT no

Matched
0 I2
1 I3
2 I4
3 I5
4 OR60
5 OR71
6 OR02
7 OR13

Selected
0 I2
1 I3
2 I4
3 I5
4 OR60
5 OR71
6 OR02
7 OR13

Applying to 00001100
Input
0 0
1 0
2 0
3 0
4 1
5 1
6 0
7 0
Output
0 I2 = 0
1 I3 = 0
2 I4 = 1
3 I5 = 1
4 OR60 = OR(0,0) = 0
5 OR71 = OR(0,0) = 0
6 OR02 = OR(0,0) = 0
7 OR13 = OR(0,0) = 0

I will now return the answer in \boxed{}
The answer in \boxed{–} is \boxed{00110000}
[correct]
true
