[category]
bit_manipulation
[prompt]
In Alice's Wonderland, a secret bit manipulation rule transforms 8-bit binary numbers. The transformation involves operations like bit shifts, rotations, XOR, AND, OR, NOT, and possibly majority or choice functions.

Here are some examples of input -> output:
01101011 -> 10111101
00010101 -> 11011110
01101111 -> 10111111
01111101 -> 11111110
01001110 -> 00111111
10111111 -> 11111111
10101111 -> 11111111

Now, determine the output for: 11011111
[completion]
We need to deduce the transformation by matching the example outputs.
I will put my final answer inside \boxed{}.

Output 0: 10111101
0 1
1 0
2 1
3 1
4 1
5 1
6 0
7 1

Output 1: 11011110
0 1
1 1
2 0
3 1
4 1
5 1
6 1
7 0

Output 2: 10111111
0 1
1 0
2 1
3 1
4 1
5 1
6 1
7 1

Output 3: 11111110
0 1
1 1
2 1
3 1
4 1
5 1
6 1
7 0

Output 4: 00111111
0 0
1 0
2 1
3 1
4 1
5 1
6 1
7 1

Output 5: 11111111
0 1
1 1
2 1
3 1
4 1
5 1
6 1
7 1

Output 6: 11111111
0 1
1 1
2 1
3 1
4 1
5 1
6 1
7 1

Output bit columns (with bitsum as hash)
0 1111011 6
1 0101011 4
2 1011111 6
3 1111111 a
4 1111111 a
5 1111111 a
6 0111111 6
7 1010111 5

Input 0: 01101011
0 0
1 1
2 1
3 0
4 1
5 0
6 1
7 1

Input 1: 00010101
0 0
1 0
2 0
3 1
4 0
5 1
6 0
7 1

Input 2: 01101111
0 0
1 1
2 1
3 0
4 1
5 1
6 1
7 1

Input 3: 01111101
0 0
1 1
2 1
3 1
4 1
5 1
6 0
7 1

Input 4: 01001110
0 0
1 1
2 0
3 0
4 1
5 1
6 1
7 0

Input 5: 10111111
0 1
1 0
2 1
3 1
4 1
5 1
6 1
7 1

Input 6: 10101111
0 1
1 0
2 1
3 0
4 1
5 1
6 1
7 1

When matching output
x: not in operator
y: wrong position

Identity
0 0000011 2
1 1011100 4
2 1011011 5
3 0101010 3
4 1011111 6 match 2
5 0111111 6 match 6
6 1010111 5 match 7
7 1111011 6 match 0

Matching output
0 7
1 absent
2 4
3 absent
4 absent
5 absent
6 5
7 6

Left
7 0x
Best: I7: 1

Right
6 5 4y
Best: I6 5: 2

NOT
0 1111100 5
1 0100011 3
2 0100100 2
3 1010101 4
4 0100000 1
5 1000000 1
6 0101000 2
7 0000100 1

Matching output
0 absent
1 absent
2 absent
3 absent
4 absent
5 absent
6 absent
7 absent

Left
none
Best: none

Right
none
Best: none

Constant
0 0000000 a
1 1111111 a match 3 4 5

Matching output
0 absent
1 absent
2 absent
3 C1
4 C1
5 C1
6 absent
7 absent

Left
none
Best: none

Right
none
Best: none

AND
01 10 0000000 a
12 21 1011000 3
23 32 0001010 2
34 43 0001010 2
45 54 0011111 5
56 65 0010111 4
67 76 1010011 4
70 07 0000011 2

02 20 0000011 2
13 31 0001000 1
24 42 1011011 5
35 53 0101010 3
46 64 1010111 5 match 7
57 75 0111011 5
60 06 0000011 2
71 17 1011000 3

03 30 0000010 1
14 41 1011100 4
25 52 0011011 4
36 63 0000010 1
47 74 1011011 5
50 05 0000011 2
61 16 1010100 3
72 27 1011011 5

04 40 0000011 2
15 51 0011100 3
26 62 1010011 4
37 73 0101010 3

Matching output
0 absent
1 absent
2 absent
3 absent
4 absent
5 absent
6 absent
7 46 64

Left
none
Best: none

Right
46 35x
64 53x
Best: AND46: 1

OR
01 10 1011111 6 match 2
12 21 1011111 6 match 2
23 32 1111011 6 match 0
34 43 1111111 a match 3 4 5
45 54 1111111 a match 3 4 5
56 65 1111111 a match 3 4 5
67 76 1111111 a match 3 4 5
70 07 1111011 6 match 0

02 20 1011011 5
13 31 1111110 6
24 42 1011111 6 match 2
35 53 0111111 6 match 6
46 64 1011111 6 match 2
57 75 1111111 a match 3 4 5
60 06 1010111 5 match 7
71 17 1111111 a match 3 4 5

03 30 0101011 4 match 1
14 41 1011111 6 match 2
25 52 1111111 a match 3 4 5
36 63 1111111 a match 3 4 5
47 74 1111111 a match 3 4 5
50 05 0111111 6 match 6
61 16 1011111 6 match 2
72 27 1111011 6 match 0

04 40 1011111 6 match 2
15 51 1111111 a match 3 4 5
26 62 1011111 6 match 2
37 73 1111011 6 match 0

Matching output
0 23 32 70 07 72 27 37 73
1 03 30
2 01 10 12 21 24 42 46 64 14 41 61 16 04 40 26 62
3 34 43 45 54 56 65 67 76 57 75 71 17 25 52 36 63 47 74 15 51
4 34 43 45 54 56 65 67 76 57 75 71 17 25 52 36 63 47 74 15 51
5 34 43 45 54 56 65 67 76 57 75 71 17 25 52 36 63 47 74 15 51
6 35 53 50 05
7 60 06

Left
23 34y
32 43y
70 01y
07 10y
72 03 14 25 36 47 50 61y
27 30 41 52 63 74 05 16y
37 40y
73 04y
Best: OR72 03 14 25 36 47 50: 7

Right
60 57y
06 75y
Best: OR60: 1

XOR
01 10 1011111 6 match 2
12 21 0000111 3
23 32 1110001 4
34 43 1110101 5
45 54 1100000 2
56 65 1101000 3
67 76 0101100 3
70 07 1111000 4

02 20 1011000 3
13 31 1110110 5
24 42 0000100 1
35 53 0010101 3
46 64 0001000 1
57 75 1000100 2
60 06 1010100 3
71 17 0100111 4

03 30 0101001 3
14 41 0000011 2
25 52 1100100 3
36 63 1111101 6
47 74 0100100 2
50 05 0111100 4
61 16 0001011 3
72 27 0100000 1

04 40 1011100 4
15 51 1100011 4
26 62 0001100 2
37 73 1010001 3

Matching output
0 absent
1 absent
2 01 10
3 absent
4 absent
5 absent
6 absent
7 absent

Left
none
Best: none

Right
none
Best: none

AND-NOT
01 0000011 2
12 0000100 1
23 1010001 3
34 0100000 1
45 1000000 1
56 0101000 2
67 0000100 1
70 1111000 4

02 0000000 a
13 1010100 3
24 0000000 a
35 0000000 a
46 0001000 1
57 0000100 1
60 1010100 3
71 0100011 3

03 0000001 1
14 0000000 a
25 1000000 1
36 0101000 2
47 0000100 1
50 0111100 4
61 0000011 2
72 0100000 1

04 0000000 a
15 1000000 1
26 0001000 1
37 0000000 a
40 1011100 4
51 0100011 3
62 0000100 1
73 1010001 3

05 0000000 a
16 0001000 1
27 0000000 a
30 0101000 2
41 0000011 2
52 0100100 2
63 1010101 4
74 0100000 1

06 0000000 a
17 0000100 1
20 1011000 3
31 0100010 2
42 0000100 1
53 0010101 3
64 0000000 a
75 1000000 1

07 0000000 a
10 1011100 4
21 0000011 2
32 0100000 1
43 1010101 4
54 0100000 1
65 1000000 1
76 0101000 2

Matching output
0 absent
1 absent
2 absent
3 absent
4 absent
5 absent
6 absent
7 absent

Left
none
Best: none

Right
none
Best: none

OR-NOT
01 0100011 3
12 1111100 5
23 1011111 6 match 2
34 0101010 3
45 1011111 6 match 2
56 0111111 6 match 6
67 1010111 5 match 7
70 1111111 a match 3 4 5

02 0100111 4
13 1011101 5
24 1111011 6 match 0
35 1101010 4
46 1111111 a match 3 4 5
57 0111111 6 match 6
60 1111111 a match 3 4 5
71 1111011 6 match 0

03 1010111 5 match 7
14 1111100 5
25 1011011 5
36 0101010 3
47 1011111 6 match 2
50 1111111 a match 3 4 5
61 1110111 6
72 1111111 a match 3 4 5

04 0100011 3
15 1011100 4
26 1111011 6 match 0
37 0101110 4
40 1111111 a match 3 4 5
51 0111111 6 match 6
62 1110111 6
73 1111111 a match 3 4 5

05 1000011 3
16 1111100 5
27 1011111 6 match 2
30 1111110 6
41 1111111 a match 3 4 5
52 0111111 6 match 6
63 1010111 5 match 7
74 1111011 6 match 0

06 0101011 4 match 1
17 1011100 4
20 1111111 a match 3 4 5
31 0101011 4 match 1
42 1111111 a match 3 4 5
53 1111111 a match 3 4 5
64 1110111 6
75 1111011 6 match 0

07 0000111 3
10 1111100 5
21 1111011 6 match 0
32 0101110 4
43 1011111 6 match 2
54 0111111 6 match 6
65 1010111 5 match 7
76 1111011 6 match 0

Matching output
0 24 71 26 74 75 21 76
1 06 31
2 23 45 47 27 43
3 70 46 60 50 72 40 73 41 20 42 53
4 70 46 60 50 72 40 73 41 20 42 53
5 70 46 60 50 72 40 73 41 20 42 53
6 56 57 51 52 54
7 67 03 63 65

Left
24 35x
71 02x
26 37x
74 05x
75 06 17x
21 32x
76 07x
Best: OR-NOT75 06: 2

Right
67 56 45y
03 72y
63 52 41 30x
65 54 43y
Best: OR-NOT63 52 41: 3

XOR-NOT
01 0100000 1
12 1111000 4
23 0001110 3
34 0001010 2
45 0011111 5
56 0010111 4
67 1010011 4
70 0000111 3

02 0100111 4
13 0001001 2
24 1111011 6 match 0
35 1101010 4
46 1110111 6
57 0111011 5
60 0101011 4 match 1
71 1011000 3

03 1010110 4
14 1111100 5
25 0011011 4
36 0000010 1
47 1011011 5
50 1000011 3
61 1110100 4
72 1011111 6 match 2

04 0100011 3
15 0011100 3
26 1110011 5
37 0101110 4
40 0100011 3
51 0011100 3
62 1110011 5
73 0101110 4

05 1000011 3
16 1110100 4
27 1011111 6 match 2
30 1010110 4
41 1111100 5
52 0011011 4
63 0000010 1
74 1011011 5

06 0101011 4 match 1
17 1011000 3
20 0100111 4
31 0001001 2
42 1111011 6 match 0
53 1101010 4
64 1110111 6
75 0111011 5

07 0000111 3
10 0100000 1
21 1111000 4
32 0001110 3
43 0001010 2
54 0011111 5
65 0010111 4
76 1010011 4

Matching output
0 24 42
1 60 06
2 72 27
3 absent
4 absent
5 absent
6 absent
7 absent

Left
24 35x
42 53x
Best: XOR-NOT24: 1

Right
none
Best: none

Selecting

Lefts
Identity I7: 1
NOT none
Constant none
AND none
OR OR72 03 14 25 36 47 50: 7
XOR none
AND-NOT none
OR-NOT OR-NOT75 06: 2
XOR-NOT XOR-NOT24: 1

Rights
Identity I6 5: 2
NOT none
Constant none
AND AND46: 1
OR OR60: 1
XOR none
AND-NOT none
OR-NOT OR-NOT63 52 41: 3
XOR-NOT none

Left longest: 7
Right longest: 3

Left winner: Identity no, NOT no, Constant no, AND no, OR yes, XOR no, AND-NOT no, OR-NOT no, XOR-NOT no
Right winner: Identity no, NOT no, Constant no, AND no, OR no, XOR no, AND-NOT no, OR-NOT yes, XOR-NOT no

Best left: OR72 03 14 25 36 47 50: 7
Best right: OR-NOT63 52 41: 3

Truncated left: OR72 03 14 25 36 47 50: 7
Truncated right: OR-NOT63: 1 truncated

Tentative from right
7 OR-NOT63
6 pending
5 pending
4 pending
3 pending
2 pending
1 pending
0 pending

Tentative
0 OR72
1 OR03
2 OR14
3 OR25
4 OR36
5 OR47
6 OR50
7 OR-NOT63

Preferred from left
0 OR72
1 OR03
2 OR14
3 OR25
4 OR36
5 OR47
6 OR50
7 OR-NOT63

Preferred from right
7 OR-NOT63
6 OR50
5 OR47
4 OR36
3 OR25
2 OR14
1 OR03
0 OR72

Preferred
0 OR72
1 OR03
2 OR14
3 OR25
4 OR36
5 OR47
6 OR50
7 OR-NOT63

Matching
0 OR72
1 OR03
2 OR14
3 OR25
4 OR36
5 OR47
6 OR50
7 OR-NOT63

Perfect match
Identity no
NOT no
Constant no
AND no
OR no
XOR no
AND-NOT no
OR-NOT no
XOR-NOT no

Matched
0 OR72
1 OR03
2 OR14
3 OR25
4 OR36
5 OR47
6 OR50
7 OR-NOT63

Selected
0 OR72
1 OR03
2 OR14
3 OR25
4 OR36
5 OR47
6 OR50
7 OR-NOT63

Applying to 11011111
Input
0 1
1 1
2 0
3 1
4 1
5 1
6 1
7 1
Output
0 OR72 = OR(1,0) = 1
1 OR03 = OR(1,1) = 1
2 OR14 = OR(1,1) = 1
3 OR25 = OR(0,1) = 1
4 OR36 = OR(1,1) = 1
5 OR47 = OR(1,1) = 1
6 OR50 = OR(1,1) = 1
7 OR-NOT63 = OR(1,NOT(1)) = 1

I will now return the answer in \boxed{}
The answer in \boxed{–} is \boxed{11111111}
[correct]
true
