[category]
bit_manipulation
[prompt]
In Alice's Wonderland, a secret bit manipulation rule transforms 8-bit binary numbers. The transformation involves operations like bit shifts, rotations, XOR, AND, OR, NOT, and possibly majority or choice functions.

Here are some examples of input -> output:
10010110 -> 10110101
01000000 -> 00010000
11110111 -> 11111101
01000001 -> 01011000
01110001 -> 11011100
10101011 -> 11111010
01001111 -> 11111011
01011100 -> 11110111
01001101 -> 01111011
11000111 -> 11111001

Now, determine the output for: 10110000
[completion]
We need to deduce the transformation by matching the example outputs.
I will put my final answer inside \boxed{}.

Output 0: 10110101
0 1
1 0
2 1
3 1
4 0
5 1
6 0
7 1

Output 1: 00010000
0 0
1 0
2 0
3 1
4 0
5 0
6 0
7 0

Output 2: 11111101
0 1
1 1
2 1
3 1
4 1
5 1
6 0
7 1

Output 3: 01011000
0 0
1 1
2 0
3 1
4 1
5 0
6 0
7 0

Output 4: 11011100
0 1
1 1
2 0
3 1
4 1
5 1
6 0
7 0

Output 5: 11111010
0 1
1 1
2 1
3 1
4 1
5 0
6 1
7 0

Output 6: 11111011
0 1
1 1
2 1
3 1
4 1
5 0
6 1
7 1

Output 7: 11110111
0 1
1 1
2 1
3 1
4 0
5 1
6 1
7 1

Output 8: 01111011
0 0
1 1
2 1
3 1
4 1
5 0
6 1
7 1

Output 9: 11111001
0 1
1 1
2 1
3 1
4 1
5 0
6 0
7 1

Output bit columns (with bitsum as hash)
0 1010111101 7
1 0011111111 8
2 1010011111 7
3 1111111111 a
4 0011111011 7
5 1010100100 4
6 0000011110 4
7 1010001111 6

Input 0: 10010110
0 1
1 0
2 0
3 1
4 0
5 1
6 1
7 0

Input 1: 01000000
0 0
1 1
2 0
3 0
4 0
5 0
6 0
7 0

Input 2: 11110111
0 1
1 1
2 1
3 1
4 0
5 1
6 1
7 1

Input 3: 01000001
0 0
1 1
2 0
3 0
4 0
5 0
6 0
7 1

Input 4: 01110001
0 0
1 1
2 1
3 1
4 0
5 0
6 0
7 1

Input 5: 10101011
0 1
1 0
2 1
3 0
4 1
5 0
6 1
7 1

Input 6: 01001111
0 0
1 1
2 0
3 0
4 1
5 1
6 1
7 1

Input 7: 01011100
0 0
1 1
2 0
3 1
4 1
5 1
6 0
7 0

Input 8: 01001101
0 0
1 1
2 0
3 0
4 1
5 1
6 0
7 1

Input 9: 11000111
0 1
1 1
2 0
3 0
4 0
5 1
6 1
7 1

When matching output
x: not in operator
y: wrong position

Identity
0 1010010001 4
1 0111101111 8
2 0010110000 3
3 1010100100 4 match 5
4 0000011110 4 match 6
5 1010001111 6 match 7
6 1010011001 5
7 0011111011 7 match 4

Matching output
0 absent
1 absent
2 absent
3 absent
4 7
5 3
6 4
7 5

Left
none
Best: none

Right
5 4 3 2x
Best: I5 4 3: 3

NOT
0 0101101110 6
1 1000010000 2
2 1101001111 7
3 0101011011 6
4 1111100001 6
5 0101110000 4
6 0101100110 5
7 1100000100 3

Matching output
0 absent
1 absent
2 absent
3 absent
4 absent
5 absent
6 absent
7 absent

Left
none
Best: none

Right
none
Best: none

Constant
0 0000000000 a
1 1111111111 a match 3

Matching output
0 absent
1 absent
2 absent
3 C1
4 absent
5 absent
6 absent
7 absent

Left
none
Best: none

Right
none
Best: none

AND
01 10 0010000001 2
12 21 0010100000 2
23 32 0010100000 2
34 43 0000000100 1
45 54 0000001110 3
56 65 1010001001 4
67 76 0010011001 4
70 07 0010010001 3

02 20 0010010000 2
13 31 0010100100 3
24 42 0000010000 1
35 53 1010000100 3
46 64 0000011000 2
57 75 0010001011 4
60 06 1010010001 4
71 17 0011101011 6

03 30 1010000000 2
14 41 0000001110 3
25 52 0010000000 1
36 63 1010000000 2
47 74 0000011010 3
50 05 1010000001 3
61 16 0010001001 3
72 27 0010110000 3

04 40 0000010000 1
15 51 0010001111 5
26 62 0010010000 2
37 73 0010100000 2

Matching output
0 absent
1 absent
2 absent
3 absent
4 absent
5 absent
6 absent
7 absent

Left
none
Best: none

Right
none
Best: none

OR
01 10 1111111111 a match 3
12 21 0111111111 9
23 32 1010110100 5
34 43 1010111110 7
45 54 1010011111 7 match 2
56 65 1010011111 7 match 2
67 76 1011111011 8
70 07 1011111011 8

02 20 1010110001 5
13 31 1111101111 9
24 42 0010111110 6
35 53 1010101111 7
46 64 1010011111 7 match 2
57 75 1011111111 9
60 06 1010011001 5
71 17 0111111111 9

03 30 1010110101 6
14 41 0111111111 9
25 52 1010111111 8
36 63 1010111101 7 match 0
47 74 0011111111 8 match 1
50 05 1010011111 7 match 2
61 16 1111111111 a match 3
72 27 0011111011 7 match 4

04 40 1010011111 7 match 2
15 51 1111101111 9
26 62 1010111001 6
37 73 1011111111 9

Matching output
0 36 63
1 47 74
2 45 54 56 65 46 64 50 05 04 40
3 01 10 61 16
4 72 27
5 absent
6 absent
7 absent

Left
36 47 50 61 72 03x
63 74 05 16 27 30x
Best: OR36 47 50 61 72: 5

Right
none
Best: none

XOR
01 10 1101111110 8
12 21 0101011111 7
23 32 1000010100 3
34 43 1010111010 6
45 54 1010010001 4
56 65 0000010110 3
67 76 1001100010 4
70 07 1001101010 5

02 20 1000100001 3
13 31 1101001011 6
24 42 0010101110 5
35 53 0000101011 4
46 64 1010000111 5
57 75 1001110100 5
60 06 0000001000 1
71 17 0100010100 3

03 30 0000110101 4
14 41 0111110001 6
25 52 1000111111 7
36 63 0000111101 5
47 74 0011100101 5
50 05 0000011110 4 match 6
61 16 1101110110 7
72 27 0001001011 4

04 40 1010001111 6 match 7
15 51 1101100000 4
26 62 1000101001 4
37 73 1001011111 7

Matching output
0 absent
1 absent
2 absent
3 absent
4 absent
5 absent
6 50 05
7 04 40

Left
none
Best: none

Right
04 73x
40 37x
Best: XOR04: 1

AND-NOT
01 1000010000 2
12 0101001111 6
23 0000010000 1
34 1010100000 3
45 0000010000 1
56 0000000110 2
67 1000000000 1
70 0001101010 4

02 1000000001 2
13 0101001011 5
24 0010100000 2
35 0000100000 1
46 0000000110 2
57 1000000100 2
60 0000001000 1
71 0000010000 1

03 0000010001 2
14 0111100001 5
25 0000110000 2
36 0000100100 2
47 0000000100 1
50 0000001110 3
61 1000010000 2
72 0001001011 4

04 1010000001 3
15 0101100000 3
26 0000100000 1
37 1000000100 2
40 0000001110 3
51 1000000000 1
62 1000001001 3
73 0001011011 5

05 0000010000 1
16 0101100110 5
27 0000000000 a
30 0000100100 2
41 0000010000 1
52 1000001111 5
63 0000011001 3
74 0011100001 4

06 0000000000 a
17 0100000100 2
20 0000100000 1
31 1000000000 1
42 0000001110 3
53 0000001011 3
64 1010000001 3
75 0001110000 3

07 1000000000 1
10 0101101110 6
21 0000010000 1
32 1000000100 2
43 0000011010 3
54 1010000001 3
65 0000010000 1
76 0001100010 3

Matching output
0 absent
1 absent
2 absent
3 absent
4 absent
5 absent
6 absent
7 absent

Left
none
Best: none

Right
none
Best: none

OR-NOT
01 1010010001 4
12 1111101111 9
23 0111111011 8
34 1111100101 7
45 0101111110 7
56 1111101111 9
67 1110011101 7
70 0111111111 9

02 1111011111 9
13 0111111111 9
24 1111110001 7
35 1111110100 7
46 0101111110 7
57 1110001111 7
60 1111111111 a match 3
71 1011111011 8

03 1111011011 8
14 1111101111 9
25 0111110000 5
36 1111100110 7
47 1100011110 6
50 1111101111 9
61 1010011001 5
72 1111111111 a match 3

04 1111110001 7
15 0111111111 9
26 0111110110 7
37 1110100100 5
40 0101111110 7
51 1010011111 7 match 2
62 1111011111 9
73 0111111011 8

05 1111110001 7
16 0111101111 8
27 1110110100 6
30 1111101110 8
41 1000011110 5
52 1111001111 8
63 1111011011 8
74 1111111011 9

06 1111110111 9
17 1111101111 9
20 0111111110 8
31 1010110100 5
42 1101011111 8
53 1111011111 9
64 1111111001 8
75 0111111011 8

07 1110010101 6
10 0111101111 8
21 1010110000 4
32 1111101111 9
43 0101011111 7
54 1111101111 9
65 1111111001 8
76 0111111111 9

Matching output
0 absent
1 absent
2 51
3 60 72
4 absent
5 absent
6 absent
7 absent

Left
none
Best: none

Right
none
Best: none

XOR-NOT
01 0010000001 2
12 1010100000 3
23 0111101011 7
34 0101000101 4
45 0101101110 6
56 1111101001 7
67 0110011101 6
70 0110010101 5

02 0111011110 7
13 0010110100 4
24 1101010001 5
35 1111010100 6
46 0101111000 5
57 0110001011 5
60 1111110111 9
71 1011101011 7

03 1111001010 6
14 1000001110 4
25 0111000000 3
36 1111000010 5
47 1100011010 5
50 1111100001 6
61 0010001001 3
72 1110110100 6

04 0101110000 4
15 0010011111 6
26 0111010110 6
37 0110100000 3
40 0101110000 4
51 0010011111 6
62 0111010110 6
73 0110100000 3

05 1111100001 6
16 0010001001 3
27 1110110100 6
30 1111001010 6
41 1000001110 4
52 0111000000 3
63 1111000010 5
74 1100011010 5

06 1111110111 9
17 1011101011 7
20 0111011110 7
31 0010110100 4
42 1101010001 5
53 1111010100 6
64 0101111000 5
75 0110001011 5

07 0110010101 5
10 0010000001 2
21 1010100000 3
32 0111101011 7
43 0101000101 4
54 0101101110 6
65 1111101001 7
76 0110011101 6

Matching output
0 absent
1 absent
2 absent
3 absent
4 absent
5 absent
6 absent
7 absent

Left
none
Best: none

Right
none
Best: none

Selecting

Lefts
Identity none
NOT none
Constant none
AND none
OR OR36 47 50 61 72: 5
XOR none
AND-NOT none
OR-NOT none
XOR-NOT none

Rights
Identity I5 4 3: 3
NOT none
Constant none
AND none
OR none
XOR XOR04: 1
AND-NOT none
OR-NOT none
XOR-NOT none

Left longest: 5
Right longest: 3

Left winner: Identity no, NOT no, Constant no, AND no, OR yes, XOR no, AND-NOT no, OR-NOT no, XOR-NOT no
Right winner: Identity yes, NOT no, Constant no, AND no, OR no, XOR no, AND-NOT no, OR-NOT no, XOR-NOT no

Best left: OR36 47 50 61 72: 5
Best right: I5 4 3: 3

Truncated left: OR36 47 50 61 72: 5
Truncated right: I5 4 3: 3

Tentative from right
7 I5
6 I4
5 I3
4 pending
3 pending
2 pending
1 pending
0 pending

Tentative
0 OR36
1 OR47
2 OR50
3 OR61
4 OR72
5 I3
6 I4
7 I5

Preferred from left
0 OR36
1 OR47
2 OR50
3 OR61
4 OR72
5 I3
6 I4
7 I5

Preferred from right
7 I5
6 I4
5 I3
4 OR72
3 OR61
2 OR50
1 OR47
0 OR36

Preferred
0 OR36
1 OR47
2 OR50
3 OR61
4 OR72
5 I3
6 I4
7 I5

Matching
0 OR36
1 OR47
2 OR50
3 OR61
4 OR72
5 I3
6 I4
7 I5

Perfect match
Identity no
NOT no
Constant no
AND no
OR no
XOR no
AND-NOT no
OR-NOT no
XOR-NOT no

Matched
0 OR36
1 OR47
2 OR50
3 OR61
4 OR72
5 I3
6 I4
7 I5

Selected
0 OR36
1 OR47
2 OR50
3 OR61
4 OR72
5 I3
6 I4
7 I5

Applying to 10110000
Input
0 1
1 0
2 1
3 1
4 0
5 0
6 0
7 0
Output
0 OR36 = OR(1,0) = 1
1 OR47 = OR(0,0) = 0
2 OR50 = OR(0,1) = 1
3 OR61 = OR(0,0) = 0
4 OR72 = OR(0,1) = 1
5 I3 = 1
6 I4 = 0
7 I5 = 0

I will now return the answer in \boxed{}
The answer in \boxed{–} is \boxed{10101100}
[correct]
true
