[category]
bit_manipulation
[prompt]
In Alice's Wonderland, a secret bit manipulation rule transforms 8-bit binary numbers. The transformation involves operations like bit shifts, rotations, XOR, AND, OR, NOT, and possibly majority or choice functions.

Here are some examples of input -> output:
00111110 -> 01110010
11101010 -> 01111101
11111111 -> 11111111
01111011 -> 11010010
00100000 -> 10111110
00001000 -> 10101111
00011000 -> 00001111
01111010 -> 11011000
11010110 -> 11100101

Now, determine the output for: 00111000
[completion]
We need to deduce the transformation by matching the example outputs.
I will put my final answer inside \boxed{}.

Output 0: 01110010
0 0
1 1
2 1
3 1
4 0
5 0
6 1
7 0

Output 1: 01111101
0 0
1 1
2 1
3 1
4 1
5 1
6 0
7 1

Output 2: 11111111
0 1
1 1
2 1
3 1
4 1
5 1
6 1
7 1

Output 3: 11010010
0 1
1 1
2 0
3 1
4 0
5 0
6 1
7 0

Output 4: 10111110
0 1
1 0
2 1
3 1
4 1
5 1
6 1
7 0

Output 5: 10101111
0 1
1 0
2 1
3 0
4 1
5 1
6 1
7 1

Output 6: 00001111
0 0
1 0
2 0
3 0
4 1
5 1
6 1
7 1

Output 7: 11011000
0 1
1 1
2 0
3 1
4 1
5 0
6 0
7 0

Output 8: 11100101
0 1
1 1
2 1
3 0
4 0
5 1
6 0
7 1

Output bit columns (with bitsum as hash)
0 001111011 6
1 111100011 6
2 111011001 6
3 111110010 6
4 011011110 6
5 011011101 6
6 101111100 6
7 011001101 5

Input 0: 00111110
0 0
1 0
2 1
3 1
4 1
5 1
6 1
7 0

Input 1: 11101010
0 1
1 1
2 1
3 0
4 1
5 0
6 1
7 0

Input 2: 11111111
0 1
1 1
2 1
3 1
4 1
5 1
6 1
7 1

Input 3: 01111011
0 0
1 1
2 1
3 1
4 1
5 0
6 1
7 1

Input 4: 00100000
0 0
1 0
2 1
3 0
4 0
5 0
6 0
7 0

Input 5: 00001000
0 0
1 0
2 0
3 0
4 1
5 0
6 0
7 0

Input 6: 00011000
0 0
1 0
2 0
3 1
4 1
5 0
6 0
7 0

Input 7: 01111010
0 0
1 1
2 1
3 1
4 1
5 0
6 1
7 0

Input 8: 11010110
0 1
1 1
2 0
3 1
4 0
5 1
6 1
7 0

When matching output
x: not in operator
y: wrong position

Identity
0 011000001 3
1 011100011 5
2 111110010 6 match 3
3 101100111 6
4 111101110 7
5 101000001 3
6 111100011 6 match 1
7 001100000 2

Matching output
0 absent
1 6
2 absent
3 2
4 absent
5 absent
6 absent
7 absent

Left
none
Best: none

Right
none
Best: none

NOT
0 100111110 6
1 100011100 4
2 000001101 3
3 010011000 3
4 000010001 2
5 010111110 6
6 000011100 3
7 110011111 7

Matching output
0 absent
1 absent
2 absent
3 absent
4 absent
5 absent
6 absent
7 absent

Left
none
Best: none

Right
none
Best: none

Constant
0 000000000 a
1 111111111 a

Matching output
0 absent
1 absent
2 absent
3 absent
4 absent
5 absent
6 absent
7 absent

Left
none
Best: none

Right
none
Best: none

AND
01 10 011000001 3
12 21 011100010 4
23 32 101100010 4
34 43 101100110 5
45 54 101000000 2
56 65 101000001 3
67 76 001100000 2
70 07 001000000 1

02 20 011000000 2
13 31 001100011 4
24 42 111100010 5
35 53 101000001 3
46 64 111100010 5
57 75 001000000 1
60 06 011000001 3
71 17 001100000 2

03 30 001000001 2
14 41 011100010 4
25 52 101000000 2
36 63 101100011 5
47 74 001100000 2
50 05 001000001 2
61 16 011100011 5
72 27 001100000 2

04 40 011000000 2
15 51 001000001 2
26 62 111100010 5
37 73 001100000 2

Matching output
0 absent
1 absent
2 absent
3 absent
4 absent
5 absent
6 absent
7 absent

Left
none
Best: none

Right
none
Best: none

OR
01 10 011100011 5
12 21 111110011 7
23 32 111110111 8
34 43 111101111 8
45 54 111101111 8
56 65 111100011 6 match 1
67 76 111100011 6 match 1
70 07 011100001 4

02 20 111110011 7
13 31 111100111 7
24 42 111111110 8
35 53 101100111 6
46 64 111101111 8
57 75 101100001 4
60 06 111100011 6 match 1
71 17 011100011 5

03 30 111100111 7
14 41 111101111 8
25 52 111110011 7
36 63 111100111 7
47 74 111101110 7
50 05 111000001 4
61 16 111100011 6 match 1
72 27 111110010 6 match 3

04 40 111101111 8
15 51 111100011 6 match 1
26 62 111110011 7
37 73 101100111 6

Matching output
0 absent
1 56 65 67 76 60 06 61 16 15 51
2 absent
3 72 27
4 absent
5 absent
6 absent
7 absent

Left
none
Best: none

Right
none
Best: none

XOR
01 10 000100010 2
12 21 100010001 3
23 32 010010101 4
34 43 010001001 3
45 54 010101111 6
56 65 010100010 3
67 76 110000011 4
70 07 010100001 3

02 20 100110011 5
13 31 110000100 3
24 42 000011100 3
35 53 000100110 3
46 64 000001101 3
57 75 100100001 3
60 06 100100010 3
71 17 010000011 3

03 30 110100110 5
14 41 100001101 4
25 52 010110011 5
36 63 010000100 2
47 74 110001110 5
50 05 110000000 2
61 16 100000000 1
72 27 110010010 4

04 40 100101111 6
15 51 110100010 4
26 62 000010001 2
37 73 100000111 4

Matching output
0 absent
1 absent
2 absent
3 absent
4 absent
5 absent
6 absent
7 absent

Left
none
Best: none

Right
none
Best: none

AND-NOT
01 000000000 a
12 000000001 1
23 010010000 2
34 000000001 1
45 010101110 5
56 000000000 a
67 110000011 4
70 000100000 1

02 000000001 1
13 010000000 1
24 000010000 1
35 000100110 3
46 000001100 2
57 100000001 2
60 100100010 3
71 000000000 a

03 010000000 1
14 000000001 1
25 010110010 4
36 000000100 1
47 110001110 5
50 100000000 1
61 100000000 1
72 000000000 a

04 000000001 1
15 010100010 3
26 000010000 1
37 100000111 4
40 100101110 5
51 100000000 1
62 000000001 1
73 000000000 a

05 010000000 1
16 000000000 a
27 110010010 4
30 100100110 4
41 100001100 3
52 000000001 1
63 010000000 1
74 000000000 a

06 000000000 a
17 010000011 3
20 100110010 4
31 100000100 2
42 000001100 2
53 000000000 a
64 000000001 1
75 000100000 1

07 010000001 2
10 000100010 2
21 100010000 2
32 000000101 2
43 010001000 2
54 000000001 1
65 010100010 3
76 000000000 a

Matching output
0 absent
1 absent
2 absent
3 absent
4 absent
5 absent
6 absent
7 absent

Left
none
Best: none

Right
none
Best: none

OR-NOT
01 111011101 7
12 011101111 7
23 111111010 7
34 101110111 7
45 111111110 8
56 101011101 6
67 111111111 a
70 101111110 7

02 011001101 5 match 7
13 011111011 7
24 111110011 7
35 111111111 a
46 111111110 8
57 111011111 8
60 111111111 a
71 101111100 6 match 6

03 011011001 5
14 011110011 6
25 111111110 8
36 101111111 8
47 111111111 a
50 101111111 8
61 111111111 a
72 001101101 5

04 011010001 4
15 011111111 8
26 111111110 8
37 111111111 a
40 111111110 8
51 101011101 6
62 111101111 8
73 011111000 5

05 011111111 8
16 011111111 8
27 111111111 a
30 101111111 8
41 111111110 8
52 101001101 5
63 111111011 8
74 001110001 4

06 011011101 6 match 5
17 111111111 a
20 111111110 8
31 101111111 8
42 111101111 8
53 111011001 6 match 2
64 111110011 7
75 011111110 7

07 111011111 8
10 111111111 a
21 111111110 8
32 101101111 7
43 111111110 8
54 101010001 4
65 111111111 a
76 001111100 5

Matching output
0 absent
1 absent
2 53
3 absent
4 absent
5 06
6 71
7 02

Left
none
Best: none

Right
02 71 60x
Best: OR-NOT02 71: 2

XOR-NOT
01 111011101 7
12 011101110 6
23 101101010 5
34 101110110 6
45 101010000 3
56 101011101 6
67 001111100 5
70 101011110 6

02 011001100 4
13 001111011 6 match 0
24 111100011 6 match 1
35 111011001 6 match 2
46 111110010 6 match 3
57 011011110 6 match 4
60 011011101 6 match 5
71 101111100 6 match 6

03 001011001 4
14 011110010 5
25 101001100 4
36 101111011 7
47 001110001 4
50 001111111 7
61 011111111 8
72 001101101 5

04 011010000 3
15 001011101 5
26 111101110 7
37 011111000 5
40 011010000 3
51 001011101 5
62 111101110 7
73 011111000 5

05 001111111 7
16 011111111 8
27 001101101 5
30 001011001 4
41 011110010 5
52 101001100 4
63 101111011 7
74 001110001 4

06 011011101 6 match 5
17 101111100 6 match 6
20 011001100 4
31 001111011 6 match 0
42 111100011 6 match 1
53 111011001 6 match 2
64 111110010 6 match 3
75 011011110 6 match 4

07 101011110 6
10 111011101 7
21 011101110 6
32 101101010 5
43 101110110 6
54 101010000 3
65 101011101 6
76 001111100 5

Matching output
0 13 31
1 24 42
2 35 53
3 46 64
4 57 75
5 60 06
6 71 17
7 absent

Left
13 24 35 46 57 60 71 02x
31 42 53 64 75 06 17 20x
Best: XOR-NOT13 24 35 46 57 60 71: 7

Right
none
Best: none

Selecting

Lefts
Identity none
NOT none
Constant none
AND none
OR none
XOR none
AND-NOT none
OR-NOT none
XOR-NOT XOR-NOT13 24 35 46 57 60 71: 7

Rights
Identity none
NOT none
Constant none
AND none
OR none
XOR none
AND-NOT none
OR-NOT OR-NOT02 71: 2
XOR-NOT none

Left longest: 7
Right longest: 2

Left winner: Identity no, NOT no, Constant no, AND no, OR no, XOR no, AND-NOT no, OR-NOT no, XOR-NOT yes
Right winner: Identity no, NOT no, Constant no, AND no, OR no, XOR no, AND-NOT no, OR-NOT yes, XOR-NOT no

Best left: XOR-NOT13 24 35 46 57 60 71: 7
Best right: OR-NOT02 71: 2

Truncated left: XOR-NOT13 24 35 46 57 60 71: 7
Truncated right: OR-NOT02: 1 truncated

Tentative from right
7 OR-NOT02
6 pending
5 pending
4 pending
3 pending
2 pending
1 pending
0 pending

Tentative
0 XOR-NOT13
1 XOR-NOT24
2 XOR-NOT35
3 XOR-NOT46
4 XOR-NOT57
5 XOR-NOT60
6 XOR-NOT71
7 OR-NOT02

Preferred from left
0 XOR-NOT13
1 XOR-NOT24
2 XOR-NOT35
3 XOR-NOT46
4 XOR-NOT57
5 XOR-NOT60
6 XOR-NOT71
7 OR-NOT02

Preferred from right
7 OR-NOT02
6 XOR-NOT71
5 XOR-NOT60
4 XOR-NOT57
3 XOR-NOT46
2 XOR-NOT35
1 XOR-NOT24
0 XOR-NOT13

Preferred
0 XOR-NOT13
1 XOR-NOT24
2 XOR-NOT35
3 XOR-NOT46
4 XOR-NOT57
5 XOR-NOT60
6 XOR-NOT71
7 OR-NOT02

Matching
0 XOR-NOT13
1 XOR-NOT24
2 XOR-NOT35
3 XOR-NOT46
4 XOR-NOT57
5 XOR-NOT60
6 XOR-NOT71
7 OR-NOT02

Perfect match
Identity no
NOT no
Constant no
AND no
OR no
XOR no
AND-NOT no
OR-NOT no
XOR-NOT no

Matched
0 XOR-NOT13
1 XOR-NOT24
2 XOR-NOT35
3 XOR-NOT46
4 XOR-NOT57
5 XOR-NOT60
6 XOR-NOT71
7 OR-NOT02

Selected
0 XOR-NOT13
1 XOR-NOT24
2 XOR-NOT35
3 XOR-NOT46
4 XOR-NOT57
5 XOR-NOT60
6 XOR-NOT71
7 OR-NOT02

Applying to 00111000
Input
0 0
1 0
2 1
3 1
4 1
5 0
6 0
7 0
Output
0 XOR-NOT13 = XOR(0,NOT(1)) = 0
1 XOR-NOT24 = XOR(1,NOT(1)) = 1
2 XOR-NOT35 = XOR(1,NOT(0)) = 0
3 XOR-NOT46 = XOR(1,NOT(0)) = 0
4 XOR-NOT57 = XOR(0,NOT(0)) = 1
5 XOR-NOT60 = XOR(0,NOT(0)) = 1
6 XOR-NOT71 = XOR(0,NOT(0)) = 1
7 OR-NOT02 = OR(0,NOT(1)) = 0

I will now return the answer in \boxed{}
The answer in \boxed{–} is \boxed{01001110}
[correct]
true
