[category]
bit_manipulation
[prompt]
In Alice's Wonderland, a secret bit manipulation rule transforms 8-bit binary numbers. The transformation involves operations like bit shifts, rotations, XOR, AND, OR, NOT, and possibly majority or choice functions.

Here are some examples of input -> output:
01011110 -> 10111110
00001000 -> 00010000
11100111 -> 11001001
11001000 -> 10010110
10011100 -> 00111100
01111111 -> 11111101
01010011 -> 10100100
10110010 -> 01100001

Now, determine the output for: 10010101
[completion]
We need to deduce the transformation by matching the example outputs.
I will put my final answer inside \boxed{}.

Output 0: 10111110
0 1
1 0
2 1
3 1
4 1
5 1
6 1
7 0

Output 1: 00010000
0 0
1 0
2 0
3 1
4 0
5 0
6 0
7 0

Output 2: 11001001
0 1
1 1
2 0
3 0
4 1
5 0
6 0
7 1

Output 3: 10010110
0 1
1 0
2 0
3 1
4 0
5 1
6 1
7 0

Output 4: 00111100
0 0
1 0
2 1
3 1
4 1
5 1
6 0
7 0

Output 5: 11111101
0 1
1 1
2 1
3 1
4 1
5 1
6 0
7 1

Output 6: 10100100
0 1
1 0
2 1
3 0
4 0
5 1
6 0
7 0

Output 7: 01100001
0 0
1 1
2 1
3 0
4 0
5 0
6 0
7 1

Output bit columns (with bitsum as hash)
0 10110110 5
1 00100101 3
2 10001111 5
3 11011100 5
4 10101100 4
5 10011110 5
6 10010000 2
7 00100101 3

Input 0: 01011110
0 0
1 1
2 0
3 1
4 1
5 1
6 1
7 0

Input 1: 00001000
0 0
1 0
2 0
3 0
4 1
5 0
6 0
7 0

Input 2: 11100111
0 1
1 1
2 1
3 0
4 0
5 1
6 1
7 1

Input 3: 11001000
0 1
1 1
2 0
3 0
4 1
5 0
6 0
7 0

Input 4: 10011100
0 1
1 0
2 0
3 1
4 1
5 1
6 0
7 0

Input 5: 01111111
0 0
1 1
2 1
3 1
4 1
5 1
6 1
7 1

Input 6: 01010011
0 0
1 1
2 0
3 1
4 0
5 0
6 1
7 1

Input 7: 10110010
0 1
1 0
2 1
3 1
4 0
5 0
6 1
7 0

When matching output
x: not in operator
y: wrong position

Identity
0 00111001 4
1 10110110 5 match 0
2 00100101 3 match 1 7
3 10001111 5 match 2
4 11011100 5 match 3
5 10101100 4 match 4
6 10100111 5
7 00100110 3

Matching output
0 1
1 2
2 3
3 4
4 5
5 absent
6 absent
7 2

Left
1 2 3 4 5 6x
Best: I1 2 3 4 5: 5

Right
2 1y
Best: I2: 1

NOT
0 11000110 4
1 01001001 3
2 11011010 5
3 01110000 3
4 00100011 3
5 01010011 4
6 01011000 3
7 11011001 5

Matching output
0 absent
1 absent
2 absent
3 absent
4 absent
5 absent
6 absent
7 absent

Left
none
Best: none

Right
none
Best: none

Constant
0 00000000 a
1 11111111 a

Matching output
0 absent
1 absent
2 absent
3 absent
4 absent
5 absent
6 absent
7 absent

Left
none
Best: none

Right
none
Best: none

AND
01 10 00110000 2
12 21 00100100 2
23 32 00000101 2
34 43 10001100 3
45 54 10001100 3
56 65 10100100 3
67 76 00100110 3
70 07 00100000 1

02 20 00100001 2
13 31 10000110 3
24 42 00000100 1
35 53 10001100 3
46 64 10000100 2
57 75 00100100 2
60 06 00100001 2
71 17 00100110 3

03 30 00001001 2
14 41 10010100 3
25 52 00100100 2
36 63 10000111 4
47 74 00000100 1
50 05 00101000 2
61 16 10100110 4
72 27 00100100 2

04 40 00011000 2
15 51 10100100 3
26 62 00100101 3 match 1 7
37 73 00000110 2

Matching output
0 absent
1 26 62
2 absent
3 absent
4 absent
5 absent
6 absent
7 26 62

Left
none
Best: none

Right
26 15x
62 51x
Best: AND26: 1

OR
01 10 10111111 7
12 21 10110111 6
23 32 10101111 6
34 43 11011111 7
45 54 11111100 6
56 65 10101111 6
67 76 10100111 5
70 07 00111111 6

02 20 00111101 5
13 31 10111111 7
24 42 11111101 7
35 53 10101111 6
46 64 11111111 a
57 75 10101110 5
60 06 10111111 7
71 17 10110110 5 match 0

03 30 10111111 7
14 41 11111110 7
25 52 10101101 5
36 63 10101111 6
47 74 11111110 7
50 05 10111101 6
61 16 10110111 6
72 27 00100111 4

04 40 11111101 7
15 51 10111110 6
26 62 10100111 5
37 73 10101111 6

Matching output
0 71 17
1 absent
2 absent
3 absent
4 absent
5 absent
6 absent
7 absent

Left
71 02x
17 20x
Best: OR71: 1

Right
none
Best: none

XOR
01 10 10001111 5 match 2
12 21 10010011 4
23 32 10101010 4
34 43 01010011 4
45 54 01110000 3
56 65 00001011 3
67 76 10000001 2
70 07 00011111 5

02 20 00011100 3
13 31 00111001 4
24 42 11111001 6
35 53 00100011 3
46 64 01111011 6
57 75 10001010 3
60 06 10011110 5 match 5
71 17 10010000 2 match 6

03 30 10110110 5 match 0
14 41 01101010 4
25 52 10001001 3
36 63 00101000 2
47 74 11111010 6
50 05 10010101 4
61 16 00010001 2
72 27 00000011 2

04 40 11100101 5
15 51 00011010 3
26 62 10000010 2
37 73 10101001 4

Matching output
0 03 30
1 absent
2 01 10
3 absent
4 absent
5 60 06
6 71 17
7 absent

Left
03 14x
30 41x
Best: XOR03: 1

Right
none
Best: none

AND-NOT
01 00001001 2
12 10010010 3
23 00100000 1
34 00000011 2
45 01010000 2
56 00001000 1
67 10000001 2
70 00000110 2

02 00011000 2
13 00110000 2
24 00100001 2
35 00000011 2
46 01011000 3
57 10001000 2
60 10000110 3
71 00000000 a

03 00110000 2
14 00100010 2
25 00000001 1
36 00001000 1
47 11011000 4
50 10000100 2
61 00000001 1
72 00000010 1

04 00100001 2
15 00010010 2
26 00000000 a
37 10001001 3
40 11000100 3
51 00001000 1
62 10000010 2
73 00100000 1

05 00010001 2
16 00010000 1
27 00000001 1
30 10000110 3
41 01001000 2
52 10001000 2
63 00100000 1
74 00100010 2

06 00011000 2
17 10010000 2 match 6
20 00000100 1
31 00001001 2
42 11011000 4
53 00100000 1
64 00100011 3
75 00000010 1

07 00011001 3
10 10000110 3
21 00000001 1
32 10001010 3
43 01010000 2
54 00100000 1
65 00000011 2
76 00000000 a

Matching output
0 absent
1 absent
2 absent
3 absent
4 absent
5 absent
6 17
7 absent

Left
none
Best: none

Right
none
Best: none

OR-NOT
01 01111001 5
12 11111110 7
23 01110101 5
34 10101111 6
45 11011111 7
56 11111100 6
67 11111111 a
70 11100110 5

02 11111011 7
13 11110110 6
24 00100111 4
35 11011111 7
46 11011100 5 match 3
57 11111101 7
60 11100111 6
71 01101111 6

03 01111001 5
14 10110111 6
25 01110111 6
36 11011111 7
47 11011101 6
50 11101110 6
61 11101111 7
72 11111110 7

04 00111011 5
15 11110111 7
26 01111101 6
37 11011111 7
40 11011110 6
51 11101101 6
62 11111111 a
73 01110110 5

05 01111011 6
16 11111110 7
27 11111101 7
30 11001111 6
41 11011101 6
52 11111110 7
63 11110111 7
74 00100111 4

06 01111001 5
17 11111111 a
20 11100111 6
31 11001111 6
42 11011110 6
53 11111100 6
64 10100111 5
75 01110111 6

07 11111001 6
10 11110110 6
21 01101101 5
32 11011111 7
43 11111100 6
54 10101111 6
65 11110111 7
76 01111110 6

Matching output
0 absent
1 absent
2 absent
3 46
4 absent
5 absent
6 absent
7 absent

Left
none
Best: none

Right
none
Best: none

XOR-NOT
01 01110000 3
12 01101100 4
23 01010101 4
34 10101100 4 match 4
45 10001111 5 match 2
56 11110100 5
67 01111110 6
70 11100000 3

02 11100011 5
13 11000110 4
24 00000110 2
35 11011100 5 match 3
46 10000100 2
57 01110101 5
60 01100001 3
71 01101111 6

03 01001001 3
14 10010101 4
25 01110110 5
36 11010111 6
47 00000101 2
50 01101010 4
61 11101110 6
72 11111100 6

04 00011010 3
15 11100101 5
26 01111101 6
37 01010110 4
40 00011010 3
51 11100101 5
62 01111101 6
73 01010110 4

05 01101010 4
16 11101110 6
27 11111100 6
30 01001001 3
41 10010101 4
52 01110110 5
63 11010111 6
74 00000101 2

06 01100001 3
17 01101111 6
20 11100011 5
31 11000110 4
42 00000110 2
53 11011100 5 match 3
64 10000100 2
75 01110101 5

07 11100000 3
10 01110000 3
21 01101100 4
32 01010101 4
43 10101100 4 match 4
54 10001111 5 match 2
65 11110100 5
76 01111110 6

Matching output
0 absent
1 absent
2 45 54
3 35 53
4 34 43
5 absent
6 absent
7 absent

Left
none
Best: none

Right
none
Best: none

Selecting

Lefts
Identity I1 2 3 4 5: 5
NOT none
Constant none
AND none
OR OR71: 1
XOR XOR03: 1
AND-NOT none
OR-NOT none
XOR-NOT none

Rights
Identity I2: 1
NOT none
Constant none
AND AND26: 1
OR none
XOR none
AND-NOT none
OR-NOT none
XOR-NOT none

Left longest: 5
Right longest: 1

Left winner: Identity yes, NOT no, Constant no, AND no, OR no, XOR no, AND-NOT no, OR-NOT no, XOR-NOT no
Right winner: Identity yes, NOT no, Constant no, AND no, OR no, XOR no, AND-NOT no, OR-NOT no, XOR-NOT no

Best left: I1 2 3 4 5: 5
Best right: I2: 1

Truncated left: I1 2 3 4 5: 5
Truncated right: I2: 1

Tentative from right
7 I2
6 pending
5 pending
4 pending
3 pending
2 pending
1 pending
0 pending

Tentative
0 I1
1 I2
2 I3
3 I4
4 I5
5 pending
6 pending
7 I2

Preferred from left
0 I1
1 I2
2 I3
3 I4
4 I5
5 ?6?
6 ?7?
7 I2

Preferred from right
7 I2
6 ?71
5 ?60
4 I5
3 I4
2 I3
1 I2
0 I1

Preferred
0 I1
1 I2
2 I3
3 I4
4 I5
5 ?60 ?06
6 ?71 ?17
7 I2

Matching
0 I1
1 I2
2 I3
3 I4
4 I5
5 ?60 ?06 - Identity absent, NOT absent, Constant absent, AND absent, OR absent, XOR60, AND-NOT absent, OR-NOT absent, XOR-NOT absent
6 ?71 ?17 - Identity absent, NOT absent, Constant absent, AND absent, OR absent, XOR71, AND-NOT17, OR-NOT absent, XOR-NOT absent
7 I2

Perfect match
Identity no
NOT no
Constant no
AND no
OR no
XOR yes
AND-NOT no
OR-NOT no
XOR-NOT no

Matched
0 I1
1 I2
2 I3
3 I4
4 I5
5 XOR60
6 XOR71
7 I2

Selected
0 I1
1 I2
2 I3
3 I4
4 I5
5 XOR60
6 XOR71
7 I2

Applying to 10010101
Input
0 1
1 0
2 0
3 1
4 0
5 1
6 0
7 1
Output
0 I1 = 0
1 I2 = 0
2 I3 = 1
3 I4 = 0
4 I5 = 1
5 XOR60 = XOR(0,1) = 1
6 XOR71 = XOR(1,0) = 1
7 I2 = 0

I will now return the answer in \boxed{}
The answer in \boxed{–} is \boxed{00101110}
[correct]
true
