[category]
bit_manipulation
[prompt]
In Alice's Wonderland, a secret bit manipulation rule transforms 8-bit binary numbers. The transformation involves operations like bit shifts, rotations, XOR, AND, OR, NOT, and possibly majority or choice functions.

Here are some examples of input -> output:
01011010 -> 01101101
01011000 -> 00101100
01000010 -> 01100001
01101101 -> 10010110
11101101 -> 11010110
10010011 -> 00101001
00110000 -> 00011000
11101111 -> 10010111
00000111 -> 11100011
11110100 -> 11111010

Now, determine the output for: 01000111
[completion]
We need to deduce the transformation by matching the example outputs.
I will put my final answer inside \boxed{}.

Output 0: 01101101
0 0
1 1
2 1
3 0
4 1
5 1
6 0
7 1

Output 1: 00101100
0 0
1 0
2 1
3 0
4 1
5 1
6 0
7 0

Output 2: 01100001
0 0
1 1
2 1
3 0
4 0
5 0
6 0
7 1

Output 3: 10010110
0 1
1 0
2 0
3 1
4 0
5 1
6 1
7 0

Output 4: 11010110
0 1
1 1
2 0
3 1
4 0
5 1
6 1
7 0

Output 5: 00101001
0 0
1 0
2 1
3 0
4 1
5 0
6 0
7 1

Output 6: 00011000
0 0
1 0
2 0
3 1
4 1
5 0
6 0
7 0

Output 7: 10010111
0 1
1 0
2 0
3 1
4 0
5 1
6 1
7 1

Output 8: 11100011
0 1
1 1
2 1
3 0
4 0
5 0
6 1
7 1

Output 9: 11111010
0 1
1 1
2 1
3 1
4 1
5 0
6 1
7 0

Output bit columns (with bitsum as hash)
0 0001100111 5
1 1010100011 5
2 1110010011 6
3 0001101101 5
4 1100011001 5
5 1101100100 5
6 0001100111 5
7 1010010110 5

Input 0: 01011010
0 0
1 1
2 0
3 1
4 1
5 0
6 1
7 0

Input 1: 01011000
0 0
1 1
2 0
3 1
4 1
5 0
6 0
7 0

Input 2: 01000010
0 0
1 1
2 0
3 0
4 0
5 0
6 1
7 0

Input 3: 01101101
0 0
1 1
2 1
3 0
4 1
5 1
6 0
7 1

Input 4: 11101101
0 1
1 1
2 1
3 0
4 1
5 1
6 0
7 1

Input 5: 10010011
0 1
1 0
2 0
3 1
4 0
5 0
6 1
7 1

Input 6: 00110000
0 0
1 0
2 1
3 1
4 0
5 0
6 0
7 0

Input 7: 11101111
0 1
1 1
2 1
3 0
4 1
5 1
6 1
7 1

Input 8: 00000111
0 0
1 0
2 0
3 0
4 0
5 1
6 1
7 1

Input 9: 11110100
0 1
1 1
2 1
3 1
4 0
5 1
6 0
7 0

When matching output
x: not in operator
y: wrong position

Identity
0 0000110101 4
1 1111100101 7
2 0001101101 5 match 3
3 1100011001 5 match 4
4 1101100100 5 match 5
5 0001100111 5 match 0 6
6 1010010110 5 match 7
7 0001110110 5

Matching output
0 5
1 absent
2 absent
3 2
4 3
5 4
6 5
7 6

Left
5 6y
Best: I5: 1

Right
6 5 4 3 2 1x
Best: I6 5 4 3 2: 5

NOT
0 1111001010 6
1 0000011010 3
2 1110010010 5
3 0011100110 5
4 0010011011 5
5 1110011000 5
6 0101101001 5
7 1110001001 5

Matching output
0 absent
1 absent
2 absent
3 absent
4 absent
5 absent
6 absent
7 absent

Left
none
Best: none

Right
none
Best: none

Constant
0 0000000000 a
1 1111111111 a

Matching output
0 absent
1 absent
2 absent
3 absent
4 absent
5 absent
6 absent
7 absent

Left
none
Best: none

Right
none
Best: none

AND
01 10 0000100101 3
12 21 0001100101 4
23 32 0000001001 2
34 43 1100000000 2
45 54 0001100100 3
56 65 0000000110 2
67 76 0000010110 3
70 07 0000110100 3

02 20 0000100101 3
13 31 1100000001 3
24 42 0001100100 3
35 53 0000000001 1
46 64 1000000100 2
57 75 0001100110 4
60 06 0000010100 2
71 17 0001100100 3

03 30 0000010001 2
14 41 1101100100 5 match 5
25 52 0001100101 4
36 63 1000010000 2
47 74 0001100100 3
50 05 0000100101 3
61 16 1010000100 3
72 27 0001100100 3

04 40 0000100100 2
15 51 0001100101 4
26 62 0000000100 1
37 73 0000010000 1

Matching output
0 absent
1 absent
2 absent
3 absent
4 absent
5 14 41
6 absent
7 absent

Left
none
Best: none

Right
none
Best: none

OR
01 10 1111110101 8
12 21 1111101101 8
23 32 1101111101 8
34 43 1101111101 8
45 54 1101100111 7
56 65 1011110111 8
67 76 1011110110 7
70 07 0001110111 6

02 20 0001111101 6
13 31 1111111101 9
24 42 1101101101 7
35 53 1101111111 9
46 64 1111110110 8
57 75 0001110111 6
60 06 1010110111 7
71 17 1111110111 9

03 30 1100111101 7
14 41 1111100101 7
25 52 0001101111 6
36 63 1110011111 8
47 74 1101110110 7
50 05 0001110111 6
61 16 1111110111 9
72 27 0001111111 7

04 40 1101110101 7
15 51 1111100111 8
26 62 1011111111 9
37 73 1101111111 9

Matching output
0 absent
1 absent
2 absent
3 absent
4 absent
5 absent
6 absent
7 absent

Left
none
Best: none

Right
none
Best: none

XOR
01 10 1111010000 5
12 21 1110001000 4
23 32 1101110100 6
34 43 0001111101 6
45 54 1100000011 4
56 65 1011110001 6
67 76 1011100000 4
70 07 0001000011 3

02 20 0001011000 3
13 31 0011111100 6
24 42 1100001001 4
35 53 1101111110 8
46 64 0111110010 6
57 75 0000010001 2
60 06 1010100011 5 match 1
71 17 1110010011 6 match 2

03 30 1100101100 5
14 41 0010000001 2
25 52 0000001010 2
36 63 0110001111 6
47 74 1100010010 4
50 05 0001010010 3
61 16 0101110011 6
72 27 0000011011 4

04 40 1101010001 5
15 51 1110000010 4
26 62 1011111011 8
37 73 1101101111 8

Matching output
0 absent
1 60 06
2 71 17
3 absent
4 absent
5 absent
6 absent
7 absent

Left
none
Best: none

Right
none
Best: none

AND-NOT
01 0000010000 1
12 1110000000 3
23 0001100100 3
34 0000011001 3
45 1100000000 2
56 0001100001 3
67 1010000000 2
70 0001000010 2

02 0000010000 1
13 0011100100 4
24 0000001001 2
35 1100011000 4
46 0101100000 3
57 0000000001 1
60 1010000010 3
71 0000010010 2

03 0000100100 2
14 0010000001 2
25 0000001000 1
36 0100001001 3
47 1100000000 2
50 0001000010 2
61 0000010010 2
72 0000010010 2

04 0000010001 2
15 1110000000 3
26 0001101001 4
37 1100001001 4
40 1101000000 3
51 0000000010 1
62 1010010010 4
73 0001100110 4

05 0000010000 1
16 0101100001 4
27 0000001001 2
30 1100001000 3
41 0000000000 a
52 0000000010 1
63 0010000110 3
74 0000010010 2

06 0000100001 2
17 1110000001 4
20 0001001000 2
31 0000011000 2
42 1100000000 2
53 0001100110 4
64 0010010010 3
75 0000010000 1

07 0000000001 1
10 1111000000 4
21 0000001000 1
32 1100010000 3
43 0001100100 3
54 0000000011 2
65 1010010000 3
76 0001100000 2

Matching output
0 absent
1 absent
2 absent
3 absent
4 absent
5 absent
6 absent
7 absent

Left
none
Best: none

Right
none
Best: none

OR-NOT
01 0000111111 6
12 1111110111 9
23 0011101111 7
34 1110011011 7
45 1111111100 8
56 0101101111 7
67 1110011111 8
70 1111111110 9

02 1110110111 8
13 1111100111 8
24 0011111111 8
35 1110011001 6
46 1101101101 7
57 1111101111 9
60 1111011110 8
71 0001111110 6

03 0011110111 7
14 1111111111 a
25 1111111101 9
36 1101111001 7
47 1111101101 8
50 1111101111 9
61 1010011110 6
72 1111110110 8

04 0010111111 7
15 1111111101 9
26 0101101101 6
37 1110011001 6
40 1111101110 8
51 0001111111 7
62 1110010110 6
73 0011110110 6

05 1110111101 8
16 1111101101 8
27 1111101101 8
30 1111011011 8
41 1101111110 8
52 1111110111 9
63 1011110110 7
74 0011111111 8

06 0101111101 7
17 1111101101 8
20 1111101111 9
31 1100011011 6
42 1111110110 8
53 0011100111 6
64 1010011111 7
75 1111111110 9

07 1110111101 8
10 1111101111 9
21 0001111111 7
32 1110011011 7
43 1111100110 7
54 0011111111 8
65 1110011110 7
76 0101111111 8

Matching output
0 absent
1 absent
2 absent
3 absent
4 absent
5 absent
6 absent
7 absent

Left
none
Best: none

Right
none
Best: none

XOR-NOT
01 0000101111 5
12 0001110111 6
23 0010001011 4
34 1110000010 4
45 0011111100 6
56 0100001110 4
67 0100011111 6
70 1110111100 7

02 1110100111 7
13 1100000011 4
24 0011110110 6
35 0010000001 2
46 1000001101 4
57 1111101110 8
60 0101011100 5
71 0001101100 4

03 0011010011 5
14 1101111110 8
25 1111110101 8
36 1001110000 4
47 0011101101 6
50 1110101101 7
61 1010001100 4
72 1111100100 6

04 0010101110 5
15 0001111101 6
26 0100000100 2
37 0010010000 2
40 0010101110 5
51 0001111101 6
62 0100000100 2
73 0010010000 2

05 1110101101 7
16 1010001100 4
27 1111100100 6
30 0011010011 5
41 1101111110 8
52 1111110101 8
63 1001110000 4
74 0011101101 6

06 0101011100 5
17 0001101100 4
20 1110100111 7
31 1100000011 4
42 0011110110 6
53 0010000001 2
64 1000001101 4
75 1111101110 8

07 1110111100 7
10 0000101111 5
21 0001110111 6
32 0010001011 4
43 1110000010 4
54 0011111100 6
65 0100001110 4
76 0100011111 6

Matching output
0 absent
1 absent
2 absent
3 absent
4 absent
5 absent
6 absent
7 absent

Left
none
Best: none

Right
none
Best: none

Selecting

Lefts
Identity I5: 1
NOT none
Constant none
AND none
OR none
XOR none
AND-NOT none
OR-NOT none
XOR-NOT none

Rights
Identity I6 5 4 3 2: 5
NOT none
Constant none
AND none
OR none
XOR none
AND-NOT none
OR-NOT none
XOR-NOT none

Left longest: 1
Right longest: 5

Right winner: Identity yes, NOT no, Constant no, AND no, OR no, XOR no, AND-NOT no, OR-NOT no, XOR-NOT no
Left winner: Identity yes, NOT no, Constant no, AND no, OR no, XOR no, AND-NOT no, OR-NOT no, XOR-NOT no

Best right: I6 5 4 3 2: 5
Best left: I5: 1

Truncated right: I6 5 4 3 2: 5
Truncated left: I5: 1

Tentative from right
7 I6
6 I5
5 I4
4 I3
3 I2
2 pending
1 pending
0 pending

Tentative
0 I5
1 pending
2 pending
3 I2
4 I3
5 I4
6 I5
7 I6

Preferred from right
7 I6
6 I5
5 I4
4 I3
3 I2
2 ??1
1 ??0
0 I5

Preferred from left
0 I5
1 ?60
2 ?71
3 I2
4 I3
5 I4
6 I5
7 I6

Preferred
0 I5
1 ?60 ?06
2 ?71 ?17
3 I2
4 I3
5 I4
6 I5
7 I6

Matching
0 I5
1 ?60 ?06 - Identity absent, NOT absent, Constant absent, AND absent, OR absent, XOR60, AND-NOT absent, OR-NOT absent, XOR-NOT absent
2 ?71 ?17 - Identity absent, NOT absent, Constant absent, AND absent, OR absent, XOR71, AND-NOT absent, OR-NOT absent, XOR-NOT absent
3 I2
4 I3
5 I4
6 I5
7 I6

Perfect match
Identity no
NOT no
Constant no
AND no
OR no
XOR yes
AND-NOT no
OR-NOT no
XOR-NOT no

Matched
0 I5
1 XOR60
2 XOR71
3 I2
4 I3
5 I4
6 I5
7 I6

Selected
0 I5
1 XOR60
2 XOR71
3 I2
4 I3
5 I4
6 I5
7 I6

Applying to 01000111
Input
0 0
1 1
2 0
3 0
4 0
5 1
6 1
7 1
Output
0 I5 = 1
1 XOR60 = XOR(1,0) = 1
2 XOR71 = XOR(1,1) = 0
3 I2 = 0
4 I3 = 0
5 I4 = 0
6 I5 = 1
7 I6 = 1

I will now return the answer in \boxed{}
The answer in \boxed{–} is \boxed{11000011}
[correct]
true
