[category]
bit_manipulation
[prompt]
In Alice's Wonderland, a secret bit manipulation rule transforms 8-bit binary numbers. The transformation involves operations like bit shifts, rotations, XOR, AND, OR, NOT, and possibly majority or choice functions.

Here are some examples of input -> output:
11000001 -> 00010001
00001111 -> 11110000
01100100 -> 01000000
00110111 -> 01110000
01011001 -> 10010000
10000001 -> 00010001
10100100 -> 01000001
11100110 -> 01100001
01100110 -> 01100000

Now, determine the output for: 01000100
[completion]
We need to deduce the transformation by matching the example outputs.
I will put my final answer inside \boxed{}.

Output 0: 00010001
0 0
1 0
2 0
3 1
4 0
5 0
6 0
7 1

Output 1: 11110000
0 1
1 1
2 1
3 1
4 0
5 0
6 0
7 0

Output 2: 01000000
0 0
1 1
2 0
3 0
4 0
5 0
6 0
7 0

Output 3: 01110000
0 0
1 1
2 1
3 1
4 0
5 0
6 0
7 0

Output 4: 10010000
0 1
1 0
2 0
3 1
4 0
5 0
6 0
7 0

Output 5: 00010001
0 0
1 0
2 0
3 1
4 0
5 0
6 0
7 1

Output 6: 01000001
0 0
1 1
2 0
3 0
4 0
5 0
6 0
7 1

Output 7: 01100001
0 0
1 1
2 1
3 0
4 0
5 0
6 0
7 1

Output 8: 01100000
0 0
1 1
2 1
3 0
4 0
5 0
6 0
7 0

Output bit columns (with bitsum as hash)
0 010010000 2
1 011100111 6
2 010100011 4
3 110111000 5
4 000000000 a
5 000000000 a
6 000000000 a
7 100001110 4

Input 0: 11000001
0 1
1 1
2 0
3 0
4 0
5 0
6 0
7 1

Input 1: 00001111
0 0
1 0
2 0
3 0
4 1
5 1
6 1
7 1

Input 2: 01100100
0 0
1 1
2 1
3 0
4 0
5 1
6 0
7 0

Input 3: 00110111
0 0
1 0
2 1
3 1
4 0
5 1
6 1
7 1

Input 4: 01011001
0 0
1 1
2 0
3 1
4 1
5 0
6 0
7 1

Input 5: 10000001
0 1
1 0
2 0
3 0
4 0
5 0
6 0
7 1

Input 6: 10100100
0 1
1 0
2 1
3 0
4 0
5 1
6 0
7 0

Input 7: 11100110
0 1
1 1
2 1
3 0
4 0
5 1
6 1
7 0

Input 8: 01100110
0 0
1 1
2 1
3 0
4 0
5 1
6 1
7 0

When matching output
x: not in operator
y: wrong position

Identity
0 100001110 4 match 7
1 101010011 5
2 001100111 5
3 000110000 2
4 010010000 2 match 0
5 011100111 6 match 1
6 010100011 4 match 2
7 110111000 5 match 3

Matching output
0 4
1 5
2 6
3 7
4 absent
5 absent
6 absent
7 0

Left
4 5 6 7 0y
Best: I4 5 6 7: 4

Right
0 7y
Best: I0: 1

NOT
0 011110001 5
1 010101100 4
2 110011000 4
3 111001111 7
4 101101111 7
5 100011000 3
6 101011100 5
7 001000111 4

Matching output
0 absent
1 absent
2 absent
3 absent
4 absent
5 absent
6 absent
7 absent

Left
none
Best: none

Right
none
Best: none

Constant
0 000000000 a match 4 5 6
1 111111111 a

Matching output
0 absent
1 absent
2 absent
3 absent
4 C0
5 C0
6 C0
7 absent

Left
none
Best: none

Right
none
Best: none

AND
01 10 100000010 2
12 21 001000011 3
23 32 000100000 1
34 43 000010000 1
45 54 010000000 1
56 65 010100011 4 match 2
67 76 010100000 2
70 07 100001000 2

02 20 000000110 2
13 31 000010000 1
24 42 000000000 a match 4 5 6
35 53 000100000 1
46 64 010000000 1
57 75 010100000 2
60 06 000000010 1
71 17 100010000 2

03 30 000000000 a match 4 5 6
14 41 000010000 1
25 52 001100111 5
36 63 000100000 1
47 74 010010000 2 match 0
50 05 000000110 2
61 16 000000011 2
72 27 000100000 1

04 40 000000000 a match 4 5 6
15 51 001000011 3
26 62 000100011 3
37 73 000110000 2

Matching output
0 47 74
1 absent
2 56 65
3 absent
4 24 42 03 30 04 40
5 24 42 03 30 04 40
6 24 42 03 30 04 40
7 absent

Left
47 50x
74 05x
Best: AND47: 1

Right
none
Best: none

OR
01 10 101011111 7
12 21 101110111 7
23 32 001110111 6
34 43 010110000 3
45 54 011110111 7
56 65 011100111 6 match 1
67 76 110111011 7
70 07 110111110 7

02 20 101101111 7
13 31 101110011 6
24 42 011110111 7
35 53 011110111 7
46 64 010110011 5
57 75 111111111 a
60 06 110101111 7
71 17 111111011 8

03 30 100111110 6
14 41 111010011 6
25 52 011100111 6 match 1
36 63 010110011 5
47 74 110111000 5 match 3
50 05 111101111 8
61 16 111110011 7
72 27 111111111 a

04 40 110011110 6
15 51 111110111 8
26 62 011100111 6 match 1
37 73 110111000 5 match 3

Matching output
0 absent
1 56 65 25 52 26 62
2 absent
3 47 74 37 73
4 absent
5 absent
6 absent
7 absent

Left
none
Best: none

Right
none
Best: none

XOR
01 10 001011101 5
12 21 100110100 4
23 32 001010111 5
34 43 010100000 2
45 54 001110111 6
56 65 001000100 2
67 76 100011011 5
70 07 010110110 5

02 20 101101001 5
13 31 101100011 5
24 42 011110111 7
35 53 011010111 6
46 64 000110011 4
57 75 101011111 7
60 06 110101101 6
71 17 011101011 6

03 30 100111110 6
14 41 111000011 5
25 52 010000000 1
36 63 010010011 4
47 74 100101000 3
50 05 111101001 6
61 16 111110000 5
72 27 111011111 8

04 40 110011110 6
15 51 110110100 5
26 62 011000100 3
37 73 110001000 3

Matching output
0 absent
1 absent
2 absent
3 absent
4 absent
5 absent
6 absent
7 absent

Left
none
Best: none

Right
none
Best: none

AND-NOT
01 000001100 2
12 100010000 2
23 001000111 4
34 000100000 1
45 000010000 1
56 001000100 2
67 000000011 2
70 010110000 3

02 100001000 2
13 101000011 4
24 001100111 5
35 000010000 1
46 000010000 1
57 001000111 4
60 010100001 3
71 010101000 3

03 100001110 4 match 7
14 101000011 4
25 000000000 a match 4 5 6
36 000010000 1
47 000000000 a match 4 5 6
50 011100001 4
61 010100000 2
72 110011000 4

04 100001110 4 match 7
15 100010000 2
26 001000100 2
37 000000000 a match 4 5 6
40 010010000 2 match 0
51 010100100 3
62 010000000 1
73 110001000 3

05 100001000 2
16 101010000 3
27 001000111 4
30 000110000 2
41 010000000 1
52 010000000 1
63 010000011 3
74 100101000 3

06 100001100 3
17 001000011 3
20 001100001 3
31 000100000 1
42 010010000 2 match 0
53 011000111 5
64 000100011 3
75 100011000 3

07 000000110 2
10 001010001 3
21 000100100 2
32 000010000 1
43 010000000 1
54 001100111 5
65 000000000 a match 4 5 6
76 100011000 3

Matching output
0 40 42
1 absent
2 absent
3 absent
4 25 47 37 65
5 25 47 37 65
6 25 47 37 65
7 03 04

Left
40 51x
42 53x
Best: AND-NOT40: 1

Right
03 72x
04 73x
Best: AND-NOT03: 1

OR-NOT
01 110101110 6
12 111011011 7
23 111101111 8
34 101111111 8
45 110011000 4
56 111111111 a
67 011100111 6 match 1
70 111111001 7

02 110011110 6
13 111011111 8
24 101101111 7
35 100111000 4
46 111011100 6
57 011100111 6 match 1
60 011110011 6
71 110111100 6

03 111001111 7
14 101111111 8
25 101111111 8
36 101111100 6
47 011010111 6
50 011110111 7
61 010101111 6
72 110111000 5 match 3

04 101101111 7
15 101011011 6
26 101111111 8
37 001110111 6
40 011110001 5
51 011101111 7
62 110111011 7
73 111111111 a

05 100011110 5
16 101011111 7
27 001100111 5
30 011110001 5
41 010111100 5
52 111111111 a
63 111101111 8
74 111111111 a

06 101011110 6
17 101010111 6
20 011110111 7
31 010111100 5
42 110011000 4
53 111101111 8
64 111101111 8
75 110111000 5 match 3

07 101001111 6
10 111110011 7
21 011101111 7
32 110111000 5 match 3
43 111011111 8
54 111101111 8
65 110111011 7
76 111111100 7

Matching output
0 absent
1 67 57
2 absent
3 72 75 32
4 absent
5 absent
6 absent
7 absent

Left
none
Best: none

Right
none
Best: none

XOR-NOT
01 110100010 4
12 011001011 5
23 110101000 4
34 101011111 7
45 110001000 3
56 110111011 7
67 011100100 4
70 101001001 4

02 010010110 4
13 010011100 4
24 100001000 2
35 100101000 3
46 111001100 5
57 010100000 2
60 001010010 3
71 100010100 3

03 011000001 3
14 000111100 4
25 101111111 8
36 101101100 5
47 011010111 6
50 000010110 3
61 000001111 4
72 000100000 1

04 001100001 3
15 001001011 4
26 100111011 6
37 001110111 6
40 001100001 3
51 001001011 4
62 100111011 6
73 001110111 6

05 000010110 3
16 000001111 4
27 000100000 1
30 011000001 3
41 000111100 4
52 101111111 8
63 101101100 5
74 011010111 6

06 001010010 3
17 100010100 3
20 010010110 4
31 010011100 4
42 100001000 2
53 100101000 3
64 111001100 5
75 010100000 2

07 101001001 4
10 110100010 4
21 011001011 5
32 110101000 4
43 101011111 7
54 110001000 3
65 110111011 7
76 011100100 4

Matching output
0 absent
1 absent
2 absent
3 absent
4 absent
5 absent
6 absent
7 absent

Left
none
Best: none

Right
none
Best: none

Selecting

Lefts
Identity I4 5 6 7: 4
NOT none
Constant none
AND AND47: 1
OR none
XOR none
AND-NOT AND-NOT40: 1
OR-NOT none
XOR-NOT none

Rights
Identity I0: 1
NOT none
Constant none
AND none
OR none
XOR none
AND-NOT AND-NOT03: 1
OR-NOT none
XOR-NOT none

Left longest: 4
Right longest: 1

Left winner: Identity yes, NOT no, Constant no, AND no, OR no, XOR no, AND-NOT no, OR-NOT no, XOR-NOT no
Right winner: Identity yes, NOT no, Constant no, AND no, OR no, XOR no, AND-NOT no, OR-NOT no, XOR-NOT no

Best left: I4 5 6 7: 4
Best right: I0: 1

Truncated left: I4 5 6 7: 4
Truncated right: I0: 1

Tentative from right
7 I0
6 pending
5 pending
4 pending
3 pending
2 pending
1 pending
0 pending

Tentative
0 I4
1 I5
2 I6
3 I7
4 pending
5 pending
6 pending
7 I0

Preferred from left
0 I4
1 I5
2 I6
3 I7
4 ?0?
5 ?1?
6 ?2?
7 I0

Preferred from right
7 I0
6 ?27
5 ?16
4 ?05
3 I7
2 I6
1 I5
0 I4

Preferred
0 I4
1 I5
2 I6
3 I7
4 ?05 ?50
5 ?16 ?61
6 ?27 ?72
7 I0

Matching
0 I4
1 I5
2 I6
3 I7
4 ?05 ?50 - Identity absent, NOT absent, Constant C0, AND absent, OR absent, XOR absent, AND-NOT absent, OR-NOT absent, XOR-NOT absent
5 ?16 ?61 - Identity absent, NOT absent, Constant C0, AND absent, OR absent, XOR absent, AND-NOT absent, OR-NOT absent, XOR-NOT absent
6 ?27 ?72 - Identity absent, NOT absent, Constant C0, AND absent, OR absent, XOR absent, AND-NOT absent, OR-NOT absent, XOR-NOT absent
7 I0

Perfect match
Identity no
NOT no
Constant yes
AND no
OR no
XOR no
AND-NOT no
OR-NOT no
XOR-NOT no

Matched
0 I4
1 I5
2 I6
3 I7
4 C0
5 C0
6 C0
7 I0

Selected
0 I4
1 I5
2 I6
3 I7
4 C0
5 C0
6 C0
7 I0

Applying to 01000100
Input
0 0
1 1
2 0
3 0
4 0
5 1
6 0
7 0
Output
0 I4 = 0
1 I5 = 1
2 I6 = 0
3 I7 = 0
4 C0 = 0
5 C0 = 0
6 C0 = 0
7 I0 = 0

I will now return the answer in \boxed{}
The answer in \boxed{–} is \boxed{01000000}
[correct]
true
