[category]
bit_manipulation
[prompt]
In Alice's Wonderland, a secret bit manipulation rule transforms 8-bit binary numbers. The transformation involves operations like bit shifts, rotations, XOR, AND, OR, NOT, and possibly majority or choice functions.

Here are some examples of input -> output:
00010011 -> 10011001
11011000 -> 11001101
10011001 -> 11000001
00101001 -> 01001010
11010111 -> 10110101
11101011 -> 01010110
00101101 -> 01101010
00001100 -> 01100000
01110000 -> 10000111
00010100 -> 10100001

Now, determine the output for: 11110111
[completion]
We need to deduce the transformation by matching the example outputs.
I will put my final answer inside \boxed{}.

Output 0: 10011001
0 1
1 0
2 0
3 1
4 1
5 0
6 0
7 1

Output 1: 11001101
0 1
1 1
2 0
3 0
4 1
5 1
6 0
7 1

Output 2: 11000001
0 1
1 1
2 0
3 0
4 0
5 0
6 0
7 1

Output 3: 01001010
0 0
1 1
2 0
3 0
4 1
5 0
6 1
7 0

Output 4: 10110101
0 1
1 0
2 1
3 1
4 0
5 1
6 0
7 1

Output 5: 01010110
0 0
1 1
2 0
3 1
4 0
5 1
6 1
7 0

Output 6: 01101010
0 0
1 1
2 1
3 0
4 1
5 0
6 1
7 0

Output 7: 01100000
0 0
1 1
2 1
3 0
4 0
5 0
6 0
7 0

Output 8: 10000111
0 1
1 0
2 0
3 0
4 0
5 1
6 1
7 1

Output 9: 10100001
0 1
1 0
2 1
3 0
4 0
5 0
6 0
7 1

Output bit columns (with bitsum as hash)
0 1110100011 6
1 0111011100 6
2 0000101101 4
3 1000110000 3
4 1101001000 4
5 0100110010 4
6 0001011010 4
7 1110100011 6

Input 0: 00010011
0 0
1 0
2 0
3 1
4 0
5 0
6 1
7 1

Input 1: 11011000
0 1
1 1
2 0
3 1
4 1
5 0
6 0
7 0

Input 2: 10011001
0 1
1 0
2 0
3 1
4 1
5 0
6 0
7 1

Input 3: 00101001
0 0
1 0
2 1
3 0
4 1
5 0
6 0
7 1

Input 4: 11010111
0 1
1 1
2 0
3 1
4 0
5 1
6 1
7 1

Input 5: 11101011
0 1
1 1
2 1
3 0
4 1
5 0
6 1
7 1

Input 6: 00101101
0 0
1 0
2 1
3 0
4 1
5 1
6 0
7 1

Input 7: 00001100
0 0
1 0
2 0
3 0
4 1
5 1
6 0
7 0

Input 8: 01110000
0 0
1 1
2 1
3 1
4 0
5 0
6 0
7 0

Input 9: 00010100
0 0
1 0
2 0
3 1
4 0
5 1
6 0
7 0

When matching output
x: not in operator
y: wrong position

Identity
0 0110110000 4
1 0100110010 4 match 5
2 0001011010 4 match 6
3 1110100011 6 match 0 7
4 0111011100 6 match 1
5 0000101101 4 match 2
6 1000110000 3 match 3
7 1011111000 6

Matching output
0 3
1 4
2 5
3 6
4 absent
5 1
6 2
7 3

Left
3 4 5 6 7x
Best: I3 4 5 6: 4

Right
3 2 1 0x
Best: I3 2 1: 3

NOT
0 1001001111 6
1 1011001101 6
2 1110100101 6
3 0001011100 4
4 1000100011 4
5 1111010010 6
6 0111001111 7
7 0100000111 4

Matching output
0 absent
1 absent
2 absent
3 absent
4 absent
5 absent
6 absent
7 absent

Left
none
Best: none

Right
none
Best: none

Constant
0 0000000000 a
1 1111111111 a

Matching output
0 absent
1 absent
2 absent
3 absent
4 absent
5 absent
6 absent
7 absent

Left
none
Best: none

Right
none
Best: none

AND
01 10 0100110000 3
12 21 0000010010 2
23 32 0000000010 1
34 43 0110000000 2
45 54 0000001100 2
56 65 0000100000 1
67 76 1000110000 3 match 3
70 07 0010110000 3

02 20 0000010000 1
13 31 0100100010 3
24 42 0001011000 3
35 53 0000100001 2
46 64 0000010000 1
57 75 0000101000 2
60 06 0000110000 2
71 17 0000110000 2

03 30 0110100000 3
14 41 0100010000 2
25 52 0000001000 1
36 63 1000100000 2
47 74 0011011000 4
50 05 0000100000 1
61 16 0000110000 2
72 27 0001011000 3

04 40 0110010000 3
15 51 0000100000 1
26 62 0000010000 1
37 73 1010100000 3

Matching output
0 absent
1 absent
2 absent
3 67 76
4 absent
5 absent
6 absent
7 absent

Left
none
Best: none

Right
none
Best: none

OR
01 10 0110110010 5
12 21 0101111010 6
23 32 1111111011 9
34 43 1111111111 a
45 54 0111111101 8
56 65 1000111101 6
67 76 1011111000 6
70 07 1111111000 7

02 20 0111111010 7
13 31 1110110011 7
24 42 0111011110 7
35 53 1110101111 8
46 64 1111111100 8
57 75 1011111101 8
60 06 1110110000 5
71 17 1111111010 8

03 30 1110110011 7
14 41 0111111110 8
25 52 0001111111 7
36 63 1110110011 7
47 74 1111111100 8
50 05 0110111101 7
61 16 1100110010 5
72 27 1011111010 7

04 40 0111111100 7
15 51 0100111111 7
26 62 1001111010 6
37 73 1111111011 9

Matching output
0 absent
1 absent
2 absent
3 absent
4 absent
5 absent
6 absent
7 absent

Left
none
Best: none

Right
none
Best: none

XOR
01 10 0010000010 2
12 21 0101101000 4
23 32 1111111001 8
34 43 1001111111 8
45 54 0111110001 6
56 65 1000011101 5
67 76 0011001000 3
70 07 1101001000 4 match 4

02 20 0111101010 6
13 31 1010010001 4
24 42 0110000110 4
35 53 1110001110 6
46 64 1111101100 7
57 75 1011010101 6
60 06 1110000000 3
71 17 1111001010 6

03 30 1000010011 4
14 41 0011101110 6
25 52 0001110111 6
36 63 0110010011 5
47 74 1100100100 4
50 05 0110011101 6
61 16 1100000010 3
72 27 1010100010 4

04 40 0001101100 4
15 51 0100011111 6
26 62 1001101010 5
37 73 0101011011 6

Matching output
0 absent
1 absent
2 absent
3 absent
4 70 07
5 absent
6 absent
7 absent

Left
none
Best: none

Right
none
Best: none

AND-NOT
01 0010000000 1
12 0100100000 2
23 0001011000 3
34 1000100011 4
45 0111010000 4
56 0000001101 3
67 0000000000 a
70 1001001000 3

02 0110100000 3
13 0000010000 1
24 0000000010 1
35 1110000010 4
46 0111001100 5
57 0000000101 2
60 1000000000 1
71 1011001000 4

03 0000010000 1
14 0000100010 2
25 0001010010 3
36 0110000011 4
47 0100000100 2
50 0000001101 3
61 1000000000 1
72 1010100000 3

04 0000100000 1
15 0100010010 3
26 0001001010 3
37 0100000011 3
40 0001001100 3
51 0000001101 3
62 1000100000 2
73 0001011000 3

05 0110010000 3
16 0100000010 2
27 0000000010 1
30 1000000011 3
41 0011001100 4
52 0000100101 3
63 0000010000 1
74 1000100000 2

06 0110000000 2
17 0100000010 2
20 0001001010 3
31 1010000001 3
42 0110000100 3
53 0000001100 2
64 1000100000 2
75 1011010000 4

07 0100000000 1
10 0000000010 1
21 0001001000 2
32 1110100001 5
43 0001011100 4
54 0000100001 2
65 1000010000 2
76 0011001000 3

Matching output
0 absent
1 absent
2 absent
3 absent
4 absent
5 absent
6 absent
7 absent

Left
none
Best: none

Right
none
Best: none

OR-NOT
01 1111111101 9
12 1110110111 8
23 0001011110 5
34 1110100011 6 match 0 7
45 1111011110 8
56 0111101111 8
67 1100110111 7
70 1011111111 9

02 1110110101 7
13 0101111110 7
24 1001111011 7
35 1111110011 8
46 0111011111 8
57 0100101111 6
60 1001111111 8
71 1011111101 8

03 0111111100 7
14 1100110011 6
25 1111011010 7
36 1111101111 9
47 0111011111 8
50 1001101111 7
61 1011111101 8
72 1111111101 9

04 1110110011 7
15 1111110010 7
26 0111011111 8
37 1110100111 7
40 1111011111 9
51 1011101101 7
62 1110110101 7
73 1011111100 7

05 1111110010 7
16 0111111111 9
27 0101011111 7
30 1111101111 9
41 1111011101 8
52 1110101101 7
63 1001111100 6
74 1011111011 8

06 0111111111 9
17 0100110111 6
20 1001011111 7
31 1111101111 9
42 1111111101 9
53 0001111101 6
64 1000110011 5
75 1111111010 8

07 0110110111 7
10 1101111111 9
21 1011011111 8
32 1110100111 7
43 0111011100 6 match 1
54 1000101111 6
65 1111110010 7
76 1111111111 a

Matching output
0 34
1 43
2 absent
3 absent
4 absent
5 absent
6 absent
7 34

Left
34 45x
Best: OR-NOT34: 1

Right
34 23x
Best: OR-NOT34: 1

XOR-NOT
01 1101111101 8
12 1010010111 6
23 0000000110 2
34 0110000000 2
45 1000001110 4
56 0111100010 5
67 1100110111 7
70 0010110111 6

02 1000010101 4
13 0101101110 6
24 1001111001 6
35 0001110001 4
46 0000010011 3
57 0100101010 4
60 0001111111 7
71 0000110101 4

03 0111101100 6
14 1100010001 4
25 1110001000 4
36 1001101100 5
47 0011011011 6
50 1001100010 4
61 0011111101 7
72 0101011101 6

04 1110010011 6
15 1011100000 4
26 0110010101 5
37 1010100100 4
40 1110010011 6
51 1011100000 4
62 0110010101 5
73 1010100100 4

05 1001100010 4
16 0011111101 7
27 0101011101 6
30 0111101100 6
41 1100010001 4
52 1110001000 4
63 1001101100 5
74 0011011011 6

06 0001111111 7
17 0000110101 4
20 1000010101 4
31 0101101110 6
42 1001111001 6
53 0001110001 4
64 0000010011 3
75 0100101010 4

07 0010110111 6
10 1101111101 8
21 1010010111 6
32 0000000110 2
43 0110000000 2
54 1000001110 4
65 0111100010 5
76 1100110111 7

Matching output
0 absent
1 absent
2 absent
3 absent
4 absent
5 absent
6 absent
7 absent

Left
none
Best: none

Right
none
Best: none

Selecting

Lefts
Identity I3 4 5 6: 4
NOT none
Constant none
AND none
OR none
XOR none
AND-NOT none
OR-NOT OR-NOT34: 1
XOR-NOT none

Rights
Identity I3 2 1: 3
NOT none
Constant none
AND none
OR none
XOR none
AND-NOT none
OR-NOT OR-NOT34: 1
XOR-NOT none

Left longest: 4
Right longest: 3

Left winner: Identity yes, NOT no, Constant no, AND no, OR no, XOR no, AND-NOT no, OR-NOT no, XOR-NOT no
Right winner: Identity yes, NOT no, Constant no, AND no, OR no, XOR no, AND-NOT no, OR-NOT no, XOR-NOT no

Best left: I3 4 5 6: 4
Best right: I3 2 1: 3

Truncated left: I3 4 5 6: 4
Truncated right: I3 2 1: 3

Tentative from right
7 I3
6 I2
5 I1
4 pending
3 pending
2 pending
1 pending
0 pending

Tentative
0 I3
1 I4
2 I5
3 I6
4 pending
5 I1
6 I2
7 I3

Preferred from left
0 I3
1 I4
2 I5
3 I6
4 ?7?
5 I1
6 I2
7 I3

Preferred from right
7 I3
6 I2
5 I1
4 ?70
3 I6
2 I5
1 I4
0 I3

Preferred
0 I3
1 I4
2 I5
3 I6
4 ?70 ?07
5 I1
6 I2
7 I3

Matching
0 I3
1 I4
2 I5
3 I6
4 ?70 ?07 - Identity absent, NOT absent, Constant absent, AND absent, OR absent, XOR70, AND-NOT absent, OR-NOT absent, XOR-NOT absent
5 I1
6 I2
7 I3

Perfect match
Identity no
NOT no
Constant no
AND no
OR no
XOR yes
AND-NOT no
OR-NOT no
XOR-NOT no

Matched
0 I3
1 I4
2 I5
3 I6
4 XOR70
5 I1
6 I2
7 I3

Selected
0 I3
1 I4
2 I5
3 I6
4 XOR70
5 I1
6 I2
7 I3

Applying to 11110111
Input
0 1
1 1
2 1
3 1
4 0
5 1
6 1
7 1
Output
0 I3 = 1
1 I4 = 0
2 I5 = 1
3 I6 = 1
4 XOR70 = XOR(1,1) = 0
5 I1 = 1
6 I2 = 1
7 I3 = 1

I will now return the answer in \boxed{}
The answer in \boxed{–} is \boxed{10110111}
[correct]
true
