[category]
bit_manipulation
[prompt]
In Alice's Wonderland, a secret bit manipulation rule transforms 8-bit binary numbers. The transformation involves operations like bit shifts, rotations, XOR, AND, OR, NOT, and possibly majority or choice functions.

Here are some examples of input -> output:
10010111 -> 01010010
00010010 -> 01000010
01011010 -> 01001011
00111001 -> 00100111
01111111 -> 11101111
11111111 -> 11111111
01100001 -> 00001100
01011100 -> 00001011
10101011 -> 00110101
10000001 -> 00010000

Now, determine the output for: 00101001
[completion]
We need to deduce the transformation by matching the example outputs.
I will put my final answer inside \boxed{}.

Output 0: 01010010
0 0
1 1
2 0
3 1
4 0
5 0
6 1
7 0

Output 1: 01000010
0 0
1 1
2 0
3 0
4 0
5 0
6 1
7 0

Output 2: 01001011
0 0
1 1
2 0
3 0
4 1
5 0
6 1
7 1

Output 3: 00100111
0 0
1 0
2 1
3 0
4 0
5 1
6 1
7 1

Output 4: 11101111
0 1
1 1
2 1
3 0
4 1
5 1
6 1
7 1

Output 5: 11111111
0 1
1 1
2 1
3 1
4 1
5 1
6 1
7 1

Output 6: 00001100
0 0
1 0
2 0
3 0
4 1
5 1
6 0
7 0

Output 7: 00001011
0 0
1 0
2 0
3 0
4 1
5 0
6 1
7 1

Output 8: 00110101
0 0
1 0
2 1
3 1
4 0
5 1
6 0
7 1

Output 9: 00010000
0 0
1 0
2 0
3 1
4 0
5 0
6 0
7 0

Output bit columns (with bitsum as hash)
0 0000110000 2
1 1110110000 5
2 0001110010 4
3 1000010011 4
4 0010111100 5
5 0001111010 5
6 1111110100 7
7 0011110110 6

Input 0: 10010111
0 1
1 0
2 0
3 1
4 0
5 1
6 1
7 1

Input 1: 00010010
0 0
1 0
2 0
3 1
4 0
5 0
6 1
7 0

Input 2: 01011010
0 0
1 1
2 0
3 1
4 1
5 0
6 1
7 0

Input 3: 00111001
0 0
1 0
2 1
3 1
4 1
5 0
6 0
7 1

Input 4: 01111111
0 0
1 1
2 1
3 1
4 1
5 1
6 1
7 1

Input 5: 11111111
0 1
1 1
2 1
3 1
4 1
5 1
6 1
7 1

Input 6: 01100001
0 0
1 1
2 1
3 0
4 0
5 0
6 0
7 1

Input 7: 01011100
0 0
1 1
2 0
3 1
4 1
5 1
6 0
7 0

Input 8: 10101011
0 1
1 0
2 1
3 0
4 1
5 0
6 1
7 1

Input 9: 10000001
0 1
1 0
2 0
3 0
4 0
5 0
6 0
7 1

When matching output
x: not in operator
y: wrong position

Identity
0 1000010011 4 match 3
1 0010111100 5 match 4
2 0001111010 5 match 5
3 1111110100 7 match 6
4 0011110110 6 match 7
5 1000110100 4
6 1110110010 6
7 1001111011 7

Matching output
0 absent
1 absent
2 absent
3 0
4 1
5 2
6 3
7 4

Left
none
Best: none

Right
4 3 2 1 0 7x
Best: I4 3 2 1 0: 5

NOT
0 0111101100 6
1 1101000011 5
2 1110000101 5
3 0000001011 3
4 1100001001 4
5 0111001011 6
6 0001001101 4
7 0110000100 3

Matching output
0 absent
1 absent
2 absent
3 absent
4 absent
5 absent
6 absent
7 absent

Left
none
Best: none

Right
none
Best: none

Constant
0 0000000000 a
1 1111111111 a

Matching output
0 absent
1 absent
2 absent
3 absent
4 absent
5 absent
6 absent
7 absent

Left
none
Best: none

Right
none
Best: none

AND
01 10 0000010000 1
12 21 0000111000 3
23 32 0001110000 3
34 43 0011110100 5
45 54 0000110100 3
56 65 1000110000 3
67 76 1000110010 4
70 07 1000010011 4 match 3

02 20 0000010010 2
13 31 0010110100 4
24 42 0001110010 4 match 2
35 53 1000110100 4
46 64 0010110010 4
57 75 1000110000 3
60 06 1000010010 3
71 17 0000111000 3

03 30 1000010000 2
14 41 0010110100 4
25 52 0000110000 2 match 0
36 63 1110110000 5 match 1
47 74 0001110010 4 match 2
50 05 1000010000 2
61 16 0010110000 3
72 27 0001111010 5 match 5

04 40 0000010010 2
15 51 0000110100 3
26 62 0000110010 3
37 73 1001110000 4

Matching output
0 25 52
1 36 63
2 24 42 47 74
3 70 07
4 absent
5 72 27
6 absent
7 absent

Left
25 36 47 50x
52 63 74 05x
Best: AND25 36 47: 3

Right
none
Best: none

OR
01 10 1010111111 8
12 21 0011111110 7
23 32 1111111110 9
34 43 1111110110 8
45 54 1011110110 7
56 65 1110110110 7
67 76 1111111011 9
70 07 1001111011 7

02 20 1001111011 7
13 31 1111111100 8
24 42 0011111110 7
35 53 1111110100 7 match 6
46 64 1111110110 8
57 75 1001111111 8
60 06 1110110011 7
71 17 1011111111 9

03 30 1111110111 9
14 41 0011111110 7
25 52 1001111110 7
36 63 1111110110 8
47 74 1011111111 9
50 05 1000110111 6
61 16 1110111110 8
72 27 1001111011 7

04 40 1011110111 8
15 51 1010111100 6
26 62 1111111010 8
37 73 1111111111 a

Matching output
0 absent
1 absent
2 absent
3 absent
4 absent
5 absent
6 35 53
7 absent

Left
none
Best: none

Right
none
Best: none

XOR
01 10 1010101111 7
12 21 0011000110 4
23 32 1110001110 6
34 43 1100000010 3
45 54 1011000010 4
56 65 0110000110 4
67 76 0111001001 5
70 07 0001101000 3

02 20 1001101001 5
13 31 1101001000 4
24 42 0010001100 3
35 53 0111000000 3
46 64 1101000100 4
57 75 0001001111 5
60 06 0110100001 4
71 17 1011000111 6

03 30 0111100111 7
14 41 0001001010 3
25 52 1001001110 5
36 63 0001000110 3
47 74 1010001101 5
50 05 0000100111 4
61 16 1100001110 5
72 27 1000000001 2

04 40 1011100101 6
15 51 1010001000 3
26 62 1111001000 5
37 73 0110001111 6

Matching output
0 absent
1 absent
2 absent
3 absent
4 absent
5 absent
6 absent
7 absent

Left
none
Best: none

Right
none
Best: none

AND-NOT
01 1000000011 3
12 0010000100 2
23 0000001010 2
34 1100000000 2
45 0011000010 3
56 0000000100 1
67 0110000000 2
70 0001101000 3

02 1000000001 2
13 0000001000 1
24 0000001000 1
35 0111000000 3
46 0001000100 2
57 0000000100 1
60 0110100000 3
71 1001000011 4

03 0000000011 2
14 0000001000 1
25 0001001010 3
36 0001000100 2
47 0010000100 2
50 0000100100 2
61 1100000010 3
72 1000000001 2

04 1000000001 2
15 0010001000 2
26 0001001000 2
37 0110000100 3
40 0011100100 4
51 1000000000 1
62 1110000000 3
73 0000001011 3

05 0000000011 2
16 0000001100 2
27 0000000000 a
30 0111100100 5
41 0001000010 2
52 1000000100 2
63 0000000010 1
74 1000001001 3

06 0000000001 1
17 0010000100 2
20 0001101000 3
31 1101000000 3
42 0010000100 2
53 0000000000 a
64 1100000000 2
75 0001001011 4

07 0000000000 a
10 0010101100 4
21 0001000010 2
32 1110000100 4
43 0000000010 1
54 1000000000 1
65 0110000010 3
76 0001001001 3

Matching output
0 absent
1 absent
2 absent
3 absent
4 absent
5 absent
6 absent
7 absent

Left
none
Best: none

Right
none
Best: none

OR-NOT
01 1101010011 6
12 1110111101 8
23 0001111011 6
34 1111111101 9
45 0111111111 9
56 1001111101 7
67 1110110110 7
70 1111111111 a

02 1110010111 7
13 0010111111 7
24 1101111011 8
35 1111111111 a
46 0011111111 8
57 1110110100 6
60 1111111110 9
71 1101111011 8

03 1000011011 5
14 1110111101 8
25 0111111011 8
36 1111111101 9
47 0111110110 7
50 1111111100 8
61 1111110011 8
72 1111111111 a

04 1100011011 6
15 0111111111 9
26 0001111111 7
37 1111110100 7 match 6
40 0111111110 8
51 1101110111 8
62 1110110111 8
73 1001111011 7

05 1111011011 8
16 0011111101 7
27 0111111110 8
30 1111111100 8
41 1111110111 9
52 1110110101 7
63 1110111011 8
74 1101111011 8

06 1001011111 7
17 0110111100 6
20 0111111110 8
31 1111110111 9
42 1111110111 9
53 1000111111 7
64 1110111011 8
75 1111111011 9

07 1110010111 7
10 0111111100 7
21 1101111011 8
32 1111110101 8
43 0011111111 8
54 1100111101 7
65 1111111011 9
76 1001111111 8

Matching output
0 absent
1 absent
2 absent
3 absent
4 absent
5 absent
6 37
7 absent

Left
none
Best: none

Right
none
Best: none

XOR-NOT
01 0101010000 3
12 1100111001 6
23 0001110001 4
34 0011111101 7
45 0100111101 6
56 1001111001 6
67 1000110110 5
70 1110010111 7

02 0110010110 5
13 0010110111 6
24 1101110011 7
35 1000111111 7
46 0010111011 6
57 1110110000 5 match 1
60 1001011110 6
71 0100111000 4

03 1000011000 3
14 1110110101 7
25 0110110001 5
36 1110111001 7
47 0101110010 5
50 1111011000 6
61 0011110001 5
72 0111111110 8

04 0100011010 4
15 0101110111 7
26 0000110111 5
37 1001110000 4
40 0100011010 4
51 0101110111 7
62 0000110111 5
73 1001110000 4

05 1111011000 6
16 0011110001 5
27 0111111110 8
30 1000011000 3
41 1110110101 7
52 0110110001 5
63 1110111001 7
74 0101110010 5

06 1001011110 6
17 0100111000 4
20 0110010110 5
31 0010110111 6
42 1101110011 7
53 1000111111 7
64 0010111011 6
75 1110110000 5 match 1

07 1110010111 7
10 0101010000 3
21 1100111001 6
32 0001110001 4
43 0011111101 7
54 0100111101 6
65 1001111001 6
76 1000110110 5

Matching output
0 absent
1 57 75
2 absent
3 absent
4 absent
5 absent
6 absent
7 absent

Left
none
Best: none

Right
none
Best: none

Selecting

Lefts
Identity none
NOT none
Constant none
AND AND25 36 47: 3
OR none
XOR none
AND-NOT none
OR-NOT none
XOR-NOT none

Rights
Identity I4 3 2 1 0: 5
NOT none
Constant none
AND none
OR none
XOR none
AND-NOT none
OR-NOT none
XOR-NOT none

Left longest: 3
Right longest: 5

Right winner: Identity yes, NOT no, Constant no, AND no, OR no, XOR no, AND-NOT no, OR-NOT no, XOR-NOT no
Left winner: Identity no, NOT no, Constant no, AND yes, OR no, XOR no, AND-NOT no, OR-NOT no, XOR-NOT no

Best right: I4 3 2 1 0: 5
Best left: AND25 36 47: 3

Truncated right: I4 3 2 1 0: 5
Truncated left: AND25 36 47: 3

Tentative from right
7 I4
6 I3
5 I2
4 I1
3 I0
2 pending
1 pending
0 pending

Tentative
0 AND25
1 AND36
2 AND47
3 I0
4 I1
5 I2
6 I3
7 I4

Preferred from right
7 I4
6 I3
5 I2
4 I1
3 I0
2 AND47
1 AND36
0 AND25

Preferred from left
0 AND25
1 AND36
2 AND47
3 I0
4 I1
5 I2
6 I3
7 I4

Preferred
0 AND25
1 AND36
2 AND47
3 I0
4 I1
5 I2
6 I3
7 I4

Matching
0 AND25
1 AND36
2 AND47
3 I0
4 I1
5 I2
6 I3
7 I4

Perfect match
Identity no
NOT no
Constant no
AND no
OR no
XOR no
AND-NOT no
OR-NOT no
XOR-NOT no

Matched
0 AND25
1 AND36
2 AND47
3 I0
4 I1
5 I2
6 I3
7 I4

Selected
0 AND25
1 AND36
2 AND47
3 I0
4 I1
5 I2
6 I3
7 I4

Applying to 00101001
Input
0 0
1 0
2 1
3 0
4 1
5 0
6 0
7 1
Output
0 AND25 = AND(1,0) = 0
1 AND36 = AND(0,0) = 0
2 AND47 = AND(1,1) = 1
3 I0 = 0
4 I1 = 0
5 I2 = 1
6 I3 = 0
7 I4 = 1

I will now return the answer in \boxed{}
The answer in \boxed{–} is \boxed{00100101}
[correct]
true
