[category]
bit_manipulation
[prompt]
In Alice's Wonderland, a secret bit manipulation rule transforms 8-bit binary numbers. The transformation involves operations like bit shifts, rotations, XOR, AND, OR, NOT, and possibly majority or choice functions.

Here are some examples of input -> output:
10001001 -> 10111011
00011110 -> 11110011
00000010 -> 11111110
00000000 -> 11111111
00010010 -> 11110110
10111010 -> 10110111
11000101 -> 10011101
10110001 -> 10110111

Now, determine the output for: 01011000
[completion]
We need to deduce the transformation by matching the example outputs.
I will put my final answer inside \boxed{}.

Output 0: 10111011
0 1
1 0
2 1
3 1
4 1
5 0
6 1
7 1

Output 1: 11110011
0 1
1 1
2 1
3 1
4 0
5 0
6 1
7 1

Output 2: 11111110
0 1
1 1
2 1
3 1
4 1
5 1
6 1
7 0

Output 3: 11111111
0 1
1 1
2 1
3 1
4 1
5 1
6 1
7 1

Output 4: 11110110
0 1
1 1
2 1
3 1
4 0
5 1
6 1
7 0

Output 5: 10110111
0 1
1 0
2 1
3 1
4 0
5 1
6 1
7 1

Output 6: 10011101
0 1
1 0
2 0
3 1
4 1
5 1
6 0
7 1

Output 7: 10110111
0 1
1 0
2 1
3 1
4 0
5 1
6 1
7 1

Output bit columns (with bitsum as hash)
0 11111111 a
1 01111000 4
2 11111101 7
3 11111111 a
4 10110010 4
5 00111111 6
6 11111101 7
7 11010111 6

Input 0: 10001001
0 1
1 0
2 0
3 0
4 1
5 0
6 0
7 1

Input 1: 00011110
0 0
1 0
2 0
3 1
4 1
5 1
6 1
7 0

Input 2: 00000010
0 0
1 0
2 0
3 0
4 0
5 0
6 1
7 0

Input 3: 00000000
0 0
1 0
2 0
3 0
4 0
5 0
6 0
7 0

Input 4: 00010010
0 0
1 0
2 0
3 1
4 0
5 0
6 1
7 0

Input 5: 10111010
0 1
1 0
2 1
3 1
4 1
5 0
6 1
7 0

Input 6: 11000101
0 1
1 1
2 0
3 0
4 0
5 1
6 0
7 1

Input 7: 10110001
0 1
1 0
2 1
3 1
4 0
5 0
6 0
7 1

When matching output
x: not in operator
y: wrong position

Identity
0 10000111 4
1 00000010 1
2 00000101 2
3 01001101 4
4 11000100 3
5 01000010 2
6 01101100 4
7 10000011 3

Matching output
0 absent
1 absent
2 absent
3 absent
4 absent
5 absent
6 absent
7 absent

Left
none
Best: none

Right
none
Best: none

NOT
0 01111000 4 match 1
1 11111101 7 match 2 6
2 11111010 6
3 10110010 4 match 4
4 00111011 5
5 10111101 6
6 10010011 4
7 01111100 5

Matching output
0 absent
1 0
2 1
3 absent
4 3
5 absent
6 1
7 absent

Left
none
Best: none

Right
none
Best: none

Constant
0 00000000 a
1 11111111 a match 0 3

Matching output
0 C1
1 absent
2 absent
3 C1
4 absent
5 absent
6 absent
7 absent

Left
1
Best: C1: 1

Right
none
Best: none

AND
01 10 00000010 1
12 21 00000000 a
23 32 00000101 2
34 43 01000100 2
45 54 01000000 1
56 65 01000000 1
67 76 00000000 a
70 07 10000011 3

02 20 00000101 2
13 31 00000000 a
24 42 00000100 1
35 53 01000000 1
46 64 01000100 2
57 75 00000010 1
60 06 00000100 1
71 17 00000010 1

03 30 00000101 2
14 41 00000000 a
25 52 00000000 a
36 63 01001100 3
47 74 10000000 1
50 05 00000010 1
61 16 00000000 a
72 27 00000001 1

04 40 10000100 2
15 51 00000010 1
26 62 00000100 1
37 73 00000001 1

Matching output
0 absent
1 absent
2 absent
3 absent
4 absent
5 absent
6 absent
7 absent

Left
none
Best: none

Right
none
Best: none

OR
01 10 10000111 4
12 21 00000111 3
23 32 01001101 4
34 43 11001101 5
45 54 11000110 4
56 65 01101110 5
67 76 11101111 7
70 07 10000111 4

02 20 10000111 4
13 31 01001111 5
24 42 11000101 4
35 53 01001111 5
46 64 11101100 5
57 75 11000011 4
60 06 11101111 7
71 17 10000011 3

03 30 11001111 6
14 41 11000110 4
25 52 01000111 4
36 63 01101101 5
47 74 11000111 5
50 05 11000111 5
61 16 01101110 5
72 27 10000111 4

04 40 11000111 5
15 51 01000010 2
26 62 01101101 5
37 73 11001111 6

Matching output
0 absent
1 absent
2 absent
3 absent
4 absent
5 absent
6 absent
7 absent

Left
none
Best: none

Right
none
Best: none

XOR
01 10 10000101 3
12 21 00000111 3
23 32 01001000 2
34 43 10001001 3
45 54 10000110 3
56 65 00101110 4
67 76 11101111 7
70 07 00000100 1

02 20 10000010 2
13 31 01001111 5
24 42 11000001 3
35 53 00001111 4
46 64 10101000 3
57 75 11000001 3
60 06 11101011 6
71 17 10000001 2

03 30 11001010 4
14 41 11000110 4
25 52 01000111 4
36 63 00100001 2
47 74 01000111 4
50 05 11000101 4
61 16 01101110 5
72 27 10000110 3

04 40 01000011 3
15 51 01000000 1
26 62 01101001 4
37 73 11001110 5

Matching output
0 absent
1 absent
2 absent
3 absent
4 absent
5 absent
6 absent
7 absent

Left
none
Best: none

Right
none
Best: none

AND-NOT
01 10000101 3
12 00000010 1
23 00000000 a
34 00001001 2
45 10000100 2
56 00000010 1
67 01101100 4
70 00000000 a

02 10000010 2
13 00000010 1
24 00000001 1
35 00001101 3
46 10000000 1
57 01000000 1
60 01101000 3
71 10000001 2

03 10000010 2
14 00000010 1
25 00000101 2
36 00000001 1
47 01000100 2
50 01000000 1
61 01101100 4
72 10000010 2

04 00000011 2
15 00000000 a
26 00000001 1
37 01001100 3
40 01000000 1
51 01000000 1
62 01101000 3
73 10000010 2

05 10000101 3
16 00000010 1
27 00000100 1
30 01001000 2
41 11000100 3
52 01000010 2
63 00100000 1
74 00000011 2

06 10000011 3
17 00000000 a
20 00000000 a
31 01001101 4
42 11000000 2
53 00000010 1
64 00101000 2
75 10000001 2

07 00000100 1
10 00000000 a
21 00000101 2
32 01001000 2
43 10000000 1
54 00000010 1
65 00101100 3
76 10000011 3

Matching output
0 absent
1 absent
2 absent
3 absent
4 absent
5 absent
6 absent
7 absent

Left
none
Best: none

Right
none
Best: none

OR-NOT
01 11111111 a match 0 3
12 11111010 6
23 10110111 6
34 01111111 7
45 11111101 7 match 2 6
56 11010011 5
67 01111100 5
70 11111011 7

02 11111111 a match 0 3
13 10110010 4 match 4
24 00111111 6 match 5
35 11111101 7 match 2 6
46 11010111 6 match 7
57 01111110 6
60 01111100 5
71 11111111 a match 0 3

03 10110111 6
14 00111011 5
25 10111101 6
36 11011111 7
47 11111100 6
50 01111010 5
61 11111101 7 match 2 6
72 11111011 7

04 10111111 7
15 10111111 7
26 10010111 5
37 01111101 6
40 11111100 6
51 11111111 a match 0 3
62 11111110 7
73 10110011 5

05 10111111 7
16 10010011 4
27 01111101 6
30 01111101 6
41 11111101 7 match 2 6
52 11111010 6
63 11111110 7
74 10111011 6

06 10010111 5
17 01111110 6
20 01111101 6
31 11111101 7 match 2 6
42 11111110 7
53 11110010 5
64 01111111 7
75 10111111 7

07 11111111 a match 0 3
10 01111010 5
21 11111101 7 match 2 6
32 11111111 a match 0 3
43 11110110 6
54 01111011 6
65 11111101 7 match 2 6
76 10010011 4

Matching output
0 01 02 71 51 07 32
1 absent
2 45 35 61 41 31 21 65
3 01 02 71 51 07 32
4 13
5 24
6 45 35 61 41 31 21 65
7 46

Left
01 12x
02 13y
71 02y
51 62x
07 10x
32 43x
Best: OR-NOT01: 1

Right
46 35 24 13 02 71y
Best: OR-NOT46 35 24 13 02: 5

XOR-NOT
01 01111010 5
12 11111000 5
23 10110111 6
34 01110110 5
45 01111001 5
56 11010001 4
67 00010000 1
70 11111011 7

02 01111101 6
13 10110000 3
24 00111110 5
35 11110000 4
46 01010111 5
57 00111110 5
60 00010100 2
71 01111110 6

03 00110101 4
14 00111001 4
25 10111000 4
36 11011110 6
47 10111000 4
50 00111010 4
61 10010001 3
72 01111001 5

04 10111100 5
15 10111111 7
26 10010110 4
37 00110001 3
40 10111100 5
51 10111111 7
62 10010110 4
73 00110001 3

05 00111010 4
16 10010001 3
27 01111001 5
30 00110101 4
41 00111001 4
52 10111000 4
63 11011110 6
74 10111000 4

06 00010100 2
17 01111110 6
20 01111101 6
31 10110000 3
42 00111110 5
53 11110000 4
64 01010111 5
75 00111110 5

07 11111011 7
10 01111010 5
21 11111000 5
32 10110111 6
43 01110110 5
54 01111001 5
65 11010001 4
76 00010000 1

Matching output
0 absent
1 absent
2 absent
3 absent
4 absent
5 absent
6 absent
7 absent

Left
none
Best: none

Right
none
Best: none

Selecting

Lefts
Identity none
NOT none
Constant C1: 1
AND none
OR none
XOR none
AND-NOT none
OR-NOT OR-NOT01: 1
XOR-NOT none

Rights
Identity none
NOT none
Constant none
AND none
OR none
XOR none
AND-NOT none
OR-NOT OR-NOT46 35 24 13 02: 5
XOR-NOT none

Left longest: 1
Right longest: 5

Right winner: Identity no, NOT no, Constant no, AND no, OR no, XOR no, AND-NOT no, OR-NOT yes, XOR-NOT no
Left winner: Identity no, NOT no, Constant yes, AND no, OR no, XOR no, AND-NOT no, OR-NOT no, XOR-NOT no

Best right: OR-NOT46 35 24 13 02: 5
Best left: C1: 1

Truncated right: OR-NOT46 35 24 13 02: 5
Truncated left: C1: 1

Tentative from right
7 OR-NOT46
6 OR-NOT35
5 OR-NOT24
4 OR-NOT13
3 OR-NOT02
2 pending
1 pending
0 pending

Tentative
0 C1
1 pending
2 pending
3 OR-NOT02
4 OR-NOT13
5 OR-NOT24
6 OR-NOT35
7 OR-NOT46

Preferred from right
7 OR-NOT46
6 OR-NOT35
5 OR-NOT24
4 OR-NOT13
3 OR-NOT02
2 ?71
1 ?60
0 C1

Preferred from left
0 C1
1 ?60
2 ?71
3 OR-NOT02
4 OR-NOT13
5 OR-NOT24
6 OR-NOT35
7 OR-NOT46

Preferred
0 C1
1 ?60 ?06
2 ?71 ?17
3 OR-NOT02
4 OR-NOT13
5 OR-NOT24
6 OR-NOT35
7 OR-NOT46

Matching
0 C1
1 ?60 ?06 - Identity absent, NOT NOT0, Constant absent, AND absent, OR absent, XOR absent, AND-NOT absent, OR-NOT absent, XOR-NOT absent
2 ?71 ?17 - Identity absent, NOT NOT1, Constant absent, AND absent, OR absent, XOR absent, AND-NOT absent, OR-NOT absent, XOR-NOT absent
3 OR-NOT02
4 OR-NOT13
5 OR-NOT24
6 OR-NOT35
7 OR-NOT46

Perfect match
Identity no
NOT yes
Constant no
AND no
OR no
XOR no
AND-NOT no
OR-NOT no
XOR-NOT no

Matched
0 C1
1 NOT0
2 NOT1
3 OR-NOT02
4 OR-NOT13
5 OR-NOT24
6 OR-NOT35
7 OR-NOT46

Selected
0 C1
1 NOT0
2 NOT1
3 OR-NOT02
4 OR-NOT13
5 OR-NOT24
6 OR-NOT35
7 OR-NOT46

Applying to 01011000
Input
0 0
1 1
2 0
3 1
4 1
5 0
6 0
7 0
Output
0 C1 = 1
1 NOT0 = NOT(0) = 1
2 NOT1 = NOT(1) = 0
3 OR-NOT02 = OR(0,NOT(0)) = 1
4 OR-NOT13 = OR(1,NOT(1)) = 1
5 OR-NOT24 = OR(0,NOT(1)) = 0
6 OR-NOT35 = OR(1,NOT(0)) = 1
7 OR-NOT46 = OR(1,NOT(0)) = 1

I will now return the answer in \boxed{}
The answer in \boxed{–} is \boxed{11011011}
[correct]
true
