[category]
bit_manipulation
[prompt]
In Alice's Wonderland, a secret bit manipulation rule transforms 8-bit binary numbers. The transformation involves operations like bit shifts, rotations, XOR, AND, OR, NOT, and possibly majority or choice functions.

Here are some examples of input -> output:
01111111 -> 10111111
11111101 -> 11111110
01010010 -> 00101001
00001111 -> 10000111
00110000 -> 00011000
01011011 -> 00101101
01100011 -> 00110001
01011100 -> 00101110
10101001 -> 01010100
00111101 -> 10011110

Now, determine the output for: 00101101
[completion]
We need to deduce the transformation by matching the example outputs.
I will put my final answer inside \boxed{}.

Output 0: 10111111
0 1
1 0
2 1
3 1
4 1
5 1
6 1
7 1

Output 1: 11111110
0 1
1 1
2 1
3 1
4 1
5 1
6 1
7 0

Output 2: 00101001
0 0
1 0
2 1
3 0
4 1
5 0
6 0
7 1

Output 3: 10000111
0 1
1 0
2 0
3 0
4 0
5 1
6 1
7 1

Output 4: 00011000
0 0
1 0
2 0
3 1
4 1
5 0
6 0
7 0

Output 5: 00101101
0 0
1 0
2 1
3 0
4 1
5 1
6 0
7 1

Output 6: 00110001
0 0
1 0
2 1
3 1
4 0
5 0
6 0
7 1

Output 7: 00101110
0 0
1 0
2 1
3 0
4 1
5 1
6 1
7 0

Output 8: 01010100
0 0
1 1
2 0
3 1
4 0
5 1
6 0
7 0

Output 9: 10011110
0 1
1 0
2 0
3 1
4 1
5 1
6 1
7 0

Output bit columns (with bitsum as hash)
0 1101000001 4
1 0100000010 2
2 1110011100 6
3 1100101011 6
4 1110110101 7
5 1101010111 7
6 1101000101 5
7 1011011000 5

Input 0: 01111111
0 0
1 1
2 1
3 1
4 1
5 1
6 1
7 1

Input 1: 11111101
0 1
1 1
2 1
3 1
4 1
5 1
6 0
7 1

Input 2: 01010010
0 0
1 1
2 0
3 1
4 0
5 0
6 1
7 0

Input 3: 00001111
0 0
1 0
2 0
3 0
4 1
5 1
6 1
7 1

Input 4: 00110000
0 0
1 0
2 1
3 1
4 0
5 0
6 0
7 0

Input 5: 01011011
0 0
1 1
2 0
3 1
4 1
5 0
6 1
7 1

Input 6: 01100011
0 0
1 1
2 1
3 0
4 0
5 0
6 1
7 1

Input 7: 01011100
0 0
1 1
2 0
3 1
4 1
5 1
6 0
7 0

Input 8: 10101001
0 1
1 0
2 1
3 0
4 1
5 0
6 0
7 1

Input 9: 00111101
0 0
1 0
2 1
3 1
4 1
5 1
6 0
7 1

When matching output
x: not in operator
y: wrong position

Identity
0 0100000010 2 match 1
1 1110011100 6 match 2
2 1100101011 6 match 3
3 1110110101 7 match 4
4 1101010111 7 match 5
5 1101000101 5 match 6
6 1011011000 5 match 7
7 1101011011 7

Matching output
0 absent
1 0
2 1
3 2
4 3
5 4
6 5
7 6

Left
none
Best: none

Right
6 5 4 3 2 1 0 7x
Best: I6 5 4 3 2 1 0: 7

NOT
0 1011111101 8
1 0001100011 4
2 0011010100 4
3 0001001010 3
4 0010101000 3
5 0010111010 5
6 0100100111 5
7 0010100100 3

Matching output
0 absent
1 absent
2 absent
3 absent
4 absent
5 absent
6 absent
7 absent

Left
none
Best: none

Right
none
Best: none

Constant
0 0000000000 a
1 1111111111 a

Matching output
0 absent
1 absent
2 absent
3 absent
4 absent
5 absent
6 absent
7 absent

Left
none
Best: none

Right
none
Best: none

AND
01 10 0100000000 1
12 21 1100001000 3
23 32 1100100001 4
34 43 1100010101 5
45 54 1101000101 5 match 6
56 65 1001000000 2
67 76 1001011000 4
70 07 0100000010 2 match 1

02 20 0100000010 2 match 1
13 31 1110010100 5
24 42 1100000011 4
35 53 1100000101 4
46 64 1001010000 3
57 75 1101000001 4 match 0
60 06 0000000000 a
71 17 1100011000 4

03 30 0100000000 1
14 41 1100010100 4
25 52 1100000001 3
36 63 1010010000 3
47 74 1101010011 6
50 05 0100000000 1
61 16 1010011000 4
72 27 1100001011 5

04 40 0100000010 2 match 1
15 51 1100000100 3
26 62 1000001000 2
37 73 1100010001 4

Matching output
0 57 75
1 70 07 02 20 04 40
2 absent
3 absent
4 absent
5 absent
6 45 54
7 absent

Left
57 60x
75 06x
Best: AND57: 1

Right
none
Best: none

OR
01 10 1110011110 7
12 21 1110111111 9
23 32 1110111111 9
34 43 1111110111 9
45 54 1101010111 7 match 5
56 65 1111011101 8
67 76 1111011011 8
70 07 1101011011 7

02 20 1100101011 6 match 3
13 31 1110111101 8
24 42 1101111111 9
35 53 1111110101 8
46 64 1111011111 9
57 75 1101011111 8
60 06 1111011010 7
71 17 1111011111 9

03 30 1110110111 8
14 41 1111011111 9
25 52 1101101111 8
36 63 1111111101 9
47 74 1101011111 8
50 05 1101000111 6
61 16 1111011100 7
72 27 1101111011 8

04 40 1101010111 7 match 5
15 51 1111011101 8
26 62 1111111011 9
37 73 1111111111 a

Matching output
0 absent
1 absent
2 absent
3 02 20
4 absent
5 45 54 04 40
6 absent
7 absent

Left
none
Best: none

Right
none
Best: none

XOR
01 10 1010011110 6
12 21 0010110111 6
23 32 0010011110 5
34 43 0011100010 4
45 54 0000010010 2
56 65 0110011101 6
67 76 0110000011 4
70 07 1001011001 5

02 20 1000101001 4
13 31 0000101001 3
24 42 0001111100 5
35 53 0011110000 4
46 64 0110001111 6
57 75 0000011110 4
60 06 1111011010 7
71 17 0011000111 5

03 30 1010110111 7
14 41 0011001011 5
25 52 0001101110 5
36 63 0101101101 6
47 74 0000001100 2
50 05 1001000111 5
61 16 0101000100 3
72 27 0001110000 3

04 40 1001010101 5
15 51 0011011001 5
26 62 0111110011 7
37 73 0011101110 6

Matching output
0 absent
1 absent
2 absent
3 absent
4 absent
5 absent
6 absent
7 absent

Left
none
Best: none

Right
none
Best: none

AND-NOT
01 0000000010 1
12 0010010100 3
23 0000001010 2
34 0010100000 2
45 0000010010 2
56 0100000101 3
67 0010000000 1
70 1001011001 5

02 0000000000 a
13 0000001000 1
24 0000101000 2
35 0010110000 3
46 0100000111 4
57 0000000100 1
60 1011011000 5 match 7
71 0001000011 3

03 0000000010 1
14 0010001000 2
25 0000101010 3
36 0100100101 4
47 0000000100 1
50 1001000101 4
61 0001000000 1
72 0001010000 2

04 0000000000 a
15 0010011000 3
26 0100100011 4
37 0010100100 3
40 1001010101 5
51 0001000001 2
62 0011010000 3
73 0001001010 3

05 0000000010 1
16 0100000100 2
27 0000100000 1
30 1010110101 6
41 0001000011 3
52 0001000100 2
63 0001001000 2
74 0000001000 1

06 0100000010 2 match 1
17 0010000100 2
20 1000101001 4
31 0000100001 2
42 0001010100 3
53 0001000000 1
64 0010001000 2
75 0000011010 3

07 0000000000 a
10 1010011100 5
21 0000100011 3
32 0010010100 3
43 0001000010 2
54 0000000000 a
65 0010011000 3
76 0100000011 3

Matching output
0 absent
1 06
2 absent
3 absent
4 absent
5 absent
6 absent
7 60

Left
none
Best: none

Right
60 57x
Best: AND-NOT60: 1

OR-NOT
01 0101100011 5
12 1111011100 7
23 1101101011 7
34 1110111101 8
45 1111111111 a
56 1101100111 7
67 1011111100 7
70 1111111111 a

02 0111010110 6
13 1111011110 8
24 1110101011 7
35 1110111111 9
46 1101110111 8
57 1111100101 7
60 1011111101 8
71 1101111011 8

03 0101001010 4
14 1110111100 7
25 1110111011 8
36 1110110111 8
47 1111110111 9
50 1111111101 9
61 1011111011 8
72 1111011111 9

04 0110101010 5
15 1110111110 8
26 1100101111 7
37 1110110101 7 match 4
40 1111111111 a
51 1101100111 7
62 1011011100 6
73 1101011011 7

05 0110111010 6
16 1110111111 9
27 1110101111 8
30 1111111101 9
41 1101110111 8
52 1111010101 7
63 1011011010 6
74 1111111011 9

06 0100100111 5
17 1110111100 7
20 1111111111 a
31 1111110111 9
42 1111010111 8
53 1101001111 7
64 1011111000 6
75 1111111011 9

07 0110100110 5
10 1111111101 9
21 1101101011 7
32 1111110101 8
43 1101011111 8
54 1111101101 8
65 1011111010 7
76 1101111111 9

Matching output
0 absent
1 absent
2 absent
3 absent
4 37
5 absent
6 absent
7 absent

Left
none
Best: none

Right
none
Best: none

XOR-NOT
01 0101100001 4
12 1101001000 4
23 1101100001 5
34 1100011101 6
45 1111101101 8
56 1001100010 4
67 1001111100 6
70 0110100110 5

02 0111010110 6
13 1111010110 7
24 1110000011 5
35 1100001111 6
46 1001110000 4
57 1111100001 6
60 0000100101 3
71 1100111000 5

03 0101001000 3
14 1100110100 5
25 1110010001 5
36 1010010010 4
47 1111110011 8
50 0110111000 5
61 1010111011 7
72 1110001111 7

04 0110101010 5
15 1100100110 5
26 1000001100 3
37 1100010001 4
40 0110101010 5
51 1100100110 5
62 1000001100 3
73 1100010001 4

05 0110111000 5
16 1010111011 7
27 1110001111 7
30 0101001000 3
41 1100110100 5
52 1110010001 5
63 1010010010 4
74 1111110011 8

06 0000100101 3
17 1100111000 5
20 0111010110 6
31 1111010110 7
42 1110000011 5
53 1100001111 6
64 1001110000 4
75 1111100001 6

07 0110100110 5
10 0101100001 4
21 1101001000 4
32 1101100001 5
43 1100011101 6
54 1111101101 8
65 1001100010 4
76 1001111100 6

Matching output
0 absent
1 absent
2 absent
3 absent
4 absent
5 absent
6 absent
7 absent

Left
none
Best: none

Right
none
Best: none

Selecting

Lefts
Identity none
NOT none
Constant none
AND AND57: 1
OR none
XOR none
AND-NOT none
OR-NOT none
XOR-NOT none

Rights
Identity I6 5 4 3 2 1 0: 7
NOT none
Constant none
AND none
OR none
XOR none
AND-NOT AND-NOT60: 1
OR-NOT none
XOR-NOT none

Left longest: 1
Right longest: 7

Right winner: Identity yes, NOT no, Constant no, AND no, OR no, XOR no, AND-NOT no, OR-NOT no, XOR-NOT no
Left winner: Identity no, NOT no, Constant no, AND yes, OR no, XOR no, AND-NOT no, OR-NOT no, XOR-NOT no

Best right: I6 5 4 3 2 1 0: 7
Best left: AND57: 1

Truncated right: I6 5 4 3 2 1 0: 7
Truncated left: AND57: 1

Tentative from right
7 I6
6 I5
5 I4
4 I3
3 I2
2 I1
1 I0
0 pending

Tentative
0 AND57
1 I0
2 I1
3 I2
4 I3
5 I4
6 I5
7 I6

Preferred from right
7 I6
6 I5
5 I4
4 I3
3 I2
2 I1
1 I0
0 AND57

Preferred from left
0 AND57
1 I0
2 I1
3 I2
4 I3
5 I4
6 I5
7 I6

Preferred
0 AND57
1 I0
2 I1
3 I2
4 I3
5 I4
6 I5
7 I6

Matching
0 AND57
1 I0
2 I1
3 I2
4 I3
5 I4
6 I5
7 I6

Perfect match
Identity no
NOT no
Constant no
AND no
OR no
XOR no
AND-NOT no
OR-NOT no
XOR-NOT no

Matched
0 AND57
1 I0
2 I1
3 I2
4 I3
5 I4
6 I5
7 I6

Selected
0 AND57
1 I0
2 I1
3 I2
4 I3
5 I4
6 I5
7 I6

Applying to 00101101
Input
0 0
1 0
2 1
3 0
4 1
5 1
6 0
7 1
Output
0 AND57 = AND(1,1) = 1
1 I0 = 0
2 I1 = 0
3 I2 = 1
4 I3 = 0
5 I4 = 1
6 I5 = 1
7 I6 = 0

I will now return the answer in \boxed{}
The answer in \boxed{–} is \boxed{10010110}
[correct]
true
