[category]
bit_manipulation
[prompt]
In Alice's Wonderland, a secret bit manipulation rule transforms 8-bit binary numbers. The transformation involves operations like bit shifts, rotations, XOR, AND, OR, NOT, and possibly majority or choice functions.

Here are some examples of input -> output:
01010001 -> 00101011
10011111 -> 11110011
01011010 -> 01001011
00100010 -> 01000100
01100110 -> 11001101
10010111 -> 11110010
11111111 -> 11111111
11000111 -> 11111011
00110100 -> 10000110
11110010 -> 01011111

Now, determine the output for: 01110010
[completion]
We need to deduce the transformation by matching the example outputs.
I will put my final answer inside \boxed{}.

Output 0: 00101011
0 0
1 0
2 1
3 0
4 1
5 0
6 1
7 1

Output 1: 11110011
0 1
1 1
2 1
3 1
4 0
5 0
6 1
7 1

Output 2: 01001011
0 0
1 1
2 0
3 0
4 1
5 0
6 1
7 1

Output 3: 01000100
0 0
1 1
2 0
3 0
4 0
5 1
6 0
7 0

Output 4: 11001101
0 1
1 1
2 0
3 0
4 1
5 1
6 0
7 1

Output 5: 11110010
0 1
1 1
2 1
3 1
4 0
5 0
6 1
7 0

Output 6: 11111111
0 1
1 1
2 1
3 1
4 1
5 1
6 1
7 1

Output 7: 11111011
0 1
1 1
2 1
3 1
4 1
5 0
6 1
7 1

Output 8: 10000110
0 1
1 0
2 0
3 0
4 0
5 1
6 1
7 0

Output 9: 01011111
0 0
1 1
2 0
3 1
4 1
5 1
6 1
7 1

Output bit columns (with bitsum as hash)
0 0100111110 6
1 0111111101 8
2 1100011100 5
3 0100011101 5
4 1010101101 6
5 0001101011 5
6 1110011111 8
7 1110101101 7

Input 0: 01010001
0 0
1 1
2 0
3 1
4 0
5 0
6 0
7 1

Input 1: 10011111
0 1
1 0
2 0
3 1
4 1
5 1
6 1
7 1

Input 2: 01011010
0 0
1 1
2 0
3 1
4 1
5 0
6 1
7 0

Input 3: 00100010
0 0
1 0
2 1
3 0
4 0
5 0
6 1
7 0

Input 4: 01100110
0 0
1 1
2 1
3 0
4 0
5 1
6 1
7 0

Input 5: 10010111
0 1
1 0
2 0
3 1
4 0
5 1
6 1
7 1

Input 6: 11111111
0 1
1 1
2 1
3 1
4 1
5 1
6 1
7 1

Input 7: 11000111
0 1
1 1
2 0
3 0
4 0
5 1
6 1
7 1

Input 8: 00110100
0 0
1 0
2 1
3 1
4 0
5 1
6 0
7 0

Input 9: 11110010
0 1
1 1
2 1
3 1
4 0
5 0
6 1
7 0

When matching output
x: not in operator
y: wrong position

Identity
0 0100011101 5 match 3
1 1010101101 6 match 4
2 0001101011 5 match 5
3 1110011011 7
4 0110001000 3
5 0100111110 6 match 0
6 0111111101 8 match 1
7 1100011100 5 match 2

Matching output
0 5
1 6
2 7
3 0
4 1
5 2
6 absent
7 absent

Left
5 6 7 0 1 2 3x
Best: I5 6 7 0 1 2: 6

Right
none
Best: none

NOT
0 1011100010 5
1 0101010010 4
2 1110010100 5
3 0001100100 3
4 1001110111 7
5 1011000001 4
6 1000000010 2
7 0011100011 5

Matching output
0 absent
1 absent
2 absent
3 absent
4 absent
5 absent
6 absent
7 absent

Left
none
Best: none

Right
none
Best: none

Constant
0 0000000000 a
1 1111111111 a

Matching output
0 absent
1 absent
2 absent
3 absent
4 absent
5 absent
6 absent
7 absent

Left
none
Best: none

Right
none
Best: none

AND
01 10 0000001101 3
12 21 0000101001 3
23 32 0000001011 3
34 43 0110001000 3
45 54 0100001000 2
56 65 0100111100 5
67 76 0100011100 4
70 07 0100011100 4

02 20 0000001001 2
13 31 1010001001 4
24 42 0000001000 1
35 53 0100011010 4
46 64 0110001000 3
57 75 0100011100 4
60 06 0100011101 5 match 3
71 17 1000001100 3

03 30 0100011001 4
14 41 0010001000 2
25 52 0000101010 3
36 63 0110011001 5
47 74 0100001000 2
50 05 0100011100 4
61 16 0010101101 5
72 27 0000001000 1

04 40 0100001000 2
15 51 0000101100 3
26 62 0001101001 4
37 73 1100011000 4

Matching output
0 absent
1 absent
2 absent
3 60 06
4 absent
5 absent
6 absent
7 absent

Left
none
Best: none

Right
none
Best: none

OR
01 10 1110111101 8
12 21 1011101111 8
23 32 1111111011 9
34 43 1110011011 7
45 54 0110111110 7
56 65 0111111111 9
67 76 1111111101 9
70 07 1100011101 6

02 20 0101111111 8
13 31 1110111111 9
24 42 0111101011 7
35 53 1110111111 9
46 64 0111111101 8 match 1
57 75 1100111110 7
60 06 0111111101 8 match 1
71 17 1110111101 8

03 30 1110011111 8 match 6
14 41 1110101101 7 match 7
25 52 0101111111 8
36 63 1111111111 a
47 74 1110011100 6
50 05 0100111111 7
61 16 1111111101 9
72 27 1101111111 9

04 40 0110011101 6
15 51 1110111111 9
26 62 0111111111 9
37 73 1110011111 8 match 6

Matching output
0 absent
1 46 64 60 06
2 absent
3 absent
4 absent
5 absent
6 03 30 37 73
7 14 41

Left
none
Best: none

Right
14 03 72x
41 30 27x
Best: OR14 03: 2

XOR
01 10 1110110000 5
12 21 1011000110 5
23 32 1111110000 6
34 43 1000010011 4
45 54 0010110110 5
56 65 0011000011 4
67 76 1011100001 5
70 07 1000000001 2

02 20 0101110110 6
13 31 0100110110 5
24 42 0111100011 6
35 53 1010100101 5
46 64 0001110101 5
57 75 1000100010 3
60 06 0011100000 3
71 17 0110110001 5

03 30 1010000110 4
14 41 1100100101 5
25 52 0101010101 5
36 63 1001100110 5
47 74 1010010100 4
50 05 0000100011 3
61 16 1101010000 4
72 27 1101110111 8

04 40 0010010101 4
15 51 1110010011 6
26 62 0110010110 5
37 73 0010000111 4

Matching output
0 absent
1 absent
2 absent
3 absent
4 absent
5 absent
6 absent
7 absent

Left
none
Best: none

Right
none
Best: none

AND-NOT
01 0100010000 2
12 1010000100 3
23 0001100000 2
34 1000010011 4
45 0010000000 1
56 0000000010 1
67 0011100001 4
70 1000000000 1

02 0100010100 3
13 0000100100 2
24 0001100011 4
35 1010000001 3
46 0000000000 a
57 0000100010 2
60 0011100000 3
71 0100010000 2

03 0000000100 1
14 1000100101 4
25 0001000001 2
36 1000000010 2
47 0010000000 1
50 0000100010 2
61 0101010000 3
72 1100010100 4

04 0000010101 3
15 1010000001 3
26 0000000010 1
37 0010000011 3
40 0010000000 1
51 0100010010 3
62 0110010100 4
73 0000000100 1

05 0000000001 1
16 1000000000 1
27 0001100011 4
30 1010000010 3
41 0100000000 1
52 0100010100 3
63 0001100100 3
74 1000010100 3

06 0000000000 a
17 0010100001 3
20 0001100010 3
31 0100010010 3
42 0110000000 2
53 0000100100 2
64 0001110101 5
75 1000000000 1

07 0000000001 1
10 1010100000 3
21 0001000010 2
32 1110010000 4
43 0000000000 a
54 0000110110 4
65 0011000001 3
76 1000000000 1

Matching output
0 absent
1 absent
2 absent
3 absent
4 absent
5 absent
6 absent
7 absent

Left
none
Best: none

Right
none
Best: none

OR-NOT
01 0101011111 7
12 1110111101 8
23 0001101111 6
34 1111111111 a
45 1111001001 6
56 1100111110 7
67 0111111111 9
70 1111111110 9

02 1110011101 7
13 1011101101 7
24 1001111111 8
35 1111011011 8
46 1110001010 5
57 0111111111 9
60 1111111111 a
71 1101011110 7

03 0101111101 7
14 1011111111 9
25 1011101011 7
36 1110011011 7
47 0111101011 7
50 1111111110 9
61 0111111111 9
72 1110011100 6

04 1101111111 9
15 1011101101 7
26 1001101011 6
37 1111111011 9
40 1111101010 7
51 0101111110 7
62 1111111101 9
73 1101111100 7

05 1111011101 8
16 1010101111 7
27 0011101011 6
30 1111111011 9
41 0111011010 6
52 1110111110 8
63 0111111101 8 match 1
74 1101111111 9

06 1100011111 7
17 1011101111 8
20 1011101011 7
31 1111011011 8
42 1110011100 6
53 0101111110 7
64 1111111111 a
75 1111011101 8

07 0111111111 9
10 1011101111 8
21 0101111011 7
32 1110011111 8 match 6
43 0111101100 6
54 1101111111 9
65 1111111101 9
76 1100011110 6

Matching output
0 absent
1 63
2 absent
3 absent
4 absent
5 absent
6 32
7 absent

Left
none
Best: none

Right
none
Best: none

XOR-NOT
01 0001001111 5
12 0100111001 5
23 0000001111 4
34 0111101100 6
45 1101001001 5
56 1100111100 6
67 0100011110 5
70 0111111110 8

02 1010001001 4
13 1011001001 5
24 1000011100 4
35 0101011010 5
46 1110001010 5
57 0111011101 7
60 1100011111 7
71 1001001110 5

03 0101111001 6
14 0011011010 5
25 1010101010 5
36 0110011001 5
47 0101101011 6
50 1111011100 7
61 0010101111 6
72 0010001000 2

04 1101101010 6
15 0001101100 4
26 1001101001 5
37 1101111000 6
40 1101101010 6
51 0001101100 4
62 1001101001 5
73 1101111000 6

05 1111011100 7
16 0010101111 6
27 0010001000 2
30 0101111001 6
41 0011011010 5
52 1010101010 5
63 0110011001 5
74 0101101011 6

06 1100011111 7
17 1001001110 5
20 1010001001 4
31 1011001001 5
42 1000011100 4
53 0101011010 5
64 1110001010 5
75 0111011101 7

07 0111111110 8
10 0001001111 5
21 0100111001 5
32 0000001111 4
43 0111101100 6
54 1101001001 5
65 1100111100 6
76 0100011110 5

Matching output
0 absent
1 absent
2 absent
3 absent
4 absent
5 absent
6 absent
7 absent

Left
none
Best: none

Right
none
Best: none

Selecting

Lefts
Identity I5 6 7 0 1 2: 6
NOT none
Constant none
AND none
OR none
XOR none
AND-NOT none
OR-NOT none
XOR-NOT none

Rights
Identity none
NOT none
Constant none
AND none
OR OR14 03: 2
XOR none
AND-NOT none
OR-NOT none
XOR-NOT none

Left longest: 6
Right longest: 2

Left winner: Identity yes, NOT no, Constant no, AND no, OR no, XOR no, AND-NOT no, OR-NOT no, XOR-NOT no
Right winner: Identity no, NOT no, Constant no, AND no, OR yes, XOR no, AND-NOT no, OR-NOT no, XOR-NOT no

Best left: I5 6 7 0 1 2: 6
Best right: OR14 03: 2

Truncated left: I5 6 7 0 1 2: 6
Truncated right: OR14 03: 2

Tentative from right
7 OR14
6 OR03
5 pending
4 pending
3 pending
2 pending
1 pending
0 pending

Tentative
0 I5
1 I6
2 I7
3 I0
4 I1
5 I2
6 OR03
7 OR14

Preferred from left
0 I5
1 I6
2 I7
3 I0
4 I1
5 I2
6 OR03
7 OR14

Preferred from right
7 OR14
6 OR03
5 I2
4 I1
3 I0
2 I7
1 I6
0 I5

Preferred
0 I5
1 I6
2 I7
3 I0
4 I1
5 I2
6 OR03
7 OR14

Matching
0 I5
1 I6
2 I7
3 I0
4 I1
5 I2
6 OR03
7 OR14

Perfect match
Identity no
NOT no
Constant no
AND no
OR no
XOR no
AND-NOT no
OR-NOT no
XOR-NOT no

Matched
0 I5
1 I6
2 I7
3 I0
4 I1
5 I2
6 OR03
7 OR14

Selected
0 I5
1 I6
2 I7
3 I0
4 I1
5 I2
6 OR03
7 OR14

Applying to 01110010
Input
0 0
1 1
2 1
3 1
4 0
5 0
6 1
7 0
Output
0 I5 = 0
1 I6 = 1
2 I7 = 0
3 I0 = 0
4 I1 = 1
5 I2 = 1
6 OR03 = OR(0,1) = 1
7 OR14 = OR(1,0) = 1

I will now return the answer in \boxed{}
The answer in \boxed{–} is \boxed{01001111}
[correct]
true
