[category]
bit_manipulation
[prompt]
In Alice's Wonderland, a secret bit manipulation rule transforms 8-bit binary numbers. The transformation involves operations like bit shifts, rotations, XOR, AND, OR, NOT, and possibly majority or choice functions.

Here are some examples of input -> output:
11000101 -> 10000110
11011111 -> 10110011
10010000 -> 00101001
11001100 -> 10010100
11010000 -> 10101101
10011111 -> 00110111
00101010 -> 01010110
11011010 -> 10111001
00100000 -> 01000010
01001111 -> 10011010

Now, determine the output for: 01011010
[completion]
We need to deduce the transformation by matching the example outputs.
I will put my final answer inside \boxed{}.

Output 0: 10000110
0 1
1 0
2 0
3 0
4 0
5 1
6 1
7 0

Output 1: 10110011
0 1
1 0
2 1
3 1
4 0
5 0
6 1
7 1

Output 2: 00101001
0 0
1 0
2 1
3 0
4 1
5 0
6 0
7 1

Output 3: 10010100
0 1
1 0
2 0
3 1
4 0
5 1
6 0
7 0

Output 4: 10101101
0 1
1 0
2 1
3 0
4 1
5 1
6 0
7 1

Output 5: 00110111
0 0
1 0
2 1
3 1
4 0
5 1
6 1
7 1

Output 6: 01010110
0 0
1 1
2 0
3 1
4 0
5 1
6 1
7 0

Output 7: 10111001
0 1
1 0
2 1
3 1
4 1
5 0
6 0
7 1

Output 8: 01000010
0 0
1 1
2 0
3 0
4 0
5 0
6 1
7 0

Output 9: 10011010
0 1
1 0
2 0
3 1
4 1
5 0
6 1
7 0

Output bit columns (with bitsum as hash)
0 1101100101 6
1 0000001010 2
2 0110110100 5
3 0101011101 6
4 0010100101 4
5 1001111000 5
6 1100011011 6
7 0110110100 5

Input 0: 11000101
0 1
1 1
2 0
3 0
4 0
5 1
6 0
7 1

Input 1: 11011111
0 1
1 1
2 0
3 1
4 1
5 1
6 1
7 1

Input 2: 10010000
0 1
1 0
2 0
3 1
4 0
5 0
6 0
7 0

Input 3: 11001100
0 1
1 1
2 0
3 0
4 1
5 1
6 0
7 0

Input 4: 11010000
0 1
1 1
2 0
3 1
4 0
5 0
6 0
7 0

Input 5: 10011111
0 1
1 0
2 0
3 1
4 1
5 1
6 1
7 1

Input 6: 00101010
0 0
1 0
2 1
3 0
4 1
5 0
6 1
7 0

Input 7: 11011010
0 1
1 1
2 0
3 1
4 1
5 0
6 1
7 0

Input 8: 00100000
0 0
1 0
2 1
3 0
4 0
5 0
6 0
7 0

Input 9: 01001111
0 0
1 1
2 0
3 0
4 1
5 1
6 1
7 1

When matching output
x: not in operator
y: wrong position

Identity
0 1111110100 7
1 1101100101 6 match 0
2 0000001010 2 match 1
3 0110110100 5 match 2 7
4 0101011101 6 match 3
5 1101010001 5
6 0100011101 5
7 1100010001 4

Matching output
0 1
1 2
2 3
3 4
4 absent
5 absent
6 absent
7 3

Left
1 2 3 4 5x
Best: I1 2 3 4: 4

Right
3 2y
Best: I3: 1

NOT
0 0000001011 3
1 0010011010 4
2 1111110101 8
3 1001001011 5
4 1010100010 4
5 0010101110 5
6 1011100010 5
7 0011101110 6

Matching output
0 absent
1 absent
2 absent
3 absent
4 absent
5 absent
6 absent
7 absent

Left
none
Best: none

Right
none
Best: none

Constant
0 0000000000 a
1 1111111111 a

Matching output
0 absent
1 absent
2 absent
3 absent
4 absent
5 absent
6 absent
7 absent

Left
none
Best: none

Right
none
Best: none

AND
01 10 1101100100 5
12 21 0000000000 a
23 32 0000000000 a
34 43 0100010100 3
45 54 0101010001 4
56 65 0100010001 3
67 76 0100010001 3
70 07 1100010000 3

02 20 0000000000 a
13 31 0100100100 3
24 42 0000001000 1
35 53 0100010000 2
46 64 0100011101 5
57 75 1100010001 4
60 06 0100010100 3
71 17 1100000001 3

03 30 0110110100 5 match 2 7
14 41 0101000101 4
25 52 0000000000 a
36 63 0100010100 3
47 74 0100010001 3
50 05 1101010000 4
61 16 0100000101 3
72 27 0000000000 a

04 40 0101010100 4
15 51 1101000001 4
26 62 0000001000 1
37 73 0100010000 2

Matching output
0 absent
1 absent
2 03 30
3 absent
4 absent
5 absent
6 absent
7 03 30

Left
none
Best: none

Right
03 72x
30 27x
Best: AND03: 1

OR
01 10 1111110101 8
12 21 1101101111 8
23 32 0110111110 7
34 43 0111111101 8
45 54 1101011101 7
56 65 1101011101 7
67 76 1100011101 6
70 07 1111110101 8

02 20 1111111110 9
13 31 1111110101 8
24 42 0101011111 7
35 53 1111110101 8
46 64 0101011101 6 match 3
57 75 1101010001 5
60 06 1111111101 9
71 17 1101110101 7

03 30 1111110100 7
14 41 1101111101 8
25 52 1101011011 7
36 63 0110111101 7
47 74 1101011101 7
50 05 1111110101 8
61 16 1101111101 8
72 27 1100011011 6 match 6

04 40 1111111101 9
15 51 1101110101 7
26 62 0100011111 6
37 73 1110110101 7

Matching output
0 absent
1 absent
2 absent
3 46 64
4 absent
5 absent
6 72 27
7 absent

Left
none
Best: none

Right
none
Best: none

XOR
01 10 0010010001 3
12 21 1101101111 8
23 32 0110111110 7
34 43 0011101001 5
45 54 1000001100 3
56 65 1001001100 4
67 76 1000001100 3
70 07 0011100101 5

02 20 1111111110 9
13 31 1011010001 5
24 42 0101010111 6
35 53 1011100101 6
46 64 0001000000 1
57 75 0001000000 1
60 06 1011101001 6
71 17 0001110100 4

03 30 1001000000 2
14 41 1000111000 4
25 52 1101011011 7
36 63 0010101001 4
47 74 1001001100 4
50 05 0010100101 4 match 4
61 16 1001111000 5 match 5
72 27 1100011011 6 match 6

04 40 1010101001 5
15 51 0000110100 3
26 62 0100010111 5
37 73 1010100101 5

Matching output
0 absent
1 absent
2 absent
3 absent
4 50 05
5 61 16
6 72 27
7 absent

Left
none
Best: none

Right
none
Best: none

AND-NOT
01 0010010000 2
12 1101100101 6 match 0
23 0000001010 2 match 1
34 0010100000 2
45 0000001100 2
56 1001000000 2
67 0000001100 2
70 0000000001 1

02 1111110100 7
13 1001000001 3
24 0000000010 1
35 0010100100 3
46 0001000000 1
57 0001000000 1
60 0000001001 2
71 0000010000 1

03 1001000000 2
14 1000100000 2
25 0000001010 2 match 1
36 0010100000 2
47 0001001100 3
50 0000000001 1
61 0000011000 2
72 1100010001 4

04 1010100000 3
15 0000100100 2
26 0000000010 1
37 0010100100 3
40 0000001001 2
51 0000010000 1
62 0100010101 4
73 1000000001 2

05 0010100100 3
16 1001100000 3
27 0000001010 2 match 1
30 0000000000 a
41 0000011000 2
52 1101010001 5
63 0000001001 2
74 1000000000 1

06 1011100000 4
17 0001100100 3
20 0000001010 2 match 1
31 0010010000 2
42 0101010101 5
53 1001000001 3
64 0000000000 a
75 0000000000 a

07 0011100100 4
10 0000000001 1
21 0000001010 2 match 1
32 0110110100 5 match 2 7
43 0001001001 3
54 1000000000 1
65 0000001100 2
76 1000000000 1

Matching output
0 12
1 23 25 27 20 21
2 32
3 absent
4 absent
5 absent
6 absent
7 32

Left
12 23 34x
Best: AND-NOT12 23: 2

Right
32 21y
Best: AND-NOT32: 1

OR-NOT
01 1111111110 9
12 1111110101 8
23 1001001011 5
34 1110110110 7
45 0111111111 9
56 1111110011 8
67 0111111111 9
70 1100011011 6 match 6

02 1111110101 8
13 1101101111 8
24 1010101010 5
35 0110111110 7
46 1111111111 a
57 1111111111 a
60 0100011111 6
71 1110011011 7

03 1111111111 a
14 1111100111 8
25 0010101110 5
36 1111110110 8
47 0111111111 9
50 1101011011 7
61 0110011111 7
72 1111110101 8

04 1111110110 8
15 1111101111 9
26 1011101010 6
37 0111111110 8
40 0101011111 7
51 1111011011 8
62 1111111101 9
73 1101011011 7

05 1111111110 9
16 1111100111 8
27 0011101110 6
30 0110111111 8
41 0111011111 8
52 1111110101 8
63 1101011111 8
74 1110110011 7

06 1111110110 8
17 1111101111 9
20 0000001011 3
31 0110111110 7
42 1111111101 9
53 1101011011 7
64 1110111111 9
75 1110111111 9

07 1111111110 9
10 1101101111 8
21 0010011010 4
32 1111110101 8
43 1101011111 8
54 1111110011 8
65 0110111111 8
76 1111110011 8

Matching output
0 absent
1 absent
2 absent
3 absent
4 absent
5 absent
6 70
7 absent

Left
none
Best: none

Right
none
Best: none

XOR-NOT
01 1101101110 7
12 0010010000 2
23 1001000001 3
34 1100010110 5
45 0111110011 7
56 0110110011 6
67 0111110011 7
70 1100011010 5

02 0000000001 1
13 0100101110 5
24 1010101000 4
35 0100011010 4
46 1110111111 9
57 1110111111 9
60 0100010110 4
71 1110001011 6

03 0110111111 8
14 0111000111 6
25 0010100100 3
36 1101010110 6
47 0110110011 6
50 1101011010 6
61 0110000111 5
72 0011100100 4

04 0101010110 5
15 1111001011 7
26 1011101000 5
37 0101011010 5
40 0101010110 5
51 1111001011 7
62 1011101000 5
73 0101011010 5

05 1101011010 6
16 0110000111 5
27 0011100100 4
30 0110111111 8
41 0111000111 6
52 0010100100 3
63 1101010110 6
74 0110110011 6

06 0100010110 4
17 1110001011 6
20 0000000001 1
31 0100101110 5
42 1010101000 4
53 0100011010 4
64 1110111111 9
75 1110111111 9

07 1100011010 5
10 1101101110 7
21 0010010000 2
32 1001000001 3
43 1100010110 5
54 0111110011 7
65 0110110011 6
76 0111110011 7

Matching output
0 absent
1 absent
2 absent
3 absent
4 absent
5 absent
6 absent
7 absent

Left
none
Best: none

Right
none
Best: none

Selecting

Lefts
Identity I1 2 3 4: 4
NOT none
Constant none
AND none
OR none
XOR none
AND-NOT AND-NOT12 23: 2
OR-NOT none
XOR-NOT none

Rights
Identity I3: 1
NOT none
Constant none
AND AND03: 1
OR none
XOR none
AND-NOT AND-NOT32: 1
OR-NOT none
XOR-NOT none

Left longest: 4
Right longest: 1

Left winner: Identity yes, NOT no, Constant no, AND no, OR no, XOR no, AND-NOT no, OR-NOT no, XOR-NOT no
Right winner: Identity yes, NOT no, Constant no, AND no, OR no, XOR no, AND-NOT no, OR-NOT no, XOR-NOT no

Best left: I1 2 3 4: 4
Best right: I3: 1

Truncated left: I1 2 3 4: 4
Truncated right: I3: 1

Tentative from right
7 I3
6 pending
5 pending
4 pending
3 pending
2 pending
1 pending
0 pending

Tentative
0 I1
1 I2
2 I3
3 I4
4 pending
5 pending
6 pending
7 I3

Preferred from left
0 I1
1 I2
2 I3
3 I4
4 ?5?
5 ?6?
6 ?7?
7 I3

Preferred from right
7 I3
6 ?72
5 ?61
4 ?50
3 I4
2 I3
1 I2
0 I1

Preferred
0 I1
1 I2
2 I3
3 I4
4 ?50 ?05
5 ?61 ?16
6 ?72 ?27
7 I3

Matching
0 I1
1 I2
2 I3
3 I4
4 ?50 ?05 - Identity absent, NOT absent, Constant absent, AND absent, OR absent, XOR50, AND-NOT absent, OR-NOT absent, XOR-NOT absent
5 ?61 ?16 - Identity absent, NOT absent, Constant absent, AND absent, OR absent, XOR61, AND-NOT absent, OR-NOT absent, XOR-NOT absent
6 ?72 ?27 - Identity absent, NOT absent, Constant absent, AND absent, OR72, XOR72, AND-NOT absent, OR-NOT absent, XOR-NOT absent
7 I3

Perfect match
Identity no
NOT no
Constant no
AND no
OR no
XOR yes
AND-NOT no
OR-NOT no
XOR-NOT no

Matched
0 I1
1 I2
2 I3
3 I4
4 XOR50
5 XOR61
6 XOR72
7 I3

Selected
0 I1
1 I2
2 I3
3 I4
4 XOR50
5 XOR61
6 XOR72
7 I3

Applying to 01011010
Input
0 0
1 1
2 0
3 1
4 1
5 0
6 1
7 0
Output
0 I1 = 1
1 I2 = 0
2 I3 = 1
3 I4 = 1
4 XOR50 = XOR(0,0) = 0
5 XOR61 = XOR(1,1) = 0
6 XOR72 = XOR(0,0) = 0
7 I3 = 1

I will now return the answer in \boxed{}
The answer in \boxed{–} is \boxed{10110001}
[correct]
true
