[category]
bit_manipulation
[prompt]
In Alice's Wonderland, a secret bit manipulation rule transforms 8-bit binary numbers. The transformation involves operations like bit shifts, rotations, XOR, AND, OR, NOT, and possibly majority or choice functions.

Here are some examples of input -> output:
11100100 -> 00001100
01111010 -> 00000111
01010001 -> 00101110
10110111 -> 00101010
11110111 -> 00101110
00000101 -> 10100000
01011011 -> 00000111
01010100 -> 10001010
01000111 -> 11100100

Now, determine the output for: 01001010
[completion]
We need to deduce the transformation by matching the example outputs.
I will put my final answer inside \boxed{}.

Output 0: 00001100
0 0
1 0
2 0
3 0
4 1
5 1
6 0
7 0

Output 1: 00000111
0 0
1 0
2 0
3 0
4 0
5 1
6 1
7 1

Output 2: 00101110
0 0
1 0
2 1
3 0
4 1
5 1
6 1
7 0

Output 3: 00101010
0 0
1 0
2 1
3 0
4 1
5 0
6 1
7 0

Output 4: 00101110
0 0
1 0
2 1
3 0
4 1
5 1
6 1
7 0

Output 5: 10100000
0 1
1 0
2 1
3 0
4 0
5 0
6 0
7 0

Output 6: 00000111
0 0
1 0
2 0
3 0
4 0
5 1
6 1
7 1

Output 7: 10001010
0 1
1 0
2 0
3 0
4 1
5 0
6 1
7 0

Output 8: 11100100
0 1
1 1
2 1
3 0
4 0
5 1
6 0
7 0

Output bit columns (with bitsum as hash)
0 000001011 3
1 000000001 1
2 001111001 5
3 000000000 a
4 101110010 5
5 111010101 6
6 011110110 6
7 010000100 2

Input 0: 11100100
0 1
1 1
2 1
3 0
4 0
5 1
6 0
7 0

Input 1: 01111010
0 0
1 1
2 1
3 1
4 1
5 0
6 1
7 0

Input 2: 01010001
0 0
1 1
2 0
3 1
4 0
5 0
6 0
7 1

Input 3: 10110111
0 1
1 0
2 1
3 1
4 0
5 1
6 1
7 1

Input 4: 11110111
0 1
1 1
2 1
3 1
4 0
5 1
6 1
7 1

Input 5: 00000101
0 0
1 0
2 0
3 0
4 0
5 1
6 0
7 1

Input 6: 01011011
0 0
1 1
2 0
3 1
4 1
5 0
6 1
7 1

Input 7: 01010100
0 0
1 1
2 0
3 1
4 0
5 1
6 0
7 0

Input 8: 01000111
0 0
1 1
2 0
3 0
4 0
5 1
6 1
7 1

When matching output
x: not in operator
y: wrong position

Identity
0 100110000 3
1 111010111 7
2 110110000 4
3 011110110 6 match 6
4 010000100 2 match 7
5 100111011 6
6 010110101 5
7 001111101 6

Matching output
0 absent
1 absent
2 absent
3 absent
4 absent
5 absent
6 3
7 4

Left
none
Best: none

Right
4 3 2x
Best: I4 3: 2

NOT
0 011001111 6
1 000101000 2
2 001001111 5
3 100001001 3
4 101111011 7
5 011000100 3
6 101001010 4
7 110000010 3

Matching output
0 absent
1 absent
2 absent
3 absent
4 absent
5 absent
6 absent
7 absent

Left
none
Best: none

Right
none
Best: none

Constant
0 000000000 a match 3
1 111111111 a

Matching output
0 absent
1 absent
2 absent
3 C0
4 absent
5 absent
6 absent
7 absent

Left
none
Best: none

Right
none
Best: none

AND
01 10 100010000 2
12 21 110010000 3
23 32 010110000 3
34 43 010000100 2 match 7
45 54 000000000 a match 3
56 65 000110001 3
67 76 000110101 4
70 07 000110000 2

02 20 100110000 3
13 31 011010110 5
24 42 010000000 1
35 53 000110010 3
46 64 010000100 2 match 7
57 75 000111001 4
60 06 000110000 2
71 17 001010101 4

03 30 000110000 2
14 41 010000100 2 match 7
25 52 100110000 3
36 63 010110100 4
47 74 000000100 1
50 05 100110000 3
61 16 010010101 4
72 27 000110000 2

04 40 000000000 a match 3
15 51 100010011 4
26 62 010110000 3
37 73 001110100 4

Matching output
0 absent
1 absent
2 absent
3 45 54 04 40
4 absent
5 absent
6 absent
7 34 43 46 64 14 41

Left
none
Best: none

Right
34 23x
43 32x
46 35x
64 53x
14 03x
41 30x
Best: AND34: 1

OR
01 10 111110111 8
12 21 111110111 8
23 32 111110110 7
34 43 011110110 6 match 6
45 54 110111111 8
56 65 110111111 8
67 76 011111101 7
70 07 101111101 7

02 20 110110000 4
13 31 111110111 8
24 42 110110100 5
35 53 111111111 a
46 64 010110101 5
57 75 101111111 8
60 06 110110101 6
71 17 111111111 a

03 30 111110110 7
14 41 111010111 7
25 52 110111011 7
36 63 011110111 7
47 74 011111101 7
50 05 100111011 6
61 16 111110111 8
72 27 111111101 8

04 40 110110100 5
15 51 111111111 a
26 62 110110101 6
37 73 011111111 8

Matching output
0 absent
1 absent
2 absent
3 absent
4 absent
5 absent
6 34 43
7 absent

Left
none
Best: none

Right
none
Best: none

XOR
01 10 011100111 6
12 21 001100111 5
23 32 101000110 4
34 43 001110010 4
45 54 110111111 8
56 65 110001110 5
67 76 011001000 3
70 07 101001101 5

02 20 010000000 1
13 31 100100001 3
24 42 100110100 4
35 53 111001101 6
46 64 000110001 3
57 75 101000110 4
60 06 110000101 4
71 17 110101010 5

03 30 111000110 5
14 41 101010011 5
25 52 010001011 4
36 63 001000011 3
47 74 011111001 6
50 05 000001011 3 match 0
61 16 101100010 4
72 27 111001101 6

04 40 110110100 5
15 51 011101100 5
26 62 100000101 3
37 73 010001011 4

Matching output
0 50 05
1 absent
2 absent
3 absent
4 absent
5 absent
6 absent
7 absent

Left
50 61x
05 16x
Best: XOR50: 1

Right
none
Best: none

AND-NOT
01 000100000 1
12 001000111 4
23 100000000 1
34 001110010 4
45 010000100 2 match 7
56 100001010 3
67 010000000 1
70 001001101 4

02 000000000 a match 3
13 100000001 2
24 100110000 3
35 011000100 3
46 000000000 a match 3
57 100000010 2
60 010000101 3
71 000101000 2

03 100000000 1
14 101010011 5
25 010000000 1
36 001000010 2
47 010000000 1
50 000001011 3 match 0
61 000100000 1
72 001001101 4

04 100110000 3
15 011000100 3
26 100000000 1
37 010000010 2
40 010000100 2 match 7
51 000101000 2
62 000000101 2
73 000001001 2

05 000000000 a match 3
16 101000010 3
27 110000000 2
30 011000110 4
41 000000000 a match 3
52 000001011 3 match 0
63 000000001 1 match 1
74 001111001 5 match 2

06 100000000 1
17 110000010 3
20 010000000 1
31 000100000 1
42 000000100 1
53 100001001 3
64 000110001 3
75 001000100 2

07 100000000 1
10 011000111 5
21 000100000 1
32 001000110 3
43 000000000 a match 3
54 100111011 6
65 010000100 2 match 7
76 001001000 2

Matching output
0 50 52
1 63
2 74
3 02 46 05 41 43
4 absent
5 absent
6 absent
7 45 40 65

Left
50 61x
52 63 74 05 16x
Best: AND-NOT52 63 74 05: 4

Right
45 34x
40 37x
65 54x
Best: AND-NOT45: 1

OR-NOT
01 100111000 4
12 111011111 8
23 110111001 6
34 111111111 a
45 011000100 3
56 101111011 7
67 110110111 7
70 011111111 8

02 101111111 8
13 111011111 8
24 111111011 8
35 011110110 6 match 6
46 111001110 6
57 110111011 7
60 011111111 8
71 001111101 6

03 100111001 5
14 111111111 a
25 111110100 6
36 111111110 8
47 110000110 4
50 111111111 a
61 010111101 6
72 001111111 7

04 101111011 7
15 111010111 7
26 111111010 7
37 111110110 7
40 011001111 6
51 100111011 6
62 011111111 8
73 101111101 7

05 111110100 6
16 111011111 8
27 110110010 5
30 011111111 8
41 010101100 4
52 101111111 8
63 110111101 7
74 101111111 8

06 101111010 6
17 111010111 7
20 111111111 a
31 011111110 7
42 011001111 6
53 100111011 6
64 111111111 a
75 011111101 7

07 110110010 5
10 111011111 8
21 110111000 5
32 011111111 8
43 110001101 5
54 101111011 7
65 011110101 6
76 101111111 8

Matching output
0 absent
1 absent
2 absent
3 absent
4 absent
5 absent
6 35
7 absent

Left
none
Best: none

Right
none
Best: none

XOR-NOT
01 100011000 3
12 110011000 4
23 010111001 5
34 110001101 5
45 001000000 1
56 001110001 4
67 100110111 6
70 010110010 4

02 101111111 8
13 011011110 6
24 011001011 5
35 000110010 3
46 111001110 6
57 010111001 5
60 001111010 5
71 001010101 4

03 000111001 4
14 010101100 4
25 101110100 5
36 110111100 6
47 100000110 3
50 111110100 6
61 010011101 5
72 000110010 3

04 001001011 4
15 100010011 4
26 011111010 6
37 101110100 5
40 001001011 4
51 100010011 4
62 011111010 6
73 101110100 5

05 111110100 6
16 010011101 5
27 000110010 3
30 000111001 4
41 010101100 4
52 101110100 5
63 110111100 6
74 100000110 3

06 001111010 5
17 001010101 4
20 101111111 8
31 011011110 6
42 011001011 5
53 000110010 3
64 111001110 6
75 010111001 5

07 010110010 4
10 100011000 3
21 110011000 4
32 010111001 5
43 110001101 5
54 001000000 1
65 001110001 4
76 100110111 6

Matching output
0 absent
1 absent
2 absent
3 absent
4 absent
5 absent
6 absent
7 absent

Left
none
Best: none

Right
none
Best: none

Selecting

Lefts
Identity none
NOT none
Constant none
AND none
OR none
XOR XOR50: 1
AND-NOT AND-NOT52 63 74 05: 4
OR-NOT none
XOR-NOT none

Rights
Identity I4 3: 2
NOT none
Constant none
AND AND34: 1
OR none
XOR none
AND-NOT AND-NOT45: 1
OR-NOT none
XOR-NOT none

Left longest: 4
Right longest: 2

Left winner: Identity no, NOT no, Constant no, AND no, OR no, XOR no, AND-NOT yes, OR-NOT no, XOR-NOT no
Right winner: Identity yes, NOT no, Constant no, AND no, OR no, XOR no, AND-NOT no, OR-NOT no, XOR-NOT no

Best left: AND-NOT52 63 74 05: 4
Best right: I4 3: 2

Truncated left: AND-NOT52 63 74 05: 4
Truncated right: I4 3: 2

Tentative from right
7 I4
6 I3
5 pending
4 pending
3 pending
2 pending
1 pending
0 pending

Tentative
0 AND-NOT52
1 AND-NOT63
2 AND-NOT74
3 AND-NOT05
4 pending
5 pending
6 I3
7 I4

Preferred from left
0 AND-NOT52
1 AND-NOT63
2 AND-NOT74
3 AND-NOT05
4 ?16
5 ?27
6 I3
7 I4

Preferred from right
7 I4
6 I3
5 ?27
4 ?16
3 AND-NOT05
2 AND-NOT74
1 AND-NOT63
0 AND-NOT52

Preferred
0 AND-NOT52
1 AND-NOT63
2 AND-NOT74
3 AND-NOT05
4 ?16 ?61
5 ?27 ?72
6 I3
7 I4

Matching
0 AND-NOT52
1 AND-NOT63
2 AND-NOT74
3 AND-NOT05
4 ?16 ?61 - Identity absent, NOT absent, Constant absent, AND absent, OR absent, XOR absent, AND-NOT absent, OR-NOT absent, XOR-NOT absent
5 ?27 ?72 - Identity absent, NOT absent, Constant absent, AND absent, OR absent, XOR absent, AND-NOT absent, OR-NOT absent, XOR-NOT absent
6 I3
7 I4

Perfect match
Identity no
NOT no
Constant no
AND no
OR no
XOR no
AND-NOT no
OR-NOT no
XOR-NOT no

Matched
0 AND-NOT52
1 AND-NOT63
2 AND-NOT74
3 AND-NOT05
4 none
5 none
6 I3
7 I4

Selected
0 AND-NOT52
1 AND-NOT63
2 AND-NOT74
3 AND-NOT05
4 default 1
5 default 1
6 I3
7 I4

Applying to 01001010
Input
0 0
1 1
2 0
3 0
4 1
5 0
6 1
7 0
Output
0 AND-NOT52 = AND(0,NOT(0)) = 0
1 AND-NOT63 = AND(1,NOT(0)) = 1
2 AND-NOT74 = AND(0,NOT(1)) = 0
3 AND-NOT05 = AND(0,NOT(0)) = 0
4 default 1 = 1
5 default 1 = 1
6 I3 = 0
7 I4 = 1

I will now return the answer in \boxed{}
The answer in \boxed{–} is \boxed{01001101}
[correct]
false
