[category]
bit_manipulation
[prompt]
In Alice's Wonderland, a secret bit manipulation rule transforms 8-bit binary numbers. The transformation involves operations like bit shifts, rotations, XOR, AND, OR, NOT, and possibly majority or choice functions.

Here are some examples of input -> output:
10010100 -> 10000010
01000001 -> 00100001
10011010 -> 01000010
01000011 -> 01100001
01001111 -> 11100001
00011101 -> 10100000
01111001 -> 00100001
11000011 -> 01100011
01100110 -> 11000001

Now, determine the output for: 00100110
[completion]
We need to deduce the transformation by matching the example outputs.
I will put my final answer inside \boxed{}.

Output 0: 10000010
0 1
1 0
2 0
3 0
4 0
5 0
6 1
7 0

Output 1: 00100001
0 0
1 0
2 1
3 0
4 0
5 0
6 0
7 1

Output 2: 01000010
0 0
1 1
2 0
3 0
4 0
5 0
6 1
7 0

Output 3: 01100001
0 0
1 1
2 1
3 0
4 0
5 0
6 0
7 1

Output 4: 11100001
0 1
1 1
2 1
3 0
4 0
5 0
6 0
7 1

Output 5: 10100000
0 1
1 0
2 1
3 0
4 0
5 0
6 0
7 0

Output 6: 00100001
0 0
1 0
2 1
3 0
4 0
5 0
6 0
7 1

Output 7: 01100011
0 0
1 1
2 1
3 0
4 0
5 0
6 1
7 1

Output 8: 11000001
0 1
1 1
2 0
3 0
4 0
5 0
6 0
7 1

Output bit columns (with bitsum as hash)
0 100011001 4
1 001110011 5
2 010111110 6
3 000000000 a
4 000000000 a
5 000000000 a
6 101000010 3
7 010110111 6

Input 0: 10010100
0 1
1 0
2 0
3 1
4 0
5 1
6 0
7 0

Input 1: 01000001
0 0
1 1
2 0
3 0
4 0
5 0
6 0
7 1

Input 2: 10011010
0 1
1 0
2 0
3 1
4 1
5 0
6 1
7 0

Input 3: 01000011
0 0
1 1
2 0
3 0
4 0
5 0
6 1
7 1

Input 4: 01001111
0 0
1 1
2 0
3 0
4 1
5 1
6 1
7 1

Input 5: 00011101
0 0
1 0
2 0
3 1
4 1
5 1
6 0
7 1

Input 6: 01111001
0 0
1 1
2 1
3 1
4 1
5 0
6 0
7 1

Input 7: 11000011
0 1
1 1
2 0
3 0
4 0
5 0
6 1
7 1

Input 8: 01100110
0 0
1 1
2 1
3 0
4 0
5 1
6 1
7 0

When matching output
x: not in operator
y: wrong position

Identity
0 101000010 3 match 6
1 010110111 6 match 7
2 000000101 2
3 101001100 4
4 001011100 4
5 100011001 4 match 0
6 001110011 5 match 1
7 010111110 6 match 2

Matching output
0 5
1 6
2 7
3 absent
4 absent
5 absent
6 0
7 1

Left
5 6 7 0y
Best: I5 6 7: 3

Right
1 0 7y
Best: I1 0: 2

NOT
0 010111101 6
1 101001000 3
2 111111010 7
3 010110011 5
4 110100011 5
5 011100110 5
6 110001100 4
7 101000001 3

Matching output
0 absent
1 absent
2 absent
3 absent
4 absent
5 absent
6 absent
7 absent

Left
none
Best: none

Right
none
Best: none

Constant
0 000000000 a match 3 4 5
1 111111111 a

Matching output
0 absent
1 absent
2 absent
3 C0
4 C0
5 C0
6 absent
7 absent

Left
none
Best: none

Right
none
Best: none

AND
01 10 000000010 1
12 21 000000101 2
23 32 000000100 1
34 43 001001100 3
45 54 000011000 2
56 65 000010001 2
67 76 000110010 3
70 07 000000010 1

02 20 000000000 a match 3 4 5
13 31 000000100 1
24 42 000000100 1
35 53 100001000 2
46 64 001010000 2
57 75 000011000 2
60 06 001000010 2
71 17 010110110 5

03 30 101000000 2
14 41 000010100 2
25 52 000000001 1
36 63 001000000 1
47 74 000011100 3
50 05 100000000 1
61 16 000110011 4
72 27 000000100 1

04 40 001000000 1
15 51 000010001 2
26 62 000000001 1
37 73 000001100 2

Matching output
0 absent
1 absent
2 absent
3 02 20
4 02 20
5 02 20
6 absent
7 absent

Left
none
Best: none

Right
none
Best: none

OR
01 10 111110111 8
12 21 010110111 6 match 7
23 32 101001101 5
34 43 101011100 5
45 54 101011101 6
56 65 101111011 7
67 76 011111111 8
70 07 111111110 8

02 20 101000111 5
13 31 111111111 a
24 42 001011101 5
35 53 101011101 6
46 64 001111111 7
57 75 110111111 8
60 06 101110011 6
71 17 010111111 7

03 30 101001110 5
14 41 011111111 8
25 52 100011101 5
36 63 101111111 8
47 74 011111110 7
50 05 101011011 6
61 16 011110111 7
72 27 010111111 7

04 40 101011110 6
15 51 110111111 8
26 62 001110111 6
37 73 111111110 8

Matching output
0 absent
1 absent
2 absent
3 absent
4 absent
5 absent
6 absent
7 12 21

Left
none
Best: none

Right
12 01x
21 10x
Best: OR12: 1

XOR
01 10 111110101 7
12 21 010110010 4
23 32 101001001 4
34 43 100010000 2
45 54 101000101 4
56 65 101101010 5
67 76 011001101 5
70 07 111111100 7

02 20 101000111 5
13 31 111111011 8
24 42 001011001 4
35 53 001010101 4
46 64 000101111 5
57 75 110100111 6
60 06 100110001 4
71 17 000001001 2

03 30 000001110 3
14 41 011101011 6
25 52 100011100 4
36 63 100111111 7
47 74 011100010 4
50 05 001011011 5
61 16 011000100 3
72 27 010111011 6

04 40 100011110 5
15 51 110101110 6
26 62 001110110 5
37 73 111110010 6

Matching output
0 absent
1 absent
2 absent
3 absent
4 absent
5 absent
6 absent
7 absent

Left
none
Best: none

Right
none
Best: none

AND-NOT
01 101000000 2
12 010110010 4
23 000000001 1
34 100000000 1
45 001000100 2
56 100001000 2
67 001000001 2
70 010111100 5

02 101000010 3 match 6
13 010110011 5
24 000000001 1
35 001000100 2
46 000001100 2
57 100000001 2
60 000110001 3
71 000001000 1

03 000000010 1
14 010100011 4
25 000000100 1
36 100001100 3
47 001000000 1
50 000011001 3
61 001000000 1
72 010111010 5

04 100000010 2
15 010100110 4
26 000000100 1
37 101000000 2
40 000011100 3
51 100001000 2
62 001110010 4
73 010110010 4

05 001000010 2
16 010000100 2
27 000000001 1
30 000001100 2
41 001001000 2
52 100011000 3
63 000110011 4
74 010100010 3

06 100000000 1
17 000000001 1
20 000000101 2
31 101001000 3
42 001011000 3
53 000010001 2
64 000100011 3
75 010100110 4

07 101000000 2
10 010110101 5
21 000000000 a match 3 4 5
32 101001000 3
43 000010000 1
54 100000001 2
65 001100010 3
76 010001100 3

Matching output
0 absent
1 absent
2 absent
3 21
4 21
5 21
6 02
7 absent

Left
none
Best: none

Right
none
Best: none

OR-NOT
01 101001010 4
12 111111111 a
23 010110111 6 match 7
34 111101111 8
45 011111110 7
56 110011101 6
67 101110011 6
70 010111111 7

02 111111010 7
13 010110111 6 match 7
24 110100111 6
35 111101110 7
46 111011100 6
57 101011001 5
60 011111111 8
71 111111110 8

03 111110011 7
14 110110111 7
25 011100111 6
36 111001100 5
47 101011101 6
50 110111101 7
61 101111011 7
72 111111110 8

04 111100011 6
15 011110111 7
26 110001101 5
37 101001101 5
40 011111101 7
51 101011001 5
62 111111011 8
73 010111111 7

05 111100110 6
16 110111111 8
27 101000101 4
30 111111101 8
41 101011100 5
52 111111011 8
63 011110011 6
74 110111111 8

06 111001110 6
17 111110111 8
20 010111101 6
31 101001100 4
42 111111110 8
53 110111011 7
64 111110011 7
75 011111110 7

07 101000011 4
10 010111111 7
21 101001101 5
32 111111110 8
43 011111111 8
54 110111011 7
65 011110111 7
76 110111110 7

Matching output
0 absent
1 absent
2 absent
3 absent
4 absent
5 absent
6 absent
7 23 13

Left
none
Best: none

Right
23 12x
13 02x
Best: OR-NOT23: 1

XOR-NOT
01 000001010 2
12 101001101 5
23 010110110 5
34 011101111 7
45 010111010 5
56 010010101 4
67 100110010 4
70 000000011 2

02 010111000 4
13 000000100 1
24 110100110 5
35 110101010 5
46 111010000 4
57 001011000 3
60 011001110 5
71 111110110 7

03 111110001 6
14 100010100 3
25 011100011 5
36 011000000 2
47 100011101 5
50 110100100 4
61 100111011 6
72 101000100 3

04 011100001 4
15 001010001 3
26 110001001 4
37 000001101 3
40 011100001 4
51 001010001 3
62 110001001 4
73 000001101 3

05 110100100 4
16 100111011 6
27 101000100 3
30 111110001 6
41 100010100 3
52 011100011 5
63 011000000 2
74 100011101 5

06 011001110 5
17 111110110 7
20 010111000 4
31 000000100 1
42 110100110 5
53 110101010 5
64 111010000 4
75 001011000 3

07 000000011 2
10 000001010 2
21 101001101 5
32 010110110 5
43 011101111 7
54 010111010 5
65 010010101 4
76 100110010 4

Matching output
0 absent
1 absent
2 absent
3 absent
4 absent
5 absent
6 absent
7 absent

Left
none
Best: none

Right
none
Best: none

Selecting

Lefts
Identity I5 6 7: 3
NOT none
Constant none
AND none
OR none
XOR none
AND-NOT none
OR-NOT none
XOR-NOT none

Rights
Identity I1 0: 2
NOT none
Constant none
AND none
OR OR12: 1
XOR none
AND-NOT none
OR-NOT OR-NOT23: 1
XOR-NOT none

Left longest: 3
Right longest: 2

Left winner: Identity yes, NOT no, Constant no, AND no, OR no, XOR no, AND-NOT no, OR-NOT no, XOR-NOT no
Right winner: Identity yes, NOT no, Constant no, AND no, OR no, XOR no, AND-NOT no, OR-NOT no, XOR-NOT no

Best left: I5 6 7: 3
Best right: I1 0: 2

Truncated left: I5 6 7: 3
Truncated right: I1 0: 2

Tentative from right
7 I1
6 I0
5 pending
4 pending
3 pending
2 pending
1 pending
0 pending

Tentative
0 I5
1 I6
2 I7
3 pending
4 pending
5 pending
6 I0
7 I1

Preferred from left
0 I5
1 I6
2 I7
3 ?0?
4 ?1?
5 ?2?
6 I0
7 I1

Preferred from right
7 I1
6 I0
5 ?27
4 ?16
3 ?05
2 I7
1 I6
0 I5

Preferred
0 I5
1 I6
2 I7
3 ?05 ?50
4 ?16 ?61
5 ?27 ?72
6 I0
7 I1

Matching
0 I5
1 I6
2 I7
3 ?05 ?50 - Identity absent, NOT absent, Constant C0, AND absent, OR absent, XOR absent, AND-NOT absent, OR-NOT absent, XOR-NOT absent
4 ?16 ?61 - Identity absent, NOT absent, Constant C0, AND absent, OR absent, XOR absent, AND-NOT absent, OR-NOT absent, XOR-NOT absent
5 ?27 ?72 - Identity absent, NOT absent, Constant C0, AND absent, OR absent, XOR absent, AND-NOT absent, OR-NOT absent, XOR-NOT absent
6 I0
7 I1

Perfect match
Identity no
NOT no
Constant yes
AND no
OR no
XOR no
AND-NOT no
OR-NOT no
XOR-NOT no

Matched
0 I5
1 I6
2 I7
3 C0
4 C0
5 C0
6 I0
7 I1

Selected
0 I5
1 I6
2 I7
3 C0
4 C0
5 C0
6 I0
7 I1

Applying to 00100110
Input
0 0
1 0
2 1
3 0
4 0
5 1
6 1
7 0
Output
0 I5 = 1
1 I6 = 1
2 I7 = 0
3 C0 = 0
4 C0 = 0
5 C0 = 0
6 I0 = 0
7 I1 = 0

I will now return the answer in \boxed{}
The answer in \boxed{–} is \boxed{11000000}
[correct]
true
