[category]
bit_manipulation
[prompt]
In Alice's Wonderland, a secret bit manipulation rule transforms 8-bit binary numbers. The transformation involves operations like bit shifts, rotations, XOR, AND, OR, NOT, and possibly majority or choice functions.

Here are some examples of input -> output:
01101110 -> 10111001
10011101 -> 01110110
10101001 -> 10100110
10110010 -> 11001010
10100110 -> 10011010
10110110 -> 11011010
00101010 -> 10101000
00001000 -> 00100000
11110111 -> 11011111

Now, determine the output for: 11010011
[completion]
We need to deduce the transformation by matching the example outputs.
I will put my final answer inside \boxed{}.

Output 0: 10111001
0 1
1 0
2 1
3 1
4 1
5 0
6 0
7 1

Output 1: 01110110
0 0
1 1
2 1
3 1
4 0
5 1
6 1
7 0

Output 2: 10100110
0 1
1 0
2 1
3 0
4 0
5 1
6 1
7 0

Output 3: 11001010
0 1
1 1
2 0
3 0
4 1
5 0
6 1
7 0

Output 4: 10011010
0 1
1 0
2 0
3 1
4 1
5 0
6 1
7 0

Output 5: 11011010
0 1
1 1
2 0
3 1
4 1
5 0
6 1
7 0

Output 6: 10101000
0 1
1 0
2 1
3 0
4 1
5 0
6 0
7 0

Output 7: 00100000
0 0
1 0
2 1
3 0
4 0
5 0
6 0
7 0

Output 8: 11011111
0 1
1 1
2 0
3 1
4 1
5 1
6 1
7 1

Output bit columns (with bitsum as hash)
0 101111101 7
1 010101001 4
2 111000110 5
3 110011001 5
4 100111101 6
5 011000001 3
6 011111001 6
7 100000001 2

Input 0: 01101110
0 0
1 1
2 1
3 0
4 1
5 1
6 1
7 0

Input 1: 10011101
0 1
1 0
2 0
3 1
4 1
5 1
6 0
7 1

Input 2: 10101001
0 1
1 0
2 1
3 0
4 1
5 0
6 0
7 1

Input 3: 10110010
0 1
1 0
2 1
3 1
4 0
5 0
6 1
7 0

Input 4: 10100110
0 1
1 0
2 1
3 0
4 0
5 1
6 1
7 0

Input 5: 10110110
0 1
1 0
2 1
3 1
4 0
5 1
6 1
7 0

Input 6: 00101010
0 0
1 0
2 1
3 0
4 1
5 0
6 1
7 0

Input 7: 00001000
0 0
1 0
2 0
3 0
4 1
5 0
6 0
7 0

Input 8: 11110111
0 1
1 1
2 1
3 1
4 0
5 1
6 1
7 1

When matching output
x: not in operator
y: wrong position

Identity
0 011111001 6 match 6
1 100000001 2 match 7
2 101111101 7 match 0
3 010101001 4 match 1
4 111000110 5 match 2
5 110011001 5 match 3
6 100111101 6 match 4
7 011000001 3 match 5

Matching output
0 2
1 3
2 4
3 5
4 6
5 7
6 0
7 1

Left
2 3 4 5 6 7 0 1
Best: I2 3 4 5 6 7 0 1: 8

Right
1 0 7 6 5 4 3 2
Best: I1 0 7 6 5 4 3 2: 8

NOT
0 100000110 3
1 011111110 7
2 010000010 2
3 101010110 5
4 000111001 4
5 001100110 4
6 011000010 3
7 100111110 6

Matching output
0 absent
1 absent
2 absent
3 absent
4 absent
5 absent
6 absent
7 absent

Left
none
Best: none

Right
none
Best: none

Constant
0 000000000 a
1 111111111 a

Matching output
0 absent
1 absent
2 absent
3 absent
4 absent
5 absent
6 absent
7 absent

Left
none
Best: none

Right
none
Best: none

AND
01 10 000000001 1
12 21 100000001 2 match 7
23 32 000101001 3
34 43 010000000 1
45 54 110000000 2
56 65 100011001 4
67 76 000000001 1
70 07 011000001 3 match 5

02 20 001111001 5
13 31 000000001 1
24 42 101000100 3
35 53 010001001 3
46 64 100000100 2
57 75 010000001 2
60 06 000111001 4
71 17 000000001 1

03 30 010101001 4 match 1
14 41 100000000 1
25 52 100011001 4
36 63 000101001 3
47 74 011000000 2
50 05 010011001 4
61 16 100000001 2 match 7
72 27 001000001 2

04 40 011000000 2
15 51 100000001 2 match 7
26 62 100111101 6 match 4
37 73 010000001 2

Matching output
0 absent
1 03 30
2 absent
3 absent
4 26 62
5 70 07
6 absent
7 12 21 61 16 15 51

Left
none
Best: none

Right
12 01x
21 10x
61 50x
16 05x
15 04x
51 40x
Best: AND12: 1

OR
01 10 111111001 7
12 21 101111101 7 match 0
23 32 111111101 8
34 43 111101111 8
45 54 111011111 8
56 65 110111101 7
67 76 111111101 8
70 07 011111001 6 match 6

02 20 111111101 8
13 31 110101001 5
24 42 111111111 a
35 53 110111001 6
46 64 111111111 a
57 75 111011001 6
60 06 111111101 8
71 17 111000001 4

03 30 011111001 6 match 6
14 41 111000111 6
25 52 111111101 8
36 63 110111101 7
47 74 111000111 6
50 05 111111001 7
61 16 100111101 6 match 4
72 27 111111101 8

04 40 111111111 a
15 51 110011001 5 match 3
26 62 101111101 7 match 0
37 73 011101001 5

Matching output
0 12 21 26 62
1 absent
2 absent
3 15 51
4 61 16
5 absent
6 70 07 03 30
7 absent

Left
12 23x
21 32x
26 37x
62 73x
Best: OR12: 1

Right
none
Best: none

XOR
01 10 111111000 6
12 21 001111100 5
23 32 111010100 5
34 43 101101111 7
45 54 001011111 6
56 65 010100100 3
67 76 111111100 7
70 07 000111000 3

02 20 110000100 3
13 31 110101000 4
24 42 010111011 6
35 53 100110000 3
46 64 011111011 7
57 75 101011000 4
60 06 111000100 4
71 17 111000000 3

03 30 001010000 2
14 41 011000111 5
25 52 011100100 4
36 63 110010100 4
47 74 100000111 4
50 05 101100000 3
61 16 000111100 4
72 27 110111100 6

04 40 100111111 7
15 51 010011000 3
26 62 001000000 1
37 73 001101000 3

Matching output
0 absent
1 absent
2 absent
3 absent
4 absent
5 absent
6 absent
7 absent

Left
none
Best: none

Right
none
Best: none

AND-NOT
01 011111000 5
12 000000000 a
23 101010100 4
34 000101001 3
45 001000110 3
56 010000000 1
67 100111100 5
70 000000000 a

02 010000000 1
13 100000000 1
24 000111001 4
35 000100000 1
46 011000010 3
57 100011000 3
60 100000100 2
71 011000000 2

03 001010000 2
14 000000001 1
25 001100100 3
36 010000000 1
47 100000110 3
50 100000000 1
61 000111100 4
72 010000000 1

04 000111001 4
15 000000000 a
26 001000000 1
37 000101000 2
40 100000110 3
51 010011000 3
62 000000000 a
73 001000000 1

05 001100000 2
16 000000000 a
27 100111100 5
30 000000000 a
41 011000110 4
52 010000000 1
63 100010100 3
74 000000001 1

06 011000000 2
17 100000000 1
20 100000100 2
31 010101000 3
42 010000010 2
53 100010000 2
64 000111001 4
75 001000000 1

07 000111000 3
10 100000000 1
21 001111100 5
32 010000000 1
43 101000110 4
54 000011001 3
65 000100100 2
76 011000000 2

Matching output
0 absent
1 absent
2 absent
3 absent
4 absent
5 absent
6 absent
7 absent

Left
none
Best: none

Right
none
Best: none

OR-NOT
01 011111111 8
12 110000011 4
23 101111111 8
34 010111001 5
45 111100110 6
56 111011011 7
67 100111111 7
70 111000111 6

02 011111011 7
13 101010111 6
24 101111101 7 match 0
35 011101111 7
46 111000110 5 match 2
57 110111111 8
60 100111111 7
71 011111111 8

03 111111111 a
14 100111001 5
25 101111111 8
36 011101011 6
47 111111110 8
50 110011111 7
61 111111111 a
72 011000011 4

04 011111001 6 match 6
15 101100111 6
26 111111111 a
37 110111111 8
40 111000110 5 match 2
51 111111111 a
62 110111111 8
73 111010111 7

05 011111111 8
16 111000011 5
27 101111111 8
30 110101111 7
41 111111110 8
52 110011011 6
63 101111111 8
74 011111001 6 match 6

06 011111011 7
17 100111111 7
20 101111111 8
31 011111111 8
42 111000110 5 match 2
53 111011111 8
64 100111101 6 match 4
75 011100111 6

07 111111111 a
10 100000111 4
21 111111111 a
32 010101011 5
43 111010110 6
54 110111001 6
65 101111111 8
76 011000011 4

Matching output
0 24
1 absent
2 46 40 42
3 absent
4 64
5 absent
6 04 74
7 absent

Left
24 35x
Best: OR-NOT24: 1

Right
none
Best: none

XOR-NOT
01 000000111 3
12 110000011 4
23 000101011 4
34 010010000 2
45 110100000 3
56 101011011 6
67 000000011 2
70 111000111 6

02 001111011 6
13 001010111 5
24 101000100 3
35 011001111 6
46 100000100 2
57 010100111 5
60 000111011 5
71 000111111 6

03 110101111 7
14 100111000 4
25 100011011 5
36 001101011 5
47 011111000 5
50 010011111 6
61 111000011 5
72 001000011 3

04 011000000 2
15 101100111 6
26 110111111 8
37 110010111 6
40 011000000 2
51 101100111 6
62 110111111 8
73 110010111 6

05 010011111 6
16 111000011 5
27 001000011 3
30 110101111 7
41 100111000 4
52 100011011 5
63 001101011 5
74 011111000 5

06 000111011 5
17 000111111 6
20 001111011 6
31 001010111 5
42 101000100 3
53 011001111 6
64 100000100 2
75 010100111 5

07 111000111 6
10 000000111 3
21 110000011 4
32 000101011 4
43 010010000 2
54 110100000 3
65 101011011 6
76 000000011 2

Matching output
0 absent
1 absent
2 absent
3 absent
4 absent
5 absent
6 absent
7 absent

Left
none
Best: none

Right
none
Best: none

Selecting

Lefts
Identity I2 3 4 5 6 7 0 1: 8
NOT none
Constant none
AND none
OR OR12: 1
XOR none
AND-NOT none
OR-NOT OR-NOT24: 1
XOR-NOT none

Rights
Identity I1 0 7 6 5 4 3 2: 8
NOT none
Constant none
AND AND12: 1
OR none
XOR none
AND-NOT none
OR-NOT none
XOR-NOT none

Left longest: 8
Right longest: 8

Left winner: Identity yes, NOT no, Constant no, AND no, OR no, XOR no, AND-NOT no, OR-NOT no, XOR-NOT no
Right winner: Identity yes, NOT no, Constant no, AND no, OR no, XOR no, AND-NOT no, OR-NOT no, XOR-NOT no

Best left: I2 3 4 5 6 7 0 1: 8
Best right: I1 0 7 6 5 4 3 2: 8

Truncated left: I2 3 4 5 6 7 0 1: 8
Truncated right: none truncated

Tentative from right
7 pending
6 pending
5 pending
4 pending
3 pending
2 pending
1 pending
0 pending

Tentative
0 I2
1 I3
2 I4
3 I5
4 I6
5 I7
6 I0
7 I1

Preferred from left
0 I2
1 I3
2 I4
3 I5
4 I6
5 I7
6 I0
7 I1

Preferred from right
7 I1
6 I0
5 I7
4 I6
3 I5
2 I4
1 I3
0 I2

Preferred
0 I2
1 I3
2 I4
3 I5
4 I6
5 I7
6 I0
7 I1

Matching
0 I2
1 I3
2 I4
3 I5
4 I6
5 I7
6 I0
7 I1

Perfect match
Identity no
NOT no
Constant no
AND no
OR no
XOR no
AND-NOT no
OR-NOT no
XOR-NOT no

Matched
0 I2
1 I3
2 I4
3 I5
4 I6
5 I7
6 I0
7 I1

Selected
0 I2
1 I3
2 I4
3 I5
4 I6
5 I7
6 I0
7 I1

Applying to 11010011
Input
0 1
1 1
2 0
3 1
4 0
5 0
6 1
7 1
Output
0 I2 = 0
1 I3 = 1
2 I4 = 0
3 I5 = 0
4 I6 = 1
5 I7 = 1
6 I0 = 1
7 I1 = 1

I will now return the answer in \boxed{}
The answer in \boxed{–} is \boxed{01001111}
[correct]
true
