[category]
bit_manipulation
[prompt]
In Alice's Wonderland, a secret bit manipulation rule transforms 8-bit binary numbers. The transformation involves operations like bit shifts, rotations, XOR, AND, OR, NOT, and possibly majority or choice functions.

Here are some examples of input -> output:
01010101 -> 01010100
11010111 -> 01011101
11100110 -> 10011001
10100100 -> 10010001
11011101 -> 01110101
01010000 -> 01000000
10010111 -> 01011101
01011100 -> 01110000
10000110 -> 00011001

Now, determine the output for: 00000101
[completion]
We need to deduce the transformation by matching the example outputs.
I will put my final answer inside \boxed{}.

Output 0: 01010100
0 0
1 1
2 0
3 1
4 0
5 1
6 0
7 0

Output 1: 01011101
0 0
1 1
2 0
3 1
4 1
5 1
6 0
7 1

Output 2: 10011001
0 1
1 0
2 0
3 1
4 1
5 0
6 0
7 1

Output 3: 10010001
0 1
1 0
2 0
3 1
4 0
5 0
6 0
7 1

Output 4: 01110101
0 0
1 1
2 1
3 1
4 0
5 1
6 0
7 1

Output 5: 01000000
0 0
1 1
2 0
3 0
4 0
5 0
6 0
7 0

Output 6: 01011101
0 0
1 1
2 0
3 1
4 1
5 1
6 0
7 1

Output 7: 01110000
0 0
1 1
2 1
3 1
4 0
5 0
6 0
7 0

Output 8: 00011001
0 0
1 0
2 0
3 1
4 1
5 0
6 0
7 1

Output bit columns (with bitsum as hash)
0 001100000 2
1 110011110 6
2 000010010 2
3 111110111 8
4 011000101 4
5 110010100 4
6 000000000 a
7 011110101 6

Input 0: 01010101
0 0
1 1
2 0
3 1
4 0
5 1
6 0
7 1

Input 1: 11010111
0 1
1 1
2 0
3 1
4 0
5 1
6 1
7 1

Input 2: 11100110
0 1
1 1
2 1
3 0
4 0
5 1
6 1
7 0

Input 3: 10100100
0 1
1 0
2 1
3 0
4 0
5 1
6 0
7 0

Input 4: 11011101
0 1
1 1
2 0
3 1
4 1
5 1
6 0
7 1

Input 5: 01010000
0 0
1 1
2 0
3 1
4 0
5 0
6 0
7 0

Input 6: 10010111
0 1
1 0
2 0
3 1
4 0
5 1
6 1
7 1

Input 7: 01011100
0 0
1 1
2 0
3 1
4 1
5 1
6 0
7 0

Input 8: 10000110
0 1
1 0
2 0
3 0
4 0
5 1
6 1
7 0

When matching output
x: not in operator
y: wrong position

Identity
0 011110101 6 match 7
1 111011010 6
2 001100000 2 match 0
3 110011110 6 match 1
4 000010010 2 match 2
5 111110111 8 match 3
6 011000101 4 match 4
7 110010100 4 match 5

Matching output
0 2
1 3
2 4
3 5
4 6
5 7
6 absent
7 0

Left
2 3 4 5 6 7 0y
Best: I2 3 4 5 6 7: 6

Right
0 7y
Best: I0: 1

NOT
0 100001010 3
1 000100101 3
2 110011111 7
3 001100001 3
4 111101101 7
5 000001000 1
6 100111010 5
7 001101011 5

Matching output
0 absent
1 absent
2 absent
3 absent
4 absent
5 absent
6 absent
7 absent

Left
none
Best: none

Right
none
Best: none

Constant
0 000000000 a match 6
1 111111111 a

Matching output
0 absent
1 absent
2 absent
3 absent
4 absent
5 absent
6 C0
7 absent

Left
none
Best: none

Right
none
Best: none

AND
01 10 011010000 3
12 21 001000000 1
23 32 000000000 a match 6
34 43 000010010 2 match 2
45 54 000010010 2 match 2
56 65 011000101 4 match 4
67 76 010000100 2
70 07 010010100 3

02 20 001100000 2 match 0
13 31 110011010 5
24 42 000000000 a match 6
35 53 110010110 5
46 64 000000000 a match 6
57 75 110010100 4 match 5
60 06 011000101 4 match 4
71 17 110010000 3

03 30 010010100 3
14 41 000010010 2 match 2
25 52 001100000 2 match 0
36 63 010000100 2
47 74 000010000 1
50 05 011110101 6 match 7
61 16 011000000 2
72 27 000000000 a match 6

04 40 000010000 1
15 51 111010010 5
26 62 001000000 1
37 73 110010100 4 match 5

Matching output
0 02 20 25 52
1 absent
2 34 43 45 54 14 41
3 absent
4 56 65 60 06
5 57 75 37 73
6 23 32 24 42 46 64 72 27
7 50 05

Left
02 13x
20 31x
25 36x
52 63x
Best: AND02: 1

Right
50 47x
05 74x
Best: AND50: 1

OR
01 10 111111111 a
12 21 111111010 7
23 32 111111110 8
34 43 110011110 6 match 1
45 54 111110111 8 match 3
56 65 111110111 8 match 3
67 76 111010101 6
70 07 111110101 7

02 20 011110101 6 match 7
13 31 111011110 7
24 42 001110010 4
35 53 111111111 a
46 64 011010111 6
57 75 111110111 8 match 3
60 06 011110101 6 match 7
71 17 111011110 7

03 30 111111111 a
14 41 111011010 6
25 52 111110111 8 match 3
36 63 111011111 8
47 74 110010110 5
50 05 111110111 8 match 3
61 16 111011111 8
72 27 111110100 6

04 40 011110111 7
15 51 111111111 a
26 62 011100101 5
37 73 110011110 6 match 1

Matching output
0 absent
1 34 43 37 73
2 absent
3 45 54 56 65 57 75 25 52 50 05
4 absent
5 absent
6 absent
7 02 20 60 06

Left
none
Best: none

Right
02 71x
20 17x
60 57y
06 75y
Best: OR02: 1

XOR
01 10 100101111 6
12 21 110111010 6
23 32 111111110 8
34 43 110001100 4
45 54 111100101 6
56 65 100110010 4
67 76 101010001 4
70 07 101100001 4

02 20 010010101 4
13 31 001000100 2
24 42 001110010 4
35 53 001101001 4
46 64 011010111 6
57 75 001100011 4
60 06 000110000 2
71 17 001001110 4

03 30 101101011 6
14 41 111001000 4
25 52 110010111 6
36 63 101011011 6
47 74 110000110 4
50 05 100000010 2
61 16 100011111 6
72 27 111110100 6

04 40 011100111 6
15 51 000101101 4
26 62 010100101 4
37 73 000001010 2

Matching output
0 absent
1 absent
2 absent
3 absent
4 absent
5 absent
6 absent
7 absent

Left
none
Best: none

Right
none
Best: none

AND-NOT
01 000100101 3
12 110011010 5
23 001100000 2 match 0
34 110001100 4
45 000000000 a match 6
56 100110010 4
67 001000001 2
70 100000000 1

02 010010101 4
13 001000000 1
24 001100000 2 match 0
35 000001000 1
46 000010010 2 match 2
57 001100011 4
60 000000000 a match 6
71 000000100 1

03 001100001 3
14 111001000 4
25 000000000 a match 6
36 100011010 4
47 000000010 1
50 100000010 2
61 000000101 2
72 110010100 4 match 5

04 011100101 5
15 000001000 1
26 000100000 1
37 000001010 2
40 000000010 1
51 000100101 3
62 010000101 3
73 000000000 a match 6

05 000000000 a match 6
16 100011010 4
27 001100000 2 match 0
30 100001010 3
41 000000000 a match 6
52 110010111 6
63 001000001 2
74 110000100 3

06 000110000 2
17 001001010 3
20 000000000 a match 6
31 000000100 1
42 000010010 2 match 2
53 001100001 3
64 011000101 4 match 4
75 000000000 a match 6

07 001100001 3
10 100001010 3
21 000100000 1
32 110011110 6 match 1
43 000000000 a match 6
54 111100101 6
65 000000000 a match 6
76 100010000 2

Matching output
0 23 24 27
1 32
2 46 42
3 absent
4 64
5 72
6 45 60 25 73 05 41 20 75 43 65
7 absent

Left
23 34x
24 35x
27 30x
Best: AND-NOT23: 1

Right
none
Best: none

OR-NOT
01 011110101 6 match 7
12 111011111 8
23 001100001 3
34 111111111 a
45 000011010 3
56 111111111 a
67 011101111 7
70 110011110 6 match 1

02 111111111 a
13 111111011 8
24 111101101 7
35 110011110 6 match 1
46 100111010 5
57 111111111 a
60 111001111 7
71 110110101 6

03 011110101 6 match 7
14 111111111 a
25 001101000 3
36 110111110 7
47 001111011 6
50 111111111 a
61 011100101 5
72 110011111 7

04 111111101 8
15 111011010 6
26 101111010 6
37 111111111 a
40 100011010 4
51 111110111 8 match 3
62 111011111 8
73 111110101 7

05 011111101 7
16 111111010 7
27 001101011 5
30 110011110 6 match 1
41 000110111 5
52 111111111 a
63 011100101 5
74 111111101 8

06 111111111 a
17 111111011 8
20 101101010 5
31 110111111 8
42 110011111 7
53 111110111 8 match 3
64 111101101 7
75 110011100 5

07 011111111 8
10 111011010 6
21 001100101 4
32 110011111 7
43 001110011 5
54 111111111 a
65 011001101 5
76 110111110 7

Matching output
0 absent
1 70 35 30
2 absent
3 51 53
4 absent
5 absent
6 absent
7 01 03

Left
none
Best: none

Right
01 70y
03 72x
Best: OR-NOT01: 1

XOR-NOT
01 011010000 3
12 001000101 3
23 000000001 1
34 001110011 5
45 000011010 3
56 011001101 5
67 010101110 5
70 010011110 5

02 101101010 5
13 110111011 7
24 110001101 5
35 110010110 5
46 100101000 3
57 110011100 5
60 111001111 7
71 110110001 5

03 010010100 3
14 000110111 5
25 001101000 3
36 010100100 3
47 001111001 5
50 011111101 7
61 011100000 3
72 000001011 3

04 100011000 3
15 111010010 5
26 101011010 5
37 111110101 7
40 100011000 3
51 111010010 5
62 101011010 5
73 111110101 7

05 011111101 7
16 011100000 3
27 000001011 3
30 010010100 3
41 000110111 5
52 001101000 3
63 010100100 3
74 001111001 5

06 111001111 7
17 110110001 5
20 101101010 5
31 110111011 7
42 110001101 5
53 110010110 5
64 100101000 3
75 110011100 5

07 010011110 5
10 011010000 3
21 001000101 3
32 000000001 1
43 001110011 5
54 000011010 3
65 011001101 5
76 010101110 5

Matching output
0 absent
1 absent
2 absent
3 absent
4 absent
5 absent
6 absent
7 absent

Left
none
Best: none

Right
none
Best: none

Selecting

Lefts
Identity I2 3 4 5 6 7: 6
NOT none
Constant none
AND AND02: 1
OR none
XOR none
AND-NOT AND-NOT23: 1
OR-NOT none
XOR-NOT none

Rights
Identity I0: 1
NOT none
Constant none
AND AND50: 1
OR OR02: 1
XOR none
AND-NOT none
OR-NOT OR-NOT01: 1
XOR-NOT none

Left longest: 6
Right longest: 1

Left winner: Identity yes, NOT no, Constant no, AND no, OR no, XOR no, AND-NOT no, OR-NOT no, XOR-NOT no
Right winner: Identity yes, NOT no, Constant no, AND no, OR no, XOR no, AND-NOT no, OR-NOT no, XOR-NOT no

Best left: I2 3 4 5 6 7: 6
Best right: I0: 1

Truncated left: I2 3 4 5 6 7: 6
Truncated right: I0: 1

Tentative from right
7 I0
6 pending
5 pending
4 pending
3 pending
2 pending
1 pending
0 pending

Tentative
0 I2
1 I3
2 I4
3 I5
4 I6
5 I7
6 pending
7 I0

Preferred from left
0 I2
1 I3
2 I4
3 I5
4 I6
5 I7
6 ?0?
7 I0

Preferred from right
7 I0
6 ?07
5 I7
4 I6
3 I5
2 I4
1 I3
0 I2

Preferred
0 I2
1 I3
2 I4
3 I5
4 I6
5 I7
6 ?07 ?70
7 I0

Matching
0 I2
1 I3
2 I4
3 I5
4 I6
5 I7
6 ?07 ?70 - Identity absent, NOT absent, Constant C0, AND absent, OR absent, XOR absent, AND-NOT absent, OR-NOT absent, XOR-NOT absent
7 I0

Perfect match
Identity no
NOT no
Constant yes
AND no
OR no
XOR no
AND-NOT no
OR-NOT no
XOR-NOT no

Matched
0 I2
1 I3
2 I4
3 I5
4 I6
5 I7
6 C0
7 I0

Selected
0 I2
1 I3
2 I4
3 I5
4 I6
5 I7
6 C0
7 I0

Applying to 00000101
Input
0 0
1 0
2 0
3 0
4 0
5 1
6 0
7 1
Output
0 I2 = 0
1 I3 = 0
2 I4 = 0
3 I5 = 1
4 I6 = 0
5 I7 = 1
6 C0 = 0
7 I0 = 0

I will now return the answer in \boxed{}
The answer in \boxed{–} is \boxed{00010100}
[correct]
true
