[category]
bit_manipulation
[prompt]
In Alice's Wonderland, a secret bit manipulation rule transforms 8-bit binary numbers. The transformation involves operations like bit shifts, rotations, XOR, AND, OR, NOT, and possibly majority or choice functions.

Here are some examples of input -> output:
01111010 -> 00000010
00101000 -> 00000000
00010100 -> 00000000
11110100 -> 00000101
10001010 -> 00000000
00111110 -> 00000001
00111100 -> 00000001
00111011 -> 00000000
00011001 -> 00000000
01000101 -> 00000000

Now, determine the output for: 11100011
[completion]
We need to deduce the transformation by matching the example outputs.
I will put my final answer inside \boxed{}.

Output 0: 00000010
0 0
1 0
2 0
3 0
4 0
5 0
6 1
7 0

Output 1: 00000000
0 0
1 0
2 0
3 0
4 0
5 0
6 0
7 0

Output 2: 00000000
0 0
1 0
2 0
3 0
4 0
5 0
6 0
7 0

Output 3: 00000101
0 0
1 0
2 0
3 0
4 0
5 1
6 0
7 1

Output 4: 00000000
0 0
1 0
2 0
3 0
4 0
5 0
6 0
7 0

Output 5: 00000001
0 0
1 0
2 0
3 0
4 0
5 0
6 0
7 1

Output 6: 00000001
0 0
1 0
2 0
3 0
4 0
5 0
6 0
7 1

Output 7: 00000000
0 0
1 0
2 0
3 0
4 0
5 0
6 0
7 0

Output 8: 00000000
0 0
1 0
2 0
3 0
4 0
5 0
6 0
7 0

Output 9: 00000000
0 0
1 0
2 0
3 0
4 0
5 0
6 0
7 0

Output bit columns (with bitsum as hash)
0 0000000000 a
1 0000000000 a
2 0000000000 a
3 0000000000 a
4 0000000000 a
5 0001000000 1
6 1000000000 1
7 0001011000 3

Input 0: 01111010
0 0
1 1
2 1
3 1
4 1
5 0
6 1
7 0

Input 1: 00101000
0 0
1 0
2 1
3 0
4 1
5 0
6 0
7 0

Input 2: 00010100
0 0
1 0
2 0
3 1
4 0
5 1
6 0
7 0

Input 3: 11110100
0 1
1 1
2 1
3 1
4 0
5 1
6 0
7 0

Input 4: 10001010
0 1
1 0
2 0
3 0
4 1
5 0
6 1
7 0

Input 5: 00111110
0 0
1 0
2 1
3 1
4 1
5 1
6 1
7 0

Input 6: 00111100
0 0
1 0
2 1
3 1
4 1
5 1
6 0
7 0

Input 7: 00111011
0 0
1 0
2 1
3 1
4 1
5 0
6 1
7 1

Input 8: 00011001
0 0
1 0
2 0
3 1
4 1
5 0
6 0
7 1

Input 9: 01000101
0 0
1 1
2 0
3 0
4 0
5 1
6 0
7 1

When matching output
x: not in operator
y: wrong position

Identity
0 0001100000 2
1 1001000001 3
2 1101011100 6
3 1011011110 7
4 1100111110 7
5 0011011001 5
6 1000110100 4
7 0000000111 3

Matching output
0 absent
1 absent
2 absent
3 absent
4 absent
5 absent
6 absent
7 absent

Left
none
Best: none

Right
none
Best: none

NOT
0 1110011111 8
1 0110111110 7
2 0010100011 4
3 0100100001 3
4 0011000001 3
5 1100100110 5
6 0111001011 6
7 1111111000 7

Matching output
0 absent
1 absent
2 absent
3 absent
4 absent
5 absent
6 absent
7 absent

Left
none
Best: none

Right
none
Best: none

Constant
0 0000000000 a match 0 1 2 3 4
1 1111111111 a

Matching output
0 C0
1 C0
2 C0
3 C0
4 C0
5 absent
6 absent
7 absent

Left
0 0 0 0 0
Best: C0 0 0 0 0: 5

Right
none
Best: none

AND
01 10 0001000000 1 match 5
12 21 1001000000 2
23 32 1001011100 5
34 43 1000011110 5
45 54 0000011000 2
56 65 0000010000 1
67 76 0000000100 1
70 07 0000000000 a match 0 1 2 3 4

02 20 0001000000 1 match 5
13 31 1001000000 2
24 42 1100011100 5
35 53 0011011000 4
46 64 1000110100 4
57 75 0000000001 1
60 06 0000100000 1
71 17 0000000001 1

03 30 0001000000 1 match 5
14 41 1000000000 1 match 6
25 52 0001011000 3 match 7
36 63 1000010100 3
47 74 0000000110 2
50 05 0001000000 1 match 5
61 16 1000000000 1 match 6
72 27 0000000100 1

04 40 0000100000 1
15 51 0001000001 2
26 62 1000010100 3
37 73 0000000110 2

Matching output
0 70 07
1 70 07
2 70 07
3 70 07
4 70 07
5 01 10 02 20 03 30 50 05
6 14 41 61 16
7 25 52

Left
70 01y
07 10y
Best: AND70: 1

Right
25 14 03 72x
52 41 30 27x
Best: AND25 14 03: 3

OR
01 10 1001100001 4
12 21 1101011101 7
23 32 1111011110 8
34 43 1111111110 9
45 54 1111111111 a
56 65 1011111101 8
67 76 1000110111 6
70 07 0001100111 5

02 20 1101111100 7
13 31 1011011111 8
24 42 1101111110 8
35 53 1011011111 8
46 64 1100111110 7
57 75 0011011111 7
60 06 1001110100 5
71 17 1001000111 5

03 30 1011111110 8
14 41 1101111111 9
25 52 1111011101 8
36 63 1011111110 8
47 74 1100111111 8
50 05 0011111001 6
61 16 1001110101 6
72 27 1101011111 8

04 40 1101111110 8
15 51 1011011001 6
26 62 1101111100 7
37 73 1011011111 8

Matching output
0 absent
1 absent
2 absent
3 absent
4 absent
5 absent
6 absent
7 absent

Left
none
Best: none

Right
none
Best: none

XOR
01 10 1000100001 3
12 21 0100011101 5
23 32 0110000010 3
34 43 0111100000 4
45 54 1111100111 8
56 65 1011101101 7
67 76 1000110011 5
70 07 0001100111 5

02 20 1100111100 6
13 31 0010011111 6
24 42 0001100010 3
35 53 1000000111 4
46 64 0100001010 3
57 75 0011011110 6
60 06 1001010100 4
71 17 1001000110 4

03 30 1010111110 7
14 41 0101111111 8
25 52 1110000101 5
36 63 0011101010 5
47 74 1100111001 6
50 05 0010111001 5
61 16 0001110101 5
72 27 1101011011 7

04 40 1101011110 7
15 51 1010011000 4
26 62 0101101000 4
37 73 1011011001 6

Matching output
0 absent
1 absent
2 absent
3 absent
4 absent
5 absent
6 absent
7 absent

Left
none
Best: none

Right
none
Best: none

AND-NOT
01 0000100000 1
12 0000000001 1
23 0100000000 1
34 0011000000 2
45 1100100110 5
56 0011001001 4
67 1000110000 3
70 0000000111 3

02 0000100000 1
13 0000000001 1
24 0001000000 1 match 5
35 1000000110 3
46 0100001010 3
57 0011011000 4
60 1000010100 3
71 0000000110 2

03 0000100000 1
14 0001000001 2
25 1100000100 3
36 0011001010 4
47 1100111000 5
50 0010011001 4
61 0000110100 3
72 0000000011 2

04 0001000000 1 match 5
15 1000000000 1 match 6
26 0101001000 3
37 1011011000 5
40 1100011110 6
51 0010011000 3
62 0000100000 1
73 0000000001 1

05 0000100000 1
16 0001000001 2
27 1101011000 5
30 1010011110 6
41 0100111110 6
52 0010000001 2
63 0000100000 1
74 0000000001 1

06 0001000000 1 match 5
17 1001000000 2
20 1100011100 5
31 0010011110 5
42 0000100010 2
53 0000000001 1
64 0000000000 a match 0 1 2 3 4
75 0000000110 2

07 0001100000 2
10 1000000001 2
21 0100011100 4
32 0010000010 2
43 0100100000 2
54 0011000001 3
65 1000100100 3
76 0000000011 2

Matching output
0 64
1 64
2 64
3 64
4 64
5 24 04 06
6 15
7 absent

Left
64 75x
Best: AND-NOT64: 1

Right
none
Best: none

OR-NOT
01 0111111110 8
12 1011100011 6
23 1101111101 8
34 1011011111 8
45 1100111110 7
56 0111011011 7
67 1111111100 8
70 1110011111 8

02 0011100011 5
13 1101100001 5
24 1111011101 8
35 1111111110 9
46 1111111111 a
57 1111111001 8
60 1110111111 9
71 0110111111 8

03 0101100001 4
14 1011000001 4
25 1101111110 8
36 1111011111 9
47 1111111110 9
50 1111011111 9
61 1110111110 8
72 0010100111 5

04 0011100001 4
15 1101100111 7
26 1111011111 9
37 1111111110 9
40 1110111111 9
51 0111111111 9
62 1010110111 7
73 0100100111 5

05 1101100110 6
16 1111001011 7
27 1111111100 8
30 1111011111 9
41 1110111110 8
52 0011111011 7
63 1100110101 6
74 0011000111 5

06 0111101011 7
17 1111111001 8
20 1111011111 9
31 1111111110 9
42 1110111111 9
53 0111111001 7
64 1011110101 7
75 1100100111 6

07 1111111000 7
10 1111011111 9
21 1111111110 9
32 1011111111 9
43 1100111111 8
54 0011011001 5
65 1100110110 6
76 0111001111 7

Matching output
0 absent
1 absent
2 absent
3 absent
4 absent
5 absent
6 absent
7 absent

Left
none
Best: none

Right
none
Best: none

XOR-NOT
01 0111011110 7
12 1011100010 5
23 1001111101 7
34 1000011111 6
45 0000011000 2
56 0100010010 3
67 0111001100 5
70 1110011000 5

02 0011000011 4
13 1101100000 4
24 1110011101 7
35 0111111000 6
46 1011110101 7
57 1100100001 4
60 0110101011 6
71 0110111001 6

03 0101000001 3
14 1010000000 2
25 0001111010 5
36 1100010101 5
47 0011000110 4
50 1101000110 5
61 1110001010 5
72 0010100100 3

04 0010100001 3
15 0101100111 6
26 1010010111 6
37 0100100110 4
40 0010100001 3
51 0101100111 6
62 1010010111 6
73 0100100110 4

05 1101000110 5
16 1110001010 5
27 0010100100 3
30 0101000001 3
41 1010000000 2
52 0001111010 5
63 1100010101 5
74 0011000110 4

06 0110101011 6
17 0110111001 6
20 0011000011 4
31 1101100000 4
42 1110011101 7
53 0111111000 6
64 1011110101 7
75 1100100001 4

07 1110011000 5
10 0111011110 7
21 1011100010 5
32 1001111101 7
43 1000011111 6
54 0000011000 2
65 0100010010 3
76 0111001100 5

Matching output
0 absent
1 absent
2 absent
3 absent
4 absent
5 absent
6 absent
7 absent

Left
none
Best: none

Right
none
Best: none

Selecting

Lefts
Identity none
NOT none
Constant C0 0 0 0 0: 5
AND AND70: 1
OR none
XOR none
AND-NOT AND-NOT64: 1
OR-NOT none
XOR-NOT none

Rights
Identity none
NOT none
Constant none
AND AND25 14 03: 3
OR none
XOR none
AND-NOT none
OR-NOT none
XOR-NOT none

Left longest: 5
Right longest: 3

Left winner: Identity no, NOT no, Constant yes, AND no, OR no, XOR no, AND-NOT no, OR-NOT no, XOR-NOT no
Right winner: Identity no, NOT no, Constant no, AND yes, OR no, XOR no, AND-NOT no, OR-NOT no, XOR-NOT no

Best left: C0 0 0 0 0: 5
Best right: AND25 14 03: 3

Truncated left: C0 0 0 0 0: 5
Truncated right: AND25 14 03: 3

Tentative from right
7 AND25
6 AND14
5 AND03
4 pending
3 pending
2 pending
1 pending
0 pending

Tentative
0 C0
1 C0
2 C0
3 C0
4 C0
5 AND03
6 AND14
7 AND25

Preferred from left
0 C0
1 C0
2 C0
3 C0
4 C0
5 AND03
6 AND14
7 AND25

Preferred from right
7 AND25
6 AND14
5 AND03
4 C0
3 C0
2 C0
1 C0
0 C0

Preferred
0 C0
1 C0
2 C0
3 C0
4 C0
5 AND03
6 AND14
7 AND25

Matching
0 C0
1 C0
2 C0
3 C0
4 C0
5 AND03
6 AND14
7 AND25

Perfect match
Identity no
NOT no
Constant no
AND no
OR no
XOR no
AND-NOT no
OR-NOT no
XOR-NOT no

Matched
0 C0
1 C0
2 C0
3 C0
4 C0
5 AND03
6 AND14
7 AND25

Selected
0 C0
1 C0
2 C0
3 C0
4 C0
5 AND03
6 AND14
7 AND25

Applying to 11100011
Input
0 1
1 1
2 1
3 0
4 0
5 0
6 1
7 1
Output
0 C0 = 0
1 C0 = 0
2 C0 = 0
3 C0 = 0
4 C0 = 0
5 AND03 = AND(1,0) = 0
6 AND14 = AND(1,0) = 0
7 AND25 = AND(1,0) = 0

I will now return the answer in \boxed{}
The answer in \boxed{–} is \boxed{00000000}
[correct]
true
