[category]
bit_manipulation
[prompt]
In Alice's Wonderland, a secret bit manipulation rule transforms 8-bit binary numbers. The transformation involves operations like bit shifts, rotations, XOR, AND, OR, NOT, and possibly majority or choice functions.

Here are some examples of input -> output:
11000110 -> 01100011
00111011 -> 10110000
11011110 -> 11100011
10011001 -> 10010010
11000100 -> 01000011
11001110 -> 11100011
00000101 -> 01010000

Now, determine the output for: 10111000
[completion]
We need to deduce the transformation by matching the example outputs.
I will put my final answer inside \boxed{}.

Output 0: 01100011
0 0
1 1
2 1
3 0
4 0
5 0
6 1
7 1

Output 1: 10110000
0 1
1 0
2 1
3 1
4 0
5 0
6 0
7 0

Output 2: 11100011
0 1
1 1
2 1
3 0
4 0
5 0
6 1
7 1

Output 3: 10010010
0 1
1 0
2 0
3 1
4 0
5 0
6 1
7 0

Output 4: 01000011
0 0
1 1
2 0
3 0
4 0
5 0
6 1
7 1

Output 5: 11100011
0 1
1 1
2 1
3 0
4 0
5 0
6 1
7 1

Output 6: 01010000
0 0
1 1
2 0
3 1
4 0
5 0
6 0
7 0

Output bit columns (with bitsum as hash)
0 0111010 4
1 1010111 5
2 1110010 4
3 0101001 3
4 0000000 a
5 0000000 a
6 1011110 5
7 1010110 4

Input 0: 11000110
0 1
1 1
2 0
3 0
4 0
5 1
6 1
7 0

Input 1: 00111011
0 0
1 0
2 1
3 1
4 1
5 0
6 1
7 1

Input 2: 11011110
0 1
1 1
2 0
3 1
4 1
5 1
6 1
7 0

Input 3: 10011001
0 1
1 0
2 0
3 1
4 1
5 0
6 0
7 1

Input 4: 11000100
0 1
1 1
2 0
3 0
4 0
5 1
6 0
7 0

Input 5: 11001110
0 1
1 1
2 0
3 0
4 1
5 1
6 1
7 0

Input 6: 00000101
0 0
1 0
2 0
3 0
4 0
5 1
6 0
7 1

When matching output
x: not in operator
y: wrong position

Identity
0 1011110 5 match 6
1 1010110 4 match 7
2 0100000 1
3 0111000 3
4 0111010 4 match 0
5 1010111 5 match 1
6 1110010 4 match 2
7 0101001 3 match 3

Matching output
0 4
1 5
2 6
3 7
4 absent
5 absent
6 0
7 1

Left
4 5 6 7 0y
Best: I4 5 6 7: 4

Right
1 0 7y
Best: I1 0: 2

NOT
0 0100001 2
1 0101001 3 match 3
2 1011111 6
3 1000111 4
4 1000101 3
5 0101000 2
6 0001101 3
7 1010110 4 match 7

Matching output
0 absent
1 absent
2 absent
3 1
4 absent
5 absent
6 absent
7 7

Left
none
Best: none

Right
7 6x
Best: NOT7: 1

Constant
0 0000000 a match 4 5
1 1111111 a

Matching output
0 absent
1 absent
2 absent
3 absent
4 C0
5 C0
6 absent
7 absent

Left
none
Best: none

Right
none
Best: none

AND
01 10 1010110 4 match 7
12 21 0000000 a match 4 5
23 32 0100000 1
34 43 0111000 3
45 54 0010010 2
56 65 1010010 3
67 76 0100000 1
70 07 0001000 1

02 20 0000000 a match 4 5
13 31 0010000 1
24 42 0100000 1
35 53 0010000 1
46 64 0110010 3
57 75 0000001 1
60 06 1010010 3
71 17 0000000 a match 4 5

03 30 0011000 2
14 41 0010010 2
25 52 0000000 a match 4 5
36 63 0110000 2
47 74 0101000 2
50 05 1010110 4 match 7
61 16 1010010 3
72 27 0100000 1

04 40 0011010 3
15 51 1010110 4 match 7
26 62 0100000 1
37 73 0101000 2

Matching output
0 absent
1 absent
2 absent
3 absent
4 12 21 02 20 71 17 25 52
5 12 21 02 20 71 17 25 52
6 absent
7 01 10 50 05 15 51

Left
none
Best: none

Right
01 70x
10 07x
50 47x
05 74x
15 04x
51 40x
Best: AND01: 1

OR
01 10 1011110 5 match 6
12 21 1110110 5
23 32 0111000 3
34 43 0111010 4 match 0
45 54 1111111 a
56 65 1110111 6
67 76 1111011 6
70 07 1111111 a

02 20 1111110 6
13 31 1111110 6
24 42 0111010 4 match 0
35 53 1111111 a
46 64 1111010 5
57 75 1111111 a
60 06 1111110 6
71 17 1111111 a

03 30 1111110 6
14 41 1111110 6
25 52 1110111 6
36 63 1111010 5
47 74 0111011 5
50 05 1011111 6
61 16 1110110 5
72 27 0101001 3 match 3

04 40 1111110 6
15 51 1010111 5 match 1
26 62 1110010 4 match 2
37 73 0111001 4

Matching output
0 34 43 24 42
1 15 51
2 26 62
3 72 27
4 absent
5 absent
6 01 10
7 absent

Left
34 45x
43 54x
24 35x
42 53x
Best: OR34: 1

Right
none
Best: none

XOR
01 10 0001000 1
12 21 1110110 5
23 32 0011000 2
34 43 0000010 1
45 54 1101101 5
56 65 0100101 3
67 76 1011011 5
70 07 1110111 6

02 20 1111110 6
13 31 1101110 5
24 42 0011010 3
35 53 1101111 6
46 64 1001000 2
57 75 1111110 6
60 06 0101100 3
71 17 1111111 a

03 30 1100110 4
14 41 1101100 4
25 52 1110111 6
36 63 1001010 3
47 74 0010011 3
50 05 0001001 2
61 16 0100100 2
72 27 0001001 2

04 40 1100100 3
15 51 0000001 1
26 62 1010010 3
37 73 0010001 2

Matching output
0 absent
1 absent
2 absent
3 absent
4 absent
5 absent
6 absent
7 absent

Left
none
Best: none

Right
none
Best: none

AND-NOT
01 0001000 1
12 1010110 4 match 7
23 0000000 a match 4 5
34 0000000 a match 4 5
45 0101000 2
56 0000101 2
67 1010010 3
70 0100001 2

02 1011110 5 match 6
13 1000110 3
24 0000000 a match 4 5
35 0101000 2
46 0001000 1
57 1010110 4 match 7
60 0100000 1
71 0101001 3 match 3

03 1000110 3
14 1000100 2
25 0100000 1
36 0001000 1
47 0010010 2
50 0000001 1
61 0100000 1
72 0001001 2

04 1000100 2
15 0000000 a match 4 5
26 0000000 a match 4 5
37 0010000 1
40 0100000 1
51 0000001 1
62 1010010 3
73 0000001 1

05 0001000 1
16 0000100 1
27 0000000 a match 4 5
30 0100000 1
41 0101000 2
52 1010111 5 match 1
63 1000010 2
74 0000001 1

06 0001100 2
17 1010110 4 match 7
20 0100000 1
31 0101000 2
42 0011010 3
53 1000111 4
64 1000000 1
75 0101000 2

07 1010110 4 match 7
10 0000000 a match 4 5
21 0100000 1
32 0011000 2
43 0000010 1
54 1000101 3
65 0100000 1
76 0001001 2

Matching output
0 absent
1 52
2 absent
3 71
4 23 34 24 15 26 27 10
5 23 34 24 15 26 27 10
6 02
7 12 57 17 07

Left
none
Best: none

Right
12 01x
57 46x
17 06x
07 76x
Best: AND-NOT12: 1

OR-NOT
01 1111111 a
12 1011111 6
23 1100111 5
34 1111101 6
45 0111010 4 match 0
56 1011111 6
67 1110110 5
70 0101001 3 match 3

02 1011111 6
13 1010111 5 match 1
24 1100101 4
35 0111000 3
46 0111111 6
57 1010111 5 match 1
60 1110011 5
71 0101001 3 match 3

03 1011111 6
14 1010111 5 match 1
25 0101000 2
36 0111101 5
47 1111110 6
50 1110111 6
61 1111011 6
72 1111111 a

04 1011111 6
15 1111110 6
26 0101101 4
37 1111110 6
40 0111011 5
51 1111111 a
62 1111111 a
73 1101111 6

05 1111110 6
16 1011111 6
27 1110110 5
30 0111001 4
41 0111011 5
52 1011111 6
63 1110111 6
74 1101101 5

06 1011111 6
17 1010110 4 match 7
20 0100001 2
31 0111001 4
42 1111111 a
53 1010111 5 match 1
64 1110111 6
75 0101001 3 match 3

07 1011110 5 match 6
10 1110111 6
21 0101001 3 match 3
32 1111111 a
43 1111111 a
54 1010111 5 match 1
65 1111010 5
76 0101101 4

Matching output
0 45
1 13 57 14 53 54
2 absent
3 70 71 75 21
4 absent
5 absent
6 07
7 17

Left
45 56x
Best: OR-NOT45: 1

Right
17 06x
Best: OR-NOT17: 1

XOR-NOT
01 1110111 6
12 0001001 2
23 1100111 5
34 1111101 6
45 0010010 2
56 1011010 4
67 0100100 2
70 0001000 1

02 0000001 1
13 0010001 2
24 1100101 4
35 0010000 1
46 0110111 5
57 0000001 1
60 1010011 4
71 0000000 a match 4 5

03 0011001 3
14 0010011 3
25 0001000 1
36 0110101 4
47 1101100 4
50 1110110 5
61 1011011 5
72 1110110 5

04 0011011 4
15 1111110 6
26 0101101 4
37 1101110 5
40 0011011 4
51 1111110 6
62 0101101 4
73 1101110 5

05 1110110 5
16 1011011 5
27 1110110 5
30 0011001 3
41 0010011 3
52 0001000 1
63 0110101 4
74 1101100 4

06 1010011 4
17 0000000 a match 4 5
20 0000001 1
31 0010001 2
42 1100101 4
53 0010000 1
64 0110111 5
75 0000001 1

07 0001000 1
10 1110111 6
21 0001001 2
32 1100111 5
43 1111101 6
54 0010010 2
65 1011010 4
76 0100100 2

Matching output
0 absent
1 absent
2 absent
3 absent
4 71 17
5 71 17
6 absent
7 absent

Left
none
Best: none

Right
none
Best: none

Selecting

Lefts
Identity I4 5 6 7: 4
NOT none
Constant none
AND none
OR OR34: 1
XOR none
AND-NOT none
OR-NOT OR-NOT45: 1
XOR-NOT none

Rights
Identity I1 0: 2
NOT NOT7: 1
Constant none
AND AND01: 1
OR none
XOR none
AND-NOT AND-NOT12: 1
OR-NOT OR-NOT17: 1
XOR-NOT none

Left longest: 4
Right longest: 2

Left winner: Identity yes, NOT no, Constant no, AND no, OR no, XOR no, AND-NOT no, OR-NOT no, XOR-NOT no
Right winner: Identity yes, NOT no, Constant no, AND no, OR no, XOR no, AND-NOT no, OR-NOT no, XOR-NOT no

Best left: I4 5 6 7: 4
Best right: I1 0: 2

Truncated left: I4 5 6 7: 4
Truncated right: I1 0: 2

Tentative from right
7 I1
6 I0
5 pending
4 pending
3 pending
2 pending
1 pending
0 pending

Tentative
0 I4
1 I5
2 I6
3 I7
4 pending
5 pending
6 I0
7 I1

Preferred from left
0 I4
1 I5
2 I6
3 I7
4 ?0?
5 ?1?
6 I0
7 I1

Preferred from right
7 I1
6 I0
5 ?17
4 ?06
3 I7
2 I6
1 I5
0 I4

Preferred
0 I4
1 I5
2 I6
3 I7
4 ?06 ?60
5 ?17 ?71
6 I0
7 I1

Matching
0 I4
1 I5
2 I6
3 I7
4 ?06 ?60 - Identity absent, NOT absent, Constant C0, AND absent, OR absent, XOR absent, AND-NOT absent, OR-NOT absent, XOR-NOT absent
5 ?17 ?71 - Identity absent, NOT absent, Constant C0, AND17, OR absent, XOR absent, AND-NOT absent, OR-NOT absent, XOR-NOT17
6 I0
7 I1

Perfect match
Identity no
NOT no
Constant yes
AND no
OR no
XOR no
AND-NOT no
OR-NOT no
XOR-NOT no

Matched
0 I4
1 I5
2 I6
3 I7
4 C0
5 C0
6 I0
7 I1

Selected
0 I4
1 I5
2 I6
3 I7
4 C0
5 C0
6 I0
7 I1

Applying to 10111000
Input
0 1
1 0
2 1
3 1
4 1
5 0
6 0
7 0
Output
0 I4 = 1
1 I5 = 0
2 I6 = 0
3 I7 = 0
4 C0 = 0
5 C0 = 0
6 I0 = 1
7 I1 = 0

I will now return the answer in \boxed{}
The answer in \boxed{–} is \boxed{10000010}
[correct]
true
