[category]
bit_manipulation
[prompt]
In Alice's Wonderland, a secret bit manipulation rule transforms 8-bit binary numbers. The transformation involves operations like bit shifts, rotations, XOR, AND, OR, NOT, and possibly majority or choice functions.

Here are some examples of input -> output:
00011101 -> 00000011
00010100 -> 00000010
01000010 -> 00001000
01110001 -> 00001110
11100111 -> 00011100
01101000 -> 00001101
10000011 -> 00010000
10110011 -> 00010110
10111111 -> 00010111

Now, determine the output for: 00100110
[completion]
We need to deduce the transformation by matching the example outputs.
I will put my final answer inside \boxed{}.

Output 0: 00000011
0 0
1 0
2 0
3 0
4 0
5 0
6 1
7 1

Output 1: 00000010
0 0
1 0
2 0
3 0
4 0
5 0
6 1
7 0

Output 2: 00001000
0 0
1 0
2 0
3 0
4 1
5 0
6 0
7 0

Output 3: 00001110
0 0
1 0
2 0
3 0
4 1
5 1
6 1
7 0

Output 4: 00011100
0 0
1 0
2 0
3 1
4 1
5 1
6 0
7 0

Output 5: 00001101
0 0
1 0
2 0
3 0
4 1
5 1
6 0
7 1

Output 6: 00010000
0 0
1 0
2 0
3 1
4 0
5 0
6 0
7 0

Output 7: 00010110
0 0
1 0
2 0
3 1
4 0
5 1
6 1
7 0

Output 8: 00010111
0 0
1 0
2 0
3 1
4 0
5 1
6 1
7 1

Output bit columns (with bitsum as hash)
0 000000000 a
1 000000000 a
2 000000000 a
3 000010111 4
4 001111000 4
5 000111011 5
6 110100011 5
7 100001001 3

Input 0: 00011101
0 0
1 0
2 0
3 1
4 1
5 1
6 0
7 1

Input 1: 00010100
0 0
1 0
2 0
3 1
4 0
5 1
6 0
7 0

Input 2: 01000010
0 0
1 1
2 0
3 0
4 0
5 0
6 1
7 0

Input 3: 01110001
0 0
1 1
2 1
3 1
4 0
5 0
6 0
7 1

Input 4: 11100111
0 1
1 1
2 1
3 0
4 0
5 1
6 1
7 1

Input 5: 01101000
0 0
1 1
2 1
3 0
4 1
5 0
6 0
7 0

Input 6: 10000011
0 1
1 0
2 0
3 0
4 0
5 0
6 1
7 1

Input 7: 10110011
0 1
1 0
2 1
3 1
4 0
5 0
6 1
7 1

Input 8: 10111111
0 1
1 0
2 1
3 1
4 1
5 1
6 1
7 1

When matching output
x: not in operator
y: wrong position

Identity
0 000010111 4 match 3
1 001111000 4 match 4
2 000111011 5 match 5
3 110100011 5 match 6
4 100001001 3 match 7
5 110010001 4
6 001010111 5
7 100110111 6

Matching output
0 absent
1 absent
2 absent
3 0
4 1
5 2
6 3
7 4

Left
none
Best: none

Right
4 3 2 1 0 7x
Best: I4 3 2 1 0: 5

NOT
0 111101000 5
1 110000111 5
2 111000100 4
3 001011100 4
4 011110110 6
5 001101110 5
6 110101000 4
7 011001000 3

Matching output
0 absent
1 absent
2 absent
3 absent
4 absent
5 absent
6 absent
7 absent

Left
none
Best: none

Right
none
Best: none

Constant
0 000000000 a match 0 1 2
1 111111111 a

Matching output
0 C0
1 C0
2 C0
3 absent
4 absent
5 absent
6 absent
7 absent

Left
0 0 0
Best: C0 0 0: 3

Right
none
Best: none

AND
01 10 000010000 1
12 21 000111000 3
23 32 000100011 3
34 43 100000001 2
45 54 100000001 2
56 65 000010001 2
67 76 000010111 4 match 3
70 07 000010111 4 match 3

02 20 000010011 3
13 31 000100000 1
24 42 000001001 2
35 53 110000001 3
46 64 000000001 1
57 75 100010001 3
60 06 000010111 4 match 3
71 17 000110000 2

03 30 000000011 2
14 41 000001000 1
25 52 000010001 2
36 63 000000011 2
47 74 100000001 2
50 05 000010001 2
61 16 001010000 2
72 27 000110011 4

04 40 000000001 1
15 51 000010000 1
26 62 000010011 3
37 73 100100011 4

Matching output
0 absent
1 absent
2 absent
3 67 76 70 07 60 06
4 absent
5 absent
6 absent
7 absent

Left
none
Best: none

Right
none
Best: none

OR
01 10 001111111 7
12 21 001111011 6
23 32 110111011 7
34 43 110101011 6
45 54 110011001 5
56 65 111010111 7
67 76 101110111 7
70 07 100110111 6

02 20 000111111 6
13 31 111111011 8
24 42 100111011 6
35 53 110110011 6
46 64 101011111 7
57 75 110110111 7
60 06 001010111 5
71 17 101111111 8

03 30 110110111 7
14 41 101111001 6
25 52 110111011 7
36 63 111110111 8
47 74 100111111 7
50 05 110010111 6
61 16 001111111 7
72 27 100111111 7

04 40 100011111 6
15 51 111111001 7
26 62 001111111 7
37 73 110110111 7

Matching output
0 absent
1 absent
2 absent
3 absent
4 absent
5 absent
6 absent
7 absent

Left
none
Best: none

Right
none
Best: none

XOR
01 10 001101111 6
12 21 001000011 3
23 32 110011000 4
34 43 010101010 4
45 54 010011000 3
56 65 111000110 5
67 76 101100000 3
70 07 100100000 2

02 20 000101100 3
13 31 111011011 7
24 42 100110010 4
35 53 000110010 3
46 64 101011110 6
57 75 010100110 4
60 06 001000000 1
71 17 101001111 6

03 30 110110100 5
14 41 101110001 5
25 52 110101010 5
36 63 111110100 6
47 74 000111110 5
50 05 110000110 4
61 16 000101111 5
72 27 100001100 3

04 40 100011110 5
15 51 111101001 6
26 62 001101100 4
37 73 010010100 3

Matching output
0 absent
1 absent
2 absent
3 absent
4 absent
5 absent
6 absent
7 absent

Left
none
Best: none

Right
none
Best: none

AND-NOT
01 000000111 3
12 001000000 1
23 000011000 2
34 010100010 3
45 000001000 1
56 110000000 2
67 001000000 1
70 100100000 2

02 000000100 1
13 001011000 3
24 000110010 3
35 000100010 2
46 100001000 2
57 010000000 1
60 001000000 1
71 100000111 4

03 000010100 2
14 001110000 3
25 000101010 3
36 110100000 3
47 000001000 1
50 110000000 2
61 000000111 3
72 100000100 2

04 000010110 3
15 001101000 3
26 000101000 2
37 010000000 1
40 100001000 2
51 110000001 3
62 001000100 2
73 000010100 2

05 000000110 2
16 000101000 2
27 000001000 1
30 110100000 3
41 100000001 2
52 110000000 2
63 001010100 3
74 000110110 4

06 000000000 a match 0 1 2
17 001001000 2
20 000101000 2
31 110000011 4
42 100000000 1
53 000010000 1
64 001010110 4
75 000100110 3

07 000000000 a match 0 1 2
10 001101000 3
21 000000011 2
32 110000000 2
43 000001000 1
54 010010000 2
65 001000110 3
76 100100000 2

Matching output
0 06 07
1 06 07
2 06 07
3 absent
4 absent
5 absent
6 absent
7 absent

Left
06 17x
07 10x
Best: AND-NOT06: 1

Right
none
Best: none

OR-NOT
01 110010111 6
12 111111100 7
23 001111111 7
34 111110111 8
45 101101111 7
56 110111001 6
67 011011111 7
70 111111111 a

02 111010111 7
13 001111100 5
24 011111111 8
35 111101111 8
46 110101001 5
57 111011001 6
60 111111111 a
71 110110111 7

03 001011111 6
14 011111110 7
25 001111111 7
36 110101011 6
47 111001001 5
50 111111001 7
61 111010111 7
72 111110111 8

04 011110111 7
15 001111110 6
26 110111011 7
37 111101011 7
40 111101001 6
51 110010111 6
62 111010111 7
73 101111111 8

05 001111111 7
16 111111000 6
27 011111011 7
30 111101011 7
41 110001111 6
52 111010101 6
63 001011111 6
74 111110111 8

06 110111111 8
17 011111000 5
20 111111011 8
31 110100111 6
42 111001101 6
53 111011101 7
64 011110111 7
75 101111111 8

07 011011111 7
10 111111000 6
21 110111111 8
32 111100111 7
43 101011101 6
54 111110111 8
65 001111111 7
76 110111111 8

Matching output
0 absent
1 absent
2 absent
3 absent
4 absent
5 absent
6 absent
7 absent

Left
none
Best: none

Right
none
Best: none

XOR-NOT
01 110010000 3
12 110111100 6
23 001100111 5
34 101010101 5
45 101100111 6
56 000111001 4
67 010011111 6
70 011011111 7

02 111010011 6
13 000100100 2
24 011001101 5
35 111001101 6
46 010100001 3
57 101011001 5
60 110111111 8
71 010110000 3

03 001001011 4
14 010001110 4
25 001010101 4
36 000001011 3
47 111000001 4
50 001111001 5
61 111010000 4
72 011110011 6

04 011100001 4
15 000010110 3
26 110010011 5
37 101101011 6
40 011100001 4
51 000010110 3
62 110010011 5
73 101101011 6

05 001111001 5
16 111010000 4
27 011110011 6
30 001001011 4
41 010001110 4
52 001010101 4
63 000001011 3
74 111000001 4

06 110111111 8
17 010110000 3
20 111010011 6
31 000100100 2
42 011001101 5
53 111001101 6
64 010100001 3
75 101011001 5

07 011011111 7
10 110010000 3
21 110111100 6
32 001100111 5
43 101010101 5
54 101100111 6
65 000111001 4
76 010011111 6

Matching output
0 absent
1 absent
2 absent
3 absent
4 absent
5 absent
6 absent
7 absent

Left
none
Best: none

Right
none
Best: none

Selecting

Lefts
Identity none
NOT none
Constant C0 0 0: 3
AND none
OR none
XOR none
AND-NOT AND-NOT06: 1
OR-NOT none
XOR-NOT none

Rights
Identity I4 3 2 1 0: 5
NOT none
Constant none
AND none
OR none
XOR none
AND-NOT none
OR-NOT none
XOR-NOT none

Left longest: 3
Right longest: 5

Right winner: Identity yes, NOT no, Constant no, AND no, OR no, XOR no, AND-NOT no, OR-NOT no, XOR-NOT no
Left winner: Identity no, NOT no, Constant yes, AND no, OR no, XOR no, AND-NOT no, OR-NOT no, XOR-NOT no

Best right: I4 3 2 1 0: 5
Best left: C0 0 0: 3

Truncated right: I4 3 2 1 0: 5
Truncated left: C0 0 0: 3

Tentative from right
7 I4
6 I3
5 I2
4 I1
3 I0
2 pending
1 pending
0 pending

Tentative
0 C0
1 C0
2 C0
3 I0
4 I1
5 I2
6 I3
7 I4

Preferred from right
7 I4
6 I3
5 I2
4 I1
3 I0
2 C0
1 C0
0 C0

Preferred from left
0 C0
1 C0
2 C0
3 I0
4 I1
5 I2
6 I3
7 I4

Preferred
0 C0
1 C0
2 C0
3 I0
4 I1
5 I2
6 I3
7 I4

Matching
0 C0
1 C0
2 C0
3 I0
4 I1
5 I2
6 I3
7 I4

Perfect match
Identity no
NOT no
Constant no
AND no
OR no
XOR no
AND-NOT no
OR-NOT no
XOR-NOT no

Matched
0 C0
1 C0
2 C0
3 I0
4 I1
5 I2
6 I3
7 I4

Selected
0 C0
1 C0
2 C0
3 I0
4 I1
5 I2
6 I3
7 I4

Applying to 00100110
Input
0 0
1 0
2 1
3 0
4 0
5 1
6 1
7 0
Output
0 C0 = 0
1 C0 = 0
2 C0 = 0
3 I0 = 0
4 I1 = 0
5 I2 = 1
6 I3 = 0
7 I4 = 0

I will now return the answer in \boxed{}
The answer in \boxed{–} is \boxed{00000100}
[correct]
true
