[category]
bit_manipulation
[prompt]
In Alice's Wonderland, a secret bit manipulation rule transforms 8-bit binary numbers. The transformation involves operations like bit shifts, rotations, XOR, AND, OR, NOT, and possibly majority or choice functions.

Here are some examples of input -> output:
00011110 -> 00111000
10011100 -> 00110000
11010100 -> 00000001
01111000 -> 11100000
11111101 -> 11110011
11000010 -> 00000001
10100101 -> 00000010

Now, determine the output for: 10011010
[completion]
We need to deduce the transformation by matching the example outputs.
I will put my final answer inside \boxed{}.

Output 0: 00111000
0 0
1 0
2 1
3 1
4 1
5 0
6 0
7 0

Output 1: 00110000
0 0
1 0
2 1
3 1
4 0
5 0
6 0
7 0

Output 2: 00000001
0 0
1 0
2 0
3 0
4 0
5 0
6 0
7 1

Output 3: 11100000
0 1
1 1
2 1
3 0
4 0
5 0
6 0
7 0

Output 4: 11110011
0 1
1 1
2 1
3 1
4 0
5 0
6 1
7 1

Output 5: 00000001
0 0
1 0
2 0
3 0
4 0
5 0
6 0
7 1

Output 6: 00000010
0 0
1 0
2 0
3 0
4 0
5 0
6 1
7 0

Output bit columns (with bitsum as hash)
0 0001100 2
1 0001100 2
2 1101100 4
3 1100100 3
4 1000000 1
5 0000000 a
6 0000101 2
7 0010110 3

Input 0: 00011110
0 0
1 0
2 0
3 1
4 1
5 1
6 1
7 0

Input 1: 10011100
0 1
1 0
2 0
3 1
4 1
5 1
6 0
7 0

Input 2: 11010100
0 1
1 1
2 0
3 1
4 0
5 1
6 0
7 0

Input 3: 01111000
0 0
1 1
2 1
3 1
4 1
5 0
6 0
7 0

Input 4: 11111101
0 1
1 1
2 1
3 1
4 1
5 1
6 0
7 1

Input 5: 11000010
0 1
1 1
2 0
3 0
4 0
5 0
6 1
7 0

Input 6: 10100101
0 1
1 0
2 1
3 0
4 0
5 1
6 0
7 1

When matching output
x: not in operator
y: wrong position

Identity
0 0110111 5
1 0011110 4
2 0001101 3
3 1111100 5
4 1101100 4 match 2
5 1110101 5
6 1000010 2
7 0000101 2 match 6

Matching output
0 absent
1 absent
2 4
3 absent
4 absent
5 absent
6 7
7 absent

Left
none
Best: none

Right
none
Best: none

NOT
0 1001000 2
1 1100001 3
2 1110010 4
3 0000011 2
4 0010011 3
5 0001010 2
6 0111101 5
7 1111010 5

Matching output
0 absent
1 absent
2 absent
3 absent
4 absent
5 absent
6 absent
7 absent

Left
none
Best: none

Right
none
Best: none

Constant
0 0000000 a match 5
1 1111111 a

Matching output
0 absent
1 absent
2 absent
3 absent
4 absent
5 C0
6 absent
7 absent

Left
none
Best: none

Right
none
Best: none

AND
01 10 0010110 3 match 7
12 21 0001100 2 match 0 1
23 32 0001100 2 match 0 1
34 43 1101100 4 match 2
45 54 1100100 3 match 3
56 65 1000000 1 match 4
67 76 0000000 a match 5
70 07 0000101 2 match 6

02 20 0000101 2 match 6
13 31 0011100 3
24 42 0001100 2 match 0 1
35 53 1110100 4
46 64 1000000 1 match 4
57 75 0000101 2 match 6
60 06 0000010 1
71 17 0000100 1

03 30 0110100 3
14 41 0001100 2 match 0 1
25 52 0000101 2 match 6
36 63 1000000 1 match 4
47 74 0000100 1
50 05 0110101 4
61 16 0000010 1
72 27 0000101 2 match 6

04 40 0100100 2
15 51 0010100 2
26 62 0000000 a match 5
37 73 0000100 1

Matching output
0 12 21 23 32 24 42 14 41
1 12 21 23 32 24 42 14 41
2 34 43
3 45 54
4 56 65 46 64 36 63
5 67 76 26 62
6 70 07 02 20 57 75 25 52 72 27
7 01 10

Left
12 23 34 45 56 67 70 01
21 32 43 54 65 76 07 10
23 34y
32 43y
24 35x
42 53x
14 25y
41 52y
Best: AND12 23 34 45 56 67 70 01: 8

Right
01 70 67 56 45 34 23 12
10 07 76 65 54 43 32 21
Best: AND01 70 67 56 45 34 23 12: 8

OR
01 10 0111111 6
12 21 0011111 5
23 32 1111101 6
34 43 1111100 5
45 54 1111101 6
56 65 1110111 6
67 76 1000111 4
70 07 0110111 5

02 20 0111111 6
13 31 1111110 6
24 42 1101101 5
35 53 1111101 6
46 64 1101110 5
57 75 1110101 5
60 06 1110111 6
71 17 0011111 5

03 30 1111111 a
14 41 1111110 6
25 52 1111101 6
36 63 1111110 6
47 74 1101101 5
50 05 1110111 6
61 16 1011110 5
72 27 0001101 3

04 40 1111111 a
15 51 1111111 a
26 62 1001111 5
37 73 1111101 6

Matching output
0 absent
1 absent
2 absent
3 absent
4 absent
5 absent
6 absent
7 absent

Left
none
Best: none

Right
none
Best: none

XOR
01 10 0101001 3
12 21 0010011 3
23 32 1110001 4
34 43 0010000 1
45 54 0011001 3
56 65 0110111 5
67 76 1000111 4
70 07 0110010 3

02 20 0111010 4
13 31 1100010 3
24 42 1100001 3
35 53 0001001 2
46 64 0101110 4
57 75 1110000 3
60 06 1110101 5
71 17 0011011 4

03 30 1001011 4
14 41 1110010 4
25 52 1111000 4
36 63 0111110 5
47 74 1101001 4
50 05 1000010 2
61 16 1011100 4
72 27 0001000 1

04 40 1011011 5
15 51 1101011 5
26 62 1001111 5
37 73 1111001 5

Matching output
0 absent
1 absent
2 absent
3 absent
4 absent
5 absent
6 absent
7 absent

Left
none
Best: none

Right
none
Best: none

AND-NOT
01 0100001 2
12 0010010 2
23 0000001 1
34 0010000 1
45 0001000 1
56 0110101 4
67 1000010 2
70 0000000 a match 5

02 0110010 3
13 0000010 1
24 0000001 1
35 0001000 1
46 0101100 3
57 1110000 3
60 1000000 1 match 4
71 0000001 1

03 0000011 2
14 0010010 2
25 0001000 1
36 0111100 4
47 1101000 3
50 1000000 1 match 4
61 1000000 1 match 4
72 0000000 a match 5

04 0010011 3
15 0001010 2
26 0001101 3
37 1111000 4
40 1001000 2
51 1100001 3
62 1000010 2
73 0000001 1

05 0000010 1
16 0011100 3
27 0001000 1
30 1001000 2
41 1100000 2
52 1110000 3
63 0000010 1
74 0000001 1

06 0110101 4
17 0011010 3
20 0001000 1
31 1100000 2
42 1100000 2
53 0000001 1
64 0000010 1
75 0000000 a match 5

07 0110010 3
10 0001000 1
21 0000001 1
32 1110000 3
43 0000000 a match 5
54 0010001 2
65 0000010 1
76 0000101 2 match 6

Matching output
0 absent
1 absent
2 absent
3 absent
4 60 50 61
5 70 72 75 43
6 76
7 absent

Left
none
Best: none

Right
none
Best: none

OR-NOT
01 1110111 6
12 1111110 6
23 0001111 4
34 1111111 a
45 1101110 5
56 1111101 6
67 1111010 5
70 1001101 4

02 1110111 6
13 0011111 5
24 0011111 5
35 1111110 6
46 1111101 6
57 1111111 a
60 1001010 3
71 1100101 4

03 0110111 5
14 0011111 5
25 0001111 4
36 1111101 6
47 1111110 6
50 1111101 6
61 1100011 4
72 1110111 6

04 0110111 5
15 0011110 4
26 0111101 5
37 1111110 6
40 1101100 4 match 2
51 1110101 5
62 1110010 4
73 0000111 3

05 0111111 6
16 0111111 6
27 1111111 a
30 1111100 5
41 1101101 5
52 1110111 6
63 1000011 3
74 0010111 4

06 0111111 6
17 1111110 6
20 1001101 4
31 1111101 6
42 1111110 6
53 1110111 6
64 1010011 4
75 0001111 4

07 1111111 a
10 1011110 5
21 1101101 5
32 1111110 6
43 1101111 6
54 1110111 6
65 1001010 3
76 0111101 5

Matching output
0 absent
1 absent
2 40
3 absent
4 absent
5 absent
6 absent
7 absent

Left
none
Best: none

Right
none
Best: none

XOR-NOT
01 1010110 4
12 1101100 4 match 2
23 0001110 3
34 1101111 6
45 1100110 4
56 1001000 2
67 0111000 3
70 1001101 4

02 1000101 3
13 0011101 4
24 0011110 4
35 1110110 5
46 1010001 3
57 0001111 4
60 0001010 2
71 1100100 3 match 3

03 0110100 3
14 0001101 3
25 0000111 3
36 1000001 2
47 0010110 3 match 7
50 0111101 5
61 0100011 3
72 1110111 6

04 0100100 2
15 0010100 2
26 0110000 2
37 0000110 2
40 0100100 2
51 0010100 2
62 0110000 2
73 0000110 2

05 0111101 5
16 0100011 3
27 1110111 6
30 0110100 3
41 0001101 3
52 0000111 3
63 1000001 2
74 0010110 3 match 7

06 0001010 2
17 1100100 3 match 3
20 1000101 3
31 0011101 4
42 0011110 4
53 1110110 5
64 1010001 3
75 0001111 4

07 1001101 4
10 1010110 4
21 1101100 4 match 2
32 0001110 3
43 1101111 6
54 1100110 4
65 1001000 2
76 0111000 3

Matching output
0 absent
1 absent
2 12 21
3 71 17
4 absent
5 absent
6 absent
7 47 74

Left
none
Best: none

Right
47 36x
74 63x
Best: XOR-NOT47: 1

Selecting

Lefts
Identity none
NOT none
Constant none
AND AND12 23 34 45 56 67 70 01: 8
OR none
XOR none
AND-NOT none
OR-NOT none
XOR-NOT none

Rights
Identity none
NOT none
Constant none
AND AND01 70 67 56 45 34 23 12: 8
OR none
XOR none
AND-NOT none
OR-NOT none
XOR-NOT XOR-NOT47: 1

Left longest: 8
Right longest: 8

Left winner: Identity no, NOT no, Constant no, AND yes, OR no, XOR no, AND-NOT no, OR-NOT no, XOR-NOT no
Right winner: Identity no, NOT no, Constant no, AND yes, OR no, XOR no, AND-NOT no, OR-NOT no, XOR-NOT no

Best left: AND12 23 34 45 56 67 70 01: 8
Best right: AND01 70 67 56 45 34 23 12: 8

Truncated left: AND12 23 34 45 56 67 70 01: 8
Truncated right: none truncated

Tentative from right
7 pending
6 pending
5 pending
4 pending
3 pending
2 pending
1 pending
0 pending

Tentative
0 AND12
1 AND23
2 AND34
3 AND45
4 AND56
5 AND67
6 AND70
7 AND01

Preferred from left
0 AND12
1 AND23
2 AND34
3 AND45
4 AND56
5 AND67
6 AND70
7 AND01

Preferred from right
7 AND01
6 AND70
5 AND67
4 AND56
3 AND45
2 AND34
1 AND23
0 AND12

Preferred
0 AND12
1 AND23
2 AND34
3 AND45
4 AND56
5 AND67
6 AND70
7 AND01

Matching
0 AND12
1 AND23
2 AND34
3 AND45
4 AND56
5 AND67
6 AND70
7 AND01

Perfect match
Identity no
NOT no
Constant no
AND no
OR no
XOR no
AND-NOT no
OR-NOT no
XOR-NOT no

Matched
0 AND12
1 AND23
2 AND34
3 AND45
4 AND56
5 AND67
6 AND70
7 AND01

Selected
0 AND12
1 AND23
2 AND34
3 AND45
4 AND56
5 AND67
6 AND70
7 AND01

Applying to 10011010
Input
0 1
1 0
2 0
3 1
4 1
5 0
6 1
7 0
Output
0 AND12 = AND(0,0) = 0
1 AND23 = AND(0,1) = 0
2 AND34 = AND(1,1) = 1
3 AND45 = AND(1,0) = 0
4 AND56 = AND(0,1) = 0
5 AND67 = AND(1,0) = 0
6 AND70 = AND(0,1) = 0
7 AND01 = AND(1,0) = 0

I will now return the answer in \boxed{}
The answer in \boxed{–} is \boxed{00100000}
[correct]
true
