[category]
bit_manipulation
[prompt]
In Alice's Wonderland, a secret bit manipulation rule transforms 8-bit binary numbers. The transformation involves operations like bit shifts, rotations, XOR, AND, OR, NOT, and possibly majority or choice functions.

Here are some examples of input -> output:
10011101 -> 11001111
01001110 -> 00100111
00001001 -> 10000100
10011011 -> 11001101
00010100 -> 00001010
10111110 -> 01011111
10111101 -> 11011111
10100010 -> 01010001
01101110 -> 00110111
01111011 -> 10111101

Now, determine the output for: 10001101
[completion]
We need to deduce the transformation by matching the example outputs.
I will put my final answer inside \boxed{}.

Output 0: 11001111
0 1
1 1
2 0
3 0
4 1
5 1
6 1
7 1

Output 1: 00100111
0 0
1 0
2 1
3 0
4 0
5 1
6 1
7 1

Output 2: 10000100
0 1
1 0
2 0
3 0
4 0
5 1
6 0
7 0

Output 3: 11001101
0 1
1 1
2 0
3 0
4 1
5 1
6 0
7 1

Output 4: 00001010
0 0
1 0
2 0
3 0
4 1
5 0
6 1
7 0

Output 5: 01011111
0 0
1 1
2 0
3 1
4 1
5 1
6 1
7 1

Output 6: 11011111
0 1
1 1
2 0
3 1
4 1
5 1
6 1
7 1

Output 7: 01010001
0 0
1 1
2 0
3 1
4 0
5 0
6 0
7 1

Output 8: 00110111
0 0
1 0
2 1
3 1
4 0
5 1
6 1
7 1

Output 9: 10111101
0 1
1 0
2 1
3 1
4 1
5 1
6 0
7 1

Output bit columns (with bitsum as hash)
0 1011001001 5
1 1001011100 5
2 0100000011 3
3 0000011111 5
4 1001111001 6
5 1111011011 8
6 1100111010 6
7 1101011111 8

Input 0: 10011101
0 1
1 0
2 0
3 1
4 1
5 1
6 0
7 1

Input 1: 01001110
0 0
1 1
2 0
3 0
4 1
5 1
6 1
7 0

Input 2: 00001001
0 0
1 0
2 0
3 0
4 1
5 0
6 0
7 1

Input 3: 10011011
0 1
1 0
2 0
3 1
4 1
5 0
6 1
7 1

Input 4: 00010100
0 0
1 0
2 0
3 1
4 0
5 1
6 0
7 0

Input 5: 10111110
0 1
1 0
2 1
3 1
4 1
5 1
6 1
7 0

Input 6: 10111101
0 1
1 0
2 1
3 1
4 1
5 1
6 0
7 1

Input 7: 10100010
0 1
1 0
2 1
3 0
4 0
5 0
6 1
7 0

Input 8: 01101110
0 0
1 1
2 1
3 0
4 1
5 1
6 1
7 0

Input 9: 01111011
0 0
1 1
2 1
3 1
4 1
5 0
6 1
7 1

When matching output
x: not in operator
y: wrong position

Identity
0 1001011100 5 match 1
1 0100000011 3 match 2
2 0000011111 5 match 3
3 1001111001 6 match 4
4 1111011011 8 match 5
5 1100111010 6 match 6
6 0101010111 6
7 1011001001 5 match 0

Matching output
0 7
1 0
2 1
3 2
4 3
5 4
6 5
7 absent

Left
7 0 1 2 3 4 5 6x
Best: I7 0 1 2 3 4 5: 7

Right
none
Best: none

NOT
0 0110100011 5
1 1011111100 7
2 1111100000 5
3 0110000110 4
4 0000100100 2
5 0011000101 4
6 1010101000 4
7 0100110110 5

Matching output
0 absent
1 absent
2 absent
3 absent
4 absent
5 absent
6 absent
7 absent

Left
none
Best: none

Right
none
Best: none

Constant
0 0000000000 a
1 1111111111 a

Matching output
0 absent
1 absent
2 absent
3 absent
4 absent
5 absent
6 absent
7 absent

Left
none
Best: none

Right
none
Best: none

AND
01 10 0000000000 a
12 21 0000000011 2
23 32 0000011001 3
34 43 1001011001 5
45 54 1100011010 5
56 65 0100010010 3
67 76 0001000001 2
70 07 1001001000 3

02 20 0000011100 3
13 31 0000000001 1
24 42 0000011011 4
35 53 1000111000 4
46 64 0101010011 5
57 75 1000001000 2
60 06 0001010100 3
71 17 0000000001 1

03 30 1001011000 4
14 41 0100000011 3 match 2
25 52 0000011010 3
36 63 0001010001 3
47 74 1011001001 5 match 0
50 05 1000011000 3
61 16 0100000011 3 match 2
72 27 0000001001 2

04 40 1001011000 4
15 51 0100000010 2
26 62 0000010111 4
37 73 1001001001 4

Matching output
0 47 74
1 absent
2 14 41 61 16
3 absent
4 absent
5 absent
6 absent
7 absent

Left
47 50x
74 05x
Best: AND47: 1

Right
none
Best: none

OR
01 10 1101011111 8 match 7
12 21 0100011111 6
23 32 1001111111 8
34 43 1111111011 9
45 54 1111111011 9
56 65 1101111111 9
67 76 1111011111 9
70 07 1011011101 7

02 20 1001011111 7
13 31 1101111011 8
24 42 1111011111 9
35 53 1101111011 8
46 64 1111011111 9
57 75 1111111011 9
60 06 1101011111 8 match 7
71 17 1111001011 7

03 30 1001111101 7
14 41 1111011011 8 match 5
25 52 1100111111 8
36 63 1101111111 9
47 74 1111011011 8 match 5
50 05 1101111110 8
61 16 0101010111 6
72 27 1011011111 8

04 40 1111011111 9
15 51 1100111011 7
26 62 0101011111 7
37 73 1011111001 7

Matching output
0 absent
1 absent
2 absent
3 absent
4 absent
5 14 41 47 74
6 absent
7 01 10 60 06

Left
none
Best: none

Right
01 70x
10 07x
60 57x
06 75x
Best: OR01: 1

XOR
01 10 1101011111 8 match 7
12 21 0100011100 4
23 32 1001100110 5
34 43 0110100010 4
45 54 0011100001 4
56 65 1001101101 6
67 76 1110011110 7
70 07 0010010101 4

02 20 1001000011 4
13 31 1101111010 7
24 42 1111000100 5
35 53 0101000011 4
46 64 1010001100 4
57 75 0111110011 7
60 06 1100001011 5
71 17 1111001010 6

03 30 0000100101 3
14 41 1011011000 5
25 52 1100100101 5
36 63 1100101110 6
47 74 0100010010 3
50 05 0101100110 5
61 16 0001010100 3
72 27 1011010110 6

04 40 0110000111 5
15 51 1000111001 5
26 62 0101001000 3
37 73 0010110000 3

Matching output
0 absent
1 absent
2 absent
3 absent
4 absent
5 absent
6 absent
7 01 10

Left
none
Best: none

Right
01 70x
10 07x
Best: XOR01: 1

AND-NOT
01 1001011100 5 match 1
12 0100000000 1
23 0000000110 2
34 0000100000 1
45 0011000001 3
56 1000101000 3
67 0100010110 4
70 0010000001 2

02 1001000000 2
13 0100000010 2
24 0000000100 1
35 0001000001 2
46 1010001000 3
57 0100110010 4
60 0100000011 3 match 2
71 1011001000 4

03 0000000100 1
14 0000000000 a
25 0000000101 2
36 1000101000 3
47 0100010010 3
50 0100100010 3
61 0001010100 3
72 1011000000 3

04 0000000100 1
15 0000000001 1
26 0000001000 1
37 0000110000 2
40 0110000011 4
51 1000111000 4
62 0101000000 2
73 0010000000 1

05 0001000100 2
16 0000000000 a
27 0000010110 3
30 0000100001 2
41 1011011000 5
52 1100100000 3
63 0100000110 3
74 0000000000 a

06 1000001000 2
17 0100000010 2
20 0000000011 2
31 1001111000 5
42 1111000000 4
53 0100000010 2
64 0000000100 1
75 0011000001 3

07 0000010100 2
10 0100000011 3 match 2
21 0000011100 3
32 1001100000 3
43 0110000010 3
54 0000100000 1
65 0001000101 3
76 1010001000 3

Matching output
0 absent
1 01
2 60 10
3 absent
4 absent
5 absent
6 absent
7 absent

Left
none
Best: none

Right
none
Best: none

OR-NOT
01 1011111100 7
12 1111100011 7
23 0110011111 7
34 1001111101 7
45 1111011111 9
56 1110111010 7
67 0101110111 7
70 1111101011 8

02 1111111100 8
13 0110000111 5
24 0000111111 6
35 1011111101 8
46 1111111011 9
57 1100111110 7
60 0111110111 8
71 1011111101 8

03 1111011110 8
14 0100100111 5
25 0011011111 7
36 1011111001 7
47 1111111111 a
50 1110111011 8
61 1111111111 a
72 1111101001 7

04 1001111100 6
15 0111000111 6
26 1010111111 8
37 1101111111 9
40 1111111011 9
51 1111111110 9
62 1111110111 9
73 1111001111 8

05 1011011101 7
16 1110101011 7
27 0100111111 7
30 1111111011 9
41 1111111111 a
52 1111111010 8
63 0111010111 7
74 1011101101 7

06 1011111100 7
17 0100110111 6
20 0110111111 8
31 1011111101 8
42 1111111011 9
53 1110111110 8
64 0101110111 7
75 1011001101 6

07 1101111110 8
10 0110100011 5
21 1011111111 9
32 1111111001 8
43 1111011111 9
54 1100111110 7
65 0111010111 7
76 1011101001 6

Matching output
0 absent
1 absent
2 absent
3 absent
4 absent
5 absent
6 absent
7 absent

Left
none
Best: none

Right
none
Best: none

XOR-NOT
01 0010100000 2
12 1011100011 6
23 0110011001 5
34 1001011101 6
45 1100011110 6
56 0110010010 4
67 0001100001 3
70 1101101010 6

02 0110111100 6
13 0010000101 3
24 0000111011 5
35 1010111100 6
46 0101110011 6
57 1000001100 3
60 0011110100 5
71 0000110101 4

03 1111011010 7
14 0100100111 5
25 0011011010 5
36 0011010001 4
47 1011101101 7
50 1010011001 5
61 1110101011 7
72 0100101001 4

04 1001111000 5
15 0111000110 5
26 1010110111 7
37 1101001111 7
40 1001111000 5
51 0111000110 5
62 1010110111 7
73 1101001111 7

05 1010011001 5
16 1110101011 7
27 0100101001 4
30 1111011010 7
41 0100100111 5
52 0011011010 5
63 0011010001 4
74 1011101101 7

06 0011110100 5
17 0000110101 4
20 0110111100 6
31 0010000101 3
42 0000111011 5
53 1010111100 6
64 0101110011 6
75 1000001100 3

07 1101101010 6
10 0010100000 2
21 1011100011 6
32 0110011001 5
43 1001011101 6
54 1100011110 6
65 0110010010 4
76 0001100001 3

Matching output
0 absent
1 absent
2 absent
3 absent
4 absent
5 absent
6 absent
7 absent

Left
none
Best: none

Right
none
Best: none

Selecting

Lefts
Identity I7 0 1 2 3 4 5: 7
NOT none
Constant none
AND AND47: 1
OR none
XOR none
AND-NOT none
OR-NOT none
XOR-NOT none

Rights
Identity none
NOT none
Constant none
AND none
OR OR01: 1
XOR XOR01: 1
AND-NOT none
OR-NOT none
XOR-NOT none

Left longest: 7
Right longest: 1

Left winner: Identity yes, NOT no, Constant no, AND no, OR no, XOR no, AND-NOT no, OR-NOT no, XOR-NOT no
Right winner: Identity no, NOT no, Constant no, AND no, OR yes, XOR no, AND-NOT no, OR-NOT no, XOR-NOT no

Best left: I7 0 1 2 3 4 5: 7
Best right: OR01: 1

Truncated left: I7 0 1 2 3 4 5: 7
Truncated right: OR01: 1

Tentative from right
7 OR01
6 pending
5 pending
4 pending
3 pending
2 pending
1 pending
0 pending

Tentative
0 I7
1 I0
2 I1
3 I2
4 I3
5 I4
6 I5
7 OR01

Preferred from left
0 I7
1 I0
2 I1
3 I2
4 I3
5 I4
6 I5
7 OR01

Preferred from right
7 OR01
6 I5
5 I4
4 I3
3 I2
2 I1
1 I0
0 I7

Preferred
0 I7
1 I0
2 I1
3 I2
4 I3
5 I4
6 I5
7 OR01

Matching
0 I7
1 I0
2 I1
3 I2
4 I3
5 I4
6 I5
7 OR01

Perfect match
Identity no
NOT no
Constant no
AND no
OR no
XOR no
AND-NOT no
OR-NOT no
XOR-NOT no

Matched
0 I7
1 I0
2 I1
3 I2
4 I3
5 I4
6 I5
7 OR01

Selected
0 I7
1 I0
2 I1
3 I2
4 I3
5 I4
6 I5
7 OR01

Applying to 10001101
Input
0 1
1 0
2 0
3 0
4 1
5 1
6 0
7 1
Output
0 I7 = 1
1 I0 = 1
2 I1 = 0
3 I2 = 0
4 I3 = 0
5 I4 = 1
6 I5 = 1
7 OR01 = OR(1,0) = 1

I will now return the answer in \boxed{}
The answer in \boxed{–} is \boxed{11000111}
[correct]
true
