[category]
bit_manipulation
[prompt]
In Alice's Wonderland, a secret bit manipulation rule transforms 8-bit binary numbers. The transformation involves operations like bit shifts, rotations, XOR, AND, OR, NOT, and possibly majority or choice functions.

Here are some examples of input -> output:
10010101 -> 01010001
00001010 -> 10100000
11011111 -> 01000111
01100000 -> 00000110
10101110 -> 10100110
11010111 -> 01010111
00011111 -> 11000001
01111110 -> 00000011
00011000 -> 10000001

Now, determine the output for: 10100101
[completion]
We need to deduce the transformation by matching the example outputs.
I will put my final answer inside \boxed{}.

Output 0: 01010001
0 0
1 1
2 0
3 1
4 0
5 0
6 0
7 1

Output 1: 10100000
0 1
1 0
2 1
3 0
4 0
5 0
6 0
7 0

Output 2: 01000111
0 0
1 1
2 0
3 0
4 0
5 1
6 1
7 1

Output 3: 00000110
0 0
1 0
2 0
3 0
4 0
5 1
6 1
7 0

Output 4: 10100110
0 1
1 0
2 1
3 0
4 0
5 1
6 1
7 0

Output 5: 01010111
0 0
1 1
2 0
3 1
4 0
5 1
6 1
7 1

Output 6: 11000001
0 1
1 1
2 0
3 0
4 0
5 0
6 0
7 1

Output 7: 00000011
0 0
1 0
2 0
3 0
4 0
5 0
6 1
7 1

Output 8: 10000001
0 1
1 0
2 0
3 0
4 0
5 0
6 0
7 1

Output bit columns (with bitsum as hash)
0 010010101 4
1 101001100 4
2 010010000 2
3 100001000 2
4 000000000 a
5 001111000 4
6 001111010 5
7 101001111 6

Input 0: 10010101
0 1
1 0
2 0
3 1
4 0
5 1
6 0
7 1

Input 1: 00001010
0 0
1 0
2 0
3 0
4 1
5 0
6 1
7 0

Input 2: 11011111
0 1
1 1
2 0
3 1
4 1
5 1
6 1
7 1

Input 3: 01100000
0 0
1 1
2 1
3 0
4 0
5 0
6 0
7 0

Input 4: 10101110
0 1
1 0
2 1
3 0
4 1
5 1
6 1
7 0

Input 5: 11010111
0 1
1 1
2 0
3 1
4 0
5 1
6 1
7 1

Input 6: 00011111
0 0
1 0
2 0
3 1
4 1
5 1
6 1
7 1

Input 7: 01111110
0 0
1 1
2 1
3 1
4 1
5 1
6 1
7 0

Input 8: 00011000
0 0
1 0
2 0
3 1
4 1
5 0
6 0
7 0

When matching output
x: not in operator
y: wrong position

Identity
0 101011000 4
1 001101010 4
2 000110010 3
3 101001111 6 match 7
4 011010111 6
5 101011110 6
6 011011110 6
7 101001100 4 match 1

Matching output
0 absent
1 7
2 absent
3 absent
4 absent
5 absent
6 absent
7 3

Left
none
Best: none

Right
3 2x
Best: I3: 1

NOT
0 010100111 5
1 110010101 5
2 111001101 6
3 010110000 3
4 100101000 3
5 010100001 3
6 100100001 3
7 010110011 5

Matching output
0 absent
1 absent
2 absent
3 absent
4 absent
5 absent
6 absent
7 absent

Left
none
Best: none

Right
none
Best: none

Constant
0 000000000 a match 4
1 111111111 a

Matching output
0 absent
1 absent
2 absent
3 absent
4 C0
5 absent
6 absent
7 absent

Left
none
Best: none

Right
none
Best: none

AND
01 10 001001000 2
12 21 000100010 2
23 32 000000010 1
34 43 001000111 4
45 54 001010110 4
56 65 001011110 5
67 76 001001100 3
70 07 101001000 3

02 20 000010000 1
13 31 001001010 3
24 42 000010010 2
35 53 101001110 5
46 64 011010110 5
57 75 101001100 4 match 1
60 06 001011000 3
71 17 001001000 2

03 30 101001000 3
14 41 001000010 2
25 52 000010010 2
36 63 001001110 4
47 74 001000100 2
50 05 101011000 4
61 16 001001010 3
72 27 000000000 a match 4

04 40 001010000 2
15 51 001001010 3
26 62 000010010 2
37 73 101001100 4 match 1

Matching output
0 absent
1 57 75 37 73
2 absent
3 absent
4 72 27
5 absent
6 absent
7 absent

Left
none
Best: none

Right
none
Best: none

OR
01 10 101111010 6
12 21 001111010 5 match 6
23 32 101111111 8
34 43 111011111 8
45 54 111011111 8
56 65 111011110 7
67 76 111011110 7
70 07 101011100 5

02 20 101111010 6
13 31 101101111 7
24 42 011110111 7
35 53 101011111 7
46 64 011011111 7
57 75 101011110 6
60 06 111011110 7
71 17 101101110 6

03 30 101011111 7
14 41 011111111 8
25 52 101111110 7
36 63 111011111 8
47 74 111011111 8
50 05 101011110 6
61 16 011111110 7
72 27 101111110 7

04 40 111011111 8
15 51 101111110 7
26 62 011111110 7
37 73 101001111 6 match 7

Matching output
0 absent
1 absent
2 absent
3 absent
4 absent
5 absent
6 12 21
7 37 73

Left
none
Best: none

Right
37 26x
73 62x
Best: OR37: 1

XOR
01 10 100110010 4
12 21 001011000 3
23 32 101111101 7
34 43 110011000 4
45 54 110001001 4
56 65 110000000 2
67 76 110010010 4
70 07 000010100 2

02 20 101101010 5
13 31 100100101 4
24 42 011100101 5
35 53 000010001 2
46 64 000001001 2
57 75 000010010 2
60 06 110000110 4
71 17 100100110 4

03 30 000010111 4
14 41 010111101 6
25 52 101101100 5
36 63 110010001 4
47 74 110011011 6
50 05 000000110 2
61 16 010110100 4
72 27 101111110 7

04 40 110001111 6
15 51 100110100 4
26 62 011101100 5
37 73 000000011 2

Matching output
0 absent
1 absent
2 absent
3 absent
4 absent
5 absent
6 absent
7 absent

Left
none
Best: none

Right
none
Best: none

AND-NOT
01 100010000 2
12 001001000 2
23 000110000 2
34 100001000 2 match 3
45 010000001 2
56 100000000 1
67 010010010 3
70 000000100 1

02 101001000 3
13 000100000 1
24 000100000 1
35 000000001 1
46 000000001 1
57 000010010 2
60 010000110 3
71 100000100 2

03 000010000 1
14 000101000 2
25 000100000 1
36 100000001 2
47 010010011 4
50 000000110 2
61 010010100 3
72 101001100 4 match 1

04 100001000 2 match 3
15 000100000 1
26 000100000 1
37 000000011 2
40 010000111 4
51 100010100 3
62 011001100 4
73 000000000 a match 4

05 000000000 a match 4
16 000100000 1
27 000110010 3
30 000000111 3
41 010010101 4 match 0
52 101001100 4 match 1
63 010010000 2 match 2
74 100001000 2 match 3

06 100000000 1
17 000100010 2
20 000100010 2
31 100000101 3
42 011000101 4
53 000010000 1
64 000001000 1
75 000000000 a match 4

07 000010000 1
10 000100010 2
21 000010000 1
32 101001101 5
43 010010000 2 match 2
54 100001000 2 match 3
65 010000000 1
76 100000000 1

Matching output
0 41
1 72 52
2 63 43
3 34 04 74 54
4 73 05 75
5 absent
6 absent
7 absent

Left
41 52 63 74 05 16x
Best: AND-NOT41 52 63 74 05: 5

Right
none
Best: none

OR-NOT
01 111011101 7
12 111101111 8
23 010110010 4
34 101101111 7
45 011110111 7
56 101111111 8
67 011111111 8
70 111101111 8

02 111011101 7
13 011111010 6
24 100111010 5
35 111101111 8
46 111110111 8
57 111111111 a
60 011111111 8
71 111011101 7

03 111111000 6
14 101101010 5
25 010110011 5
36 101101111 7
47 011110111 7
50 111111111 a
61 111011111 8
72 111001101 6

04 101111000 5
15 011101011 6
26 100110011 5
37 111111111 a
40 011110111 7
51 111011111 8
62 111011111 8
73 111111100 7

05 111111001 7
16 101101011 6
27 010110011 5
30 111101111 8
41 111010111 7
52 111011111 8
63 011111110 7
74 101101100 5

06 101111001 6
17 011111011 7
20 010110111 6
31 111011111 8
42 111011111 8
53 111111110 8
64 111111110 8
75 111101101 7

07 111111011 8
10 011101111 7
21 110110111 7
32 111001111 7
43 011110111 7
54 101111110 7
65 011111111 8
76 101101101 6

Matching output
0 absent
1 absent
2 absent
3 absent
4 absent
5 absent
6 absent
7 absent

Left
none
Best: none

Right
none
Best: none

XOR-NOT
01 011001101 5
12 110100111 6
23 010000010 2
34 001100111 5
45 001110110 5
56 001111111 7
67 001101101 5
70 111101011 7

02 010010101 4 match 0
13 011011010 5
24 100011010 4
35 111101110 7
46 111110110 7
57 111101101 7
60 001111001 5
71 011011001 5

03 111101000 5
14 101000010 3
25 010010011 4
36 001101110 5
47 001100100 3
50 111111001 7
61 101001011 5
72 010000001 2

04 001110000 3
15 011001011 5
26 100010011 4
37 111111100 7
40 001110000 3
51 011001011 5
62 100010011 4
73 111111100 7

05 111111001 7
16 101001011 5
27 010000001 2
30 111101000 5
41 101000010 3
52 010010011 4
63 001101110 5
74 001100100 3

06 001111001 5
17 011011001 5
20 010010101 4 match 0
31 011011010 5
42 100011010 4
53 111101110 7
64 111110110 7
75 111101101 7

07 111101011 7
10 011001101 5
21 110100111 6
32 010000010 2
43 001100111 5
54 001110110 5
65 001111111 7
76 001101101 5

Matching output
0 02 20
1 absent
2 absent
3 absent
4 absent
5 absent
6 absent
7 absent

Left
02 13x
20 31x
Best: XOR-NOT02: 1

Right
none
Best: none

Selecting

Lefts
Identity none
NOT none
Constant none
AND none
OR none
XOR none
AND-NOT AND-NOT41 52 63 74 05: 5
OR-NOT none
XOR-NOT XOR-NOT02: 1

Rights
Identity I3: 1
NOT none
Constant none
AND none
OR OR37: 1
XOR none
AND-NOT none
OR-NOT none
XOR-NOT none

Left longest: 5
Right longest: 1

Left winner: Identity no, NOT no, Constant no, AND no, OR no, XOR no, AND-NOT yes, OR-NOT no, XOR-NOT no
Right winner: Identity yes, NOT no, Constant no, AND no, OR no, XOR no, AND-NOT no, OR-NOT no, XOR-NOT no

Best left: AND-NOT41 52 63 74 05: 5
Best right: I3: 1

Truncated left: AND-NOT41 52 63 74 05: 5
Truncated right: I3: 1

Tentative from right
7 I3
6 pending
5 pending
4 pending
3 pending
2 pending
1 pending
0 pending

Tentative
0 AND-NOT41
1 AND-NOT52
2 AND-NOT63
3 AND-NOT74
4 AND-NOT05
5 pending
6 pending
7 I3

Preferred from left
0 AND-NOT41
1 AND-NOT52
2 AND-NOT63
3 AND-NOT74
4 AND-NOT05
5 ?16
6 ?27
7 I3

Preferred from right
7 I3
6 ?27
5 ?16
4 AND-NOT05
3 AND-NOT74
2 AND-NOT63
1 AND-NOT52
0 AND-NOT41

Preferred
0 AND-NOT41
1 AND-NOT52
2 AND-NOT63
3 AND-NOT74
4 AND-NOT05
5 ?16 ?61
6 ?27 ?72
7 I3

Matching
0 AND-NOT41
1 AND-NOT52
2 AND-NOT63
3 AND-NOT74
4 AND-NOT05
5 ?16 ?61 - Identity absent, NOT absent, Constant absent, AND absent, OR absent, XOR absent, AND-NOT absent, OR-NOT absent, XOR-NOT absent
6 ?27 ?72 - Identity absent, NOT absent, Constant absent, AND absent, OR absent, XOR absent, AND-NOT absent, OR-NOT absent, XOR-NOT absent
7 I3

Perfect match
Identity no
NOT no
Constant no
AND no
OR no
XOR no
AND-NOT no
OR-NOT no
XOR-NOT no

Matched
0 AND-NOT41
1 AND-NOT52
2 AND-NOT63
3 AND-NOT74
4 AND-NOT05
5 none
6 none
7 I3

Selected
0 AND-NOT41
1 AND-NOT52
2 AND-NOT63
3 AND-NOT74
4 AND-NOT05
5 default 1
6 default 1
7 I3

Applying to 10100101
Input
0 1
1 0
2 1
3 0
4 0
5 1
6 0
7 1
Output
0 AND-NOT41 = AND(0,NOT(0)) = 0
1 AND-NOT52 = AND(1,NOT(1)) = 0
2 AND-NOT63 = AND(0,NOT(0)) = 0
3 AND-NOT74 = AND(1,NOT(0)) = 1
4 AND-NOT05 = AND(1,NOT(1)) = 0
5 default 1 = 1
6 default 1 = 1
7 I3 = 0

I will now return the answer in \boxed{}
The answer in \boxed{–} is \boxed{00010110}
[correct]
false
