[category]
bit_manipulation
[prompt]
In Alice's Wonderland, a secret bit manipulation rule transforms 8-bit binary numbers. The transformation involves operations like bit shifts, rotations, XOR, AND, OR, NOT, and possibly majority or choice functions.

Here are some examples of input -> output:
01101111 -> 00001110
11011100 -> 00111001
00101101 -> 00001010
10101100 -> 00011001
01100011 -> 11000110
01001001 -> 00000010
01000110 -> 10001100
01111010 -> 01010100
01100111 -> 10001110
00000001 -> 00000010

Now, determine the output for: 10010010
[completion]
We need to deduce the transformation by matching the example outputs.
I will put my final answer inside \boxed{}.

Output 0: 00001110
0 0
1 0
2 0
3 0
4 1
5 1
6 1
7 0

Output 1: 00111001
0 0
1 0
2 1
3 1
4 1
5 0
6 0
7 1

Output 2: 00001010
0 0
1 0
2 0
3 0
4 1
5 0
6 1
7 0

Output 3: 00011001
0 0
1 0
2 0
3 1
4 1
5 0
6 0
7 1

Output 4: 11000110
0 1
1 1
2 0
3 0
4 0
5 1
6 1
7 0

Output 5: 00000010
0 0
1 0
2 0
3 0
4 0
5 0
6 1
7 0

Output 6: 10001100
0 1
1 0
2 0
3 0
4 1
5 1
6 0
7 0

Output 7: 01010100
0 0
1 1
2 0
3 1
4 0
5 1
6 0
7 0

Output 8: 10001110
0 1
1 0
2 0
3 0
4 1
5 1
6 1
7 0

Output 9: 00000010
0 0
1 0
2 0
3 0
4 0
5 0
6 1
7 0

Output bit columns (with bitsum as hash)
0 0000101010 3
1 0000100100 2
2 0100000000 1
3 0101000100 3
4 1111001010 6
5 1000101110 5
6 1010110011 6
7 0101000000 2

Input 0: 01101111
0 0
1 1
2 1
3 0
4 1
5 1
6 1
7 1

Input 1: 11011100
0 1
1 1
2 0
3 1
4 1
5 1
6 0
7 0

Input 2: 00101101
0 0
1 0
2 1
3 0
4 1
5 1
6 0
7 1

Input 3: 10101100
0 1
1 0
2 1
3 0
4 1
5 1
6 0
7 0

Input 4: 01100011
0 0
1 1
2 1
3 0
4 0
5 0
6 1
7 1

Input 5: 01001001
0 0
1 1
2 0
3 0
4 1
5 0
6 0
7 1

Input 6: 01000110
0 0
1 1
2 0
3 0
4 0
5 1
6 1
7 0

Input 7: 01111010
0 0
1 1
2 1
3 1
4 1
5 0
6 1
7 0

Input 8: 01100111
0 0
1 1
2 1
3 0
4 0
5 1
6 1
7 1

Input 9: 00000001
0 0
1 0
2 0
3 0
4 0
5 0
6 0
7 1

When matching output
x: not in operator
y: wrong position

Identity
0 0101000000 2 match 7
1 1100111110 7
2 1011100110 6
3 0100000100 2
4 1111010100 6
5 1111001010 6 match 4
6 1000101110 5 match 5
7 1010110011 6 match 6

Matching output
0 absent
1 absent
2 absent
3 absent
4 5
5 6
6 7
7 0

Left
none
Best: none

Right
0 7 6 5 4x
Best: I0 7 6 5: 4

NOT
0 1010111111 8
1 0011000001 3
2 0100011001 4
3 1011111011 8
4 0000101011 4
5 0000110101 4
6 0111010001 5
7 0101001100 4

Matching output
0 absent
1 absent
2 absent
3 absent
4 absent
5 absent
6 absent
7 absent

Left
none
Best: none

Right
none
Best: none

Constant
0 0000000000 a
1 1111111111 a

Matching output
0 absent
1 absent
2 absent
3 absent
4 absent
5 absent
6 absent
7 absent

Left
none
Best: none

Right
none
Best: none

AND
01 10 0100000000 1 match 2
12 21 1000100110 4
23 32 0000000100 1
34 43 0100000100 2
45 54 1111000000 4
56 65 1000001010 3
67 76 1000100010 3
70 07 0000000000 a

02 20 0001000000 1
13 31 0100000100 2
24 42 1011000100 4
35 53 0100000000 1 match 2
46 64 1000000100 2
57 75 1010000010 3
60 06 0000000000 a
71 17 1000110010 4

03 30 0100000000 1 match 2
14 41 1100010100 4
25 52 1011000010 4
36 63 0000000100 1
47 74 1010010000 3
50 05 0101000000 2 match 7
61 16 1000101110 5 match 5
72 27 1010100010 4

04 40 0101000000 2 match 7
15 51 1100001010 4
26 62 1000100110 4
37 73 0000000000 a

Matching output
0 absent
1 absent
2 01 10 35 53 03 30
3 absent
4 absent
5 61 16
6 absent
7 50 05 04 40

Left
none
Best: none

Right
50 47x
05 74x
04 73x
40 37x
Best: AND50: 1

OR
01 10 1101111110 8
12 21 1111111110 9
23 32 1111100110 7
34 43 1111010100 6
45 54 1111011110 8
56 65 1111101110 8
67 76 1010111111 8
70 07 1111110011 8

02 20 1111100110 7
13 31 1100111110 7
24 42 1111110110 8
35 53 1111001110 7
46 64 1111111110 9
57 75 1111111011 9
60 06 1101101110 7
71 17 1110111111 9

03 30 0101000100 3 match 3
14 41 1111111110 9
25 52 1111101110 8
36 63 1100101110 6
47 74 1111110111 9
50 05 1111001010 6 match 4
61 16 1100111110 7
72 27 1011110111 8

04 40 1111010100 6
15 51 1111111110 9
26 62 1011101110 7
37 73 1110110111 8

Matching output
0 absent
1 absent
2 absent
3 03 30
4 50 05
5 absent
6 absent
7 absent

Left
none
Best: none

Right
none
Best: none

XOR
01 10 1001111110 7
12 21 0111011000 5
23 32 1111100010 6
34 43 1011010000 4
45 54 0000011110 4
56 65 0111100100 5
67 76 0010011101 5
70 07 1111110011 8

02 20 1110100110 6
13 31 1000111010 5
24 42 0100110010 4
35 53 1011001110 6
46 64 0111111010 7
57 75 0101111001 6
60 06 1101101110 7
71 17 0110001101 5

03 30 0001000100 2
14 41 0011101010 5
25 52 0100101100 4
36 63 1100101010 5
47 74 0101100111 6
50 05 1010001010 4
61 16 0100010000 2
72 27 0001010101 4

04 40 1010010100 4
15 51 0011110100 5
26 62 0011001000 3
37 73 1110110111 8

Matching output
0 absent
1 absent
2 absent
3 absent
4 absent
5 absent
6 absent
7 absent

Left
none
Best: none

Right
none
Best: none

AND-NOT
01 0001000000 1
12 0100011000 3
23 1011100010 5
34 0000000000 a
45 0000010100 2
56 0111000000 3
67 0000001100 2
70 1010110011 6 match 6

02 0100000000 1 match 2
13 1000111010 5
24 0000100010 2
35 0000000100 1
46 0111010000 4
57 0101001000 3
60 1000101110 5 match 5
71 0010000001 2

03 0001000000 1
14 0000101010 3 match 0
25 0000100100 2 match 1
36 0100000000 1 match 2
47 0101000100 3 match 3
50 1010001010 4
61 0000000000 a
72 0000010001 2

04 0000000000 a
15 0000110100 3
26 0011000000 2
37 0100000100 2
40 1010010100 4
51 0011000000 2
62 0000001000 1
73 1010110011 6 match 6

05 0000000000 a
16 0100010000 2
27 0001000100 2
30 0000000100 1
41 0011000000 2
52 0100001000 2
63 1000101010 4
74 0000100011 3

06 0101000000 2 match 7
17 0100001100 3
20 1010100110 5
31 0000000000 a
42 0100010000 2
53 1011001010 5
64 0000101010 3 match 0
75 0000110001 3

07 0101000000 2 match 7
10 1000111110 6
21 0011000000 2
32 0100000000 1 match 2
43 1011010000 4
54 0000001010 2
65 0000100100 2 match 1
76 0010010001 3

Matching output
0 14 64
1 25 65
2 02 36 32
3 47
4 absent
5 60
6 70 73
7 06 07

Left
14 25 36 47 50x
64 75x
Best: AND-NOT14 25 36 47: 4

Right
06 75x
07 76x
Best: AND-NOT06: 1

OR-NOT
01 0111000001 4
12 1100111111 8
23 1011111111 9
34 0100101111 6
45 1111110101 8
56 1111011011 8
67 1101101110 7
70 1010111111 8

02 0101011001 5
13 1111111111 a
24 1011101111 8
35 0100110101 5
46 1111010101 7
57 1111001110 7
60 1010111111 8
71 1011110011 7

03 1111111011 9
14 1100111111 8
25 1011110111 8
36 0111010101 6
47 1111011100 7
50 1111111111 a
61 1011101111 8
72 1110111011 8

04 0101101011 6
15 1100111111 8
26 1111110111 9
37 0101001100 4
40 1111111111 a
51 1111001011 7
62 1100111111 8
73 1011111011 8

05 0101110101 6
16 1111111111 a
27 1111101110 8
30 1110111111 9
41 1111010101 7
52 1111011011 8
63 1011111111 9
74 1010111011 7

06 0111010001 5
17 1101111110 8
20 1011111111 9
31 0111000101 5
42 1111011101 8
53 1111111011 9
64 1000101111 6
75 1010110111 7

07 0101001100 4
10 1110111111 9
21 1011100111 7
32 0100011101 5
43 1111111111 a
54 1111101011 8
65 1000111111 7
76 1111110011 8

Matching output
0 absent
1 absent
2 absent
3 absent
4 absent
5 absent
6 absent
7 absent

Left
none
Best: none

Right
none
Best: none

XOR-NOT
01 0110000001 3
12 1000100111 5
23 0000011101 4
34 0100101111 6
45 1111100001 6
56 1000011011 5
67 1101100010 5
70 0000001100 2

02 0001011001 4
13 0111000101 5
24 1011001101 6
35 0100110001 4
46 1000000101 3
57 1010000110 4
60 0010010001 3
71 1001110010 5

03 1110111011 8
14 1100010101 5
25 1011010011 6
36 0011010101 5
47 1010011000 4
50 0101110101 6
61 1011101111 8
72 1110101010 6

04 0101101011 6
15 1100001011 5
26 1100110111 7
37 0001001000 2
40 0101101011 6
51 1100001011 5
62 1100110111 7
73 0001001000 2

05 0101110101 6
16 1011101111 8
27 1110101010 6
30 1110111011 8
41 1100010101 5
52 1011010011 6
63 0011010101 5
74 1010011000 4

06 0010010001 3
17 1001110010 5
20 0001011001 4
31 0111000101 5
42 1011001101 6
53 0100110001 4
64 1000000101 3
75 1010000110 4

07 0000001100 2
10 0110000001 3
21 1000100111 5
32 0000011101 4
43 0100101111 6
54 1111100001 6
65 1000011011 5
76 1101100010 5

Matching output
0 absent
1 absent
2 absent
3 absent
4 absent
5 absent
6 absent
7 absent

Left
none
Best: none

Right
none
Best: none

Selecting

Lefts
Identity none
NOT none
Constant none
AND none
OR none
XOR none
AND-NOT AND-NOT14 25 36 47: 4
OR-NOT none
XOR-NOT none

Rights
Identity I0 7 6 5: 4
NOT none
Constant none
AND AND50: 1
OR none
XOR none
AND-NOT AND-NOT06: 1
OR-NOT none
XOR-NOT none

Left longest: 4
Right longest: 4

Left winner: Identity no, NOT no, Constant no, AND no, OR no, XOR no, AND-NOT yes, OR-NOT no, XOR-NOT no
Right winner: Identity yes, NOT no, Constant no, AND no, OR no, XOR no, AND-NOT no, OR-NOT no, XOR-NOT no

Best left: AND-NOT14 25 36 47: 4
Best right: I0 7 6 5: 4

Truncated left: AND-NOT14 25 36 47: 4
Truncated right: I0 7 6 5: 4

Tentative from right
7 I0
6 I7
5 I6
4 I5
3 pending
2 pending
1 pending
0 pending

Tentative
0 AND-NOT14
1 AND-NOT25
2 AND-NOT36
3 AND-NOT47
4 I5
5 I6
6 I7
7 I0

Preferred from left
0 AND-NOT14
1 AND-NOT25
2 AND-NOT36
3 AND-NOT47
4 I5
5 I6
6 I7
7 I0

Preferred from right
7 I0
6 I7
5 I6
4 I5
3 AND-NOT47
2 AND-NOT36
1 AND-NOT25
0 AND-NOT14

Preferred
0 AND-NOT14
1 AND-NOT25
2 AND-NOT36
3 AND-NOT47
4 I5
5 I6
6 I7
7 I0

Matching
0 AND-NOT14
1 AND-NOT25
2 AND-NOT36
3 AND-NOT47
4 I5
5 I6
6 I7
7 I0

Perfect match
Identity no
NOT no
Constant no
AND no
OR no
XOR no
AND-NOT no
OR-NOT no
XOR-NOT no

Matched
0 AND-NOT14
1 AND-NOT25
2 AND-NOT36
3 AND-NOT47
4 I5
5 I6
6 I7
7 I0

Selected
0 AND-NOT14
1 AND-NOT25
2 AND-NOT36
3 AND-NOT47
4 I5
5 I6
6 I7
7 I0

Applying to 10010010
Input
0 1
1 0
2 0
3 1
4 0
5 0
6 1
7 0
Output
0 AND-NOT14 = AND(0,NOT(0)) = 0
1 AND-NOT25 = AND(0,NOT(0)) = 0
2 AND-NOT36 = AND(1,NOT(1)) = 0
3 AND-NOT47 = AND(0,NOT(0)) = 0
4 I5 = 0
5 I6 = 1
6 I7 = 0
7 I0 = 1

I will now return the answer in \boxed{}
The answer in \boxed{–} is \boxed{00000101}
[correct]
true
