[category]
bit_manipulation
[prompt]
In Alice's Wonderland, a secret bit manipulation rule transforms 8-bit binary numbers. The transformation involves operations like bit shifts, rotations, XOR, AND, OR, NOT, and possibly majority or choice functions.

Here are some examples of input -> output:
00101000 -> 00010110
01111100 -> 00111111
01000011 -> 10100101
10101100 -> 01011110
10110000 -> 01011011
10000011 -> 11001001
11110110 -> 01111111
10001011 -> 11001101
10010101 -> 11001011
00111000 -> 00011111

Now, determine the output for: 00100100
[completion]
We need to deduce the transformation by matching the example outputs.
I will put my final answer inside \boxed{}.

Output 0: 00010110
0 0
1 0
2 0
3 1
4 0
5 1
6 1
7 0

Output 1: 00111111
0 0
1 0
2 1
3 1
4 1
5 1
6 1
7 1

Output 2: 10100101
0 1
1 0
2 1
3 0
4 0
5 1
6 0
7 1

Output 3: 01011110
0 0
1 1
2 0
3 1
4 1
5 1
6 1
7 0

Output 4: 01011011
0 0
1 1
2 0
3 1
4 1
5 0
6 1
7 1

Output 5: 11001001
0 1
1 1
2 0
3 0
4 1
5 0
6 0
7 1

Output 6: 01111111
0 0
1 1
2 1
3 1
4 1
5 1
6 1
7 1

Output 7: 11001101
0 1
1 1
2 0
3 0
4 1
5 1
6 0
7 1

Output 8: 11001011
0 1
1 1
2 0
3 0
4 1
5 0
6 1
7 1

Output 9: 00011111
0 0
1 0
2 0
3 1
4 1
5 1
6 1
7 1

Output bit columns (with bitsum as hash)
0 0010010110 4
1 0001111110 6
2 0110001000 3
3 1101101001 6
4 0101111111 8
5 1111001101 7
6 1101101011 7
7 0110111111 8

Input 0: 00101000
0 0
1 0
2 1
3 0
4 1
5 0
6 0
7 0

Input 1: 01111100
0 0
1 1
2 1
3 1
4 1
5 1
6 0
7 0

Input 2: 01000011
0 0
1 1
2 0
3 0
4 0
5 0
6 1
7 1

Input 3: 10101100
0 1
1 0
2 1
3 0
4 1
5 1
6 0
7 0

Input 4: 10110000
0 1
1 0
2 1
3 1
4 0
5 0
6 0
7 0

Input 5: 10000011
0 1
1 0
2 0
3 0
4 0
5 0
6 1
7 1

Input 6: 11110110
0 1
1 1
2 1
3 1
4 0
5 1
6 1
7 0

Input 7: 10001011
0 1
1 0
2 0
3 0
4 1
5 0
6 1
7 1

Input 8: 10010101
0 1
1 0
2 0
3 1
4 0
5 1
6 0
7 1

Input 9: 00111000
0 0
1 0
2 1
3 1
4 1
5 0
6 0
7 0

When matching output
x: not in operator
y: wrong position

Identity
0 0001111110 6 match 1
1 0110001000 3 match 2
2 1101101001 6 match 3
3 0100101011 5
4 1101000101 5
5 0101001010 4
6 0010011100 4
7 0010010110 4 match 0

Matching output
0 7
1 0
2 1
3 2
4 absent
5 absent
6 absent
7 absent

Left
7 0 1 2 3x
Best: I7 0 1 2: 4

Right
none
Best: none

NOT
0 1110000001 4
1 1001110111 7
2 0010010110 4 match 0
3 1011010100 5
4 0010111010 5
5 1010110101 6
6 1101100011 6
7 1101101001 6 match 3

Matching output
0 2
1 absent
2 absent
3 7
4 absent
5 absent
6 absent
7 absent

Left
2 3x
Best: NOT2: 1

Right
none
Best: none

Constant
0 0000000000 a
1 1111111111 a

Matching output
0 absent
1 absent
2 absent
3 absent
4 absent
5 absent
6 absent
7 absent

Left
none
Best: none

Right
none
Best: none

AND
01 10 0000001000 1
12 21 0100001000 2
23 32 0100101001 4
34 43 0100000001 2
45 54 0101000000 2
56 65 0000001000 1
67 76 0010010100 3
70 07 0000010110 3

02 20 0001101000 3
13 31 0100001000 2
24 42 1101000001 4
35 53 0100001010 3
46 64 0000000100 1
57 75 0000000010 1
60 06 0000011100 3
71 17 0010000000 1

03 30 0000101010 3
14 41 0100000000 1
25 52 0101001000 3
36 63 0000001000 1
47 74 0000000100 1
50 05 0001001010 3
61 16 0010001000 2
72 27 0000000000 a

04 40 0001000100 2
15 51 0100001000 2
26 62 0000001000 1
37 73 0000000010 1

Matching output
0 absent
1 absent
2 absent
3 absent
4 absent
5 absent
6 absent
7 absent

Left
none
Best: none

Right
none
Best: none

OR
01 10 0111111110 8
12 21 1111101001 7
23 32 1101101011 7 match 6
34 43 1101101111 8
45 54 1101001111 7
56 65 0111011110 7
67 76 0010011110 5
70 07 0011111110 7

02 20 1101111111 9
13 31 0110101011 6
24 42 1101101101 7
35 53 0101101011 6
46 64 1111011101 8
57 75 0111011110 7
60 06 0011111110 7
71 17 0110011110 6

03 30 0101111111 8 match 4
14 41 1111001101 7 match 5
25 52 1101101011 7 match 6
36 63 0110111111 8 match 7
47 74 1111010111 8
50 05 0101111110 7
61 16 0110011100 5
72 27 1111111111 a

04 40 1101111111 9
15 51 0111001010 5
26 62 1111111101 9
37 73 0110111111 8 match 7

Matching output
0 absent
1 absent
2 absent
3 absent
4 03 30
5 14 41
6 23 32 25 52
7 36 63 37 73

Left
none
Best: none

Right
36 25 14 03 72x
63 52 41 30 27x
37 26x
73 62x
Best: OR36 25 14 03: 4

XOR
01 10 0111110110 7
12 21 1011100001 5
23 32 1001000010 3
34 43 1001101110 6
45 54 1000001111 5
56 65 0111010110 6
67 76 0000001010 2
70 07 0011101000 4

02 20 1100010111 6
13 31 0010100011 4
24 42 0000101100 3
35 53 0001100001 3
46 64 1111011001 7
57 75 0111011100 6
60 06 0011100010 4
71 17 0100011110 5

03 30 0101010101 5
14 41 1011001101 6
25 52 1000100011 4
36 63 0110110111 7
47 74 1111010011 7
50 05 0100110100 4
61 16 0100010100 3
72 27 1111111111 a

04 40 1100111011 7
15 51 0011000010 3
26 62 1111110101 8
37 73 0110111101 7

Matching output
0 absent
1 absent
2 absent
3 absent
4 absent
5 absent
6 absent
7 absent

Left
none
Best: none

Right
none
Best: none

AND-NOT
01 0001110110 5
12 0010000000 1
23 1001000000 2
34 0000101010 3
45 1000000101 3
56 0101000010 3
67 0000001000 1
70 0010000000 1

02 0000010110 3
13 0010000000 1
24 0000101000 2
35 0000100001 2
46 1101000001 4
57 0101001000 3
60 0010000000 1
71 0000010110 3

03 0001010100 3
14 0010001000 2
25 1000100001 3
36 0100100011 4
47 1101000001 4
50 0100000000 1
61 0000010100 2
72 0010010110 4 match 0

04 0000111010 4
15 0010000000 1
26 1101100001 5
37 0100101001 4
40 1100000001 3
51 0001000010 2
62 0010010100 3
73 0010010100 3

05 0000110100 3
16 0100000000 1
27 1101101001 6 match 3
30 0100000001 2
41 1001000101 4
52 0000000010 1
63 0010010100 3
74 0010010010 3

06 0001100010 3
17 0100001000 2
20 1100000001 3
31 0000100011 3
42 0000000100 1
53 0001000000 1
64 0010011000 3
75 0010010100 3

07 0001101000 3
10 0110000000 2
21 1001100001 4
32 0000000010 1
43 1001000100 3
54 0000001010 2
65 0010010100 3
76 0000000010 1

Matching output
0 72
1 absent
2 absent
3 27
4 absent
5 absent
6 absent
7 absent

Left
72 03x
Best: AND-NOT72: 1

Right
none
Best: none

OR-NOT
01 1001111111 8
12 0110011110 6
23 1111111101 9
34 0110111011 7
45 1111110101 8
56 1101101011 7 match 6
67 1111111101 9
70 1110010111 7

02 0011111110 7
13 1111011100 7
24 1111111011 9
35 1110111111 9
46 1101100111 7
57 1101101011 7 match 6
60 1110011101 7
71 1011110111 8

03 1011111110 8
14 0110111010 6
25 1111111101 9
36 1101101011 7 match 6
47 1101101101 7
50 1111001011 7
61 1011111111 9
72 0010010110 4 match 0

04 0011111110 7
15 1110111101 8
26 1101101011 7 match 6
37 1101101011 7 match 6
40 1111000101 6
51 1101111111 9
62 0010011110 5
73 1011010110 6

05 1011111111 9
16 1111101011 8
27 1101101001 6 match 3
30 1110101011 7
41 1101110111 8
52 0111011110 7
63 1011011100 6
74 0010111110 6

06 1101111111 9
17 1111101001 7
20 1111101001 7
31 1101111111 9
42 1111010111 8
53 1111011110 8
64 0010111110 6
75 1010110111 7

07 1101111111 9
10 1110001001 5
21 1101111111 9
32 0110111111 8 match 7
43 1111010101 7
54 0111111010 7
65 1010111101 7
76 1111110111 9

Matching output
0 72
1 absent
2 absent
3 27
4 absent
5 absent
6 56 57 36 26 37
7 32

Left
72 03x
Best: OR-NOT72: 1

Right
32 21x
Best: OR-NOT32: 1

XOR-NOT
01 1000001001 3
12 0100011110 5
23 0110111101 7
34 0110010001 4
45 0111110000 5
56 1000101001 4
67 1111110101 8
70 1100010111 6

02 0011101000 4
13 1101011100 6
24 1111010011 7
35 1110011110 7
46 0000100110 3
57 1000100011 4
60 1100011101 6
71 1011100001 5

03 1010101010 5
14 0100110010 4
25 0111011100 6
36 1001001000 3
47 0000101100 3
50 1011001011 6
61 1011101011 7
72 0000000000 a

04 0011000100 3
15 1100111101 7
26 0000001010 2
37 1001000010 3
40 0011000100 3
51 1100111101 7
62 0000001010 2
73 1001000010 3

05 1011001011 6
16 1011101011 7
27 0000000000 a
30 1010101010 5
41 0100110010 4
52 0111011100 6
63 1001001000 3
74 0000101100 3

06 1100011101 6
17 1011100001 5
20 0011101000 4
31 1101011100 6
42 1111010011 7
53 1110011110 7
64 0000100110 3
75 1000100011 4

07 1100010111 6
10 1000001001 3
21 0100011110 5
32 0110111101 7
43 0110010001 4
54 0111110000 5
65 1000101001 4
76 1111110101 8

Matching output
0 absent
1 absent
2 absent
3 absent
4 absent
5 absent
6 absent
7 absent

Left
none
Best: none

Right
none
Best: none

Selecting

Lefts
Identity I7 0 1 2: 4
NOT NOT2: 1
Constant none
AND none
OR none
XOR none
AND-NOT AND-NOT72: 1
OR-NOT OR-NOT72: 1
XOR-NOT none

Rights
Identity none
NOT none
Constant none
AND none
OR OR36 25 14 03: 4
XOR none
AND-NOT none
OR-NOT OR-NOT32: 1
XOR-NOT none

Left longest: 4
Right longest: 4

Left winner: Identity yes, NOT no, Constant no, AND no, OR no, XOR no, AND-NOT no, OR-NOT no, XOR-NOT no
Right winner: Identity no, NOT no, Constant no, AND no, OR yes, XOR no, AND-NOT no, OR-NOT no, XOR-NOT no

Best left: I7 0 1 2: 4
Best right: OR36 25 14 03: 4

Truncated left: I7 0 1 2: 4
Truncated right: OR36 25 14 03: 4

Tentative from right
7 OR36
6 OR25
5 OR14
4 OR03
3 pending
2 pending
1 pending
0 pending

Tentative
0 I7
1 I0
2 I1
3 I2
4 OR03
5 OR14
6 OR25
7 OR36

Preferred from left
0 I7
1 I0
2 I1
3 I2
4 OR03
5 OR14
6 OR25
7 OR36

Preferred from right
7 OR36
6 OR25
5 OR14
4 OR03
3 I2
2 I1
1 I0
0 I7

Preferred
0 I7
1 I0
2 I1
3 I2
4 OR03
5 OR14
6 OR25
7 OR36

Matching
0 I7
1 I0
2 I1
3 I2
4 OR03
5 OR14
6 OR25
7 OR36

Perfect match
Identity no
NOT no
Constant no
AND no
OR no
XOR no
AND-NOT no
OR-NOT no
XOR-NOT no

Matched
0 I7
1 I0
2 I1
3 I2
4 OR03
5 OR14
6 OR25
7 OR36

Selected
0 I7
1 I0
2 I1
3 I2
4 OR03
5 OR14
6 OR25
7 OR36

Applying to 00100100
Input
0 0
1 0
2 1
3 0
4 0
5 1
6 0
7 0
Output
0 I7 = 0
1 I0 = 0
2 I1 = 0
3 I2 = 1
4 OR03 = OR(0,0) = 0
5 OR14 = OR(0,0) = 0
6 OR25 = OR(1,1) = 1
7 OR36 = OR(0,0) = 0

I will now return the answer in \boxed{}
The answer in \boxed{–} is \boxed{00010010}
[correct]
true
