[category]
bit_manipulation
[prompt]
In Alice's Wonderland, a secret bit manipulation rule transforms 8-bit binary numbers. The transformation involves operations like bit shifts, rotations, XOR, AND, OR, NOT, and possibly majority or choice functions.

Here are some examples of input -> output:
11111010 -> 11111110
11001010 -> 11111110
11111011 -> 11111110
10011101 -> 11111111
11010100 -> 11111101
11000100 -> 11111101
11001111 -> 11111111

Now, determine the output for: 10111111
[completion]
We need to deduce the transformation by matching the example outputs.
I will put my final answer inside \boxed{}.

Output 0: 11111110
0 1
1 1
2 1
3 1
4 1
5 1
6 1
7 0

Output 1: 11111110
0 1
1 1
2 1
3 1
4 1
5 1
6 1
7 0

Output 2: 11111110
0 1
1 1
2 1
3 1
4 1
5 1
6 1
7 0

Output 3: 11111111
0 1
1 1
2 1
3 1
4 1
5 1
6 1
7 1

Output 4: 11111101
0 1
1 1
2 1
3 1
4 1
5 1
6 0
7 1

Output 5: 11111101
0 1
1 1
2 1
3 1
4 1
5 1
6 0
7 1

Output 6: 11111111
0 1
1 1
2 1
3 1
4 1
5 1
6 1
7 1

Output bit columns (with bitsum as hash)
0 1111111 a
1 1111111 a
2 1111111 a
3 1111111 a
4 1111111 a
5 1111111 a
6 1111001 5
7 0001111 4

Input 0: 11111010
0 1
1 1
2 1
3 1
4 1
5 0
6 1
7 0

Input 1: 11001010
0 1
1 1
2 0
3 0
4 1
5 0
6 1
7 0

Input 2: 11111011
0 1
1 1
2 1
3 1
4 1
5 0
6 1
7 1

Input 3: 10011101
0 1
1 0
2 0
3 1
4 1
5 1
6 0
7 1

Input 4: 11010100
0 1
1 1
2 0
3 1
4 0
5 1
6 0
7 0

Input 5: 11000100
0 1
1 1
2 0
3 0
4 0
5 1
6 0
7 0

Input 6: 11001111
0 1
1 1
2 0
3 0
4 1
5 1
6 1
7 1

When matching output
x: not in operator
y: wrong position

Identity
0 1111111 a match 0 1 2 3 4 5
1 1110111 6
2 1010000 2
3 1011100 4
4 1111001 5 match 6
5 0001111 4 match 7
6 1110001 4
7 0011001 3

Matching output
0 0
1 0
2 0
3 0
4 0
5 0
6 4
7 5

Left
0 1x
Best: I0: 1

Right
5 4 3x
Best: I5 4: 2

NOT
0 0000000 a
1 0001000 1
2 0101111 5
3 0100011 3
4 0000110 2
5 1110000 3
6 0001110 3
7 1100110 4

Matching output
0 absent
1 absent
2 absent
3 absent
4 absent
5 absent
6 absent
7 absent

Left
none
Best: none

Right
none
Best: none

Constant
0 0000000 a
1 1111111 a match 0 1 2 3 4 5

Matching output
0 C1
1 C1
2 C1
3 C1
4 C1
5 C1
6 absent
7 absent

Left
1 1 1 1 1 1
Best: C1 1 1 1 1 1: 6

Right
none
Best: none

AND
01 10 1110111 6
12 21 1010000 2
23 32 1010000 2
34 43 1011000 3
45 54 0001001 2
56 65 0000001 1
67 76 0010001 2
70 07 0011001 3

02 20 1010000 2
13 31 1010100 3
24 42 1010000 2
35 53 0001100 2
46 64 1110001 4
57 75 0001001 2
60 06 1110001 4
71 17 0010001 2

03 30 1011100 4
14 41 1110001 4
25 52 0000000 a
36 63 1010000 2
47 74 0011001 3
50 05 0001111 4 match 7
61 16 1110001 4
72 27 0010000 1

04 40 1111001 5 match 6
15 51 0000111 3
26 62 1010000 2
37 73 0011000 2

Matching output
0 absent
1 absent
2 absent
3 absent
4 absent
5 absent
6 04 40
7 50 05

Left
none
Best: none

Right
50 47x
05 74x
Best: AND50: 1

OR
01 10 1111111 a match 0 1 2 3 4 5
12 21 1110111 6
23 32 1011100 4
34 43 1111101 6
45 54 1111111 a match 0 1 2 3 4 5
56 65 1111111 a match 0 1 2 3 4 5
67 76 1111001 5 match 6
70 07 1111111 a match 0 1 2 3 4 5

02 20 1111111 a match 0 1 2 3 4 5
13 31 1111111 a match 0 1 2 3 4 5
24 42 1111001 5 match 6
35 53 1011111 6
46 64 1111001 5 match 6
57 75 0011111 5
60 06 1111111 a match 0 1 2 3 4 5
71 17 1111111 a match 0 1 2 3 4 5

03 30 1111111 a match 0 1 2 3 4 5
14 41 1111111 a match 0 1 2 3 4 5
25 52 1011111 6
36 63 1111101 6
47 74 1111001 5 match 6
50 05 1111111 a match 0 1 2 3 4 5
61 16 1110111 6
72 27 1011001 4

04 40 1111111 a match 0 1 2 3 4 5
15 51 1111111 a match 0 1 2 3 4 5
26 62 1110001 4
37 73 1011101 5

Matching output
0 01 10 45 54 56 65 70 07 02 20 13 31 60 06 71 17 03 30 14 41 50 05 04 40 15 51
1 01 10 45 54 56 65 70 07 02 20 13 31 60 06 71 17 03 30 14 41 50 05 04 40 15 51
2 01 10 45 54 56 65 70 07 02 20 13 31 60 06 71 17 03 30 14 41 50 05 04 40 15 51
3 01 10 45 54 56 65 70 07 02 20 13 31 60 06 71 17 03 30 14 41 50 05 04 40 15 51
4 01 10 45 54 56 65 70 07 02 20 13 31 60 06 71 17 03 30 14 41 50 05 04 40 15 51
5 01 10 45 54 56 65 70 07 02 20 13 31 60 06 71 17 03 30 14 41 50 05 04 40 15 51
6 67 76 24 42 46 64 47 74
7 absent

Left
01 12x
10 21x
45 56 67y
54 65 76y
56 67y
65 76y
70 01 12x
07 10 21x
02 13 24y
20 31 42y
13 24y
31 42y
60 71 02 13 24y
06 17 20 31 42y
71 02 13 24y
17 20 31 42y
03 14 25x
30 41 52x
14 25x
41 52x
50 61x
05 16x
04 15 26x
40 51 62x
15 26x
51 62x
Best: OR60 71 02 13: 4

Right
none
Best: none

XOR
01 10 0001000 1
12 21 0100111 4
23 32 0001100 2
34 43 0100101 3
45 54 1110110 5
56 65 1111110 6
67 76 1101000 3
70 07 1100110 4

02 20 0101111 5
13 31 0101011 4
24 42 0101001 3
35 53 1010011 4
46 64 0001000 1
57 75 0010110 3
60 06 0001110 3
71 17 1101110 5

03 30 0100011 3
14 41 0001110 3
25 52 1011111 6
36 63 0101101 4
47 74 1100000 2
50 05 1110000 3
61 16 0000110 2
72 27 1001001 3

04 40 0000110 2
15 51 1111000 4
26 62 0100001 2
37 73 1000101 3

Matching output
0 absent
1 absent
2 absent
3 absent
4 absent
5 absent
6 absent
7 absent

Left
none
Best: none

Right
none
Best: none

AND-NOT
01 0001000 1
12 0100111 4
23 0000000 a
34 0000100 1
45 1110000 3
56 0001110 3
67 1100000 2
70 0000000 a

02 0101111 5
13 0100011 3
24 0000000 a
35 1010000 2
46 0001000 1
57 0000110 2
60 0000000 a
71 0001000 1

03 0100011 3
14 0000110 2
25 1010000 2
36 0001100 2
47 1100000 2
50 0000000 a
61 0000000 a
72 0001001 2

04 0000110 2
15 1110000 3
26 0000000 a
37 1000100 2
40 0000000 a
51 0001000 1
62 0100001 2
73 0000001 1

05 1110000 3
16 0000110 2
27 1000000 1
30 0000000 a
41 0001000 1
52 0001111 4 match 7
63 0100001 2
74 0000000 a

06 0001110 3
17 1100110 4
20 0000000 a
31 0001000 1
42 0101001 3
53 0000011 2
64 0000000 a
75 0010000 1

07 1100110 4
10 0000000 a
21 0000000 a
32 0001100 2
43 0100001 2
54 0000110 2
65 1110000 3
76 0001000 1

Matching output
0 absent
1 absent
2 absent
3 absent
4 absent
5 absent
6 absent
7 52

Left
none
Best: none

Right
52 41x
Best: AND-NOT52: 1

OR-NOT
01 1111111 a match 0 1 2 3 4 5
12 1111111 a match 0 1 2 3 4 5
23 1110011 5
34 1011110 5
45 1111001 5 match 6
56 0001111 4 match 7
67 1110111 6
70 0011001 3

02 1111111 a match 0 1 2 3 4 5
13 1110111 6
24 1010110 4
35 1111100 5
46 1111111 a match 0 1 2 3 4 5
57 1101111 6
60 1110001 4
71 0011001 3

03 1111111 a match 0 1 2 3 4 5
14 1110111 6
25 1110000 3
36 1011110 5
47 1111111 a match 0 1 2 3 4 5
50 0001111 4 match 7
61 1111001 5 match 6
72 0111111 6

04 1111111 a match 0 1 2 3 4 5
15 1110111 6
26 1011110 5
37 1111110 6
40 1111001 5 match 6
51 0001111 4 match 7
62 1111111 a match 0 1 2 3 4 5
73 0111011 5

05 1111111 a match 0 1 2 3 4 5
16 1111111 a match 0 1 2 3 4 5
27 1110110 5
30 1011100 4
41 1111001 5 match 6
52 0101111 5
63 1110011 5
74 0011111 5

06 1111111 a match 0 1 2 3 4 5
17 1110111 6
20 1010000 2
31 1011100 4
42 1111111 a match 0 1 2 3 4 5
53 0101111 5
64 1110111 6
75 1111001 5 match 6

07 1111111 a match 0 1 2 3 4 5
10 1110111 6
21 1011000 3
32 1111111 a match 0 1 2 3 4 5
43 1111011 6
54 0001111 4 match 7
65 1110001 4
76 0011111 5

Matching output
0 01 12 02 46 03 47 04 62 05 16 06 42 07 32
1 01 12 02 46 03 47 04 62 05 16 06 42 07 32
2 01 12 02 46 03 47 04 62 05 16 06 42 07 32
3 01 12 02 46 03 47 04 62 05 16 06 42 07 32
4 01 12 02 46 03 47 04 62 05 16 06 42 07 32
5 01 12 02 46 03 47 04 62 05 16 06 42 07 32
6 45 61 40 41 75
7 56 50 51 54

Left
01 12 23x
12 23x
02 13x
46 57x
03 14x
47 50y
04 15x
62 73x
05 16 27x
16 27x
06 17x
42 53x
07 10x
32 43x
Best: OR-NOT01 12: 2

Right
56 45 34x
50 47y
51 40 37x
54 43x
Best: OR-NOT56 45: 2

XOR-NOT
01 1110111 6
12 1011000 3
23 1110011 5
34 1011010 4
45 0001001 2
56 0000001 1
67 0010111 4
70 0011001 3

02 1010000 2
13 1010100 3
24 1010110 4
35 0101100 3
46 1110111 6
57 1101001 4
60 1110001 4
71 0010001 2

03 1011100 4
14 1110001 4
25 0100000 1
36 1010010 3
47 0011111 5
50 0001111 4 match 7
61 1111001 5 match 6
72 0110110 4

04 1111001 5 match 6
15 0000111 3
26 1011110 5
37 0111010 4
40 1111001 5 match 6
51 0000111 3
62 1011110 5
73 0111010 4

05 0001111 4 match 7
16 1111001 5 match 6
27 0110110 4
30 1011100 4
41 1110001 4
52 0100000 1
63 1010010 3
74 0011111 5

06 1110001 4
17 0010001 2
20 1010000 2
31 1010100 3
42 1010110 4
53 0101100 3
64 1110111 6
75 1101001 4

07 0011001 3
10 1110111 6
21 1011000 3
32 1110011 5
43 1011010 4
54 0001001 2
65 0000001 1
76 0010111 4

Matching output
0 absent
1 absent
2 absent
3 absent
4 absent
5 absent
6 61 04 40 16
7 50 05

Left
none
Best: none

Right
50 47x
05 74x
Best: XOR-NOT50: 1

Selecting

Lefts
Identity I0: 1
NOT none
Constant C1 1 1 1 1 1: 6
AND none
OR OR60 71 02 13: 4
XOR none
AND-NOT none
OR-NOT OR-NOT01 12: 2
XOR-NOT none

Rights
Identity I5 4: 2
NOT none
Constant none
AND AND50: 1
OR none
XOR none
AND-NOT AND-NOT52: 1
OR-NOT OR-NOT56 45: 2
XOR-NOT XOR-NOT50: 1

Left longest: 6
Right longest: 2

Left winner: Identity no, NOT no, Constant yes, AND no, OR no, XOR no, AND-NOT no, OR-NOT no, XOR-NOT no
Right winner: Identity yes, NOT no, Constant no, AND no, OR no, XOR no, AND-NOT no, OR-NOT no, XOR-NOT no

Best left: C1 1 1 1 1 1: 6
Best right: I5 4: 2

Truncated left: C1 1 1 1 1 1: 6
Truncated right: I5 4: 2

Tentative from right
7 I5
6 I4
5 pending
4 pending
3 pending
2 pending
1 pending
0 pending

Tentative
0 C1
1 C1
2 C1
3 C1
4 C1
5 C1
6 I4
7 I5

Preferred from left
0 C1
1 C1
2 C1
3 C1
4 C1
5 C1
6 I4
7 I5

Preferred from right
7 I5
6 I4
5 C1
4 C1
3 C1
2 C1
1 C1
0 C1

Preferred
0 C1
1 C1
2 C1
3 C1
4 C1
5 C1
6 I4
7 I5

Matching
0 C1
1 C1
2 C1
3 C1
4 C1
5 C1
6 I4
7 I5

Perfect match
Identity no
NOT no
Constant no
AND no
OR no
XOR no
AND-NOT no
OR-NOT no
XOR-NOT no

Matched
0 C1
1 C1
2 C1
3 C1
4 C1
5 C1
6 I4
7 I5

Selected
0 C1
1 C1
2 C1
3 C1
4 C1
5 C1
6 I4
7 I5

Applying to 10111111
Input
0 1
1 0
2 1
3 1
4 1
5 1
6 1
7 1
Output
0 C1 = 1
1 C1 = 1
2 C1 = 1
3 C1 = 1
4 C1 = 1
5 C1 = 1
6 I4 = 1
7 I5 = 1

I will now return the answer in \boxed{}
The answer in \boxed{–} is \boxed{11111111}
[correct]
true
