[category]
bit_manipulation
[prompt]
In Alice's Wonderland, a secret bit manipulation rule transforms 8-bit binary numbers. The transformation involves operations like bit shifts, rotations, XOR, AND, OR, NOT, and possibly majority or choice functions.

Here are some examples of input -> output:
01000010 -> 10010000
11111101 -> 01111111
10101101 -> 01101011
10101111 -> 01101011
10110101 -> 01101101
01001110 -> 10010011
11011000 -> 00110110
11111001 -> 01111110
01100011 -> 01011000

Now, determine the output for: 01000000
[completion]
We need to deduce the transformation by matching the example outputs.
I will put my final answer inside \boxed{}.

Output 0: 10010000
0 1
1 0
2 0
3 1
4 0
5 0
6 0
7 0

Output 1: 01111111
0 0
1 1
2 1
3 1
4 1
5 1
6 1
7 1

Output 2: 01101011
0 0
1 1
2 1
3 0
4 1
5 0
6 1
7 1

Output 3: 01101011
0 0
1 1
2 1
3 0
4 1
5 0
6 1
7 1

Output 4: 01101101
0 0
1 1
2 1
3 0
4 1
5 1
6 0
7 1

Output 5: 10010011
0 1
1 0
2 0
3 1
4 0
5 0
6 1
7 1

Output 6: 00110110
0 0
1 0
2 1
3 1
4 0
5 1
6 1
7 0

Output 7: 01111110
0 0
1 1
2 1
3 1
4 1
5 1
6 1
7 0

Output 8: 01011000
0 0
1 1
2 0
3 1
4 1
5 0
6 0
7 0

Output bit columns (with bitsum as hash)
0 100001000 2
1 011110011 6
2 011110110 6
3 110001111 6
4 011110011 6
5 010010110 4
6 011101110 6
7 011111000 5

Input 0: 01000010
0 0
1 1
2 0
3 0
4 0
5 0
6 1
7 0

Input 1: 11111101
0 1
1 1
2 1
3 1
4 1
5 1
6 0
7 1

Input 2: 10101101
0 1
1 0
2 1
3 0
4 1
5 1
6 0
7 1

Input 3: 10101111
0 1
1 0
2 1
3 0
4 1
5 1
6 1
7 1

Input 4: 10110101
0 1
1 0
2 1
3 1
4 0
5 1
6 0
7 1

Input 5: 01001110
0 0
1 1
2 0
3 0
4 1
5 1
6 1
7 0

Input 6: 11011000
0 1
1 1
2 0
3 1
4 1
5 0
6 0
7 0

Input 7: 11111001
0 1
1 1
2 1
3 1
4 1
5 0
6 0
7 1

Input 8: 01100011
0 0
1 1
2 1
3 0
4 0
5 0
6 1
7 1

When matching output
x: not in operator
y: wrong position

Identity
0 011110110 6 match 2
1 110001111 6 match 3
2 011110011 6 match 1 4
3 010010110 4 match 5
4 011101110 6 match 6
5 011111000 5 match 7
6 100101001 4
7 011110011 6 match 1 4

Matching output
0 absent
1 2 7
2 0
3 1
4 2 7
5 3
6 4
7 5

Left
none
Best: none

Right
5 4 3 2 1 0 7 6x
Best: I5 4 3 2 1 0 7: 7

NOT
0 100001001 3
1 001110000 3
2 100001100 3
3 101101001 5
4 100010001 3
5 100000111 4
6 011010110 5
7 100001100 3

Matching output
0 absent
1 absent
2 absent
3 absent
4 absent
5 absent
6 absent
7 absent

Left
none
Best: none

Right
none
Best: none

Constant
0 000000000 a
1 111111111 a

Matching output
0 absent
1 absent
2 absent
3 absent
4 absent
5 absent
6 absent
7 absent

Left
none
Best: none

Right
none
Best: none

AND
01 10 010000110 3
12 21 010000011 3
23 32 010010010 3
34 43 010000110 3
45 54 011101000 4
56 65 000101000 2
67 76 000100001 2
70 07 011110010 5

02 20 011110010 5
13 31 010000110 3
24 42 011100010 4
35 53 010010000 2
46 64 000101000 2
57 75 011110000 4
60 06 000100000 1
71 17 010000011 3

03 30 010010110 4 match 5
14 41 010001110 4
25 52 011110000 4
36 63 000000000 a
47 74 011100010 4
50 05 011110000 4
61 16 100001001 3
72 27 011110011 6 match 1 4

04 40 011100110 5
15 51 010001000 2
26 62 000100001 2
37 73 010010010 3

Matching output
0 absent
1 72 27
2 absent
3 absent
4 72 27
5 03 30
6 absent
7 absent

Left
none
Best: none

Right
none
Best: none

OR
01 10 111111111 a
12 21 111111111 a
23 32 011110111 7
34 43 011111110 7
45 54 011111110 7
56 65 111111001 7
67 76 111111011 8
70 07 011110111 7

02 20 011110111 7
13 31 110011111 7
24 42 011111111 8
35 53 011111110 7
46 64 111101111 8
57 75 011111011 7
60 06 111111111 a
71 17 111111111 a

03 30 011110110 6 match 2
14 41 111101111 8
25 52 011111011 7
36 63 110111111 8
47 74 011111111 8
50 05 011111110 7
61 16 110101111 7
72 27 011110011 6 match 1 4

04 40 011111110 7
15 51 111111111 a
26 62 111111011 8
37 73 011110111 7

Matching output
0 absent
1 72 27
2 03 30
3 absent
4 72 27
5 absent
6 absent
7 absent

Left
none
Best: none

Right
none
Best: none

XOR
01 10 101111001 6
12 21 101111100 6
23 32 001100101 4
34 43 001111000 4
45 54 000010110 3
56 65 111010001 5
67 76 111011010 6
70 07 000000101 2

02 20 000000101 2
13 31 100011001 4
24 42 000011101 4
35 53 001101110 5
46 64 111000111 6
57 75 000001011 3
60 06 111011111 8
71 17 101111100 6

03 30 001100000 2
14 41 101100001 4
25 52 000001011 3
36 63 110111111 8
47 74 000011101 4
50 05 000001110 3
61 16 010100110 4
72 27 000000000 a

04 40 000011000 2
15 51 101110111 7
26 62 111011010 6
37 73 001100101 4

Matching output
0 absent
1 absent
2 absent
3 absent
4 absent
5 absent
6 absent
7 absent

Left
none
Best: none

Right
none
Best: none

AND-NOT
01 001110000 3
12 100001100 3
23 001100001 3
34 000010000 1
45 000000110 2
56 011010000 3
67 100001000 2 match 0
70 000000001 1

02 000000100 1
13 100001001 3
24 000010001 2
35 000000110 2
46 011000110 4
57 000001000 1
60 100001001 3
71 001110000 3

03 001100000 2
14 100000001 2
25 000000011 2
36 010010110 4 match 5
47 000001100 2
50 000001000 1
61 000100000 1
72 000000000 a

04 000010000 1
15 100000111 4
26 011010010 4
37 000000100 1
40 000001000 1
51 001110000 3
62 100001000 2 match 0
73 001100001 3

05 000000110 2
16 010000110 3
27 000000000 a
30 000000000 a
41 001100000 2
52 000001000 1
63 100101001 4
74 000010001 2

06 011010110 5
17 100001100 3
20 000000001 1
31 000010000 1
42 000001100 2
53 001101000 3
64 100000001 2
75 000000011 2

07 000000100 1
10 100001001 3
21 001110000 3
32 000000100 1
43 001101000 3
54 000010000 1
65 100000001 2
76 011010010 4

Matching output
0 67 62
1 absent
2 absent
3 absent
4 absent
5 36
6 absent
7 absent

Left
67 70x
62 73x
Best: AND-NOT67: 1

Right
none
Best: none

OR-NOT
01 011110110 6 match 2
12 110001111 6 match 3
23 111111011 8
34 110010111 6
45 111101111 8
56 011111110 7
67 100101101 5
70 111111011 8

02 111111110 8
13 111101111 8
24 111110011 7
35 110010111 6
46 011111110 7
57 111111100 7
60 100101001 4
71 011110011 6 match 1 4

03 111111111 a
14 110011111 7
25 111110111 8
36 011010110 5
47 111101110 7
50 111111001 7
61 101111001 6
72 111111111 a

04 111110111 8
15 110001111 6 match 3
26 011110111 7
37 110011110 6
40 111101111 8
51 011111000 5 match 7
62 100101101 5
73 111111011 8

05 111110111 8
16 111011111 8
27 111111111 a
30 110011111 7
41 011111110 7
52 111111100 7
63 101101001 5
74 111110011 7

06 011110110 6 match 2
17 110001111 6 match 3
20 111111011 8
31 011110110 6 match 2
42 111101110 7
53 111111001 7
64 100111001 5
75 111110111 8

07 111111110 8
10 110001111 6 match 3
21 011110011 6 match 1 4
32 110011110 6
43 111101111 8
54 111111001 7
65 100101111 6
76 011110111 7

Matching output
0 absent
1 71 21
2 01 06 31
3 12 15 17 10
4 71 21
5 absent
6 absent
7 51

Left
none
Best: none

Right
51 40x
Best: OR-NOT51: 1

XOR-NOT
01 010000110 3
12 010000011 3
23 110011010 5
34 110000111 5
45 111101001 6
56 000101110 4
67 000100101 3
70 111111010 7

02 111111010 7
13 011100110 5
24 111100010 5
35 110010001 4
46 000111000 3
57 111110100 6
60 000100000 1
71 010000011 3

03 110011111 7
14 010011110 5
25 111110100 6
36 001000000 1
47 111100010 5
50 111110001 6
61 101011001 5
72 111111111 a

04 111100111 7
15 010001000 2
26 000100101 3
37 110011010 5
40 111100111 7
51 010001000 2
62 000100101 3
73 110011010 5

05 111110001 6
16 101011001 5
27 111111111 a
30 110011111 7
41 010011110 5
52 111110100 6
63 001000000 1
74 111100010 5

06 000100000 1
17 010000011 3
20 111111010 7
31 011100110 5
42 111100010 5
53 110010001 4
64 000111000 3
75 111110100 6

07 111111010 7
10 010000110 3
21 010000011 3
32 110011010 5
43 110000111 5
54 111101001 6
65 000101110 4
76 000100101 3

Matching output
0 absent
1 absent
2 absent
3 absent
4 absent
5 absent
6 absent
7 absent

Left
none
Best: none

Right
none
Best: none

Selecting

Lefts
Identity none
NOT none
Constant none
AND none
OR none
XOR none
AND-NOT AND-NOT67: 1
OR-NOT none
XOR-NOT none

Rights
Identity I5 4 3 2 1 0 7: 7
NOT none
Constant none
AND none
OR none
XOR none
AND-NOT none
OR-NOT OR-NOT51: 1
XOR-NOT none

Left longest: 1
Right longest: 7

Right winner: Identity yes, NOT no, Constant no, AND no, OR no, XOR no, AND-NOT no, OR-NOT no, XOR-NOT no
Left winner: Identity no, NOT no, Constant no, AND no, OR no, XOR no, AND-NOT yes, OR-NOT no, XOR-NOT no

Best right: I5 4 3 2 1 0 7: 7
Best left: AND-NOT67: 1

Truncated right: I5 4 3 2 1 0 7: 7
Truncated left: AND-NOT67: 1

Tentative from right
7 I5
6 I4
5 I3
4 I2
3 I1
2 I0
1 I7
0 pending

Tentative
0 AND-NOT67
1 I7
2 I0
3 I1
4 I2
5 I3
6 I4
7 I5

Preferred from right
7 I5
6 I4
5 I3
4 I2
3 I1
2 I0
1 I7
0 AND-NOT67

Preferred from left
0 AND-NOT67
1 I7
2 I0
3 I1
4 I2
5 I3
6 I4
7 I5

Preferred
0 AND-NOT67
1 I7
2 I0
3 I1
4 I2
5 I3
6 I4
7 I5

Matching
0 AND-NOT67
1 I7
2 I0
3 I1
4 I2
5 I3
6 I4
7 I5

Perfect match
Identity no
NOT no
Constant no
AND no
OR no
XOR no
AND-NOT no
OR-NOT no
XOR-NOT no

Matched
0 AND-NOT67
1 I7
2 I0
3 I1
4 I2
5 I3
6 I4
7 I5

Selected
0 AND-NOT67
1 I7
2 I0
3 I1
4 I2
5 I3
6 I4
7 I5

Applying to 01000000
Input
0 0
1 1
2 0
3 0
4 0
5 0
6 0
7 0
Output
0 AND-NOT67 = AND(0,NOT(0)) = 0
1 I7 = 0
2 I0 = 0
3 I1 = 1
4 I2 = 0
5 I3 = 0
6 I4 = 0
7 I5 = 0

I will now return the answer in \boxed{}
The answer in \boxed{–} is \boxed{00010000}
[correct]
true
