[category]
bit_manipulation
[prompt]
In Alice's Wonderland, a secret bit manipulation rule transforms 8-bit binary numbers. The transformation involves operations like bit shifts, rotations, XOR, AND, OR, NOT, and possibly majority or choice functions.

Here are some examples of input -> output:
10100110 -> 01111111
00111000 -> 11111111
00001111 -> 10111111
00111111 -> 10111111
10110101 -> 01111111
11000100 -> 11111111
00101101 -> 00111111
00100001 -> 00111111

Now, determine the output for: 01110011
[completion]
We need to deduce the transformation by matching the example outputs.
I will put my final answer inside \boxed{}.

Output 0: 01111111
0 0
1 1
2 1
3 1
4 1
5 1
6 1
7 1

Output 1: 11111111
0 1
1 1
2 1
3 1
4 1
5 1
6 1
7 1

Output 2: 10111111
0 1
1 0
2 1
3 1
4 1
5 1
6 1
7 1

Output 3: 10111111
0 1
1 0
2 1
3 1
4 1
5 1
6 1
7 1

Output 4: 01111111
0 0
1 1
2 1
3 1
4 1
5 1
6 1
7 1

Output 5: 11111111
0 1
1 1
2 1
3 1
4 1
5 1
6 1
7 1

Output 6: 00111111
0 0
1 0
2 1
3 1
4 1
5 1
6 1
7 1

Output 7: 00111111
0 0
1 0
2 1
3 1
4 1
5 1
6 1
7 1

Output bit columns (with bitsum as hash)
0 01110100 4
1 11001100 4
2 11111111 a
3 11111111 a
4 11111111 a
5 11111111 a
6 11111111 a
7 11111111 a

Input 0: 10100110
0 1
1 0
2 1
3 0
4 0
5 1
6 1
7 0

Input 1: 00111000
0 0
1 0
2 1
3 1
4 1
5 0
6 0
7 0

Input 2: 00001111
0 0
1 0
2 0
3 0
4 1
5 1
6 1
7 1

Input 3: 00111111
0 0
1 0
2 1
3 1
4 1
5 1
6 1
7 1

Input 4: 10110101
0 1
1 0
2 1
3 1
4 0
5 1
6 0
7 1

Input 5: 11000100
0 1
1 1
2 0
3 0
4 0
5 1
6 0
7 0

Input 6: 00101101
0 0
1 0
2 1
3 0
4 1
5 1
6 0
7 1

Input 7: 00100001
0 0
1 0
2 1
3 0
4 0
5 0
6 0
7 1

When matching output
x: not in operator
y: wrong position

Identity
0 10001100 3
1 00000100 1
2 11011011 6
3 01011000 3
4 01110010 4
5 10111110 6
6 10110000 3
7 00111011 5

Matching output
0 absent
1 absent
2 absent
3 absent
4 absent
5 absent
6 absent
7 absent

Left
none
Best: none

Right
none
Best: none

NOT
0 01110011 5
1 11111011 7
2 00100100 2
3 10100111 5
4 10001101 4
5 01000001 2
6 01001111 5
7 11000100 3

Matching output
0 absent
1 absent
2 absent
3 absent
4 absent
5 absent
6 absent
7 absent

Left
none
Best: none

Right
none
Best: none

Constant
0 00000000 a
1 11111111 a match 2 3 4 5 6 7

Matching output
0 absent
1 absent
2 C1
3 C1
4 C1
5 C1
6 C1
7 C1

Left
none
Best: none

Right
1 1 1 1 1 1
Best: C1 1 1 1 1 1: 6

AND
01 10 00000100 1
12 21 00000000 a
23 32 01011000 3
34 43 01010000 2
45 54 00110010 3
56 65 10110000 3
67 76 00110000 2
70 07 00001000 1

02 20 10001000 2
13 31 00000000 a
24 42 01010010 3
35 53 00011000 2
46 64 00110000 2
57 75 00111010 4
60 06 10000000 1
71 17 00000000 a

03 30 00001000 1
14 41 00000000 a
25 52 10011010 4
36 63 00010000 1
47 74 00110010 3
50 05 10001100 3
61 16 00000000 a
72 27 00011011 4

04 40 00000000 a
15 51 00000100 1
26 62 10010000 2
37 73 00011000 2

Matching output
0 absent
1 absent
2 absent
3 absent
4 absent
5 absent
6 absent
7 absent

Left
none
Best: none

Right
none
Best: none

OR
01 10 10001100 3
12 21 11011111 7
23 32 11011011 6
34 43 01111010 5
45 54 11111110 7
56 65 10111110 6
67 76 10111011 6
70 07 10111111 7

02 20 11011111 7
13 31 01011100 4
24 42 11111011 7
35 53 11111110 7
46 64 11110010 5
57 75 10111111 7
60 06 10111100 5
71 17 00111111 6

03 30 11011100 5
14 41 01110110 5
25 52 11111111 a match 2 3 4 5 6 7
36 63 11111000 5
47 74 01111011 6
50 05 10111110 6
61 16 10110100 4
72 27 11111011 7

04 40 11111110 7
15 51 10111110 6
26 62 11111011 7
37 73 01111011 6

Matching output
0 absent
1 absent
2 25 52
3 25 52
4 25 52
5 25 52
6 25 52
7 25 52

Left
none
Best: none

Right
25 14x
52 41x
Best: OR25: 1

XOR
01 10 10001000 2
12 21 11011111 7
23 32 10000011 3
34 43 00101010 3
45 54 11001100 4 match 1
56 65 00001110 3
67 76 10001011 4
70 07 10110111 6

02 20 01010111 5
13 31 01011100 4
24 42 10101001 4
35 53 11100110 5
46 64 11000010 3
57 75 10000101 3
60 06 00111100 4
71 17 00111111 6

03 30 11010100 4
14 41 01110110 5
25 52 01100101 4
36 63 11101000 4
47 74 01001001 3
50 05 00110010 3
61 16 10110100 4
72 27 11100000 3

04 40 11111110 7
15 51 10111010 5
26 62 01101011 5
37 73 01100011 4

Matching output
0 absent
1 45 54
2 absent
3 absent
4 absent
5 absent
6 absent
7 absent

Left
none
Best: none

Right
none
Best: none

AND-NOT
01 10001000 2
12 00000100 1
23 10000011 3
34 00001000 1
45 01000000 1
56 00001110 3
67 10000000 1
70 00110011 4

02 00000100 1
13 00000100 1
24 10001001 3
35 01000000 1
46 01000010 2
57 10000100 2
60 00110000 2
71 00111011 5

03 10000100 2
14 00000100 1
25 01000001 2
36 01001000 2
47 01000000 1
50 00110010 3
61 10110000 3
72 00100000 1

04 10001100 3
15 00000000 a
26 01001011 4
37 01000000 1
40 01110010 4
51 10111010 5
62 00100000 1
73 00100011 3

05 00000000 a
16 00000100 1
27 11000000 2
30 01010000 2
41 01110010 4
52 00100100 2
63 10100000 2
74 00001001 2

06 00001100 2
17 00000100 1
20 01010011 4
31 01011000 3
42 00100000 1
53 10100110 4
64 10000000 1
75 00000001 1

07 10000100 2
10 00000000 a
21 11011011 6
32 00000000 a
43 00100010 2
54 10001100 3
65 00000000 a
76 00001011 3

Matching output
0 absent
1 absent
2 absent
3 absent
4 absent
5 absent
6 absent
7 absent

Left
none
Best: none

Right
none
Best: none

OR-NOT
01 11111111 a match 2 3 4 5 6 7
12 00100100 2
23 11111111 a match 2 3 4 5 6 7
34 11011101 6
45 01110011 5
56 11111111 a match 2 3 4 5 6 7
67 11110100 5
70 01111011 6

02 10101100 4
13 10100111 5
24 11011111 7
35 01011001 4
46 01111111 7
57 11111110 7
60 11110011 6
71 11111011 7

03 10101111 6
14 10001101 4
25 11011011 6
36 01011111 6
47 11110110 6
50 11111111 a match 2 3 4 5 6 7
61 11111011 7
72 00111111 6

04 10001101 4
15 01000101 3
26 11011111 7
37 11011100 5
40 01110011 5
51 11111111 a match 2 3 4 5 6 7
62 10110100 4
73 10111111 7

05 11001101 5
16 01001111 5
27 11011111 7
30 01111011 6
41 11111011 7
52 10111110 6
63 10110111 6
74 10111111 7

06 11001111 6
17 11000100 3
20 11111011 7
31 11111011 7
42 01110110 5
53 10111111 7
64 10111101 6
75 01111011 6

07 11001100 4 match 1
10 01110111 6
21 11111011 7
32 01111100 5
43 11110111 7
54 10111111 7
65 11110001 5
76 01111111 7

Matching output
0 absent
1 07
2 01 23 56 50 51
3 01 23 56 50 51
4 01 23 56 50 51
5 01 23 56 50 51
6 01 23 56 50 51
7 01 23 56 50 51

Left
none
Best: none

Right
01 70x
23 12x
56 45x
50 47x
51 40x
Best: OR-NOT01: 1

XOR-NOT
01 01110111 6
12 00100000 1
23 01111100 5
34 11010101 5
45 00110011 4
56 11110001 5
67 01110100 4 match 0
70 01001000 2

02 10101000 3
13 10100011 4
24 01010110 4
35 00011001 3
46 00111101 5
57 01111010 5
60 11000011 4
71 11000000 2

03 00101011 4
14 10001001 3
25 10011010 4
36 00010111 4
47 10110110 5
50 11001101 5
61 01001011 4
72 00011111 5

04 00000001 1
15 01000101 3
26 10010100 3
37 10011100 4
40 00000001 1
51 01000101 3
62 10010100 3
73 10011100 4

05 11001101 5
16 01001011 4
27 00011111 5
30 00101011 4
41 10001001 3
52 10011010 4
63 00010111 4
74 10110110 5

06 11000011 4
17 11000000 2
20 10101000 3
31 10100011 4
42 01010110 4
53 00011001 3
64 00111101 5
75 01111010 5

07 01001000 2
10 01110111 6
21 00100000 1
32 01111100 5
43 11010101 5
54 00110011 4
65 11110001 5
76 01110100 4 match 0

Matching output
0 67 76
1 absent
2 absent
3 absent
4 absent
5 absent
6 absent
7 absent

Left
67 70x
76 07x
Best: XOR-NOT67: 1

Right
none
Best: none

Selecting

Lefts
Identity none
NOT none
Constant none
AND none
OR none
XOR none
AND-NOT none
OR-NOT none
XOR-NOT XOR-NOT67: 1

Rights
Identity none
NOT none
Constant C1 1 1 1 1 1: 6
AND none
OR OR25: 1
XOR none
AND-NOT none
OR-NOT OR-NOT01: 1
XOR-NOT none

Left longest: 1
Right longest: 6

Right winner: Identity no, NOT no, Constant yes, AND no, OR no, XOR no, AND-NOT no, OR-NOT no, XOR-NOT no
Left winner: Identity no, NOT no, Constant no, AND no, OR no, XOR no, AND-NOT no, OR-NOT no, XOR-NOT yes

Best right: C1 1 1 1 1 1: 6
Best left: XOR-NOT67: 1

Truncated right: C1 1 1 1 1 1: 6
Truncated left: XOR-NOT67: 1

Tentative from right
7 C1
6 C1
5 C1
4 C1
3 C1
2 C1
1 pending
0 pending

Tentative
0 XOR-NOT67
1 pending
2 C1
3 C1
4 C1
5 C1
6 C1
7 C1

Preferred from right
7 C1
6 C1
5 C1
4 C1
3 C1
2 C1
1 pending
0 XOR-NOT67

Preferred from left
0 XOR-NOT67
1 ?70
2 C1
3 C1
4 C1
5 C1
6 C1
7 C1

Preferred
0 XOR-NOT67
1 ?70 ?07
2 C1
3 C1
4 C1
5 C1
6 C1
7 C1

Matching
0 XOR-NOT67
1 ?70 ?07 - Identity absent, NOT absent, Constant absent, AND absent, OR absent, XOR absent, AND-NOT absent, OR-NOT07, XOR-NOT absent
2 C1
3 C1
4 C1
5 C1
6 C1
7 C1

Perfect match
Identity no
NOT no
Constant no
AND no
OR no
XOR no
AND-NOT no
OR-NOT yes
XOR-NOT no

Matched
0 XOR-NOT67
1 OR-NOT07
2 C1
3 C1
4 C1
5 C1
6 C1
7 C1

Selected
0 XOR-NOT67
1 OR-NOT07
2 C1
3 C1
4 C1
5 C1
6 C1
7 C1

Applying to 01110011
Input
0 0
1 1
2 1
3 1
4 0
5 0
6 1
7 1
Output
0 XOR-NOT67 = XOR(1,NOT(1)) = 1
1 OR-NOT07 = OR(0,NOT(1)) = 0
2 C1 = 1
3 C1 = 1
4 C1 = 1
5 C1 = 1
6 C1 = 1
7 C1 = 1

I will now return the answer in \boxed{}
The answer in \boxed{–} is \boxed{10111111}
[correct]
true
