[category]
bit_manipulation
[prompt]
In Alice's Wonderland, a secret bit manipulation rule transforms 8-bit binary numbers. The transformation involves operations like bit shifts, rotations, XOR, AND, OR, NOT, and possibly majority or choice functions.

Here are some examples of input -> output:
10011101 -> 01010011
10010000 -> 00010010
00111010 -> 10000111
10010110 -> 10010010
00101111 -> 11000101
00011011 -> 11000011
11111011 -> 11011111
01101111 -> 11001101
10010001 -> 01010010

Now, determine the output for: 11000010
[completion]
We need to deduce the transformation by matching the example outputs.
I will put my final answer inside \boxed{}.

Output 0: 01010011
0 0
1 1
2 0
3 1
4 0
5 0
6 1
7 1

Output 1: 00010010
0 0
1 0
2 0
3 1
4 0
5 0
6 1
7 0

Output 2: 10000111
0 1
1 0
2 0
3 0
4 0
5 1
6 1
7 1

Output 3: 10010010
0 1
1 0
2 0
3 1
4 0
5 0
6 1
7 0

Output 4: 11000101
0 1
1 1
2 0
3 0
4 0
5 1
6 0
7 1

Output 5: 11000011
0 1
1 1
2 0
3 0
4 0
5 0
6 1
7 1

Output 6: 11011111
0 1
1 1
2 0
3 1
4 1
5 1
6 1
7 1

Output 7: 11001101
0 1
1 1
2 0
3 0
4 1
5 1
6 0
7 1

Output 8: 01010010
0 0
1 1
2 0
3 1
4 0
5 0
6 1
7 0

Output bit columns (with bitsum as hash)
0 001111110 6
1 100011111 6
2 000000000 a
3 110100101 5
4 000000110 2
5 001010110 4
6 111101101 7
7 101011110 6

Input 0: 10011101
0 1
1 0
2 0
3 1
4 1
5 1
6 0
7 1

Input 1: 10010000
0 1
1 0
2 0
3 1
4 0
5 0
6 0
7 0

Input 2: 00111010
0 0
1 0
2 1
3 1
4 1
5 0
6 1
7 0

Input 3: 10010110
0 1
1 0
2 0
3 1
4 0
5 1
6 1
7 0

Input 4: 00101111
0 0
1 0
2 1
3 0
4 1
5 1
6 1
7 1

Input 5: 00011011
0 0
1 0
2 0
3 1
4 1
5 0
6 1
7 1

Input 6: 11111011
0 1
1 1
2 1
3 1
4 1
5 0
6 1
7 1

Input 7: 01101111
0 0
1 1
2 1
3 0
4 1
5 1
6 1
7 1

Input 8: 10010001
0 1
1 0
2 0
3 1
4 0
5 0
6 0
7 1

When matching output
x: not in operator
y: wrong position

Identity
0 110100101 5 match 3
1 000000110 2 match 4
2 001010110 4 match 5
3 111101101 7 match 6
4 101011110 6 match 7
5 100110010 4
6 001111110 6 match 0
7 100011111 6 match 1

Matching output
0 6
1 7
2 absent
3 0
4 1
5 2
6 3
7 4

Left
6 7 0y
Best: I6 7: 2

Right
4 3 2 1 0 7y
Best: I4 3 2 1 0: 5

NOT
0 001011010 4
1 111111001 7
2 110101001 5
3 000010010 2
4 010100001 3
5 011001101 5
6 110000001 3
7 011100000 3

Matching output
0 absent
1 absent
2 absent
3 absent
4 absent
5 absent
6 absent
7 absent

Left
none
Best: none

Right
none
Best: none

Constant
0 000000000 a match 2
1 111111111 a

Matching output
0 absent
1 absent
2 C0
3 absent
4 absent
5 absent
6 absent
7 absent

Left
none
Best: none

Right
none
Best: none

AND
01 10 000000100 1
12 21 000000110 2 match 4
23 32 001000100 2
34 43 101001100 4
45 54 100010010 3
56 65 000110010 3
67 76 000011110 4
70 07 100000101 3

02 20 000000100 1
13 31 000000100 1
24 42 001010110 4 match 5
35 53 100100000 2
46 64 001011110 5
57 75 100010010 3
60 06 000100100 2
71 17 000000110 2 match 4

03 30 110100101 5 match 3
14 41 000000110 2 match 4
25 52 000010010 2
36 63 001101100 4
47 74 100011110 5
50 05 100100000 2
61 16 000000110 2 match 4
72 27 000010110 3

04 40 100000100 2
15 51 000000010 1
26 62 001010110 4 match 5
37 73 100001101 4

Matching output
0 absent
1 absent
2 absent
3 03 30
4 12 21 71 17 14 41 61 16
5 24 42 26 62
6 absent
7 absent

Left
none
Best: none

Right
none
Best: none

OR
01 10 110100111 6
12 21 001010110 4 match 5
23 32 111111111 a
34 43 111111111 a
45 54 101111110 7
56 65 101111110 7
67 76 101111111 8
70 07 110111111 8

02 20 111110111 8
13 31 111101111 8
24 42 101011110 6 match 7
35 53 111111111 a
46 64 101111110 7
57 75 100111111 7
60 06 111111111 a
71 17 100011111 6 match 1

03 30 111101101 7 match 6
14 41 101011110 6 match 7
25 52 101110110 6
36 63 111111111 a
47 74 101011111 7
50 05 110110111 7
61 16 001111110 6 match 0
72 27 101011111 7

04 40 111111111 a
15 51 100110110 5
26 62 001111110 6 match 0
37 73 111111111 a

Matching output
0 61 16 26 62
1 71 17
2 absent
3 absent
4 absent
5 12 21
6 03 30
7 24 42 14 41

Left
61 72x
16 27x
26 37x
62 73x
Best: OR61: 1

Right
24 13x
42 31x
14 03 72x
41 30 27x
Best: OR14 03: 2

XOR
01 10 110100011 5
12 21 001010000 2
23 32 110111011 7
34 43 010110011 5
45 54 001101100 4
56 65 101001100 4
67 76 101100001 4
70 07 010111010 5

02 20 111110011 7
13 31 111101011 7
24 42 100001000 2
35 53 011011111 7
46 64 100100000 2
57 75 000101101 4
60 06 111011011 7
71 17 100011001 4

03 30 001001000 2
14 41 101011000 4
25 52 101100100 4
36 63 110010011 5
47 74 001000001 2
50 05 010010111 5
61 16 001111000 4
72 27 101001001 4

04 40 011111011 7
15 51 100110100 4
26 62 000101000 2
37 73 011110010 5

Matching output
0 absent
1 absent
2 absent
3 absent
4 absent
5 absent
6 absent
7 absent

Left
none
Best: none

Right
none
Best: none

AND-NOT
01 110100001 4
12 000000000 a match 2
23 000010010 2
34 010100001 3
45 001001100 3
56 100000000 1
67 001100000 2
70 000011010 3

02 110100001 4
13 000000010 1
24 000000000 a match 2
35 011001101 5
46 100000000 1
57 000100000 1
60 001011010 4
71 100011001 4

03 000000000 a match 2
14 000000000 a match 2
25 001000100 2
36 110000001 3
47 001000000 1
50 000010010 2
61 001111000 4
72 100001001 3

04 010100001 3
15 000000100 1
26 000000000 a match 2
37 011100000 3
40 001011010 4
51 100110000 3
62 000101000 2
73 000010010 2

05 010000101 3
16 000000000 a match 2
27 001000000 1
30 001001000 2
41 101011000 4
52 100100000 2
63 000010010 2
74 000000001 1

06 110000001 3
17 000000000 a match 2
20 001010010 3
31 111101001 6
42 100001000 2
53 000010010 2
64 000100000 1
75 000001101 3

07 010100000 2
10 000000010 1
21 001010000 2
32 110101001 5
43 000010010 2
54 000100000 1
65 001001100 3
76 100000001 2

Matching output
0 absent
1 absent
2 12 24 03 14 26 16 17
3 absent
4 absent
5 absent
6 absent
7 absent

Left
none
Best: none

Right
none
Best: none

OR-NOT
01 111111101 8
12 110101111 7
23 001010110 4 match 5
34 111101101 7 match 6
45 111011111 8
56 110110011 6
67 011111110 7
70 101011111 7

02 110101101 6
13 000010110 3
24 011110111 7
35 111101101 7 match 6
46 111011111 8
57 111110010 6
60 001111110 6 match 0
71 111111111 a

03 110110111 7
14 010100111 5
25 011011111 7
36 111101101 7 match 6
47 111111110 8
50 101111010 6
61 111111111 a
72 110111111 8

04 110100101 5 match 3
15 011001111 6
26 111010111 7
37 111101101 7 match 6
40 101011110 6 match 7
51 111111011 8
62 111111111 a
73 100011111 6 match 1

05 111101101 7 match 6
16 110000111 5
27 011110110 6
30 111111111 a
41 111111111 a
52 110111011 7
63 001111110 6 match 0
74 110111111 8

06 110100101 5 match 3
17 011100110 5
20 001011110 5
31 111111101 8
42 111111111 a
53 100110010 4
64 011111111 8
75 111011111 8

07 111100101 6
10 001011110 5
21 111111111 a
32 111101101 7 match 6
43 101011110 6 match 7
54 110110011 6
65 011111111 8
76 110011111 7

Matching output
0 60 63
1 73
2 absent
3 04 06
4 absent
5 23
6 34 35 36 37 05 32
7 40 43

Left
60 71x
63 74x
Best: OR-NOT60: 1

Right
40 37 26x
43 32 21x
Best: OR-NOT40 37: 2

XOR-NOT
01 001011100 4
12 110101111 7
23 001000100 2
34 101001100 4
45 110010011 5
56 010110011 5
67 010011110 5
70 101000101 4

02 000001100 2
13 000010100 2
24 011110111 7
35 100100000 2
46 011011111 7
57 111010010 5
60 000100100 2
71 011100110 5

03 110110111 7
14 010100111 5
25 010011011 5
36 001101100 4
47 110111110 7
50 101101000 4
61 110000111 5
72 010110110 5

04 100000100 2
15 011001011 5
26 111010111 7
37 100001101 4
40 100000100 2
51 011001011 5
62 111010111 7
73 100001101 4

05 101101000 4
16 110000111 5
27 010110110 5
30 110110111 7
41 010100111 5
52 010011011 5
63 001101100 4
74 110111110 7

06 000100100 2
17 011100110 5
20 000001100 2
31 000010100 2
42 011110111 7
53 100100000 2
64 011011111 7
75 111010010 5

07 101000101 4
10 001011100 4
21 110101111 7
32 001000100 2
43 101001100 4
54 110010011 5
65 010110011 5
76 010011110 5

Matching output
0 absent
1 absent
2 absent
3 absent
4 absent
5 absent
6 absent
7 absent

Left
none
Best: none

Right
none
Best: none

Selecting

Lefts
Identity I6 7: 2
NOT none
Constant none
AND none
OR OR61: 1
XOR none
AND-NOT none
OR-NOT OR-NOT60: 1
XOR-NOT none

Rights
Identity I4 3 2 1 0: 5
NOT none
Constant none
AND none
OR OR14 03: 2
XOR none
AND-NOT none
OR-NOT OR-NOT40 37: 2
XOR-NOT none

Left longest: 2
Right longest: 5

Right winner: Identity yes, NOT no, Constant no, AND no, OR no, XOR no, AND-NOT no, OR-NOT no, XOR-NOT no
Left winner: Identity yes, NOT no, Constant no, AND no, OR no, XOR no, AND-NOT no, OR-NOT no, XOR-NOT no

Best right: I4 3 2 1 0: 5
Best left: I6 7: 2

Truncated right: I4 3 2 1 0: 5
Truncated left: I6 7: 2

Tentative from right
7 I4
6 I3
5 I2
4 I1
3 I0
2 pending
1 pending
0 pending

Tentative
0 I6
1 I7
2 pending
3 I0
4 I1
5 I2
6 I3
7 I4

Preferred from right
7 I4
6 I3
5 I2
4 I1
3 I0
2 ??7
1 I7
0 I6

Preferred from left
0 I6
1 I7
2 ?07
3 I0
4 I1
5 I2
6 I3
7 I4

Preferred
0 I6
1 I7
2 ?07 ?70
3 I0
4 I1
5 I2
6 I3
7 I4

Matching
0 I6
1 I7
2 ?07 ?70 - Identity absent, NOT absent, Constant C0, AND absent, OR absent, XOR absent, AND-NOT absent, OR-NOT absent, XOR-NOT absent
3 I0
4 I1
5 I2
6 I3
7 I4

Perfect match
Identity no
NOT no
Constant yes
AND no
OR no
XOR no
AND-NOT no
OR-NOT no
XOR-NOT no

Matched
0 I6
1 I7
2 C0
3 I0
4 I1
5 I2
6 I3
7 I4

Selected
0 I6
1 I7
2 C0
3 I0
4 I1
5 I2
6 I3
7 I4

Applying to 11000010
Input
0 1
1 1
2 0
3 0
4 0
5 0
6 1
7 0
Output
0 I6 = 1
1 I7 = 0
2 C0 = 0
3 I0 = 1
4 I1 = 1
5 I2 = 0
6 I3 = 0
7 I4 = 0

I will now return the answer in \boxed{}
The answer in \boxed{–} is \boxed{10011000}
[correct]
true
