[category]
bit_manipulation
[prompt]
In Alice's Wonderland, a secret bit manipulation rule transforms 8-bit binary numbers. The transformation involves operations like bit shifts, rotations, XOR, AND, OR, NOT, and possibly majority or choice functions.

Here are some examples of input -> output:
10101101 -> 01011111
00000110 -> 00001111
11100101 -> 11111011
11111011 -> 11111111
01101000 -> 11110100
01110110 -> 11111111
10111011 -> 01111111
11011001 -> 11111111
01110001 -> 11111010

Now, determine the output for: 00100000
[completion]
We need to deduce the transformation by matching the example outputs.
I will put my final answer inside \boxed{}.

Output 0: 01011111
0 0
1 1
2 0
3 1
4 1
5 1
6 1
7 1

Output 1: 00001111
0 0
1 0
2 0
3 0
4 1
5 1
6 1
7 1

Output 2: 11111011
0 1
1 1
2 1
3 1
4 1
5 0
6 1
7 1

Output 3: 11111111
0 1
1 1
2 1
3 1
4 1
5 1
6 1
7 1

Output 4: 11110100
0 1
1 1
2 1
3 1
4 0
5 1
6 0
7 0

Output 5: 11111111
0 1
1 1
2 1
3 1
4 1
5 1
6 1
7 1

Output 6: 01111111
0 0
1 1
2 1
3 1
4 1
5 1
6 1
7 1

Output 7: 11111111
0 1
1 1
2 1
3 1
4 1
5 1
6 1
7 1

Output 8: 11111010
0 1
1 1
2 1
3 1
4 1
5 0
6 1
7 0

Output bit columns (with bitsum as hash)
0 001111011 6
1 101111111 8
2 001111111 7
3 101111111 8
4 111101111 8
5 110111110 7
6 111101111 8
7 111101110 7

Input 0: 10101101
0 1
1 0
2 1
3 0
4 1
5 1
6 0
7 1

Input 1: 00000110
0 0
1 0
2 0
3 0
4 0
5 1
6 1
7 0

Input 2: 11100101
0 1
1 1
2 1
3 0
4 0
5 1
6 0
7 1

Input 3: 11111011
0 1
1 1
2 1
3 1
4 1
5 0
6 1
7 1

Input 4: 01101000
0 0
1 1
2 1
3 0
4 1
5 0
6 0
7 0

Input 5: 01110110
0 0
1 1
2 1
3 1
4 0
5 1
6 1
7 0

Input 6: 10111011
0 1
1 0
2 1
3 1
4 1
5 0
6 1
7 1

Input 7: 11011001
0 1
1 1
2 0
3 1
4 1
5 0
6 0
7 1

Input 8: 01110001
0 0
1 1
2 1
3 1
4 0
5 0
6 0
7 1

When matching output
x: not in operator
y: wrong position

Identity
0 101100110 5
1 001111011 6 match 0
2 101111101 7
3 000101111 5
4 100110110 5
5 111001000 4
6 010101100 4
7 101100111 6

Matching output
0 1
1 absent
2 absent
3 absent
4 absent
5 absent
6 absent
7 absent

Left
1 2x
Best: I1: 1

Right
none
Best: none

NOT
0 010011001 4
1 110000100 3
2 010000010 2
3 111010000 4
4 011001001 4
5 000110111 5
6 101010011 5
7 010011000 3

Matching output
0 absent
1 absent
2 absent
3 absent
4 absent
5 absent
6 absent
7 absent

Left
none
Best: none

Right
none
Best: none

Constant
0 000000000 a
1 111111111 a

Matching output
0 absent
1 absent
2 absent
3 absent
4 absent
5 absent
6 absent
7 absent

Left
none
Best: none

Right
none
Best: none

AND
01 10 001100010 3
12 21 001111001 5
23 32 000101101 4
34 43 000100110 3
45 54 100000000 1
56 65 010001000 2
67 76 000100100 2
70 07 101100110 5

02 20 101100100 4
13 31 000101011 4
24 42 100110100 4
35 53 000001000 1
46 64 000100100 2
57 75 101000000 2
60 06 000100100 2
71 17 001100011 4

03 30 000100110 3
14 41 000110010 3
25 52 101001000 3
36 63 000101100 3
47 74 100100110 4
50 05 101000000 2
61 16 000101000 2
72 27 101100101 5

04 40 100100110 4
15 51 001001000 2
26 62 000101100 3
37 73 000100111 4

Matching output
0 absent
1 absent
2 absent
3 absent
4 absent
5 absent
6 absent
7 absent

Left
none
Best: none

Right
none
Best: none

OR
01 10 101111111 8 match 1 3
12 21 101111111 8 match 1 3
23 32 101111111 8 match 1 3
34 43 100111111 7
45 54 111111110 8
56 65 111101100 6
67 76 111101111 8 match 4 6
70 07 101100111 6

02 20 101111111 8 match 1 3
13 31 001111111 7 match 2
24 42 101111111 8 match 1 3
35 53 111101111 8 match 4 6
46 64 110111110 7 match 5
57 75 111101111 8 match 4 6
60 06 111101110 7 match 7
71 17 101111111 8 match 1 3

03 30 101101111 7
14 41 101111111 8 match 1 3
25 52 111111101 8
36 63 010101111 6
47 74 101110111 7
50 05 111101110 7 match 7
61 16 011111111 8
72 27 101111111 8 match 1 3

04 40 101110110 6
15 51 111111011 8
26 62 111111101 8
37 73 101101111 7

Matching output
0 absent
1 01 10 12 21 23 32 02 20 24 42 71 17 14 41 72 27
2 13 31
3 01 10 12 21 23 32 02 20 24 42 71 17 14 41 72 27
4 67 76 35 53 57 75
5 46 64
6 67 76 35 53 57 75
7 60 06 50 05

Left
none
Best: none

Right
60 57 46 35 24 13 02 71y
06 75 64 53 42 31 20 17y
50 47x
05 74x
Best: OR60 57 46 35 24 13 02: 7

XOR
01 10 100011101 5
12 21 100000110 3
23 32 101010010 4
34 43 100011001 4
45 54 011111110 7
56 65 101100100 4
67 76 111001011 6
70 07 000000001 1

02 20 000011011 4
13 31 001010100 3
24 42 001001011 4
35 53 111100111 7
46 64 110011010 5
57 75 010101111 6
60 06 111001010 5
71 17 100011100 4

03 30 101001001 4
14 41 101001101 5
25 52 010110101 5
36 63 010000011 3
47 74 001010001 3
50 05 010101110 5
61 16 011010111 6
72 27 000011010 3

04 40 001010000 2
15 51 110110011 6
26 62 111010001 5
37 73 101001000 3

Matching output
0 absent
1 absent
2 absent
3 absent
4 absent
5 absent
6 absent
7 absent

Left
none
Best: none

Right
none
Best: none

AND-NOT
01 100000100 2
12 000000010 1
23 101010000 3
34 000001001 2
45 000110110 4
56 101000000 2
67 010001000 2
70 000000001 1

02 000000010 1
13 001010000 2
24 001001001 3
35 000100111 4
46 100010010 3
57 010001000 2
60 010001000 2
71 100000100 2

03 101000000 2
14 001001001 3
25 000110101 4
36 000000011 2
47 000010000 1
50 010001000 2
61 010000100 2
72 000000010 1

04 001000000 1
15 000110011 4
26 101010001 4
37 000001000 1
40 000010000 1
51 110000000 2
62 010000000 1
73 101000000 2

05 000100110 3
16 001010011 4
27 000011000 2
30 000001001 2
41 100000100 2
52 010000000 1
63 010000000 1
74 001000001 2

06 101000010 3
17 000011000 2
20 000011001 3
31 000000100 1
42 000000010 1
53 111000000 3
64 010001000 2
75 000100111 4

07 000000000 a
10 000011001 3
21 100000100 2
32 000000010 1
43 100010000 2
54 011001000 3
65 000100100 2
76 101000011 4

Matching output
0 absent
1 absent
2 absent
3 absent
4 absent
5 absent
6 absent
7 absent

Left
none
Best: none

Right
none
Best: none

OR-NOT
01 111100110 6
12 011111011 7
23 111111101 8
34 011101111 7
45 100110111 6
56 111011011 7
67 010111100 5
70 111111111 a

02 111100110 6
13 111111011 8
24 111111101 8
35 000111111 6
46 101110111 7
57 111011000 5
60 010111101 6
71 111100111 7

03 111110110 7
14 011111011 7
25 101111111 8 match 1 3
36 101111111 8 match 1 3
47 110111110 7 match 5
50 111011001 6
61 110101100 5
72 111100111 7

04 111101111 8 match 4 6
15 001111111 7 match 2
26 101111111 8 match 1 3
37 010111111 7
40 110111111 8
51 111001100 5
62 010101110 5
73 111110111 8

05 101110111 7
16 101111011 7
27 111111101 8
30 010111111 7
41 110110110 6
52 111001010 5
63 111111100 7
74 111101111 8 match 4 6

06 101110111 7
17 011111011 7
20 111111101 8
31 110101111 7
42 110110110 6
53 111011000 5
64 011101101 6
75 101110111 7

07 111111110 8
10 011111011 7
21 111111101 8
32 010101111 6
43 111110110 7
54 111001001 5
65 010111111 7
76 101110111 7

Matching output
0 absent
1 25 36 26
2 15
3 25 36 26
4 04 74
5 47
6 04 74
7 absent

Left
none
Best: none

Right
none
Best: none

XOR-NOT
01 011100010 4
12 011111001 6
23 010101101 5
34 011100110 5
45 100000001 2
56 010011011 5
67 000110100 3
70 111111110 8

02 111100100 5
13 110101011 6
24 110110100 5
35 000011000 2
46 001100101 4
57 101010000 3
60 000110101 4
71 011100011 5

03 010110110 5
14 010110010 4
25 101001010 4
36 101111100 6
47 110101110 6
50 101010001 4
61 100101000 3
72 111100101 6

04 110101111 7
15 001001100 3
26 000101110 4
37 010110111 6
40 110101111 7
51 001001100 3
62 000101110 4
73 010110111 6

05 101010001 4
16 100101000 3
27 111100101 6
30 010110110 5
41 010110010 4
52 101001010 4
63 101111100 6
74 110101110 6

06 000110101 4
17 011100011 5
20 111100100 5
31 110101011 6
42 110110100 5
53 000011000 2
64 001100101 4
75 101010000 3

07 111111110 8
10 011100010 4
21 011111001 6
32 010101101 5
43 011100110 5
54 100000001 2
65 010011011 5
76 000110100 3

Matching output
0 absent
1 absent
2 absent
3 absent
4 absent
5 absent
6 absent
7 absent

Left
none
Best: none

Right
none
Best: none

Selecting

Lefts
Identity I1: 1
NOT none
Constant none
AND none
OR none
XOR none
AND-NOT none
OR-NOT none
XOR-NOT none

Rights
Identity none
NOT none
Constant none
AND none
OR OR60 57 46 35 24 13 02: 7
XOR none
AND-NOT none
OR-NOT none
XOR-NOT none

Left longest: 1
Right longest: 7

Right winner: Identity no, NOT no, Constant no, AND no, OR yes, XOR no, AND-NOT no, OR-NOT no, XOR-NOT no
Left winner: Identity yes, NOT no, Constant no, AND no, OR no, XOR no, AND-NOT no, OR-NOT no, XOR-NOT no

Best right: OR60 57 46 35 24 13 02: 7
Best left: I1: 1

Truncated right: OR60 57 46 35 24 13 02: 7
Truncated left: I1: 1

Tentative from right
7 OR60
6 OR57
5 OR46
4 OR35
3 OR24
2 OR13
1 OR02
0 pending

Tentative
0 I1
1 OR02
2 OR13
3 OR24
4 OR35
5 OR46
6 OR57
7 OR60

Preferred from right
7 OR60
6 OR57
5 OR46
4 OR35
3 OR24
2 OR13
1 OR02
0 I1

Preferred from left
0 I1
1 OR02
2 OR13
3 OR24
4 OR35
5 OR46
6 OR57
7 OR60

Preferred
0 I1
1 OR02
2 OR13
3 OR24
4 OR35
5 OR46
6 OR57
7 OR60

Matching
0 I1
1 OR02
2 OR13
3 OR24
4 OR35
5 OR46
6 OR57
7 OR60

Perfect match
Identity no
NOT no
Constant no
AND no
OR no
XOR no
AND-NOT no
OR-NOT no
XOR-NOT no

Matched
0 I1
1 OR02
2 OR13
3 OR24
4 OR35
5 OR46
6 OR57
7 OR60

Selected
0 I1
1 OR02
2 OR13
3 OR24
4 OR35
5 OR46
6 OR57
7 OR60

Applying to 00100000
Input
0 0
1 0
2 1
3 0
4 0
5 0
6 0
7 0
Output
0 I1 = 0
1 OR02 = OR(0,1) = 1
2 OR13 = OR(0,0) = 0
3 OR24 = OR(1,0) = 1
4 OR35 = OR(0,0) = 0
5 OR46 = OR(0,0) = 0
6 OR57 = OR(0,0) = 0
7 OR60 = OR(0,0) = 0

I will now return the answer in \boxed{}
The answer in \boxed{–} is \boxed{01010000}
[correct]
true
