[category]
bit_manipulation
[prompt]
In Alice's Wonderland, a secret bit manipulation rule transforms 8-bit binary numbers. The transformation involves operations like bit shifts, rotations, XOR, AND, OR, NOT, and possibly majority or choice functions.

Here are some examples of input -> output:
01111101 -> 10111110
00100010 -> 00010001
01011110 -> 00101111
01000000 -> 00100000
11101010 -> 01110101
11000000 -> 01100000
01101101 -> 10110110
11000100 -> 01100010
00000111 -> 10000011
10001010 -> 01000101

Now, determine the output for: 01110011
[completion]
We need to deduce the transformation by matching the example outputs.
I will put my final answer inside \boxed{}.

Output 0: 10111110
0 1
1 0
2 1
3 1
4 1
5 1
6 1
7 0

Output 1: 00010001
0 0
1 0
2 0
3 1
4 0
5 0
6 0
7 1

Output 2: 00101111
0 0
1 0
2 1
3 0
4 1
5 1
6 1
7 1

Output 3: 00100000
0 0
1 0
2 1
3 0
4 0
5 0
6 0
7 0

Output 4: 01110101
0 0
1 1
2 1
3 1
4 0
5 1
6 0
7 1

Output 5: 01100000
0 0
1 1
2 1
3 0
4 0
5 0
6 0
7 0

Output 6: 10110110
0 1
1 0
2 1
3 1
4 0
5 1
6 1
7 0

Output 7: 01100010
0 0
1 1
2 1
3 0
4 0
5 0
6 1
7 0

Output 8: 10000011
0 1
1 0
2 0
3 0
4 0
5 0
6 1
7 1

Output 9: 01000101
0 0
1 1
2 0
3 0
4 0
5 1
6 0
7 1

Output bit columns (with bitsum as hash)
0 1000001010 3
1 0000110101 4
2 1011111100 7
3 1100101000 4
4 1010000000 2
5 1010101001 5
6 1010001110 5
7 0110100011 5

Input 0: 01111101
0 0
1 1
2 1
3 1
4 1
5 1
6 0
7 1

Input 1: 00100010
0 0
1 0
2 1
3 0
4 0
5 0
6 1
7 0

Input 2: 01011110
0 0
1 1
2 0
3 1
4 1
5 1
6 1
7 0

Input 3: 01000000
0 0
1 1
2 0
3 0
4 0
5 0
6 0
7 0

Input 4: 11101010
0 1
1 1
2 1
3 0
4 1
5 0
6 1
7 0

Input 5: 11000000
0 1
1 1
2 0
3 0
4 0
5 0
6 0
7 0

Input 6: 01101101
0 0
1 1
2 1
3 0
4 1
5 1
6 0
7 1

Input 7: 11000100
0 1
1 1
2 0
3 0
4 0
5 1
6 0
7 0

Input 8: 00000111
0 0
1 0
2 0
3 0
4 0
5 1
6 1
7 1

Input 9: 10001010
0 1
1 0
2 0
3 0
4 1
5 0
6 1
7 0

When matching output
x: not in operator
y: wrong position

Identity
0 0000110101 4 match 1
1 1011111100 7 match 2
2 1100101000 4 match 3
3 1010000000 2 match 4
4 1010101001 5 match 5
5 1010001110 5 match 6
6 0110100011 5 match 7
7 1000001010 3 match 0

Matching output
0 7
1 0
2 1
3 2
4 3
5 4
6 5
7 6

Left
7 0 1 2 3 4 5 6
Best: I7 0 1 2 3 4 5 6: 8

Right
6 5 4 3 2 1 0 7
Best: I6 5 4 3 2 1 0 7: 8

NOT
0 1111001010 6
1 0100000011 3
2 0011010111 6
3 0101111111 8
4 0101010110 5
5 0101110001 5
6 1001011100 5
7 0111110101 7

Matching output
0 absent
1 absent
2 absent
3 absent
4 absent
5 absent
6 absent
7 absent

Left
none
Best: none

Right
none
Best: none

Constant
0 0000000000 a
1 1111111111 a

Matching output
0 absent
1 absent
2 absent
3 absent
4 absent
5 absent
6 absent
7 absent

Left
none
Best: none

Right
none
Best: none

AND
01 10 0000110100 3
12 21 1000101000 3
23 32 1000000000 1
34 43 1010000000 2 match 4
45 54 1010001000 3
56 65 0010000010 2
67 76 0000000010 1
70 07 0000000000 a

02 20 0000100000 1
13 31 1010000000 2 match 4
24 42 1000101000 3
35 53 1010000000 2 match 4
46 64 0010100001 3
57 75 1000001010 3 match 0
60 06 0000100001 2
71 17 1000001000 2

03 30 0000000000 a
14 41 1010101000 4
25 52 1000001000 2
36 63 0010000000 1
47 74 1000001000 2
50 05 0000000100 1
61 16 0010100000 2
72 27 1000001000 2

04 40 0000100001 2
15 51 1010001100 4
26 62 0100100000 2
37 73 1000000000 1

Matching output
0 57 75
1 absent
2 absent
3 absent
4 34 43 13 31 35 53
5 absent
6 absent
7 absent

Left
57 60x
75 06x
Best: AND57: 1

Right
none
Best: none

OR
01 10 1011111101 8
12 21 1111111100 8
23 32 1110101000 5
34 43 1010101001 5 match 5
45 54 1010101111 7
56 65 1110101111 8
67 76 1110101011 7
70 07 1000111111 7

02 20 1100111101 7
13 31 1011111100 7 match 2
24 42 1110101001 6
35 53 1010001110 5 match 6
46 64 1110101011 7
57 75 1010001110 5 match 6
60 06 0110110111 7
71 17 1011111110 8

03 30 1010110101 6
14 41 1011111101 8
25 52 1110101110 7
36 63 1110100011 6
47 74 1010101011 6
50 05 1010111111 8
61 16 1111111111 a
72 27 1100101010 5

04 40 1010111101 7
15 51 1011111110 8
26 62 1110101011 7
37 73 1010001010 4

Matching output
0 absent
1 absent
2 13 31
3 absent
4 absent
5 34 43
6 35 53 57 75
7 absent

Left
none
Best: none

Right
none
Best: none

XOR
01 10 1011001001 5
12 21 0111010100 5
23 32 0110101000 4
34 43 0000101001 3
45 54 0000100111 4
56 65 1100101101 6
67 76 1110101001 6
70 07 1000111111 7

02 20 1100011101 6
13 31 0001111100 5
24 42 0110000001 3
35 53 0000001110 3
46 64 1100001010 4
57 75 0010000100 2
60 06 0110010110 5
71 17 0011110110 6

03 30 1010110101 6
14 41 0001010101 4
25 52 0110100110 5
36 63 1100100011 5
47 74 0010100011 4
50 05 1010111011 7
61 16 1101011111 8
72 27 0100100010 3

04 40 1010011100 5
15 51 0001110010 4
26 62 1010001011 5
37 73 0010001010 3

Matching output
0 absent
1 absent
2 absent
3 absent
4 absent
5 absent
6 absent
7 absent

Left
none
Best: none

Right
none
Best: none

AND-NOT
01 0000000001 1
12 0011010100 4
23 0100101000 3
34 0000000000 a
45 0000100001 2
56 1000001100 3
67 0110100001 4
70 1000001010 3 match 0

02 0000010101 3
13 0001111100 5
24 0100000000 1
35 0000000000 a
46 1000001000 2
57 0010000100 2
60 0110000010 3
71 0000000010 1

03 0000110101 4 match 1
14 0001010100 3
25 0100100000 2
36 1000000000 1
47 0010100001 3
50 1010001010 4
61 0100000011 3
72 0000000010 1

04 0000010100 2
15 0001110000 3
26 1000001000 2
37 0010000000 1
40 1010001000 3
51 0000000010 1
62 0010000011 3
73 0000001010 2

05 0000110001 3
16 1001011100 5
27 0100100000 2
30 1010000000 2 match 4
41 0000000001 1
52 0010000110 3
63 0100100011 4
74 0000000010 1

06 0000010100 2
17 0011110100 5
20 1100001000 3
31 0000000000 a
42 0010000001 2
53 0000001110 3
64 0100000010 2
75 0000000000 a

07 0000110101 4 match 1
10 1011001000 4
21 0100000000 1
32 0010000000 1
43 0000101001 3
54 0000000110 2
65 0100100001 3
76 1000001000 2

Matching output
0 70
1 03 07
2 absent
3 absent
4 30
5 absent
6 absent
7 absent

Left
70 01x
Best: AND-NOT70: 1

Right
none
Best: none

OR-NOT
01 0100110111 6
12 1011111111 9
23 1101111111 9
34 1111010110 7
45 1111111001 8
56 1011011110 7
67 0111110111 8
70 1111001010 6

02 0011110111 7
13 1111111111 a
24 1101111110 8
35 1111110001 7
46 1011111101 8
57 1111111111 a
60 1111101011 8
71 1100001011 5

03 0101111111 8
14 1111111110 9
25 1101111001 7
36 1011011100 6
47 1111111101 9
50 1111001110 7
61 0110100011 5 match 7
72 1011011111 8

04 0101110111 7
15 1111111101 9
26 1101111100 7
37 1111110101 8
40 1111101011 8
51 1110001111 7
62 0111110111 8
73 1101111111 9

05 0101110101 6
16 1011111100 7 match 2
27 1111111101 9
30 1111001010 6
41 1110101011 7
52 1011011111 8
63 0111111111 9
74 1101011110 7

06 1001111101 7
17 1111111101 9
20 1111101010 7
31 1110000011 5
42 1011111111 9
53 1111111111 a
64 0111110111 8
75 1101111011 8

07 0111110101 7
10 1111111110 9
21 1100101011 6
32 1011010111 7
43 1111111111 a
54 1111011110 8
65 0111110011 7
76 1001011110 6

Matching output
0 absent
1 absent
2 16
3 absent
4 absent
5 absent
6 absent
7 61

Left
none
Best: none

Right
61 50x
Best: OR-NOT61: 1

XOR-NOT
01 0100110110 5
12 1000101011 5
23 1001010111 6
34 1111010110 7
45 1111011000 6
56 0011010010 4
67 0001010110 4
70 0111000000 3

02 0011100010 4
13 1110000011 5
24 1001111110 7
35 1111110001 7
46 0011110101 6
57 1101111011 8
60 1001101001 5
71 1100001001 4

03 0101001010 4
14 1110101010 6
25 1001011001 5
36 0011011100 5
47 1101011100 6
50 0101000100 3
61 0010100000 2
72 1011011101 7

04 0101100011 5
15 1110001101 6
26 0101110100 5
37 1101110101 7
40 0101100011 5
51 1110001101 6
62 0101110100 5
73 1101110101 7

05 0101000100 3
16 0010100000 2
27 1011011101 7
30 0101001010 4
41 1110101010 6
52 1001011001 5
63 0011011100 5
74 1101011100 6

06 1001101001 5
17 1100001001 4
20 0011100010 4
31 1110000011 5
42 1001111110 7
53 1111110001 7
64 0011110101 6
75 1101111011 8

07 0111000000 3
10 0100110110 5
21 1000101011 5
32 1001010111 6
43 1111010110 7
54 1111011000 6
65 0011010010 4
76 0001010110 4

Matching output
0 absent
1 absent
2 absent
3 absent
4 absent
5 absent
6 absent
7 absent

Left
none
Best: none

Right
none
Best: none

Selecting

Lefts
Identity I7 0 1 2 3 4 5 6: 8
NOT none
Constant none
AND AND57: 1
OR none
XOR none
AND-NOT AND-NOT70: 1
OR-NOT none
XOR-NOT none

Rights
Identity I6 5 4 3 2 1 0 7: 8
NOT none
Constant none
AND none
OR none
XOR none
AND-NOT none
OR-NOT OR-NOT61: 1
XOR-NOT none

Left longest: 8
Right longest: 8

Left winner: Identity yes, NOT no, Constant no, AND no, OR no, XOR no, AND-NOT no, OR-NOT no, XOR-NOT no
Right winner: Identity yes, NOT no, Constant no, AND no, OR no, XOR no, AND-NOT no, OR-NOT no, XOR-NOT no

Best left: I7 0 1 2 3 4 5 6: 8
Best right: I6 5 4 3 2 1 0 7: 8

Truncated left: I7 0 1 2 3 4 5 6: 8
Truncated right: none truncated

Tentative from right
7 pending
6 pending
5 pending
4 pending
3 pending
2 pending
1 pending
0 pending

Tentative
0 I7
1 I0
2 I1
3 I2
4 I3
5 I4
6 I5
7 I6

Preferred from left
0 I7
1 I0
2 I1
3 I2
4 I3
5 I4
6 I5
7 I6

Preferred from right
7 I6
6 I5
5 I4
4 I3
3 I2
2 I1
1 I0
0 I7

Preferred
0 I7
1 I0
2 I1
3 I2
4 I3
5 I4
6 I5
7 I6

Matching
0 I7
1 I0
2 I1
3 I2
4 I3
5 I4
6 I5
7 I6

Perfect match
Identity no
NOT no
Constant no
AND no
OR no
XOR no
AND-NOT no
OR-NOT no
XOR-NOT no

Matched
0 I7
1 I0
2 I1
3 I2
4 I3
5 I4
6 I5
7 I6

Selected
0 I7
1 I0
2 I1
3 I2
4 I3
5 I4
6 I5
7 I6

Applying to 01110011
Input
0 0
1 1
2 1
3 1
4 0
5 0
6 1
7 1
Output
0 I7 = 1
1 I0 = 0
2 I1 = 1
3 I2 = 1
4 I3 = 1
5 I4 = 0
6 I5 = 0
7 I6 = 1

I will now return the answer in \boxed{}
The answer in \boxed{–} is \boxed{10111001}
[correct]
true
