[category]
bit_manipulation
[prompt]
In Alice's Wonderland, a secret bit manipulation rule transforms 8-bit binary numbers. The transformation involves operations like bit shifts, rotations, XOR, AND, OR, NOT, and possibly majority or choice functions.

Here are some examples of input -> output:
10000010 -> 01000000
11011101 -> 10100110
11100101 -> 10100010
00000100 -> 00000000
00111000 -> 00000000
10001001 -> 00000100
01001111 -> 10100010

Now, determine the output for: 10010101
[completion]
We need to deduce the transformation by matching the example outputs.
I will put my final answer inside \boxed{}.

Output 0: 01000000
0 0
1 1
2 0
3 0
4 0
5 0
6 0
7 0

Output 1: 10100110
0 1
1 0
2 1
3 0
4 0
5 1
6 1
7 0

Output 2: 10100010
0 1
1 0
2 1
3 0
4 0
5 0
6 1
7 0

Output 3: 00000000
0 0
1 0
2 0
3 0
4 0
5 0
6 0
7 0

Output 4: 00000000
0 0
1 0
2 0
3 0
4 0
5 0
6 0
7 0

Output 5: 00000100
0 0
1 0
2 0
3 0
4 0
5 1
6 0
7 0

Output 6: 10100010
0 1
1 0
2 1
3 0
4 0
5 0
6 1
7 0

Output bit columns (with bitsum as hash)
0 0110001 3
1 1000000 1
2 0110001 3
3 0000000 a
4 0000000 a
5 0100010 2
6 0110001 3
7 0000000 a

Input 0: 10000010
0 1
1 0
2 0
3 0
4 0
5 0
6 1
7 0

Input 1: 11011101
0 1
1 1
2 0
3 1
4 1
5 1
6 0
7 1

Input 2: 11100101
0 1
1 1
2 1
3 0
4 0
5 1
6 0
7 1

Input 3: 00000100
0 0
1 0
2 0
3 0
4 0
5 1
6 0
7 0

Input 4: 00111000
0 0
1 0
2 1
3 1
4 1
5 0
6 0
7 0

Input 5: 10001001
0 1
1 0
2 0
3 0
4 1
5 0
6 0
7 1

Input 6: 01001111
0 0
1 1
2 0
3 0
4 1
5 1
6 1
7 1

When matching output
x: not in operator
y: wrong position

Identity
0 1110010 4
1 0110001 3 match 0 2 6
2 0010100 2
3 0100100 2
4 0100111 4
5 0111001 4
6 1000001 2
7 0110011 4

Matching output
0 1
1 absent
2 1
3 absent
4 absent
5 absent
6 1
7 absent

Left
1 2x
Best: I1: 1

Right
none
Best: none

NOT
0 0001101 3
1 1001110 4
2 1101011 5
3 1011011 5
4 1011000 3
5 1000110 3
6 0111110 5
7 1001100 3

Matching output
0 absent
1 absent
2 absent
3 absent
4 absent
5 absent
6 absent
7 absent

Left
none
Best: none

Right
none
Best: none

Constant
0 0000000 a match 3 4 7
1 1111111 a

Matching output
0 absent
1 absent
2 absent
3 C0
4 C0
5 absent
6 absent
7 C0

Left
none
Best: none

Right
0
Best: C0: 1

AND
01 10 0110000 2
12 21 0010000 1
23 32 0000100 1
34 43 0100100 2
45 54 0100001 2
56 65 0000001 1
67 76 0000001 1
70 07 0110010 3

02 20 0010000 1
13 31 0100000 1
24 42 0000100 1
35 53 0100000 1
46 64 0000001 1
57 75 0110001 3 match 0 2 6
60 06 1000000 1 match 1
71 17 0110001 3 match 0 2 6

03 30 0100000 1
14 41 0100001 2
25 52 0010000 1
36 63 0000000 a match 3 4 7
47 74 0100011 3
50 05 0110000 2
61 16 0000001 1
72 27 0010000 1

04 40 0100010 2 match 5
15 51 0110001 3 match 0 2 6
26 62 0000000 a match 3 4 7
37 73 0100000 1

Matching output
0 57 75 71 17 15 51
1 60 06
2 57 75 71 17 15 51
3 36 63 26 62
4 36 63 26 62
5 04 40
6 57 75 71 17 15 51
7 36 63 26 62

Left
57 60 71 02x
75 06 17 20x
71 02x
17 20x
15 26y
51 62y
Best: AND57 60 71: 3

Right
36 25x
63 52x
26 15 04 73x
62 51 40 37x
Best: AND26 15 04: 3

OR
01 10 1110011 5
12 21 0110101 4
23 32 0110100 3
34 43 0100111 4
45 54 0111111 6
56 65 1111001 5
67 76 1110011 5
70 07 1110011 5

02 20 1110110 5
13 31 0110101 4
24 42 0110111 5
35 53 0111101 5
46 64 1100111 5
57 75 0111011 5
60 06 1110011 5
71 17 0110011 4

03 30 1110110 5
14 41 0110111 5
25 52 0111101 5
36 63 1100101 4
47 74 0110111 5
50 05 1111011 6
61 16 1110001 4
72 27 0110111 5

04 40 1110111 6
15 51 0111001 4
26 62 1010101 4
37 73 0110111 5

Matching output
0 absent
1 absent
2 absent
3 absent
4 absent
5 absent
6 absent
7 absent

Left
none
Best: none

Right
none
Best: none

XOR
01 10 1000011 3
12 21 0100101 3
23 32 0110000 2
34 43 0000011 2
45 54 0011110 4
56 65 1111000 4
67 76 1110010 4
70 07 1000001 2

02 20 1100110 4
13 31 0010101 3
24 42 0110011 4
35 53 0011101 4
46 64 1100110 4
57 75 0001010 2
60 06 0110011 4
71 17 0000010 1

03 30 1010110 4
14 41 0010110 3
25 52 0101101 4
36 63 1100101 4
47 74 0010100 2
50 05 1001011 4
61 16 1110000 3
72 27 0100111 4

04 40 1010101 4
15 51 0001000 1
26 62 1010101 4
37 73 0010111 4

Matching output
0 absent
1 absent
2 absent
3 absent
4 absent
5 absent
6 absent
7 absent

Left
none
Best: none

Right
none
Best: none

AND-NOT
01 1000010 2
12 0100001 2
23 0010000 1
34 0000000 a match 3 4 7
45 0000110 2
56 0111000 3
67 1000000 1 match 1
70 0000001 1

02 1100010 3
13 0010001 2
24 0010000 1
35 0000100 1
46 0100110 3
57 0001000 1
60 0000001 1
71 0000010 1

03 1010010 3
14 0010000 1
25 0000100 1
36 0100100 2
47 0000100 1
50 0001001 2
61 1000000 1 match 1
72 0100011 3

04 1010000 2
15 0000000 a match 3 4 7
26 0010100 2
37 0000100 1
40 0000101 2
51 0001000 1
62 1000001 2
73 0010011 3

05 1000010 2
16 0110000 2
27 0000100 1
30 0000100 1
41 0000110 2
52 0101001 3
63 1000001 2
74 0010000 1

06 0110010 3
17 0000000 a match 3 4 7
20 0000100 1
31 0000100 1
42 0100011 3
53 0011001 3
64 1000000 1 match 1
75 0000010 1

07 1000000 1 match 1
10 0000001 1
21 0000100 1
32 0100000 1
43 0000011 2
54 0011000 2
65 1000000 1 match 1
76 0110010 3

Matching output
0 absent
1 67 61 64 07 65
2 absent
3 34 15 17
4 34 15 17
5 absent
6 absent
7 34 15 17

Left
none
Best: none

Right
34 23x
15 04x
17 06x
Best: AND-NOT34: 1

OR-NOT
01 1111110 6
12 1111011 6
23 1011111 6
34 1111100 5
45 1100111 5
56 0111111 6
67 1001101 4
70 0111111 6

02 1111011 6
13 1111011 6
24 1011100 4
35 1100110 4
46 0111111 6
57 1111101 6
60 1001101 4
71 1111111 a

03 1111011 6
14 1111001 5
25 1010110 4
36 0111110 5
47 1101111 6
50 0111101 5
61 1001111 5
72 1111011 6

04 1111010 5
15 1110111 6
26 0111110 5
37 1101100 4
40 0101111 5
51 1111111 a
62 1101011 5
73 1111011 6

05 1110110 5
16 0111111 6
27 1011100 4
30 0101101 4
41 1101111 6
52 1111011 6
63 1011011 5
74 1111011 6

06 1111110 6
17 1111101 6
20 0011101 4
31 1101110 5
42 1101111 6
53 1111011 6
64 1011001 4
75 1110111 6

07 1111110 6
10 0111101 5
21 1011110 5
32 1101111 6
43 1111111 a
54 1111001 5
65 1000111 4
76 0111111 6

Matching output
0 absent
1 absent
2 absent
3 absent
4 absent
5 absent
6 absent
7 absent

Left
none
Best: none

Right
none
Best: none

XOR-NOT
01 0111100 4
12 1011010 4
23 1001111 5
34 1111100 5
45 1100001 3
56 0000111 3
67 0001101 3
70 0111110 5

02 0011001 3
13 1101010 4
24 1001100 3
35 1100010 3
46 0011001 3
57 1110101 5
60 1001100 3
71 1111101 6

03 0101001 3
14 1101001 4
25 1010010 3
36 0011010 3
47 1101011 5
50 0110100 3
61 0001111 4
72 1011000 3

04 0101010 3
15 1110111 6
26 0101010 3
37 1101000 3
40 0101010 3
51 1110111 6
62 0101010 3
73 1101000 3

05 0110100 3
16 0001111 4
27 1011000 3
30 0101001 3
41 1101001 4
52 1010010 3
63 0011010 3
74 1101011 5

06 1001100 3
17 1111101 6
20 0011001 3
31 1101010 4
42 1001100 3
53 1100010 3
64 0011001 3
75 1110101 5

07 0111110 5
10 0111100 4
21 1011010 4
32 1001111 5
43 1111100 5
54 1100001 3
65 0000111 3
76 0001101 3

Matching output
0 absent
1 absent
2 absent
3 absent
4 absent
5 absent
6 absent
7 absent

Left
none
Best: none

Right
none
Best: none

Selecting

Lefts
Identity I1: 1
NOT none
Constant none
AND AND57 60 71: 3
OR none
XOR none
AND-NOT none
OR-NOT none
XOR-NOT none

Rights
Identity none
NOT none
Constant C0: 1
AND AND26 15 04: 3
OR none
XOR none
AND-NOT AND-NOT34: 1
OR-NOT none
XOR-NOT none

Left longest: 3
Right longest: 3

Left winner: Identity no, NOT no, Constant no, AND yes, OR no, XOR no, AND-NOT no, OR-NOT no, XOR-NOT no
Right winner: Identity no, NOT no, Constant no, AND yes, OR no, XOR no, AND-NOT no, OR-NOT no, XOR-NOT no

Best left: AND57 60 71: 3
Best right: AND26 15 04: 3

Truncated left: AND57 60 71: 3
Truncated right: AND26 15 04: 3

Tentative from right
7 AND26
6 AND15
5 AND04
4 pending
3 pending
2 pending
1 pending
0 pending

Tentative
0 AND57
1 AND60
2 AND71
3 pending
4 pending
5 AND04
6 AND15
7 AND26

Preferred from left
0 AND57
1 AND60
2 AND71
3 ?02
4 ?13
5 AND04
6 AND15
7 AND26

Preferred from right
7 AND26
6 AND15
5 AND04
4 ?13
3 ?02
2 AND71
1 AND60
0 AND57

Preferred
0 AND57
1 AND60
2 AND71
3 ?02 ?20
4 ?13 ?31
5 AND04
6 AND15
7 AND26

Matching
0 AND57
1 AND60
2 AND71
3 ?02 ?20 - Identity absent, NOT absent, Constant C0, AND absent, OR absent, XOR absent, AND-NOT absent, OR-NOT absent, XOR-NOT absent
4 ?13 ?31 - Identity absent, NOT absent, Constant C0, AND absent, OR absent, XOR absent, AND-NOT absent, OR-NOT absent, XOR-NOT absent
5 AND04
6 AND15
7 AND26

Perfect match
Identity no
NOT no
Constant yes
AND no
OR no
XOR no
AND-NOT no
OR-NOT no
XOR-NOT no

Matched
0 AND57
1 AND60
2 AND71
3 C0
4 C0
5 AND04
6 AND15
7 AND26

Selected
0 AND57
1 AND60
2 AND71
3 C0
4 C0
5 AND04
6 AND15
7 AND26

Applying to 10010101
Input
0 1
1 0
2 0
3 1
4 0
5 1
6 0
7 1
Output
0 AND57 = AND(1,1) = 1
1 AND60 = AND(0,1) = 0
2 AND71 = AND(1,0) = 0
3 C0 = 0
4 C0 = 0
5 AND04 = AND(1,0) = 0
6 AND15 = AND(0,1) = 0
7 AND26 = AND(0,0) = 0

I will now return the answer in \boxed{}
The answer in \boxed{–} is \boxed{10000000}
[correct]
true
