[category]
bit_manipulation
[prompt]
In Alice's Wonderland, a secret bit manipulation rule transforms 8-bit binary numbers. The transformation involves operations like bit shifts, rotations, XOR, AND, OR, NOT, and possibly majority or choice functions.

Here are some examples of input -> output:
11011011 -> 10110101
10111011 -> 10000101
11010011 -> 11110001
00000110 -> 00110011
00000101 -> 00101010
11101001 -> 00111100
00010011 -> 10010001
11100100 -> 01010010
00110110 -> 10101011
01011001 -> 11100100

Now, determine the output for: 10101010
[completion]
We need to deduce the transformation by matching the example outputs.
I will put my final answer inside \boxed{}.

Output 0: 10110101
0 1
1 0
2 1
3 1
4 0
5 1
6 0
7 1

Output 1: 10000101
0 1
1 0
2 0
3 0
4 0
5 1
6 0
7 1

Output 2: 11110001
0 1
1 1
2 1
3 1
4 0
5 0
6 0
7 1

Output 3: 00110011
0 0
1 0
2 1
3 1
4 0
5 0
6 1
7 1

Output 4: 00101010
0 0
1 0
2 1
3 0
4 1
5 0
6 1
7 0

Output 5: 00111100
0 0
1 0
2 1
3 1
4 1
5 1
6 0
7 0

Output 6: 10010001
0 1
1 0
2 0
3 1
4 0
5 0
6 0
7 1

Output 7: 01010010
0 0
1 1
2 0
3 1
4 0
5 0
6 1
7 0

Output 8: 10101011
0 1
1 0
2 1
3 0
4 1
5 0
6 1
7 1

Output 9: 11100100
0 1
1 1
2 1
3 0
4 0
5 1
6 0
7 0

Output bit columns (with bitsum as hash)
0 1110001011 6
1 0010000101 3
2 1011110011 7
3 1011011100 6
4 0000110010 3
5 1100010001 4
6 0001100110 4
7 1111001010 6

Input 0: 11011011
0 1
1 1
2 0
3 1
4 1
5 0
6 1
7 1

Input 1: 10111011
0 1
1 0
2 1
3 1
4 1
5 0
6 1
7 1

Input 2: 11010011
0 1
1 1
2 0
3 1
4 0
5 0
6 1
7 1

Input 3: 00000110
0 0
1 0
2 0
3 0
4 0
5 1
6 1
7 0

Input 4: 00000101
0 0
1 0
2 0
3 0
4 0
5 1
6 0
7 1

Input 5: 11101001
0 1
1 1
2 1
3 0
4 1
5 0
6 0
7 1

Input 6: 00010011
0 0
1 0
2 0
3 1
4 0
5 0
6 1
7 1

Input 7: 11100100
0 1
1 1
2 1
3 0
4 0
5 1
6 0
7 0

Input 8: 00110110
0 0
1 0
2 1
3 1
4 0
5 1
6 1
7 0

Input 9: 01011001
0 0
1 1
2 0
3 1
4 1
5 0
6 0
7 1

When matching output
x: not in operator
y: wrong position

Identity
0 1110010100 5
1 1010010101 5
2 0100010110 4
3 1110001011 6 match 0
4 1100010001 4 match 5
5 0001100110 4 match 6
6 1111001010 6 match 7
7 1110111001 7

Matching output
0 3
1 absent
2 absent
3 absent
4 absent
5 4
6 5
7 6

Left
3 4y
Best: I3: 1

Right
6 5 4 3y
Best: I6 5 4: 3

NOT
0 0001101011 5
1 0101101010 5
2 1011101001 6
3 0001110100 4
4 0011101110 6
5 1110011001 6
6 0000110101 4
7 0001000110 3

Matching output
0 absent
1 absent
2 absent
3 absent
4 absent
5 absent
6 absent
7 absent

Left
none
Best: none

Right
none
Best: none

Constant
0 0000000000 a
1 1111111111 a

Matching output
0 absent
1 absent
2 absent
3 absent
4 absent
5 absent
6 absent
7 absent

Left
none
Best: none

Right
none
Best: none

AND
01 10 1010010100 4
12 21 0000010100 2
23 32 0100000010 2
34 43 1100000001 3
45 54 0000000000 a
56 65 0001000010 2
67 76 1110001000 4
70 07 1110010000 4

02 20 0100010100 3
13 31 1010000001 3
24 42 0100010000 2
35 53 0000000010 1
46 64 1100000000 2
57 75 0000100000 1
60 06 1110000000 3
71 17 1010010001 4

03 30 1110000000 3
14 41 1000010001 3
25 52 0000000110 2
36 63 1110001010 5
47 74 1100010001 4 match 5
50 05 0000000100 1
61 16 1010000000 2
72 27 0100010000 2

04 40 1100010000 3
15 51 0000000100 1
26 62 0100000010 2
37 73 1110001001 5

Matching output
0 absent
1 absent
2 absent
3 absent
4 absent
5 47 74
6 absent
7 absent

Left
none
Best: none

Right
none
Best: none

OR
01 10 1110010101 6
12 21 1110010111 7
23 32 1110011111 8
34 43 1110011011 7
45 54 1101110111 8
56 65 1111101110 8
67 76 1111111011 9
70 07 1110111101 8

02 20 1110010110 6
13 31 1110011111 8
24 42 1100010111 6
35 53 1111101111 9
46 64 1111011011 8
57 75 1111111111 a
60 06 1111011110 8
71 17 1110111101 8

03 30 1110011111 8
14 41 1110010101 6
25 52 0101110110 6
36 63 1111001011 7
47 74 1110111001 7
50 05 1111110110 8
61 16 1111011111 9
72 27 1110111111 9

04 40 1110010101 6
15 51 1011110111 8
26 62 1111011110 8
37 73 1110111011 8

Matching output
0 absent
1 absent
2 absent
3 absent
4 absent
5 absent
6 absent
7 absent

Left
none
Best: none

Right
none
Best: none

XOR
01 10 0100000001 2
12 21 1110000011 5
23 32 1010011101 6
34 43 0010011010 4
45 54 1101110111 8
56 65 1110101100 6
67 76 0001110011 5
70 07 0000101101 4

02 20 1010000010 3
13 31 0100011110 5
24 42 1000000111 4
35 53 1111101101 8
46 64 0011011011 6
57 75 1111011111 9
60 06 0001011110 5
71 17 0100101100 4

03 30 0000011111 5
14 41 0110000100 3
25 52 0101110000 4
36 63 0001000001 2
47 74 0010101000 3
50 05 1111110010 7
61 16 0101011111 7
72 27 1010101111 7

04 40 0010000101 3 match 1
15 51 1011110011 7 match 2
26 62 1011011100 6 match 3
37 73 0000110010 3 match 4

Matching output
0 absent
1 04 40
2 15 51
3 26 62
4 37 73
5 absent
6 absent
7 absent

Left
none
Best: none

Right
none
Best: none

AND-NOT
01 0100000000 1
12 1010000001 3
23 0000010100 2
34 0010001010 3
45 1100010001 4 match 5
56 0000100100 2
67 0001000010 2
70 0000101001 3

02 1010000000 2
13 0000010100 2
24 0000000110 2
35 1110001001 5
46 0000010001 2
57 0001000110 3
60 0001001010 3
71 0100101000 3

03 0000010100 2
14 0010000100 2
25 0100010000 2
36 0000000001 1
47 0000000000 a
50 0001100010 3
61 0101001010 4
72 1010101001 5

04 0010000100 2
15 1010010001 4
26 0000010100 2
37 0000000010 1
40 0000000001 1
51 0001100010 3
62 1011001000 4
73 0000110000 2

05 1110010000 4
16 0000010101 3
27 0000000110 2
30 0000001011 3
41 0100000000 1
52 0001100000 2
63 0001000000 1
74 0010101000 3

06 0000010100 2
17 0000000100 1
20 0000000010 1
31 0100001010 3
42 1000000001 2
53 0001100100 3
64 0011001010 4
75 1110011001 6

07 0000000100 1
10 0000000001 1
21 0100000010 2
32 1010001001 4
43 0000010000 1
54 0001100110 4 match 6
65 1110001000 4
76 0000110001 3

Matching output
0 absent
1 absent
2 absent
3 absent
4 absent
5 45
6 54
7 absent

Left
none
Best: none

Right
none
Best: none

OR-NOT
01 1111111110 9
12 1011111101 8
23 0101110110 6
34 1111101111 9
45 1110011001 6
56 0001110111 6
67 1111001110 7
70 1111111011 9

02 1111111101 9
13 1011110101 7
24 0111111110 8
35 1110011011 7
46 1100110101 6
57 0001100110 4 match 6
60 1111101011 8
71 1111111011 9

03 1111110100 7
14 1011111111 9
25 1110011111 8
36 1110111111 9
47 1101010111 7
50 0001101111 6
61 1111101010 7
72 1111111001 8

04 1111111110 9
15 1110011101 7
26 0100110111 6
37 1111001111 8
40 1101111011 8
51 0101101110 6
62 1111101011 8
73 1111111101 9

05 1110011101 7
16 1010110101 6
27 0101010110 5
30 1111101011 8
41 1101111011 8
52 1011101111 8
63 1111111110 9
74 1111111111 a

06 1110110101 7
17 1011010111 7
20 0101111111 8
31 1111101011 8
42 1111111001 8
53 0001110110 5
64 1111101110 8
75 1110111001 7

07 1111010110 7
10 1011111111 9
21 0101111110 7
32 1111101011 8
43 1101110101 7
54 0011101110 6
65 1111011011 8
76 1110111101 8

Matching output
0 absent
1 absent
2 absent
3 absent
4 absent
5 absent
6 57
7 absent

Left
none
Best: none

Right
none
Best: none

XOR-NOT
01 1011111110 8
12 0001111100 5
23 0101100010 4
34 1101100101 6
45 0010001000 2
56 0001010011 4
67 1110001100 5
70 1111010010 6

02 0101111101 7
13 1011100001 5
24 0111111000 6
35 0000010010 2
46 1100100100 4
57 0000100000 1
60 1110100001 5
71 1011010011 6

03 1111100000 5
14 1001111011 7
25 1010001111 6
36 1110111110 8
47 1101010111 7
50 0000001101 3
61 1010100000 3
72 0101010000 3

04 1101111010 7
15 0100001100 3
26 0100100011 4
37 1111001101 7
40 1101111010 7
51 0100001100 3
62 0100100011 4
73 1111001101 7

05 0000001101 3
16 1010100000 3
27 0101010000 3
30 1111100000 5
41 1001111011 7
52 1010001111 6
63 1110111110 8
74 1101010111 7

06 1110100001 5
17 1011010011 6
20 0101111101 7
31 1011100001 5
42 0111111000 6
53 0000010010 2
64 1100100100 4
75 0000100000 1

07 1111010010 6
10 1011111110 8
21 0001111100 5
32 0101100010 4
43 1101100101 6
54 0010001000 2
65 0001010011 4
76 1110001100 5

Matching output
0 absent
1 absent
2 absent
3 absent
4 absent
5 absent
6 absent
7 absent

Left
none
Best: none

Right
none
Best: none

Selecting

Lefts
Identity I3: 1
NOT none
Constant none
AND none
OR none
XOR none
AND-NOT none
OR-NOT none
XOR-NOT none

Rights
Identity I6 5 4: 3
NOT none
Constant none
AND none
OR none
XOR none
AND-NOT none
OR-NOT none
XOR-NOT none

Left longest: 1
Right longest: 3

Right winner: Identity yes, NOT no, Constant no, AND no, OR no, XOR no, AND-NOT no, OR-NOT no, XOR-NOT no
Left winner: Identity yes, NOT no, Constant no, AND no, OR no, XOR no, AND-NOT no, OR-NOT no, XOR-NOT no

Best right: I6 5 4: 3
Best left: I3: 1

Truncated right: I6 5 4: 3
Truncated left: I3: 1

Tentative from right
7 I6
6 I5
5 I4
4 pending
3 pending
2 pending
1 pending
0 pending

Tentative
0 I3
1 pending
2 pending
3 pending
4 pending
5 I4
6 I5
7 I6

Preferred from right
7 I6
6 I5
5 I4
4 ??3
3 ??2
2 ??1
1 ??0
0 I3

Preferred from left
0 I3
1 ?40
2 ?51
3 ?62
4 ?73
5 I4
6 I5
7 I6

Preferred
0 I3
1 ?40 ?04
2 ?51 ?15
3 ?62 ?26
4 ?73 ?37
5 I4
6 I5
7 I6

Matching
0 I3
1 ?40 ?04 - Identity absent, NOT absent, Constant absent, AND absent, OR absent, XOR40, AND-NOT absent, OR-NOT absent, XOR-NOT absent
2 ?51 ?15 - Identity absent, NOT absent, Constant absent, AND absent, OR absent, XOR51, AND-NOT absent, OR-NOT absent, XOR-NOT absent
3 ?62 ?26 - Identity absent, NOT absent, Constant absent, AND absent, OR absent, XOR62, AND-NOT absent, OR-NOT absent, XOR-NOT absent
4 ?73 ?37 - Identity absent, NOT absent, Constant absent, AND absent, OR absent, XOR73, AND-NOT absent, OR-NOT absent, XOR-NOT absent
5 I4
6 I5
7 I6

Perfect match
Identity no
NOT no
Constant no
AND no
OR no
XOR yes
AND-NOT no
OR-NOT no
XOR-NOT no

Matched
0 I3
1 XOR40
2 XOR51
3 XOR62
4 XOR73
5 I4
6 I5
7 I6

Selected
0 I3
1 XOR40
2 XOR51
3 XOR62
4 XOR73
5 I4
6 I5
7 I6

Applying to 10101010
Input
0 1
1 0
2 1
3 0
4 1
5 0
6 1
7 0
Output
0 I3 = 0
1 XOR40 = XOR(1,1) = 0
2 XOR51 = XOR(0,0) = 0
3 XOR62 = XOR(1,1) = 0
4 XOR73 = XOR(0,0) = 0
5 I4 = 1
6 I5 = 0
7 I6 = 1

I will now return the answer in \boxed{}
The answer in \boxed{–} is \boxed{00000101}
[correct]
true
