[category]
bit_manipulation
[prompt]
In Alice's Wonderland, a secret bit manipulation rule transforms 8-bit binary numbers. The transformation involves operations like bit shifts, rotations, XOR, AND, OR, NOT, and possibly majority or choice functions.

Here are some examples of input -> output:
01101010 -> 00010110
01001101 -> 10000110
00000101 -> 00001111
01001000 -> 01110110
01111001 -> 01000111
01010011 -> 10100101
01001110 -> 11010110
01110000 -> 11110111
10010100 -> 00101101

Now, determine the output for: 00100101
[completion]
We need to deduce the transformation by matching the example outputs.
I will put my final answer inside \boxed{}.

Output 0: 00010110
0 0
1 0
2 0
3 1
4 0
5 1
6 1
7 0

Output 1: 10000110
0 1
1 0
2 0
3 0
4 0
5 1
6 1
7 0

Output 2: 00001111
0 0
1 0
2 0
3 0
4 1
5 1
6 1
7 1

Output 3: 01110110
0 0
1 1
2 1
3 1
4 0
5 1
6 1
7 0

Output 4: 01000111
0 0
1 1
2 0
3 0
4 0
5 1
6 1
7 1

Output 5: 10100101
0 1
1 0
2 1
3 0
4 0
5 1
6 0
7 1

Output 6: 11010110
0 1
1 1
2 0
3 1
4 0
5 1
6 1
7 0

Output 7: 11110111
0 1
1 1
2 1
3 1
4 0
5 1
6 1
7 1

Output 8: 00101101
0 0
1 0
2 1
3 0
4 1
5 1
6 0
7 1

Output bit columns (with bitsum as hash)
0 010001110 4
1 000110110 4
2 000101011 4
3 100100110 4
4 001000001 2
5 111111111 a
6 111110110 7
7 001011011 5

Input 0: 01101010
0 0
1 1
2 1
3 0
4 1
5 0
6 1
7 0

Input 1: 01001101
0 0
1 1
2 0
3 0
4 1
5 1
6 0
7 1

Input 2: 00000101
0 0
1 0
2 0
3 0
4 0
5 1
6 0
7 1

Input 3: 01001000
0 0
1 1
2 0
3 0
4 1
5 0
6 0
7 0

Input 4: 01111001
0 0
1 1
2 1
3 1
4 1
5 0
6 0
7 1

Input 5: 01010011
0 0
1 1
2 0
3 1
4 0
5 0
6 1
7 1

Input 6: 01001110
0 0
1 1
2 0
3 0
4 1
5 1
6 1
7 0

Input 7: 01110000
0 0
1 1
2 1
3 1
4 0
5 0
6 0
7 0

Input 8: 10010100
0 1
1 0
2 0
3 1
4 0
5 1
6 0
7 0

When matching output
x: not in operator
y: wrong position

Identity
0 000000001 1
1 110111110 7
2 100010010 3
3 000011011 4
4 110110100 5
5 011000101 4
6 100001100 3
7 011011000 4

Matching output
0 absent
1 absent
2 absent
3 absent
4 absent
5 absent
6 absent
7 absent

Left
none
Best: none

Right
none
Best: none

NOT
0 111111110 8
1 001000001 2 match 4
2 011101101 6
3 111100100 5
4 001001011 4
5 100111010 5
6 011110011 6
7 100100111 5

Matching output
0 absent
1 absent
2 absent
3 absent
4 1
5 absent
6 absent
7 absent

Left
none
Best: none

Right
none
Best: none

Constant
0 000000000 a
1 111111111 a match 5

Matching output
0 absent
1 absent
2 absent
3 absent
4 absent
5 C1
6 absent
7 absent

Left
none
Best: none

Right
none
Best: none

AND
01 10 000000000 a
12 21 100010010 3
23 32 000010010 2
34 43 000010000 1
45 54 010000100 2
56 65 000000100 1
67 76 000001000 1
70 07 000000000 a

02 20 000000000 a
13 31 000011010 3
24 42 100010000 2
35 53 000000001 1
46 64 100000100 2
57 75 011000000 2
60 06 000000000 a
71 17 010011000 3

03 30 000000001 1
14 41 110110100 5
25 52 000000000 a
36 63 000001000 1
47 74 010010000 2
50 05 000000001 1
61 16 100001100 3
72 27 000010000 1

04 40 000000000 a
15 51 010000100 2
26 62 100000000 1
37 73 000011000 2

Matching output
0 absent
1 absent
2 absent
3 absent
4 absent
5 absent
6 absent
7 absent

Left
none
Best: none

Right
none
Best: none

OR
01 10 110111111 8
12 21 110111110 7
23 32 100011011 5
34 43 110111111 8
45 54 111110101 7
56 65 111001101 6
67 76 111011100 6
70 07 011011001 5

02 20 100010011 4
13 31 110111111 8
24 42 110110110 6
35 53 011011111 7
46 64 110111100 6
57 75 011011101 6
60 06 100001101 4
71 17 111111110 8

03 30 000011011 4
14 41 110111110 7
25 52 111010111 7
36 63 100011111 6
47 74 111111100 7
50 05 011000101 4
61 16 110111110 7
72 27 111011010 6

04 40 110110101 6
15 51 111111111 a match 5
26 62 100011110 5
37 73 011011011 6

Matching output
0 absent
1 absent
2 absent
3 absent
4 absent
5 15 51
6 absent
7 absent

Left
none
Best: none

Right
none
Best: none

XOR
01 10 110111111 8
12 21 010101100 4
23 32 100001001 3
34 43 110101111 7
45 54 101110001 5
56 65 111001001 5
67 76 111010100 5
70 07 011011001 5

02 20 100010011 4
13 31 110100101 5
24 42 010100110 4
35 53 011011110 6
46 64 010111000 4
57 75 000011101 4
60 06 100001101 4
71 17 101100110 5

03 30 000011010 3
14 41 000001010 2
25 52 111010111 7
36 63 100010111 5
47 74 101101100 5
50 05 011000100 3
61 16 010110010 4
72 27 111001010 5

04 40 110110101 6
15 51 101111011 7
26 62 000011110 4
37 73 011000011 4

Matching output
0 absent
1 absent
2 absent
3 absent
4 absent
5 absent
6 absent
7 absent

Left
none
Best: none

Right
none
Best: none

AND-NOT
01 000000001 1
12 010101100 4
23 100000000 1
34 000001011 3
45 100110000 3
56 011000001 3
67 100000100 2
70 011011000 4

02 000000001 1
13 110100100 4
24 000000010 1
35 000011010 3
46 010110000 3
57 000000101 2
60 100001100 3
71 001000000 1

03 000000000 a
14 000001010 2
25 100010010 3
36 000010011 3
47 100100100 3
50 011000100 3
61 000000000 a
72 011001000 3

04 000000001 1
15 100111010 5
26 000010010 2
37 000000011 2
40 110110100 5
51 001000001 2 match 4
62 000001100 2
73 011000000 2

05 000000000 a
16 010110010 4
27 100000010 2
30 000011010 3
41 000000000 a
52 011000101 4
63 100000100 2
74 001001000 2

06 000000001 1
17 100100110 4 match 3
20 100010010 3
31 000000001 1
42 010100100 3
53 011000100 3
64 000001000 1
75 000011000 2

07 000000001 1
10 110111110 7
21 000000000 a
32 000001001 2
43 110100100 4
54 001000001 2 match 4
65 100001000 2
76 011010000 3

Matching output
0 absent
1 absent
2 absent
3 17
4 51 54
5 absent
6 absent
7 absent

Left
none
Best: none

Right
none
Best: none

OR-NOT
01 001000001 2 match 4
12 111111111 a match 5
23 111110110 7 match 6
34 001011011 5 match 7
45 110111110 7
56 011110111 7
67 100101111 6
70 111111110 8

02 011101101 6
13 111111110 8
24 101011011 6
35 100111011 6
46 111110111 8
57 111100111 7
60 111111110 8
71 011011001 5

03 111100101 6
14 111111111 a match 5
25 100111010 5
36 011111011 7
47 110110111 7
50 111111111 a match 5
61 101001101 5
72 011111101 7

04 001001011 4
15 110111110 7
26 111110011 7
37 100111111 7
40 111111110 8
51 011000101 4
62 111101101 7
73 111111100 7

05 100111011 6
16 111111111 a match 5
27 100110111 6
30 111111111 a match 5
41 111110101 7
52 011101101 6
63 111101100 6
74 011011011 6

06 011110011 6
17 110111111 8
20 111111110 8
31 001011011 5 match 7
42 111111101 8
53 111100101 6
64 101001111 6
75 111111010 7

07 100100111 5
10 111111110 8
21 101010011 5
32 011111111 8
43 111110100 6
54 011001111 6
65 100111110 6
76 011111011 7

Matching output
0 absent
1 absent
2 absent
3 absent
4 01
5 12 14 50 16 30
6 23
7 34 31

Left
none
Best: none

Right
34 23 12 01 70x
31 20x
Best: OR-NOT34 23 12 01: 4

XOR-NOT
01 001000000 1
12 101010011 5
23 011110110 6
34 001010000 2
45 010001110 4 match 0
56 000110110 4 match 1
67 000101011 4 match 2
70 100100110 4 match 3

02 011101100 5
13 001011010 4
24 101011001 5
35 100100001 3
46 101000111 5
57 111100010 5
60 011110010 5
71 010011001 4

03 111100101 6
14 111110101 7
25 000101000 2
36 011101000 4
47 010010011 4
50 100111011 6
61 101001101 5
72 000110101 4

04 001001010 3
15 010000100 2
26 111100001 5
37 100111100 5
40 001001010 3
51 010000100 2
62 111100001 5
73 100111100 5

05 100111011 6
16 101001101 5
27 000110101 4
30 111100101 6
41 111110101 7
52 000101000 2
63 011101000 4
74 010010011 4

06 011110010 5
17 010011001 4
20 011101100 5
31 001011010 4
42 101011001 5
53 100100001 3
64 101000111 5
75 111100010 5

07 100100110 4 match 3
10 001000000 1
21 101010011 5
32 011110110 6
43 001010000 2
54 010001110 4 match 0
65 000110110 4 match 1
76 000101011 4 match 2

Matching output
0 45 54
1 56 65
2 67 76
3 70 07
4 absent
5 absent
6 absent
7 absent

Left
45 56 67 70 01x
54 65 76 07 10x
Best: XOR-NOT45 56 67 70: 4

Right
none
Best: none

Selecting

Lefts
Identity none
NOT none
Constant none
AND none
OR none
XOR none
AND-NOT none
OR-NOT none
XOR-NOT XOR-NOT45 56 67 70: 4

Rights
Identity none
NOT none
Constant none
AND none
OR none
XOR none
AND-NOT none
OR-NOT OR-NOT34 23 12 01: 4
XOR-NOT none

Left longest: 4
Right longest: 4

Left winner: Identity no, NOT no, Constant no, AND no, OR no, XOR no, AND-NOT no, OR-NOT no, XOR-NOT yes
Right winner: Identity no, NOT no, Constant no, AND no, OR no, XOR no, AND-NOT no, OR-NOT yes, XOR-NOT no

Best left: XOR-NOT45 56 67 70: 4
Best right: OR-NOT34 23 12 01: 4

Truncated left: XOR-NOT45 56 67 70: 4
Truncated right: OR-NOT34 23 12 01: 4

Tentative from right
7 OR-NOT34
6 OR-NOT23
5 OR-NOT12
4 OR-NOT01
3 pending
2 pending
1 pending
0 pending

Tentative
0 XOR-NOT45
1 XOR-NOT56
2 XOR-NOT67
3 XOR-NOT70
4 OR-NOT01
5 OR-NOT12
6 OR-NOT23
7 OR-NOT34

Preferred from left
0 XOR-NOT45
1 XOR-NOT56
2 XOR-NOT67
3 XOR-NOT70
4 OR-NOT01
5 OR-NOT12
6 OR-NOT23
7 OR-NOT34

Preferred from right
7 OR-NOT34
6 OR-NOT23
5 OR-NOT12
4 OR-NOT01
3 XOR-NOT70
2 XOR-NOT67
1 XOR-NOT56
0 XOR-NOT45

Preferred
0 XOR-NOT45
1 XOR-NOT56
2 XOR-NOT67
3 XOR-NOT70
4 OR-NOT01
5 OR-NOT12
6 OR-NOT23
7 OR-NOT34

Matching
0 XOR-NOT45
1 XOR-NOT56
2 XOR-NOT67
3 XOR-NOT70
4 OR-NOT01
5 OR-NOT12
6 OR-NOT23
7 OR-NOT34

Perfect match
Identity no
NOT no
Constant no
AND no
OR no
XOR no
AND-NOT no
OR-NOT no
XOR-NOT no

Matched
0 XOR-NOT45
1 XOR-NOT56
2 XOR-NOT67
3 XOR-NOT70
4 OR-NOT01
5 OR-NOT12
6 OR-NOT23
7 OR-NOT34

Selected
0 XOR-NOT45
1 XOR-NOT56
2 XOR-NOT67
3 XOR-NOT70
4 OR-NOT01
5 OR-NOT12
6 OR-NOT23
7 OR-NOT34

Applying to 00100101
Input
0 0
1 0
2 1
3 0
4 0
5 1
6 0
7 1
Output
0 XOR-NOT45 = XOR(0,NOT(1)) = 0
1 XOR-NOT56 = XOR(1,NOT(0)) = 0
2 XOR-NOT67 = XOR(0,NOT(1)) = 0
3 XOR-NOT70 = XOR(1,NOT(0)) = 0
4 OR-NOT01 = OR(0,NOT(0)) = 1
5 OR-NOT12 = OR(0,NOT(1)) = 0
6 OR-NOT23 = OR(1,NOT(0)) = 1
7 OR-NOT34 = OR(0,NOT(0)) = 1

I will now return the answer in \boxed{}
The answer in \boxed{–} is \boxed{00001011}
[correct]
true
