[category]
bit_manipulation
[prompt]
In Alice's Wonderland, a secret bit manipulation rule transforms 8-bit binary numbers. The transformation involves operations like bit shifts, rotations, XOR, AND, OR, NOT, and possibly majority or choice functions.

Here are some examples of input -> output:
00011111 -> 01110011
11010000 -> 00101011
01011010 -> 01000100
01101011 -> 10011000
11010111 -> 00110100
00010100 -> 01011010
01000111 -> 00111110
01100011 -> 10111100

Now, determine the output for: 11001100
[completion]
We need to deduce the transformation by matching the example outputs.
I will put my final answer inside \boxed{}.

Output 0: 01110011
0 0
1 1
2 1
3 1
4 0
5 0
6 1
7 1

Output 1: 00101011
0 0
1 0
2 1
3 0
4 1
5 0
6 1
7 1

Output 2: 01000100
0 0
1 1
2 0
3 0
4 0
5 1
6 0
7 0

Output 3: 10011000
0 1
1 0
2 0
3 1
4 1
5 0
6 0
7 0

Output 4: 00110100
0 0
1 0
2 1
3 1
4 0
5 1
6 0
7 0

Output 5: 01011010
0 0
1 1
2 0
3 1
4 1
5 0
6 1
7 0

Output 6: 00111110
0 0
1 0
2 1
3 1
4 1
5 1
6 1
7 0

Output 7: 10111100
0 1
1 0
2 1
3 1
4 1
5 1
6 0
7 0

Output bit columns (with bitsum as hash)
0 00010001 2
1 10100100 3
2 11001011 5
3 10011111 6
4 01010111 5
5 00101011 4
6 11000110 4
7 11000000 2

Input 0: 00011111
0 0
1 0
2 0
3 1
4 1
5 1
6 1
7 1

Input 1: 11010000
0 1
1 1
2 0
3 1
4 0
5 0
6 0
7 0

Input 2: 01011010
0 0
1 1
2 0
3 1
4 1
5 0
6 1
7 0

Input 3: 01101011
0 0
1 1
2 1
3 0
4 1
5 0
6 1
7 1

Input 4: 11010111
0 1
1 1
2 0
3 1
4 0
5 1
6 1
7 1

Input 5: 00010100
0 0
1 0
2 0
3 1
4 0
5 1
6 0
7 0

Input 6: 01000111
0 0
1 1
2 0
3 0
4 0
5 1
6 1
7 1

Input 7: 01100011
0 0
1 1
2 1
3 0
4 0
5 0
6 1
7 1

When matching output
x: not in operator
y: wrong position

Identity
0 01001000 2
1 01111011 6
2 00010001 2 match 0
3 11101100 5
4 10110000 3
5 10001110 4
6 10111011 6
7 10011011 5

Matching output
0 2
1 absent
2 absent
3 absent
4 absent
5 absent
6 absent
7 absent

Left
2 3x
Best: I2: 1

Right
none
Best: none

NOT
0 10110111 6
1 10000100 2
2 11101110 6
3 00010011 3
4 01001111 5
5 01110001 4
6 01000100 2
7 01100100 3

Matching output
0 absent
1 absent
2 absent
3 absent
4 absent
5 absent
6 absent
7 absent

Left
none
Best: none

Right
none
Best: none

Constant
0 00000000 a
1 11111111 a

Matching output
0 absent
1 absent
2 absent
3 absent
4 absent
5 absent
6 absent
7 absent

Left
none
Best: none

Right
none
Best: none

AND
01 10 01001000 2
12 21 00010001 2 match 0
23 32 00000000 a
34 43 10100000 2
45 54 10000000 1
56 65 10001010 3
67 76 10011011 5
70 07 00001000 1

02 20 00000000 a
13 31 01101000 3
24 42 00010000 1
35 53 10001100 3
46 64 10110000 3
57 75 10001010 3
60 06 00001000 1
71 17 00011011 4

03 30 01001000 2
14 41 00110000 2
25 52 00000000 a
36 63 10101000 3
47 74 10010000 2
50 05 00001000 1
61 16 00111011 5
72 27 00010001 2 match 0

04 40 00000000 a
15 51 00001010 2
26 62 00010001 2 match 0
37 73 10001000 2

Matching output
0 12 21 72 27 26 62
1 absent
2 absent
3 absent
4 absent
5 absent
6 absent
7 absent

Left
12 23x
21 32x
72 03x
27 30x
26 37x
62 73x
Best: AND12: 1

Right
none
Best: none

OR
01 10 01111011 6
12 21 01111011 6
23 32 11111101 7
34 43 11111100 6
45 54 10111110 6
56 65 10111111 7
67 76 10111011 6
70 07 11011011 6

02 20 01011001 4
13 31 11111111 a
24 42 10110001 4
35 53 11101110 6
46 64 10111011 6
57 75 10011111 6 match 3
60 06 11111011 7
71 17 11111011 7

03 30 11101100 5
14 41 11111011 7
25 52 10011111 6 match 3
36 63 11111111 a
47 74 10111011 6
50 05 11001110 5
61 16 11111011 7
72 27 10011011 5

04 40 11111000 5
15 51 11111111 a
26 62 10111011 6
37 73 11111111 a

Matching output
0 absent
1 absent
2 absent
3 57 75 25 52
4 absent
5 absent
6 absent
7 absent

Left
none
Best: none

Right
none
Best: none

XOR
01 10 00110011 4
12 21 01101010 4
23 32 11111101 7
34 43 01011100 4
45 54 00111110 5
56 65 00110101 4
67 76 00100000 1
70 07 11010011 5

02 20 01011001 4
13 31 10010111 5
24 42 10100001 3
35 53 01100010 3
46 64 00001011 3
57 75 00010101 3
60 06 11110011 6
71 17 11100000 3

03 30 10100100 3 match 1
14 41 11001011 5 match 2
25 52 10011111 6 match 3
36 63 01010111 5 match 4
47 74 00101011 4 match 5
50 05 11000110 4 match 6
61 16 11000000 2 match 7
72 27 10001010 3

04 40 11111000 5
15 51 11110101 6
26 62 10101010 4
37 73 01110111 6

Matching output
0 absent
1 03 30
2 14 41
3 25 52
4 36 63
5 47 74
6 50 05
7 61 16

Left
none
Best: none

Right
61 50 47 36 25 14 03 72x
16 05 74 63 52 41 30 27x
Best: XOR61 50 47 36 25 14 03: 7

AND-NOT
01 00000000 a
12 01101010 4
23 00010001 2 match 0
34 01001100 3
45 00110000 2
56 00000100 1
67 00100000 1
70 10010011 4

02 01001000 2
13 00010011 3
24 00000001 1
35 01100000 2
46 00000000 a
57 00000100 1
60 10110011 5
71 10000000 1

03 00000000 a
14 01001011 4
25 00010001 2 match 0
36 01000100 2
47 00100000 1
50 10000110 3
61 10000000 1
72 10001010 3

04 01001000 2
15 01110001 4
26 00000000 a
37 01100100 3
40 10110000 3
51 10000100 2
62 10101010 4
73 00010011 3

05 01000000 1
16 01000000 1
27 00000000 a
30 10100100 3 match 1
41 10000000 1
52 10001110 4
63 00010011 3
74 00001011 3

06 01000000 1
17 01100000 2
20 00010001 2 match 0
31 10000100 2
42 10100000 2
53 00000010 1
64 00001011 3
75 00010001 2 match 0

07 01000000 1
10 00110011 4
21 00000000 a
32 11101100 5
43 00010000 1
54 00001110 3
65 00110001 3
76 00000000 a

Matching output
0 23 25 20 75
1 30
2 absent
3 absent
4 absent
5 absent
6 absent
7 absent

Left
23 34x
25 36x
20 31x
75 06x
Best: AND-NOT23: 1

Right
none
Best: none

OR-NOT
01 11001100 4
12 11111111 a
23 00010011 3
34 11101111 7
45 11110001 5
56 11001110 5
67 11111111 a
70 10111111 7

02 11101110 6
13 01111011 6
24 01011111 6
35 11111101 7
46 11110100 5
57 11101110 6
60 10111111 7
71 10011111 6 match 3

03 01011011 5
14 01111111 7
25 01110001 4
36 11101100 5
47 11110100 5
50 10111111 7
61 10111111 7
72 11111111 a

04 01001111 5
15 01111011 6
26 01010101 4
37 11101100 5
40 10110111 6
51 10001110 4
62 11111111 a
73 10011011 5

05 01111001 5
16 01111111 7
27 01110101 5
30 11111111 a
41 10110100 4
52 11101110 6
63 10111011 6
74 11011111 7

06 01001100 3
17 01111111 7
20 10110111 6
31 11101100 5
42 11111110 7
53 10011111 6 match 3
64 11111111 a
75 11111011 7

07 01101100 4
10 11111111 a
21 10010101 4
32 11101110 6
43 10110011 5
54 11001111 6
65 11111011 7
76 11011111 7

Matching output
0 absent
1 absent
2 absent
3 71 53
4 absent
5 absent
6 absent
7 absent

Left
none
Best: none

Right
none
Best: none

XOR-NOT
01 11001100 4
12 10010101 4
23 00000010 1
34 10100011 4
45 11000001 3
56 11001010 4
67 11011111 7
70 00101100 3

02 10100110 4
13 01101000 3
24 01011110 5
35 10011101 5
46 11110100 5
57 11101010 5
60 00001100 2
71 00011111 5

03 01011011 5
14 00110100 3
25 01100000 2
36 10101000 3
47 11010100 4
50 00111001 4
61 00111111 6
72 01110101 5

04 00000111 3
15 00001010 2
26 01010101 4
37 10001000 2
40 00000111 3
51 00001010 2
62 01010101 4
73 10001000 2

05 00111001 4
16 00111111 6
27 01110101 5
30 01011011 5
41 00110100 3
52 01100000 2
63 10101000 3
74 11010100 4

06 00001100 2
17 00011111 5
20 10100110 4
31 01101000 3
42 01011110 5
53 10011101 5
64 11110100 5
75 11101010 5

07 00101100 3
10 11001100 4
21 10010101 4
32 00000010 1
43 10100011 4
54 11000001 3
65 11001010 4
76 11011111 7

Matching output
0 absent
1 absent
2 absent
3 absent
4 absent
5 absent
6 absent
7 absent

Left
none
Best: none

Right
none
Best: none

Selecting

Lefts
Identity I2: 1
NOT none
Constant none
AND AND12: 1
OR none
XOR none
AND-NOT AND-NOT23: 1
OR-NOT none
XOR-NOT none

Rights
Identity none
NOT none
Constant none
AND none
OR none
XOR XOR61 50 47 36 25 14 03: 7
AND-NOT none
OR-NOT none
XOR-NOT none

Left longest: 1
Right longest: 7

Right winner: Identity no, NOT no, Constant no, AND no, OR no, XOR yes, AND-NOT no, OR-NOT no, XOR-NOT no
Left winner: Identity yes, NOT no, Constant no, AND no, OR no, XOR no, AND-NOT no, OR-NOT no, XOR-NOT no

Best right: XOR61 50 47 36 25 14 03: 7
Best left: I2: 1

Truncated right: XOR61 50 47 36 25 14 03: 7
Truncated left: I2: 1

Tentative from right
7 XOR61
6 XOR50
5 XOR47
4 XOR36
3 XOR25
2 XOR14
1 XOR03
0 pending

Tentative
0 I2
1 XOR03
2 XOR14
3 XOR25
4 XOR36
5 XOR47
6 XOR50
7 XOR61

Preferred from right
7 XOR61
6 XOR50
5 XOR47
4 XOR36
3 XOR25
2 XOR14
1 XOR03
0 I2

Preferred from left
0 I2
1 XOR03
2 XOR14
3 XOR25
4 XOR36
5 XOR47
6 XOR50
7 XOR61

Preferred
0 I2
1 XOR03
2 XOR14
3 XOR25
4 XOR36
5 XOR47
6 XOR50
7 XOR61

Matching
0 I2
1 XOR03
2 XOR14
3 XOR25
4 XOR36
5 XOR47
6 XOR50
7 XOR61

Perfect match
Identity no
NOT no
Constant no
AND no
OR no
XOR no
AND-NOT no
OR-NOT no
XOR-NOT no

Matched
0 I2
1 XOR03
2 XOR14
3 XOR25
4 XOR36
5 XOR47
6 XOR50
7 XOR61

Selected
0 I2
1 XOR03
2 XOR14
3 XOR25
4 XOR36
5 XOR47
6 XOR50
7 XOR61

Applying to 11001100
Input
0 1
1 1
2 0
3 0
4 1
5 1
6 0
7 0
Output
0 I2 = 0
1 XOR03 = XOR(1,0) = 1
2 XOR14 = XOR(1,1) = 0
3 XOR25 = XOR(0,1) = 1
4 XOR36 = XOR(0,0) = 0
5 XOR47 = XOR(1,0) = 1
6 XOR50 = XOR(1,1) = 0
7 XOR61 = XOR(0,1) = 1

I will now return the answer in \boxed{}
The answer in \boxed{–} is \boxed{01010101}
[correct]
true
