[category]
bit_manipulation
[prompt]
In Alice's Wonderland, a secret bit manipulation rule transforms 8-bit binary numbers. The transformation involves operations like bit shifts, rotations, XOR, AND, OR, NOT, and possibly majority or choice functions.

Here are some examples of input -> output:
00101110 -> 11011111
01010010 -> 10011110
01001111 -> 11111011
00000100 -> 00111111
11111001 -> 01111110
01001100 -> 10111011
10101001 -> 01101111
00111100 -> 10111111
00110011 -> 10101100

Now, determine the output for: 00101000
[completion]
We need to deduce the transformation by matching the example outputs.
I will put my final answer inside \boxed{}.

Output 0: 11011111
0 1
1 1
2 0
3 1
4 1
5 1
6 1
7 1

Output 1: 10011110
0 1
1 0
2 0
3 1
4 1
5 1
6 1
7 0

Output 2: 11111011
0 1
1 1
2 1
3 1
4 1
5 0
6 1
7 1

Output 3: 00111111
0 0
1 0
2 1
3 1
4 1
5 1
6 1
7 1

Output 4: 01111110
0 0
1 1
2 1
3 1
4 1
5 1
6 1
7 0

Output 5: 10111011
0 1
1 0
2 1
3 1
4 1
5 0
6 1
7 1

Output 6: 01101111
0 0
1 1
2 1
3 0
4 1
5 1
6 1
7 1

Output 7: 10111111
0 1
1 0
2 1
3 1
4 1
5 1
6 1
7 1

Output 8: 10101100
0 1
1 0
2 1
3 0
4 1
5 1
6 0
7 0

Output bit columns (with bitsum as hash)
0 111001011 6
1 101010100 4
2 001111111 7
3 111111010 7
4 111111111 a
5 110110111 7
6 111111110 8
7 101101110 6

Input 0: 00101110
0 0
1 0
2 1
3 0
4 1
5 1
6 1
7 0

Input 1: 01010010
0 0
1 1
2 0
3 1
4 0
5 0
6 1
7 0

Input 2: 01001111
0 0
1 1
2 0
3 0
4 1
5 1
6 1
7 1

Input 3: 00000100
0 0
1 0
2 0
3 0
4 0
5 1
6 0
7 0

Input 4: 11111001
0 1
1 1
2 1
3 1
4 1
5 0
6 0
7 1

Input 5: 01001100
0 0
1 1
2 0
3 0
4 1
5 1
6 0
7 0

Input 6: 10101001
0 1
1 0
2 1
3 0
4 1
5 0
6 0
7 1

Input 7: 00111100
0 0
1 0
2 1
3 1
4 1
5 1
6 0
7 0

Input 8: 00110011
0 0
1 0
2 1
3 1
4 0
5 0
6 1
7 1

When matching output
x: not in operator
y: wrong position

Identity
0 000010100 2
1 011011000 4
2 100010111 5
3 010010011 4
4 101011110 6
5 101101010 5
6 111000001 4
7 001010101 4

Matching output
0 absent
1 absent
2 absent
3 absent
4 absent
5 absent
6 absent
7 absent

Left
none
Best: none

Right
none
Best: none

NOT
0 111101011 7
1 100100111 5
2 011101000 4
3 101101100 5
4 010100001 3
5 010010101 4
6 000111110 5
7 110101010 5

Matching output
0 absent
1 absent
2 absent
3 absent
4 absent
5 absent
6 absent
7 absent

Left
none
Best: none

Right
none
Best: none

Constant
0 000000000 a
1 111111111 a match 4

Matching output
0 absent
1 absent
2 absent
3 absent
4 C1
5 absent
6 absent
7 absent

Left
none
Best: none

Right
none
Best: none

AND
01 10 000010000 1
12 21 000010000 1
23 32 000010011 3
34 43 000010010 2
45 54 101001010 4
56 65 101000000 2
67 76 001000001 2
70 07 000010100 2

02 20 000010100 2
13 31 010010000 2
24 42 100010110 4
35 53 000000010 1
46 64 101000000 2
57 75 001000000 1
60 06 000000000 a
71 17 001010000 2

03 30 000010000 1
14 41 001011000 3
25 52 100000010 2
36 63 010000001 2
47 74 001010100 3
50 05 000000000 a
61 16 011000000 2
72 27 000010101 3

04 40 000010100 2
15 51 001001000 2
26 62 100000001 2
37 73 000010001 2

Matching output
0 absent
1 absent
2 absent
3 absent
4 absent
5 absent
6 absent
7 absent

Left
none
Best: none

Right
none
Best: none

OR
01 10 011011100 5
12 21 111011111 8
23 32 110010111 6
34 43 111011111 8
45 54 101111110 7
56 65 111101011 7
67 76 111010101 6
70 07 001010101 4

02 20 100010111 5
13 31 011011011 6
24 42 101011111 7
35 53 111111011 8
46 64 111011111 8
57 75 101111111 8
60 06 111010101 6
71 17 011011101 6

03 30 010010111 5
14 41 111011110 7
25 52 101111111 8
36 63 111010011 6
47 74 101011111 7
50 05 101111110 7
61 16 111011001 6
72 27 101010111 6

04 40 101011110 6
15 51 111111010 7 match 3
26 62 111010111 7
37 73 011010111 6

Matching output
0 absent
1 absent
2 absent
3 15 51
4 absent
5 absent
6 absent
7 absent

Left
none
Best: none

Right
none
Best: none

XOR
01 10 011001100 4
12 21 111001111 7
23 32 110000100 3
34 43 111001101 6
45 54 000110100 3
56 65 010101011 5
67 76 110010100 4
70 07 001000001 2

02 20 100000011 3
13 31 001001011 4
24 42 001001001 3
35 53 111111001 7
46 64 010011111 6
57 75 100111111 7
60 06 111010101 6
71 17 010001101 4

03 30 010000111 4
14 41 110000110 4
25 52 001111101 6
36 63 101010010 4
47 74 100001011 4
50 05 101111110 7
61 16 100011001 4
72 27 101000010 3

04 40 101001010 4
15 51 110110010 5
26 62 011010110 5
37 73 011000110 4

Matching output
0 absent
1 absent
2 absent
3 absent
4 absent
5 absent
6 absent
7 absent

Left
none
Best: none

Right
none
Best: none

AND-NOT
01 000000100 1
12 011001000 3
23 100000100 2
34 010000001 2
45 000010100 2
56 000101010 3
67 110000000 2
70 001000001 2

02 000000000 a
13 001001000 2
24 000000001 1
35 010010001 3
46 000011110 4
57 100101010 4
60 111000001 4
71 000000101 2

03 000000100 1
14 010000000 1
25 000010101 3
36 000010010 2
47 100001010 3
50 101101010 5
61 100000001 2
72 001000000 1

04 000000000 a
15 010010000 2
26 000010110 3
37 010000010 2
40 101001010 4
51 100100010 3
62 011000000 2
73 001000100 2

05 000010100 2
16 000011000 2
27 100000010 2
30 010000011 3
41 100000110 3
52 001101000 3
63 101000000 2
74 000000001 1

06 000010100 2
17 010001000 2
20 100000011 3
31 000000011 2
42 001001000 2
53 101101000 4
64 010000001 2
75 000010101 3

07 000000000 a
10 011001000 3
21 100000111 4
32 010000000 1
43 101001100 4
54 000100000 1
65 010000001 2
76 000010100 2

Matching output
0 absent
1 absent
2 absent
3 absent
4 absent
5 absent
6 absent
7 absent

Left
none
Best: none

Right
none
Best: none

OR-NOT
01 100110111 6
12 011111000 5
23 101111111 8
34 010110011 5
45 111011111 8
56 101111110 7
67 111101011 7
70 111111111 a match 4

02 011111100 6
13 111111100 7
24 110110111 7 match 5
35 010010111 5
46 101111110 7
57 111101010 6
60 111101011 7
71 101110111 7

03 101111100 6
14 011111001 6
25 110010111 6
36 010111111 7
47 111111110 8 match 6
50 111101011 7
61 111100111 7
72 011111101 7

04 010110101 5
15 011011101 6
26 100111111 7
37 110111011 7
40 111111111 a match 4
51 101101111 7
62 111101001 6
73 101111101 7

05 010010101 4
16 011111110 7
27 110111111 8
30 111111011 8
41 101111111 8
52 111101010 6
63 111101101 7
74 011110101 6

06 000111110 5
17 111111010 7 match 3
20 111111111 a match 4
31 110110111 7 match 5
42 111111110 8 match 6
53 101101110 6 match 7
64 111100001 5
75 011010101 5

07 110111110 7
10 111111011 8
21 100110111 6
32 011111011 7
43 101111110 7
54 111101011 7
65 111010101 6
76 001111111 7 match 2

Matching output
0 absent
1 absent
2 76
3 17
4 70 40 20
5 24 31
6 47 42
7 53

Left
none
Best: none

Right
53 42 31 20 17 06x
Best: OR-NOT53 42 31 20 17: 5

XOR-NOT
01 100110011 5
12 000110000 2
23 001111011 6
34 000110010 3
45 111001011 6 match 0
56 101010100 4 match 1
67 001101011 5
70 110111110 7

02 011111100 6
13 110110100 5
24 110110110 6
35 000000110 2
46 101100000 3
57 011000000 2
60 000101010 3
71 101110010 5

03 101111000 5
14 001111001 5
25 110000010 3
36 010101101 5
47 011110100 5
50 010000001 2
61 011100110 5
72 010111101 6

04 010110101 5
15 001001101 4
26 100101001 4
37 100111001 5
40 010110101 5
51 001001101 4
62 100101001 4
73 100111001 5

05 010000001 2
16 011100110 5
27 010111101 6
30 101111000 5
41 001111001 5
52 110000010 3
63 010101101 5
74 011110100 5

06 000101010 3
17 101110010 5
20 011111100 6
31 110110100 5
42 110110110 6
53 000000110 2
64 101100000 3
75 011000000 2

07 110111110 7
10 100110011 5
21 000110000 2
32 001111011 6
43 000110010 3
54 111001011 6 match 0
65 101010100 4 match 1
76 001101011 5

Matching output
0 45 54
1 56 65
2 absent
3 absent
4 absent
5 absent
6 absent
7 absent

Left
45 56 67x
54 65 76x
Best: XOR-NOT45 56: 2

Right
none
Best: none

Selecting

Lefts
Identity none
NOT none
Constant none
AND none
OR none
XOR none
AND-NOT none
OR-NOT none
XOR-NOT XOR-NOT45 56: 2

Rights
Identity none
NOT none
Constant none
AND none
OR none
XOR none
AND-NOT none
OR-NOT OR-NOT53 42 31 20 17: 5
XOR-NOT none

Left longest: 2
Right longest: 5

Right winner: Identity no, NOT no, Constant no, AND no, OR no, XOR no, AND-NOT no, OR-NOT yes, XOR-NOT no
Left winner: Identity no, NOT no, Constant no, AND no, OR no, XOR no, AND-NOT no, OR-NOT no, XOR-NOT yes

Best right: OR-NOT53 42 31 20 17: 5
Best left: XOR-NOT45 56: 2

Truncated right: OR-NOT53 42 31 20 17: 5
Truncated left: XOR-NOT45 56: 2

Tentative from right
7 OR-NOT53
6 OR-NOT42
5 OR-NOT31
4 OR-NOT20
3 OR-NOT17
2 pending
1 pending
0 pending

Tentative
0 XOR-NOT45
1 XOR-NOT56
2 pending
3 OR-NOT17
4 OR-NOT20
5 OR-NOT31
6 OR-NOT42
7 OR-NOT53

Preferred from right
7 OR-NOT53
6 OR-NOT42
5 OR-NOT31
4 OR-NOT20
3 OR-NOT17
2 ?06
1 XOR-NOT56
0 XOR-NOT45

Preferred from left
0 XOR-NOT45
1 XOR-NOT56
2 ?06
3 OR-NOT17
4 OR-NOT20
5 OR-NOT31
6 OR-NOT42
7 OR-NOT53

Preferred
0 XOR-NOT45
1 XOR-NOT56
2 ?06 ?60
3 OR-NOT17
4 OR-NOT20
5 OR-NOT31
6 OR-NOT42
7 OR-NOT53

Matching
0 XOR-NOT45
1 XOR-NOT56
2 ?06 ?60 - Identity absent, NOT absent, Constant absent, AND absent, OR absent, XOR absent, AND-NOT absent, OR-NOT absent, XOR-NOT absent
3 OR-NOT17
4 OR-NOT20
5 OR-NOT31
6 OR-NOT42
7 OR-NOT53

Perfect match
Identity no
NOT no
Constant no
AND no
OR no
XOR no
AND-NOT no
OR-NOT no
XOR-NOT no

Matched
0 XOR-NOT45
1 XOR-NOT56
2 none
3 OR-NOT17
4 OR-NOT20
5 OR-NOT31
6 OR-NOT42
7 OR-NOT53

Selected
0 XOR-NOT45
1 XOR-NOT56
2 default 1
3 OR-NOT17
4 OR-NOT20
5 OR-NOT31
6 OR-NOT42
7 OR-NOT53

Applying to 00101000
Input
0 0
1 0
2 1
3 0
4 1
5 0
6 0
7 0
Output
0 XOR-NOT45 = XOR(1,NOT(0)) = 0
1 XOR-NOT56 = XOR(0,NOT(0)) = 1
2 default 1 = 1
3 OR-NOT17 = OR(0,NOT(0)) = 1
4 OR-NOT20 = OR(1,NOT(0)) = 1
5 OR-NOT31 = OR(0,NOT(0)) = 1
6 OR-NOT42 = OR(1,NOT(1)) = 1
7 OR-NOT53 = OR(0,NOT(0)) = 1

I will now return the answer in \boxed{}
The answer in \boxed{–} is \boxed{01111111}
[correct]
true
