[category]
bit_manipulation
[prompt]
In Alice's Wonderland, a secret bit manipulation rule transforms 8-bit binary numbers. The transformation involves operations like bit shifts, rotations, XOR, AND, OR, NOT, and possibly majority or choice functions.

Here are some examples of input -> output:
11010110 -> 11111011
11100100 -> 11110110
00010001 -> 11111101
11110100 -> 11111110
11010000 -> 01111110
00101011 -> 11011101
00110111 -> 01111011
10111000 -> 11011110
10000100 -> 01110110
11101110 -> 10110111

Now, determine the output for: 11100110
[completion]
We need to deduce the transformation by matching the example outputs.
I will put my final answer inside \boxed{}.

Output 0: 11111011
0 1
1 1
2 1
3 1
4 1
5 0
6 1
7 1

Output 1: 11110110
0 1
1 1
2 1
3 1
4 0
5 1
6 1
7 0

Output 2: 11111101
0 1
1 1
2 1
3 1
4 1
5 1
6 0
7 1

Output 3: 11111110
0 1
1 1
2 1
3 1
4 1
5 1
6 1
7 0

Output 4: 01111110
0 0
1 1
2 1
3 1
4 1
5 1
6 1
7 0

Output 5: 11011101
0 1
1 1
2 0
3 1
4 1
5 1
6 0
7 1

Output 6: 01111011
0 0
1 1
2 1
3 1
4 1
5 0
6 1
7 1

Output 7: 11011110
0 1
1 1
2 0
3 1
4 1
5 1
6 1
7 0

Output 8: 01110110
0 0
1 1
2 1
3 1
4 0
5 1
6 1
7 0

Output 9: 10110111
0 1
1 0
2 1
3 1
4 0
5 1
6 1
7 1

Output bit columns (with bitsum as hash)
0 1111010101 7
1 1111111110 9
2 1111101011 8
3 1111111111 a
4 1011111100 7
5 0111110111 8
6 1101101111 8
7 1010011001 5

Input 0: 11010110
0 1
1 1
2 0
3 1
4 0
5 1
6 1
7 0

Input 1: 11100100
0 1
1 1
2 1
3 0
4 0
5 1
6 0
7 0

Input 2: 00010001
0 0
1 0
2 0
3 1
4 0
5 0
6 0
7 1

Input 3: 11110100
0 1
1 1
2 1
3 1
4 0
5 1
6 0
7 0

Input 4: 11010000
0 1
1 1
2 0
3 1
4 0
5 0
6 0
7 0

Input 5: 00101011
0 0
1 0
2 1
3 0
4 1
5 0
6 1
7 1

Input 6: 00110111
0 0
1 0
2 1
3 1
4 0
5 1
6 1
7 1

Input 7: 10111000
0 1
1 0
2 1
3 1
4 1
5 0
6 0
7 0

Input 8: 10000100
0 1
1 0
2 0
3 0
4 0
5 1
6 0
7 0

Input 9: 11101110
0 1
1 1
2 1
3 0
4 1
5 1
6 1
7 0

When matching output
x: not in operator
y: wrong position

Identity
0 1101100111 7
1 1101100001 5
2 0101011101 6
3 1011101100 6
4 0000010101 3
5 1101001011 6
6 1000011001 4
7 0010011000 3

Matching output
0 absent
1 absent
2 absent
3 absent
4 absent
5 absent
6 absent
7 absent

Left
none
Best: none

Right
none
Best: none

NOT
0 0010011000 3
1 0010011110 5
2 1010100010 4
3 0100010011 4
4 1111101010 7
5 0010110100 4
6 0111100110 6
7 1101100111 7

Matching output
0 absent
1 absent
2 absent
3 absent
4 absent
5 absent
6 absent
7 absent

Left
none
Best: none

Right
none
Best: none

Constant
0 0000000000 a
1 1111111111 a match 3

Matching output
0 absent
1 absent
2 absent
3 C1
4 absent
5 absent
6 absent
7 absent

Left
none
Best: none

Right
none
Best: none

AND
01 10 1101100001 5
12 21 0101000001 3
23 32 0001001100 3
34 43 0000000100 1
45 54 0000000001 1
56 65 1000001001 3
67 76 0000011000 2
70 07 0000000000 a

02 20 0101000101 4
13 31 1001100000 3
24 42 0000010101 3
35 53 1001001000 3
46 64 0000010001 2
57 75 0000001000 1
60 06 1000000001 2
71 17 0000000000 a

03 30 1001100100 4
14 41 0000000001 1
25 52 0101001001 4
36 63 1000001000 2
47 74 0000010000 1
50 05 1101000011 5
61 16 1000000001 2
72 27 0000011000 2

04 40 0000000101 2
15 51 1101000001 4
26 62 0000011001 3
37 73 0010001000 2

Matching output
0 absent
1 absent
2 absent
3 absent
4 absent
5 absent
6 absent
7 absent

Left
none
Best: none

Right
none
Best: none

OR
01 10 1101100111 7
12 21 1101111101 8
23 32 1111111101 9
34 43 1011111101 8
45 54 1101011111 8
56 65 1101011011 7
67 76 1010011001 5 match 7
70 07 1111111111 a match 3

02 20 1101111111 9
13 31 1111101101 8
24 42 0101011101 6
35 53 1111101111 9
46 64 1000011101 5
57 75 1111011011 8
60 06 1101111111 9
71 17 1111111001 8

03 30 1111101111 9
14 41 1101110101 7
25 52 1101011111 8
36 63 1011111101 8
47 74 0010011101 5
50 05 1101101111 8 match 6
61 16 1101111001 7
72 27 0111011101 7

04 40 1101110111 8
15 51 1101101011 7
26 62 1101011101 7
37 73 1011111100 7 match 4

Matching output
0 absent
1 absent
2 absent
3 70 07
4 37 73
5 absent
6 50 05
7 67 76

Left
none
Best: none

Right
67 56x
76 65x
Best: OR67: 1

XOR
01 10 0000000110 2
12 21 1000111100 5
23 32 1110110001 6
34 43 1011111001 7
45 54 1101011110 7
56 65 0101010010 4
67 76 1010000001 3
70 07 1111111111 a match 3

02 20 1000111010 5
13 31 0110001101 5
24 42 0101001000 3
35 53 0110100111 6
46 64 1000001100 3
57 75 1111010011 7
60 06 0101111110 7
71 17 1111111001 8

03 30 0110001011 5
14 41 1101110100 6
25 52 1000010110 4
36 63 0011110101 6
47 74 0010001101 4
50 05 0000101100 3
61 16 0101111000 5
72 27 0111000101 5

04 40 1101110010 6
15 51 0000101010 3
26 62 1101000100 4
37 73 1001110100 5

Matching output
0 absent
1 absent
2 absent
3 70 07
4 absent
5 absent
6 absent
7 absent

Left
none
Best: none

Right
none
Best: none

AND-NOT
01 0000000110 2
12 1000100000 2
23 0100010001 3
34 1011101000 5
45 0000010100 2
56 0101000010 3
67 1000000001 2
70 0010011000 3

02 1000100010 3
13 0100000001 2
24 0101001000 3
35 0010100100 3
46 0000000100 1
57 1101000011 5
60 0000011000 2
71 0010011000 3

03 0100000011 3
14 1101100000 4
25 0000010100 2
36 0011100100 4
47 0000000101 2
50 0000001000 1
61 0000011000 2
72 0010000000 1

04 1101100010 5
15 0000100000 1
26 0101000100 3
37 1001100100 4
40 0000010000 1
51 0000001010 2
62 1000000000 1
73 0000010000 1

05 0000100100 2
16 0101100000 3
27 0101000101 4
30 0010001000 2
41 0000010100 2
52 1000000010 2
63 0000010001 2
74 0010001000 2

06 0101100110 5
17 1101100001 5
20 0000011000 2
31 0010001100 3
42 0000000000 a
53 0100000011 3
64 1000001000 2
75 0010010000 2

07 1101100111 7
10 0000000000 a
21 0000011100 3
32 1010100000 3
43 0000010001 2
54 1101001010 5
65 0000010000 1
76 0010000000 1

Matching output
0 absent
1 absent
2 absent
3 absent
4 absent
5 absent
6 absent
7 absent

Left
none
Best: none

Right
none
Best: none

OR-NOT
01 1111111111 a match 3
12 1111100011 7
23 0101011111 7
34 1111101110 8
45 0010110101 5
56 1111101111 9
67 1101111111 9
70 0010011000 3

02 1111100111 8
13 1101110011 7
24 1111111111 a match 3
35 1011111100 7 match 4
46 0111110111 8 match 5
57 1101101111 8 match 6
60 1010011001 5 match 7
71 0010011110 5

03 1101110111 8
14 1111101011 8 match 2
25 0111111101 8
36 1111101110 8
47 1101110111 8
50 1111011011 8
61 1010011111 7
72 1010111010 6

04 1111101111 9
15 1111110101 8
26 0111111111 9
37 1111101111 9
40 0010011101 5
51 1111011111 9
62 1010111011 7
73 0110011011 6

05 1111110111 9
16 1111100111 8
27 1101111111 9
30 1011111100 7 match 4
41 0010011111 6
52 1111101011 8 match 2
63 1100011011 6
74 1111111010 8

06 1111100111 8
17 1101100111 7
20 0111011101 7
31 1011111110 8
42 1010110111 7
53 1101011011 7
64 1111111011 9
75 0010111100 5

07 1101100111 7
10 1111111001 8
21 0111011111 8
32 1011101110 7
43 0100010111 5
54 1111101011 8 match 2
65 1010111101 7
76 0111111110 8

Matching output
0 absent
1 absent
2 14 52 54
3 01 24
4 35 30
5 46
6 57
7 60

Left
none
Best: none

Right
60 57 46 35 24 13x
Best: OR-NOT60 57 46 35 24: 5

XOR-NOT
01 1111111001 8
12 0111000011 5
23 0001001110 4
34 0100000110 3
45 0010100001 3
56 1010101101 6
67 0101111110 7
70 0000000000 a

02 0111000101 5
13 1001110010 5
24 1010110111 7
35 1001011000 4
46 0111110011 7
57 0000101100 3
60 1010000001 3
71 0000000110 2

03 1001110100 5
14 0010001011 4
25 0111101001 6
36 1100001010 4
47 1101110010 6
50 1111010011 7
61 1010000111 5
72 1000111010 5

04 0010001101 4
15 1111010101 7 match 0
26 0010111011 6
37 0110001011 5
40 0010001101 4
51 1111010101 7 match 0
62 0010111011 6
73 0110001011 5

05 1111010011 7
16 1010000111 5
27 1000111010 5
30 1001110100 5
41 0010001011 4
52 0111101001 6
63 1100001010 4
74 1101110010 6

06 1010000001 3
17 0000000110 2
20 0111000101 5
31 1001110010 5
42 1010110111 7
53 1001011000 4
64 0111110011 7
75 0000101100 3

07 0000000000 a
10 1111111001 8
21 0111000011 5
32 0001001110 4
43 0100000110 3
54 0010100001 3
65 1010101101 6
76 0101111110 7

Matching output
0 15 51
1 absent
2 absent
3 absent
4 absent
5 absent
6 absent
7 absent

Left
15 26x
51 62x
Best: XOR-NOT15: 1

Right
none
Best: none

Selecting

Lefts
Identity none
NOT none
Constant none
AND none
OR none
XOR none
AND-NOT none
OR-NOT none
XOR-NOT XOR-NOT15: 1

Rights
Identity none
NOT none
Constant none
AND none
OR OR67: 1
XOR none
AND-NOT none
OR-NOT OR-NOT60 57 46 35 24: 5
XOR-NOT none

Left longest: 1
Right longest: 5

Right winner: Identity no, NOT no, Constant no, AND no, OR no, XOR no, AND-NOT no, OR-NOT yes, XOR-NOT no
Left winner: Identity no, NOT no, Constant no, AND no, OR no, XOR no, AND-NOT no, OR-NOT no, XOR-NOT yes

Best right: OR-NOT60 57 46 35 24: 5
Best left: XOR-NOT15: 1

Truncated right: OR-NOT60 57 46 35 24: 5
Truncated left: XOR-NOT15: 1

Tentative from right
7 OR-NOT60
6 OR-NOT57
5 OR-NOT46
4 OR-NOT35
3 OR-NOT24
2 pending
1 pending
0 pending

Tentative
0 XOR-NOT15
1 pending
2 pending
3 OR-NOT24
4 OR-NOT35
5 OR-NOT46
6 OR-NOT57
7 OR-NOT60

Preferred from right
7 OR-NOT60
6 OR-NOT57
5 OR-NOT46
4 OR-NOT35
3 OR-NOT24
2 ?13
1 ?02
0 XOR-NOT15

Preferred from left
0 XOR-NOT15
1 ?02
2 ?13
3 OR-NOT24
4 OR-NOT35
5 OR-NOT46
6 OR-NOT57
7 OR-NOT60

Preferred
0 XOR-NOT15
1 ?02 ?20
2 ?13 ?31
3 OR-NOT24
4 OR-NOT35
5 OR-NOT46
6 OR-NOT57
7 OR-NOT60

Matching
0 XOR-NOT15
1 ?02 ?20 - Identity absent, NOT absent, Constant absent, AND absent, OR absent, XOR absent, AND-NOT absent, OR-NOT absent, XOR-NOT absent
2 ?13 ?31 - Identity absent, NOT absent, Constant absent, AND absent, OR absent, XOR absent, AND-NOT absent, OR-NOT absent, XOR-NOT absent
3 OR-NOT24
4 OR-NOT35
5 OR-NOT46
6 OR-NOT57
7 OR-NOT60

Perfect match
Identity no
NOT no
Constant no
AND no
OR no
XOR no
AND-NOT no
OR-NOT no
XOR-NOT no

Matched
0 XOR-NOT15
1 none
2 none
3 OR-NOT24
4 OR-NOT35
5 OR-NOT46
6 OR-NOT57
7 OR-NOT60

Selected
0 XOR-NOT15
1 default 1
2 default 1
3 OR-NOT24
4 OR-NOT35
5 OR-NOT46
6 OR-NOT57
7 OR-NOT60

Applying to 11100110
Input
0 1
1 1
2 1
3 0
4 0
5 1
6 1
7 0
Output
0 XOR-NOT15 = XOR(1,NOT(1)) = 1
1 default 1 = 1
2 default 1 = 1
3 OR-NOT24 = OR(1,NOT(0)) = 1
4 OR-NOT35 = OR(0,NOT(1)) = 0
5 OR-NOT46 = OR(0,NOT(1)) = 0
6 OR-NOT57 = OR(1,NOT(0)) = 1
7 OR-NOT60 = OR(1,NOT(1)) = 1

I will now return the answer in \boxed{}
The answer in \boxed{–} is \boxed{11110011}
[correct]
false
