[category]
bit_manipulation
[prompt]
In Alice's Wonderland, a secret bit manipulation rule transforms 8-bit binary numbers. The transformation involves operations like bit shifts, rotations, XOR, AND, OR, NOT, and possibly majority or choice functions.

Here are some examples of input -> output:
10011000 -> 00000110
11001100 -> 00100011
10100001 -> 00101000
00001100 -> 00000011
01010100 -> 00010101
01010101 -> 01010111
11010110 -> 00010101
00111101 -> 00000101
01001010 -> 00000010
01111110 -> 00000011

Now, determine the output for: 10001110
[completion]
We need to deduce the transformation by matching the example outputs.
I will put my final answer inside \boxed{}.

Output 0: 00000110
0 0
1 0
2 0
3 0
4 0
5 1
6 1
7 0

Output 1: 00100011
0 0
1 0
2 1
3 0
4 0
5 0
6 1
7 1

Output 2: 00101000
0 0
1 0
2 1
3 0
4 1
5 0
6 0
7 0

Output 3: 00000011
0 0
1 0
2 0
3 0
4 0
5 0
6 1
7 1

Output 4: 00010101
0 0
1 0
2 0
3 1
4 0
5 1
6 0
7 1

Output 5: 01010111
0 0
1 1
2 0
3 1
4 0
5 1
6 1
7 1

Output 6: 00010101
0 0
1 0
2 0
3 1
4 0
5 1
6 0
7 1

Output 7: 00000101
0 0
1 0
2 0
3 0
4 0
5 1
6 0
7 1

Output 8: 00000010
0 0
1 0
2 0
3 0
4 0
5 0
6 1
7 0

Output 9: 00000011
0 0
1 0
2 0
3 0
4 0
5 0
6 1
7 1

Output bit columns (with bitsum as hash)
0 0000000000 a
1 0000010000 1
2 0110000000 2
3 0000111000 3
4 0010000000 1
5 1000111100 5
6 1101010011 6
7 0101111101 7

Input 0: 10011000
0 1
1 0
2 0
3 1
4 1
5 0
6 0
7 0

Input 1: 11001100
0 1
1 1
2 0
3 0
4 1
5 1
6 0
7 0

Input 2: 10100001
0 1
1 0
2 1
3 0
4 0
5 0
6 0
7 1

Input 3: 00001100
0 0
1 0
2 0
3 0
4 1
5 1
6 0
7 0

Input 4: 01010100
0 0
1 1
2 0
3 1
4 0
5 1
6 0
7 0

Input 5: 01010101
0 0
1 1
2 0
3 1
4 0
5 1
6 0
7 1

Input 6: 11010110
0 1
1 1
2 0
3 1
4 0
5 1
6 1
7 0

Input 7: 00111101
0 0
1 0
2 1
3 1
4 1
5 1
6 0
7 1

Input 8: 01001010
0 0
1 1
2 0
3 0
4 1
5 0
6 1
7 0

Input 9: 01111110
0 0
1 1
2 1
3 1
4 1
5 1
6 1
7 0

When matching output
x: not in operator
y: wrong position

Identity
0 1110001000 4
1 0100111011 6
2 0010000101 3
3 1000111101 6
4 1101000111 6
5 0101111101 7 match 7
6 0000001011 3
7 0010010100 3

Matching output
0 absent
1 absent
2 absent
3 absent
4 absent
5 absent
6 absent
7 5

Left
none
Best: none

Right
5 4x
Best: I5: 1

NOT
0 0001110111 6
1 1011000100 4
2 1101111010 7
3 0111000010 4
4 0010111000 4
5 1010000010 3
6 1111110100 7
7 1101101011 7

Matching output
0 absent
1 absent
2 absent
3 absent
4 absent
5 absent
6 absent
7 absent

Left
none
Best: none

Right
none
Best: none

Constant
0 0000000000 a match 0
1 1111111111 a

Matching output
0 C0
1 absent
2 absent
3 absent
4 absent
5 absent
6 absent
7 absent

Left
0
Best: C0: 1

Right
none
Best: none

AND
01 10 0100001000 2
12 21 0000000001 1
23 32 0000000101 2
34 43 1000000101 3
45 54 0101000101 4
56 65 0000001001 2
67 76 0000000000 a match 0
70 07 0010000000 1 match 4

02 20 0010000000 1 match 4
13 31 0000111001 4
24 42 0000000101 2
35 53 0000111101 5
46 64 0000000011 2
57 75 0000010100 2
60 06 0000001000 1
71 17 0000010000 1 match 1

03 30 1000001000 2
14 41 0100000011 3
25 52 0000000101 2
36 63 0000001001 2
47 74 0000000100 1
50 05 0100001000 2
61 16 0000001011 3
72 27 0010000100 2

04 40 1100000000 2
15 51 0100111001 5
26 62 0000000001 1
37 73 0000010100 2

Matching output
0 67 76
1 71 17
2 absent
3 absent
4 70 07 02 20
5 absent
6 absent
7 absent

Left
67 70y
76 07y
Best: AND67: 1

Right
none
Best: none

OR
01 10 1110111011 8
12 21 0110111111 8
23 32 1010111101 7
34 43 1101111111 9
45 54 1101111111 9
56 65 0101111111 8
67 76 0010011111 6
70 07 1110011100 6

02 20 1110001101 6
13 31 1100111111 8
24 42 1111000111 7
35 53 1101111101 8
46 64 1101001111 7
57 75 0111111101 8
60 06 1110001011 6
71 17 0110111111 8

03 30 1110111101 8
14 41 1101111111 9
25 52 0111111101 8
36 63 1000111111 7
47 74 1111010111 8
50 05 1111111101 9
61 16 0100111011 6
72 27 0010010101 4

04 40 1111001111 8
15 51 0101111111 8
26 62 0010001111 5
37 73 1010111101 7

Matching output
0 absent
1 absent
2 absent
3 absent
4 absent
5 absent
6 absent
7 absent

Left
none
Best: none

Right
none
Best: none

XOR
01 10 1010110011 6
12 21 0110111110 7
23 32 1010111000 5
34 43 0101111010 6
45 54 1000111010 5
56 65 0101110110 6
67 76 0010011111 6
70 07 1100011100 5

02 20 1100001101 5
13 31 1100000110 4
24 42 1111000010 5
35 53 1101000000 3
46 64 1101001100 5
57 75 0111101001 6
60 06 1110000011 5
71 17 0110101111 7

03 30 0110110101 6
14 41 1001111100 6
25 52 0111111000 6
36 63 1000110110 5
47 74 1111010011 7
50 05 1011110101 7
61 16 0100110000 3
72 27 0000010001 2

04 40 0011001111 6
15 51 0001000110 3
26 62 0010001110 4
37 73 1010101001 5

Matching output
0 absent
1 absent
2 absent
3 absent
4 absent
5 absent
6 absent
7 absent

Left
none
Best: none

Right
none
Best: none

AND-NOT
01 1010000000 2
12 0100111010 5
23 0010000000 1 match 4
34 0000111000 3 match 3
45 1000000010 2
56 0101110100 5
67 0000001011 3
70 0000010100 2

02 1100001000 3
13 0100000010 2
24 0010000000 1 match 4
35 1000000000 1
46 1101000100 4
57 0101101001 5
60 0000000011 2
71 0010000100 2

03 0110000000 2 match 2
14 0000111000 3 match 3
25 0010000000 1 match 4
36 1000110100 4
47 1101000011 5
50 0001110101 5
61 0000000000 a match 0
72 0000010000 1 match 1

04 0010001000 2
15 0000000010 1
26 0010000100 2
37 1000101001 4
40 0001000111 4
51 0001000100 2
62 0000001010 2
73 0010000000 1 match 4

05 1010000000 2
16 0100110000 3
27 0000000001 1
30 0000110101 4
41 1001000100 3
52 0101111000 5
63 0000000010 1
74 0010010000 2

06 1110000000 3
17 0100101011 5
20 0000000101 2
31 1000000100 2
42 1101000010 4
53 0101000000 2
64 0000001000 1
75 0010000000 1 match 4

07 1100001000 3
10 0000110011 4
21 0010000100 2
32 1000111000 4
43 0101000010 3
54 0000111000 3 match 3
65 0000000010 1
76 0010010100 3

Matching output
0 61
1 72
2 03
3 34 14 54
4 23 24 25 73 75
5 absent
6 absent
7 absent

Left
61 72 03 14 25 36x
Best: AND-NOT61 72 03 14 25: 5

Right
none
Best: none

OR-NOT
01 1111001100 6
12 1101111011 8
23 0111000111 6
34 1010111101 7
45 1111000111 7
56 1111111101 9
67 1101101011 7
70 0011110111 7

02 1111111010 8
13 0111111011 8
24 0010111101 6
35 1010111111 8
46 1111110111 9
57 1101111111 9
60 0001111111 7
71 1011010100 5

03 1111001010 6
14 0110111011 7
25 1010000111 5
36 1111111101 9
47 1101101111 8
50 0101111111 8
61 1011001111 7
72 1111111110 9

04 1110111000 6
15 1110111011 8
26 1111110101 8
37 1101111111 9
40 1101110111 8
51 1111111101 9
62 1101111011 8
73 0111010110 6

05 1110001010 5
16 1111111111 a
27 1111101111 9
30 1001111111 8
41 1111000111 7
52 1101111111 9
63 0111001011 6
74 0010111100 5

06 1111111100 8
17 1101111011 8
20 0011110111 7
31 1011111101 8
42 1101111111 9
53 0111111111 9
64 0010111011 6
75 1010010110 5

07 1111101011 8
10 0101111111 8
21 1011000101 5
32 1101111111 9
43 1111000111 7
54 0111111101 8
65 1010001011 5
76 1111110100 7

Matching output
0 absent
1 absent
2 absent
3 absent
4 absent
5 absent
6 absent
7 absent

Left
none
Best: none

Right
none
Best: none

XOR-NOT
01 0101001100 4
12 1001000001 3
23 0101000111 5
34 1010000101 4
45 0111000101 5
56 1010001001 4
67 1101100000 4
70 0011100011 5

02 0011110010 5
13 0011111001 6
24 0000111101 5
35 0010111111 7
46 0010110011 5
57 1000010110 4
60 0001111100 5
71 1001010000 3

03 1001001010 4
14 0110000011 4
25 1000000111 4
36 0111001001 5
47 0000101100 3
50 0100001010 3
61 1011001111 7
72 1111101110 8

04 1100110000 4
15 1110111001 7
26 1101110001 6
37 0101010110 5
40 1100110000 4
51 1110111001 7
62 1101110001 6
73 0101010110 5

05 0100001010 3
16 1011001111 7
27 1111101110 8
30 1001001010 4
41 0110000011 4
52 1000000111 4
63 0111001001 5
74 0000101100 3

06 0001111100 5
17 1001010000 3
20 0011110010 5
31 0011111001 6
42 0000111101 5
53 0010111111 7
64 0010110011 5
75 1000010110 4

07 0011100011 5
10 0101001100 4
21 1001000001 3
32 0101000111 5
43 1010000101 4
54 0111000101 5
65 1010001001 4
76 1101100000 4

Matching output
0 absent
1 absent
2 absent
3 absent
4 absent
5 absent
6 absent
7 absent

Left
none
Best: none

Right
none
Best: none

Selecting

Lefts
Identity none
NOT none
Constant C0: 1
AND AND67: 1
OR none
XOR none
AND-NOT AND-NOT61 72 03 14 25: 5
OR-NOT none
XOR-NOT none

Rights
Identity I5: 1
NOT none
Constant none
AND none
OR none
XOR none
AND-NOT none
OR-NOT none
XOR-NOT none

Left longest: 5
Right longest: 1

Left winner: Identity no, NOT no, Constant no, AND no, OR no, XOR no, AND-NOT yes, OR-NOT no, XOR-NOT no
Right winner: Identity yes, NOT no, Constant no, AND no, OR no, XOR no, AND-NOT no, OR-NOT no, XOR-NOT no

Best left: AND-NOT61 72 03 14 25: 5
Best right: I5: 1

Truncated left: AND-NOT61 72 03 14 25: 5
Truncated right: I5: 1

Tentative from right
7 I5
6 pending
5 pending
4 pending
3 pending
2 pending
1 pending
0 pending

Tentative
0 AND-NOT61
1 AND-NOT72
2 AND-NOT03
3 AND-NOT14
4 AND-NOT25
5 pending
6 pending
7 I5

Preferred from left
0 AND-NOT61
1 AND-NOT72
2 AND-NOT03
3 AND-NOT14
4 AND-NOT25
5 ?36
6 ?47
7 I5

Preferred from right
7 I5
6 ?47
5 ?36
4 AND-NOT25
3 AND-NOT14
2 AND-NOT03
1 AND-NOT72
0 AND-NOT61

Preferred
0 AND-NOT61
1 AND-NOT72
2 AND-NOT03
3 AND-NOT14
4 AND-NOT25
5 ?36 ?63
6 ?47 ?74
7 I5

Matching
0 AND-NOT61
1 AND-NOT72
2 AND-NOT03
3 AND-NOT14
4 AND-NOT25
5 ?36 ?63 - Identity absent, NOT absent, Constant absent, AND absent, OR absent, XOR absent, AND-NOT absent, OR-NOT absent, XOR-NOT absent
6 ?47 ?74 - Identity absent, NOT absent, Constant absent, AND absent, OR absent, XOR absent, AND-NOT absent, OR-NOT absent, XOR-NOT absent
7 I5

Perfect match
Identity no
NOT no
Constant no
AND no
OR no
XOR no
AND-NOT no
OR-NOT no
XOR-NOT no

Matched
0 AND-NOT61
1 AND-NOT72
2 AND-NOT03
3 AND-NOT14
4 AND-NOT25
5 none
6 none
7 I5

Selected
0 AND-NOT61
1 AND-NOT72
2 AND-NOT03
3 AND-NOT14
4 AND-NOT25
5 default 1
6 default 1
7 I5

Applying to 10001110
Input
0 1
1 0
2 0
3 0
4 1
5 1
6 1
7 0
Output
0 AND-NOT61 = AND(1,NOT(0)) = 1
1 AND-NOT72 = AND(0,NOT(0)) = 0
2 AND-NOT03 = AND(1,NOT(0)) = 1
3 AND-NOT14 = AND(0,NOT(1)) = 0
4 AND-NOT25 = AND(0,NOT(1)) = 0
5 default 1 = 1
6 default 1 = 1
7 I5 = 1

I will now return the answer in \boxed{}
The answer in \boxed{–} is \boxed{10100111}
[correct]
true
