[category]
bit_manipulation
[prompt]
In Alice's Wonderland, a secret bit manipulation rule transforms 8-bit binary numbers. The transformation involves operations like bit shifts, rotations, XOR, AND, OR, NOT, and possibly majority or choice functions.

Here are some examples of input -> output:
10011000 -> 01000010
10011001 -> 01000110
11100011 -> 00001011
10110101 -> 10010110
10100101 -> 10010110
01001010 -> 00101001
11100111 -> 00010011
01011010 -> 01001001

Now, determine the output for: 10110110
[completion]
We need to deduce the transformation by matching the example outputs.
I will put my final answer inside \boxed{}.

Output 0: 01000010
0 0
1 1
2 0
3 0
4 0
5 0
6 1
7 0

Output 1: 01000110
0 0
1 1
2 0
3 0
4 0
5 1
6 1
7 0

Output 2: 00001011
0 0
1 0
2 0
3 0
4 1
5 0
6 1
7 1

Output 3: 10010110
0 1
1 0
2 0
3 1
4 0
5 1
6 1
7 0

Output 4: 10010110
0 1
1 0
2 0
3 1
4 0
5 1
6 1
7 0

Output 5: 00101001
0 0
1 0
2 1
3 0
4 1
5 0
6 0
7 1

Output 6: 00010011
0 0
1 0
2 0
3 1
4 0
5 0
6 1
7 1

Output 7: 01001001
0 0
1 1
2 0
3 0
4 1
5 0
6 0
7 1

Output bit columns (with bitsum as hash)
0 00011000 2
1 11000001 3
2 00000100 1
3 00011010 3
4 00100101 3
5 01011000 3
6 11111010 6
7 00100111 4

Input 0: 10011000
0 1
1 0
2 0
3 1
4 1
5 0
6 0
7 0

Input 1: 10011001
0 1
1 0
2 0
3 1
4 1
5 0
6 0
7 1

Input 2: 11100011
0 1
1 1
2 1
3 0
4 0
5 0
6 1
7 1

Input 3: 10110101
0 1
1 0
2 1
3 1
4 0
5 1
6 0
7 1

Input 4: 10100101
0 1
1 0
2 1
3 0
4 0
5 1
6 0
7 1

Input 5: 01001010
0 0
1 1
2 0
3 0
4 1
5 0
6 1
7 0

Input 6: 11100111
0 1
1 1
2 1
3 0
4 0
5 1
6 1
7 1

Input 7: 01011010
0 0
1 1
2 0
3 1
4 1
5 0
6 1
7 0

When matching output
x: not in operator
y: wrong position

Identity
0 11111010 6 match 6
1 00100111 4 match 7
2 00111010 4
3 11010001 4
4 11000101 4
5 00011010 3 match 3
6 00100111 4 match 7
7 01111010 5

Matching output
0 absent
1 absent
2 absent
3 5
4 absent
5 absent
6 0
7 1 6

Left
none
Best: none

Right
1 0 7x
6 5y
Best: I1 0: 2

NOT
0 00000101 2
1 11011000 4
2 11000101 4
3 00101110 4
4 00111010 4
5 11100101 5
6 11011000 4
7 10000101 3

Matching output
0 absent
1 absent
2 absent
3 absent
4 absent
5 absent
6 absent
7 absent

Left
none
Best: none

Right
none
Best: none

Constant
0 00000000 a
1 11111111 a

Matching output
0 absent
1 absent
2 absent
3 absent
4 absent
5 absent
6 absent
7 absent

Left
none
Best: none

Right
none
Best: none

AND
01 10 00100010 2
12 21 00100010 2
23 32 00010000 1
34 43 11000001 3 match 1
45 54 00000000 a
56 65 00000010 1
67 76 00100010 2
70 07 01111010 5

02 20 00111010 4
13 31 00000001 1
24 42 00000000 a
35 53 00010000 1
46 64 00000101 2
57 75 00011010 3 match 3
60 06 00100010 2
71 17 00100010 2

03 30 11010000 3
14 41 00000101 2
25 52 00011010 3 match 3
36 63 00000001 1
47 74 01000000 1
50 05 00011010 3 match 3
61 16 00100111 4 match 7
72 27 00111010 4

04 40 11000000 2
15 51 00000010 1
26 62 00100010 2
37 73 01010000 2

Matching output
0 absent
1 34 43
2 absent
3 57 75 25 52 50 05
4 absent
5 absent
6 absent
7 61 16

Left
none
Best: none

Right
61 50y
16 05y
Best: AND61: 1

OR
01 10 11111111 a
12 21 00111111 6
23 32 11111011 7
34 43 11010101 5
45 54 11011111 7
56 65 00111111 6
67 76 01111111 7
70 07 11111010 6 match 6

02 20 11111010 6 match 6
13 31 11110111 7
24 42 11111111 a
35 53 11011011 6
46 64 11100111 6
57 75 01111010 5
60 06 11111111 a
71 17 01111111 7

03 30 11111011 7
14 41 11100111 6
25 52 00111010 4
36 63 11110111 7
47 74 11111111 a
50 05 11111010 6 match 6
61 16 00100111 4 match 7
72 27 01111010 5

04 40 11111111 a
15 51 00111111 6
26 62 00111111 6
37 73 11111011 7

Matching output
0 absent
1 absent
2 absent
3 absent
4 absent
5 absent
6 70 07 02 20 50 05
7 61 16

Left
none
Best: none

Right
61 50 47x
16 05 74x
Best: OR61 50: 2

XOR
01 10 11011101 6
12 21 00011101 4
23 32 11101011 6
34 43 00010100 2
45 54 11011111 7
56 65 00111101 5
67 76 01011101 5
70 07 10000000 1

02 20 11000000 2
13 31 11110110 6
24 42 11111111 a
35 53 11001011 5
46 64 11100010 4
57 75 01100000 2
60 06 11011101 6
71 17 01011101 5

03 30 00101011 4
14 41 11100010 4
25 52 00100000 1
36 63 11110110 6
47 74 10111111 7
50 05 11100000 3
61 16 00000000 a
72 27 01000000 1

04 40 00111111 6
15 51 00111101 5
26 62 00011101 4
37 73 10101011 5

Matching output
0 absent
1 absent
2 absent
3 absent
4 absent
5 absent
6 absent
7 absent

Left
none
Best: none

Right
none
Best: none

AND-NOT
01 11011000 4
12 00000101 2
23 00101010 3
34 00010000 1
45 11000101 4
56 00011000 2 match 0
67 00000101 2
70 00000000 a

02 11000000 2
13 00100110 3
24 00111010 4
35 11000001 3 match 1
46 11000000 2
57 00000000 a
60 00000101 2
71 01011000 3 match 5

03 00101010 3
14 00100010 2
25 00100000 1
36 11010000 3
47 10000101 3
50 00000000 a
61 00000000 a
72 01000000 1

04 00111010 4
15 00100101 3 match 4
26 00011000 2 match 0
37 10000001 2
40 00000101 2
51 00011000 2 match 0
62 00000101 2
73 00101010 3

05 11100000 3
16 00000000 a
27 00000000 a
30 00000001 1
41 11000000 2
52 00000000 a
63 00100110 3
74 00111010 4

06 11011000 4
17 00000101 2
20 00000000 a
31 11010000 3
42 11000101 4
53 00001010 2
64 00100010 2
75 01100000 2

07 10000000 1
10 00000101 2
21 00011000 2 match 0
32 11000001 3 match 1
43 00000100 1 match 2
54 00011010 3 match 3
65 00100101 3 match 4
76 01011000 3 match 5

Matching output
0 56 26 51 21
1 35 32
2 43
3 54
4 15 65
5 71 76
6 absent
7 absent

Left
56 67x
26 37x
51 62x
21 32 43 54 65 76 07x
Best: AND-NOT21 32 43 54 65 76: 6

Right
none
Best: none

OR-NOT
01 11111010 6 match 6
12 11100111 6
23 00111110 5
34 11111011 7
45 11100101 5
56 11011010 5
67 10100111 5
70 01111111 7

02 11111111 a
13 00101111 5
24 00111010 4
35 11110101 6
46 11011101 6
57 10011111 6
60 00100111 4 match 7
71 11111010 6 match 6

03 11111110 7
14 00111111 6
25 11111111 a
36 11011001 5
47 11000101 4
50 00011111 5
61 11111111 a
72 11111111 a

04 11111010 6 match 6
15 11100111 6
26 11111010 6 match 6
37 11010101 5
40 11000101 4
51 11011010 5
62 11100111 6
73 01111110 6

05 11111111 a
16 11111111 a
27 10111111 7
30 11010101 5
41 11011101 6
52 11011111 7
63 00101111 5
74 01111010 5

06 11111010 6 match 6
17 10100111 5
20 00111111 6
31 11011001 5
42 11000101 4
53 00111110 5
64 00111111 6
75 11111111 a

07 11111111 a
10 00100111 4 match 7
21 11111010 6 match 6
32 11010101 5
43 11101111 7
54 00111010 4
65 11100111 6
76 11111010 6 match 6

Matching output
0 absent
1 absent
2 absent
3 absent
4 absent
5 absent
6 01 71 04 26 06 21 76
7 60 10

Left
none
Best: none

Right
60 57x
10 07x
Best: OR-NOT60: 1

XOR-NOT
01 00100010 2
12 11100010 4
23 00010100 2
34 11101011 6
45 00100000 1
56 11000010 3
67 10100010 3
70 01111111 7

02 00111111 6
13 00001001 2
24 00000000 a
35 00110100 3
46 00011101 4
57 10011111 6
60 00100010 2
71 10100010 3

03 11010100 4
14 00011101 4
25 11011111 7
36 00001001 2
47 01000000 1
50 00011111 5
61 11111111 a
72 10111111 7

04 11000000 2
15 11000010 3
26 11100010 4
37 01010100 3
40 11000000 2
51 11000010 3
62 11100010 4
73 01010100 3

05 00011111 5
16 11111111 a
27 10111111 7
30 11010100 4
41 00011101 4
52 11011111 7
63 00001001 2
74 01000000 1

06 00100010 2
17 10100010 3
20 00111111 6
31 00001001 2
42 00000000 a
53 00110100 3
64 00011101 4
75 10011111 6

07 01111111 7
10 00100010 2
21 11100010 4
32 00010100 2
43 11101011 6
54 00100000 1
65 11000010 3
76 10100010 3

Matching output
0 absent
1 absent
2 absent
3 absent
4 absent
5 absent
6 absent
7 absent

Left
none
Best: none

Right
none
Best: none

Selecting

Lefts
Identity none
NOT none
Constant none
AND none
OR none
XOR none
AND-NOT AND-NOT21 32 43 54 65 76: 6
OR-NOT none
XOR-NOT none

Rights
Identity I1 0: 2
NOT none
Constant none
AND AND61: 1
OR OR61 50: 2
XOR none
AND-NOT none
OR-NOT OR-NOT60: 1
XOR-NOT none

Left longest: 6
Right longest: 2

Left winner: Identity no, NOT no, Constant no, AND no, OR no, XOR no, AND-NOT yes, OR-NOT no, XOR-NOT no
Right winner: Identity yes, NOT no, Constant no, AND no, OR no, XOR no, AND-NOT no, OR-NOT no, XOR-NOT no

Best left: AND-NOT21 32 43 54 65 76: 6
Best right: I1 0: 2

Truncated left: AND-NOT21 32 43 54 65 76: 6
Truncated right: I1 0: 2

Tentative from right
7 I1
6 I0
5 pending
4 pending
3 pending
2 pending
1 pending
0 pending

Tentative
0 AND-NOT21
1 AND-NOT32
2 AND-NOT43
3 AND-NOT54
4 AND-NOT65
5 AND-NOT76
6 I0
7 I1

Preferred from left
0 AND-NOT21
1 AND-NOT32
2 AND-NOT43
3 AND-NOT54
4 AND-NOT65
5 AND-NOT76
6 I0
7 I1

Preferred from right
7 I1
6 I0
5 AND-NOT76
4 AND-NOT65
3 AND-NOT54
2 AND-NOT43
1 AND-NOT32
0 AND-NOT21

Preferred
0 AND-NOT21
1 AND-NOT32
2 AND-NOT43
3 AND-NOT54
4 AND-NOT65
5 AND-NOT76
6 I0
7 I1

Matching
0 AND-NOT21
1 AND-NOT32
2 AND-NOT43
3 AND-NOT54
4 AND-NOT65
5 AND-NOT76
6 I0
7 I1

Perfect match
Identity no
NOT no
Constant no
AND no
OR no
XOR no
AND-NOT no
OR-NOT no
XOR-NOT no

Matched
0 AND-NOT21
1 AND-NOT32
2 AND-NOT43
3 AND-NOT54
4 AND-NOT65
5 AND-NOT76
6 I0
7 I1

Selected
0 AND-NOT21
1 AND-NOT32
2 AND-NOT43
3 AND-NOT54
4 AND-NOT65
5 AND-NOT76
6 I0
7 I1

Applying to 10110110
Input
0 1
1 0
2 1
3 1
4 0
5 1
6 1
7 0
Output
0 AND-NOT21 = AND(1,NOT(0)) = 1
1 AND-NOT32 = AND(1,NOT(1)) = 0
2 AND-NOT43 = AND(0,NOT(1)) = 0
3 AND-NOT54 = AND(1,NOT(0)) = 1
4 AND-NOT65 = AND(1,NOT(1)) = 0
5 AND-NOT76 = AND(0,NOT(1)) = 0
6 I0 = 1
7 I1 = 0

I will now return the answer in \boxed{}
The answer in \boxed{–} is \boxed{10010010}
[correct]
true
