[category]
bit_manipulation
[prompt]
In Alice's Wonderland, a secret bit manipulation rule transforms 8-bit binary numbers. The transformation involves operations like bit shifts, rotations, XOR, AND, OR, NOT, and possibly majority or choice functions.

Here are some examples of input -> output:
10001000 -> 11101110
11110010 -> 00111101
10001100 -> 01101111
01111110 -> 10111111
01110101 -> 00011101
00110011 -> 01011101
01100000 -> 11111011
01110111 -> 11011101
11101111 -> 11111011

Now, determine the output for: 00011100
[completion]
We need to deduce the transformation by matching the example outputs.
I will put my final answer inside \boxed{}.

Output 0: 11101110
0 1
1 1
2 1
3 0
4 1
5 1
6 1
7 0

Output 1: 00111101
0 0
1 0
2 1
3 1
4 1
5 1
6 0
7 1

Output 2: 01101111
0 0
1 1
2 1
3 0
4 1
5 1
6 1
7 1

Output 3: 10111111
0 1
1 0
2 1
3 1
4 1
5 1
6 1
7 1

Output 4: 00011101
0 0
1 0
2 0
3 1
4 1
5 1
6 0
7 1

Output 5: 01011101
0 0
1 1
2 0
3 1
4 1
5 1
6 0
7 1

Output 6: 11111011
0 1
1 1
2 1
3 1
4 1
5 0
6 1
7 1

Output 7: 11011101
0 1
1 1
2 0
3 1
4 1
5 1
6 0
7 1

Output 8: 11111011
0 1
1 1
2 1
3 1
4 1
5 0
6 1
7 1

Output bit columns (with bitsum as hash)
0 100100111 5
1 101001111 6
2 111100101 6
3 010111111 7
4 111111111 a
5 111111010 7
6 101100101 5
7 011111111 8

Input 0: 10001000
0 1
1 0
2 0
3 0
4 1
5 0
6 0
7 0

Input 1: 11110010
0 1
1 1
2 1
3 1
4 0
5 0
6 1
7 0

Input 2: 10001100
0 1
1 0
2 0
3 0
4 1
5 1
6 0
7 0

Input 3: 01111110
0 0
1 1
2 1
3 1
4 1
5 1
6 1
7 0

Input 4: 01110101
0 0
1 1
2 1
3 1
4 0
5 1
6 0
7 1

Input 5: 00110011
0 0
1 0
2 1
3 1
4 0
5 0
6 1
7 1

Input 6: 01100000
0 0
1 1
2 1
3 0
4 0
5 0
6 0
7 0

Input 7: 01110111
0 0
1 1
2 1
3 1
4 0
5 1
6 1
7 1

Input 8: 11101111
0 1
1 1
2 1
3 0
4 1
5 1
6 1
7 1

When matching output
x: not in operator
y: wrong position

Identity
0 111000001 4
1 010110111 6
2 010111111 7 match 3
3 010111010 5
4 101100001 4
5 001110011 5
6 010101011 5
7 000011011 4

Matching output
0 absent
1 absent
2 absent
3 2
4 absent
5 absent
6 absent
7 absent

Left
none
Best: none

Right
none
Best: none

NOT
0 000111110 5
1 101001000 3
2 101000000 2
3 101000101 4
4 010011110 5
5 110001100 4
6 101010100 4
7 111100100 5

Matching output
0 absent
1 absent
2 absent
3 absent
4 absent
5 absent
6 absent
7 absent

Left
none
Best: none

Right
none
Best: none

Constant
0 000000000 a
1 111111111 a match 4

Matching output
0 absent
1 absent
2 absent
3 absent
4 C1
5 absent
6 absent
7 absent

Left
none
Best: none

Right
none
Best: none

AND
01 10 010000001 2
12 21 010110111 6
23 32 010111010 5
34 43 000100000 1
45 54 001100001 3
56 65 000100011 3
67 76 000001011 3
70 07 000000001 1

02 20 010000001 2
13 31 010110010 4
24 42 000100001 2
35 53 000110010 3
46 64 000100001 2
57 75 000010011 3
60 06 010000001 2
71 17 000010011 3

03 30 010000000 1
14 41 000100001 2
25 52 000110011 4
36 63 010101010 4
47 74 000000001 1
50 05 001000001 2
61 16 010100011 4
72 27 000011011 4

04 40 101000001 3
15 51 000110011 4
26 62 010101011 5
37 73 000011010 3

Matching output
0 absent
1 absent
2 absent
3 absent
4 absent
5 absent
6 absent
7 absent

Left
none
Best: none

Right
none
Best: none

OR
01 10 111110111 8
12 21 010111111 7 match 3
23 32 010111111 7 match 3
34 43 111111011 8
45 54 101110011 6
56 65 011111011 7
67 76 010111011 6
70 07 111011011 7

02 20 111111111 a match 4
13 31 010111111 7 match 3
24 42 111111111 a match 4
35 53 011111011 7
46 64 111101011 7
57 75 001111011 6
60 06 111101011 7
71 17 010111111 7 match 3

03 30 111111011 8
14 41 111110111 8
25 52 011111111 8 match 7
36 63 010111011 6
47 74 101111011 7
50 05 111110011 7
61 16 010111111 7 match 3
72 27 010111111 7 match 3

04 40 111100001 5
15 51 011110111 7
26 62 010111111 7 match 3
37 73 010111011 6

Matching output
0 absent
1 absent
2 absent
3 12 21 23 32 13 31 71 17 61 16 72 27 26 62
4 02 20 24 42
5 absent
6 absent
7 25 52

Left
none
Best: none

Right
25 14x
52 41x
Best: OR25: 1

XOR
01 10 101110110 6
12 21 000001000 1
23 32 000000101 2
34 43 111011011 7
45 54 100010010 3
56 65 011011000 4
67 76 010110000 3
70 07 111011010 6

02 20 101111110 7
13 31 000001101 3
24 42 111011110 7
35 53 011001001 4
46 64 111001010 5
57 75 001101000 3
60 06 101101010 5
71 17 010101100 4

03 30 101111011 7
14 41 111010110 6
25 52 011001100 4
36 63 000010001 2
47 74 101111010 6
50 05 110110010 5
61 16 000011100 3
72 27 010100100 3

04 40 010100000 2
15 51 011000100 3
26 62 000010100 2
37 73 010100001 3

Matching output
0 absent
1 absent
2 absent
3 absent
4 absent
5 absent
6 absent
7 absent

Left
none
Best: none

Right
none
Best: none

AND-NOT
01 101000000 2
12 000000000 a
23 000000101 2
34 010011010 4
45 100000000 1
56 001010000 2
67 010100000 2
70 000011010 3

02 101000000 2
13 000000101 2
24 010011110 5
35 010001000 2
46 101000000 2
57 001100000 2
60 000101010 3
71 000001000 1

03 101000001 3
14 010010110 4
25 010001100 3
36 000010000 1
47 101100000 3
50 000110010 3
61 000001000 1
72 000000000 a

04 010000000 1
15 010000100 2
26 000010100 2
37 010100000 2
40 000100000 1
51 001000000 1
62 000000000 a
73 000000001 1

05 110000000 2
16 000010100 2
27 010100100 3
30 000111010 4
41 101000000 2
52 001000000 1
63 000000001 1
74 000011010 3

06 101000000 2
17 010100100 3
20 000111110 5
31 000001000 1
42 101000000 2
53 001000001 2
64 010001010 3
75 000001000 1

07 111000000 3
10 000110110 4
21 000001000 1
32 000000000 a
43 101000001 3
54 000010010 2
65 010001000 2
76 000010000 1

Matching output
0 absent
1 absent
2 absent
3 absent
4 absent
5 absent
6 absent
7 absent

Left
none
Best: none

Right
none
Best: none

OR-NOT
01 111001001 5
12 111110111 8
23 111111111 a match 4
34 010111110 6
45 111101101 7
56 101110111 7
67 111101111 8
70 000111111 6

02 111000001 4
13 111110111 8
24 010111111 7 match 3
35 110111110 7
46 101110101 6
57 111110111 8
60 010111111 7 match 3
71 101011011 6

03 111000101 5
14 010111111 7 match 3
25 110111111 8
36 111111110 8
47 111100101 6 match 2
50 001111111 7
61 111101011 7
72 101011011 6

04 111011111 8
15 110111111 8
26 111111111 a match 4
37 111111110 8
40 101111111 8
51 101111011 7
62 111101011 7
73 101011111 7

05 111001101 6
16 111110111 8
27 111111111 a match 4
30 010111110 6
41 101101001 5
52 101110011 6
63 111101111 8
74 010011111 6

06 111010101 6
17 111110111 8
20 010111111 7 match 3
31 111111010 7 match 5
42 101100001 4
53 101110111 7
64 010111111 7 match 3
75 110011111 7

07 111100101 6 match 2
10 010111111 7 match 3
21 111111111 a match 4
32 111111010 7 match 5
43 101100101 5 match 6
54 011111111 8 match 7
65 110101111 7
76 101011111 7

Matching output
0 absent
1 absent
2 47 07
3 24 60 14 20 64 10
4 23 26 27 21
5 31 32
6 43
7 54

Left
none
Best: none

Right
54 43 32 21 10 07 76x
Best: OR-NOT54 43 32 21 10 07: 6

XOR-NOT
01 010001001 3
12 111110111 8
23 111111010 7 match 5
34 000100100 2
45 011101101 6
56 100100111 5 match 0
67 101001111 6 match 1
70 000100101 3

02 010000001 2
13 111110010 6
24 000100001 2
35 100110110 5
46 000110101 4
57 110010111 6
60 010010101 4
71 101010011 5

03 010000100 2
14 000101001 3
25 100110011 5
36 111101110 7
47 010000101 3
50 001001101 4
61 111100011 6
72 101011011 6

04 101011111 7
15 100111011 6
26 111101011 7
37 101011110 6
40 101011111 7
51 100111011 6
62 111101011 7
73 101011110 6

05 001001101 4
16 111100011 6
27 101011011 6
30 010000100 2
41 000101001 3
52 100110011 5
63 111101110 7
74 010000101 3

06 010010101 4
17 101010011 5
20 010000001 2
31 111110010 6
42 000100001 2
53 100110110 5
64 000110101 4
75 110010111 6

07 000100101 3
10 010001001 3
21 111110111 8
32 111111010 7 match 5
43 000100100 2
54 011101101 6
65 100100111 5 match 0
76 101001111 6 match 1

Matching output
0 56 65
1 67 76
2 absent
3 absent
4 absent
5 23 32
6 absent
7 absent

Left
56 67 70x
65 76 07x
Best: XOR-NOT56 67: 2

Right
none
Best: none

Selecting

Lefts
Identity none
NOT none
Constant none
AND none
OR none
XOR none
AND-NOT none
OR-NOT none
XOR-NOT XOR-NOT56 67: 2

Rights
Identity none
NOT none
Constant none
AND none
OR OR25: 1
XOR none
AND-NOT none
OR-NOT OR-NOT54 43 32 21 10 07: 6
XOR-NOT none

Left longest: 2
Right longest: 6

Right winner: Identity no, NOT no, Constant no, AND no, OR no, XOR no, AND-NOT no, OR-NOT yes, XOR-NOT no
Left winner: Identity no, NOT no, Constant no, AND no, OR no, XOR no, AND-NOT no, OR-NOT no, XOR-NOT yes

Best right: OR-NOT54 43 32 21 10 07: 6
Best left: XOR-NOT56 67: 2

Truncated right: OR-NOT54 43 32 21 10 07: 6
Truncated left: XOR-NOT56 67: 2

Tentative from right
7 OR-NOT54
6 OR-NOT43
5 OR-NOT32
4 OR-NOT21
3 OR-NOT10
2 OR-NOT07
1 pending
0 pending

Tentative
0 XOR-NOT56
1 XOR-NOT67
2 OR-NOT07
3 OR-NOT10
4 OR-NOT21
5 OR-NOT32
6 OR-NOT43
7 OR-NOT54

Preferred from right
7 OR-NOT54
6 OR-NOT43
5 OR-NOT32
4 OR-NOT21
3 OR-NOT10
2 OR-NOT07
1 XOR-NOT67
0 XOR-NOT56

Preferred from left
0 XOR-NOT56
1 XOR-NOT67
2 OR-NOT07
3 OR-NOT10
4 OR-NOT21
5 OR-NOT32
6 OR-NOT43
7 OR-NOT54

Preferred
0 XOR-NOT56
1 XOR-NOT67
2 OR-NOT07
3 OR-NOT10
4 OR-NOT21
5 OR-NOT32
6 OR-NOT43
7 OR-NOT54

Matching
0 XOR-NOT56
1 XOR-NOT67
2 OR-NOT07
3 OR-NOT10
4 OR-NOT21
5 OR-NOT32
6 OR-NOT43
7 OR-NOT54

Perfect match
Identity no
NOT no
Constant no
AND no
OR no
XOR no
AND-NOT no
OR-NOT no
XOR-NOT no

Matched
0 XOR-NOT56
1 XOR-NOT67
2 OR-NOT07
3 OR-NOT10
4 OR-NOT21
5 OR-NOT32
6 OR-NOT43
7 OR-NOT54

Selected
0 XOR-NOT56
1 XOR-NOT67
2 OR-NOT07
3 OR-NOT10
4 OR-NOT21
5 OR-NOT32
6 OR-NOT43
7 OR-NOT54

Applying to 00011100
Input
0 0
1 0
2 0
3 1
4 1
5 1
6 0
7 0
Output
0 XOR-NOT56 = XOR(1,NOT(0)) = 0
1 XOR-NOT67 = XOR(0,NOT(0)) = 1
2 OR-NOT07 = OR(0,NOT(0)) = 1
3 OR-NOT10 = OR(0,NOT(0)) = 1
4 OR-NOT21 = OR(0,NOT(0)) = 1
5 OR-NOT32 = OR(1,NOT(0)) = 1
6 OR-NOT43 = OR(1,NOT(1)) = 1
7 OR-NOT54 = OR(1,NOT(1)) = 1

I will now return the answer in \boxed{}
The answer in \boxed{–} is \boxed{01111111}
[correct]
true
