[category]
bit_manipulation
[prompt]
In Alice's Wonderland, a secret bit manipulation rule transforms 8-bit binary numbers. The transformation involves operations like bit shifts, rotations, XOR, AND, OR, NOT, and possibly majority or choice functions.

Here are some examples of input -> output:
11101111 -> 01001110
00110110 -> 11001111
10111100 -> 00011011
01010100 -> 01011101
01101101 -> 11010110
00010010 -> 11101111
11010100 -> 01011101
11010010 -> 11101101
10000010 -> 01101011

Now, determine the output for: 01110010
[completion]
We need to deduce the transformation by matching the example outputs.
I will put my final answer inside \boxed{}.

Output 0: 01001110
0 0
1 1
2 0
3 0
4 1
5 1
6 1
7 0

Output 1: 11001111
0 1
1 1
2 0
3 0
4 1
5 1
6 1
7 1

Output 2: 00011011
0 0
1 0
2 0
3 1
4 1
5 0
6 1
7 1

Output 3: 01011101
0 0
1 1
2 0
3 1
4 1
5 1
6 0
7 1

Output 4: 11010110
0 1
1 1
2 0
3 1
4 0
5 1
6 1
7 0

Output 5: 11101111
0 1
1 1
2 1
3 0
4 1
5 1
6 1
7 1

Output 6: 01011101
0 0
1 1
2 0
3 1
4 1
5 1
6 0
7 1

Output 7: 11101101
0 1
1 1
2 1
3 0
4 1
5 1
6 0
7 1

Output 8: 01101011
0 0
1 1
2 1
3 0
4 1
5 0
6 1
7 1

Output bit columns (with bitsum as hash)
0 010011010 4
1 110111111 8
2 000001011 3
3 001110100 4
4 111101111 8
5 110111110 7
6 111011001 6
7 011101111 7

Input 0: 11101111
0 1
1 1
2 1
3 0
4 1
5 1
6 1
7 1

Input 1: 00110110
0 0
1 0
2 1
3 1
4 0
5 1
6 1
7 0

Input 2: 10111100
0 1
1 0
2 1
3 1
4 1
5 1
6 0
7 0

Input 3: 01010100
0 0
1 1
2 0
3 1
4 0
5 1
6 0
7 0

Input 4: 01101101
0 0
1 1
2 1
3 0
4 1
5 1
6 0
7 1

Input 5: 00010010
0 0
1 0
2 0
3 1
4 0
5 0
6 1
7 0

Input 6: 11010100
0 1
1 1
2 0
3 1
4 0
5 1
6 0
7 0

Input 7: 11010010
0 1
1 1
2 0
3 1
4 0
5 0
6 1
7 0

Input 8: 10000010
0 1
1 0
2 0
3 0
4 0
5 0
6 1
7 0

When matching output
x: not in operator
y: wrong position

Identity
0 101000111 5
1 100110110 5
2 111010000 4
3 011101110 6
4 101010000 3
5 111110100 6
6 110001011 5
7 100010000 2

Matching output
0 absent
1 absent
2 absent
3 absent
4 absent
5 absent
6 absent
7 absent

Left
none
Best: none

Right
none
Best: none

NOT
0 010111000 4
1 011001001 4
2 000101111 5
3 100010001 3
4 010101111 6
5 000001011 3 match 2
6 001110100 4 match 3
7 011101111 7 match 7

Matching output
0 absent
1 absent
2 5
3 6
4 absent
5 absent
6 absent
7 7

Left
none
Best: none

Right
7 6y
Best: NOT7: 1

Constant
0 000000000 a
1 111111111 a

Matching output
0 absent
1 absent
2 absent
3 absent
4 absent
5 absent
6 absent
7 absent

Left
none
Best: none

Right
none
Best: none

AND
01 10 100000110 3
12 21 100010000 2
23 32 011000000 2
34 43 001000000 1
45 54 101010000 3
56 65 110000000 2
67 76 100000000 1
70 07 100000000 1

02 20 101000000 2
13 31 000100110 3
24 42 101010000 3
35 53 011100100 4
46 64 100000000 1
57 75 100010000 2
60 06 100000011 3
71 17 100010000 2

03 30 001000110 3
14 41 100010000 2
25 52 111010000 4
36 63 010001010 3
47 74 100010000 2
50 05 101000100 3
61 16 100000010 2
72 27 100010000 2

04 40 101000000 2
15 51 100110100 4
26 62 110000000 2
37 73 000000000 a

Matching output
0 absent
1 absent
2 absent
3 absent
4 absent
5 absent
6 absent
7 absent

Left
none
Best: none

Right
none
Best: none

OR
01 10 101110111 7
12 21 111110110 7
23 32 111111110 8
34 43 111111110 8
45 54 111110100 6
56 65 111111111 a
67 76 110011011 6
70 07 101010111 6

02 20 111010111 7
13 31 111111110 8
24 42 111010000 4
35 53 111111110 8
46 64 111011011 7
57 75 111110100 6
60 06 111001111 7
71 17 100110110 5

03 30 111101111 8 match 4
14 41 101110110 6
25 52 111110100 6
36 63 111101111 8 match 4
47 74 101010000 3
50 05 111110111 8
61 16 110111111 8 match 1
72 27 111010000 4

04 40 101010111 6
15 51 111110110 7
26 62 111011011 7
37 73 111111110 8

Matching output
0 absent
1 61 16
2 absent
3 absent
4 03 30 36 63
5 absent
6 absent
7 absent

Left
none
Best: none

Right
none
Best: none

XOR
01 10 001110001 4
12 21 011100110 5
23 32 100111110 6
34 43 110111110 7 match 5
45 54 010100100 3
56 65 001111111 7
67 76 010011011 5
70 07 001010111 5

02 20 010010111 5
13 31 111011000 5
24 42 010000000 1
35 53 100011010 4
46 64 011011011 6
57 75 011100100 4
60 06 011001100 4
71 17 000100110 3

03 30 110101001 5
14 41 001100110 4
25 52 000100100 2
36 63 101100101 5
47 74 001000000 1
50 05 010110011 5
61 16 010111101 6
72 27 011000000 2

04 40 000010111 4
15 51 011000010 3
26 62 001011011 5
37 73 111111110 8

Matching output
0 absent
1 absent
2 absent
3 absent
4 absent
5 34 43
6 absent
7 absent

Left
none
Best: none

Right
none
Best: none

AND-NOT
01 001000001 2
12 000100110 3
23 100010000 2
34 010101110 5
45 000000000 a
56 001110100 4 match 3
67 010001011 4
70 000010000 1

02 000000111 3
13 100010000 2
24 010000000 1
35 000001010 2
46 001010000 2
57 011100100 4
60 010001000 2
71 000000000 a

03 100000001 2
14 000100110 3
25 000000000 a
36 001100100 3
47 001000000 1
50 010110000 3
61 010001001 3
72 000000000 a

04 000000111 3
15 000000010 1
26 001010000 2
37 011101110 6
40 000010000 1
51 011000000 2
62 000001011 3 match 2
73 100010000 2

05 000000011 2
16 000110100 3
27 011000000 2
30 010101000 3
41 001000000 1
52 000100100 2
63 100000001 2
74 000000000 a

06 001000100 2
17 000100110 3
20 010010000 2
31 011001000 3
42 000000000 a
53 100010000 2
64 010001011 4
75 000000000 a

07 001000111 4
10 000110000 2
21 011000000 2
32 000101110 4
43 100010000 2
54 010100100 3
65 000001011 3 match 2
76 000010000 1

Matching output
0 absent
1 absent
2 62 65
3 56
4 absent
5 absent
6 absent
7 absent

Left
none
Best: none

Right
none
Best: none

OR-NOT
01 111001111 7
12 100111111 7
23 111010001 5
34 011101111 7 match 7
45 101011011 6
56 111110100 6
67 111101111 8 match 4
70 110111000 5

02 101101111 7
13 100110111 6
24 111111111 a
35 011101111 7 match 7
46 101110100 5
57 111111111 a
60 110111011 7
71 111011001 6 match 6

03 101010111 6
14 110111111 8 match 1
25 111011011 7
36 011111110 7
47 111111111 a
50 111111100 7
61 111001011 6
72 100111111 7

04 111101111 8 match 4
15 100111111 7
26 111110100 6
37 011101111 7 match 7
40 111111000 6
51 111111101 8
62 110101111 7
73 100010001 3

05 101001111 6
16 101110110 6
27 111111111 a
30 011111110 7
41 111011001 6 match 6
52 111111111 a
63 110011011 6
74 110111111 8 match 1

06 101110111 7
17 111111111 a
20 111111000 6
31 011101111 7 match 7
42 101111111 8
53 111110101 7
64 110101111 7
75 100011011 5

07 111101111 8 match 4
10 110111110 7 match 5
21 111011001 6 match 6
32 011101111 7 match 7
43 101010001 4
54 111111111 a
65 110001011 5
76 101110100 5

Matching output
0 absent
1 14 74
2 absent
3 absent
4 67 04 07
5 10
6 71 41 21
7 34 35 37 31 32

Left
none
Best: none

Right
34 23x
35 24x
37 26x
31 20x
32 21 10 07 76x
Best: OR-NOT32 21 10 07: 4

XOR-NOT
01 110001110 5
12 100011001 4
23 011000001 3
34 001000001 2
45 101011011 6
56 110000000 2
67 101100100 4
70 110101000 4

02 101101000 4
13 000100111 4
24 101111111 8
35 011100101 5
46 100100100 3
57 100011011 5
60 100110011 5
71 111011001 6 match 6

03 001010110 4
14 110011001 5
25 111011011 7
36 010011010 4 match 0
47 110111111 8 match 1
50 101001100 4
61 101000010 3
72 100111111 7

04 111101000 5
15 100111101 6
26 110100100 4
37 000000001 1
40 111101000 5
51 100111101 6
62 110100100 4
73 000000001 1

05 101001100 4
16 101000010 3
27 100111111 7
30 001010110 4
41 110011001 5
52 111011011 7
63 010011010 4 match 0
74 110111111 8 match 1

06 100110011 5
17 111011001 6 match 6
20 101101000 4
31 000100111 4
42 101111111 8
53 011100101 5
64 100100100 3
75 100011011 5

07 110101000 4
10 110001110 5
21 100011001 4
32 011000001 3
43 001000001 2
54 101011011 6
65 110000000 2
76 101100100 4

Matching output
0 36 63
1 47 74
2 absent
3 absent
4 absent
5 absent
6 71 17
7 absent

Left
36 47 50x
63 74 05x
Best: XOR-NOT36 47: 2

Right
none
Best: none

Selecting

Lefts
Identity none
NOT none
Constant none
AND none
OR none
XOR none
AND-NOT none
OR-NOT none
XOR-NOT XOR-NOT36 47: 2

Rights
Identity none
NOT NOT7: 1
Constant none
AND none
OR none
XOR none
AND-NOT none
OR-NOT OR-NOT32 21 10 07: 4
XOR-NOT none

Left longest: 2
Right longest: 4

Right winner: Identity no, NOT no, Constant no, AND no, OR no, XOR no, AND-NOT no, OR-NOT yes, XOR-NOT no
Left winner: Identity no, NOT no, Constant no, AND no, OR no, XOR no, AND-NOT no, OR-NOT no, XOR-NOT yes

Best right: OR-NOT32 21 10 07: 4
Best left: XOR-NOT36 47: 2

Truncated right: OR-NOT32 21 10 07: 4
Truncated left: XOR-NOT36 47: 2

Tentative from right
7 OR-NOT32
6 OR-NOT21
5 OR-NOT10
4 OR-NOT07
3 pending
2 pending
1 pending
0 pending

Tentative
0 XOR-NOT36
1 XOR-NOT47
2 pending
3 pending
4 OR-NOT07
5 OR-NOT10
6 OR-NOT21
7 OR-NOT32

Preferred from right
7 OR-NOT32
6 OR-NOT21
5 OR-NOT10
4 OR-NOT07
3 ?76
2 ?65
1 XOR-NOT47
0 XOR-NOT36

Preferred from left
0 XOR-NOT36
1 XOR-NOT47
2 ?65
3 ?76
4 OR-NOT07
5 OR-NOT10
6 OR-NOT21
7 OR-NOT32

Preferred
0 XOR-NOT36
1 XOR-NOT47
2 ?65 ?56
3 ?76 ?67
4 OR-NOT07
5 OR-NOT10
6 OR-NOT21
7 OR-NOT32

Matching
0 XOR-NOT36
1 XOR-NOT47
2 ?65 ?56 - Identity absent, NOT NOT5, Constant absent, AND absent, OR absent, XOR absent, AND-NOT65, OR-NOT absent, XOR-NOT absent
3 ?76 ?67 - Identity absent, NOT NOT6, Constant absent, AND absent, OR absent, XOR absent, AND-NOT absent, OR-NOT absent, XOR-NOT absent
4 OR-NOT07
5 OR-NOT10
6 OR-NOT21
7 OR-NOT32

Perfect match
Identity no
NOT yes
Constant no
AND no
OR no
XOR no
AND-NOT no
OR-NOT no
XOR-NOT no

Matched
0 XOR-NOT36
1 XOR-NOT47
2 NOT5
3 NOT6
4 OR-NOT07
5 OR-NOT10
6 OR-NOT21
7 OR-NOT32

Selected
0 XOR-NOT36
1 XOR-NOT47
2 NOT5
3 NOT6
4 OR-NOT07
5 OR-NOT10
6 OR-NOT21
7 OR-NOT32

Applying to 01110010
Input
0 0
1 1
2 1
3 1
4 0
5 0
6 1
7 0
Output
0 XOR-NOT36 = XOR(1,NOT(1)) = 1
1 XOR-NOT47 = XOR(0,NOT(0)) = 1
2 NOT5 = NOT(0) = 1
3 NOT6 = NOT(1) = 0
4 OR-NOT07 = OR(0,NOT(0)) = 1
5 OR-NOT10 = OR(1,NOT(0)) = 1
6 OR-NOT21 = OR(1,NOT(1)) = 1
7 OR-NOT32 = OR(1,NOT(1)) = 1

I will now return the answer in \boxed{}
The answer in \boxed{–} is \boxed{11101111}
[correct]
true
