[category]
bit_manipulation
[prompt]
In Alice's Wonderland, a secret bit manipulation rule transforms 8-bit binary numbers. The transformation involves operations like bit shifts, rotations, XOR, AND, OR, NOT, and possibly majority or choice functions.

Here are some examples of input -> output:
00111100 -> 00011111
10111110 -> 10101111
01100001 -> 10111111
11111110 -> 10111111
10000011 -> 00100111
01001110 -> 00011111
10011011 -> 11100111
10010101 -> 00110111
10100011 -> 00101111
00001010 -> 00101111

Now, determine the output for: 00100100
[completion]
We need to deduce the transformation by matching the example outputs.
I will put my final answer inside \boxed{}.

Output 0: 00011111
0 0
1 0
2 0
3 1
4 1
5 1
6 1
7 1

Output 1: 10101111
0 1
1 0
2 1
3 0
4 1
5 1
6 1
7 1

Output 2: 10111111
0 1
1 0
2 1
3 1
4 1
5 1
6 1
7 1

Output 3: 10111111
0 1
1 0
2 1
3 1
4 1
5 1
6 1
7 1

Output 4: 00100111
0 0
1 0
2 1
3 0
4 0
5 1
6 1
7 1

Output 5: 00011111
0 0
1 0
2 0
3 1
4 1
5 1
6 1
7 1

Output 6: 11100111
0 1
1 1
2 1
3 0
4 0
5 1
6 1
7 1

Output 7: 00110111
0 0
1 0
2 1
3 1
4 0
5 1
6 1
7 1

Output 8: 00101111
0 0
1 0
2 1
3 0
4 1
5 1
6 1
7 1

Output 9: 00101111
0 0
1 0
2 1
3 0
4 1
5 1
6 1
7 1

Output bit columns (with bitsum as hash)
0 0111001000 4
1 0000001000 1
2 0111101111 8
3 1011010100 5
4 1111010011 7
5 1111111111 a
6 1111111111 a
7 1111111111 a

Input 0: 00111100
0 0
1 0
2 1
3 1
4 1
5 1
6 0
7 0

Input 1: 10111110
0 1
1 0
2 1
3 1
4 1
5 1
6 1
7 0

Input 2: 01100001
0 0
1 1
2 1
3 0
4 0
5 0
6 0
7 1

Input 3: 11111110
0 1
1 1
2 1
3 1
4 1
5 1
6 1
7 0

Input 4: 10000011
0 1
1 0
2 0
3 0
4 0
5 0
6 1
7 1

Input 5: 01001110
0 0
1 1
2 0
3 0
4 1
5 1
6 1
7 0

Input 6: 10011011
0 1
1 0
2 0
3 1
4 1
5 0
6 1
7 1

Input 7: 10010101
0 1
1 0
2 0
3 1
4 0
5 1
6 0
7 1

Input 8: 10100011
0 1
1 0
2 1
3 0
4 0
5 0
6 1
7 1

Input 9: 00001010
0 0
1 0
2 0
3 0
4 1
5 0
6 1
7 0

When matching output
x: not in operator
y: wrong position

Identity
0 0101101110 6
1 0011010000 3
2 1111000010 5
3 1101001100 5
4 1101011001 6
5 1101010100 5
6 0101111011 7
7 0010101110 5

Matching output
0 absent
1 absent
2 absent
3 absent
4 absent
5 absent
6 absent
7 absent

Left
none
Best: none

Right
none
Best: none

NOT
0 1010010001 4
1 1100101111 7
2 0000111101 5
3 0010110011 5
4 0010100110 4
5 0010101011 5
6 1010000100 3
7 1101010001 5

Matching output
0 absent
1 absent
2 absent
3 absent
4 absent
5 absent
6 absent
7 absent

Left
none
Best: none

Right
none
Best: none

Constant
0 0000000000 a
1 1111111111 a match 5 6 7

Matching output
0 absent
1 absent
2 absent
3 absent
4 absent
5 C1
6 C1
7 C1

Left
none
Best: none

Right
1 1 1
Best: C1 1 1: 3

AND
01 10 0001000000 1
12 21 0011000000 2
23 32 1101000000 3
34 43 1101001000 4
45 54 1101010000 4
56 65 0101010000 3
67 76 0000101010 3
70 07 0000101110 4

02 20 0101000010 3
13 31 0001000000 1
24 42 1101000000 3
35 53 1101000100 4
46 64 0101011001 5
57 75 0000000100 1
60 06 0101101010 5
71 17 0010000000 1

03 30 0101001100 4
14 41 0001010000 2
25 52 1101000000 3
36 63 0101001000 3
47 74 0000001000 1 match 1
50 05 0101000100 3
61 16 0001010000 2
72 27 0010000010 2

04 40 0101001000 3
15 51 0001010000 2
26 62 0101000010 3
37 73 0000001100 2

Matching output
0 absent
1 47 74
2 absent
3 absent
4 absent
5 absent
6 absent
7 absent

Left
none
Best: none

Right
none
Best: none

OR
01 10 0111111110 8
12 21 1111010010 6
23 32 1111001110 7
34 43 1101011101 7
45 54 1101011101 7
56 65 1101111111 9
67 76 0111111111 9
70 07 0111101110 7

02 20 1111101110 8
13 31 1111011100 7
24 42 1111011011 8
35 53 1101011100 6
46 64 1101111011 8
57 75 1111111110 9
60 06 0101111111 8
71 17 0011111110 7

03 30 1101101110 7
14 41 1111011001 7
25 52 1111010110 7
36 63 1101111111 9
47 74 1111111111 a match 5 6 7
50 05 1101111110 8
61 16 0111111011 8
72 27 1111101110 8

04 40 1101111111 9
15 51 1111010100 6
26 62 1111111011 9
37 73 1111101110 8

Matching output
0 absent
1 absent
2 absent
3 absent
4 absent
5 47 74
6 47 74
7 47 74

Left
none
Best: none

Right
47 36x
74 63x
Best: OR47: 1

XOR
01 10 0110111110 7
12 21 1100010010 4
23 32 0010001110 4
34 43 0000010101 3
45 54 0000001101 3
56 65 1000101111 6
67 76 0111010101 6
70 07 0111000000 3

02 20 1010101100 5
13 31 1110011100 6
24 42 0010011011 5
35 53 0000011000 2
46 64 1000100010 3
57 75 1111111010 8
60 06 0000010101 3
71 17 0001111110 6

03 30 1000100010 3
14 41 1110001001 5
25 52 0010010110 4
36 63 1000110111 6
47 74 1111110111 9
50 05 1000111010 5
61 16 0110101011 6
72 27 1101101100 6

04 40 1000110111 6
15 51 1110000100 4
26 62 1010111001 6
37 73 1111100010 6

Matching output
0 absent
1 absent
2 absent
3 absent
4 absent
5 absent
6 absent
7 absent

Left
none
Best: none

Right
none
Best: none

AND-NOT
01 0100101110 5
12 0000010000 1
23 0010000010 2
34 0000000100 1
45 0000001001 2
56 1000000100 2
67 0101010001 4
70 0010000000 1

02 0000101100 3
13 0010010000 2
24 0010000010 2
35 0000001000 1 match 1
46 1000000000 1
57 1101010000 4
60 0000010001 2
71 0000101110 4

03 0000100010 2
14 0010000000 1
25 0010000010 2
36 1000000100 2
47 1101010001 5
50 1000010000 2
61 0100101011 5
72 0000101100 3

04 0000100110 3
15 0010000000 1
26 1010000000 2
37 1101000000 3
40 1000010001 3
51 1100000100 3
62 0000111001 4
73 0010100010 3

05 0000101010 3
16 0010000000 1
27 1101000000 3
30 1000000000 1
41 1100001001 4
52 0000010100 2
63 0000110011 4
74 0010100110 4

06 0000000100 1
17 0001010000 2
20 1010000000 2
31 1100001100 4
42 0000011001 3
53 0000010000 1
64 0000100010 2
75 0010101010 4

07 0101000000 2
10 0010010000 2
21 1100000010 3
32 0000001100 2
43 0000010001 2
54 0000000100 1
65 0000101011 4
76 0010000100 2

Matching output
0 absent
1 35
2 absent
3 absent
4 absent
5 absent
6 absent
7 absent

Left
none
Best: none

Right
none
Best: none

OR-NOT
01 1101101111 8
12 0011111101 7
23 1111110011 8
34 1111101110 8
45 1111111011 9
56 1111010100 6
67 1101111011 8
70 1010111111 8

02 0101111111 8
13 0011110011 6
24 1111100110 7
35 1111101111 9
46 1111011101 8
57 1101010101 6
60 1111111011 9
71 1110101111 8

03 0111111111 9
14 0011110110 6
25 1111101011 8
36 1111001100 6
47 1101011001 6
50 1111010101 7
61 1101111111 9
72 0010111111 7

04 0111101110 7
15 0011111011 7
26 1111000110 6
37 1101011101 7
40 1111011001 7
51 1101111111 9
62 0101111111 8
73 0010111111 7

05 0111101111 8 match 2
16 1011010100 5 match 3
27 1111010011 7 match 4
30 1111011101 8
41 1101111111 9
52 1101111101 8
63 0111111011 8
74 0010101110 5

06 1111101110 8
17 1111010001 6
20 1111010011 7 match 4
31 1101101111 8
42 1101111101 8
53 1111110111 9
64 0111111111 9
75 0010101111 6

07 1101111111 9
10 1011010001 5
21 1111101111 9
32 1101111101 8
43 1111111011 9
54 1111110110 8
65 0111111011 8
76 1010101110 6

Matching output
0 absent
1 absent
2 05
3 16
4 27 20
5 absent
6 absent
7 absent

Left
none
Best: none

Right
none
Best: none

XOR-NOT
01 1001000001 3
12 0011101101 6
23 1101110001 6
34 1111101010 7
45 1111110010 7
56 0111010000 4
67 1000101010 4
70 1000111111 7

02 0101010011 5
13 0001100011 4
24 1101100100 5
35 1111100111 8
46 0111011101 7
57 0000000101 2
60 1111101010 7
71 1110000001 4

03 0111011101 7
14 0001110110 5
25 1101101001 6
36 0111001000 4 match 0
47 0000001000 1 match 1
50 0111000101 5
61 1001010100 4
72 0010010011 4

04 0111001000 4 match 0
15 0001111011 6
26 0101000110 4
37 0000011101 4
40 0111001000 4 match 0
51 0001111011 6
62 0101000110 4
73 0000011101 4

05 0111000101 5
16 1001010100 4
27 0010010011 4
30 0111011101 7
41 0001110110 5
52 1101101001 6
63 0111001000 4 match 0
74 0000001000 1 match 1

06 1111101010 7
17 1110000001 4
20 0101010011 5
31 0001100011 4
42 1101100100 5
53 1111100111 8
64 0111011101 7
75 0000000101 2

07 1000111111 7
10 1001000001 3
21 0011101101 6
32 1101110001 6
43 1111101010 7
54 1111110010 7
65 0111010000 4
76 1000101010 4

Matching output
0 36 04 40 63
1 47 74
2 absent
3 absent
4 absent
5 absent
6 absent
7 absent

Left
36 47 50x
04 15x
40 51x
63 74 05x
Best: XOR-NOT36 47: 2

Right
none
Best: none

Selecting

Lefts
Identity none
NOT none
Constant none
AND none
OR none
XOR none
AND-NOT none
OR-NOT none
XOR-NOT XOR-NOT36 47: 2

Rights
Identity none
NOT none
Constant C1 1 1: 3
AND none
OR OR47: 1
XOR none
AND-NOT none
OR-NOT none
XOR-NOT none

Left longest: 2
Right longest: 3

Right winner: Identity no, NOT no, Constant yes, AND no, OR no, XOR no, AND-NOT no, OR-NOT no, XOR-NOT no
Left winner: Identity no, NOT no, Constant no, AND no, OR no, XOR no, AND-NOT no, OR-NOT no, XOR-NOT yes

Best right: C1 1 1: 3
Best left: XOR-NOT36 47: 2

Truncated right: C1 1 1: 3
Truncated left: XOR-NOT36 47: 2

Tentative from right
7 C1
6 C1
5 C1
4 pending
3 pending
2 pending
1 pending
0 pending

Tentative
0 XOR-NOT36
1 XOR-NOT47
2 pending
3 pending
4 pending
5 C1
6 C1
7 C1

Preferred from right
7 C1
6 C1
5 C1
4 pending
3 pending
2 pending
1 XOR-NOT47
0 XOR-NOT36

Preferred from left
0 XOR-NOT36
1 XOR-NOT47
2 ?50
3 ?61
4 ?72
5 C1
6 C1
7 C1

Preferred
0 XOR-NOT36
1 XOR-NOT47
2 ?50 ?05
3 ?61 ?16
4 ?72 ?27
5 C1
6 C1
7 C1

Matching
0 XOR-NOT36
1 XOR-NOT47
2 ?50 ?05 - Identity absent, NOT absent, Constant absent, AND absent, OR absent, XOR absent, AND-NOT absent, OR-NOT05, XOR-NOT absent
3 ?61 ?16 - Identity absent, NOT absent, Constant absent, AND absent, OR absent, XOR absent, AND-NOT absent, OR-NOT16, XOR-NOT absent
4 ?72 ?27 - Identity absent, NOT absent, Constant absent, AND absent, OR absent, XOR absent, AND-NOT absent, OR-NOT27, XOR-NOT absent
5 C1
6 C1
7 C1

Perfect match
Identity no
NOT no
Constant no
AND no
OR no
XOR no
AND-NOT no
OR-NOT yes
XOR-NOT no

Matched
0 XOR-NOT36
1 XOR-NOT47
2 OR-NOT05
3 OR-NOT16
4 OR-NOT27
5 C1
6 C1
7 C1

Selected
0 XOR-NOT36
1 XOR-NOT47
2 OR-NOT05
3 OR-NOT16
4 OR-NOT27
5 C1
6 C1
7 C1

Applying to 00100100
Input
0 0
1 0
2 1
3 0
4 0
5 1
6 0
7 0
Output
0 XOR-NOT36 = XOR(0,NOT(0)) = 1
1 XOR-NOT47 = XOR(0,NOT(0)) = 1
2 OR-NOT05 = OR(0,NOT(1)) = 0
3 OR-NOT16 = OR(0,NOT(0)) = 1
4 OR-NOT27 = OR(1,NOT(0)) = 1
5 C1 = 1
6 C1 = 1
7 C1 = 1

I will now return the answer in \boxed{}
The answer in \boxed{–} is \boxed{11011111}
[correct]
true
