[category]
bit_manipulation
[prompt]
In Alice's Wonderland, a secret bit manipulation rule transforms 8-bit binary numbers. The transformation involves operations like bit shifts, rotations, XOR, AND, OR, NOT, and possibly majority or choice functions.

Here are some examples of input -> output:
11101010 -> 10101011
01110001 -> 01000101
01011100 -> 00010001
00111111 -> 00000100
11001111 -> 00000111
10000101 -> 00010110
01100001 -> 10000101
01100101 -> 10010101

Now, determine the output for: 01011111
[completion]
We need to deduce the transformation by matching the example outputs.
I will put my final answer inside \boxed{}.

Output 0: 10101011
0 1
1 0
2 1
3 0
4 1
5 0
6 1
7 1

Output 1: 01000101
0 0
1 1
2 0
3 0
4 0
5 1
6 0
7 1

Output 2: 00010001
0 0
1 0
2 0
3 1
4 0
5 0
6 0
7 1

Output 3: 00000100
0 0
1 0
2 0
3 0
4 0
5 1
6 0
7 0

Output 4: 00000111
0 0
1 0
2 0
3 0
4 0
5 1
6 1
7 1

Output 5: 00010110
0 0
1 0
2 0
3 1
4 0
5 1
6 1
7 0

Output 6: 10000101
0 1
1 0
2 0
3 0
4 0
5 1
6 0
7 1

Output 7: 10010101
0 1
1 0
2 0
3 1
4 0
5 1
6 0
7 1

Output bit columns (with bitsum as hash)
0 10000011 3
1 01000000 1
2 10000000 1
3 00100101 3
4 10000000 1
5 01011111 6
6 10001100 3
7 11101011 6

Input 0: 11101010
0 1
1 1
2 1
3 0
4 1
5 0
6 1
7 0

Input 1: 01110001
0 0
1 1
2 1
3 1
4 0
5 0
6 0
7 1

Input 2: 01011100
0 0
1 1
2 0
3 1
4 1
5 1
6 0
7 0

Input 3: 00111111
0 0
1 0
2 1
3 1
4 1
5 1
6 1
7 1

Input 4: 11001111
0 1
1 1
2 0
3 0
4 1
5 1
6 1
7 1

Input 5: 10000101
0 1
1 0
2 0
3 0
4 0
5 1
6 0
7 1

Input 6: 01100001
0 0
1 1
2 1
3 0
4 0
5 0
6 0
7 1

Input 7: 01100101
0 0
1 1
2 1
3 0
4 0
5 1
6 0
7 1

When matching output
x: not in operator
y: wrong position

Identity
0 10001100 3 match 6
1 11101011 6 match 7
2 11010011 5
3 01110000 3
4 10111000 4
5 00111101 5
6 10011000 3
7 01011111 6 match 5

Matching output
0 absent
1 absent
2 absent
3 absent
4 absent
5 7
6 0
7 1

Left
none
Best: none

Right
1 0 7 6x
Best: I1 0 7: 3

NOT
0 01110011 5
1 00010100 2
2 00101100 3
3 10001111 5
4 01000111 4
5 11000010 3
6 01100111 5
7 10100000 2

Matching output
0 absent
1 absent
2 absent
3 absent
4 absent
5 absent
6 absent
7 absent

Left
none
Best: none

Right
none
Best: none

Constant
0 00000000 a
1 11111111 a

Matching output
0 absent
1 absent
2 absent
3 absent
4 absent
5 absent
6 absent
7 absent

Left
none
Best: none

Right
none
Best: none

AND
01 10 10001000 2
12 21 11000011 4
23 32 01010000 2
34 43 00110000 2
45 54 00111000 3
56 65 00011000 2
67 76 00011000 2
70 07 00001100 2

02 20 10000000 1 match 2 4
13 31 01100000 2
24 42 10010000 2
35 53 00110000 2
46 64 10011000 3
57 75 00011101 4
60 06 10001000 2
71 17 01001011 4

03 30 00000000 a
14 41 10101000 3
25 52 00010001 2
36 63 00010000 1
47 74 00011000 2
50 05 00001100 2
61 16 10001000 2
72 27 01010011 4

04 40 10001000 2
15 51 00101001 3
26 62 10010000 2
37 73 01010000 2

Matching output
0 absent
1 absent
2 02 20
3 absent
4 02 20
5 absent
6 absent
7 absent

Left
none
Best: none

Right
none
Best: none

OR
01 10 11101111 7
12 21 11111011 7
23 32 11110011 6
34 43 11111000 5
45 54 10111101 6
56 65 10111101 6
67 76 11011111 7
70 07 11011111 7

02 20 11011111 7
13 31 11111011 7
24 42 11111011 7
35 53 01111101 6
46 64 10111000 4
57 75 01111111 7
60 06 10011100 4
71 17 11111111 a

03 30 11111100 6
14 41 11111011 7
25 52 11111111 a
36 63 11111000 5
47 74 11111111 a
50 05 10111101 6
61 16 11111011 7
72 27 11011111 7

04 40 10111100 5
15 51 11111111 a
26 62 11011011 6
37 73 01111111 7

Matching output
0 absent
1 absent
2 absent
3 absent
4 absent
5 absent
6 absent
7 absent

Left
none
Best: none

Right
none
Best: none

XOR
01 10 01100111 5
12 21 00111000 3
23 32 10100011 4
34 43 11001000 3
45 54 10000101 3
56 65 10100101 4
67 76 11000111 5
70 07 11010011 5

02 20 01011111 6 match 5
13 31 10011011 5
24 42 01101011 5
35 53 01001101 4
46 64 00100000 1
57 75 01100010 3
60 06 00010100 2
71 17 10110100 4

03 30 11111100 6
14 41 01010011 4
25 52 11101110 6
36 63 11101000 4
47 74 11100111 6
50 05 10110001 4
61 16 01110011 5
72 27 10001100 3 match 6

04 40 00110100 3
15 51 11010110 5
26 62 01001011 4
37 73 00101111 5

Matching output
0 absent
1 absent
2 absent
3 absent
4 absent
5 02 20
6 72 27
7 absent

Left
none
Best: none

Right
none
Best: none

AND-NOT
01 00000100 1
12 00101000 2
23 10000011 3 match 0
34 01000000 1 match 1
45 10000000 1 match 2 4
56 00100101 3 match 3
67 10000000 1 match 2 4
70 01010011 4

02 00001100 2
13 10001011 4
24 01000011 3
35 01000000 1 match 1
46 00100000 1
57 00100000 1
60 00010000 1
71 00010100 2

03 10001100 3 match 6
14 01000011 3
25 11000010 3
36 01100000 2
47 10100000 2
50 00110001 3
61 00010000 1
72 00001100 2

04 00000100 1
15 11000010 3
26 01000011 3
37 00100000 1
40 00110000 2
51 00010100 2
62 00001000 1
73 00001111 4

05 10000000 1 match 2 4
16 01100011 4
27 10000000 1 match 2 4
30 01110000 3
41 00010000 1
52 00101100 3
63 10001000 2
74 01000111 4

06 00000100 1
17 10100000 2
20 01010011 4
31 00010000 1
42 00101000 2
53 00001101 3
64 00000000 a
75 01000010 2

07 10000000 1 match 2 4
10 01100011 4
21 00010000 1
32 00100000 1
43 10001000 2
54 00000101 2
65 10000000 1 match 2 4
76 01000111 4

Matching output
0 23
1 34 35
2 45 67 05 27 07 65
3 56
4 45 67 05 27 07 65
5 absent
6 03
7 absent

Left
23 34 45 56 67 70x
Best: AND-NOT23 34 45 56 67: 5

Right
none
Best: none

OR-NOT
01 10011100 4
12 11101111 7
23 11011111 7
34 01110111 6
45 11111010 6
56 01111111 7
67 10111000 4
70 01111111 7

02 10101100 4
13 11101111 7
24 11010111 6
35 11110010 5
46 11111111 a
57 10111101 6
60 11111011 7
71 01011111 6 match 5

03 10001111 5
14 11101111 7
25 11010011 5
36 01110111 6
47 10111000 4
50 01111111 7
61 10011100 4
72 01111111 7

04 11001111 6
15 11101011 6 match 7
26 11110111 7
37 11110000 4
40 11111011 7
51 00111101 5
62 10111100 5
73 11011111 7

05 11001110 5
16 11101111 7
27 11110011 6
30 01110011 5
41 10111100 5
52 00111101 5
63 10011111 6
74 01011111 6 match 5

06 11101111 7
17 11101011 6 match 7
20 11110011 6
31 01110100 4
42 10111100 5
53 10111111 7
64 11011111 7
75 11011111 7

07 10101100 4
10 11111011 7
21 11010111 6
32 01111100 5
43 10111111 7
54 01111111 7
65 11011010 5
76 01111111 7

Matching output
0 absent
1 absent
2 absent
3 absent
4 absent
5 71 74
6 absent
7 15 17

Left
none
Best: none

Right
15 04x
17 06x
Best: OR-NOT15: 1

XOR-NOT
01 10011000 3
12 11000111 5
23 01011100 4
34 00110111 5
45 01111010 5
56 01011010 4
67 00111000 3
70 00101100 3

02 10100000 2
13 01100100 3
24 10010100 3
35 10110010 4
46 11011111 7
57 10011101 5
60 11101011 6 match 7
71 01001011 4

03 00000011 2
14 10101100 4
25 00010001 2
36 00010111 4
47 00011000 2
50 01001110 4
61 10001100 3 match 6
72 01110011 5

04 11001011 5
15 00101001 3
26 10110100 4
37 11010000 3
40 11001011 5
51 00101001 3
62 10110100 4
73 11010000 3

05 01001110 4
16 10001100 3 match 6
27 01110011 5
30 00000011 2
41 10101100 4
52 00010001 2
63 00010111 4
74 00011000 2

06 11101011 6 match 7
17 01001011 4
20 10100000 2
31 01100100 3
42 10010100 3
53 10110010 4
64 11011111 7
75 10011101 5

07 00101100 3
10 10011000 3
21 11000111 5
32 01011100 4
43 00110111 5
54 01111010 5
65 01011010 4
76 00111000 3

Matching output
0 absent
1 absent
2 absent
3 absent
4 absent
5 absent
6 61 16
7 60 06

Left
none
Best: none

Right
60 57x
06 75x
Best: XOR-NOT60: 1

Selecting

Lefts
Identity none
NOT none
Constant none
AND none
OR none
XOR none
AND-NOT AND-NOT23 34 45 56 67: 5
OR-NOT none
XOR-NOT none

Rights
Identity I1 0 7: 3
NOT none
Constant none
AND none
OR none
XOR none
AND-NOT none
OR-NOT OR-NOT15: 1
XOR-NOT XOR-NOT60: 1

Left longest: 5
Right longest: 3

Left winner: Identity no, NOT no, Constant no, AND no, OR no, XOR no, AND-NOT yes, OR-NOT no, XOR-NOT no
Right winner: Identity yes, NOT no, Constant no, AND no, OR no, XOR no, AND-NOT no, OR-NOT no, XOR-NOT no

Best left: AND-NOT23 34 45 56 67: 5
Best right: I1 0 7: 3

Truncated left: AND-NOT23 34 45 56 67: 5
Truncated right: I1 0 7: 3

Tentative from right
7 I1
6 I0
5 I7
4 pending
3 pending
2 pending
1 pending
0 pending

Tentative
0 AND-NOT23
1 AND-NOT34
2 AND-NOT45
3 AND-NOT56
4 AND-NOT67
5 I7
6 I0
7 I1

Preferred from left
0 AND-NOT23
1 AND-NOT34
2 AND-NOT45
3 AND-NOT56
4 AND-NOT67
5 I7
6 I0
7 I1

Preferred from right
7 I1
6 I0
5 I7
4 AND-NOT67
3 AND-NOT56
2 AND-NOT45
1 AND-NOT34
0 AND-NOT23

Preferred
0 AND-NOT23
1 AND-NOT34
2 AND-NOT45
3 AND-NOT56
4 AND-NOT67
5 I7
6 I0
7 I1

Matching
0 AND-NOT23
1 AND-NOT34
2 AND-NOT45
3 AND-NOT56
4 AND-NOT67
5 I7
6 I0
7 I1

Perfect match
Identity no
NOT no
Constant no
AND no
OR no
XOR no
AND-NOT no
OR-NOT no
XOR-NOT no

Matched
0 AND-NOT23
1 AND-NOT34
2 AND-NOT45
3 AND-NOT56
4 AND-NOT67
5 I7
6 I0
7 I1

Selected
0 AND-NOT23
1 AND-NOT34
2 AND-NOT45
3 AND-NOT56
4 AND-NOT67
5 I7
6 I0
7 I1

Applying to 01011111
Input
0 0
1 1
2 0
3 1
4 1
5 1
6 1
7 1
Output
0 AND-NOT23 = AND(0,NOT(1)) = 0
1 AND-NOT34 = AND(1,NOT(1)) = 0
2 AND-NOT45 = AND(1,NOT(1)) = 0
3 AND-NOT56 = AND(1,NOT(1)) = 0
4 AND-NOT67 = AND(1,NOT(1)) = 0
5 I7 = 1
6 I0 = 0
7 I1 = 1

I will now return the answer in \boxed{}
The answer in \boxed{–} is \boxed{00000101}
[correct]
true
