[category]
bit_manipulation
[prompt]
In Alice's Wonderland, a secret bit manipulation rule transforms 8-bit binary numbers. The transformation involves operations like bit shifts, rotations, XOR, AND, OR, NOT, and possibly majority or choice functions.

Here are some examples of input -> output:
00101100 -> 01011000
10001100 -> 00011001
11000000 -> 10000001
00001100 -> 00011000
10110000 -> 01100001
11000101 -> 11001011
01100001 -> 10000010
01001010 -> 00010100
11011010 -> 00110101
10111011 -> 01110111

Now, determine the output for: 11100011
[completion]
We need to deduce the transformation by matching the example outputs.
I will put my final answer inside \boxed{}.

Output 0: 01011000
0 0
1 1
2 0
3 1
4 1
5 0
6 0
7 0

Output 1: 00011001
0 0
1 0
2 0
3 1
4 1
5 0
6 0
7 1

Output 2: 10000001
0 1
1 0
2 0
3 0
4 0
5 0
6 0
7 1

Output 3: 00011000
0 0
1 0
2 0
3 1
4 1
5 0
6 0
7 0

Output 4: 01100001
0 0
1 1
2 1
3 0
4 0
5 0
6 0
7 1

Output 5: 11001011
0 1
1 1
2 0
3 0
4 1
5 0
6 1
7 1

Output 6: 10000010
0 1
1 0
2 0
3 0
4 0
5 0
6 1
7 0

Output 7: 00010100
0 0
1 0
2 0
3 1
4 0
5 1
6 0
7 0

Output 8: 00110101
0 0
1 0
2 1
3 1
4 0
5 1
6 0
7 1

Output 9: 01110111
0 0
1 1
2 1
3 1
4 0
5 1
6 1
7 1

Output bit columns (with bitsum as hash)
0 0010011000 3
1 1000110001 4
2 0000100011 3
3 1101000111 6
4 1101010000 4
5 0000000111 3
6 0000011001 3
7 0110110011 6

Input 0: 00101100
0 0
1 0
2 1
3 0
4 1
5 1
6 0
7 0

Input 1: 10001100
0 1
1 0
2 0
3 0
4 1
5 1
6 0
7 0

Input 2: 11000000
0 1
1 1
2 0
3 0
4 0
5 0
6 0
7 0

Input 3: 00001100
0 0
1 0
2 0
3 0
4 1
5 1
6 0
7 0

Input 4: 10110000
0 1
1 0
2 1
3 1
4 0
5 0
6 0
7 0

Input 5: 11000101
0 1
1 1
2 0
3 0
4 0
5 1
6 0
7 1

Input 6: 01100001
0 0
1 1
2 1
3 0
4 0
5 0
6 0
7 1

Input 7: 01001010
0 0
1 1
2 0
3 0
4 1
5 0
6 1
7 0

Input 8: 11011010
0 1
1 1
2 0
3 1
4 1
5 0
6 1
7 0

Input 9: 10111011
0 1
1 0
2 1
3 1
4 1
5 0
6 1
7 1

When matching output
x: not in operator
y: wrong position

Identity
0 0110110011 6 match 7
1 0010011110 5
2 1000101001 4
3 0000100011 3 match 2
4 1101000111 6 match 3
5 1101010000 4 match 4
6 0000000111 3 match 5
7 0000011001 3 match 6

Matching output
0 absent
1 absent
2 3
3 4
4 5
5 6
6 7
7 0

Left
none
Best: none

Right
0 7 6 5 4 3 2x
Best: I0 7 6 5 4 3: 6

NOT
0 1001001100 4
1 1101100001 5
2 0111010110 6
3 1111011100 7
4 0010111000 4
5 0010101111 6
6 1111111000 7
7 1111100110 7

Matching output
0 absent
1 absent
2 absent
3 absent
4 absent
5 absent
6 absent
7 absent

Left
none
Best: none

Right
none
Best: none

Constant
0 0000000000 a
1 1111111111 a

Matching output
0 absent
1 absent
2 absent
3 absent
4 absent
5 absent
6 absent
7 absent

Left
none
Best: none

Right
none
Best: none

AND
01 10 0010010010 3
12 21 0000001000 1
23 32 0000100001 2
34 43 0000000011 2
45 54 1101000000 3
56 65 0000000000 a
67 76 0000000001 1
70 07 0000010001 2

02 20 0000100001 2
13 31 0000000010 1
24 42 1000000001 2
35 53 0000000000 a
46 64 0000000111 3 match 5
57 75 0000010000 1
60 06 0000000011 2
71 17 0000011000 2

03 30 0000100011 3 match 2
14 41 0000000110 2
25 52 1000000000 1
36 63 0000000011 2
47 74 0000000001 1
50 05 0100010000 2
61 16 0000000110 2
72 27 0000001001 2

04 40 0100000011 3
15 51 0000010000 1
26 62 0000000001 1
37 73 0000000001 1

Matching output
0 absent
1 absent
2 03 30
3 absent
4 absent
5 46 64
6 absent
7 absent

Left
none
Best: none

Right
none
Best: none

OR
01 10 0110111111 8
12 21 1010111111 8
23 32 1000101011 5
34 43 1101100111 7
45 54 1101010111 7
56 65 1101010111 7
67 76 0000011111 5
70 07 0110111011 7

02 20 1110111011 8
13 31 0010111111 7
24 42 1101101111 8
35 53 1101110011 7
46 64 1101000111 6 match 3
57 75 1101011001 6
60 06 0110110111 7
71 17 0010011111 6

03 30 0110110011 6 match 7
14 41 1111011111 9
25 52 1101111001 7
36 63 0000100111 4
47 74 1101011111 8
50 05 1111110011 8
61 16 0010011111 6
72 27 1000111001 5

04 40 1111110111 9
15 51 1111011110 8
26 62 1000101111 6
37 73 0000111011 5

Matching output
0 absent
1 absent
2 absent
3 46 64
4 absent
5 absent
6 absent
7 03 30

Left
none
Best: none

Right
03 72x
30 27x
Best: OR03: 1

XOR
01 10 0100101101 5
12 21 1010110111 7
23 32 1000001010 3
34 43 1101100100 5
45 54 0000010111 4
56 65 1101010111 7
67 76 0000011110 4
70 07 0110101010 5

02 20 1110011010 6
13 31 0010111101 6
24 42 0101101110 6
35 53 1101110011 7
46 64 1101000000 3
57 75 1101001001 5
60 06 0110110100 5
71 17 0010000111 4

03 30 0110010000 3
14 41 1111011001 7
25 52 0101111001 6
36 63 0000100100 2
47 74 1101011110 7
50 05 1011100011 6
61 16 0010011001 4
72 27 1000110000 3

04 40 1011110100 6
15 51 1111001110 7
26 62 1000101110 5
37 73 0000111010 4

Matching output
0 absent
1 absent
2 absent
3 absent
4 absent
5 absent
6 absent
7 absent

Left
none
Best: none

Right
none
Best: none

AND-NOT
01 0100100001 3
12 0010010110 4
23 1000001000 2
34 0000100000 1
45 0000000111 3 match 5
56 1101010000 4 match 4
67 0000000110 2
70 0000001000 1

02 0110010010 4
13 0010011100 4
24 0000101000 2
35 0000100011 3 match 2
46 1101000000 3
57 1101000000 3
60 0000000100 1
71 0000000001 1

03 0110010000 3
14 0010011000 3 match 0
25 0000101001 3
36 0000100000 1
47 1101000110 5
50 1001000000 2
61 0000000001 1
72 0000010000 1

04 0010110000 3
15 0010001110 4
26 1000101000 3
37 0000100010 2
40 1001000100 3
51 1101000000 3
62 0000000110 2
73 0000011000 2

05 0010100011 4
16 0010011000 3 match 0
27 1000100000 2
30 0000000000 a
41 1101000001 4
52 0101010000 3
63 0000000100 1
74 0000011000 2

06 0110110000 4
17 0010000110 3
20 1000001000 2
31 0000100001 2
42 0101000110 4
53 1101010000 4 match 4
64 0000000000 a
75 0000001001 2

07 0110100010 4
10 0000001100 2
21 1000100001 3
32 0000000010 1
43 1101000100 4
54 0000010000 1
65 0000000111 3 match 5
76 0000011000 2

Matching output
0 14 16
1 absent
2 35
3 absent
4 56 53
5 45 65
6 absent
7 absent

Left
14 25x
16 27x
Best: AND-NOT14: 1

Right
none
Best: none

OR-NOT
01 1111110011 8
12 0111011110 7
23 1111111101 9
34 0010111011 6
45 1111101111 9
56 1111111000 7
67 1111100111 8
70 1001011101 6

02 0111110111 8
13 1111011110 8
24 1010111001 6
35 0010101111 6
46 1111111111 a
57 1111110110 8
60 1001001111 6
71 1101111001 7

03 1111111111 a
14 0010111110 6
25 1010101111 7
36 1111111011 9
47 1111100111 8
50 1101011100 6
61 1101100111 7
72 0111011111 8

04 0110111011 7
15 0010111111 7
26 1111111001 8
37 1111100111 8
40 1101001111 7
51 1101110001 6
62 0111010111 7
73 1111011101 8

05 0110111111 8
16 1111111110 9
27 1111101111 9
30 1001101111 7
41 1101100111 7
52 1111010110 7
63 1111011111 9
74 0010111001 5

06 1111111011 9
17 1111111110 9
20 1001101101 6
31 1101100011 6
42 1111010111 8
53 1111011100 7
64 0010111111 7
75 0010111111 7

07 1111110111 9
10 1011011110 7
21 1101101001 6
32 0111110111 8
43 1111011111 9
54 1111111000 7
65 0010101111 6
76 1111111001 8

Matching output
0 absent
1 absent
2 absent
3 absent
4 absent
5 absent
6 absent
7 absent

Left
none
Best: none

Right
none
Best: none

XOR-NOT
01 1011010010 5
12 0101001000 3
23 0111110101 7
34 0010011011 5
45 1111101000 6
56 0010101000 3
67 1111100001 6
70 1001010101 5

02 0001100101 4
13 1101000010 4
24 1010010001 4
35 0010001100 3
46 0010111111 7
57 0010110110 5
60 1001001011 5
71 1101111000 6

03 1001101111 7
14 0000100110 3
25 1010000110 4
36 1111011011 8
47 0010100001 3
50 0100011100 4
61 1101100110 6
72 0111001111 7

04 0100001011 4
15 0000110001 3
26 0111010001 5
37 1111000101 6
40 0100001011 4
51 0000110001 3
62 0111010001 5
73 1111000101 6

05 0100011100 4
16 1101100110 6
27 0111001111 7
30 1001101111 7
41 0000100110 3
52 1010000110 4
63 1111011011 8
74 0010100001 3

06 1001001011 5
17 1101111000 6
20 0001100101 4
31 1101000010 4
42 1010010001 4
53 0010001100 3
64 0010111111 7
75 0010110110 5

07 1001010101 5
10 1011010010 5
21 0101001000 3
32 0111110101 7
43 0010011011 5
54 1111101000 6
65 0010101000 3
76 1111100001 6

Matching output
0 absent
1 absent
2 absent
3 absent
4 absent
5 absent
6 absent
7 absent

Left
none
Best: none

Right
none
Best: none

Selecting

Lefts
Identity none
NOT none
Constant none
AND none
OR none
XOR none
AND-NOT AND-NOT14: 1
OR-NOT none
XOR-NOT none

Rights
Identity I0 7 6 5 4 3: 6
NOT none
Constant none
AND none
OR OR03: 1
XOR none
AND-NOT none
OR-NOT none
XOR-NOT none

Left longest: 1
Right longest: 6

Right winner: Identity yes, NOT no, Constant no, AND no, OR no, XOR no, AND-NOT no, OR-NOT no, XOR-NOT no
Left winner: Identity no, NOT no, Constant no, AND no, OR no, XOR no, AND-NOT yes, OR-NOT no, XOR-NOT no

Best right: I0 7 6 5 4 3: 6
Best left: AND-NOT14: 1

Truncated right: I0 7 6 5 4 3: 6
Truncated left: AND-NOT14: 1

Tentative from right
7 I0
6 I7
5 I6
4 I5
3 I4
2 I3
1 pending
0 pending

Tentative
0 AND-NOT14
1 pending
2 I3
3 I4
4 I5
5 I6
6 I7
7 I0

Preferred from right
7 I0
6 I7
5 I6
4 I5
3 I4
2 I3
1 ??2
0 AND-NOT14

Preferred from left
0 AND-NOT14
1 ??2
2 I3
3 I4
4 I5
5 I6
6 I7
7 I0

Preferred
0 AND-NOT14
1 ??2
2 I3
3 I4
4 I5
5 I6
6 I7
7 I0

Matching
0 AND-NOT14
1 ??2 - Identity absent, NOT absent, Constant absent, AND absent, OR absent, XOR absent, AND-NOT absent, OR-NOT absent, XOR-NOT absent
2 I3
3 I4
4 I5
5 I6
6 I7
7 I0

Perfect match
Identity no
NOT no
Constant no
AND no
OR no
XOR no
AND-NOT no
OR-NOT no
XOR-NOT no

Matched
0 AND-NOT14
1 none
2 I3
3 I4
4 I5
5 I6
6 I7
7 I0

Selected
0 AND-NOT14
1 default 1
2 I3
3 I4
4 I5
5 I6
6 I7
7 I0

Applying to 11100011
Input
0 1
1 1
2 1
3 0
4 0
5 0
6 1
7 1
Output
0 AND-NOT14 = AND(1,NOT(0)) = 1
1 default 1 = 1
2 I3 = 0
3 I4 = 0
4 I5 = 0
5 I6 = 1
6 I7 = 1
7 I0 = 1

I will now return the answer in \boxed{}
The answer in \boxed{–} is \boxed{11000111}
[correct]
false
