[category]
bit_manipulation
[prompt]
In Alice's Wonderland, a secret bit manipulation rule transforms 8-bit binary numbers. The transformation involves operations like bit shifts, rotations, XOR, AND, OR, NOT, and possibly majority or choice functions.

Here are some examples of input -> output:
01100111 -> 11110011
00001001 -> 10010100
10001000 -> 11000100
10101101 -> 11010110
11000100 -> 01100010
10001100 -> 11000110
11110001 -> 11111000

Now, determine the output for: 11111111
[completion]
We need to deduce the transformation by matching the example outputs.
I will put my final answer inside \boxed{}.

Output 0: 11110011
0 1
1 1
2 1
3 1
4 0
5 0
6 1
7 1

Output 1: 10010100
0 1
1 0
2 0
3 1
4 0
5 1
6 0
7 0

Output 2: 11000100
0 1
1 1
2 0
3 0
4 0
5 1
6 0
7 0

Output 3: 11010110
0 1
1 1
2 0
3 1
4 0
5 1
6 1
7 0

Output 4: 01100010
0 0
1 1
2 1
3 0
4 0
5 0
6 1
7 0

Output 5: 11000110
0 1
1 1
2 0
3 0
4 0
5 1
6 1
7 0

Output 6: 11111000
0 1
1 1
2 1
3 1
4 1
5 0
6 0
7 0

Output bit columns (with bitsum as hash)
0 1111011 6
1 1011111 6
2 1000101 3
3 1101001 4
4 0000001 1
5 0111010 4
6 1001110 4
7 1000000 1

Input 0: 01100111
0 0
1 1
2 1
3 0
4 0
5 1
6 1
7 1

Input 1: 00001001
0 0
1 0
2 0
3 0
4 1
5 0
6 0
7 1

Input 2: 10001000
0 1
1 0
2 0
3 0
4 1
5 0
6 0
7 0

Input 3: 10101101
0 1
1 0
2 1
3 0
4 1
5 1
6 0
7 1

Input 4: 11000100
0 1
1 1
2 0
3 0
4 0
5 1
6 0
7 0

Input 5: 10001100
0 1
1 0
2 0
3 0
4 1
5 1
6 0
7 0

Input 6: 11110001
0 1
1 1
2 1
3 1
4 0
5 0
6 0
7 1

When matching output
x: not in operator
y: wrong position

Identity
0 0011111 5
1 1000101 3 match 2
2 1001001 3
3 0000001 1 match 4
4 0111010 4 match 5
5 1001110 4 match 6
6 1000000 1 match 7
7 1101001 4 match 3

Matching output
0 absent
1 absent
2 1
3 7
4 3
5 4
6 5
7 6

Left
none
Best: none

Right
6 5 4 3 2x
Best: I6 5 4 3: 4

NOT
0 1100000 2
1 0111010 4 match 5
2 0110110 4
3 1111110 6
4 1000101 3 match 2
5 0110001 3
6 0111111 6
7 0010110 3

Matching output
0 absent
1 absent
2 4
3 absent
4 absent
5 1
6 absent
7 absent

Left
none
Best: none

Right
none
Best: none

Constant
0 0000000 a
1 1111111 a

Matching output
0 absent
1 absent
2 absent
3 absent
4 absent
5 absent
6 absent
7 absent

Left
none
Best: none

Right
none
Best: none

AND
01 10 0000101 2
12 21 1000001 2
23 32 0000001 1 match 4
34 43 0000000 a
45 54 0001010 2
56 65 1000000 1 match 7
67 76 1000000 1 match 7
70 07 0001001 2

02 20 0001001 2
13 31 0000001 1 match 4
24 42 0001000 1
35 53 0000000 a
46 64 0000000 a
57 75 1001000 2
60 06 0000000 a
71 17 1000001 2

03 30 0000001 1 match 4
14 41 0000000 a
25 52 1001000 2
36 63 0000000 a
47 74 0101000 2
50 05 0001110 3
61 16 1000000 1 match 7
72 27 1001001 3

04 40 0011010 3
15 51 1000100 2
26 62 1000000 1 match 7
37 73 0000001 1 match 4

Matching output
0 absent
1 absent
2 absent
3 absent
4 23 32 13 31 03 30 37 73
5 absent
6 absent
7 56 65 67 76 61 16 26 62

Left
none
Best: none

Right
56 45x
65 54x
67 56y
76 65y
61 50x
16 05x
26 15x
62 51x
Best: AND56: 1

OR
01 10 1011111 6 match 1
12 21 1001101 4
23 32 1001001 3
34 43 0111011 5
45 54 1111110 6
56 65 1001110 4 match 6
67 76 1101001 4 match 3
70 07 1111111 a

02 20 1011111 6 match 1
13 31 1000101 3 match 2
24 42 1111011 6 match 0
35 53 1001111 5
46 64 1111010 5
57 75 1101111 6
60 06 1011111 6 match 1
71 17 1101101 5

03 30 0011111 5
14 41 1111111 a
25 52 1001111 5
36 63 1000001 2
47 74 1111011 6 match 0
50 05 1011111 6 match 1
61 16 1000101 3 match 2
72 27 1101001 4 match 3

04 40 0111111 6
15 51 1001111 5
26 62 1001001 3
37 73 1101001 4 match 3

Matching output
0 24 42 47 74
1 01 10 02 20 60 06 50 05
2 13 31 61 16
3 67 76 72 27 37 73
4 absent
5 absent
6 56 65
7 absent

Left
24 35x
42 53x
47 50 61 72 03x
74 05 16 27 30x
Best: OR47 50 61 72: 4

Right
none
Best: none

XOR
01 10 1011010 4
12 21 0001100 2
23 32 1001000 2
34 43 0111011 5
45 54 1110100 4
56 65 0001110 3
67 76 0101001 3
70 07 1110110 5

02 20 1010110 4
13 31 1000100 2
24 42 1110011 5
35 53 1001111 5
46 64 1111010 5
57 75 0100111 4
60 06 1011111 6 match 1
71 17 0101100 3

03 30 0011110 4
14 41 1111111 a
25 52 0000111 3
36 63 1000001 2
47 74 1010011 4
50 05 1010001 3
61 16 0000101 2
72 27 0100000 1

04 40 0100101 3
15 51 0001011 3
26 62 0001001 2
37 73 1101000 3

Matching output
0 absent
1 60 06
2 absent
3 absent
4 absent
5 absent
6 absent
7 absent

Left
none
Best: none

Right
none
Best: none

AND-NOT
01 0011010 3
12 0000100 1
23 1001000 2
34 0000001 1 match 4
45 0110000 2
56 0001110 3
67 0000000 a
70 1100000 2

02 0010110 3
13 1000100 2
24 1000001 2
35 0000001 1 match 4
46 0111010 4 match 5
57 0000110 2
60 1000000 1 match 7
71 0101000 2

03 0011110 4
14 1000101 3 match 2
25 0000001 1 match 4
36 0000001 1 match 4
47 0010010 2
50 1000000 1 match 7
61 0000000 a
72 0100000 1

04 0000101 2
15 0000001 1 match 4
26 0001001 2
37 0000000 a
40 0100000 1
51 0001010 2
62 0000000 a
73 1101000 3

05 0010001 2
16 0000101 2
27 0000000 a
30 0000000 a
41 0111010 4 match 5
52 0000110 2
63 1000000 1 match 7
74 1000001 2

06 0011111 5
17 0000100 1
20 1000000 1 match 7
31 0000000 a
42 0110010 3
53 1001110 4 match 6
64 1000000 1 match 7
75 0100001 2

07 0010110 3
10 1000000 1 match 7
21 0001000 1
32 0000000 a
43 0111010 4 match 5
54 1000100 2
65 0000000 a
76 0101001 3

Matching output
0 absent
1 absent
2 14
3 absent
4 34 35 25 36 15
5 46 41 43
6 53
7 60 50 63 20 64 10

Left
none
Best: none

Right
60 57x
50 47x
63 52x
20 17x
64 53 42x
10 07x
Best: AND-NOT64 53: 2

OR-NOT
01 0111111 6
12 1110111 6
23 1111111 a
34 1000101 3 match 2
45 0111011 5
56 1111111 a
67 1010110 4
70 1101001 4 match 3

02 0111111 6
13 1111111 a
24 1001101 4
35 0110001 3
46 0111111 6
57 1011110 5
60 1100000 2
71 1111011 6 match 0

03 1111111 a
14 1000101 3 match 2
25 1111001 5
36 0111111 6
47 0111110 5
50 1101110 5
61 1111010 5
72 1111111 a

04 1011111 6 match 1
15 1110101 5
26 1111111 a
37 0010111 4
40 1111010 5
51 1111110 6
62 1110110 5
73 1111111 a

05 0111111 6
16 1111111 a
27 1011111 6 match 1
30 1100001 3
41 0111010 4 match 5
52 1111110 6
63 1111110 6
74 1101101 5

06 0111111 6
17 1010111 5
20 1101001 4 match 3
31 0111011 5
42 0111110 5
53 1111110 6
64 1000101 3 match 2
75 1111001 5

07 0011111 5
10 1100101 4
21 1111011 6 match 0
32 0110111 5
43 1111110 6
54 1001111 5
65 1110001 4
76 1111111 a

Matching output
0 71 21
1 04 27
2 34 14 64
3 70 20
4 absent
5 41
6 absent
7 absent

Left
71 02x
21 32x
Best: OR-NOT71: 1

Right
none
Best: none

XOR-NOT
01 0100101 3
12 1110011 5
23 0110111 5
34 1000100 2
45 0001011 3
56 1110001 4
67 1010110 4
70 0001001 2

02 0101001 3
13 0111011 5
24 0001100 2
35 0110000 2
46 0000101 2
57 1011000 3
60 0100000 1
71 1010011 4

03 1100001 3
14 0000000 a
25 1111000 4
36 0111110 5
47 0101100 3
50 0101110 4
61 1111010 5
72 1011111 6 match 1

04 1011010 4
15 1110100 4
26 1110110 5
37 0010111 4
40 1011010 4
51 1110100 4
62 1110110 5
73 0010111 4

05 0101110 4
16 1111010 5
27 1011111 6 match 1
30 1100001 3
41 0000000 a
52 1111000 4
63 0111110 5
74 0101100 3

06 0100000 1
17 1010011 4
20 0101001 3
31 0111011 5
42 0001100 2
53 0110000 2
64 0000101 2
75 1011000 3

07 0001001 2
10 0100101 3
21 1110011 5
32 0110111 5
43 1000100 2
54 0001011 3
65 1110001 4
76 1010110 4

Matching output
0 absent
1 72 27
2 absent
3 absent
4 absent
5 absent
6 absent
7 absent

Left
none
Best: none

Right
none
Best: none

Selecting

Lefts
Identity none
NOT none
Constant none
AND none
OR OR47 50 61 72: 4
XOR none
AND-NOT none
OR-NOT OR-NOT71: 1
XOR-NOT none

Rights
Identity I6 5 4 3: 4
NOT none
Constant none
AND AND56: 1
OR none
XOR none
AND-NOT AND-NOT64 53: 2
OR-NOT none
XOR-NOT none

Left longest: 4
Right longest: 4

Left winner: Identity no, NOT no, Constant no, AND no, OR yes, XOR no, AND-NOT no, OR-NOT no, XOR-NOT no
Right winner: Identity yes, NOT no, Constant no, AND no, OR no, XOR no, AND-NOT no, OR-NOT no, XOR-NOT no

Best left: OR47 50 61 72: 4
Best right: I6 5 4 3: 4

Truncated left: OR47 50 61 72: 4
Truncated right: I6 5 4 3: 4

Tentative from right
7 I6
6 I5
5 I4
4 I3
3 pending
2 pending
1 pending
0 pending

Tentative
0 OR47
1 OR50
2 OR61
3 OR72
4 I3
5 I4
6 I5
7 I6

Preferred from left
0 OR47
1 OR50
2 OR61
3 OR72
4 I3
5 I4
6 I5
7 I6

Preferred from right
7 I6
6 I5
5 I4
4 I3
3 OR72
2 OR61
1 OR50
0 OR47

Preferred
0 OR47
1 OR50
2 OR61
3 OR72
4 I3
5 I4
6 I5
7 I6

Matching
0 OR47
1 OR50
2 OR61
3 OR72
4 I3
5 I4
6 I5
7 I6

Perfect match
Identity no
NOT no
Constant no
AND no
OR no
XOR no
AND-NOT no
OR-NOT no
XOR-NOT no

Matched
0 OR47
1 OR50
2 OR61
3 OR72
4 I3
5 I4
6 I5
7 I6

Selected
0 OR47
1 OR50
2 OR61
3 OR72
4 I3
5 I4
6 I5
7 I6

Applying to 11111111
Input
0 1
1 1
2 1
3 1
4 1
5 1
6 1
7 1
Output
0 OR47 = OR(1,1) = 1
1 OR50 = OR(1,1) = 1
2 OR61 = OR(1,1) = 1
3 OR72 = OR(1,1) = 1
4 I3 = 1
5 I4 = 1
6 I5 = 1
7 I6 = 1

I will now return the answer in \boxed{}
The answer in \boxed{–} is \boxed{11111111}
[correct]
true
