[category]
bit_manipulation
[prompt]
In Alice's Wonderland, a secret bit manipulation rule transforms 8-bit binary numbers. The transformation involves operations like bit shifts, rotations, XOR, AND, OR, NOT, and possibly majority or choice functions.

Here are some examples of input -> output:
11001011 -> 00010000
01110101 -> 00000000
10011111 -> 11110000
11010110 -> 00100000
00110111 -> 00110000
00101101 -> 01000000
11001001 -> 00000000
11001100 -> 01000000
01101011 -> 00010000
10100001 -> 00000000

Now, determine the output for: 01001111
[completion]
We need to deduce the transformation by matching the example outputs.
I will put my final answer inside \boxed{}.

Output 0: 00010000
0 0
1 0
2 0
3 1
4 0
5 0
6 0
7 0

Output 1: 00000000
0 0
1 0
2 0
3 0
4 0
5 0
6 0
7 0

Output 2: 11110000
0 1
1 1
2 1
3 1
4 0
5 0
6 0
7 0

Output 3: 00100000
0 0
1 0
2 1
3 0
4 0
5 0
6 0
7 0

Output 4: 00110000
0 0
1 0
2 1
3 1
4 0
5 0
6 0
7 0

Output 5: 01000000
0 0
1 1
2 0
3 0
4 0
5 0
6 0
7 0

Output 6: 00000000
0 0
1 0
2 0
3 0
4 0
5 0
6 0
7 0

Output 7: 01000000
0 0
1 1
2 0
3 0
4 0
5 0
6 0
7 0

Output 8: 00010000
0 0
1 0
2 0
3 1
4 0
5 0
6 0
7 0

Output 9: 00000000
0 0
1 0
2 0
3 0
4 0
5 0
6 0
7 0

Output bit columns (with bitsum as hash)
0 0010000000 1
1 0010010100 3
2 0011100000 3
3 1010100010 4
4 0000000000 a
5 0000000000 a
6 0000000000 a
7 0000000000 a

Input 0: 11001011
0 1
1 1
2 0
3 0
4 1
5 0
6 1
7 1

Input 1: 01110101
0 0
1 1
2 1
3 1
4 0
5 1
6 0
7 1

Input 2: 10011111
0 1
1 0
2 0
3 1
4 1
5 1
6 1
7 1

Input 3: 11010110
0 1
1 1
2 0
3 1
4 0
5 1
6 1
7 0

Input 4: 00110111
0 0
1 0
2 1
3 1
4 0
5 1
6 1
7 1

Input 5: 00101101
0 0
1 0
2 1
3 0
4 1
5 1
6 0
7 1

Input 6: 11001001
0 1
1 1
2 0
3 0
4 1
5 0
6 0
7 1

Input 7: 11001100
0 1
1 1
2 0
3 0
4 1
5 1
6 0
7 0

Input 8: 01101011
0 0
1 1
2 1
3 0
4 1
5 0
6 1
7 1

Input 9: 10100001
0 1
1 0
2 1
3 0
4 0
5 0
6 0
7 1

When matching output
x: not in operator
y: wrong position

Identity
0 1011001101 6
1 1101001110 6
2 0100110011 5
3 0111100000 4
4 1010011110 6
5 0111110100 6
6 1011100010 5
7 1110111011 8

Matching output
0 absent
1 absent
2 absent
3 absent
4 absent
5 absent
6 absent
7 absent

Left
none
Best: none

Right
none
Best: none

NOT
0 0100110010 4
1 0010110001 4
2 1011001100 5
3 1000011111 6
4 0101100001 4
5 1000001011 4
6 0100011101 5
7 0001000100 2

Matching output
0 absent
1 absent
2 absent
3 absent
4 absent
5 absent
6 absent
7 absent

Left
none
Best: none

Right
none
Best: none

Constant
0 0000000000 a match 4 5 6 7
1 1111111111 a

Matching output
0 absent
1 absent
2 absent
3 absent
4 C0
5 C0
6 C0
7 C0

Left
none
Best: none

Right
0 0 0 0
Best: C0 0 0 0: 4

AND
01 10 1001001100 4
12 21 0100000010 2
23 32 0100100000 2
34 43 0010000000 1 match 0
45 54 0010010100 3 match 1
56 65 0011100000 3 match 2
67 76 1010100010 4 match 3
70 07 1010001001 4

02 20 0000000001 1
13 31 0101000000 2
24 42 0000010010 2
35 53 0111100000 4
46 64 1010000010 3
57 75 0110110000 4
60 06 1011000000 3
71 17 1100001010 4

03 30 0011000000 2
14 41 1000001110 4
25 52 0100110000 3
36 63 0011100000 3 match 2
47 74 1010011010 5
50 05 0011000100 3
61 16 1001000010 3
72 27 0100110011 5

04 40 1010001100 4
15 51 0101000100 3
26 62 0000100010 2
37 73 0110100000 3

Matching output
0 34 43
1 45 54
2 56 65 36 63
3 67 76
4 absent
5 absent
6 absent
7 absent

Left
34 45 56 67 70x
43 54 65 76 07x
Best: AND34 45 56 67: 4

Right
none
Best: none

OR
01 10 1111001111 8
12 21 1101111111 9
23 32 0111110011 7
34 43 1111111110 9
45 54 1111111110 9
56 65 1111110110 8
67 76 1111111011 9
70 07 1111111111 a

02 20 1111111111 a
13 31 1111101110 8
24 42 1110111111 9
35 53 0111110100 6
46 64 1011111110 8
57 75 1111111111 a
60 06 1011101111 8
71 17 1111111111 a

03 30 1111101101 8
14 41 1111011110 8
25 52 0111110111 8
36 63 1111100010 6
47 74 1110111111 9
50 05 1111111101 9
61 16 1111101110 8
72 27 1110111011 8

04 40 1011011111 8
15 51 1111111110 9
26 62 1111110011 8
37 73 1111111011 9

Matching output
0 absent
1 absent
2 absent
3 absent
4 absent
5 absent
6 absent
7 absent

Left
none
Best: none

Right
none
Best: none

XOR
01 10 0110000011 4
12 21 1001111101 7
23 32 0011010011 5
34 43 1101111110 8
45 54 1101101010 6
56 65 1100010110 5
67 76 0101011001 5
70 07 0101110110 6

02 20 1111111110 9
13 31 1010101110 6
24 42 1110101101 7
35 53 0000010100 2
46 64 0001111100 5
57 75 1001001111 6
60 06 0000101111 5
71 17 0011110101 6

03 30 1100101101 6
14 41 0111010000 4
25 52 0011000111 5
36 63 1100000010 3
47 74 0100100101 4
50 05 1100111001 6
61 16 0110101100 5
72 27 1010001000 3

04 40 0001010011 4
15 51 1010111010 6
26 62 1111010001 6
37 73 1001011011 6

Matching output
0 absent
1 absent
2 absent
3 absent
4 absent
5 absent
6 absent
7 absent

Left
none
Best: none

Right
none
Best: none

AND-NOT
01 0010000001 2
12 1001001100 4
23 0000010011 3
34 0101100000 3
45 1000001010 3
56 0100010100 3
67 0001000000 1
70 0100110010 4

02 1011001100 5
13 1000001110 4
24 0100100001 3
35 0000000000 a match 4 5 6 7
46 0000011100 3
57 0001000100 2
60 0000100010 2
71 0010110001 4

03 1000001101 4
14 0101000000 2
25 0000000011 2
36 0100000000 1
47 0000000100 1
50 0100110000 3
61 0010100000 2
72 1010001000 3

04 0001000001 2
15 1000001010 3
26 0100010001 3
37 0001000000 1
40 0000010010 2
51 0010110000 3
62 1011000000 3
73 1000011011 5

05 1000001001 3
16 0100001100 3
27 0000000000 a match 4 5 6 7
30 0100100000 2
41 0010010000 2
52 0011000100 3
63 1000000010 2
74 0100100001 3

06 0000001101 3
17 0001000100 2
20 0100110010 4
31 0010100000 2
42 1010001100 4
53 0000010100 2
64 0001100000 2
75 1000001011 4

07 0001000100 2
10 0100000010 2
21 0000110001 3
32 0011000000 2
43 1000011110 5
54 0101100000 3
65 1000000010 2
76 0100011001 4

Matching output
0 absent
1 absent
2 absent
3 absent
4 35 27
5 35 27
6 35 27
7 35 27

Left
none
Best: none

Right
35 24x
27 16x
Best: AND-NOT35: 1

OR-NOT
01 1011111101 8
12 1111001110 7
23 1100111111 8
34 0111100001 5
45 1010011111 7
56 0111111101 8
67 1011100110 6
70 1110111011 8

02 1011001101 6
13 1101011111 8
24 0101110011 6
35 1111101011 8
46 1110011111 8
57 0111110100 6
60 1111110010 7
71 1110111011 8

03 1011011111 8
14 1101101111 8
25 1100111011 7
36 0111111101 8
47 1011011110 7
50 0111110110 7
61 1011110011 7
72 1111111111 a

04 1111101101 8
15 1101001111 7
26 0100111111 7
37 0111100100 5
40 1110111110 8
51 0111110101 7
62 1011101110 7
73 1110111111 9

05 1011001111 7
16 1101011111 8
27 0101110111 7
30 0111110010 6
41 1010111111 8
52 1111111100 8
63 1011111111 9
74 1111111011 9

06 1111011101 8
17 1101001110 6
20 0100110011 5
31 0111110001 6
42 1011011110 7
53 1111111111 a
64 1111100011 7
75 1110111011 8

07 1011001101 6
10 1101111110 8
21 0110110011 6
32 1111101100 7
43 1010011111 7
54 0111110101 7
65 1011101011 7
76 1110111111 9

Matching output
0 absent
1 absent
2 absent
3 absent
4 absent
5 absent
6 absent
7 absent

Left
none
Best: none

Right
none
Best: none

XOR-NOT
01 1001111100 6
12 0110000010 3
23 1100101100 5
34 0010000001 2
45 0010010101 4
56 0011101001 5
67 1010100110 5
70 1010001001 4

02 0000000001 1
13 0101010001 4
24 0001010010 3
35 1111101011 8
46 1110000011 5
57 0110110000 4
60 1111010000 5
71 1100001010 4

03 0011010010 4
14 1000101111 6
25 1100111000 5
36 0011111101 7
47 1011011010 6
50 0011000110 4
61 1001010011 5
72 0101110111 7

04 1110101100 6
15 0101000101 4
26 0000101110 4
37 0110100100 4
40 1110101100 6
51 0101000101 4
62 0000101110 4
73 0110100100 4

05 0011000110 4
16 1001010011 5
27 0101110111 7
30 0011010010 4
41 1000101111 6
52 1100111000 5
63 0011111101 7
74 1011011010 6

06 1111010000 5
17 1100001010 4
20 0000000001 1
31 0101010001 4
42 0001010010 3
53 1111101011 8
64 1110000011 5
75 0110110000 4

07 1010001001 4
10 1001111100 6
21 0110000010 3
32 1100101100 5
43 0010000001 2
54 0010010101 4
65 0011101001 5
76 1010100110 5

Matching output
0 absent
1 absent
2 absent
3 absent
4 absent
5 absent
6 absent
7 absent

Left
none
Best: none

Right
none
Best: none

Selecting

Lefts
Identity none
NOT none
Constant none
AND AND34 45 56 67: 4
OR none
XOR none
AND-NOT none
OR-NOT none
XOR-NOT none

Rights
Identity none
NOT none
Constant C0 0 0 0: 4
AND none
OR none
XOR none
AND-NOT AND-NOT35: 1
OR-NOT none
XOR-NOT none

Left longest: 4
Right longest: 4

Left winner: Identity no, NOT no, Constant no, AND yes, OR no, XOR no, AND-NOT no, OR-NOT no, XOR-NOT no
Right winner: Identity no, NOT no, Constant yes, AND no, OR no, XOR no, AND-NOT no, OR-NOT no, XOR-NOT no

Best left: AND34 45 56 67: 4
Best right: C0 0 0 0: 4

Truncated left: AND34 45 56 67: 4
Truncated right: C0 0 0 0: 4

Tentative from right
7 C0
6 C0
5 C0
4 C0
3 pending
2 pending
1 pending
0 pending

Tentative
0 AND34
1 AND45
2 AND56
3 AND67
4 C0
5 C0
6 C0
7 C0

Preferred from left
0 AND34
1 AND45
2 AND56
3 AND67
4 C0
5 C0
6 C0
7 C0

Preferred from right
7 C0
6 C0
5 C0
4 C0
3 AND67
2 AND56
1 AND45
0 AND34

Preferred
0 AND34
1 AND45
2 AND56
3 AND67
4 C0
5 C0
6 C0
7 C0

Matching
0 AND34
1 AND45
2 AND56
3 AND67
4 C0
5 C0
6 C0
7 C0

Perfect match
Identity no
NOT no
Constant no
AND no
OR no
XOR no
AND-NOT no
OR-NOT no
XOR-NOT no

Matched
0 AND34
1 AND45
2 AND56
3 AND67
4 C0
5 C0
6 C0
7 C0

Selected
0 AND34
1 AND45
2 AND56
3 AND67
4 C0
5 C0
6 C0
7 C0

Applying to 01001111
Input
0 0
1 1
2 0
3 0
4 1
5 1
6 1
7 1
Output
0 AND34 = AND(0,1) = 0
1 AND45 = AND(1,1) = 1
2 AND56 = AND(1,1) = 1
3 AND67 = AND(1,1) = 1
4 C0 = 0
5 C0 = 0
6 C0 = 0
7 C0 = 0

I will now return the answer in \boxed{}
The answer in \boxed{–} is \boxed{01110000}
[correct]
true
