[category]
bit_manipulation
[prompt]
In Alice's Wonderland, a secret bit manipulation rule transforms 8-bit binary numbers. The transformation involves operations like bit shifts, rotations, XOR, AND, OR, NOT, and possibly majority or choice functions.

Here are some examples of input -> output:
10010111 -> 00000001
11100111 -> 00110001
00111111 -> 00001111
11110001 -> 00111000
10001010 -> 00000000
01100110 -> 00010001
00100111 -> 00000001

Now, determine the output for: 11101010
[completion]
We need to deduce the transformation by matching the example outputs.
I will put my final answer inside \boxed{}.

Output 0: 00000001
0 0
1 0
2 0
3 0
4 0
5 0
6 0
7 1

Output 1: 00110001
0 0
1 0
2 1
3 1
4 0
5 0
6 0
7 1

Output 2: 00001111
0 0
1 0
2 0
3 0
4 1
5 1
6 1
7 1

Output 3: 00111000
0 0
1 0
2 1
3 1
4 1
5 0
6 0
7 0

Output 4: 00000000
0 0
1 0
2 0
3 0
4 0
5 0
6 0
7 0

Output 5: 00010001
0 0
1 0
2 0
3 1
4 0
5 0
6 0
7 1

Output 6: 00000001
0 0
1 0
2 0
3 0
4 0
5 0
6 0
7 1

Output bit columns (with bitsum as hash)
0 0000000 a
1 0000000 a
2 0101000 2
3 0101010 3
4 0011000 2
5 0010000 1
6 0010000 1
7 1110011 5

Input 0: 10010111
0 1
1 0
2 0
3 1
4 0
5 1
6 1
7 1

Input 1: 11100111
0 1
1 1
2 1
3 0
4 0
5 1
6 1
7 1

Input 2: 00111111
0 0
1 0
2 1
3 1
4 1
5 1
6 1
7 1

Input 3: 11110001
0 1
1 1
2 1
3 1
4 0
5 0
6 0
7 1

Input 4: 10001010
0 1
1 0
2 0
3 0
4 1
5 0
6 1
7 0

Input 5: 01100110
0 0
1 1
2 1
3 0
4 0
5 1
6 1
7 0

Input 6: 00100111
0 0
1 0
2 1
3 0
4 0
5 1
6 1
7 1

When matching output
x: not in operator
y: wrong position

Identity
0 1101100 4
1 0101010 3 match 3
2 0111011 5
3 1011000 3
4 0010100 2
5 1110011 5 match 7
6 1110111 6
7 1111001 5

Matching output
0 absent
1 absent
2 absent
3 1
4 absent
5 absent
6 absent
7 5

Left
none
Best: none

Right
5 4x
Best: I5: 1

NOT
0 0010011 3
1 1010101 4
2 1000100 2
3 0100111 4
4 1101011 5
5 0001100 2
6 0001000 1
7 0000110 2

Matching output
0 absent
1 absent
2 absent
3 absent
4 absent
5 absent
6 absent
7 absent

Left
none
Best: none

Right
none
Best: none

Constant
0 0000000 a match 0 1
1 1111111 a

Matching output
0 C0
1 C0
2 absent
3 absent
4 absent
5 absent
6 absent
7 absent

Left
0 0
Best: C0 0: 2

Right
none
Best: none

AND
01 10 0101000 2 match 2
12 21 0101010 3 match 3
23 32 0011000 2 match 4
34 43 0010000 1 match 5 6
45 54 0010000 1 match 5 6
56 65 1110011 5 match 7
67 76 1110001 4
70 07 1101000 3

02 20 0101000 2 match 2
13 31 0001000 1
24 42 0010000 1 match 5 6
35 53 1010000 2
46 64 0010100 2
57 75 1110001 4
60 06 1100100 3
71 17 0101000 2 match 2

03 30 1001000 2
14 41 0000000 a match 0 1
25 52 0110011 4
36 63 1010000 2
47 74 0010000 1 match 5 6
50 05 1100000 2
61 16 0100010 2
72 27 0111001 4

04 40 0000100 1
15 51 0100010 2
26 62 0110011 4
37 73 1011000 3

Matching output
0 14 41
1 14 41
2 01 10 02 20 71 17
3 12 21
4 23 32
5 34 43 45 54 24 42 47 74
6 34 43 45 54 24 42 47 74
7 56 65

Left
14 25x
41 52x
Best: AND14: 1

Right
56 45 34 23 12 01 70x
65 54 43 32 21 10 07x
Best: AND56 45 34 23 12 01: 6

OR
01 10 1101110 5
12 21 0111011 5
23 32 1111011 6
34 43 1011100 4
45 54 1110111 6
56 65 1110111 6
67 76 1111111 a
70 07 1111101 6

02 20 1111111 a
13 31 1111010 5
24 42 0111111 6
35 53 1111011 6
46 64 1110111 6
57 75 1111011 6
60 06 1111111 a
71 17 1111011 6

03 30 1111100 5
14 41 0111110 5
25 52 1111011 6
36 63 1111111 a
47 74 1111101 6
50 05 1111111 a
61 16 1111111 a
72 27 1111011 6

04 40 1111100 5
15 51 1111011 6
26 62 1111111 a
37 73 1111001 5

Matching output
0 absent
1 absent
2 absent
3 absent
4 absent
5 absent
6 absent
7 absent

Left
none
Best: none

Right
none
Best: none

XOR
01 10 1000110 3
12 21 0010001 2
23 32 1100011 4
34 43 1001100 3
45 54 1100111 5
56 65 0000100 1
67 76 0001110 3
70 07 0010101 3

02 20 1010111 5
13 31 1110010 4
24 42 0101111 5
35 53 0101011 4
46 64 1100011 4
57 75 0001010 2
60 06 0011011 4
71 17 1010011 4

03 30 0110100 3
14 41 0111110 5
25 52 1001000 2
36 63 0101111 5
47 74 1101101 5
50 05 0011111 5
61 16 1011101 5
72 27 1000010 2

04 40 1111000 4
15 51 1011001 4
26 62 1001100 3
37 73 0100001 2

Matching output
0 absent
1 absent
2 absent
3 absent
4 absent
5 absent
6 absent
7 absent

Left
none
Best: none

Right
none
Best: none

AND-NOT
01 1000100 2
12 0000000 a match 0 1
23 0100011 3
34 1001000 2
45 0000100 1
56 0000000 a match 0 1
67 0000110 2
70 0010001 2

02 1000100 2
13 0100010 2
24 0101011 4
35 0001000 1
46 0000000 a match 0 1
57 0000010 1
60 0010011 3
71 1010001 3

03 0100100 2
14 0101010 3 match 3
25 0001000 1
36 0001000 1
47 0000100 1
50 0010011 3
61 1010101 4
72 1000000 1

04 1101000 3
15 0001000 1
26 0001000 1
37 0000000 a match 0 1
40 0010000 1 match 5 6
51 1010001 3
62 1000100 2
73 0100001 2

05 0001100 2
16 0001000 1
27 0000010 1
30 0010000 1 match 5 6
41 0010100 2
52 1000000 1
63 0100111 4
74 1101001 4

06 0001000 1
17 0000010 1
20 0010011 3
31 1010000 2
42 0000100 1
53 0100011 3
64 1100011 4
75 0001000 1

07 0000100 1
10 0000010 1
21 0010001 2
32 1000000 1
43 0000100 1
54 1100011 4
65 0000100 1
76 0001000 1

Matching output
0 12 56 46 37
1 12 56 46 37
2 absent
3 14
4 absent
5 40 30
6 40 30
7 absent

Left
12 23x
56 67x
46 57x
37 40y
Best: AND-NOT12: 1

Right
none
Best: none

OR-NOT
01 1111101 6
12 1101110 5
23 0111111 6
34 1111011 6
45 0011100 3
56 1111011 6
67 1110111 6
70 1111011 6

02 1101100 4
13 0101111 5
24 1111011 6
35 1011100 4
46 0011100 3
57 1110111 6
60 1110111 6
71 1111101 6

03 1101111 6
14 1101011 5
25 0111111 6
36 1011000 3
47 0010110 3
50 1110011 5 match 7
61 1110111 6
72 1111101 6

04 1101111 6
15 0101110 4
26 0111011 5
37 1011110 5
40 0010111 4
51 1110111 6
62 1110111 6
73 1111111 a

05 1101100 4
16 0101010 3 match 3
27 0111111 6
30 1011011 5
41 1010101 4
52 1110111 6
63 1110111 6
74 1111011 6

06 1101100 4
17 0101110 4
20 0111011 5
31 1011101 5
42 1010100 3
53 1110111 6
64 1111111 a
75 1111101 6

07 1101110 5
10 0111011 5
21 1111111 a
32 1011100 4
43 0110111 5
54 1111011 6
65 1111111 a
76 1111001 5

Matching output
0 absent
1 absent
2 absent
3 16
4 absent
5 absent
6 absent
7 50

Left
none
Best: none

Right
50 47x
Best: OR-NOT50: 1

XOR-NOT
01 0111001 4
12 1101110 5
23 0011100 3
34 0110011 4
45 0011000 2 match 4
56 1111011 6
67 1110001 4
70 1101010 4

02 0101000 2 match 2
13 0001101 3
24 1010000 2
35 1010100 3
46 0011100 3
57 1110101 5
60 1100100 3
71 0101100 3

03 1001011 4
14 1000001 2
25 0110111 5
36 1010000 2
47 0010010 2
50 1100000 2
61 0100010 2
72 0111101 5

04 0000111 3
15 0100110 3
26 0110011 4
37 1011110 5
40 0000111 3
51 0100110 3
62 0110011 4
73 1011110 5

05 1100000 2
16 0100010 2
27 0111101 5
30 1001011 4
41 1000001 2
52 0110111 5
63 1010000 2
74 0010010 2

06 1100100 3
17 0101100 3
20 0101000 2 match 2
31 0001101 3
42 1010000 2
53 1010100 3
64 0011100 3
75 1110101 5

07 1101010 4
10 0111001 4
21 1101110 5
32 0011100 3
43 0110011 4
54 0011000 2 match 4
65 1111011 6
76 1110001 4

Matching output
0 absent
1 absent
2 02 20
3 absent
4 45 54
5 absent
6 absent
7 absent

Left
none
Best: none

Right
none
Best: none

Selecting

Lefts
Identity none
NOT none
Constant C0 0: 2
AND AND14: 1
OR none
XOR none
AND-NOT AND-NOT12: 1
OR-NOT none
XOR-NOT none

Rights
Identity I5: 1
NOT none
Constant none
AND AND56 45 34 23 12 01: 6
OR none
XOR none
AND-NOT none
OR-NOT OR-NOT50: 1
XOR-NOT none

Left longest: 2
Right longest: 6

Right winner: Identity no, NOT no, Constant no, AND yes, OR no, XOR no, AND-NOT no, OR-NOT no, XOR-NOT no
Left winner: Identity no, NOT no, Constant yes, AND no, OR no, XOR no, AND-NOT no, OR-NOT no, XOR-NOT no

Best right: AND56 45 34 23 12 01: 6
Best left: C0 0: 2

Truncated right: AND56 45 34 23 12 01: 6
Truncated left: C0 0: 2

Tentative from right
7 AND56
6 AND45
5 AND34
4 AND23
3 AND12
2 AND01
1 pending
0 pending

Tentative
0 C0
1 C0
2 AND01
3 AND12
4 AND23
5 AND34
6 AND45
7 AND56

Preferred from right
7 AND56
6 AND45
5 AND34
4 AND23
3 AND12
2 AND01
1 C0
0 C0

Preferred from left
0 C0
1 C0
2 AND01
3 AND12
4 AND23
5 AND34
6 AND45
7 AND56

Preferred
0 C0
1 C0
2 AND01
3 AND12
4 AND23
5 AND34
6 AND45
7 AND56

Matching
0 C0
1 C0
2 AND01
3 AND12
4 AND23
5 AND34
6 AND45
7 AND56

Perfect match
Identity no
NOT no
Constant no
AND no
OR no
XOR no
AND-NOT no
OR-NOT no
XOR-NOT no

Matched
0 C0
1 C0
2 AND01
3 AND12
4 AND23
5 AND34
6 AND45
7 AND56

Selected
0 C0
1 C0
2 AND01
3 AND12
4 AND23
5 AND34
6 AND45
7 AND56

Applying to 11101010
Input
0 1
1 1
2 1
3 0
4 1
5 0
6 1
7 0
Output
0 C0 = 0
1 C0 = 0
2 AND01 = AND(1,1) = 1
3 AND12 = AND(1,1) = 1
4 AND23 = AND(1,0) = 0
5 AND34 = AND(0,1) = 0
6 AND45 = AND(1,0) = 0
7 AND56 = AND(0,1) = 0

I will now return the answer in \boxed{}
The answer in \boxed{–} is \boxed{00110000}
[correct]
true
