[category]
bit_manipulation
[prompt]
In Alice's Wonderland, a secret bit manipulation rule transforms 8-bit binary numbers. The transformation involves operations like bit shifts, rotations, XOR, AND, OR, NOT, and possibly majority or choice functions.

Here are some examples of input -> output:
00001000 -> 00000000
10001011 -> 00000000
01011100 -> 00000101
11110011 -> 00001100
10100011 -> 00001000
01000111 -> 00000000
11000011 -> 00000000
00001010 -> 00000000
00001011 -> 00000000
10011100 -> 00000001

Now, determine the output for: 00010000
[completion]
We need to deduce the transformation by matching the example outputs.
I will put my final answer inside \boxed{}.

Output 0: 00000000
0 0
1 0
2 0
3 0
4 0
5 0
6 0
7 0

Output 1: 00000000
0 0
1 0
2 0
3 0
4 0
5 0
6 0
7 0

Output 2: 00000101
0 0
1 0
2 0
3 0
4 0
5 1
6 0
7 1

Output 3: 00001100
0 0
1 0
2 0
3 0
4 1
5 1
6 0
7 0

Output 4: 00001000
0 0
1 0
2 0
3 0
4 1
5 0
6 0
7 0

Output 5: 00000000
0 0
1 0
2 0
3 0
4 0
5 0
6 0
7 0

Output 6: 00000000
0 0
1 0
2 0
3 0
4 0
5 0
6 0
7 0

Output 7: 00000000
0 0
1 0
2 0
3 0
4 0
5 0
6 0
7 0

Output 8: 00000000
0 0
1 0
2 0
3 0
4 0
5 0
6 0
7 0

Output 9: 00000001
0 0
1 0
2 0
3 0
4 0
5 0
6 0
7 1

Output bit columns (with bitsum as hash)
0 0000000000 a
1 0000000000 a
2 0000000000 a
3 0000000000 a
4 0001100000 2
5 0011000000 2
6 0000000000 a
7 0010000001 2

Input 0: 00001000
0 0
1 0
2 0
3 0
4 1
5 0
6 0
7 0

Input 1: 10001011
0 1
1 0
2 0
3 0
4 1
5 0
6 1
7 1

Input 2: 01011100
0 0
1 1
2 0
3 1
4 1
5 1
6 0
7 0

Input 3: 11110011
0 1
1 1
2 1
3 1
4 0
5 0
6 1
7 1

Input 4: 10100011
0 1
1 0
2 1
3 0
4 0
5 0
6 1
7 1

Input 5: 01000111
0 0
1 1
2 0
3 0
4 0
5 1
6 1
7 1

Input 6: 11000011
0 1
1 1
2 0
3 0
4 0
5 0
6 1
7 1

Input 7: 00001010
0 0
1 0
2 0
3 0
4 1
5 0
6 1
7 0

Input 8: 00001011
0 0
1 0
2 0
3 0
4 1
5 0
6 1
7 1

Input 9: 10011100
0 1
1 0
2 0
3 1
4 1
5 1
6 0
7 0

When matching output
x: not in operator
y: wrong position

Identity
0 0101101001 5
1 0011011000 4
2 0001100000 2 match 4
3 0011000001 3
4 1110000111 6
5 0010010001 3
6 0101111110 7
7 0101111010 6

Matching output
0 absent
1 absent
2 absent
3 absent
4 2
5 absent
6 absent
7 absent

Left
none
Best: none

Right
none
Best: none

NOT
0 1010010110 5
1 1100100111 6
2 1110011111 8
3 1100111110 7
4 0001111000 4
5 1101101110 7
6 1010000001 3
7 1010000101 4

Matching output
0 absent
1 absent
2 absent
3 absent
4 absent
5 absent
6 absent
7 absent

Left
none
Best: none

Right
none
Best: none

Constant
0 0000000000 a match 0 1 2 3 6
1 1111111111 a

Matching output
0 C0
1 C0
2 C0
3 C0
4 absent
5 absent
6 C0
7 absent

Left
0 0 0 0
Best: C0 0 0 0: 4

Right
none
Best: none

AND
01 10 0001001000 2
12 21 0001000000 1
23 32 0001000000 1
34 43 0010000001 2 match 7
45 54 0010000001 2 match 7
56 65 0000010000 1
67 76 0101111010 6
70 07 0101101000 4

02 20 0001100000 2 match 4
13 31 0011000000 2 match 5
24 42 0000000000 a match 0 1 2 3 6
35 53 0010000001 2 match 7
46 64 0100000110 3
57 75 0000010000 1
60 06 0101101000 4
71 17 0001011000 3

03 30 0001000001 2
14 41 0010000000 1
25 52 0000000000 a match 0 1 2 3 6
36 63 0001000000 1
47 74 0100000010 2
50 05 0000000001 1
61 16 0001011000 3
72 27 0001100000 2 match 4

04 40 0100000001 2
15 51 0010010000 2
26 62 0001100000 2 match 4
37 73 0001000000 1

Matching output
0 24 42 25 52
1 24 42 25 52
2 24 42 25 52
3 24 42 25 52
4 02 20 72 27 26 62
5 13 31
6 24 42 25 52
7 34 43 45 54 35 53

Left
24 35y
42 53y
25 36x
52 63x
Best: AND24: 1

Right
34 23x
43 32x
45 34y
54 43y
35 24 13 02 71x
53 42 31 20 17x
Best: AND35 24 13 02: 4

OR
01 10 0111111001 7
12 21 0011111000 5
23 32 0011100001 4
34 43 1111000111 7
45 54 1110010111 7
56 65 0111111111 9
67 76 0101111110 7
70 07 0101111011 7

02 20 0101101001 5
13 31 0011011001 5
24 42 1111100111 8
35 53 0011010001 4
46 64 1111111111 a
57 75 0111111011 8
60 06 0101111111 8
71 17 0111111010 7

03 30 0111101001 6
14 41 1111011111 9
25 52 0011110001 5
36 63 0111111111 9
47 74 1111111111 a
50 05 0111111001 7
61 16 0111111110 8
72 27 0101111010 6

04 40 1111101111 9
15 51 0011011001 5
26 62 0101111110 7
37 73 0111111011 8

Matching output
0 absent
1 absent
2 absent
3 absent
4 absent
5 absent
6 absent
7 absent

Left
none
Best: none

Right
none
Best: none

XOR
01 10 0110110001 5
12 21 0010111000 4
23 32 0010100001 3
34 43 1101000110 5
45 54 1100010110 5
56 65 0111101111 8
67 76 0000000100 1
70 07 0000010011 3

02 20 0100001001 3
13 31 0000011001 3
24 42 1111100111 8
35 53 0001010000 2
46 64 1011111001 7
57 75 0111101011 7
60 06 0000010111 4
71 17 0110100010 4

03 30 0110101000 4
14 41 1101011111 8
25 52 0011110001 5
36 63 0110111111 8
47 74 1011111101 8
50 05 0111111000 6
61 16 0110100110 5
72 27 0100011010 4

04 40 1011101110 7
15 51 0001001001 3
26 62 0100011110 5
37 73 0110111011 7

Matching output
0 absent
1 absent
2 absent
3 absent
4 absent
5 absent
6 absent
7 absent

Left
none
Best: none

Right
none
Best: none

AND-NOT
01 0100100001 3
12 0010011000 3
23 0000100000 1
34 0001000000 1
45 1100000110 4
56 0010000001 2 match 7
67 0000000100 1
70 0000010010 2

02 0100001001 3
13 0000011000 2
24 0001100000 2 match 4
35 0001000000 1
46 1010000001 3
57 0010000001 2 match 7
60 0000010110 3
71 0100100010 3

03 0100101000 3
14 0001011000 3
25 0001100000 2 match 4
36 0010000001 2 match 7
47 1010000101 4
50 0010010000 2
61 0100100110 4
72 0100011010 4

04 0001101000 3
15 0001001000 2
26 0000000000 a match 0 1 2 3 6
37 0010000001 2 match 7
40 1010000110 4
51 0000000001 1
62 0100011110 5
73 0100111010 5

05 0101101000 4
16 0010000000 1
27 0000000000 a match 0 1 2 3 6
30 0010000000 1
41 1100000111 5
52 0010010001 3
63 0100111110 6
74 0001111000 4

06 0000000001 1
17 0010000000 1
20 0000000000 a match 0 1 2 3 6
31 0000000001 1
42 1110000111 6
53 0000010000 1
64 0001111000 4
75 0101101010 5

07 0000000001 1
10 0010010000 2
21 0000100000 1
32 0010000001 2 match 7
43 1100000110 4
54 0000010000 1
65 0101101110 6
76 0000000000 a match 0 1 2 3 6

Matching output
0 26 27 20 76
1 26 27 20 76
2 26 27 20 76
3 26 27 20 76
4 24 25
5 absent
6 26 27 20 76
7 56 57 36 37 32

Left
26 37y
27 30x
20 31x
76 07x
Best: AND-NOT26: 1

Right
56 45x
57 46x
36 25y
37 26 15x
32 21x
Best: AND-NOT37 26: 2

OR-NOT
01 1101101111 8
12 1111011111 9
23 1101111110 8
34 0011111001 6
45 1111101111 9
56 1010010001 4
67 1111111111 a
70 1111111110 9

02 1111111111 a
13 1111111110 9
24 0001111000 4
35 1111101111 9
46 1110000111 6
57 1010010101 5
60 1111111110 9
71 1101111111 9

03 1101111111 9
14 0011111000 5
25 1101101110 7
36 1011000001 4
47 1110000111 6
50 1010010111 6
61 1101111111 9
72 1111111111 a

04 0101111001 6
15 1111111110 9
26 1011100001 5
37 1011000101 5
40 1110010111 7
51 1110110111 8
62 1111111111 a
73 1101111110 8

05 1101101111 8
16 1011011001 6
27 1011100101 6
30 1011010111 7
41 1110100111 7
52 1110011111 8
63 1101111110 8
74 0101111010 6

06 1111101001 7
17 1011011101 7
20 1011110110 7
31 1111100111 8
42 1110011111 8
53 1110111111 9
64 0101111110 7
75 1101111110 8

07 1111101101 8
10 1011011110 7
21 1101100111 7
32 1111011111 9
43 1110111111 9
54 0011111001 6
65 1101111110 8
76 1111111011 9

Matching output
0 absent
1 absent
2 absent
3 absent
4 absent
5 absent
6 absent
7 absent

Left
none
Best: none

Right
none
Best: none

XOR-NOT
01 1001001110 5
12 1101000111 6
23 1101011110 7
34 0010111001 5
45 0011101001 5
56 1000010000 2
67 1111111011 9
70 1111101100 7

02 1011110110 7
13 1111100110 7
24 0000011000 2
35 1110101111 8
46 0100000110 3
57 1000010100 3
60 1111101000 6
71 1001011101 6

03 1001010111 6
14 0010100000 2
25 1100001110 5
36 1001000000 2
47 0100000010 2
50 1000000111 4
61 1001011001 5
72 1011100101 6

04 0100010001 3
15 1110110110 7
26 1011100001 5
37 1001000100 3
40 0100010001 3
51 1110110110 7
62 1011100001 5
73 1001000100 3

05 1000000111 4
16 1001011001 5
27 1011100101 6
30 1001010111 6
41 0010100000 2
52 1100001110 5
63 1001000000 2
74 0100000010 2

06 1111101000 6
17 1001011101 6
20 1011110110 7
31 1111100110 7
42 0000011000 2
53 1110101111 8
64 0100000110 3
75 1000010100 3

07 1111101100 7
10 1001001110 5
21 1101000111 6
32 1101011110 7
43 0010111001 5
54 0011101001 5
65 1000010000 2
76 1111111011 9

Matching output
0 absent
1 absent
2 absent
3 absent
4 absent
5 absent
6 absent
7 absent

Left
none
Best: none

Right
none
Best: none

Selecting

Lefts
Identity none
NOT none
Constant C0 0 0 0: 4
AND AND24: 1
OR none
XOR none
AND-NOT AND-NOT26: 1
OR-NOT none
XOR-NOT none

Rights
Identity none
NOT none
Constant none
AND AND35 24 13 02: 4
OR none
XOR none
AND-NOT AND-NOT37 26: 2
OR-NOT none
XOR-NOT none

Left longest: 4
Right longest: 4

Left winner: Identity no, NOT no, Constant yes, AND no, OR no, XOR no, AND-NOT no, OR-NOT no, XOR-NOT no
Right winner: Identity no, NOT no, Constant no, AND yes, OR no, XOR no, AND-NOT no, OR-NOT no, XOR-NOT no

Best left: C0 0 0 0: 4
Best right: AND35 24 13 02: 4

Truncated left: C0 0 0 0: 4
Truncated right: AND35 24 13 02: 4

Tentative from right
7 AND35
6 AND24
5 AND13
4 AND02
3 pending
2 pending
1 pending
0 pending

Tentative
0 C0
1 C0
2 C0
3 C0
4 AND02
5 AND13
6 AND24
7 AND35

Preferred from left
0 C0
1 C0
2 C0
3 C0
4 AND02
5 AND13
6 AND24
7 AND35

Preferred from right
7 AND35
6 AND24
5 AND13
4 AND02
3 C0
2 C0
1 C0
0 C0

Preferred
0 C0
1 C0
2 C0
3 C0
4 AND02
5 AND13
6 AND24
7 AND35

Matching
0 C0
1 C0
2 C0
3 C0
4 AND02
5 AND13
6 AND24
7 AND35

Perfect match
Identity no
NOT no
Constant no
AND no
OR no
XOR no
AND-NOT no
OR-NOT no
XOR-NOT no

Matched
0 C0
1 C0
2 C0
3 C0
4 AND02
5 AND13
6 AND24
7 AND35

Selected
0 C0
1 C0
2 C0
3 C0
4 AND02
5 AND13
6 AND24
7 AND35

Applying to 00010000
Input
0 0
1 0
2 0
3 1
4 0
5 0
6 0
7 0
Output
0 C0 = 0
1 C0 = 0
2 C0 = 0
3 C0 = 0
4 AND02 = AND(0,0) = 0
5 AND13 = AND(0,1) = 0
6 AND24 = AND(0,0) = 0
7 AND35 = AND(1,0) = 0

I will now return the answer in \boxed{}
The answer in \boxed{–} is \boxed{00000000}
[correct]
true
