[category]
bit_manipulation
[prompt]
In Alice's Wonderland, a secret bit manipulation rule transforms 8-bit binary numbers. The transformation involves operations like bit shifts, rotations, XOR, AND, OR, NOT, and possibly majority or choice functions.

Here are some examples of input -> output:
10100000 -> 01001010
00110100 -> 00101011
01001001 -> 00000110
10011001 -> 10101011
10111100 -> 10110011
11000011 -> 10111010
01000100 -> 11001100

Now, determine the output for: 01000110
[completion]
We need to deduce the transformation by matching the example outputs.
I will put my final answer inside \boxed{}.

Output 0: 01001010
0 0
1 1
2 0
3 0
4 1
5 0
6 1
7 0

Output 1: 00101011
0 0
1 0
2 1
3 0
4 1
5 0
6 1
7 1

Output 2: 00000110
0 0
1 0
2 0
3 0
4 0
5 1
6 1
7 0

Output 3: 10101011
0 1
1 0
2 1
3 0
4 1
5 0
6 1
7 1

Output 4: 10110011
0 1
1 0
2 1
3 1
4 0
5 0
6 1
7 1

Output 5: 10111010
0 1
1 0
2 1
3 1
4 1
5 0
6 1
7 0

Output 6: 11001100
0 1
1 1
2 0
3 0
4 1
5 1
6 0
7 0

Output bit columns (with bitsum as hash)
0 0001111 4
1 1000001 2
2 0101110 4
3 0000110 2
4 1101011 5
5 0010001 2
6 1111110 6
7 0101100 3

Input 0: 10100000
0 1
1 0
2 1
3 0
4 0
5 0
6 0
7 0

Input 1: 00110100
0 0
1 0
2 1
3 1
4 0
5 1
6 0
7 0

Input 2: 01001001
0 0
1 1
2 0
3 0
4 1
5 0
6 0
7 1

Input 3: 10011001
0 1
1 0
2 0
3 1
4 1
5 0
6 0
7 1

Input 4: 10111100
0 1
1 0
2 1
3 1
4 1
5 1
6 0
7 0

Input 5: 11000011
0 1
1 1
2 0
3 0
4 0
5 0
6 1
7 1

Input 6: 01000100
0 0
1 1
2 0
3 0
4 0
5 1
6 0
7 0

When matching output
x: not in operator
y: wrong position

Identity
0 1001110 4
1 0010011 3
2 1100100 3
3 0101100 3 match 7
4 0011100 3
5 0100101 3
6 0000010 1
7 0011010 3

Matching output
0 absent
1 absent
2 absent
3 absent
4 absent
5 absent
6 absent
7 3

Left
none
Best: none

Right
3 2x
Best: I3: 1

NOT
0 0110001 3
1 1101100 4
2 0011011 4
3 1010011 4
4 1100011 4
5 1011010 4
6 1111101 6
7 1100101 4

Matching output
0 absent
1 absent
2 absent
3 absent
4 absent
5 absent
6 absent
7 absent

Left
none
Best: none

Right
none
Best: none

Constant
0 0000000 a
1 1111111 a

Matching output
0 absent
1 absent
2 absent
3 absent
4 absent
5 absent
6 absent
7 absent

Left
none
Best: none

Right
none
Best: none

AND
01 10 0000010 1
12 21 0000000 a
23 32 0100100 2
34 43 0001100 2
45 54 0000100 1
56 65 0000000 a
67 76 0000010 1
70 07 0001010 2

02 20 1000100 2
13 31 0000000 a
24 42 0000100 1
35 53 0100100 2
46 64 0000000 a
57 75 0000000 a
60 06 0000010 1
71 17 0010010 2

03 30 0001100 2
14 41 0010000 1
25 52 0100100 2
36 63 0000000 a
47 74 0011000 2
50 05 0000100 1
61 16 0000010 1
72 27 0000000 a

04 40 0001100 2
15 51 0000001 1
26 62 0000000 a
37 73 0001000 1

Matching output
0 absent
1 absent
2 absent
3 absent
4 absent
5 absent
6 absent
7 absent

Left
none
Best: none

Right
none
Best: none

OR
01 10 1011111 6
12 21 1110111 6
23 32 1101100 4
34 43 0111100 4
45 54 0111101 5
56 65 0100111 4
67 76 0011010 3
70 07 1011110 5

02 20 1101110 5
13 31 0111111 6
24 42 1111100 5
35 53 0101101 4
46 64 0011110 4
57 75 0111111 6
60 06 1001110 4
71 17 0011011 4

03 30 1101110 5
14 41 0011111 5
25 52 1100101 4
36 63 0101110 4 match 2
47 74 0011110 4
50 05 1101111 6
61 16 0010011 3
72 27 1111110 6 match 6

04 40 1011110 5
15 51 0110111 5
26 62 1100110 4
37 73 0111110 5

Matching output
0 absent
1 absent
2 36 63
3 absent
4 absent
5 absent
6 72 27
7 absent

Left
none
Best: none

Right
none
Best: none

XOR
01 10 1011101 5
12 21 1110111 6
23 32 1001000 2
34 43 0110000 2
45 54 0111001 4
56 65 0100111 4
67 76 0011000 2
70 07 1010100 3

02 20 0101010 3
13 31 0111111 6
24 42 1111000 4
35 53 0001001 2
46 64 0011110 4
57 75 0111111 6
60 06 1001100 3
71 17 0001001 2

03 30 1100010 3
14 41 0001111 4 match 0
25 52 1000001 2 match 1
36 63 0101110 4 match 2
47 74 0000110 2 match 3
50 05 1101011 5 match 4
61 16 0010001 2 match 5
72 27 1111110 6 match 6

04 40 1010010 3
15 51 0110110 4
26 62 1100110 4
37 73 0110110 4

Matching output
0 14 41
1 25 52
2 36 63
3 47 74
4 50 05
5 61 16
6 72 27
7 absent

Left
14 25 36 47 50 61 72 03x
41 52 63 74 05 16 27 30x
Best: XOR14 25 36 47 50 61 72: 7

Right
none
Best: none

AND-NOT
01 1001100 3
12 0010011 3
23 1000000 1
34 0100000 1
45 0011000 2
56 0100101 3
67 0000000 a
70 0010000 1

02 0001010 2
13 0010011 3
24 1100000 2
35 0001000 1
46 0011100 3
57 0100101 3
60 0000000 a
71 0001000 1

03 1000010 2
14 0000011 2
25 1000000 1
36 0101100 3 match 7
47 0000100 1
50 0100001 2
61 0000000 a
72 0011010 3

04 1000010 2
15 0010010 2
26 1100100 3
37 0100100 2
40 0010000 1
51 0100100 2
62 0000010 1
73 0010010 2

05 1001010 3
16 0010001 2 match 5
27 1100100 3
30 0100000 1
41 0001100 2
52 0000001 1
63 0000010 1
74 0000010 1

06 1001100 3
17 0000001 1
20 0100000 1
31 0101100 3 match 7
42 0011000 2
53 0000001 1
64 0000010 1
75 0011010 3

07 1000100 2
10 0010001 2 match 5
21 1100100 3
32 0001000 1
43 0010000 1
54 0100001 2
65 0000010 1
76 0011000 2

Matching output
0 absent
1 absent
2 absent
3 absent
4 absent
5 16 10
6 absent
7 36 31

Left
none
Best: none

Right
36 25x
31 20x
Best: AND-NOT36: 1

OR-NOT
01 1101110 5
12 0011011 4
23 1110111 6
34 1101111 6
45 1011110 5
56 1111101 6
67 1100111 5
70 0111011 5

02 1011111 6
13 1010011 4
24 1100111 5
35 1111110 6 match 6
46 1111101 6
57 1100101 4
60 0110011 4
71 1111110 6 match 6

03 1011111 6
14 1110011 5
25 1111110 6 match 6
36 1111101 6
47 1111101 6
50 0110101 4
61 1101110 5
72 0011011 4

04 1101111 6
15 1011011 5
26 1111101 6
37 1101101 5
40 0111101 5
51 1101101 5
62 0011011 4
73 1011011 5

05 1011110 5
16 1111111 a
27 1100101 4
30 0111101 5
41 1111100 5
52 0111111 6
63 1010011 4
74 1111011 6

06 1111111 a
17 1110111 6
20 1110101 5
31 1101100 4
42 0011111 5
53 1110111 6
64 1100011 4
75 1011010 4

07 1101111 6
10 0110011 4
21 1101100 4
32 0111111 6
43 1011111 6
54 1100111 5
65 1011010 4
76 1111111 a

Matching output
0 absent
1 absent
2 absent
3 absent
4 absent
5 absent
6 35 71 25
7 absent

Left
none
Best: none

Right
none
Best: none

XOR-NOT
01 0100010 2
12 0001000 1
23 0110111 5
34 1001111 5
45 1000110 3
56 1011000 3
67 1100111 5
70 0101011 4

02 1010101 4
13 1000000 1
24 0000111 3
35 1110110 5
46 1100001 3
57 1000000 1
60 0110011 4
71 1110110 5

03 0011101 4
14 1110000 3
25 0111110 5
36 1010001 3
47 1111001 5
50 0010100 2
61 1101110 5
72 0000001 1

04 0101101 4
15 1001001 3
26 0011001 3
37 1001001 3
40 0101101 4
51 1001001 3
62 0011001 3
73 1001001 3

05 0010100 2
16 1101110 5
27 0000001 1
30 0011101 4
41 1110000 3
52 0111110 5
63 1010001 3
74 1111001 5

06 0110011 4
17 1110110 5
20 1010101 4
31 1000000 1
42 0000111 3
53 1110110 5
64 1100001 3
75 1000000 1

07 0101011 4
10 0100010 2
21 0001000 1
32 0110111 5
43 1001111 5
54 1000110 3
65 1011000 3
76 1100111 5

Matching output
0 absent
1 absent
2 absent
3 absent
4 absent
5 absent
6 absent
7 absent

Left
none
Best: none

Right
none
Best: none

Selecting

Lefts
Identity none
NOT none
Constant none
AND none
OR none
XOR XOR14 25 36 47 50 61 72: 7
AND-NOT none
OR-NOT none
XOR-NOT none

Rights
Identity I3: 1
NOT none
Constant none
AND none
OR none
XOR none
AND-NOT AND-NOT36: 1
OR-NOT none
XOR-NOT none

Left longest: 7
Right longest: 1

Left winner: Identity no, NOT no, Constant no, AND no, OR no, XOR yes, AND-NOT no, OR-NOT no, XOR-NOT no
Right winner: Identity yes, NOT no, Constant no, AND no, OR no, XOR no, AND-NOT no, OR-NOT no, XOR-NOT no

Best left: XOR14 25 36 47 50 61 72: 7
Best right: I3: 1

Truncated left: XOR14 25 36 47 50 61 72: 7
Truncated right: I3: 1

Tentative from right
7 I3
6 pending
5 pending
4 pending
3 pending
2 pending
1 pending
0 pending

Tentative
0 XOR14
1 XOR25
2 XOR36
3 XOR47
4 XOR50
5 XOR61
6 XOR72
7 I3

Preferred from left
0 XOR14
1 XOR25
2 XOR36
3 XOR47
4 XOR50
5 XOR61
6 XOR72
7 I3

Preferred from right
7 I3
6 XOR72
5 XOR61
4 XOR50
3 XOR47
2 XOR36
1 XOR25
0 XOR14

Preferred
0 XOR14
1 XOR25
2 XOR36
3 XOR47
4 XOR50
5 XOR61
6 XOR72
7 I3

Matching
0 XOR14
1 XOR25
2 XOR36
3 XOR47
4 XOR50
5 XOR61
6 XOR72
7 I3

Perfect match
Identity no
NOT no
Constant no
AND no
OR no
XOR no
AND-NOT no
OR-NOT no
XOR-NOT no

Matched
0 XOR14
1 XOR25
2 XOR36
3 XOR47
4 XOR50
5 XOR61
6 XOR72
7 I3

Selected
0 XOR14
1 XOR25
2 XOR36
3 XOR47
4 XOR50
5 XOR61
6 XOR72
7 I3

Applying to 01000110
Input
0 0
1 1
2 0
3 0
4 0
5 1
6 1
7 0
Output
0 XOR14 = XOR(1,0) = 1
1 XOR25 = XOR(0,1) = 1
2 XOR36 = XOR(0,1) = 1
3 XOR47 = XOR(0,0) = 0
4 XOR50 = XOR(1,0) = 1
5 XOR61 = XOR(1,1) = 0
6 XOR72 = XOR(0,0) = 0
7 I3 = 0

I will now return the answer in \boxed{}
The answer in \boxed{–} is \boxed{11101000}
[correct]
true
