[category]
bit_manipulation
[prompt]
In Alice's Wonderland, a secret bit manipulation rule transforms 8-bit binary numbers. The transformation involves operations like bit shifts, rotations, XOR, AND, OR, NOT, and possibly majority or choice functions.

Here are some examples of input -> output:
10100001 -> 00011110
11111000 -> 10011111
00101000 -> 10000111
11100011 -> 00111110
01001010 -> 10101101
00111110 -> 11100111
11010101 -> 01011111
01000010 -> 00101100
00011010 -> 10100011

Now, determine the output for: 10000101
[completion]
We need to deduce the transformation by matching the example outputs.
I will put my final answer inside \boxed{}.

Output 0: 00011110
0 0
1 0
2 0
3 1
4 1
5 1
6 1
7 0

Output 1: 10011111
0 1
1 0
2 0
3 1
4 1
5 1
6 1
7 1

Output 2: 10000111
0 1
1 0
2 0
3 0
4 0
5 1
6 1
7 1

Output 3: 00111110
0 0
1 0
2 1
3 1
4 1
5 1
6 1
7 0

Output 4: 10101101
0 1
1 0
2 1
3 0
4 1
5 1
6 0
7 1

Output 5: 11100111
0 1
1 1
2 1
3 0
4 0
5 1
6 1
7 1

Output 6: 01011111
0 0
1 1
2 0
3 1
4 1
5 1
6 1
7 1

Output 7: 00101100
0 0
1 0
2 1
3 0
4 1
5 1
6 0
7 0

Output 8: 10100011
0 1
1 0
2 1
3 0
4 0
5 0
6 1
7 1

Output bit columns (with bitsum as hash)
0 011011001 5
1 000001100 2
2 000111011 5
3 110100100 4
4 110110110 6
5 111111110 8
6 111101101 7
7 011011101 6

Input 0: 10100001
0 1
1 0
2 1
3 0
4 0
5 0
6 0
7 1

Input 1: 11111000
0 1
1 1
2 1
3 1
4 1
5 0
6 0
7 0

Input 2: 00101000
0 0
1 0
2 1
3 0
4 1
5 0
6 0
7 0

Input 3: 11100011
0 1
1 1
2 1
3 0
4 0
5 0
6 1
7 1

Input 4: 01001010
0 0
1 1
2 0
3 0
4 1
5 0
6 1
7 0

Input 5: 00111110
0 0
1 0
2 1
3 1
4 1
5 1
6 1
7 0

Input 6: 11010101
0 1
1 1
2 0
3 1
4 0
5 1
6 0
7 1

Input 7: 01000010
0 0
1 1
2 0
3 0
4 0
5 0
6 1
7 0

Input 8: 00011010
0 0
1 0
2 0
3 1
4 1
5 0
6 1
7 0

When matching output
x: not in operator
y: wrong position

Identity
0 110100100 4 match 3
1 010110110 5
2 111101000 5
3 010001101 4
4 011011001 5 match 0
5 000001100 2 match 1
6 000111011 5 match 2
7 100100100 3

Matching output
0 4
1 5
2 6
3 0
4 absent
5 absent
6 absent
7 absent

Left
4 5 6 7x
Best: I4 5 6: 3

Right
none
Best: none

NOT
0 001011011 5
1 101001001 4
2 000010111 4
3 101110010 5
4 100100110 4
5 111110011 7
6 111000100 4
7 011011011 6

Matching output
0 absent
1 absent
2 absent
3 absent
4 absent
5 absent
6 absent
7 absent

Left
none
Best: none

Right
none
Best: none

Constant
0 000000000 a
1 111111111 a

Matching output
0 absent
1 absent
2 absent
3 absent
4 absent
5 absent
6 absent
7 absent

Left
none
Best: none

Right
none
Best: none

AND
01 10 010100100 3
12 21 010100000 2
23 32 010001000 2
34 43 010001001 3
45 54 000001000 1
56 65 000001000 1
67 76 000100000 1
70 07 100100100 3

02 20 110100000 3
13 31 010000100 2
24 42 011001000 3
35 53 000001100 2 match 1
46 64 000011001 3
57 75 000000100 1
60 06 000100000 1
71 17 000100100 2

03 30 010000100 2
14 41 010010000 2
25 52 000001000 1
36 63 000001001 2
47 74 000000000 a
50 05 000000100 1
61 16 000110010 3
72 27 100100000 2

04 40 010000000 1
15 51 000000100 1
26 62 000101000 2
37 73 000000100 1

Matching output
0 absent
1 35 53
2 absent
3 absent
4 absent
5 absent
6 absent
7 absent

Left
none
Best: none

Right
none
Best: none

OR
01 10 110110110 6 match 4
12 21 111111110 8 match 5
23 32 111101101 7 match 6
34 43 011011101 6 match 7
45 54 011011101 6 match 7
56 65 000111111 6
67 76 100111111 7
70 07 110100100 4 match 3

02 20 111101100 6
13 31 010111111 7
24 42 111111001 7
35 53 010001101 4
46 64 011111011 7
57 75 100101100 4
60 06 110111111 8
71 17 110110110 6 match 4

03 30 110101101 6
14 41 011111111 8
25 52 111101100 6
36 63 010111111 7
47 74 111111101 8
50 05 110101100 5
61 16 010111111 7
72 27 111101100 6

04 40 111111101 8
15 51 010111110 6
26 62 111111011 8
37 73 110101101 6

Matching output
0 absent
1 absent
2 absent
3 70 07
4 01 10 71 17
5 12 21
6 23 32
7 34 43 45 54

Left
none
Best: none

Right
34 23 12 01 70 67x
43 32 21 10 07 76x
45 34y
54 43y
Best: OR34 23 12 01 70: 5

XOR
01 10 100010010 3
12 21 101011110 6
23 32 101100101 5
34 43 001010100 3
45 54 011010101 5
56 65 000110111 5
67 76 100011111 6
70 07 010000000 1

02 20 001001100 3
13 31 000111011 5 match 2
24 42 100110001 4
35 53 010000001 2
46 64 011100010 4
57 75 100101000 3
60 06 110011111 7
71 17 110010010 4

03 30 100101001 4
14 41 001101111 6
25 52 111100100 5
36 63 010110110 5
47 74 111111101 8
50 05 110101000 4
61 16 010001101 4
72 27 011001100 4

04 40 101111101 7
15 51 010111010 5
26 62 111010011 6
37 73 110101001 5

Matching output
0 absent
1 absent
2 13 31
3 absent
4 absent
5 absent
6 absent
7 absent

Left
none
Best: none

Right
none
Best: none

AND-NOT
01 100000000 1
12 000010110 3
23 101100000 3
34 000000100 1
45 011010001 4
56 000000100 1
67 000011011 4
70 000000000 a

02 000000100 1
13 000110010 3
24 100100000 2
35 010000001 2
46 011000000 2
57 000001000 1
60 000011011 4
71 100000000 1

03 100100000 2
14 000100110 3
25 111100000 4
36 010000100 2
47 011011001 5 match 0
50 000001000 1
61 000001001 2
72 000000100 1

04 100100100 3
15 010110010 4
26 111000000 3
37 010001001 3
40 001011001 4
51 000001000 1
62 000010011 3
73 100100000 2

05 110100000 3
16 010000100 2
27 011001000 3
30 000001001 2
41 001001001 3
52 000000100 1
63 000110010 3
74 100100100 3

06 110000100 3
17 010010010 3
20 001001000 2
31 000001001 2
42 000010001 2
53 000000000 a
64 000100010 2
75 100100000 2

07 010000000 1
10 000010010 2
21 101001000 3
32 000000101 2
43 001010000 2
54 000000100 1
65 000110011 4
76 100000100 2

Matching output
0 47
1 absent
2 absent
3 absent
4 absent
5 absent
6 absent
7 absent

Left
47 50x
Best: AND-NOT47: 1

Right
none
Best: none

OR-NOT
01 111101101 7 match 6
12 010110111 6
23 111111010 7
34 110101111 7
45 111111011 8
56 111001100 5
67 011111011 7
70 101111111 8

02 110110111 7
13 111110110 7
24 111101110 7
35 111111111 a
46 111011101 7
57 011011111 7
60 001111011 6
71 101101101 6

03 111110110 7
14 110110110 6 match 4
25 111111011 8
36 111001101 6
47 011011011 6
50 001011111 6
61 101111011 7
72 100110111 6

04 110100110 5
15 111110111 8
26 111101100 6
37 011011111 7
40 011011011 6
51 101001101 5
62 000111111 6
73 101110110 6

05 111110111 8
16 111110110 7
27 111111011 8
30 011011111 7
41 111011001 6
52 000011111 5
63 101111011 7
74 100100110 4

06 111100100 5
17 011111111 8
20 111111011 8
31 111001101 6
42 011011111 7
53 101111110 7
64 100111111 7
75 111110111 8

07 111111111 a
10 011111111 8
21 111101001 6
32 010011111 6
43 111111011 8
54 100101110 5
65 111111011 8
76 111100100 5

Matching output
0 absent
1 absent
2 absent
3 absent
4 14
5 absent
6 01
7 absent

Left
none
Best: none

Right
none
Best: none

XOR-NOT
01 011101101 6
12 010100001 3
23 010011010 4
34 110101011 6
45 100101010 4
56 111001000 4
67 011100000 3
70 101111111 8

02 110110011 6
13 111000100 4
24 011001110 5
35 101111110 7
46 100011101 5
57 011010111 6
60 001100000 2
71 001101101 5

03 011010110 5
14 110010000 3
25 000011011 4
36 101001001 4
47 000000010 1
50 001010111 5
61 101110010 5
72 100110011 5

04 010000010 2
15 101000101 4
26 000101100 3
37 001010110 4
40 010000010 2
51 101000101 4
62 000101100 3
73 001010110 4

05 001010111 5
16 101110010 5
27 100110011 5
30 011010110 5
41 110010000 3
52 000011011 4
63 101001001 4
74 000000010 1

06 001100000 2
17 001101101 5
20 110110011 6
31 111000100 4
42 011001110 5
53 101111110 7
64 100011101 5
75 011010111 6

07 101111111 8
10 011101101 6
21 010100001 3
32 010011010 4
43 110101011 6
54 100101010 4
65 111001000 4
76 011100000 3

Matching output
0 absent
1 absent
2 absent
3 absent
4 absent
5 absent
6 absent
7 absent

Left
none
Best: none

Right
none
Best: none

Selecting

Lefts
Identity I4 5 6: 3
NOT none
Constant none
AND none
OR none
XOR none
AND-NOT AND-NOT47: 1
OR-NOT none
XOR-NOT none

Rights
Identity none
NOT none
Constant none
AND none
OR OR34 23 12 01 70: 5
XOR none
AND-NOT none
OR-NOT none
XOR-NOT none

Left longest: 3
Right longest: 5

Right winner: Identity no, NOT no, Constant no, AND no, OR yes, XOR no, AND-NOT no, OR-NOT no, XOR-NOT no
Left winner: Identity yes, NOT no, Constant no, AND no, OR no, XOR no, AND-NOT no, OR-NOT no, XOR-NOT no

Best right: OR34 23 12 01 70: 5
Best left: I4 5 6: 3

Truncated right: OR34 23 12 01 70: 5
Truncated left: I4 5 6: 3

Tentative from right
7 OR34
6 OR23
5 OR12
4 OR01
3 OR70
2 pending
1 pending
0 pending

Tentative
0 I4
1 I5
2 I6
3 OR70
4 OR01
5 OR12
6 OR23
7 OR34

Preferred from right
7 OR34
6 OR23
5 OR12
4 OR01
3 OR70
2 I6
1 I5
0 I4

Preferred from left
0 I4
1 I5
2 I6
3 OR70
4 OR01
5 OR12
6 OR23
7 OR34

Preferred
0 I4
1 I5
2 I6
3 OR70
4 OR01
5 OR12
6 OR23
7 OR34

Matching
0 I4
1 I5
2 I6
3 OR70
4 OR01
5 OR12
6 OR23
7 OR34

Perfect match
Identity no
NOT no
Constant no
AND no
OR no
XOR no
AND-NOT no
OR-NOT no
XOR-NOT no

Matched
0 I4
1 I5
2 I6
3 OR70
4 OR01
5 OR12
6 OR23
7 OR34

Selected
0 I4
1 I5
2 I6
3 OR70
4 OR01
5 OR12
6 OR23
7 OR34

Applying to 10000101
Input
0 1
1 0
2 0
3 0
4 0
5 1
6 0
7 1
Output
0 I4 = 0
1 I5 = 1
2 I6 = 0
3 OR70 = OR(1,1) = 1
4 OR01 = OR(1,0) = 1
5 OR12 = OR(0,0) = 0
6 OR23 = OR(0,0) = 0
7 OR34 = OR(0,0) = 0

I will now return the answer in \boxed{}
The answer in \boxed{–} is \boxed{01011000}
[correct]
true
