[category]
bit_manipulation
[prompt]
In Alice's Wonderland, a secret bit manipulation rule transforms 8-bit binary numbers. The transformation involves operations like bit shifts, rotations, XOR, AND, OR, NOT, and possibly majority or choice functions.

Here are some examples of input -> output:
01010011 -> 01101001
01101110 -> 10110111
10110101 -> 10011010
11000100 -> 01100010
10010110 -> 11001011
00011110 -> 10001111
11000010 -> 11100001
10100011 -> 00010001
00011010 -> 10001101

Now, determine the output for: 01100111
[completion]
We need to deduce the transformation by matching the example outputs.
I will put my final answer inside \boxed{}.

Output 0: 01101001
0 0
1 1
2 1
3 0
4 1
5 0
6 0
7 1

Output 1: 10110111
0 1
1 0
2 1
3 1
4 0
5 1
6 1
7 1

Output 2: 10011010
0 1
1 0
2 0
3 1
4 1
5 0
6 1
7 0

Output 3: 01100010
0 0
1 1
2 1
3 0
4 0
5 0
6 1
7 0

Output 4: 11001011
0 1
1 1
2 0
3 0
4 1
5 0
6 1
7 1

Output 5: 10001111
0 1
1 0
2 0
3 0
4 1
5 1
6 1
7 1

Output 6: 11100001
0 1
1 1
2 1
3 0
4 0
5 0
6 0
7 1

Output 7: 00010001
0 0
1 0
2 0
3 1
4 0
5 0
6 0
7 1

Output 8: 10001101
0 1
1 0
2 0
3 0
4 1
5 1
6 0
7 1

Output bit columns (with bitsum as hash)
0 011011101 6
1 100110100 4
2 110100100 4
3 011000010 3
4 101011001 5
5 010001001 3
6 011111000 5
7 110011111 7

Input 0: 01010011
0 0
1 1
2 0
3 1
4 0
5 0
6 1
7 1

Input 1: 01101110
0 0
1 1
2 1
3 0
4 1
5 1
6 1
7 0

Input 2: 10110101
0 1
1 0
2 1
3 1
4 0
5 1
6 0
7 1

Input 3: 11000100
0 1
1 1
2 0
3 0
4 0
5 1
6 0
7 0

Input 4: 10010110
0 1
1 0
2 0
3 1
4 0
5 1
6 1
7 0

Input 5: 00011110
0 0
1 0
2 0
3 1
4 1
5 1
6 1
7 0

Input 6: 11000010
0 1
1 1
2 0
3 0
4 0
5 0
6 1
7 0

Input 7: 10100011
0 1
1 0
2 1
3 0
4 0
5 0
6 1
7 1

Input 8: 00011010
0 0
1 0
2 0
3 1
4 1
5 0
6 1
7 0

When matching output
x: not in operator
y: wrong position

Identity
0 001110110 5
1 110100100 4 match 2
2 011000010 3 match 3
3 101011001 5 match 4
4 010001001 3 match 5
5 011111000 5 match 6
6 110011111 7 match 7
7 101000010 3

Matching output
0 absent
1 absent
2 1
3 2
4 3
5 4
6 5
7 6

Left
none
Best: none

Right
6 5 4 3 2 1 0x
Best: I6 5 4 3 2 1: 6

NOT
0 110001001 4
1 001011011 5
2 100111101 6
3 010100110 4
4 101110110 6
5 100000111 4
6 001100000 2
7 010111101 6

Matching output
0 absent
1 absent
2 absent
3 absent
4 absent
5 absent
6 absent
7 absent

Left
none
Best: none

Right
none
Best: none

Constant
0 000000000 a
1 111111111 a

Matching output
0 absent
1 absent
2 absent
3 absent
4 absent
5 absent
6 absent
7 absent

Left
none
Best: none

Right
none
Best: none

AND
01 10 000100100 2
12 21 010000000 1
23 32 001000000 1
34 43 000001001 2
45 54 010001000 2
56 65 010011000 3
67 76 100000010 2
70 07 001000010 2

02 20 001000010 2
13 31 100000000 1
24 42 010000000 1
35 53 001011000 3
46 64 010001001 3 match 5
57 75 001000000 1
60 06 000010110 3
71 17 100000000 1

03 30 001010000 2
14 41 010000000 1
25 52 011000000 2
36 63 100011001 4
47 74 000000000 a
50 05 001110000 3
61 16 110000100 3
72 27 001000010 2

04 40 000000000 a
15 51 010100000 2
26 62 010000010 2
37 73 101000000 2

Matching output
0 absent
1 absent
2 absent
3 absent
4 absent
5 46 64
6 absent
7 absent

Left
none
Best: none

Right
none
Best: none

OR
01 10 111110110 7
12 21 111100110 6
23 32 111011011 7
34 43 111011001 6
45 54 011111001 6
56 65 111111111 a
67 76 111011111 8
70 07 101110110 6

02 20 011110110 6
13 31 111111101 8
24 42 011001011 5
35 53 111111001 7
46 64 110011111 7 match 7
57 75 111111010 7
60 06 111111111 a
71 17 111100110 6

03 30 101111111 8
14 41 110101101 6
25 52 011111010 6
36 63 111011111 8
47 74 111001011 6
50 05 011111110 7
61 16 110111111 8
72 27 111000010 4

04 40 011111111 8
15 51 111111100 7
26 62 111011111 8
37 73 101011011 6

Matching output
0 absent
1 absent
2 absent
3 absent
4 absent
5 absent
6 absent
7 46 64

Left
none
Best: none

Right
46 35x
64 53x
Best: OR46: 1

XOR
01 10 111010010 5
12 21 101100110 5
23 32 110011011 6
34 43 111010000 4
45 54 001110001 4
56 65 101100111 6
67 76 011011101 6 match 0
70 07 100110100 4 match 1

02 20 010110100 4
13 31 011111101 7
24 42 001001011 4
35 53 110100001 4
46 64 100010110 4
57 75 110111010 6
60 06 111101001 6
71 17 011100110 5

03 30 100101111 6
14 41 100101101 5
25 52 000111010 4
36 63 011000110 4
47 74 111001011 6
50 05 010001110 4
61 16 000111011 5
72 27 110000000 2

04 40 011111111 8
15 51 101011100 5
26 62 101011101 6
37 73 000011011 4

Matching output
0 67 76
1 70 07
2 absent
3 absent
4 absent
5 absent
6 absent
7 absent

Left
67 70 01x
76 07 10x
Best: XOR67 70: 2

Right
none
Best: none

AND-NOT
01 001010010 3
12 100100100 3
23 010000010 2
34 101010000 3
45 000000001 1
56 001100000 2
67 010011101 5
70 100000000 1

02 000110100 3
13 010100100 3
24 001000010 2
35 100000001 2
46 000000000 a
57 010111000 4
60 110001001 4
71 001000010 2

03 000100110 3
14 100100100 3
25 000000010 1
36 001000000 1
47 010001001 3 match 5
50 010001000 2
61 000011011 4
72 100000000 1

04 001110110 5
15 100000100 2
26 001000000 1
37 000011001 3
40 010001001 3 match 5
51 001011000 3
62 100011101 5
73 000000010 1

05 000000110 2
16 000100000 1
27 010000000 1
30 100001001 3
41 000001001 2
52 000111000 3
63 010000110 3
74 101000010 3

06 001100000 2
17 010100100 3
20 010000000 1
31 001011001 4
42 000001001 2
53 010100000 2
64 100010110 4
75 100000010 2

07 000110100 3
10 110000000 2
21 001000010 2
32 100011001 4
43 010000000 1
54 001110000 3
65 100000111 4
76 001000000 1

Matching output
0 absent
1 absent
2 absent
3 absent
4 absent
5 47 40
6 absent
7 absent

Left
none
Best: none

Right
none
Best: none

OR-NOT
01 001111111 7
12 110111101 7
23 011100110 5
34 101111111 8
45 110001111 6
56 011111000 5 match 6
67 110111111 8
70 111001011 6

02 101111111 8
13 110100110 5
24 111110110 7
35 101011111 7
46 011101001 5
57 011111101 7
60 110011111 7 match 7
71 101011011 6

03 011110110 6
14 111110110 7
25 111000111 6
36 101111001 6
47 010111101 6
50 111111001 7
61 111011111 8
72 101111111 8

04 101110110 6
15 110100111 6
26 011100010 4
37 111111101 8
40 110001001 4
51 011111011 7
62 110111111 8
73 111100110 6

05 101110111 7
16 111100100 5
27 011111111 8
30 111011001 6
41 011011011 6
52 111111101 8
63 110111111 8
74 101110110 6

06 001110110 5
17 110111101 7
20 111001011 6
31 101011011 6
42 110111101 7
53 011111110 7
64 111111111 a
75 101000111 5

07 011111111 8
10 110101101 6
21 011011011 6
32 101111101 7
43 010101111 6
54 111111110 8
65 110011111 7 match 7
76 101100010 4

Matching output
0 absent
1 absent
2 absent
3 absent
4 absent
5 absent
6 56
7 60 65

Left
none
Best: none

Right
60 57x
65 54x
Best: OR-NOT60: 1

XOR-NOT
01 000101101 4
12 010011001 4
23 001100100 3
34 000101111 5
45 110001110 5
56 010011000 3
67 100100010 3
70 011001011 5

02 101001011 5
13 100000010 2
24 110110100 5
35 001011110 5
46 011101001 5
57 001000101 3
60 000010110 3
71 100011001 4

03 011010000 3
14 011010010 4
25 111000101 5
36 100111001 5
47 000110100 3
50 101110001 5
61 111000100 4
72 001111111 7

04 100000000 1
15 010100011 4
26 010100010 3
37 111100100 5
40 100000000 1
51 010100011 4
62 010100010 3
73 111100100 5

05 101110001 5
16 111000100 4
27 001111111 7
30 011010000 3
41 011010010 4
52 111000101 5
63 100111001 5
74 000110100 3

06 000010110 3
17 100011001 4
20 101001011 5
31 100000010 2
42 110110100 5
53 001011110 5
64 011101001 5
75 001000101 3

07 011001011 5
10 000101101 4
21 010011001 4
32 001100100 3
43 000101111 5
54 110001110 5
65 010011000 3
76 100100010 3

Matching output
0 absent
1 absent
2 absent
3 absent
4 absent
5 absent
6 absent
7 absent

Left
none
Best: none

Right
none
Best: none

Selecting

Lefts
Identity none
NOT none
Constant none
AND none
OR none
XOR XOR67 70: 2
AND-NOT none
OR-NOT none
XOR-NOT none

Rights
Identity I6 5 4 3 2 1: 6
NOT none
Constant none
AND none
OR OR46: 1
XOR none
AND-NOT none
OR-NOT OR-NOT60: 1
XOR-NOT none

Left longest: 2
Right longest: 6

Right winner: Identity yes, NOT no, Constant no, AND no, OR no, XOR no, AND-NOT no, OR-NOT no, XOR-NOT no
Left winner: Identity no, NOT no, Constant no, AND no, OR no, XOR yes, AND-NOT no, OR-NOT no, XOR-NOT no

Best right: I6 5 4 3 2 1: 6
Best left: XOR67 70: 2

Truncated right: I6 5 4 3 2 1: 6
Truncated left: XOR67 70: 2

Tentative from right
7 I6
6 I5
5 I4
4 I3
3 I2
2 I1
1 pending
0 pending

Tentative
0 XOR67
1 XOR70
2 I1
3 I2
4 I3
5 I4
6 I5
7 I6

Preferred from right
7 I6
6 I5
5 I4
4 I3
3 I2
2 I1
1 XOR70
0 XOR67

Preferred from left
0 XOR67
1 XOR70
2 I1
3 I2
4 I3
5 I4
6 I5
7 I6

Preferred
0 XOR67
1 XOR70
2 I1
3 I2
4 I3
5 I4
6 I5
7 I6

Matching
0 XOR67
1 XOR70
2 I1
3 I2
4 I3
5 I4
6 I5
7 I6

Perfect match
Identity no
NOT no
Constant no
AND no
OR no
XOR no
AND-NOT no
OR-NOT no
XOR-NOT no

Matched
0 XOR67
1 XOR70
2 I1
3 I2
4 I3
5 I4
6 I5
7 I6

Selected
0 XOR67
1 XOR70
2 I1
3 I2
4 I3
5 I4
6 I5
7 I6

Applying to 01100111
Input
0 0
1 1
2 1
3 0
4 0
5 1
6 1
7 1
Output
0 XOR67 = XOR(1,1) = 0
1 XOR70 = XOR(1,0) = 1
2 I1 = 1
3 I2 = 1
4 I3 = 0
5 I4 = 0
6 I5 = 1
7 I6 = 1

I will now return the answer in \boxed{}
The answer in \boxed{–} is \boxed{01110011}
[correct]
true
