[category]
bit_manipulation
[prompt]
In Alice's Wonderland, a secret bit manipulation rule transforms 8-bit binary numbers. The transformation involves operations like bit shifts, rotations, XOR, AND, OR, NOT, and possibly majority or choice functions.

Here are some examples of input -> output:
00101000 -> 01010100
10101010 -> 01010101
00011010 -> 11011101
11111011 -> 11111101
00010001 -> 10001000
10010100 -> 11101010
00101011 -> 11011101
01101000 -> 01110100

Now, determine the output for: 00100100
[completion]
We need to deduce the transformation by matching the example outputs.
I will put my final answer inside \boxed{}.

Output 0: 01010100
0 0
1 1
2 0
3 1
4 0
5 1
6 0
7 0

Output 1: 01010101
0 0
1 1
2 0
3 1
4 0
5 1
6 0
7 1

Output 2: 11011101
0 1
1 1
2 0
3 1
4 1
5 1
6 0
7 1

Output 3: 11111101
0 1
1 1
2 1
3 1
4 1
5 1
6 0
7 1

Output 4: 10001000
0 1
1 0
2 0
3 0
4 1
5 0
6 0
7 0

Output 5: 11101010
0 1
1 1
2 1
3 0
4 1
5 0
6 1
7 0

Output 6: 11011101
0 1
1 1
2 0
3 1
4 1
5 1
6 0
7 1

Output 7: 01110100
0 0
1 1
2 1
3 1
4 0
5 1
6 0
7 0

Output bit columns (with bitsum as hash)
0 00111110 5
1 11110111 7
2 00010101 3
3 11110011 6
4 00111110 5
5 11110011 6
6 00000100 1
7 01110010 4

Input 0: 00101000
0 0
1 0
2 1
3 0
4 1
5 0
6 0
7 0

Input 1: 10101010
0 1
1 0
2 1
3 0
4 1
5 0
6 1
7 0

Input 2: 00011010
0 0
1 0
2 0
3 1
4 1
5 0
6 1
7 0

Input 3: 11111011
0 1
1 1
2 1
3 1
4 1
5 0
6 1
7 1

Input 4: 00010001
0 0
1 0
2 0
3 1
4 0
5 0
6 0
7 1

Input 5: 10010100
0 1
1 0
2 0
3 1
4 0
5 1
6 0
7 0

Input 6: 00101011
0 0
1 0
2 1
3 0
4 1
5 0
6 1
7 1

Input 7: 01101000
0 0
1 1
2 1
3 0
4 1
5 0
6 0
7 0

When matching output
x: not in operator
y: wrong position

Identity
0 01010100 3
1 00010001 2
2 11010011 5
3 00111100 4
4 11110011 6 match 3 5
5 00000100 1 match 6
6 01110010 4 match 7
7 00011010 3

Matching output
0 absent
1 absent
2 absent
3 4
4 absent
5 4
6 5
7 6

Left
none
Best: none

Right
6 5 4 3x
Best: I6 5 4: 3

NOT
0 10101011 5
1 11101110 6
2 00101100 3
3 11000011 4
4 00001100 2
5 11111011 7
6 10001101 4
7 11100101 5

Matching output
0 absent
1 absent
2 absent
3 absent
4 absent
5 absent
6 absent
7 absent

Left
none
Best: none

Right
none
Best: none

Constant
0 00000000 a
1 11111111 a

Matching output
0 absent
1 absent
2 absent
3 absent
4 absent
5 absent
6 absent
7 absent

Left
none
Best: none

Right
none
Best: none

AND
01 10 00010000 1
12 21 00010001 2
23 32 00010000 1
34 43 00110000 2
45 54 00000000 a
56 65 00000000 a
67 76 00010010 2
70 07 00010000 1

02 20 01010000 2
13 31 00010000 1
24 42 11010011 5
35 53 00000100 1 match 6
46 64 01110010 4 match 7
57 75 00000000 a
60 06 01010000 2
71 17 00010000 1

03 30 00010100 2
14 41 00010001 2
25 52 00000000 a
36 63 00110000 2
47 74 00010010 2
50 05 00000100 1 match 6
61 16 00010000 1
72 27 00010010 2

04 40 01010000 2
15 51 00000000 a
26 62 01010010 3
37 73 00011000 2

Matching output
0 absent
1 absent
2 absent
3 absent
4 absent
5 absent
6 35 53 50 05
7 46 64

Left
none
Best: none

Right
46 35 24x
64 53 42x
Best: AND46 35: 2

OR
01 10 01010101 4
12 21 11010011 5
23 32 11111111 a
34 43 11111111 a
45 54 11110111 7 match 1
56 65 01110110 5
67 76 01111010 5
70 07 01011110 5

02 20 11010111 6
13 31 00111101 5
24 42 11110011 6 match 3 5
35 53 00111100 4
46 64 11110011 6 match 3 5
57 75 00011110 4
60 06 01110110 5
71 17 00011011 4

03 30 01111100 5
14 41 11110011 6 match 3 5
25 52 11010111 6
36 63 01111110 6
47 74 11111011 7
50 05 01010100 3
61 16 01110011 5
72 27 11011011 6

04 40 11110111 7 match 1
15 51 00010101 3 match 2
26 62 11110011 6 match 3 5
37 73 00111110 5 match 0 4

Matching output
0 37 73
1 45 54 04 40
2 15 51
3 24 42 46 64 14 41 26 62
4 37 73
5 24 42 46 64 14 41 26 62
6 absent
7 absent

Left
37 40 51 62 73 04y
73 04 15 26 37 40y
Best: OR37 40 51 62 73: 5

Right
none
Best: none

XOR
01 10 01000101 3
12 21 11000010 3
23 32 11101111 7
34 43 11001111 6
45 54 11110111 7 match 1
56 65 01110110 5
67 76 01101000 3
70 07 01001110 4

02 20 10000111 4
13 31 00101101 4
24 42 00100000 1
35 53 00111000 3
46 64 10000001 2
57 75 00011110 4
60 06 00100110 3
71 17 00001011 3

03 30 01101000 3
14 41 11100010 4
25 52 11010111 6
36 63 01001110 4
47 74 11101001 5
50 05 01010000 2
61 16 01100011 4
72 27 11001001 4

04 40 10100111 5
15 51 00010101 3 match 2
26 62 10100001 3
37 73 00100110 3

Matching output
0 absent
1 45 54
2 15 51
3 absent
4 absent
5 absent
6 absent
7 absent

Left
none
Best: none

Right
none
Best: none

AND-NOT
01 01000100 2
12 00000000 a
23 11000011 4
34 00001100 2
45 11110011 6 match 3 5
56 00000100 1 match 6
67 01100000 2
70 00001010 2

02 00000100 1 match 6
13 00000001 1
24 00000000 a
35 00111000 3
46 10000001 2
57 00000100 1 match 6
60 00100010 2
71 00001010 2

03 01000000 1
14 00000000 a
25 11010011 5
36 00001100 2
47 11100001 4
50 00000000 a
61 01100010 3
72 00001000 1

04 00000100 1 match 6
15 00010001 2
26 10000001 2
37 00100100 2
40 10100011 4
51 00000100 1 match 6
62 00100000 1
73 00000010 1

05 01010000 2
16 00000001 1
27 11000001 3
30 00101000 2
41 11100010 4
52 00000100 1 match 6
63 01000010 2
74 00001000 1

06 00000100 1 match 6
17 00000001 1
20 10000011 3
31 00101100 3
42 00100000 1
53 00000000 a
64 00000000 a
75 00011010 3

07 01000100 2
10 00000001 1
21 11000010 3
32 00101100 3
43 11000011 4
54 00000100 1 match 6
65 01110010 4 match 7
76 00001000 1

Matching output
0 absent
1 absent
2 absent
3 45
4 absent
5 45
6 56 02 57 04 51 52 06 54
7 65

Left
none
Best: none

Right
65 54 43x
Best: AND-NOT65 54: 2

OR-NOT
01 11111110 7
12 00111101 5
23 11010011 5
34 00111100 4
45 11111011 7
56 10001101 4
67 11110111 7 match 1
70 10111011 6

02 01111100 5
13 11010011 5
24 11011111 7
35 11111111 a
46 11111111 a
57 11100101 5
60 11111011 7
71 11111110 7

03 11010111 6
14 00011101 4
25 11111011 7
36 10111101 6
47 11110111 7 match 1
50 10101111 6
61 11111110 7
72 00111110 5 match 0 4

04 01011100 4
15 11111011 7
26 11011111 7
37 11111101 7
40 11111011 7
51 11101110 6
62 01111110 6
73 11011011 6

05 11111111 a
16 10011101 5
27 11110111 7 match 1
30 10111111 7
41 11111111 a
52 00101100 3
63 11110011 6 match 3 5
74 00011110 4

06 11011101 6
17 11110101 6
20 11111011 7
31 11111110 7
42 11111111 a
53 11000111 5
64 01111110 6
75 11111011 7

07 11110101 6
10 10111011 6
21 11111111 a
32 00111100 4
43 11110011 6 match 3 5
54 00001100 2
65 11111011 7
76 10011111 6

Matching output
0 72
1 67 47 27
2 absent
3 63 43
4 72
5 63 43
6 absent
7 absent

Left
72 03x
Best: OR-NOT72: 1

Right
none
Best: none

XOR-NOT
01 10111010 5
12 00111101 5
23 00010000 1
34 00110000 2
45 00001000 1
56 10001001 3
67 10010111 5
70 10110001 4

02 01111000 4
13 11010010 4
24 11011111 7
35 11000111 5
46 01111110 6
57 11100001 4
60 11011001 5
71 11110100 5

03 10010111 5
14 00011101 4
25 00101000 2
36 10110001 4
47 00010110 3
50 10101111 6
61 10011100 4
72 00110110 4

04 01011000 3
15 11101010 5
26 01011110 5
37 11011001 5
40 01011000 3
51 11101010 5
62 01011110 5
73 11011001 5

05 10101111 6
16 10011100 4
27 00110110 4
30 10010111 5
41 00011101 4
52 00101000 2
63 10110001 4
74 00010110 3

06 11011001 5
17 11110100 5
20 01111000 4
31 11010010 4
42 11011111 7
53 11000111 5
64 01111110 6
75 11100001 4

07 10110001 4
10 10111010 5
21 00111101 5
32 00010000 1
43 00110000 2
54 00001000 1
65 10001001 3
76 10010111 5

Matching output
0 absent
1 absent
2 absent
3 absent
4 absent
5 absent
6 absent
7 absent

Left
none
Best: none

Right
none
Best: none

Selecting

Lefts
Identity none
NOT none
Constant none
AND none
OR OR37 40 51 62 73: 5
XOR none
AND-NOT none
OR-NOT OR-NOT72: 1
XOR-NOT none

Rights
Identity I6 5 4: 3
NOT none
Constant none
AND AND46 35: 2
OR none
XOR none
AND-NOT AND-NOT65 54: 2
OR-NOT none
XOR-NOT none

Left longest: 5
Right longest: 3

Left winner: Identity no, NOT no, Constant no, AND no, OR yes, XOR no, AND-NOT no, OR-NOT no, XOR-NOT no
Right winner: Identity yes, NOT no, Constant no, AND no, OR no, XOR no, AND-NOT no, OR-NOT no, XOR-NOT no

Best left: OR37 40 51 62 73: 5
Best right: I6 5 4: 3

Truncated left: OR37 40 51 62 73: 5
Truncated right: I6 5 4: 3

Tentative from right
7 I6
6 I5
5 I4
4 pending
3 pending
2 pending
1 pending
0 pending

Tentative
0 OR37
1 OR40
2 OR51
3 OR62
4 OR73
5 I4
6 I5
7 I6

Preferred from left
0 OR37
1 OR40
2 OR51
3 OR62
4 OR73
5 I4
6 I5
7 I6

Preferred from right
7 I6
6 I5
5 I4
4 OR73
3 OR62
2 OR51
1 OR40
0 OR37

Preferred
0 OR37
1 OR40
2 OR51
3 OR62
4 OR73
5 I4
6 I5
7 I6

Matching
0 OR37
1 OR40
2 OR51
3 OR62
4 OR73
5 I4
6 I5
7 I6

Perfect match
Identity no
NOT no
Constant no
AND no
OR no
XOR no
AND-NOT no
OR-NOT no
XOR-NOT no

Matched
0 OR37
1 OR40
2 OR51
3 OR62
4 OR73
5 I4
6 I5
7 I6

Selected
0 OR37
1 OR40
2 OR51
3 OR62
4 OR73
5 I4
6 I5
7 I6

Applying to 00100100
Input
0 0
1 0
2 1
3 0
4 0
5 1
6 0
7 0
Output
0 OR37 = OR(0,0) = 0
1 OR40 = OR(0,0) = 0
2 OR51 = OR(1,0) = 1
3 OR62 = OR(0,1) = 1
4 OR73 = OR(0,0) = 0
5 I4 = 0
6 I5 = 1
7 I6 = 0

I will now return the answer in \boxed{}
The answer in \boxed{–} is \boxed{00110010}
[correct]
true
