[category]
bit_manipulation
[prompt]
In Alice's Wonderland, a secret bit manipulation rule transforms 8-bit binary numbers. The transformation involves operations like bit shifts, rotations, XOR, AND, OR, NOT, and possibly majority or choice functions.

Here are some examples of input -> output:
10011101 -> 11110011
10001110 -> 01010001
00101011 -> 10100101
01111010 -> 11001111
00000110 -> 01000000
11001110 -> 01011001
11001010 -> 11011001
01000101 -> 11101000
01110010 -> 11001110
00000111 -> 00100000

Now, determine the output for: 01010100
[completion]
We need to deduce the transformation by matching the example outputs.
I will put my final answer inside \boxed{}.

Output 0: 11110011
0 1
1 1
2 1
3 1
4 0
5 0
6 1
7 1

Output 1: 01010001
0 0
1 1
2 0
3 1
4 0
5 0
6 0
7 1

Output 2: 10100101
0 1
1 0
2 1
3 0
4 0
5 1
6 0
7 1

Output 3: 11001111
0 1
1 1
2 0
3 0
4 1
5 1
6 1
7 1

Output 4: 01000000
0 0
1 1
2 0
3 0
4 0
5 0
6 0
7 0

Output 5: 01011001
0 0
1 1
2 0
3 1
4 1
5 0
6 0
7 1

Output 6: 11011001
0 1
1 1
2 0
3 1
4 1
5 0
6 0
7 1

Output 7: 11101000
0 1
1 1
2 1
3 0
4 1
5 0
6 0
7 0

Output 8: 11001110
0 1
1 1
2 0
3 0
4 1
5 1
6 1
7 0

Output 9: 00100000
0 0
1 0
2 1
3 0
4 0
5 0
6 0
7 0

Output bit columns (with bitsum as hash)
0 1011001110 6
1 1101111110 8
2 1010000101 4
3 1100011000 4
4 0001011110 5
5 0011000010 3
6 1001000010 3
7 1111011000 6

Input 0: 10011101
0 1
1 0
2 0
3 1
4 1
5 1
6 0
7 1

Input 1: 10001110
0 1
1 0
2 0
3 0
4 1
5 1
6 1
7 0

Input 2: 00101011
0 0
1 0
2 1
3 0
4 1
5 0
6 1
7 1

Input 3: 01111010
0 0
1 1
2 1
3 1
4 1
5 0
6 1
7 0

Input 4: 00000110
0 0
1 0
2 0
3 0
4 0
5 1
6 1
7 0

Input 5: 11001110
0 1
1 1
2 0
3 0
4 1
5 1
6 1
7 0

Input 6: 11001010
0 1
1 1
2 0
3 0
4 1
5 0
6 1
7 0

Input 7: 01000101
0 0
1 1
2 0
3 0
4 0
5 1
6 0
7 1

Input 8: 01110010
0 0
1 1
2 1
3 1
4 0
5 0
6 1
7 0

Input 9: 00000111
0 0
1 0
2 0
3 0
4 0
5 1
6 1
7 1

When matching output
x: not in operator
y: wrong position

Identity
0 1100011000 4 match 3
1 0001011110 5 match 4
2 0011000010 3 match 5
3 1001000010 3 match 6
4 1111011000 6 match 7
5 1100110101 6
6 0111111011 8
7 1010000101 4 match 2

Matching output
0 absent
1 absent
2 7
3 0
4 1
5 2
6 3
7 4

Left
none
Best: none

Right
4 3 2 1 0 7 6x
Best: I4 3 2 1 0 7: 6

NOT
0 0011100111 6
1 1110100001 5
2 1100111101 7
3 0110111101 7
4 0000100111 4
5 0011001010 4
6 1000000100 2
7 0101111010 6

Matching output
0 absent
1 absent
2 absent
3 absent
4 absent
5 absent
6 absent
7 absent

Left
none
Best: none

Right
none
Best: none

Constant
0 0000000000 a
1 1111111111 a

Matching output
0 absent
1 absent
2 absent
3 absent
4 absent
5 absent
6 absent
7 absent

Left
none
Best: none

Right
none
Best: none

AND
01 10 0000011000 2
12 21 0001000010 2
23 32 0001000010 2
34 43 1001000000 2
45 54 1100010000 3
56 65 0100110001 4
67 76 0010000001 2
70 07 1000000000 1

02 20 0000000000 a
13 31 0001000010 2
24 42 0011000000 2
35 53 1000000000 1
46 64 0111011000 5
57 75 1000000101 3
60 06 0100011000 3
71 17 0000000100 1

03 30 1000000000 1
14 41 0001011000 3
25 52 0000000000 a
36 63 0001000010 2
47 74 1010000000 2
50 05 1100010000 3
61 16 0001011010 4
72 27 0010000000 1

04 40 1100011000 4 match 3
15 51 0000010100 2
26 62 0011000010 3 match 5
37 73 1000000000 1

Matching output
0 absent
1 absent
2 absent
3 04 40
4 absent
5 26 62
6 absent
7 absent

Left
none
Best: none

Right
none
Best: none

OR
01 10 1101011110 7
12 21 0011011110 6
23 32 1011000010 4
34 43 1111011010 7
45 54 1111111101 9
56 65 1111111111 a
67 76 1111111111 a
70 07 1110011101 7

02 20 1111011010 7
13 31 1001011110 6
24 42 1111011010 7
35 53 1101110111 8
46 64 1111111011 9
57 75 1110110101 7
60 06 1111111011 9
71 17 1011011111 8

03 30 1101011010 6
14 41 1111011110 8
25 52 1111110111 9
36 63 1111111011 9
47 74 1111011101 8
50 05 1100111101 7
61 16 0111111111 9
72 27 1011000111 6

04 40 1111011000 6 match 7
15 51 1101111111 9
26 62 0111111011 8
37 73 1011000111 6

Matching output
0 absent
1 absent
2 absent
3 absent
4 absent
5 absent
6 absent
7 04 40

Left
none
Best: none

Right
04 73x
40 37x
Best: OR04: 1

XOR
01 10 1101000110 5
12 21 0010011100 4
23 32 1010000000 2
34 43 0110011010 5
45 54 0011101101 6
56 65 1011001110 6 match 0
67 76 1101111110 8 match 1
70 07 0110011101 6

02 20 1111011010 7
13 31 1000011100 4
24 42 1100011010 5
35 53 0101110111 7
46 64 1000100011 4
57 75 0110110000 4
60 06 1011100011 6
71 17 1011011011 7

03 30 0101011010 5
14 41 1110000110 5
25 52 1111110111 9
36 63 1110111001 7
47 74 0101011101 6
50 05 0000101101 4
61 16 0110100101 5
72 27 1001000111 5

04 40 0011000000 2
15 51 1101101011 7
26 62 0100111001 5
37 73 0011000111 5

Matching output
0 56 65
1 67 76
2 absent
3 absent
4 absent
5 absent
6 absent
7 absent

Left
56 67 70x
65 76 07x
Best: XOR56 67: 2

Right
none
Best: none

AND-NOT
01 1100000000 2
12 0000011100 3
23 0010000000 1
34 0000000010 1
45 0011001000 3
56 1000000100 2
67 0101111010 6
70 0010000101 3

02 1100011000 4 match 3
13 0000011100 3
24 0000000010 1
35 0001000010 2
46 1000000000 1
57 0100110000 3
60 0011100011 5
71 1010000001 3

03 0100011000 3
14 0000000110 2
25 0011000010 3 match 5
36 1000000000 1
47 0101011000 4
50 0000100101 3
61 0110100001 4
72 1000000101 3

04 0000000000 a
15 0001001010 3
26 0000000000 a
37 0001000010 2
40 0011000000 2
51 1100100001 4
62 0100111001 5
73 0010000101 3

05 0000001000 1
16 0000000100 1
27 0001000010 2
30 0001000010 2
41 1110000000 3
52 1100110101 6
63 0110111001 6
74 0000000101 2

06 1000000000 1
17 0001011010 4
20 0011000010 3 match 5
31 1000000000 1
42 1100011000 4 match 3
53 0100110101 5
64 0000100011 3
75 0010000000 1

07 0100011000 3
10 0001000110 3
21 0010000000 1
32 1000000000 1
43 0110011000 4
54 0000100101 3
65 0011001010 4
76 1000000100 2

Matching output
0 absent
1 absent
2 absent
3 02 42
4 absent
5 25 20
6 absent
7 absent

Left
none
Best: none

Right
none
Best: none

OR-NOT
01 1110111001 7
12 1101111111 9
23 0111111111 9
34 1001100111 6
45 1111011010 7
56 1100110101 6
67 0111111011 8
70 1011100111 7

02 1100111101 7
13 0111111111 9
24 0011100111 6
35 1011001010 5
46 1111011100 7
57 1101111111 9
60 0111111111 9
71 1110100101 6

03 1110111101 8
14 0001111111 7
25 0011001010 4
36 1001000110 4
47 1111111010 8
50 1111110111 9
61 1111111011 9
72 1110111101 8

04 1100111111 8
15 0011011110 6
26 1011000110 5
37 1101111010 7
40 1111111111 a
51 1110110101 7
62 1111111111 a
73 1110111101 8

05 1111011010 7
16 1001011110 6
27 0111111010 7
30 1011100111 7
41 1111111001 8
52 1100111101 7
63 0111111111 9
74 1010100111 6

06 1100011100 5
17 0101111110 7
20 0011100111 6
31 1111100011 7
42 1111111101 9
53 1110111101 8
64 0111111111 9
75 1011001111 7

07 1101111010 7
10 0011111111 8
21 1111100011 7
32 1101111111 9
43 1111111101 9
54 1100110111 7
65 0111111011 8
76 1010000101 4 match 2

Matching output
0 absent
1 absent
2 76
3 absent
4 absent
5 absent
6 absent
7 absent

Left
none
Best: none

Right
none
Best: none

XOR-NOT
01 0010111001 5
12 1101100011 6
23 0101111111 8
34 1001100101 5
45 1100010010 4
56 0100110001 4
67 0010000001 2
70 1001100010 4

02 0000100101 3
13 0111100011 6
24 0011100101 5
35 1010001000 3
46 0111011100 6
57 1001001111 6
60 0100011100 4
71 0100100100 3

03 1010100101 5
14 0001111001 5
25 0000001000 1
36 0001000110 3
47 1010100010 4
50 1111010010 6
61 1001011010 5
72 0110111000 5

04 1100111111 8
15 0010010100 3
26 1011000110 5
37 1100111000 5
40 1100111111 8
51 0010010100 3
62 1011000110 5
73 1100111000 5

05 1111010010 6
16 1001011010 5
27 0110111000 5
30 1010100101 5
41 0001111001 5
52 0000001000 1
63 0001000110 3
74 1010100010 4

06 0100011100 4
17 0100100100 3
20 0000100101 3
31 0111100011 6
42 0011100101 5
53 1010001000 3
64 0111011100 6
75 1001001111 6

07 1001100010 4
10 0010111001 5
21 1101100011 6
32 0101111111 8
43 1001100101 5
54 1100010010 4
65 0100110001 4
76 0010000001 2

Matching output
0 absent
1 absent
2 absent
3 absent
4 absent
5 absent
6 absent
7 absent

Left
none
Best: none

Right
none
Best: none

Selecting

Lefts
Identity none
NOT none
Constant none
AND none
OR none
XOR XOR56 67: 2
AND-NOT none
OR-NOT none
XOR-NOT none

Rights
Identity I4 3 2 1 0 7: 6
NOT none
Constant none
AND none
OR OR04: 1
XOR none
AND-NOT none
OR-NOT none
XOR-NOT none

Left longest: 2
Right longest: 6

Right winner: Identity yes, NOT no, Constant no, AND no, OR no, XOR no, AND-NOT no, OR-NOT no, XOR-NOT no
Left winner: Identity no, NOT no, Constant no, AND no, OR no, XOR yes, AND-NOT no, OR-NOT no, XOR-NOT no

Best right: I4 3 2 1 0 7: 6
Best left: XOR56 67: 2

Truncated right: I4 3 2 1 0 7: 6
Truncated left: XOR56 67: 2

Tentative from right
7 I4
6 I3
5 I2
4 I1
3 I0
2 I7
1 pending
0 pending

Tentative
0 XOR56
1 XOR67
2 I7
3 I0
4 I1
5 I2
6 I3
7 I4

Preferred from right
7 I4
6 I3
5 I2
4 I1
3 I0
2 I7
1 XOR67
0 XOR56

Preferred from left
0 XOR56
1 XOR67
2 I7
3 I0
4 I1
5 I2
6 I3
7 I4

Preferred
0 XOR56
1 XOR67
2 I7
3 I0
4 I1
5 I2
6 I3
7 I4

Matching
0 XOR56
1 XOR67
2 I7
3 I0
4 I1
5 I2
6 I3
7 I4

Perfect match
Identity no
NOT no
Constant no
AND no
OR no
XOR no
AND-NOT no
OR-NOT no
XOR-NOT no

Matched
0 XOR56
1 XOR67
2 I7
3 I0
4 I1
5 I2
6 I3
7 I4

Selected
0 XOR56
1 XOR67
2 I7
3 I0
4 I1
5 I2
6 I3
7 I4

Applying to 01010100
Input
0 0
1 1
2 0
3 1
4 0
5 1
6 0
7 0
Output
0 XOR56 = XOR(1,0) = 1
1 XOR67 = XOR(0,0) = 0
2 I7 = 0
3 I0 = 0
4 I1 = 1
5 I2 = 0
6 I3 = 1
7 I4 = 0

I will now return the answer in \boxed{}
The answer in \boxed{–} is \boxed{10001010}
[correct]
true
