[category]
bit_manipulation
[prompt]
In Alice's Wonderland, a secret bit manipulation rule transforms 8-bit binary numbers. The transformation involves operations like bit shifts, rotations, XOR, AND, OR, NOT, and possibly majority or choice functions.

Here are some examples of input -> output:
11001100 -> 00100110
11011011 -> 00010110
00101110 -> 00000001
11111111 -> 00111111
10001101 -> 00100100
11001010 -> 00010110
01010100 -> 00000010
10110010 -> 00000101

Now, determine the output for: 10111110
[completion]
We need to deduce the transformation by matching the example outputs.
I will put my final answer inside \boxed{}.

Output 0: 00100110
0 0
1 0
2 1
3 0
4 0
5 1
6 1
7 0

Output 1: 00010110
0 0
1 0
2 0
3 1
4 0
5 1
6 1
7 0

Output 2: 00000001
0 0
1 0
2 0
3 0
4 0
5 0
6 0
7 1

Output 3: 00111111
0 0
1 0
2 1
3 1
4 1
5 1
6 1
7 1

Output 4: 00100100
0 0
1 0
2 1
3 0
4 0
5 1
6 0
7 0

Output 5: 00010110
0 0
1 0
2 0
3 1
4 0
5 1
6 1
7 0

Output 6: 00000010
0 0
1 0
2 0
3 0
4 0
5 0
6 1
7 0

Output 7: 00000101
0 0
1 0
2 0
3 0
4 0
5 1
6 0
7 1

Output bit columns (with bitsum as hash)
0 00000000 a
1 00000000 a
2 10011000 3
3 01010100 3
4 00010000 1
5 11011101 6
6 11010110 5
7 00110001 3

Input 0: 11001100
0 1
1 1
2 0
3 0
4 1
5 1
6 0
7 0

Input 1: 11011011
0 1
1 1
2 0
3 1
4 1
5 0
6 1
7 1

Input 2: 00101110
0 0
1 0
2 1
3 0
4 1
5 1
6 1
7 0

Input 3: 11111111
0 1
1 1
2 1
3 1
4 1
5 1
6 1
7 1

Input 4: 10001101
0 1
1 0
2 0
3 0
4 1
5 1
6 0
7 1

Input 5: 11001010
0 1
1 1
2 0
3 0
4 1
5 0
6 1
7 0

Input 6: 01010100
0 0
1 1
2 0
3 1
4 0
5 1
6 0
7 0

Input 7: 10110010
0 1
1 0
2 1
3 1
4 0
5 0
6 1
7 0

When matching output
x: not in operator
y: wrong position

Identity
0 11011101 6 match 5
1 11010110 5 match 6
2 00110001 3 match 7
3 01010011 4
4 11111100 6
5 10111010 5
6 01110101 5
7 01011000 3

Matching output
0 absent
1 absent
2 absent
3 absent
4 absent
5 0
6 1
7 2

Left
none
Best: none

Right
2 1 0 7x
Best: I2 1 0: 3

NOT
0 00100010 2
1 00101001 3
2 11001110 5
3 10101100 4
4 00000011 2
5 01000101 3
6 10001010 3
7 10100111 5

Matching output
0 absent
1 absent
2 absent
3 absent
4 absent
5 absent
6 absent
7 absent

Left
none
Best: none

Right
none
Best: none

Constant
0 00000000 a match 0 1
1 11111111 a

Matching output
0 C0
1 C0
2 absent
3 absent
4 absent
5 absent
6 absent
7 absent

Left
0 0
Best: C0 0: 2

Right
none
Best: none

AND
01 10 11010100 4
12 21 00010000 1 match 4
23 32 00010001 2
34 43 01010000 2
45 54 10111000 4
56 65 00110000 2
67 76 01010000 2
70 07 01011000 3

02 20 00010001 2
13 31 01010010 3
24 42 00110000 2
35 53 00010010 2
46 64 01110100 4
57 75 00011000 2
60 06 01010101 4
71 17 01010000 2

03 30 01010001 3
14 41 11010100 4
25 52 00110000 2
36 63 01010001 3
47 74 01011000 3
50 05 10011000 3 match 2
61 16 01010100 3 match 3
72 27 00010000 1 match 4

04 40 11011100 5
15 51 10010010 3
26 62 00110001 3 match 7
37 73 01010000 2

Matching output
0 absent
1 absent
2 50 05
3 61 16
4 12 21 72 27
5 absent
6 absent
7 26 62

Left
none
Best: none

Right
26 15x
62 51x
Best: AND26: 1

OR
01 10 11011111 7
12 21 11110111 7
23 32 01110011 5
34 43 11111111 a
45 54 11111110 7
56 65 11111111 a
67 76 01111101 6
70 07 11011101 6 match 5

02 20 11111101 7
13 31 11010111 6
24 42 11111101 7
35 53 11111011 7
46 64 11111101 7
57 75 11111010 6
60 06 11111101 7
71 17 11011110 6

03 30 11011111 7
14 41 11111110 7
25 52 10111011 6
36 63 01110111 6
47 74 11111100 6
50 05 11111111 a
61 16 11110111 7
72 27 01111001 5

04 40 11111101 7
15 51 11111110 7
26 62 01110101 5
37 73 01011011 5

Matching output
0 absent
1 absent
2 absent
3 absent
4 absent
5 70 07
6 absent
7 absent

Left
none
Best: none

Right
none
Best: none

XOR
01 10 00001011 3
12 21 11100111 6
23 32 01100010 3
34 43 10101111 6
45 54 01000110 3
56 65 11001111 6
67 76 00101101 4
70 07 10000101 3

02 20 11101100 5
13 31 10000101 3
24 42 11001101 5
35 53 11101001 5
46 64 10001001 3
57 75 11100010 4
60 06 10101000 3
71 17 10001110 4

03 30 10001110 4
14 41 00101010 3
25 52 10001011 4
36 63 00100110 3
47 74 10100100 3
50 05 01100111 5
61 16 10100011 4
72 27 01101001 4

04 40 00100001 2
15 51 01101100 4
26 62 01000100 2
37 73 00001011 3

Matching output
0 absent
1 absent
2 absent
3 absent
4 absent
5 absent
6 absent
7 absent

Left
none
Best: none

Right
none
Best: none

AND-NOT
01 00001001 2
12 11000110 4
23 00100000 1
34 00000011 2
45 01000100 2
56 10001010 3
67 00100101 3
70 00000000 a match 0 1

02 11001100 4
13 10000100 2
24 00000001 1
35 01000001 2
46 10001000 2
57 10100010 3
60 00100000 1
71 00001000 1

03 10001100 3
14 00000010 1
25 00000001 1
36 00000010 1
47 10100100 3
50 00100010 2
61 00100001 2
72 01001000 2

04 00000001 1
15 01000100 2
26 00000000 a match 0 1
37 00000011 2
40 00100000 1
51 00101000 2
62 01000100 2
73 00001000 1

05 01000101 3
16 10000010 2
27 00100001 2
30 00000010 1
41 00101000 2
52 10001010 3
63 00100100 2
74 00000000 a match 0 1

06 10001000 2
17 10000110 3
20 00100000 1
31 00000001 1
42 11001100 4
53 10101000 3
64 00000001 1
75 01000000 1

07 10000101 3
10 00000010 1
21 00100001 2
32 01000010 2
43 10101100 4
54 00000010 1
65 01000101 3
76 00001000 1

Matching output
0 70 26 74
1 70 26 74
2 absent
3 absent
4 absent
5 absent
6 absent
7 absent

Left
70 01x
26 37x
74 05x
Best: AND-NOT70: 1

Right
none
Best: none

OR-NOT
01 11111101 7
12 11011110 6
23 10111101 6
34 01010011 4
45 11111101 7
56 10111010 5
67 11110111 7
70 01111010 5

02 11011111 7
13 11111110 7
24 00110011 4
35 01010111 5
46 11111110 7
57 10111111 7
60 01110111 6
71 01111001 5

03 11111101 7
14 11010111 6
25 01110101 5
36 11011011 6
47 11111111 a
50 10111010 5
61 01111101 6
72 11011110 6

04 11011111 7
15 11010111 6
26 10111011 6
37 11110111 7
40 11111110 7
51 10111011 6
62 11111111 a
73 11111100 6

05 11011101 6 match 5
16 11011110 6
27 10110111 6
30 01110011 5
41 11111101 7
52 11111110 7
63 11111101 7
74 01011011 5

06 11011111 7
17 11110111 7
20 00110011 4
31 01111011 6
42 11111110 7
53 10111110 6
64 01110111 6
75 01011101 5

07 11111111 a
10 11110110 6
21 00111001 4
32 11011111 7
43 11111100 6
54 10111011 6
65 01110101 5
76 11011010 5

Matching output
0 absent
1 absent
2 absent
3 absent
4 absent
5 05
6 absent
7 absent

Left
none
Best: none

Right
none
Best: none

XOR-NOT
01 11110100 5
12 00011000 2
23 10011101 5
34 01010000 2
45 10111001 5
56 00110000 2
67 11010010 4
70 01111010 5

02 00010011 3
13 01111010 5
24 00110010 3
35 00010110 3
46 01110110 5
57 00011101 4
60 01010111 5
71 01110001 4

03 01110001 4
14 11010101 5
25 01110100 4
36 11011001 5
47 01011011 5
50 10011000 3 match 2
61 01011100 4
72 10010110 4

04 11011110 6
15 10010011 4
26 10111011 6
37 11110100 5
40 11011110 6
51 10010011 4
62 10111011 6
73 11110100 5

05 10011000 3 match 2
16 01011100 4
27 10010110 4
30 01110001 4
41 11010101 5
52 01110100 4
63 11011001 5
74 01011011 5

06 01010111 5
17 01110001 4
20 00010011 3
31 01111010 5
42 00110010 3
53 00010110 3
64 01110110 5
75 00011101 4

07 01111010 5
10 11110100 5
21 00011000 2
32 10011101 5
43 01010000 2
54 10111001 5
65 00110000 2
76 11010010 4

Matching output
0 absent
1 absent
2 50 05
3 absent
4 absent
5 absent
6 absent
7 absent

Left
none
Best: none

Right
none
Best: none

Selecting

Lefts
Identity none
NOT none
Constant C0 0: 2
AND none
OR none
XOR none
AND-NOT AND-NOT70: 1
OR-NOT none
XOR-NOT none

Rights
Identity I2 1 0: 3
NOT none
Constant none
AND AND26: 1
OR none
XOR none
AND-NOT none
OR-NOT none
XOR-NOT none

Left longest: 2
Right longest: 3

Right winner: Identity yes, NOT no, Constant no, AND no, OR no, XOR no, AND-NOT no, OR-NOT no, XOR-NOT no
Left winner: Identity no, NOT no, Constant yes, AND no, OR no, XOR no, AND-NOT no, OR-NOT no, XOR-NOT no

Best right: I2 1 0: 3
Best left: C0 0: 2

Truncated right: I2 1 0: 3
Truncated left: C0 0: 2

Tentative from right
7 I2
6 I1
5 I0
4 pending
3 pending
2 pending
1 pending
0 pending

Tentative
0 C0
1 C0
2 pending
3 pending
4 pending
5 I0
6 I1
7 I2

Preferred from right
7 I2
6 I1
5 I0
4 ??7
3 ??6
2 ??5
1 C0
0 C0

Preferred from left
0 C0
1 C0
2 ??5
3 ??6
4 ??7
5 I0
6 I1
7 I2

Preferred
0 C0
1 C0
2 ??5
3 ??6
4 ??7
5 I0
6 I1
7 I2

Matching
0 C0
1 C0
2 ??5 - Identity absent, NOT absent, Constant absent, AND05, OR absent, XOR absent, AND-NOT absent, OR-NOT absent, XOR-NOT05
3 ??6 - Identity absent, NOT absent, Constant absent, AND16, OR absent, XOR absent, AND-NOT absent, OR-NOT absent, XOR-NOT absent
4 ??7 - Identity absent, NOT absent, Constant absent, AND27, OR absent, XOR absent, AND-NOT absent, OR-NOT absent, XOR-NOT absent
5 I0
6 I1
7 I2

Perfect match
Identity no
NOT no
Constant no
AND yes
OR no
XOR no
AND-NOT no
OR-NOT no
XOR-NOT no

Matched
0 C0
1 C0
2 AND05
3 AND16
4 AND27
5 I0
6 I1
7 I2

Selected
0 C0
1 C0
2 AND05
3 AND16
4 AND27
5 I0
6 I1
7 I2

Applying to 10111110
Input
0 1
1 0
2 1
3 1
4 1
5 1
6 1
7 0
Output
0 C0 = 0
1 C0 = 0
2 AND05 = AND(1,1) = 1
3 AND16 = AND(0,1) = 0
4 AND27 = AND(1,0) = 0
5 I0 = 1
6 I1 = 0
7 I2 = 1

I will now return the answer in \boxed{}
The answer in \boxed{–} is \boxed{00100101}
[correct]
true
