[category]
bit_manipulation
[prompt]
In Alice's Wonderland, a secret bit manipulation rule transforms 8-bit binary numbers. The transformation involves operations like bit shifts, rotations, XOR, AND, OR, NOT, and possibly majority or choice functions.

Here are some examples of input -> output:
11001101 -> 01010110
01101111 -> 10011111
00101101 -> 00010001
11111111 -> 11111011
00100000 -> 00111111
11100001 -> 10111111
11101110 -> 10011111
00101011 -> 00000101
00011010 -> 10100011
10011011 -> 10100000

Now, determine the output for: 11110001
[completion]
We need to deduce the transformation by matching the example outputs.
I will put my final answer inside \boxed{}.

Output 0: 01010110
0 0
1 1
2 0
3 1
4 0
5 1
6 1
7 0

Output 1: 10011111
0 1
1 0
2 0
3 1
4 1
5 1
6 1
7 1

Output 2: 00010001
0 0
1 0
2 0
3 1
4 0
5 0
6 0
7 1

Output 3: 11111011
0 1
1 1
2 1
3 1
4 1
5 0
6 1
7 1

Output 4: 00111111
0 0
1 0
2 1
3 1
4 1
5 1
6 1
7 1

Output 5: 10111111
0 1
1 0
2 1
3 1
4 1
5 1
6 1
7 1

Output 6: 10011111
0 1
1 0
2 0
3 1
4 1
5 1
6 1
7 1

Output 7: 00000101
0 0
1 0
2 0
3 0
4 0
5 1
6 0
7 1

Output 8: 10100011
0 1
1 0
2 1
3 0
4 0
5 0
6 1
7 1

Output 9: 10100000
0 1
1 0
2 1
3 0
4 0
5 0
6 0
7 0

Output bit columns (with bitsum as hash)
0 0101011011 6
1 1001000000 2
2 0001110011 5
3 1111111000 7
4 0101111000 5
5 1100111100 6
6 1101111010 7
7 0111111110 8

Input 0: 11001101
0 1
1 1
2 0
3 0
4 1
5 1
6 0
7 1

Input 1: 01101111
0 0
1 1
2 1
3 0
4 1
5 1
6 1
7 1

Input 2: 00101101
0 0
1 0
2 1
3 0
4 1
5 1
6 0
7 1

Input 3: 11111111
0 1
1 1
2 1
3 1
4 1
5 1
6 1
7 1

Input 4: 00100000
0 0
1 0
2 1
3 0
4 0
5 0
6 0
7 0

Input 5: 11100001
0 1
1 1
2 1
3 0
4 0
5 0
6 0
7 1

Input 6: 11101110
0 1
1 1
2 1
3 0
4 1
5 1
6 1
7 0

Input 7: 00101011
0 0
1 0
2 1
3 0
4 1
5 0
6 1
7 1

Input 8: 00011010
0 0
1 0
2 0
3 1
4 1
5 0
6 1
7 0

Input 9: 10011011
0 1
1 0
2 0
3 1
4 1
5 0
6 1
7 1

When matching output
x: not in operator
y: wrong position

Identity
0 1001011001 5
1 1101011000 5
2 0111111100 7
3 0001000011 3
4 1111001111 8
5 1111001000 5
6 0101001111 6
7 1111010101 7

Matching output
0 absent
1 absent
2 absent
3 absent
4 absent
5 absent
6 absent
7 absent

Left
none
Best: none

Right
none
Best: none

NOT
0 0110100110 5
1 0010100111 5
2 1000000011 3
3 1110111100 7
4 0000110000 2
5 0000110111 5
6 1010110000 4
7 0000101010 3

Matching output
0 absent
1 absent
2 absent
3 absent
4 absent
5 absent
6 absent
7 absent

Left
none
Best: none

Right
none
Best: none

Constant
0 0000000000 a
1 1111111111 a

Matching output
0 absent
1 absent
2 absent
3 absent
4 absent
5 absent
6 absent
7 absent

Left
none
Best: none

Right
none
Best: none

AND
01 10 1001011000 4
12 21 0101011000 4
23 32 0001000000 1
34 43 0001000011 3
45 54 1111001000 5
56 65 0101001000 3
67 76 0101000101 4
70 07 1001010001 4

02 20 0001011000 3
13 31 0001000000 1
24 42 0111001100 5
35 53 0001000000 1
46 64 0101001111 6
57 75 1111000000 4
60 06 0001001001 3
71 17 1101010000 4

03 30 0001000001 2
14 41 1101001000 4
25 52 0111001000 4
36 63 0001000011 3
47 74 1111000101 6
50 05 1001001000 3
61 16 0101001000 3
72 27 0111010100 5

04 40 1001001001 4
15 51 1101001000 4
26 62 0101001100 4
37 73 0001000001 2

Matching output
0 absent
1 absent
2 absent
3 absent
4 absent
5 absent
6 absent
7 absent

Left
none
Best: none

Right
none
Best: none

OR
01 10 1101011001 6
12 21 1111111100 8
23 32 0111111111 9
34 43 1111001111 8
45 54 1111001111 8
56 65 1111001111 8
67 76 1111011111 9
70 07 1111011101 8

02 20 1111111101 9
13 31 1101011011 7
24 42 1111111111 a
35 53 1111001011 7
46 64 1111001111 8
57 75 1111011101 8
60 06 1101011111 8
71 17 1111011101 8

03 30 1001011011 6
14 41 1111011111 9
25 52 1111111100 8
36 63 0101001111 6
47 74 1111011111 9
50 05 1111011001 7
61 16 1101011111 8
72 27 1111111101 9

04 40 1111011111 9
15 51 1111011000 6
26 62 0111111111 9
37 73 1111010111 8

Matching output
0 absent
1 absent
2 absent
3 absent
4 absent
5 absent
6 absent
7 absent

Left
none
Best: none

Right
none
Best: none

XOR
01 10 0100000001 2
12 21 1010100100 4
23 32 0110111111 8
34 43 1110001100 5
45 54 0000000111 3
56 65 1010000111 5
67 76 1010011010 5
70 07 0110001100 4

02 20 1110100101 6
13 31 1100011011 6
24 42 1000110011 5
35 53 1110001011 6
46 64 1010000000 2
57 75 0000011101 4
60 06 1100010110 5
71 17 0010001101 4

03 30 1000011010 4
14 41 0010010111 5
25 52 1000110100 4
36 63 0100001100 3
47 74 0000011010 3
50 05 0110010001 4
61 16 1000010111 5
72 27 1000101001 4

04 40 0110010110 5
15 51 0010010000 2
26 62 0010110011 5
37 73 1110010110 6

Matching output
0 absent
1 absent
2 absent
3 absent
4 absent
5 absent
6 absent
7 absent

Left
none
Best: none

Right
none
Best: none

AND-NOT
01 0000000001 1
12 1000000000 1
23 0110111100 6
34 0000000000 a
45 0000000111 3
56 1010000000 2
67 0000001010 2
70 0110000100 3

02 1000000001 2
13 1100011000 4
24 0000110000 2
35 0000000011 2
46 1010000000 2
57 0000001000 1
60 0100000110 3
71 0010000101 3

03 1000011000 3
14 0000010000 1
25 0000110100 3
36 0000000000 a
47 0000001010 2
50 0110000000 2
61 0000000111 3
72 1000000001 2

04 0000010000 1
15 0000010000 1
26 0010110000 3
37 0000000010 1
40 0110000110 4
51 0010000000 1
62 0000000011 2
73 1110010100 5

05 0000010001 2
16 1000010000 2
27 0000101000 2
30 0000000010 1
41 0010000111 4
52 1000000000 1
63 0100001100 3
74 0000010000 1

06 1000010000 2
17 0000001000 1
20 0110100100 4
31 0000000011 2
42 1000000011 3
53 1110001000 4
64 0000000000 a
75 0000010101 3

07 0000001000 1
10 0100000000 1
21 0010100100 3
32 0000000011 2
43 1110001100 5
54 0000000000 a
65 0000000111 3
76 1010010000 3

Matching output
0 absent
1 absent
2 absent
3 absent
4 absent
5 absent
6 absent
7 absent

Left
none
Best: none

Right
none
Best: none

OR-NOT
01 1011111111 9
12 1101011011 7
23 1111111100 8
34 0001110011 5 match 2
45 1111111111 a
56 1111111000 7 match 3
67 0101101111 7
70 1111110111 9

02 1001011011 6
13 1111111100 8
24 0111111100 7
35 0001110111 6
46 1111111111 a
57 1111101010 7
60 0111101111 8
71 1111110111 9

03 1111111101 9
14 1101111000 6
25 0111111111 9
36 1011110011 7
47 1111101111 9
50 1111101110 8
61 0111101111 8
72 1111010111 8

04 1001111001 6
15 1101111111 9
26 1111111100 8
37 0001101011 5
40 1111101111 9
51 1111101111 9
62 1101001111 7
73 1111111101 9

05 1001111111 8
16 1111111000 7 match 3
27 0111111110 8 match 7
30 0111100111 7
41 1111101111 9
52 1111001011 7
63 1111111111 a
74 1111110101 8

06 1011111001 7
17 1101111010 7 match 6
20 0111111110 8 match 7
31 0011100111 6
42 1111001111 8
53 1111111100 8
64 0101111111 8
75 1111110111 9

07 1001111011 7
10 1111111110 9
21 0111111111 9
32 1001000011 4
43 1111111111 a
54 1111111000 7 match 3
65 0101111111 8
76 1111110101 8

Matching output
0 absent
1 absent
2 34
3 56 16 54
4 absent
5 absent
6 17
7 27 20

Left
none
Best: none

Right
27 16y
20 17 06x
Best: OR-NOT20 17: 2

XOR-NOT
01 1011111110 8
12 0101011011 6 match 0
23 1001000000 2 match 1
34 0001110011 5 match 2
45 1111111000 7 match 3
56 0101111000 5 match 4
67 0101100101 5
70 1001110011 6

02 0001011010 4
13 0011100100 4
24 0111001100 5
35 0001110100 4
46 0101111111 8
57 1111100010 6
60 0011101001 5
71 1101110010 6

03 0111100101 6
14 1101101000 5
25 0111001011 6
36 1011110011 7
47 1111100101 7
50 1001101110 6
61 0111101000 5
72 0111010110 6

04 1001101001 5
15 1101101111 8
26 1101001100 5
37 0001101001 4
40 1001101001 5
51 1101101111 8
62 1101001100 5
73 0001101001 4

05 1001101110 6
16 0111101000 5
27 0111010110 6
30 0111100101 6
41 1101101000 5
52 0111001011 6
63 1011110011 7
74 1111100101 7

06 0011101001 5
17 1101110010 6
20 0001011010 4
31 0011100100 4
42 0111001100 5
53 0001110100 4
64 0101111111 8
75 1111100010 6

07 1001110011 6
10 1011111110 8
21 0101011011 6 match 0
32 1001000000 2 match 1
43 0001110011 5 match 2
54 1111111000 7 match 3
65 0101111000 5 match 4
76 0101100101 5

Matching output
0 12 21
1 23 32
2 34 43
3 45 54
4 56 65
5 absent
6 absent
7 absent

Left
12 23 34 45 56 67x
21 32 43 54 65 76x
Best: XOR-NOT12 23 34 45 56: 5

Right
none
Best: none

Selecting

Lefts
Identity none
NOT none
Constant none
AND none
OR none
XOR none
AND-NOT none
OR-NOT none
XOR-NOT XOR-NOT12 23 34 45 56: 5

Rights
Identity none
NOT none
Constant none
AND none
OR none
XOR none
AND-NOT none
OR-NOT OR-NOT20 17: 2
XOR-NOT none

Left longest: 5
Right longest: 2

Left winner: Identity no, NOT no, Constant no, AND no, OR no, XOR no, AND-NOT no, OR-NOT no, XOR-NOT yes
Right winner: Identity no, NOT no, Constant no, AND no, OR no, XOR no, AND-NOT no, OR-NOT yes, XOR-NOT no

Best left: XOR-NOT12 23 34 45 56: 5
Best right: OR-NOT20 17: 2

Truncated left: XOR-NOT12 23 34 45 56: 5
Truncated right: OR-NOT20 17: 2

Tentative from right
7 OR-NOT20
6 OR-NOT17
5 pending
4 pending
3 pending
2 pending
1 pending
0 pending

Tentative
0 XOR-NOT12
1 XOR-NOT23
2 XOR-NOT34
3 XOR-NOT45
4 XOR-NOT56
5 pending
6 OR-NOT17
7 OR-NOT20

Preferred from left
0 XOR-NOT12
1 XOR-NOT23
2 XOR-NOT34
3 XOR-NOT45
4 XOR-NOT56
5 ?67
6 OR-NOT17
7 OR-NOT20

Preferred from right
7 OR-NOT20
6 OR-NOT17
5 ?67
4 XOR-NOT56
3 XOR-NOT45
2 XOR-NOT34
1 XOR-NOT23
0 XOR-NOT12

Preferred
0 XOR-NOT12
1 XOR-NOT23
2 XOR-NOT34
3 XOR-NOT45
4 XOR-NOT56
5 ?67 ?76
6 OR-NOT17
7 OR-NOT20

Matching
0 XOR-NOT12
1 XOR-NOT23
2 XOR-NOT34
3 XOR-NOT45
4 XOR-NOT56
5 ?67 ?76 - Identity absent, NOT absent, Constant absent, AND absent, OR absent, XOR absent, AND-NOT absent, OR-NOT absent, XOR-NOT absent
6 OR-NOT17
7 OR-NOT20

Perfect match
Identity no
NOT no
Constant no
AND no
OR no
XOR no
AND-NOT no
OR-NOT no
XOR-NOT no

Matched
0 XOR-NOT12
1 XOR-NOT23
2 XOR-NOT34
3 XOR-NOT45
4 XOR-NOT56
5 none
6 OR-NOT17
7 OR-NOT20

Selected
0 XOR-NOT12
1 XOR-NOT23
2 XOR-NOT34
3 XOR-NOT45
4 XOR-NOT56
5 default 1
6 OR-NOT17
7 OR-NOT20

Applying to 11110001
Input
0 1
1 1
2 1
3 1
4 0
5 0
6 0
7 1
Output
0 XOR-NOT12 = XOR(1,NOT(1)) = 1
1 XOR-NOT23 = XOR(1,NOT(1)) = 1
2 XOR-NOT34 = XOR(1,NOT(0)) = 0
3 XOR-NOT45 = XOR(0,NOT(0)) = 1
4 XOR-NOT56 = XOR(0,NOT(0)) = 1
5 default 1 = 1
6 OR-NOT17 = OR(1,NOT(1)) = 1
7 OR-NOT20 = OR(1,NOT(1)) = 1

I will now return the answer in \boxed{}
The answer in \boxed{–} is \boxed{11011111}
[correct]
true
