[category]
bit_manipulation
[prompt]
In Alice's Wonderland, a secret bit manipulation rule transforms 8-bit binary numbers. The transformation involves operations like bit shifts, rotations, XOR, AND, OR, NOT, and possibly majority or choice functions.

Here are some examples of input -> output:
10001010 -> 00010000
00010100 -> 00101000
11001011 -> 10010000
00100000 -> 01000001
10011011 -> 00110010
11100100 -> 11001111
10110100 -> 01101101
01010101 -> 10101000
00100001 -> 01000011
00000110 -> 00001100

Now, determine the output for: 11011000
[completion]
We need to deduce the transformation by matching the example outputs.
I will put my final answer inside \boxed{}.

Output 0: 00010000
0 0
1 0
2 0
3 1
4 0
5 0
6 0
7 0

Output 1: 00101000
0 0
1 0
2 1
3 0
4 1
5 0
6 0
7 0

Output 2: 10010000
0 1
1 0
2 0
3 1
4 0
5 0
6 0
7 0

Output 3: 01000001
0 0
1 1
2 0
3 0
4 0
5 0
6 0
7 1

Output 4: 00110010
0 0
1 0
2 1
3 1
4 0
5 0
6 1
7 0

Output 5: 11001111
0 1
1 1
2 0
3 0
4 1
5 1
6 1
7 1

Output 6: 01101101
0 0
1 1
2 1
3 0
4 1
5 1
6 0
7 1

Output 7: 10101000
0 1
1 0
2 1
3 0
4 1
5 0
6 0
7 0

Output 8: 01000011
0 0
1 1
2 0
3 0
4 0
5 0
6 1
7 1

Output 9: 00001100
0 0
1 0
2 0
3 0
4 1
5 1
6 0
7 0

Output bit columns (with bitsum as hash)
0 0010010100 3
1 0001011010 4
2 0100101100 4
3 1010100000 3
4 0100011101 5
5 0000011001 3
6 0000110010 3
7 0001011010 4

Input 0: 10001010
0 1
1 0
2 0
3 0
4 1
5 0
6 1
7 0

Input 1: 00010100
0 0
1 0
2 0
3 1
4 0
5 1
6 0
7 0

Input 2: 11001011
0 1
1 1
2 0
3 0
4 1
5 0
6 1
7 1

Input 3: 00100000
0 0
1 0
2 1
3 0
4 0
5 0
6 0
7 0

Input 4: 10011011
0 1
1 0
2 0
3 1
4 1
5 0
6 1
7 1

Input 5: 11100100
0 1
1 1
2 1
3 0
4 0
5 1
6 0
7 0

Input 6: 10110100
0 1
1 0
2 1
3 1
4 0
5 1
6 0
7 0

Input 7: 01010101
0 0
1 1
2 0
3 1
4 0
5 1
6 0
7 1

Input 8: 00100001
0 0
1 0
2 1
3 0
4 0
5 0
6 0
7 1

Input 9: 00000110
0 0
1 0
2 0
3 0
4 0
5 1
6 1
7 0

When matching output
x: not in operator
y: wrong position

Identity
0 1010111000 5
1 0010010100 3 match 0
2 0001011010 4 match 1 7
3 0100101100 4 match 2
4 1010100000 3 match 3
5 0100011101 5 match 4
6 1010100001 4
7 0010100110 4

Matching output
0 1
1 2
2 3
3 4
4 5
5 absent
6 absent
7 2

Left
1 2 3 4 5 6x
Best: I1 2 3 4 5: 5

Right
2 1y
Best: I2: 1

NOT
0 0101000111 5
1 1101101011 7
2 1110100101 6
3 1011010011 6
4 0101011111 7
5 1011100010 5
6 0101011110 6
7 1101011001 6

Matching output
0 absent
1 absent
2 absent
3 absent
4 absent
5 absent
6 absent
7 absent

Left
none
Best: none

Right
none
Best: none

Constant
0 0000000000 a
1 1111111111 a

Matching output
0 absent
1 absent
2 absent
3 absent
4 absent
5 absent
6 absent
7 absent

Left
none
Best: none

Right
none
Best: none

AND
01 10 0010010000 2
12 21 0000010000 1
23 32 0000001000 1
34 43 0000100000 1
45 54 0000000000 a
56 65 0000000001 1
67 76 0010100000 2
70 07 0010100000 2

02 20 0000011000 2
13 31 0000000100 1
24 42 0000000000 a
35 53 0100001100 3
46 64 1010100000 3 match 3
57 75 0000000100 1
60 06 1010100000 3 match 3
71 17 0010000100 2

03 30 0000101000 2
14 41 0010000000 1
25 52 0000011000 2
36 63 0000100000 1
47 74 0010100000 2
50 05 0000011000 2
61 16 0010000000 1
72 27 0000000010 1

04 40 1010100000 3 match 3
15 51 0000010100 2
26 62 0000000000 a
37 73 0000100100 2

Matching output
0 absent
1 absent
2 absent
3 46 64 60 06 04 40
4 absent
5 absent
6 absent
7 absent

Left
none
Best: none

Right
none
Best: none

OR
01 10 1010111100 6
12 21 0011011110 6
23 32 0101111110 7
34 43 1110101100 6
45 54 1110111101 8
56 65 1110111101 8
67 76 1010100111 6
70 07 1010111110 7

02 20 1011111010 7
13 31 0110111100 6
24 42 1011111010 7
35 53 0100111101 6
46 64 1010100001 4
57 75 0110111111 8
60 06 1010111001 6
71 17 0010110110 5

03 30 1110111100 7
14 41 1010110100 5
25 52 0101011111 7
36 63 1110101101 7
47 74 1010100110 5
50 05 1110111101 8
61 16 1010110101 6
72 27 0011111110 7

04 40 1010111000 5
15 51 0110011101 6
26 62 1011111011 8
37 73 0110101110 6

Matching output
0 absent
1 absent
2 absent
3 absent
4 absent
5 absent
6 absent
7 absent

Left
none
Best: none

Right
none
Best: none

XOR
01 10 1000101100 4
12 21 0011001110 5
23 32 0101110110 6
34 43 1110001100 5
45 54 1110111101 8
56 65 1110111100 7
67 76 1000000111 4
70 07 1000011110 5

02 20 1011100010 5
13 31 0110111000 5
24 42 1011111010 7
35 53 0000110001 3
46 64 0000000001 1
57 75 0110111011 7
60 06 0000011001 3 match 5
71 17 0000110010 3 match 6

03 30 1110010100 5
14 41 1000110100 4
25 52 0101000111 5
36 63 1110001101 6
47 74 1000000110 3
50 05 1110100101 6
61 16 1000110101 5
72 27 0011111100 6

04 40 0000011000 2
15 51 0110001001 4
26 62 1011111011 8
37 73 0110001010 4

Matching output
0 absent
1 absent
2 absent
3 absent
4 absent
5 60 06
6 71 17
7 absent

Left
none
Best: none

Right
none
Best: none

AND-NOT
01 1000101000 3
12 0010000100 2
23 0001010010 3
34 0100001100 3
45 1010100000 3 match 3
56 0100011100 4
67 1000000001 2
70 0000000110 2

02 1010100000 3 match 3
13 0010010000 2
24 0001011010 4 match 1 7
35 0000100000 1
46 0000000000 a
57 0100011001 4
60 0000000001 1
71 0000100010 2

03 1010010000 3
14 0000010100 2
25 0001000010 2
36 0100001100 3
47 1000000000 1
50 0100000101 3
61 1000100001 3
72 0010100100 3

04 0000011000 2
15 0010000000 1
26 0001011010 4 match 1 7
37 0100001000 2
40 0000000000 a
51 0100001001 3
62 1010100001 4
73 0010000010 2

05 1010100000 3 match 3
16 0000010100 2
27 0001011000 3
30 0100000100 2
41 1000100000 2
52 0100000101 3
63 1010000001 3
74 0000000110 2

06 0000011000 2
17 0000010000 1
20 0001000010 2
31 0100101000 3
42 1010100000 3 match 3
53 0000010001 2
64 0000000001 1
75 0010100010 3

07 1000011000 3
10 0000000100 1
21 0001001010 3
32 0100100100 3
43 1010000000 2
54 0100011101 5 match 4
65 1010100000 3 match 3
76 0000000110 2

Matching output
0 absent
1 24 26
2 absent
3 45 02 05 42 65
4 54
5 absent
6 absent
7 24 26

Left
none
Best: none

Right
24 13x
26 15x
Best: AND-NOT24: 1

OR-NOT
01 1111111011 9
12 1110110101 7
23 1011011011 7
34 0101111111 8
45 1011100010 5
56 0101011111 7
67 1111111001 8
70 0111100111 7

02 1110111101 8
13 1011010111 7
24 0101011111 7
35 1111101110 8
46 1111111110 9
57 1101011101 7
60 1111100111 8
71 1111101111 9

03 1011111011 8
14 0111011111 8
25 1011111010 7
36 0101111110 7
47 1111111001 8
50 0101011111 7
61 1111101011 8
72 1110100111 7

04 1111111111 a
15 1011110110 7
26 0101011110 6
37 1101111101 8
40 1111100111 8
51 1101111111 9
62 1110100101 6
73 1011110111 8

05 1011111010 7
16 0111011110 7
27 1101011011 7
30 0101101111 7
41 1111101011 8
52 1110111101 8
63 1011110011 7
74 0111111111 9

06 1111111110 9
17 1111011101 8
20 0101011111 7
31 1101101111 8
42 1110100101 6
53 1111011111 9
64 1111111111 a
75 1011100110 6

07 1111111001 8
10 0111010111 7
21 1101111011 8
32 1110101101 7
43 1011110011 7
54 0101011111 7
65 1011100011 6
76 0111111110 8

Matching output
0 absent
1 absent
2 absent
3 absent
4 absent
5 absent
6 absent
7 absent

Left
none
Best: none

Right
none
Best: none

XOR-NOT
01 0111010011 6
12 1100110001 5
23 1010001001 4
34 0001110011 5
45 0001000010 2
56 0001000011 3
67 0111111000 6
70 0111100001 5

02 0100011101 5 match 4
13 1001000111 5
24 0100000101 3
35 1111001110 7
46 1111111110 9
57 1001000100 3
60 1111100110 7
71 1111001101 7

03 0001101011 5
14 0111001011 6
25 1010111000 5
36 0001110010 4
47 0111111001 7
50 0001011010 4 match 1 7
61 0111001010 5
72 1100000011 4

04 1111100111 8
15 1001110110 6
26 0100000100 2
37 1001110101 6
40 1111100111 8
51 1001110110 6
62 0100000100 2
73 1001110101 6

05 0001011010 4 match 1 7
16 0111001010 5
27 1100000011 4
30 0001101011 5
41 0111001011 6
52 1010111000 5
63 0001110010 4
74 0111111001 7

06 1111100110 7
17 1111001101 7
20 0100011101 5 match 4
31 1001000111 5
42 0100000101 3
53 1111001110 7
64 1111111110 9
75 1001000100 3

07 0111100001 5
10 0111010011 6
21 1100110001 5
32 1010001001 4
43 0001110011 5
54 0001000010 2
65 0001000011 3
76 0111111000 6

Matching output
0 absent
1 50 05
2 absent
3 absent
4 02 20
5 absent
6 absent
7 50 05

Left
none
Best: none

Right
50 47x
05 74x
Best: XOR-NOT50: 1

Selecting

Lefts
Identity I1 2 3 4 5: 5
NOT none
Constant none
AND none
OR none
XOR none
AND-NOT none
OR-NOT none
XOR-NOT none

Rights
Identity I2: 1
NOT none
Constant none
AND none
OR none
XOR none
AND-NOT AND-NOT24: 1
OR-NOT none
XOR-NOT XOR-NOT50: 1

Left longest: 5
Right longest: 1

Left winner: Identity yes, NOT no, Constant no, AND no, OR no, XOR no, AND-NOT no, OR-NOT no, XOR-NOT no
Right winner: Identity yes, NOT no, Constant no, AND no, OR no, XOR no, AND-NOT no, OR-NOT no, XOR-NOT no

Best left: I1 2 3 4 5: 5
Best right: I2: 1

Truncated left: I1 2 3 4 5: 5
Truncated right: I2: 1

Tentative from right
7 I2
6 pending
5 pending
4 pending
3 pending
2 pending
1 pending
0 pending

Tentative
0 I1
1 I2
2 I3
3 I4
4 I5
5 pending
6 pending
7 I2

Preferred from left
0 I1
1 I2
2 I3
3 I4
4 I5
5 ?6?
6 ?7?
7 I2

Preferred from right
7 I2
6 ?71
5 ?60
4 I5
3 I4
2 I3
1 I2
0 I1

Preferred
0 I1
1 I2
2 I3
3 I4
4 I5
5 ?60 ?06
6 ?71 ?17
7 I2

Matching
0 I1
1 I2
2 I3
3 I4
4 I5
5 ?60 ?06 - Identity absent, NOT absent, Constant absent, AND absent, OR absent, XOR60, AND-NOT absent, OR-NOT absent, XOR-NOT absent
6 ?71 ?17 - Identity absent, NOT absent, Constant absent, AND absent, OR absent, XOR71, AND-NOT absent, OR-NOT absent, XOR-NOT absent
7 I2

Perfect match
Identity no
NOT no
Constant no
AND no
OR no
XOR yes
AND-NOT no
OR-NOT no
XOR-NOT no

Matched
0 I1
1 I2
2 I3
3 I4
4 I5
5 XOR60
6 XOR71
7 I2

Selected
0 I1
1 I2
2 I3
3 I4
4 I5
5 XOR60
6 XOR71
7 I2

Applying to 11011000
Input
0 1
1 1
2 0
3 1
4 1
5 0
6 0
7 0
Output
0 I1 = 1
1 I2 = 0
2 I3 = 1
3 I4 = 1
4 I5 = 0
5 XOR60 = XOR(0,1) = 1
6 XOR71 = XOR(0,1) = 1
7 I2 = 0

I will now return the answer in \boxed{}
The answer in \boxed{–} is \boxed{10110110}
[correct]
true
