[category]
bit_manipulation
[prompt]
In Alice's Wonderland, a secret bit manipulation rule transforms 8-bit binary numbers. The transformation involves operations like bit shifts, rotations, XOR, AND, OR, NOT, and possibly majority or choice functions.

Here are some examples of input -> output:
10011010 -> 01000000
10001000 -> 00000000
11111101 -> 10100000
11101001 -> 00100000
10000011 -> 01000000
00100111 -> 10000000
00001111 -> 10000000
00110001 -> 00000000

Now, determine the output for: 10110010
[completion]
We need to deduce the transformation by matching the example outputs.
I will put my final answer inside \boxed{}.

Output 0: 01000000
0 0
1 1
2 0
3 0
4 0
5 0
6 0
7 0

Output 1: 00000000
0 0
1 0
2 0
3 0
4 0
5 0
6 0
7 0

Output 2: 10100000
0 1
1 0
2 1
3 0
4 0
5 0
6 0
7 0

Output 3: 00100000
0 0
1 0
2 1
3 0
4 0
5 0
6 0
7 0

Output 4: 01000000
0 0
1 1
2 0
3 0
4 0
5 0
6 0
7 0

Output 5: 10000000
0 1
1 0
2 0
3 0
4 0
5 0
6 0
7 0

Output 6: 10000000
0 1
1 0
2 0
3 0
4 0
5 0
6 0
7 0

Output 7: 00000000
0 0
1 0
2 0
3 0
4 0
5 0
6 0
7 0

Output bit columns (with bitsum as hash)
0 00100110 3
1 10001000 2
2 00110000 2
3 00000000 a
4 00000000 a
5 00000000 a
6 00000000 a
7 00000000 a

Input 0: 10011010
0 1
1 0
2 0
3 1
4 1
5 0
6 1
7 0

Input 1: 10001000
0 1
1 0
2 0
3 0
4 1
5 0
6 0
7 0

Input 2: 11111101
0 1
1 1
2 1
3 1
4 1
5 1
6 0
7 1

Input 3: 11101001
0 1
1 1
2 1
3 0
4 1
5 0
6 0
7 1

Input 4: 10000011
0 1
1 0
2 0
3 0
4 0
5 0
6 1
7 1

Input 5: 00100111
0 0
1 0
2 1
3 0
4 0
5 1
6 1
7 1

Input 6: 00001111
0 0
1 0
2 0
3 0
4 1
5 1
6 1
7 1

Input 7: 00110001
0 0
1 0
2 1
3 1
4 0
5 0
6 0
7 1

When matching output
x: not in operator
y: wrong position

Identity
0 11111000 5
1 00110000 2 match 2
2 00110101 4
3 10100001 3
4 11110010 5
5 00100110 3 match 0
6 10001110 4
7 00111111 6

Matching output
0 5
1 absent
2 1
3 absent
4 absent
5 absent
6 absent
7 absent

Left
5 6x
Best: I5: 1

Right
none
Best: none

NOT
0 00000111 3
1 11001111 6
2 11001010 4
3 01011110 5
4 00001101 3
5 11011001 5
6 01110001 4
7 11000000 2

Matching output
0 absent
1 absent
2 absent
3 absent
4 absent
5 absent
6 absent
7 absent

Left
none
Best: none

Right
none
Best: none

Constant
0 00000000 a match 3 4 5 6 7
1 11111111 a

Matching output
0 absent
1 absent
2 absent
3 C0
4 C0
5 C0
6 C0
7 C0

Left
none
Best: none

Right
0 0 0 0 0
Best: C0 0 0 0 0: 5

AND
01 10 00110000 2 match 2
12 21 00110000 2 match 2
23 32 00100001 2
34 43 10100000 2
45 54 00100010 2
56 65 00000110 2
67 76 00001110 3
70 07 00111000 3

02 20 00110000 2 match 2
13 31 00100000 1
24 42 00110000 2 match 2
35 53 00100000 1
46 64 10000010 2
57 75 00100110 3 match 0
60 06 10001000 2 match 1
71 17 00110000 2 match 2

03 30 10100000 2
14 41 00110000 2 match 2
25 52 00100100 2
36 63 10000000 1
47 74 00110010 3
50 05 00100000 1
61 16 00000000 a match 3 4 5 6 7
72 27 00110101 4

04 40 11110000 4
15 51 00100000 1
26 62 00000100 1
37 73 00100001 2

Matching output
0 57 75
1 60 06
2 01 10 12 21 02 20 24 42 71 17 14 41
3 61 16
4 61 16
5 61 16
6 61 16
7 61 16

Left
57 60 71 02y
75 06 17 20y
Best: AND57 60 71: 3

Right
61 50x
16 05x
Best: AND61: 1

OR
01 10 11111000 5
12 21 00110101 4
23 32 10110101 5
34 43 11110011 6
45 54 11110110 6
56 65 10101110 5
67 76 10111111 7
70 07 11111111 a

02 20 11111101 7
13 31 10110001 4
24 42 11110111 7
35 53 10100111 5
46 64 11111110 7
57 75 00111111 6
60 06 11111110 7
71 17 00111111 6

03 30 11111001 6
14 41 11110010 5
25 52 00110111 5
36 63 10101111 6
47 74 11111111 a
50 05 11111110 7
61 16 10111110 6
72 27 00111111 6

04 40 11111010 6
15 51 00110110 4
26 62 10111111 7
37 73 10111111 7

Matching output
0 absent
1 absent
2 absent
3 absent
4 absent
5 absent
6 absent
7 absent

Left
none
Best: none

Right
none
Best: none

XOR
01 10 11001000 3
12 21 00000101 2
23 32 10010100 3
34 43 01010011 4
45 54 11010100 4
56 65 10101000 3
67 76 10110001 4
70 07 11000111 5

02 20 11001101 5
13 31 10010001 3
24 42 11000111 5
35 53 10000111 4
46 64 01111100 5
57 75 00011001 3
60 06 01110110 5
71 17 00001111 4

03 30 01011001 4
14 41 11000010 3
25 52 00010011 3
36 63 00101111 5
47 74 11001101 5
50 05 11011110 6
61 16 10111110 6
72 27 00001010 2

04 40 00001010 2
15 51 00010110 3
26 62 10111011 6
37 73 10011110 5

Matching output
0 absent
1 absent
2 absent
3 absent
4 absent
5 absent
6 absent
7 absent

Left
none
Best: none

Right
none
Best: none

AND-NOT
01 11001000 3
12 00000000 a match 3 4 5 6 7
23 00010100 2
34 00000001 1
45 11010000 3
56 00100000 1
67 10000000 1
70 00000111 3

02 11001000 3
13 00010000 1
24 00000101 2
35 10000001 2
46 01110000 3
57 00000000 a match 3 4 5 6 7
60 00000110 2
71 00001111 4

03 01011000 3
14 00000000 a match 3 4 5 6 7
25 00010001 2
36 00100001 2
47 11000000 2
50 00000110 2
61 10001110 4
72 00001010 2

04 00001000 1
15 00010000 1
26 00110001 3
37 10000000 1
40 00000010 1
51 00000110 2
62 10001010 3
73 00011110 4

05 11011000 4
16 00110000 2 match 2
27 00000000 a match 3 4 5 6 7
30 00000001 1
41 11000010 3
52 00000010 1
63 00001110 3
74 00001101 3

06 01110000 3
17 00000000 a match 3 4 5 6 7
20 00000101 2
31 10000001 2
42 11000010 3
53 00000110 2
64 00001100 2
75 00011001 3

07 11000000 2
10 00000000 a match 3 4 5 6 7
21 00000101 2
32 10000000 1
43 01010010 3
54 00000100 1
65 10001000 2 match 1
76 00110001 3

Matching output
0 absent
1 65
2 16
3 12 57 14 27 17 10
4 12 57 14 27 17 10
5 12 57 14 27 17 10
6 12 57 14 27 17 10
7 12 57 14 27 17 10

Left
none
Best: none

Right
12 01x
57 46x
14 03x
27 16y
17 06x
10 07x
Best: AND-NOT12: 1

OR-NOT
01 11111111 a
12 11111010 6
23 01111111 7
34 10101101 5
45 11111011 7
56 01110111 6
67 11001110 5
70 00111111 6

02 11111010 6
13 01111110 6
24 00111101 5
35 11111001 6
46 11110011 6
57 11100110 5
60 10001111 5
71 11111111 a

03 11111110 7
14 00111101 5
25 11111101 7
36 11110001 5
47 11110010 5
50 00100111 4
61 11001111 6
72 11111111 a

04 11111101 7
15 11111001 6
26 01110101 5
37 11100001 4
40 11110111 7
51 11101111 7
62 11001110 5
73 01111111 7

05 11111001 6
16 01110001 4
27 11110101 6
30 10100111 5
41 11111111 a
52 11101110 6
63 11011110 6
74 00111111 6

06 11111001 6
17 11110000 4
20 00110111 5
31 11101111 7
42 11111010 6
53 01111110 6
64 10001111 5
75 11111111 a

07 11111000 5
10 00110111 5
21 11111111 a
32 11101011 6
43 11111110 7
54 00101111 5
65 11011111 7
76 01111111 7

Matching output
0 absent
1 absent
2 absent
3 absent
4 absent
5 absent
6 absent
7 absent

Left
none
Best: none

Right
none
Best: none

XOR-NOT
01 00110111 5
12 11111010 6
23 01101011 5
34 10101100 4
45 00101011 4
56 01010111 5
67 01001110 4
70 00111000 3

02 00110010 3
13 01101110 5
24 00111000 3
35 01111000 4
46 10000011 3
57 11100110 5
60 10001001 3
71 11110000 4

03 10100110 4
14 00111101 5
25 11101100 5
36 11010000 3
47 00110010 3
50 00100001 2
61 01000001 2
72 11110101 6

04 11110101 6
15 11101001 5
26 01000100 2
37 01100001 3
40 11110101 6
51 11101001 5
62 01000100 2
73 01100001 3

05 00100001 2
16 01000001 2
27 11110101 6
30 10100110 4
41 00111101 5
52 11101100 5
63 11010000 3
74 00110010 3

06 10001001 3
17 11110000 4
20 00110010 3
31 01101110 5
42 00111000 3
53 01111000 4
64 10000011 3
75 11100110 5

07 00111000 3
10 00110111 5
21 11111010 6
32 01101011 5
43 10101100 4
54 00101011 4
65 01010111 5
76 01001110 4

Matching output
0 absent
1 absent
2 absent
3 absent
4 absent
5 absent
6 absent
7 absent

Left
none
Best: none

Right
none
Best: none

Selecting

Lefts
Identity I5: 1
NOT none
Constant none
AND AND57 60 71: 3
OR none
XOR none
AND-NOT none
OR-NOT none
XOR-NOT none

Rights
Identity none
NOT none
Constant C0 0 0 0 0: 5
AND AND61: 1
OR none
XOR none
AND-NOT AND-NOT12: 1
OR-NOT none
XOR-NOT none

Left longest: 3
Right longest: 5

Right winner: Identity no, NOT no, Constant yes, AND no, OR no, XOR no, AND-NOT no, OR-NOT no, XOR-NOT no
Left winner: Identity no, NOT no, Constant no, AND yes, OR no, XOR no, AND-NOT no, OR-NOT no, XOR-NOT no

Best right: C0 0 0 0 0: 5
Best left: AND57 60 71: 3

Truncated right: C0 0 0 0 0: 5
Truncated left: AND57 60 71: 3

Tentative from right
7 C0
6 C0
5 C0
4 C0
3 C0
2 pending
1 pending
0 pending

Tentative
0 AND57
1 AND60
2 AND71
3 C0
4 C0
5 C0
6 C0
7 C0

Preferred from right
7 C0
6 C0
5 C0
4 C0
3 C0
2 AND71
1 AND60
0 AND57

Preferred from left
0 AND57
1 AND60
2 AND71
3 C0
4 C0
5 C0
6 C0
7 C0

Preferred
0 AND57
1 AND60
2 AND71
3 C0
4 C0
5 C0
6 C0
7 C0

Matching
0 AND57
1 AND60
2 AND71
3 C0
4 C0
5 C0
6 C0
7 C0

Perfect match
Identity no
NOT no
Constant no
AND no
OR no
XOR no
AND-NOT no
OR-NOT no
XOR-NOT no

Matched
0 AND57
1 AND60
2 AND71
3 C0
4 C0
5 C0
6 C0
7 C0

Selected
0 AND57
1 AND60
2 AND71
3 C0
4 C0
5 C0
6 C0
7 C0

Applying to 10110010
Input
0 1
1 0
2 1
3 1
4 0
5 0
6 1
7 0
Output
0 AND57 = AND(0,0) = 0
1 AND60 = AND(1,1) = 1
2 AND71 = AND(0,0) = 0
3 C0 = 0
4 C0 = 0
5 C0 = 0
6 C0 = 0
7 C0 = 0

I will now return the answer in \boxed{}
The answer in \boxed{–} is \boxed{01000000}
[correct]
true
