[category]
bit_manipulation
[prompt]
In Alice's Wonderland, a secret bit manipulation rule transforms 8-bit binary numbers. The transformation involves operations like bit shifts, rotations, XOR, AND, OR, NOT, and possibly majority or choice functions.

Here are some examples of input -> output:
10001000 -> 00000000
01111100 -> 11011101
10000100 -> 01100110
10010001 -> 11000100
10100000 -> 01010101
11011000 -> 10101010
10001100 -> 00100010
00011001 -> 11000100
00001111 -> 01111111
10011100 -> 10101010

Now, determine the output for: 11011001
[completion]
We need to deduce the transformation by matching the example outputs.
I will put my final answer inside \boxed{}.

Output 0: 00000000
0 0
1 0
2 0
3 0
4 0
5 0
6 0
7 0

Output 1: 11011101
0 1
1 1
2 0
3 1
4 1
5 1
6 0
7 1

Output 2: 01100110
0 0
1 1
2 1
3 0
4 0
5 1
6 1
7 0

Output 3: 11000100
0 1
1 1
2 0
3 0
4 0
5 1
6 0
7 0

Output 4: 01010101
0 0
1 1
2 0
3 1
4 0
5 1
6 0
7 1

Output 5: 10101010
0 1
1 0
2 1
3 0
4 1
5 0
6 1
7 0

Output 6: 00100010
0 0
1 0
2 1
3 0
4 0
5 0
6 1
7 0

Output 7: 11000100
0 1
1 1
2 0
3 0
4 0
5 1
6 0
7 0

Output 8: 01111111
0 0
1 1
2 1
3 1
4 1
5 1
6 1
7 1

Output 9: 10101010
0 1
1 0
2 1
3 0
4 1
5 0
6 1
7 0

Output bit columns (with bitsum as hash)
0 0101010101 5
1 0111100110 6
2 0010011011 5
3 0100100010 3
4 0100010011 4
5 0111100110 6
6 0010011011 5
7 0100100010 3

Input 0: 10001000
0 1
1 0
2 0
3 0
4 1
5 0
6 0
7 0

Input 1: 01111100
0 0
1 1
2 1
3 1
4 1
5 1
6 0
7 0

Input 2: 10000100
0 1
1 0
2 0
3 0
4 0
5 1
6 0
7 0

Input 3: 10010001
0 1
1 0
2 0
3 1
4 0
5 0
6 0
7 1

Input 4: 10100000
0 1
1 0
2 1
3 0
4 0
5 0
6 0
7 0

Input 5: 11011000
0 1
1 1
2 0
3 1
4 1
5 0
6 0
7 0

Input 6: 10001100
0 1
1 0
2 0
3 0
4 1
5 1
6 0
7 0

Input 7: 00011001
0 0
1 0
2 0
3 1
4 1
5 0
6 0
7 1

Input 8: 00001111
0 0
1 0
2 0
3 0
4 1
5 1
6 1
7 1

Input 9: 10011100
0 1
1 0
2 0
3 1
4 1
5 1
6 0
7 0

When matching output
x: not in operator
y: wrong position

Identity
0 1011111001 7
1 0100010000 2
2 0100100000 2
3 0101010101 5 match 0
4 1100011111 7
5 0110001011 5
6 0000000010 1
7 0001000110 3

Matching output
0 3
1 absent
2 absent
3 absent
4 absent
5 absent
6 absent
7 absent

Left
3 4x
Best: I3: 1

Right
none
Best: none

NOT
0 0100000110 3
1 1011101111 8
2 1011011111 8
3 1010101010 5
4 0011100000 3
5 1001110100 5
6 1111111101 9
7 1110111001 7

Matching output
0 absent
1 absent
2 absent
3 absent
4 absent
5 absent
6 absent
7 absent

Left
none
Best: none

Right
none
Best: none

Constant
0 0000000000 a
1 1111111111 a

Matching output
0 absent
1 absent
2 absent
3 absent
4 absent
5 absent
6 absent
7 absent

Left
none
Best: none

Right
none
Best: none

AND
01 10 0000010000 1
12 21 0100000000 1
23 32 0100000000 1
34 43 0100010101 4
45 54 0100001011 4
56 65 0000000010 1
67 76 0000000010 1
70 07 0001000000 1

02 20 0000100000 1
13 31 0100010000 2
24 42 0100000000 1
35 53 0100000001 2
46 64 0000000010 1
57 75 0000000010 1
60 06 0000000000 a
71 17 0000000000 a

03 30 0001010001 3
14 41 0100010000 2
25 52 0100000000 1
36 63 0000000000 a
47 74 0000000110 2
50 05 0010001001 3
61 16 0000000000 a
72 27 0000000000 a

04 40 1000011001 4
15 51 0100000000 1
26 62 0000000000 a
37 73 0001000100 2

Matching output
0 absent
1 absent
2 absent
3 absent
4 absent
5 absent
6 absent
7 absent

Left
none
Best: none

Right
none
Best: none

OR
01 10 1111111001 8
12 21 0100110000 3
23 32 0101110101 6
34 43 1101011111 8
45 54 1110011111 8
56 65 0110001011 5
67 76 0001000110 3
70 07 1011111111 9

02 20 1111111001 8
13 31 0101010101 5 match 0
24 42 1100111111 8
35 53 0111011111 8
46 64 1100011111 7
57 75 0111001111 7
60 06 1011111011 8
71 17 0101010110 5

03 30 1111111101 9
14 41 1100011111 7
25 52 0110101011 6
36 63 0101010111 6
47 74 1101011111 8
50 05 1111111011 9
61 16 0100010010 3
72 27 0101100110 5

04 40 1111111111 a
15 51 0110011011 6
26 62 0100100010 3 match 3 7
37 73 0101010111 6

Matching output
0 13 31
1 absent
2 absent
3 26 62
4 absent
5 absent
6 absent
7 26 62

Left
13 24x
31 42x
Best: OR13: 1

Right
26 15x
62 51x
Best: OR26: 1

XOR
01 10 1111101001 7
12 21 0000110000 2
23 32 0001110101 5
34 43 1001001010 4
45 54 1010010100 4
56 65 0110001001 4
67 76 0001000100 2
70 07 1010111111 8

02 20 1111011001 7
13 31 0001000101 3
24 42 1000111111 7
35 53 0011011110 6
46 64 1100011101 6
57 75 0111001101 6
60 06 1011111011 8
71 17 0101010110 5

03 30 1110101100 6
14 41 1000001111 5
25 52 0010101011 5
36 63 0101010111 6
47 74 1101011001 6
50 05 1101110010 6
61 16 0100010010 3
72 27 0101100110 5

04 40 0111100110 6 match 1 5
15 51 0010011011 5 match 2 6
26 62 0100100010 3 match 3 7
37 73 0100010011 4 match 4

Matching output
0 absent
1 04 40
2 15 51
3 26 62
4 37 73
5 04 40
6 15 51
7 26 62

Left
none
Best: none

Right
26 15 04 73 62 51 40 37y
62 51 40 37 26 15 04 73y
Best: XOR26 15 04 73 62 51 40: 7

AND-NOT
01 1011101001 6
12 0000010000 1
23 0000100000 1
34 0001000000 1
45 1000010100 3
56 0110001001 4
67 0000000000 a
70 0000000110 2

02 1011011001 6
13 0000000000 a
24 0000100000 1
35 0001010100 3
46 1100011101 6
57 0110001001 4
60 0000000010 1
71 0001000110 3

03 1010101000 4
14 0000000000 a
25 0000100000 1
36 0101010101 5 match 0
47 1100011001 5
50 0100000010 2
61 0000000010 1
72 0001000110 3

04 0011100000 3
15 0000010000 1
26 0100100000 2
37 0100010001 3
40 0100000110 3
51 0010001011 4
62 0000000010 1
73 0000000010 1

05 1001110000 4
16 0100010000 2
27 0100100000 2
30 0100000100 2
41 1000001111 5
52 0010001011 4
63 0000000010 1
74 0001000000 1

06 1011111001 7
17 0100010000 2
20 0100000000 1
31 0001000101 3
42 1000011111 6
53 0010001010 3
64 0000000000 a
75 0001000100 2

07 1010111001 6
10 0100000000 1
21 0000100000 1
32 0001010101 4
43 1000001010 3
54 0010000000 1
65 0000000000 a
76 0001000100 2

Matching output
0 36
1 absent
2 absent
3 absent
4 absent
5 absent
6 absent
7 absent

Left
36 47x
Best: AND-NOT36: 1

Right
none
Best: none

OR-NOT
01 1011111111 9
12 1111011111 9
23 1110101010 6
34 0111110101 7
45 1101111111 9
56 1111111111 a
67 1110111011 8
70 0101000110 4

02 1011111111 9
13 1110111010 7
24 0111100000 4
35 1101110101 7
46 1111111111 a
57 1110111011 8
60 0100000110 3
71 1011101111 8

03 1011111011 8
14 0111110000 5
25 1101110100 6
36 1111111101 9
47 1110111111 9
50 0110001111 6
61 1011101111 8
72 1011011111 8

04 1011111001 7
15 1101110100 6
26 1111111101 9
37 1111111101 9
40 1100011111 7
51 1111101111 9
62 1011011111 8
73 1011101110 7

05 1011111101 8
16 1111111101 9
27 1110111001 7
30 0101010111 6
41 1111111111 a
52 1111011111 9
63 1010101010 5
74 0011100110 5

06 1111111101 9
17 1110111001 7
20 0100100110 4
31 1111111111 a
42 1111011111 9
53 1110101011 7
64 0011100010 4
75 1001110110 6

07 1111111001 8
10 0100010110 4
21 1111101111 9
32 1111011111 9
43 1110111111 9
54 0111101011 7
65 1001110110 6
76 1111111111 a

Matching output
0 absent
1 absent
2 absent
3 absent
4 absent
5 absent
6 absent
7 absent

Left
none
Best: none

Right
none
Best: none

XOR-NOT
01 0000010110 3
12 1111001111 8
23 1110001010 5
34 0110110101 6
45 0101101011 6
56 1001110110 6
67 1110111011 8
70 0101000000 2

02 0000100110 3
13 1110111010 7
24 0111000000 3
35 1100100001 4
46 0011100010 4
57 1000110010 4
60 0100000100 2
71 1010101001 5

03 0001010011 4
14 0111110000 5
25 1101010100 5
36 1010101000 4
47 0010100110 4
50 0010001101 4
61 1011101101 7
72 1010011001 5

04 1000011001 4
15 1101100100 5
26 1011011101 7
37 1011101100 6
40 1000011001 4
51 1101100100 5
62 1011011101 7
73 1011101100 6

05 0010001101 4
16 1011101101 7
27 1010011001 5
30 0001010011 4
41 0111110000 5
52 1101010100 5
63 1010101000 4
74 0010100110 4

06 0100000100 2
17 1010101001 5
20 0000100110 3
31 1110111010 7
42 0111000000 3
53 1100100001 4
64 0011100010 4
75 1000110010 4

07 0101000000 2
10 0000010110 3
21 1111001111 8
32 1110001010 5
43 0110110101 6
54 0101101011 6
65 1001110110 6
76 1110111011 8

Matching output
0 absent
1 absent
2 absent
3 absent
4 absent
5 absent
6 absent
7 absent

Left
none
Best: none

Right
none
Best: none

Selecting

Lefts
Identity I3: 1
NOT none
Constant none
AND none
OR OR13: 1
XOR none
AND-NOT AND-NOT36: 1
OR-NOT none
XOR-NOT none

Rights
Identity none
NOT none
Constant none
AND none
OR OR26: 1
XOR XOR26 15 04 73 62 51 40: 7
AND-NOT none
OR-NOT none
XOR-NOT none

Left longest: 1
Right longest: 7

Right winner: Identity no, NOT no, Constant no, AND no, OR no, XOR yes, AND-NOT no, OR-NOT no, XOR-NOT no
Left winner: Identity yes, NOT no, Constant no, AND no, OR no, XOR no, AND-NOT no, OR-NOT no, XOR-NOT no

Best right: XOR26 15 04 73 62 51 40: 7
Best left: I3: 1

Truncated right: XOR26 15 04 73 62 51 40: 7
Truncated left: I3: 1

Tentative from right
7 XOR26
6 XOR15
5 XOR04
4 XOR73
3 XOR62
2 XOR51
1 XOR40
0 pending

Tentative
0 I3
1 XOR40
2 XOR51
3 XOR62
4 XOR73
5 XOR04
6 XOR15
7 XOR26

Preferred from right
7 XOR26
6 XOR15
5 XOR04
4 XOR73
3 XOR62
2 XOR51
1 XOR40
0 I3

Preferred from left
0 I3
1 XOR40
2 XOR51
3 XOR62
4 XOR73
5 XOR04
6 XOR15
7 XOR26

Preferred
0 I3
1 XOR40
2 XOR51
3 XOR62
4 XOR73
5 XOR04
6 XOR15
7 XOR26

Matching
0 I3
1 XOR40
2 XOR51
3 XOR62
4 XOR73
5 XOR04
6 XOR15
7 XOR26

Perfect match
Identity no
NOT no
Constant no
AND no
OR no
XOR no
AND-NOT no
OR-NOT no
XOR-NOT no

Matched
0 I3
1 XOR40
2 XOR51
3 XOR62
4 XOR73
5 XOR04
6 XOR15
7 XOR26

Selected
0 I3
1 XOR40
2 XOR51
3 XOR62
4 XOR73
5 XOR04
6 XOR15
7 XOR26

Applying to 11011001
Input
0 1
1 1
2 0
3 1
4 1
5 0
6 0
7 1
Output
0 I3 = 1
1 XOR40 = XOR(1,1) = 0
2 XOR51 = XOR(0,1) = 1
3 XOR62 = XOR(0,0) = 0
4 XOR73 = XOR(1,1) = 0
5 XOR04 = XOR(1,1) = 0
6 XOR15 = XOR(1,0) = 1
7 XOR26 = XOR(0,0) = 0

I will now return the answer in \boxed{}
The answer in \boxed{–} is \boxed{10100010}
[correct]
true
