[category]
bit_manipulation
[prompt]
In Alice's Wonderland, a secret bit manipulation rule transforms 8-bit binary numbers. The transformation involves operations like bit shifts, rotations, XOR, AND, OR, NOT, and possibly majority or choice functions.

Here are some examples of input -> output:
00011101 -> 10110100
11000111 -> 00111111
11011000 -> 00100110
10000111 -> 00110111
10110001 -> 01000101
11010010 -> 00110111
11101110 -> 01010111
11111010 -> 01110111
01001000 -> 10110110

Now, determine the output for: 10011001
[completion]
We need to deduce the transformation by matching the example outputs.
I will put my final answer inside \boxed{}.

Output 0: 10110100
0 1
1 0
2 1
3 1
4 0
5 1
6 0
7 0

Output 1: 00111111
0 0
1 0
2 1
3 1
4 1
5 1
6 1
7 1

Output 2: 00100110
0 0
1 0
2 1
3 0
4 0
5 1
6 1
7 0

Output 3: 00110111
0 0
1 0
2 1
3 1
4 0
5 1
6 1
7 1

Output 4: 01000101
0 0
1 1
2 0
3 0
4 0
5 1
6 0
7 1

Output 5: 00110111
0 0
1 0
2 1
3 1
4 0
5 1
6 1
7 1

Output 6: 01010111
0 0
1 1
2 0
3 1
4 0
5 1
6 1
7 1

Output 7: 01110111
0 0
1 1
2 1
3 1
4 0
5 1
6 1
7 1

Output 8: 10110110
0 1
1 0
2 1
3 1
4 0
5 1
6 1
7 0

Output bit columns (with bitsum as hash)
0 100000001 2
1 000010110 3
2 111101011 7
3 110101111 7
4 010000000 1
5 111111111 a
6 011101111 7
7 010111110 6

Input 0: 00011101
0 0
1 0
2 0
3 1
4 1
5 1
6 0
7 1

Input 1: 11000111
0 1
1 1
2 0
3 0
4 0
5 1
6 1
7 1

Input 2: 11011000
0 1
1 1
2 0
3 1
4 1
5 0
6 0
7 0

Input 3: 10000111
0 1
1 0
2 0
3 0
4 0
5 1
6 1
7 1

Input 4: 10110001
0 1
1 0
2 1
3 1
4 0
5 0
6 0
7 1

Input 5: 11010010
0 1
1 1
2 0
3 1
4 0
5 0
6 1
7 0

Input 6: 11101110
0 1
1 1
2 1
3 0
4 1
5 1
6 1
7 0

Input 7: 11111010
0 1
1 1
2 1
3 1
4 1
5 0
6 1
7 0

Input 8: 01001000
0 0
1 1
2 0
3 0
4 1
5 0
6 0
7 0

When matching output
x: not in operator
y: wrong position

Identity
0 011111110 7
1 011001111 6
2 000010110 3 match 1
3 101011010 5
4 101000111 5
5 110100100 4
6 010101110 5
7 110110000 4

Matching output
0 absent
1 2
2 absent
3 absent
4 absent
5 absent
6 absent
7 absent

Left
none
Best: none

Right
none
Best: none

NOT
0 100000001 2 match 0
1 100110000 3
2 111101001 6
3 010100101 4
4 010111000 4
5 001011011 5
6 101010001 4
7 001001111 5

Matching output
0 0
1 absent
2 absent
3 absent
4 absent
5 absent
6 absent
7 absent

Left
0 1x
Best: NOT0: 1

Right
none
Best: none

Constant
0 000000000 a
1 111111111 a match 5

Matching output
0 absent
1 absent
2 absent
3 absent
4 absent
5 C1
6 absent
7 absent

Left
none
Best: none

Right
none
Best: none

AND
01 10 011001110 5
12 21 000000110 2
23 32 000010010 2
34 43 101000010 3
45 54 100000100 2
56 65 010100100 3
67 76 010100000 2
70 07 010110000 3

02 20 000010110 3 match 1
13 31 001001010 3
24 42 000000110 2
35 53 100000000 1
46 64 000000110 2
57 75 110100000 3
60 06 010101110 5
71 17 010000000 1 match 4

03 30 001011010 4
14 41 001000111 4
25 52 000000100 1
36 63 000001010 2
47 74 100000000 1
50 05 010100100 3
61 16 010001110 4
72 27 000010000 1

04 40 001000110 3
15 51 010000100 2
26 62 000000110 2
37 73 100010000 2

Matching output
0 absent
1 02 20
2 absent
3 absent
4 71 17
5 absent
6 absent
7 absent

Left
none
Best: none

Right
none
Best: none

OR
01 10 011111111 8
12 21 011011111 7
23 32 101011110 6
34 43 101011111 7
45 54 111100111 7
56 65 110101110 6
67 76 110111110 7
70 07 111111110 8

02 20 011111110 7
13 31 111011111 8
24 42 101010111 6
35 53 111111110 8
46 64 111101111 8
57 75 110110100 5
60 06 011111110 7
71 17 111111111 a match 5

03 30 111111110 8
14 41 111001111 7
25 52 110110110 6
36 63 111111110 8
47 74 111110111 8
50 05 111111110 8
61 16 011101111 7 match 6
72 27 110110110 6

04 40 111111111 a match 5
15 51 111101111 8
26 62 010111110 6 match 7
37 73 111111010 7

Matching output
0 absent
1 absent
2 absent
3 absent
4 absent
5 71 17 04 40
6 61 16
7 26 62

Left
none
Best: none

Right
26 15x
62 51x
Best: OR26: 1

XOR
01 10 000110001 3
12 21 011011001 5
23 32 101001100 4
34 43 000011101 4
45 54 011100011 5
56 65 100001010 3
67 76 100011110 5
70 07 101001110 5

02 20 011101000 4
13 31 110010101 5
24 42 101010001 4
35 53 011111110 7
46 64 111101001 6
57 75 000010100 2
60 06 001010000 2
71 17 101111111 8

03 30 110100100 4
14 41 110001000 3
25 52 110110010 5
36 63 111110100 6
47 74 011110111 7
50 05 101011010 5
61 16 001100001 3
72 27 110100110 5

04 40 110111001 6
15 51 101101011 6
26 62 010111000 4
37 73 011101010 5

Matching output
0 absent
1 absent
2 absent
3 absent
4 absent
5 absent
6 absent
7 absent

Left
none
Best: none

Right
none
Best: none

AND-NOT
01 000110000 2
12 011001001 4
23 000000100 1
34 000011000 2
45 001000011 3
56 100000000 1
67 000001110 3
70 100000000 1

02 011101000 4
13 010000101 3
24 000010000 1
35 001011010 4
46 101000001 3
57 000000100 1
60 000000000 a
71 100110000 3

03 010100100 3
14 010001000 2
25 000010010 2
36 101010000 3
47 001000111 4
50 100000000 1
61 000100000 1
72 110100000 3

04 010111000 4
15 001001011 4
26 000010000 1
37 001001010 3
40 100000001 2 match 0
51 100100000 2
62 010101000 3
73 010100000 2

05 001011010 4
16 001000001 2
27 000000110 2
30 100000000 1
41 100000000 1
52 110100000 3
63 010100100 3
74 010110000 3

06 001010000 2
17 001001111 5
20 000000000 a
31 100010000 2
42 101000001 3
53 010100100 3
64 010101000 3
75 000010000 1

07 001001110 4
10 000000001 1
21 000010000 1
32 101001000 3
43 000000101 2
54 010100000 2
65 000001010 2
76 100010000 2

Matching output
0 40
1 absent
2 absent
3 absent
4 absent
5 absent
6 absent
7 absent

Left
40 51x
Best: AND-NOT40: 1

Right
none
Best: none

OR-NOT
01 111111110 8
12 111101111 8
23 010110111 6
34 111111010 7
45 101011111 7
56 111110101 7
67 011101111 7 match 6
70 110110001 5

02 111111111 a match 5
13 011101111 7 match 6
24 010111110 6 match 7
35 101011011 6
46 101010111 6
57 111101111 8
60 110101111 7 match 3
71 110110000 4

03 011111111 8
14 011111111 8
25 001011111 6
36 101011011 6
47 101001111 6
50 110100101 5
61 110111110 7
72 111111001 7

04 011111110 7
15 011011111 7
26 101010111 6
37 101011111 7
40 101000111 5
51 110110100 5
62 111101111 8
73 110110101 6

05 011111111 8
16 111011111 8
27 001011111 6
30 101011011 6
41 101110111 7
52 111101101 7
63 010101111 6
74 110111000 5

06 111111111 a match 5
17 011001111 6
20 100010111 5
31 101111010 6
42 111101111 8
53 110100101 5
64 010111110 6 match 7
75 111111011 8

07 011111111 8
10 111001111 7
21 100110110 5
32 111111011 8
43 111100111 7
54 110111100 6
65 011111111 8
76 111110001 6

Matching output
0 absent
1 absent
2 absent
3 60
4 absent
5 02 06
6 67 13
7 24 64

Left
none
Best: none

Right
24 13 02 71x
64 53x
Best: OR-NOT24 13 02: 3

XOR-NOT
01 111001110 6
12 100100110 4
23 010110011 5
34 111100010 5
45 100011100 4
56 011110101 6
67 011100001 4
70 010110001 4

02 100010111 5
13 001101010 4
24 010101110 5
35 100000001 2 match 0
46 000010110 3 match 1
57 111101011 7 match 2
60 110101111 7 match 3
71 010000000 1 match 4

03 001011011 5
14 001110111 6
25 001001101 4
36 000001011 3
47 100001000 2
50 010100101 4
61 110011110 6
72 001011001 4

04 001000110 3
15 010010100 3
26 101000111 5
37 100010101 4
40 001000110 3
51 010010100 3
62 101000111 5
73 100010101 4

05 010100101 4
16 110011110 6
27 001011001 4
30 001011011 5
41 001110111 6
52 001001101 4
63 000001011 3
74 100001000 2

06 110101111 7 match 3
17 010000000 1 match 4
20 100010111 5
31 001101010 4
42 010101110 5
53 100000001 2 match 0
64 000010110 3 match 1
75 111101011 7 match 2

07 010110001 4
10 111001110 6
21 100100110 4
32 010110011 5
43 111100010 5
54 100011100 4
65 011110101 6
76 011100001 4

Matching output
0 35 53
1 46 64
2 57 75
3 60 06
4 71 17
5 absent
6 absent
7 absent

Left
35 46 57 60 71 02x
53 64 75 06 17 20x
Best: XOR-NOT35 46 57 60 71: 5

Right
none
Best: none

Selecting

Lefts
Identity none
NOT NOT0: 1
Constant none
AND none
OR none
XOR none
AND-NOT AND-NOT40: 1
OR-NOT none
XOR-NOT XOR-NOT35 46 57 60 71: 5

Rights
Identity none
NOT none
Constant none
AND none
OR OR26: 1
XOR none
AND-NOT none
OR-NOT OR-NOT24 13 02: 3
XOR-NOT none

Left longest: 5
Right longest: 3

Left winner: Identity no, NOT no, Constant no, AND no, OR no, XOR no, AND-NOT no, OR-NOT no, XOR-NOT yes
Right winner: Identity no, NOT no, Constant no, AND no, OR no, XOR no, AND-NOT no, OR-NOT yes, XOR-NOT no

Best left: XOR-NOT35 46 57 60 71: 5
Best right: OR-NOT24 13 02: 3

Truncated left: XOR-NOT35 46 57 60 71: 5
Truncated right: OR-NOT24 13 02: 3

Tentative from right
7 OR-NOT24
6 OR-NOT13
5 OR-NOT02
4 pending
3 pending
2 pending
1 pending
0 pending

Tentative
0 XOR-NOT35
1 XOR-NOT46
2 XOR-NOT57
3 XOR-NOT60
4 XOR-NOT71
5 OR-NOT02
6 OR-NOT13
7 OR-NOT24

Preferred from left
0 XOR-NOT35
1 XOR-NOT46
2 XOR-NOT57
3 XOR-NOT60
4 XOR-NOT71
5 OR-NOT02
6 OR-NOT13
7 OR-NOT24

Preferred from right
7 OR-NOT24
6 OR-NOT13
5 OR-NOT02
4 XOR-NOT71
3 XOR-NOT60
2 XOR-NOT57
1 XOR-NOT46
0 XOR-NOT35

Preferred
0 XOR-NOT35
1 XOR-NOT46
2 XOR-NOT57
3 XOR-NOT60
4 XOR-NOT71
5 OR-NOT02
6 OR-NOT13
7 OR-NOT24

Matching
0 XOR-NOT35
1 XOR-NOT46
2 XOR-NOT57
3 XOR-NOT60
4 XOR-NOT71
5 OR-NOT02
6 OR-NOT13
7 OR-NOT24

Perfect match
Identity no
NOT no
Constant no
AND no
OR no
XOR no
AND-NOT no
OR-NOT no
XOR-NOT no

Matched
0 XOR-NOT35
1 XOR-NOT46
2 XOR-NOT57
3 XOR-NOT60
4 XOR-NOT71
5 OR-NOT02
6 OR-NOT13
7 OR-NOT24

Selected
0 XOR-NOT35
1 XOR-NOT46
2 XOR-NOT57
3 XOR-NOT60
4 XOR-NOT71
5 OR-NOT02
6 OR-NOT13
7 OR-NOT24

Applying to 10011001
Input
0 1
1 0
2 0
3 1
4 1
5 0
6 0
7 1
Output
0 XOR-NOT35 = XOR(1,NOT(0)) = 0
1 XOR-NOT46 = XOR(1,NOT(0)) = 0
2 XOR-NOT57 = XOR(0,NOT(1)) = 0
3 XOR-NOT60 = XOR(0,NOT(1)) = 0
4 XOR-NOT71 = XOR(1,NOT(0)) = 0
5 OR-NOT02 = OR(1,NOT(0)) = 1
6 OR-NOT13 = OR(0,NOT(1)) = 0
7 OR-NOT24 = OR(0,NOT(1)) = 0

I will now return the answer in \boxed{}
The answer in \boxed{–} is \boxed{00000100}
[correct]
true
