[category]
bit_manipulation
[prompt]
In Alice's Wonderland, a secret bit manipulation rule transforms 8-bit binary numbers. The transformation involves operations like bit shifts, rotations, XOR, AND, OR, NOT, and possibly majority or choice functions.

Here are some examples of input -> output:
11110101 -> 00000001
10010110 -> 00000001
01110000 -> 00000000
10011110 -> 00000001
10100100 -> 00000000
01111110 -> 00000000
10100001 -> 00000000

Now, determine the output for: 00111010
[completion]
We need to deduce the transformation by matching the example outputs.
I will put my final answer inside \boxed{}.

Output 0: 00000001
0 0
1 0
2 0
3 0
4 0
5 0
6 0
7 1

Output 1: 00000001
0 0
1 0
2 0
3 0
4 0
5 0
6 0
7 1

Output 2: 00000000
0 0
1 0
2 0
3 0
4 0
5 0
6 0
7 0

Output 3: 00000001
0 0
1 0
2 0
3 0
4 0
5 0
6 0
7 1

Output 4: 00000000
0 0
1 0
2 0
3 0
4 0
5 0
6 0
7 0

Output 5: 00000000
0 0
1 0
2 0
3 0
4 0
5 0
6 0
7 0

Output 6: 00000000
0 0
1 0
2 0
3 0
4 0
5 0
6 0
7 0

Output bit columns (with bitsum as hash)
0 0000000 a
1 0000000 a
2 0000000 a
3 0000000 a
4 0000000 a
5 0000000 a
6 0000000 a
7 1101000 3

Input 0: 11110101
0 1
1 1
2 1
3 1
4 0
5 1
6 0
7 1

Input 1: 10010110
0 1
1 0
2 0
3 1
4 0
5 1
6 1
7 0

Input 2: 01110000
0 0
1 1
2 1
3 1
4 0
5 0
6 0
7 0

Input 3: 10011110
0 1
1 0
2 0
3 1
4 1
5 1
6 1
7 0

Input 4: 10100100
0 1
1 0
2 1
3 0
4 0
5 1
6 0
7 0

Input 5: 01111110
0 0
1 1
2 1
3 1
4 1
5 1
6 1
7 0

Input 6: 10100001
0 1
1 0
2 1
3 0
4 0
5 0
6 0
7 1

When matching output
x: not in operator
y: wrong position

Identity
0 1101101 5
1 1010010 3
2 1010111 5
3 1111010 5
4 0001010 2
5 1101110 5
6 0101010 3
7 1000001 2

Matching output
0 absent
1 absent
2 absent
3 absent
4 absent
5 absent
6 absent
7 absent

Left
none
Best: none

Right
none
Best: none

NOT
0 0010010 2
1 0101101 4
2 0101000 2
3 0000101 2
4 1110101 5
5 0010001 2
6 1010101 4
7 0111110 5

Matching output
0 absent
1 absent
2 absent
3 absent
4 absent
5 absent
6 absent
7 absent

Left
none
Best: none

Right
none
Best: none

Constant
0 0000000 a match 0 1 2 3 4 5 6
1 1111111 a

Matching output
0 C0
1 C0
2 C0
3 C0
4 C0
5 C0
6 C0
7 absent

Left
0 0 0 0 0 0 0
Best: C0 0 0 0 0 0 0: 7

Right
none
Best: none

AND
01 10 1000000 1
12 21 1010010 3
23 32 1010010 3
34 43 0001010 2
45 54 0001010 2
56 65 0101010 3
67 76 0000000 a match 0 1 2 3 4 5 6
70 07 1000001 2

02 20 1000101 3
13 31 1010010 3
24 42 0000010 1
35 53 1101010 4
46 64 0001010 2
57 75 1000000 1
60 06 0101000 2
71 17 1000000 1

03 30 1101000 3 match 7
14 41 0000010 1
25 52 1000110 3
36 63 0101010 3
47 74 0000000 a match 0 1 2 3 4 5 6
50 05 1101100 4
61 16 0000010 1
72 27 1000001 2

04 40 0001000 1
15 51 1000010 2
26 62 0000010 1
37 73 1000000 1

Matching output
0 67 76 47 74
1 67 76 47 74
2 67 76 47 74
3 67 76 47 74
4 67 76 47 74
5 67 76 47 74
6 67 76 47 74
7 03 30

Left
67 70x
76 07x
47 50x
74 05x
Best: AND67: 1

Right
03 72x
30 27x
Best: AND03: 1

OR
01 10 1111111 a
12 21 1010111 5
23 32 1111111 a
34 43 1111010 5
45 54 1101110 5
56 65 1101110 5
67 76 1101011 5
70 07 1101101 5

02 20 1111111 a
13 31 1111010 5
24 42 1011111 6
35 53 1111110 6
46 64 0101010 3
57 75 1101111 6
60 06 1101111 6
71 17 1010011 4

03 30 1111111 a
14 41 1011010 4
25 52 1111111 a
36 63 1111010 5
47 74 1001011 4
50 05 1101111 6
61 16 1111010 5
72 27 1010111 5

04 40 1101111 6
15 51 1111110 6
26 62 1111111 a
37 73 1111011 6

Matching output
0 absent
1 absent
2 absent
3 absent
4 absent
5 absent
6 absent
7 absent

Left
none
Best: none

Right
none
Best: none

XOR
01 10 0111111 6
12 21 0000101 2
23 32 0101101 4
34 43 1110000 3
45 54 1100100 3
56 65 1000100 2
67 76 1101011 5
70 07 0101100 3

02 20 0111010 4
13 31 0101000 2
24 42 1011101 5
35 53 0010100 2
46 64 0100000 1
57 75 0101111 5
60 06 1000111 4
71 17 0010011 3

03 30 0010111 4
14 41 1011000 3
25 52 0111001 4
36 63 1010000 2
47 74 1001011 4
50 05 0000011 2
61 16 1111000 4
72 27 0010110 3

04 40 1100111 5
15 51 0111100 4
26 62 1111101 6
37 73 0111011 5

Matching output
0 absent
1 absent
2 absent
3 absent
4 absent
5 absent
6 absent
7 absent

Left
none
Best: none

Right
none
Best: none

AND-NOT
01 0101101 4
12 0000000 a match 0 1 2 3 4 5 6
23 0000101 2
34 1110000 3
45 0000000 a match 0 1 2 3 4 5 6
56 1000100 2
67 0101010 3
70 0000000 a match 0 1 2 3 4 5 6

02 0101000 2
13 0000000 a match 0 1 2 3 4 5 6
24 1010101 4
35 0010000 1
46 0000000 a match 0 1 2 3 4 5 6
57 0101110 4
60 0000010 1
71 0000001 1

03 0000101 2
14 1010000 2
25 0010001 2
36 1010000 2
47 0001010 2
50 0000010 1
61 0101000 2
72 0000000 a match 0 1 2 3 4 5 6

04 1100101 4
15 0010000 1
26 1010101 4
37 0111010 4
40 0000010 1
51 0101100 3
62 0101000 2
73 0000001 1

05 0000001 1
16 1010000 2
27 0010110 3
30 0010010 2
41 0001000 1
52 0101000 2
63 0000000 a match 0 1 2 3 4 5 6
74 1000001 2

06 1000101 3
17 0010010 2
20 0010010 2
31 0101000 2
42 0001000 1
53 0000100 1
64 0100000 1
75 0000001 1

07 0101100 3
10 0010010 2
21 0000101 2
32 0101000 2
43 0000000 a match 0 1 2 3 4 5 6
54 1100100 3
65 0000000 a match 0 1 2 3 4 5 6
76 1000001 2

Matching output
0 12 45 70 13 46 72 63 43 65
1 12 45 70 13 46 72 63 43 65
2 12 45 70 13 46 72 63 43 65
3 12 45 70 13 46 72 63 43 65
4 12 45 70 13 46 72 63 43 65
5 12 45 70 13 46 72 63 43 65
6 12 45 70 13 46 72 63 43 65
7 absent

Left
12 23x
45 56x
70 01x
13 24x
46 57x
72 03x
63 74x
43 54x
65 76x
Best: AND-NOT12: 1

Right
none
Best: none

OR-NOT
01 1101101 5
12 1111010 5
23 1010111 5
34 1111111 a
45 0011011 4
56 1111111 a
67 0111110 5
70 1010011 4

02 1101101 5
13 1010111 5
24 1110111 6
35 1111011 6
46 1011111 6
57 1111110 6
60 0111010 4
71 1101101 5

03 1101101 5
14 1110111 6
25 1010111 5
36 1111111 a
47 0111110 5
50 1111110 6
61 0101111 5
72 1101001 4

04 1111101 6
15 1010011 4
26 1010111 5
37 1111110 6
40 0011010 3
51 1101111 6
62 0101010 3
73 1000101 3

05 1111101 6
16 1010111 5
27 1111111 a
30 1111010 5
41 0101111 5
52 1101110 5
63 0101111 5
74 1110101 5

06 1111101 6
17 1111110 6
20 1010111 5
31 1111111 a
42 0101010 3
53 1101111 6
64 1111111 a
75 1010001 3

07 1111111 a
10 1010010 3
21 1111111 a
32 1111010 5
43 0001111 4
54 1111111 a
65 0111011 5
76 1010101 4

Matching output
0 absent
1 absent
2 absent
3 absent
4 absent
5 absent
6 absent
7 absent

Left
none
Best: none

Right
none
Best: none

XOR-NOT
01 1000000 1
12 1111010 5
23 1010010 3
34 0001111 4
45 0011011 4
56 0111011 5
67 0010100 2
70 1010011 4

02 1000101 3
13 1010111 5
24 0100010 2
35 1101011 5
46 1011111 6
57 1010000 2
60 0111000 3
71 1101100 4

03 1101000 3 match 7
14 0100111 4
25 1000110 3
36 0101111 5
47 0110100 3
50 1111100 5
61 0000111 3
72 1101001 4

04 0011000 2
15 1000011 3
26 0000010 1
37 1000100 2
40 0011000 2
51 1000011 3
62 0000010 1
73 1000100 2

05 1111100 5
16 0000111 3
27 1101001 4
30 1101000 3 match 7
41 0100111 4
52 1000110 3
63 0101111 5
74 0110100 3

06 0111000 3
17 1101100 4
20 1000101 3
31 1010111 5
42 0100010 2
53 1101011 5
64 1011111 6
75 1010000 2

07 1010011 4
10 1000000 1
21 1111010 5
32 1010010 3
43 0001111 4
54 0011011 4
65 0111011 5
76 0010100 2

Matching output
0 absent
1 absent
2 absent
3 absent
4 absent
5 absent
6 absent
7 03 30

Left
none
Best: none

Right
03 72x
30 27x
Best: XOR-NOT03: 1

Selecting

Lefts
Identity none
NOT none
Constant C0 0 0 0 0 0 0: 7
AND AND67: 1
OR none
XOR none
AND-NOT AND-NOT12: 1
OR-NOT none
XOR-NOT none

Rights
Identity none
NOT none
Constant none
AND AND03: 1
OR none
XOR none
AND-NOT none
OR-NOT none
XOR-NOT XOR-NOT03: 1

Left longest: 7
Right longest: 1

Left winner: Identity no, NOT no, Constant yes, AND no, OR no, XOR no, AND-NOT no, OR-NOT no, XOR-NOT no
Right winner: Identity no, NOT no, Constant no, AND yes, OR no, XOR no, AND-NOT no, OR-NOT no, XOR-NOT no

Best left: C0 0 0 0 0 0 0: 7
Best right: AND03: 1

Truncated left: C0 0 0 0 0 0 0: 7
Truncated right: AND03: 1

Tentative from right
7 AND03
6 pending
5 pending
4 pending
3 pending
2 pending
1 pending
0 pending

Tentative
0 C0
1 C0
2 C0
3 C0
4 C0
5 C0
6 C0
7 AND03

Preferred from left
0 C0
1 C0
2 C0
3 C0
4 C0
5 C0
6 C0
7 AND03

Preferred from right
7 AND03
6 C0
5 C0
4 C0
3 C0
2 C0
1 C0
0 C0

Preferred
0 C0
1 C0
2 C0
3 C0
4 C0
5 C0
6 C0
7 AND03

Matching
0 C0
1 C0
2 C0
3 C0
4 C0
5 C0
6 C0
7 AND03

Perfect match
Identity no
NOT no
Constant no
AND no
OR no
XOR no
AND-NOT no
OR-NOT no
XOR-NOT no

Matched
0 C0
1 C0
2 C0
3 C0
4 C0
5 C0
6 C0
7 AND03

Selected
0 C0
1 C0
2 C0
3 C0
4 C0
5 C0
6 C0
7 AND03

Applying to 00111010
Input
0 0
1 0
2 1
3 1
4 1
5 0
6 1
7 0
Output
0 C0 = 0
1 C0 = 0
2 C0 = 0
3 C0 = 0
4 C0 = 0
5 C0 = 0
6 C0 = 0
7 AND03 = AND(0,1) = 0

I will now return the answer in \boxed{}
The answer in \boxed{–} is \boxed{00000000}
[correct]
true
