[category]
bit_manipulation
[prompt]
In Alice's Wonderland, a secret bit manipulation rule transforms 8-bit binary numbers. The transformation involves operations like bit shifts, rotations, XOR, AND, OR, NOT, and possibly majority or choice functions.

Here are some examples of input -> output:
10100110 -> 00110101
01001010 -> 01010010
00010100 -> 10100000
01011101 -> 11101010
10101111 -> 01111101
00000111 -> 00111000
00001100 -> 01100000
00110111 -> 10111001
11110101 -> 10101111

Now, determine the output for: 01000010
[completion]
We need to deduce the transformation by matching the example outputs.
I will put my final answer inside \boxed{}.

Output 0: 00110101
0 0
1 0
2 1
3 1
4 0
5 1
6 0
7 1

Output 1: 01010010
0 0
1 1
2 0
3 1
4 0
5 0
6 1
7 0

Output 2: 10100000
0 1
1 0
2 1
3 0
4 0
5 0
6 0
7 0

Output 3: 11101010
0 1
1 1
2 1
3 0
4 1
5 0
6 1
7 0

Output 4: 01111101
0 0
1 1
2 1
3 1
4 1
5 1
6 0
7 1

Output 5: 00111000
0 0
1 0
2 1
3 1
4 1
5 0
6 0
7 0

Output 6: 01100000
0 0
1 1
2 1
3 0
4 0
5 0
6 0
7 0

Output 7: 10111001
0 1
1 0
2 1
3 1
4 1
5 0
6 0
7 1

Output 8: 10101111
0 1
1 0
2 1
3 0
4 1
5 1
6 1
7 1

Output bit columns (with bitsum as hash)
0 001100011 4
1 010110100 4
2 101111111 8
3 110011010 5
4 000111011 5
5 100010001 3
6 010100001 3
7 100010011 4

Input 0: 10100110
0 1
1 0
2 1
3 0
4 0
5 1
6 1
7 0

Input 1: 01001010
0 0
1 1
2 0
3 0
4 1
5 0
6 1
7 0

Input 2: 00010100
0 0
1 0
2 0
3 1
4 0
5 1
6 0
7 0

Input 3: 01011101
0 0
1 1
2 0
3 1
4 1
5 1
6 0
7 1

Input 4: 10101111
0 1
1 0
2 1
3 0
4 1
5 1
6 1
7 1

Input 5: 00000111
0 0
1 0
2 0
3 0
4 0
5 1
6 1
7 1

Input 6: 00001100
0 0
1 0
2 0
3 0
4 1
5 1
6 0
7 0

Input 7: 00110111
0 0
1 0
2 1
3 1
4 0
5 1
6 1
7 1

Input 8: 11110101
0 1
1 1
2 1
3 1
4 0
5 1
6 0
7 1

When matching output
x: not in operator
y: wrong position

Identity
0 100010001 3 match 5
1 010100001 3 match 6
2 100010011 4 match 7
3 001100011 4 match 0
4 010110100 4 match 1
5 101111111 8 match 2
6 110011010 5 match 3
7 000111011 5 match 4

Matching output
0 3
1 4
2 5
3 6
4 7
5 0
6 1
7 2

Left
3 4 5 6 7 0 1 2
Best: I3 4 5 6 7 0 1 2: 8

Right
2 1 0 7 6 5 4 3
Best: I2 1 0 7 6 5 4 3: 8

NOT
0 011101110 6
1 101011110 6
2 011101100 5
3 110011100 5
4 101001011 5
5 010000000 1
6 001100101 4
7 111000100 4

Matching output
0 absent
1 absent
2 absent
3 absent
4 absent
5 absent
6 absent
7 absent

Left
none
Best: none

Right
none
Best: none

Constant
0 000000000 a
1 111111111 a

Matching output
0 absent
1 absent
2 absent
3 absent
4 absent
5 absent
6 absent
7 absent

Left
none
Best: none

Right
none
Best: none

AND
01 10 000000001 1
12 21 000000001 1
23 32 000000011 2
34 43 000100000 1
45 54 000110100 3
56 65 100011010 4
67 76 000011010 3
70 07 000010001 2

02 20 100010001 3 match 5
13 31 000100001 2
24 42 000010000 1
35 53 001100011 4 match 0
46 64 010010000 2
57 75 000111011 5 match 4
60 06 100010000 2
71 17 000100001 2

03 30 000000001 1
14 41 010100000 2
25 52 100010011 4 match 7
36 63 000000010 1
47 74 000110000 2
50 05 100010001 3 match 5
61 16 010000000 1
72 27 000010011 3

04 40 000010000 1
15 51 000100001 2
26 62 100010010 3
37 73 000100011 3

Matching output
0 35 53
1 absent
2 absent
3 absent
4 57 75
5 02 20 50 05
6 absent
7 25 52

Left
35 46x
53 64x
Best: AND35: 1

Right
25 14x
52 41x
Best: AND25: 1

OR
01 10 110110001 5
12 21 110110011 6
23 32 101110011 6
34 43 011110111 7
45 54 111111111 a
56 65 111111111 a
67 76 110111011 7
70 07 100111011 6

02 20 100010011 4 match 7
13 31 011100011 5
24 42 110110111 7
35 53 101111111 8 match 2
46 64 110111110 7
57 75 101111111 8 match 2
60 06 110011011 6
71 17 010111011 6

03 30 101110011 6
14 41 010110101 5
25 52 101111111 8 match 2
36 63 111111011 8
47 74 010111111 7
50 05 101111111 8 match 2
61 16 110111011 7
72 27 100111011 6

04 40 110110101 6
15 51 111111111 a
26 62 110011011 6
37 73 001111011 6

Matching output
0 absent
1 absent
2 35 53 57 75 25 52 50 05
3 absent
4 absent
5 absent
6 absent
7 02 20

Left
none
Best: none

Right
02 71x
20 17x
Best: OR02: 1

XOR
01 10 110110000 4
12 21 110110010 5
23 32 101110000 4
34 43 011010111 6
45 54 111001011 6
56 65 011100101 5
67 76 110100001 4
70 07 100101010 4

02 20 000000010 1
13 31 011000010 3
24 42 110100111 6
35 53 100011100 4
46 64 100101110 5
57 75 101000100 3
60 06 010001011 4
71 17 010011010 4

03 30 101110010 5
14 41 000010101 3
25 52 001101100 4
36 63 111111001 7
47 74 010001111 5
50 05 001101110 5
61 16 100111011 6
72 27 100101000 3

04 40 110100101 5
15 51 111011110 7
26 62 010001001 3
37 73 001011000 3

Matching output
0 absent
1 absent
2 absent
3 absent
4 absent
5 absent
6 absent
7 absent

Left
none
Best: none

Right
none
Best: none

AND-NOT
01 100010000 2
12 010100000 2
23 100010000 2
34 001000011 3
45 010000000 1
56 001100101 4
67 110000000 2
70 000101010 3

02 000000000 a
13 010000000 1
24 100000011 3
35 000000000 a
46 000100100 2
57 101000100 3
60 010001010 3
71 000011010 3

03 100010000 2
14 000000001 1
25 000000000 a
36 001100001 3
47 010000100 2
50 001101110 5
61 100011010 4
72 000101000 2

04 100000001 2
15 010000000 1
26 000000001 1
37 001000000 1
40 010100100 3
51 101011110 6
62 010001000 2
73 000011000 2

05 000000000 a
16 000100001 2
27 100000000 1
30 001100010 3
41 000010100 2
52 001101100 4
63 110011000 4
74 000001011 3

06 000000001 1
17 010000000 1
20 000000010 1
31 001000010 2
42 010100100 3
53 100011100 4
64 100001010 3
75 000000000 a

07 100000000 1
10 010100000 2
21 100010010 3
32 001100000 2
43 010010100 3
54 101001011 5
65 010000000 1
76 000100001 2

Matching output
0 absent
1 absent
2 absent
3 absent
4 absent
5 absent
6 absent
7 absent

Left
none
Best: none

Right
none
Best: none

OR-NOT
01 101011111 7
12 011101101 6
23 110011111 7
34 101101011 6
45 010110100 4 match 1
56 101111111 8 match 2
67 111011110 7
70 011111111 8

02 111111101 8
13 110111101 7
24 101011011 6
35 011100011 5
46 011110101 6
57 111111111 a
60 111111110 8
71 101111111 8 match 2

03 110011101 6
14 111101011 7
25 110010011 5
36 001100111 5
47 111110100 6
50 111111111 a
61 111011110 7
72 011111111 8

04 101011011 6
15 010100001 3 match 6
26 101110111 7
37 111100111 7
40 011111110 7
51 101111111 8 match 2
62 111111110 8
73 110111111 8

05 110010001 4
16 011100101 5
27 111010111 7
30 011101111 7
41 111111110 8
52 111111111 a
63 110011110 6
74 101111011 7

06 101110101 6
17 111100101 6
20 111111111 a
31 101111111 8 match 2
42 011111100 6
53 111111111 a
64 111011011 7
75 010111011 6

07 111010101 6
10 011101111 7
21 101011111 7
32 011101111 7
43 110111100 6
54 101111111 8 match 2
65 110011010 5 match 3
76 001111111 7

Matching output
0 absent
1 45
2 56 71 51 31 54
3 65
4 absent
5 absent
6 15
7 absent

Left
none
Best: none

Right
none
Best: none

XOR-NOT
01 001001111 5
12 001001101 4
23 010001111 5
34 100101000 3
45 000110100 3
56 100011010 4
67 001011110 5
70 011010101 5

02 111111101 8
13 100111101 6
24 001011000 3
35 011100011 5
46 011010001 4
57 010111011 6
60 101110100 5
71 101100101 5

03 010001101 4
14 111101010 6
25 110010011 5
36 000000110 2
47 101110000 4
50 110010001 4
61 011000100 3
72 011010111 6

04 001011010 4
15 000100001 2
26 101110110 6
37 110100111 6
40 001011010 4
51 000100001 2
62 101110110 6
73 110100111 6

05 110010001 4
16 011000100 3
27 011010111 6
30 010001101 4
41 111101010 6
52 110010011 5
63 000000110 2
74 101110000 4

06 101110100 5
17 101100101 5
20 111111101 8
31 100111101 6
42 001011000 3
53 011100011 5
64 011010001 4
75 010111011 6

07 011010101 5
10 001001111 5
21 001001101 4
32 010001111 5
43 100101000 3
54 000110100 3
65 100011010 4
76 001011110 5

Matching output
0 absent
1 absent
2 absent
3 absent
4 absent
5 absent
6 absent
7 absent

Left
none
Best: none

Right
none
Best: none

Selecting

Lefts
Identity I3 4 5 6 7 0 1 2: 8
NOT none
Constant none
AND AND35: 1
OR none
XOR none
AND-NOT none
OR-NOT none
XOR-NOT none

Rights
Identity I2 1 0 7 6 5 4 3: 8
NOT none
Constant none
AND AND25: 1
OR OR02: 1
XOR none
AND-NOT none
OR-NOT none
XOR-NOT none

Left longest: 8
Right longest: 8

Left winner: Identity yes, NOT no, Constant no, AND no, OR no, XOR no, AND-NOT no, OR-NOT no, XOR-NOT no
Right winner: Identity yes, NOT no, Constant no, AND no, OR no, XOR no, AND-NOT no, OR-NOT no, XOR-NOT no

Best left: I3 4 5 6 7 0 1 2: 8
Best right: I2 1 0 7 6 5 4 3: 8

Truncated left: I3 4 5 6 7 0 1 2: 8
Truncated right: none truncated

Tentative from right
7 pending
6 pending
5 pending
4 pending
3 pending
2 pending
1 pending
0 pending

Tentative
0 I3
1 I4
2 I5
3 I6
4 I7
5 I0
6 I1
7 I2

Preferred from left
0 I3
1 I4
2 I5
3 I6
4 I7
5 I0
6 I1
7 I2

Preferred from right
7 I2
6 I1
5 I0
4 I7
3 I6
2 I5
1 I4
0 I3

Preferred
0 I3
1 I4
2 I5
3 I6
4 I7
5 I0
6 I1
7 I2

Matching
0 I3
1 I4
2 I5
3 I6
4 I7
5 I0
6 I1
7 I2

Perfect match
Identity no
NOT no
Constant no
AND no
OR no
XOR no
AND-NOT no
OR-NOT no
XOR-NOT no

Matched
0 I3
1 I4
2 I5
3 I6
4 I7
5 I0
6 I1
7 I2

Selected
0 I3
1 I4
2 I5
3 I6
4 I7
5 I0
6 I1
7 I2

Applying to 01000010
Input
0 0
1 1
2 0
3 0
4 0
5 0
6 1
7 0
Output
0 I3 = 0
1 I4 = 0
2 I5 = 0
3 I6 = 1
4 I7 = 0
5 I0 = 0
6 I1 = 1
7 I2 = 0

I will now return the answer in \boxed{}
The answer in \boxed{–} is \boxed{00010010}
[correct]
true
