[category]
bit_manipulation
[prompt]
In Alice's Wonderland, a secret bit manipulation rule transforms 8-bit binary numbers. The transformation involves operations like bit shifts, rotations, XOR, AND, OR, NOT, and possibly majority or choice functions.

Here are some examples of input -> output:
00101111 -> 01111010
01001110 -> 01110100
00101011 -> 01011010
00110001 -> 10001011
11110010 -> 10011111
10111111 -> 11110011
11011101 -> 11100101
00101110 -> 01110010
00100010 -> 00010010

Now, determine the output for: 10000010
[completion]
We need to deduce the transformation by matching the example outputs.
I will put my final answer inside \boxed{}.

Output 0: 01111010
0 0
1 1
2 1
3 1
4 1
5 0
6 1
7 0

Output 1: 01110100
0 0
1 1
2 1
3 1
4 0
5 1
6 0
7 0

Output 2: 01011010
0 0
1 1
2 0
3 1
4 1
5 0
6 1
7 0

Output 3: 10001011
0 1
1 0
2 0
3 0
4 1
5 0
6 1
7 1

Output 4: 10011111
0 1
1 0
2 0
3 1
4 1
5 1
6 1
7 1

Output 5: 11110011
0 1
1 1
2 1
3 1
4 0
5 0
6 1
7 1

Output 6: 11100101
0 1
1 1
2 1
3 0
4 0
5 1
6 0
7 1

Output 7: 01110010
0 0
1 1
2 1
3 1
4 0
5 0
6 1
7 0

Output 8: 00010010
0 0
1 0
2 0
3 1
4 0
5 0
6 1
7 0

Output bit columns (with bitsum as hash)
0 000111100 4
1 111001110 6
2 110001110 5
3 111011011 7
4 101110000 4
5 010010100 3
6 101111011 7
7 000111100 4

Input 0: 00101111
0 0
1 0
2 1
3 0
4 1
5 1
6 1
7 1

Input 1: 01001110
0 0
1 1
2 0
3 0
4 1
5 1
6 1
7 0

Input 2: 00101011
0 0
1 0
2 1
3 0
4 1
5 0
6 1
7 1

Input 3: 00110001
0 0
1 0
2 1
3 1
4 0
5 0
6 0
7 1

Input 4: 11110010
0 1
1 1
2 1
3 1
4 0
5 0
6 1
7 0

Input 5: 10111111
0 1
1 0
2 1
3 1
4 1
5 1
6 1
7 1

Input 6: 11011101
0 1
1 1
2 0
3 1
4 1
5 1
6 0
7 1

Input 7: 00101110
0 0
1 0
2 1
3 0
4 1
5 1
6 1
7 0

Input 8: 00100010
0 0
1 0
2 1
3 0
4 0
5 0
6 1
7 0

When matching output
x: not in operator
y: wrong position

Identity
0 000011100 3
1 010010100 3 match 5
2 101111011 7 match 6
3 000111100 4 match 0 7
4 111001110 6 match 1
5 110001110 5 match 2
6 111011011 7 match 3
7 101101100 5

Matching output
0 3
1 4
2 5
3 6
4 absent
5 1
6 2
7 3

Left
3 4 5 6 7x
Best: I3 4 5 6: 4

Right
3 2 1 0x
Best: I3 2 1: 3

NOT
0 111100011 6
1 101101011 6
2 010000100 2
3 111000011 5
4 000110001 3
5 001110001 4
6 000100100 2
7 010010011 4

Matching output
0 absent
1 absent
2 absent
3 absent
4 absent
5 absent
6 absent
7 absent

Left
none
Best: none

Right
none
Best: none

Constant
0 000000000 a
1 111111111 a

Matching output
0 absent
1 absent
2 absent
3 absent
4 absent
5 absent
6 absent
7 absent

Left
none
Best: none

Right
none
Best: none

AND
01 10 000010100 2
12 21 000010000 1
23 32 000111000 3
34 43 000001100 2
45 54 110001110 5 match 2
56 65 110001010 4
67 76 101001000 3
70 07 000001100 2

02 20 000011000 2
13 31 000010100 2
24 42 101001010 4
35 53 000001100 2
46 64 111001010 5
57 75 100001100 3
60 06 000011000 2
71 17 000000100 1

03 30 000011100 3
14 41 010000100 2
25 52 100001010 3
36 63 000011000 2
47 74 101001100 4
50 05 000001100 2
61 16 010010000 2
72 27 101101000 4

04 40 000001100 2
15 51 010000100 2
26 62 101011011 6
37 73 000101100 3

Matching output
0 absent
1 absent
2 45 54
3 absent
4 absent
5 absent
6 absent
7 absent

Left
none
Best: none

Right
none
Best: none

OR
01 10 010011100 4
12 21 111111111 a
23 32 101111111 8
34 43 111111110 8
45 54 111001110 6 match 1
56 65 111011111 8
67 76 111111111 a
70 07 101111100 6

02 20 101111111 8
13 31 010111100 5
24 42 111111111 a
35 53 110111110 7
46 64 111011111 8
57 75 111101110 7
60 06 111011111 8
71 17 111111100 7

03 30 000111100 4 match 0 7
14 41 111011110 7
25 52 111111111 a
36 63 111111111 a
47 74 111101110 7
50 05 110011110 6
61 16 111011111 8
72 27 101111111 8

04 40 111011110 7
15 51 110011110 6
26 62 111111011 8
37 73 101111100 6

Matching output
0 03 30
1 45 54
2 absent
3 absent
4 absent
5 absent
6 absent
7 03 30

Left
03 14x
30 41x
Best: OR03: 1

Right
03 72x
30 27x
Best: OR03: 1

XOR
01 10 010001000 2
12 21 111101111 8
23 32 101000111 5
34 43 111110010 6
45 54 001000000 1
56 65 001010101 4
67 76 010110111 6
70 07 101110000 4 match 4

02 20 101100111 6
13 31 010101000 3
24 42 010110101 5
35 53 110110010 5
46 64 000010101 3
57 75 011100010 4
60 06 111000111 6
71 17 111111000 6

03 30 000100000 1
14 41 101011010 5
25 52 011110101 6
36 63 111100111 7
47 74 010100010 3
50 05 110010010 4
61 16 101001111 6
72 27 000010111 4

04 40 111010010 5
15 51 100011010 4
26 62 010100000 2
37 73 101010000 3

Matching output
0 absent
1 absent
2 absent
3 absent
4 70 07
5 absent
6 absent
7 absent

Left
none
Best: none

Right
none
Best: none

AND-NOT
01 000001000 1
12 010000100 2
23 101000011 4
34 000110000 2
45 001000000 1
56 000000100 1
67 010010011 4
70 101100000 3

02 000000100 1
13 010000000 1
24 000110001 3
35 000110000 2
46 000000100 1
57 010000010 2
60 111000011 5
71 101101000 4

03 000000000 a
14 000010000 1
25 001110001 4
36 000100100 2
47 010000010 2
50 110000010 3
61 101001011 5
72 000000100 1

04 000010000 1
15 000010000 1
26 000100000 1
37 000010000 1
40 111000010 4
51 100001010 3
62 010000000 1
73 101000000 2

05 000010000 1
16 000000100 1
27 000010011 3
30 000100000 1
41 101001010 4
52 010000100 2
63 111000011 5
74 000100000 1

06 000000100 1
17 010010000 2
20 101100011 5
31 000101000 2
42 010000100 2
53 110000010 3
64 000010001 2
75 001100000 2

07 000010000 1
10 010000000 1
21 101101011 6
32 000000100 1
43 111000010 4
54 000000000 a
65 001010001 3
76 000100100 2

Matching output
0 absent
1 absent
2 absent
3 absent
4 absent
5 absent
6 absent
7 absent

Left
none
Best: none

Right
none
Best: none

OR-NOT
01 101111111 8
12 010010100 3 match 5
23 111111011 8
34 000111101 5
45 111111111 a
56 110101110 6
67 111011011 7 match 3
70 111101111 8

02 010011100 4
13 111010111 7
24 101111011 7 match 6
35 001111101 6
46 111101110 7
57 110011111 7
60 111111011 8
71 101101111 7

03 111011111 8
14 010110101 5
25 101111011 7 match 6
36 000111100 4 match 0 7
47 111011111 8
50 111101111 8
61 111111011 8
72 111101100 6

04 000111101 5
15 011110101 6
26 101111111 8
37 010111111 7
40 111101111 8
51 111101111 8
62 111011111 8
73 111101111 8

05 001111101 6
16 010110100 4
27 111111011 8
30 111111111 a
41 111101111 8
52 110001110 5 match 2
63 111011011 7 match 3
74 101111101 7

06 000111100 4 match 0 7
17 010010111 5
20 111111011 8
31 101111111 8
42 111001110 6 match 1
53 111001111 7
64 111111011 8
75 101111101 7

07 010011111 6
10 111110111 8
21 101111011 7 match 6
32 010111100 5
43 111001111 7
54 110111111 8
65 111111011 8
76 101101100 5

Matching output
0 36 06
1 42
2 52
3 67 63
4 absent
5 12
6 24 25 21
7 36 06

Left
36 47x
06 17x
Best: OR-NOT36: 1

Right
36 25 14x
06 75x
Best: OR-NOT36 25: 2

XOR-NOT
01 101110111 7
12 000010000 1
23 010111000 4
34 000001101 3
45 110111111 8
56 110101010 5
67 101001000 3
70 010001111 5

02 010011000 3
13 101010111 6
24 101001010 4
35 001001101 4
46 111101010 6
57 100011101 5
60 000111000 3
71 000000111 3

03 111011111 8
14 010100101 4
25 100001010 3
36 000011000 2
47 101011101 6
50 001101101 5
61 010110000 3
72 111101000 5

04 000101101 4
15 011100101 5
26 101011111 7
37 010101111 6
40 000101101 4
51 011100101 5
62 101011111 7
73 010101111 6

05 001101101 5
16 010110000 3
27 111101000 5
30 111011111 8
41 010100101 4
52 100001010 3
63 000011000 2
74 101011101 6

06 000111000 3
17 000000111 3
20 010011000 3
31 101010111 6
42 101001010 4
53 001001101 4
64 111101010 6
75 100011101 5

07 010001111 5
10 101110111 7
21 000010000 1
32 010111000 4
43 000001101 3
54 110111111 8
65 110101010 5
76 101001000 3

Matching output
0 absent
1 absent
2 absent
3 absent
4 absent
5 absent
6 absent
7 absent

Left
none
Best: none

Right
none
Best: none

Selecting

Lefts
Identity I3 4 5 6: 4
NOT none
Constant none
AND none
OR OR03: 1
XOR none
AND-NOT none
OR-NOT OR-NOT36: 1
XOR-NOT none

Rights
Identity I3 2 1: 3
NOT none
Constant none
AND none
OR OR03: 1
XOR none
AND-NOT none
OR-NOT OR-NOT36 25: 2
XOR-NOT none

Left longest: 4
Right longest: 3

Left winner: Identity yes, NOT no, Constant no, AND no, OR no, XOR no, AND-NOT no, OR-NOT no, XOR-NOT no
Right winner: Identity yes, NOT no, Constant no, AND no, OR no, XOR no, AND-NOT no, OR-NOT no, XOR-NOT no

Best left: I3 4 5 6: 4
Best right: I3 2 1: 3

Truncated left: I3 4 5 6: 4
Truncated right: I3 2 1: 3

Tentative from right
7 I3
6 I2
5 I1
4 pending
3 pending
2 pending
1 pending
0 pending

Tentative
0 I3
1 I4
2 I5
3 I6
4 pending
5 I1
6 I2
7 I3

Preferred from left
0 I3
1 I4
2 I5
3 I6
4 ?7?
5 I1
6 I2
7 I3

Preferred from right
7 I3
6 I2
5 I1
4 ?70
3 I6
2 I5
1 I4
0 I3

Preferred
0 I3
1 I4
2 I5
3 I6
4 ?70 ?07
5 I1
6 I2
7 I3

Matching
0 I3
1 I4
2 I5
3 I6
4 ?70 ?07 - Identity absent, NOT absent, Constant absent, AND absent, OR absent, XOR70, AND-NOT absent, OR-NOT absent, XOR-NOT absent
5 I1
6 I2
7 I3

Perfect match
Identity no
NOT no
Constant no
AND no
OR no
XOR yes
AND-NOT no
OR-NOT no
XOR-NOT no

Matched
0 I3
1 I4
2 I5
3 I6
4 XOR70
5 I1
6 I2
7 I3

Selected
0 I3
1 I4
2 I5
3 I6
4 XOR70
5 I1
6 I2
7 I3

Applying to 10000010
Input
0 1
1 0
2 0
3 0
4 0
5 0
6 1
7 0
Output
0 I3 = 0
1 I4 = 0
2 I5 = 0
3 I6 = 1
4 XOR70 = XOR(0,1) = 1
5 I1 = 0
6 I2 = 0
7 I3 = 0

I will now return the answer in \boxed{}
The answer in \boxed{–} is \boxed{00011000}
[correct]
true
