[category]
bit_manipulation
[prompt]
In Alice's Wonderland, a secret bit manipulation rule transforms 8-bit binary numbers. The transformation involves operations like bit shifts, rotations, XOR, AND, OR, NOT, and possibly majority or choice functions.

Here are some examples of input -> output:
11100111 -> 01111000
11111111 -> 11111111
01101101 -> 10011001
10000010 -> 00100000
01000010 -> 00000000
10101101 -> 10110001
00010010 -> 00000000
00011100 -> 10000011

Now, determine the output for: 10101001
[completion]
We need to deduce the transformation by matching the example outputs.
I will put my final answer inside \boxed{}.

Output 0: 01111000
0 0
1 1
2 1
3 1
4 1
5 0
6 0
7 0

Output 1: 11111111
0 1
1 1
2 1
3 1
4 1
5 1
6 1
7 1

Output 2: 10011001
0 1
1 0
2 0
3 1
4 1
5 0
6 0
7 1

Output 3: 00100000
0 0
1 0
2 1
3 0
4 0
5 0
6 0
7 0

Output 4: 00000000
0 0
1 0
2 0
3 0
4 0
5 0
6 0
7 0

Output 5: 10110001
0 1
1 0
2 1
3 1
4 0
5 0
6 0
7 1

Output 6: 00000000
0 0
1 0
2 0
3 0
4 0
5 0
6 0
7 0

Output 7: 10000011
0 1
1 0
2 0
3 0
4 0
5 0
6 1
7 1

Output bit columns (with bitsum as hash)
0 01100101 4
1 11000000 2
2 11010100 4
3 11100100 4
4 11100000 3
5 01000000 1
6 01000001 2
7 01100101 4

Input 0: 11100111
0 1
1 1
2 1
3 0
4 0
5 1
6 1
7 1

Input 1: 11111111
0 1
1 1
2 1
3 1
4 1
5 1
6 1
7 1

Input 2: 01101101
0 0
1 1
2 1
3 0
4 1
5 1
6 0
7 1

Input 3: 10000010
0 1
1 0
2 0
3 0
4 0
5 0
6 1
7 0

Input 4: 01000010
0 0
1 1
2 0
3 0
4 0
5 0
6 1
7 0

Input 5: 10101101
0 1
1 0
2 1
3 0
4 1
5 1
6 0
7 1

Input 6: 00010010
0 0
1 0
2 0
3 1
4 0
5 0
6 1
7 0

Input 7: 00011100
0 0
1 0
2 0
3 1
4 1
5 1
6 0
7 0

When matching output
x: not in operator
y: wrong position

Identity
0 11010100 4 match 2
1 11101000 4
2 11100100 4 match 3
3 01000011 3
4 01100101 4 match 0 7
5 11100101 5
6 11011010 5
7 11100100 4 match 3

Matching output
0 4
1 absent
2 0
3 2 7
4 absent
5 absent
6 absent
7 4

Left
4 5x
Best: I4: 1

Right
4 3x
Best: I4: 1

NOT
0 00101011 4
1 00010111 4
2 00011011 4
3 10111100 5
4 10011010 4
5 00011010 3
6 00100101 3
7 00011011 4

Matching output
0 absent
1 absent
2 absent
3 absent
4 absent
5 absent
6 absent
7 absent

Left
none
Best: none

Right
none
Best: none

Constant
0 00000000 a
1 11111111 a

Matching output
0 absent
1 absent
2 absent
3 absent
4 absent
5 absent
6 absent
7 absent

Left
none
Best: none

Right
none
Best: none

AND
01 10 11000000 2 match 1
12 21 11100000 3 match 4
23 32 01000000 1 match 5
34 43 01000001 2 match 6
45 54 01100101 4 match 0 7
56 65 11000000 2 match 1
67 76 11000000 2 match 1
70 07 11000100 3

02 20 11000100 3
13 31 01000000 1 match 5
24 42 01100100 3
35 53 01000001 2 match 6
46 64 01000000 1 match 5
57 75 11100100 4 match 3
60 06 11010000 3
71 17 11100000 3 match 4

03 30 01000000 1 match 5
14 41 01100000 2
25 52 11100100 4 match 3
36 63 01000010 2
47 74 01100100 3
50 05 11000100 3
61 16 11001000 3
72 27 11100100 4 match 3

04 40 01000100 2
15 51 11100000 3 match 4
26 62 11000000 2 match 1
37 73 01000000 1 match 5

Matching output
0 45 54
1 01 10 56 65 67 76 26 62
2 absent
3 57 75 25 52 72 27
4 12 21 71 17 15 51
5 23 32 13 31 46 64 03 30 37 73
6 34 43 35 53
7 45 54

Left
45 56 67y
54 65 76y
Best: AND45 56: 2

Right
45 34 23 12 01y
54 43 32 21 10y
Best: AND45 34 23 12: 4

OR
01 10 11111100 6
12 21 11101100 5
23 32 11100111 6
34 43 01100111 5
45 54 11100101 5
56 65 11111111 a
67 76 11111110 7
70 07 11110100 5

02 20 11110100 5
13 31 11101011 6
24 42 11100101 5
35 53 11100111 6
46 64 11111111 a
57 75 11100101 5
60 06 11011110 6
71 17 11101100 5

03 30 11010111 6
14 41 11101101 6
25 52 11100101 5
36 63 11011011 6
47 74 11100101 5
50 05 11110101 6
61 16 11111010 6
72 27 11100100 4 match 3

04 40 11110101 6
15 51 11101101 6
26 62 11111110 7
37 73 11100111 6

Matching output
0 absent
1 absent
2 absent
3 72 27
4 absent
5 absent
6 absent
7 absent

Left
none
Best: none

Right
none
Best: none

XOR
01 10 00111100 4
12 21 00001100 2
23 32 10100111 5
34 43 00100110 3
45 54 10000000 1
56 65 00111111 6
67 76 00111110 5
70 07 00110000 2

02 20 00110000 2
13 31 10101011 5
24 42 10000001 2
35 53 10100110 4
46 64 10111111 7
57 75 00000001 1
60 06 00001110 3
71 17 00001100 2

03 30 10010111 5
14 41 10001101 4
25 52 00000001 1
36 63 10011001 4
47 74 10000001 2
50 05 00110001 3
61 16 00110010 3
72 27 00000000 a

04 40 10110001 4
15 51 00001101 3
26 62 00111110 5
37 73 10100111 5

Matching output
0 absent
1 absent
2 absent
3 absent
4 absent
5 absent
6 absent
7 absent

Left
none
Best: none

Right
none
Best: none

AND-NOT
01 00010100 2
12 00001000 1
23 10100100 3
34 00000010 1
45 00000000 a
56 00100101 3
67 00011010 3
70 00100000 1

02 00010000 1
13 10101000 3
24 10000000 1
35 00000010 1
46 00100101 3
57 00000001 1
60 00001010 2
71 00000100 1

03 10010100 3
14 10001000 2
25 00000000 a
36 00000001 1
47 00000001 1
50 00100001 2
61 00010010 2
72 00000000 a

04 10010000 2
15 00001000 1
26 00100100 2
37 00000011 2
40 00100001 2
51 00000101 2
62 00011010 3
73 10100100 3

05 00010000 1
16 00100000 1
27 00000000 a
30 00000011 2
41 00000101 2
52 00000001 1
63 10011000 3
74 10000000 1

06 00000100 1
17 00001000 1
20 00100000 1
31 00000011 2
42 00000001 1
53 10100100 3
64 10011010 4
75 00000000 a

07 00010000 1
10 00101000 2
21 00000100 1
32 00000011 2
43 00100100 2
54 10000000 1
65 00011010 3
76 00100100 2

Matching output
0 absent
1 absent
2 absent
3 absent
4 absent
5 absent
6 absent
7 absent

Left
none
Best: none

Right
none
Best: none

OR-NOT
01 11010111 6
12 11111011 7
23 11111100 6
34 11011011 6
45 01111111 7
56 11100101 5
67 11011011 6
70 11101111 7

02 11011111 7
13 11111100 6
24 11111110 7
35 01011011 5
46 01100101 4 match 0 7
57 11111111 a
60 11111011 7
71 11110111 7

03 11111100 6
14 11111010 6
25 11111110 7
36 01100111 5
47 01111111 7
50 11101111 7
61 11011111 7
72 11111111 a

04 11011110 6
15 11111010 6
26 11100101 5
37 01011011 5
40 01101111 6
51 11110111 7
62 11011011 6
73 11111100 6

05 11011110 6
16 11101101 6
27 11111111 a
30 01101011 5
41 01110111 6
52 11111111 a
63 11111110 7
74 11111110 7

06 11110101 6
17 11111011 7
20 11101111 7
31 01010111 5
42 01111111 7
53 11111101 7
64 11011010 5
75 11111110 7

07 11011111 7
10 11101011 6
21 11110111 7
32 01011011 5
43 11111101 7
54 11111111 a
65 11011010 5
76 11100101 5

Matching output
0 46
1 absent
2 absent
3 absent
4 absent
5 absent
6 absent
7 46

Left
46 57x
Best: OR-NOT46: 1

Right
46 35x
Best: OR-NOT46: 1

XOR-NOT
01 11000011 4
12 11110011 6
23 01011000 3
34 11011001 5
45 01111111 7
56 11000000 2 match 1
67 11000001 3
70 11001111 6

02 11001111 6
13 01010100 3
24 01111110 6
35 01011001 4
46 01000000 1 match 5
57 11111110 7
60 11110001 5
71 11110011 6

03 01101000 3
14 01110010 4
25 11111110 7
36 01100110 4
47 01111110 6
50 11001110 5
61 11001101 5
72 11111111 a

04 01001110 4
15 11110010 5
26 11000001 3
37 01011000 3
40 01001110 4
51 11110010 5
62 11000001 3
73 01011000 3

05 11001110 5
16 11001101 5
27 11111111 a
30 01101000 3
41 01110010 4
52 11111110 7
63 01100110 4
74 01111110 6

06 11110001 5
17 11110011 6
20 11001111 6
31 01010100 3
42 01111110 6
53 01011001 4
64 01000000 1 match 5
75 11111110 7

07 11001111 6
10 11000011 4
21 11110011 6
32 01011000 3
43 11011001 5
54 01111111 7
65 11000000 2 match 1
76 11000001 3

Matching output
0 absent
1 56 65
2 absent
3 absent
4 absent
5 46 64
6 absent
7 absent

Left
none
Best: none

Right
none
Best: none

Selecting

Lefts
Identity I4: 1
NOT none
Constant none
AND AND45 56: 2
OR none
XOR none
AND-NOT none
OR-NOT OR-NOT46: 1
XOR-NOT none

Rights
Identity I4: 1
NOT none
Constant none
AND AND45 34 23 12: 4
OR none
XOR none
AND-NOT none
OR-NOT OR-NOT46: 1
XOR-NOT none

Left longest: 2
Right longest: 4

Right winner: Identity no, NOT no, Constant no, AND yes, OR no, XOR no, AND-NOT no, OR-NOT no, XOR-NOT no
Left winner: Identity no, NOT no, Constant no, AND yes, OR no, XOR no, AND-NOT no, OR-NOT no, XOR-NOT no

Best right: AND45 34 23 12: 4
Best left: AND45 56: 2

Truncated right: AND45 34 23 12: 4
Truncated left: AND45 56: 2

Tentative from right
7 AND45
6 AND34
5 AND23
4 AND12
3 pending
2 pending
1 pending
0 pending

Tentative
0 AND45
1 AND56
2 pending
3 pending
4 AND12
5 AND23
6 AND34
7 AND45

Preferred from right
7 AND45
6 AND34
5 AND23
4 AND12
3 ?01
2 ?70
1 AND56
0 AND45

Preferred from left
0 AND45
1 AND56
2 ?70
3 ?01
4 AND12
5 AND23
6 AND34
7 AND45

Preferred
0 AND45
1 AND56
2 ?70 ?07
3 ?01 ?10
4 AND12
5 AND23
6 AND34
7 AND45

Matching
0 AND45
1 AND56
2 ?70 ?07 - Identity I0, NOT absent, Constant absent, AND absent, OR absent, XOR absent, AND-NOT absent, OR-NOT absent, XOR-NOT absent
3 ?01 ?10 - Identity absent, NOT absent, Constant absent, AND absent, OR absent, XOR absent, AND-NOT absent, OR-NOT absent, XOR-NOT absent
4 AND12
5 AND23
6 AND34
7 AND45

Perfect match
Identity no
NOT no
Constant no
AND no
OR no
XOR no
AND-NOT no
OR-NOT no
XOR-NOT no

Matched
0 AND45
1 AND56
2 I0
3 none
4 AND12
5 AND23
6 AND34
7 AND45

Selected
0 AND45
1 AND56
2 I0
3 default 1
4 AND12
5 AND23
6 AND34
7 AND45

Applying to 10101001
Input
0 1
1 0
2 1
3 0
4 1
5 0
6 0
7 1
Output
0 AND45 = AND(1,0) = 0
1 AND56 = AND(0,0) = 0
2 I0 = 1
3 default 1 = 1
4 AND12 = AND(0,1) = 0
5 AND23 = AND(1,0) = 0
6 AND34 = AND(0,1) = 0
7 AND45 = AND(1,0) = 0

I will now return the answer in \boxed{}
The answer in \boxed{–} is \boxed{00110000}
[correct]
true
