[category]
bit_manipulation
[prompt]
In Alice's Wonderland, a secret bit manipulation rule transforms 8-bit binary numbers. The transformation involves operations like bit shifts, rotations, XOR, AND, OR, NOT, and possibly majority or choice functions.

Here are some examples of input -> output:
11000011 -> 00000111
11100000 -> 10000001
11101101 -> 10010011
00011111 -> 00111100
10001101 -> 00010010
10010000 -> 00000000
11011110 -> 00111001
11001101 -> 00010011
11100011 -> 10000111

Now, determine the output for: 01010011
[completion]
We need to deduce the transformation by matching the example outputs.
I will put my final answer inside \boxed{}.

Output 0: 00000111
0 0
1 0
2 0
3 0
4 0
5 1
6 1
7 1

Output 1: 10000001
0 1
1 0
2 0
3 0
4 0
5 0
6 0
7 1

Output 2: 10010011
0 1
1 0
2 0
3 1
4 0
5 0
6 1
7 1

Output 3: 00111100
0 0
1 0
2 1
3 1
4 1
5 1
6 0
7 0

Output 4: 00010010
0 0
1 0
2 0
3 1
4 0
5 0
6 1
7 0

Output 5: 00000000
0 0
1 0
2 0
3 0
4 0
5 0
6 0
7 0

Output 6: 00111001
0 0
1 0
2 1
3 1
4 1
5 0
6 0
7 1

Output 7: 00010011
0 0
1 0
2 0
3 1
4 0
5 0
6 1
7 1

Output 8: 10000111
0 1
1 0
2 0
3 0
4 0
5 1
6 1
7 1

Output bit columns (with bitsum as hash)
0 011000001 3
1 000000000 a
2 000100100 2
3 001110110 5
4 000100100 2
5 100100001 3
6 101010011 5
7 111000111 6

Input 0: 11000011
0 1
1 1
2 0
3 0
4 0
5 0
6 1
7 1

Input 1: 11100000
0 1
1 1
2 1
3 0
4 0
5 0
6 0
7 0

Input 2: 11101101
0 1
1 1
2 1
3 0
4 1
5 1
6 0
7 1

Input 3: 00011111
0 0
1 0
2 0
3 1
4 1
5 1
6 1
7 1

Input 4: 10001101
0 1
1 0
2 0
3 0
4 1
5 1
6 0
7 1

Input 5: 10010000
0 1
1 0
2 0
3 1
4 0
5 0
6 0
7 0

Input 6: 11011110
0 1
1 1
2 0
3 1
4 1
5 1
6 1
7 0

Input 7: 11001101
0 1
1 1
2 0
3 0
4 1
5 1
6 0
7 1

Input 8: 11100011
0 1
1 1
2 1
3 0
4 0
5 0
6 1
7 1

When matching output
x: not in operator
y: wrong position

Identity
0 111011111 8
1 111000111 6 match 7
2 011000001 3 match 0
3 000101100 3
4 001110110 5 match 3
5 001110110 5 match 3
6 100100101 4
7 101110011 6

Matching output
0 2
1 absent
2 absent
3 4 5
4 absent
5 absent
6 absent
7 1

Left
2 3x
Best: I2: 1

Right
1 0x
Best: I1: 1

NOT
0 000100000 1
1 000111000 3
2 100111110 6
3 111010011 6
4 110001001 4
5 110001001 4
6 011011010 5
7 010001100 3

Matching output
0 absent
1 absent
2 absent
3 absent
4 absent
5 absent
6 absent
7 absent

Left
none
Best: none

Right
none
Best: none

Constant
0 000000000 a match 1
1 111111111 a

Matching output
0 absent
1 C0
2 absent
3 absent
4 absent
5 absent
6 absent
7 absent

Left
none
Best: none

Right
none
Best: none

AND
01 10 111000111 6 match 7
12 21 011000001 3 match 0
23 32 000000000 a match 1
34 43 000100100 2 match 2 4
45 54 001110110 5 match 3
56 65 000100100 2 match 2 4
67 76 100100001 3 match 5
70 07 101010011 5 match 6

02 20 011000001 3 match 0
13 31 000000100 1
24 42 001000000 1
35 53 000100100 2 match 2 4
46 64 000100100 2 match 2 4
57 75 001110010 4
60 06 100000101 3
71 17 101000011 4

03 30 000001100 2
14 41 001000110 3
25 52 001000000 1
36 63 000100100 2 match 2 4
47 74 001110010 4
50 05 001010110 4
61 16 100000101 3
72 27 001000001 2

04 40 001010110 4
15 51 001000110 3
26 62 000000001 1
37 73 000100000 1

Matching output
0 12 21 02 20
1 23 32
2 34 43 56 65 35 53 46 64 36 63
3 45 54
4 34 43 56 65 35 53 46 64 36 63
5 67 76
6 70 07
7 01 10

Left
12 23 34 45 56 67 70 01
21 32 43 54 65 76 07 10
02 13x
20 31x
Best: AND12 23 34 45 56 67 70 01: 8

Right
01 70 67 56 45 34 23 12
10 07 76 65 54 43 32 21
Best: AND01 70 67 56 45 34 23 12: 8

OR
01 10 111011111 8
12 21 111000111 6 match 7
23 32 011101101 6
34 43 001111110 6
45 54 001110110 5 match 3
56 65 101110111 7
67 76 101110111 7
70 07 111111111 a

02 20 111011111 8
13 31 111101111 8
24 42 011110111 7
35 53 001111110 6
46 64 101110111 7
57 75 101110111 7
60 06 111111111 a
71 17 111110111 8

03 30 111111111 a
14 41 111110111 8
25 52 011110111 7
36 63 100101101 5
47 74 101110111 7
50 05 111111111 a
61 16 111100111 7
72 27 111110011 7

04 40 111111111 a
15 51 111110111 8
26 62 111100101 6
37 73 101111111 8

Matching output
0 absent
1 absent
2 absent
3 45 54
4 absent
5 absent
6 absent
7 12 21

Left
none
Best: none

Right
12 01x
21 10x
Best: OR12: 1

XOR
01 10 000011000 2
12 21 100000110 3
23 32 011101101 6
34 43 001011010 4
45 54 000000000 a match 1
56 65 101010011 5 match 6
67 76 001010110 4
70 07 010101100 4

02 20 100011110 5
13 31 111101011 7
24 42 010110111 6
35 53 001011010 4
46 64 101010011 5 match 6
57 75 100000101 3
60 06 011111010 6
71 17 010110100 4

03 30 111110011 7
14 41 110110001 5
25 52 010110111 6
36 63 100001001 3
47 74 100000101 3
50 05 110101001 5
61 16 011100010 4
72 27 110110010 5

04 40 110101001 5
15 51 110110001 5
26 62 111100100 5
37 73 101011111 7

Matching output
0 absent
1 45 54
2 absent
3 absent
4 absent
5 absent
6 56 65 46 64
7 absent

Left
none
Best: none

Right
none
Best: none

AND-NOT
01 000011000 2
12 100000110 3
23 011000001 3 match 0
34 000001000 1
45 000000000 a match 1
56 001010010 3
67 000000100 1
70 000100000 1

02 100011110 5
13 111000011 5
24 010000001 2
35 000001000 1
46 001010010 3
57 000000100 1
60 000100000 1
71 000110000 2

03 111010011 6
14 110000001 3
25 010000001 2
36 000001000 1
47 000000100 1
50 000100000 1
61 000100000 1
72 100110010 4

04 110001001 4
15 110000001 3
26 011000000 2
37 000001100 2
40 000100000 1
51 000110000 2
62 100100100 3
73 101010011 5 match 6

05 110001001 4
16 011000010 3
27 010000000 1
30 000100000 1
41 000110000 2
52 000110110 4
63 100000001 2
74 100000001 2

06 011011010 5
17 010000100 2
20 000000000 a match 1
31 000101000 2
42 000110110 4
53 001010010 3
64 100000001 2
75 100000001 2

07 010001100 3
10 000000000 a match 1
21 000000000 a match 1
32 000101100 3
43 001010010 3
54 000000000 a match 1
65 100000001 2
76 001010010 3

Matching output
0 23
1 45 20 10 21 54
2 absent
3 absent
4 absent
5 absent
6 73
7 absent

Left
23 34x
Best: AND-NOT23: 1

Right
none
Best: none

OR-NOT
01 111111111 a
12 111111111 a
23 111010011 6
34 110101101 6
45 111111111 a
56 011111110 7
67 110101101 6
70 101110011 6

02 111111111 a
13 111010111 7
24 111001001 5
35 110101101 6
46 011111110 7
57 011111110 7
60 100100101 4
71 101111011 7

03 111011111 8
14 111001111 7
25 111001001 5
36 011111110 7
47 011111110 7
50 001110110 5 match 3
61 100111101 6
72 101111111 8

04 111011111 8
15 111001111 7
26 011011011 6
37 010101100 4
40 001110110 5 match 3
51 001111110 6
62 100111111 7
73 111110011 7

05 111011111 8
16 111011111 8
27 011001101 5
30 000101100 3
41 001111110 6
52 101111110 7
63 111110111 8
74 111111011 8

06 111011111 8
17 111001111 7
20 011100001 4
31 000111100 4
42 101111110 7
53 111110111 8
64 110101101 6
75 111111011 8

07 111011111 8
10 111100111 7
21 011111001 6
32 100111110 6
43 111110111 8
54 111111111 a
65 110101101 6
76 111111011 8

Matching output
0 absent
1 absent
2 absent
3 50 40
4 absent
5 absent
6 absent
7 absent

Left
none
Best: none

Right
none
Best: none

XOR-NOT
01 111100111 7
12 011111001 6
23 100010010 3
34 110100101 5
45 111111111 a
56 010101100 4
67 110101001 5
70 101010011 5 match 6

02 011100001 4
13 000010100 2
24 101001000 3
35 110100101 5
46 010101100 4
57 011111010 6
60 100000101 3
71 101001011 5

03 000001100 2
14 001001110 4
25 101001000 3
36 011110110 6
47 011111010 6
50 001010110 4
61 100011101 5
72 001001101 4

04 001010110 4
15 001001110 4
26 000011011 4
37 010100000 2
40 001010110 4
51 001001110 4
62 000011011 4
73 010100000 2

05 001010110 4
16 100011101 5
27 001001101 4
30 000001100 2
41 001001110 4
52 101001000 3
63 011110110 6
74 011111010 6

06 100000101 3
17 101001011 5
20 011100001 4
31 000010100 2
42 101001000 3
53 110100101 5
64 010101100 4
75 011111010 6

07 101010011 5 match 6
10 111100111 7
21 011111001 6
32 100010010 3
43 110100101 5
54 111111111 a
65 010101100 4
76 110101001 5

Matching output
0 absent
1 absent
2 absent
3 absent
4 absent
5 absent
6 70 07
7 absent

Left
none
Best: none

Right
none
Best: none

Selecting

Lefts
Identity I2: 1
NOT none
Constant none
AND AND12 23 34 45 56 67 70 01: 8
OR none
XOR none
AND-NOT AND-NOT23: 1
OR-NOT none
XOR-NOT none

Rights
Identity I1: 1
NOT none
Constant none
AND AND01 70 67 56 45 34 23 12: 8
OR OR12: 1
XOR none
AND-NOT none
OR-NOT none
XOR-NOT none

Left longest: 8
Right longest: 8

Left winner: Identity no, NOT no, Constant no, AND yes, OR no, XOR no, AND-NOT no, OR-NOT no, XOR-NOT no
Right winner: Identity no, NOT no, Constant no, AND yes, OR no, XOR no, AND-NOT no, OR-NOT no, XOR-NOT no

Best left: AND12 23 34 45 56 67 70 01: 8
Best right: AND01 70 67 56 45 34 23 12: 8

Truncated left: AND12 23 34 45 56 67 70 01: 8
Truncated right: none truncated

Tentative from right
7 pending
6 pending
5 pending
4 pending
3 pending
2 pending
1 pending
0 pending

Tentative
0 AND12
1 AND23
2 AND34
3 AND45
4 AND56
5 AND67
6 AND70
7 AND01

Preferred from left
0 AND12
1 AND23
2 AND34
3 AND45
4 AND56
5 AND67
6 AND70
7 AND01

Preferred from right
7 AND01
6 AND70
5 AND67
4 AND56
3 AND45
2 AND34
1 AND23
0 AND12

Preferred
0 AND12
1 AND23
2 AND34
3 AND45
4 AND56
5 AND67
6 AND70
7 AND01

Matching
0 AND12
1 AND23
2 AND34
3 AND45
4 AND56
5 AND67
6 AND70
7 AND01

Perfect match
Identity no
NOT no
Constant no
AND no
OR no
XOR no
AND-NOT no
OR-NOT no
XOR-NOT no

Matched
0 AND12
1 AND23
2 AND34
3 AND45
4 AND56
5 AND67
6 AND70
7 AND01

Selected
0 AND12
1 AND23
2 AND34
3 AND45
4 AND56
5 AND67
6 AND70
7 AND01

Applying to 01010011
Input
0 0
1 1
2 0
3 1
4 0
5 0
6 1
7 1
Output
0 AND12 = AND(1,0) = 0
1 AND23 = AND(0,1) = 0
2 AND34 = AND(1,0) = 0
3 AND45 = AND(0,0) = 0
4 AND56 = AND(0,1) = 0
5 AND67 = AND(1,1) = 1
6 AND70 = AND(1,0) = 0
7 AND01 = AND(0,1) = 0

I will now return the answer in \boxed{}
The answer in \boxed{–} is \boxed{00000100}
[correct]
true
