[category]
bit_manipulation
[prompt]
In Alice's Wonderland, a secret bit manipulation rule transforms 8-bit binary numbers. The transformation involves operations like bit shifts, rotations, XOR, AND, OR, NOT, and possibly majority or choice functions.

Here are some examples of input -> output:
01101001 -> 00001101
00111001 -> 00000111
00111111 -> 10000111
10000001 -> 00010000
10011100 -> 00010011
10001110 -> 00010001
01111111 -> 10001111
01110100 -> 00001110

Now, determine the output for: 11011100
[completion]
We need to deduce the transformation by matching the example outputs.
I will put my final answer inside \boxed{}.

Output 0: 00001101
0 0
1 0
2 0
3 0
4 1
5 1
6 0
7 1

Output 1: 00000111
0 0
1 0
2 0
3 0
4 0
5 1
6 1
7 1

Output 2: 10000111
0 1
1 0
2 0
3 0
4 0
5 1
6 1
7 1

Output 3: 00010000
0 0
1 0
2 0
3 1
4 0
5 0
6 0
7 0

Output 4: 00010011
0 0
1 0
2 0
3 1
4 0
5 0
6 1
7 1

Output 5: 00010001
0 0
1 0
2 0
3 1
4 0
5 0
6 0
7 1

Output 6: 10001111
0 1
1 0
2 0
3 0
4 1
5 1
6 1
7 1

Output 7: 00001110
0 0
1 0
2 0
3 0
4 1
5 1
6 1
7 0

Output bit columns (with bitsum as hash)
0 00100010 2
1 00000000 a
2 00000000 a
3 00011100 3
4 10000011 3
5 11100011 5
6 01101011 5
7 11101110 6

Input 0: 01101001
0 0
1 1
2 1
3 0
4 1
5 0
6 0
7 1

Input 1: 00111001
0 0
1 0
2 1
3 1
4 1
5 0
6 0
7 1

Input 2: 00111111
0 0
1 0
2 1
3 1
4 1
5 1
6 1
7 1

Input 3: 10000001
0 1
1 0
2 0
3 0
4 0
5 0
6 0
7 1

Input 4: 10011100
0 1
1 0
2 0
3 1
4 1
5 1
6 0
7 0

Input 5: 10001110
0 1
1 0
2 0
3 0
4 1
5 1
6 1
7 0

Input 6: 01111111
0 0
1 1
2 1
3 1
4 1
5 1
6 1
7 1

Input 7: 01110100
0 0
1 1
2 1
3 1
4 0
5 1
6 0
7 0

When matching output
x: not in operator
y: wrong position

Identity
0 00011100 3 match 3
1 10000011 3 match 4
2 11100011 5 match 5
3 01101011 5 match 6
4 11101110 6 match 7
5 00101111 5
6 00100110 3
7 11110010 5

Matching output
0 absent
1 absent
2 absent
3 0
4 1
5 2
6 3
7 4

Left
none
Best: none

Right
4 3 2 1 0 7x
Best: I4 3 2 1 0: 5

NOT
0 11100011 5 match 5
1 01111100 5
2 00011100 3 match 3
3 10010100 3
4 00010001 2
5 11010000 3
6 11011001 5
7 00001101 3

Matching output
0 absent
1 absent
2 absent
3 2
4 absent
5 0
6 absent
7 absent

Left
none
Best: none

Right
none
Best: none

Constant
0 00000000 a match 1 2
1 11111111 a

Matching output
0 absent
1 C0
2 C0
3 absent
4 absent
5 absent
6 absent
7 absent

Left
none
Best: none

Right
none
Best: none

AND
01 10 00000000 a match 1 2
12 21 10000011 3 match 4
23 32 01100011 4
34 43 01101010 4
45 54 00101110 4
56 65 00100110 3
67 76 00100010 2 match 0
70 07 00010000 1

02 20 00000000 a match 1 2
13 31 00000011 2
24 42 11100010 4
35 53 00101011 4
46 64 00100110 3
57 75 00100010 2 match 0
60 06 00000100 1
71 17 10000010 2

03 30 00001000 1
14 41 10000010 2
25 52 00100011 3
36 63 00100010 2 match 0
47 74 11100010 4
50 05 00001100 2
61 16 00000010 1
72 27 11100010 4

04 40 00001100 2
15 51 00000011 2
26 62 00100010 2 match 0
37 73 01100010 3

Matching output
0 67 76 57 75 36 63 26 62
1 01 10 02 20
2 01 10 02 20
3 absent
4 12 21
5 absent
6 absent
7 absent

Left
67 70x
76 07x
57 60x
75 06x
36 47x
63 74x
26 37x
62 73x
Best: AND67: 1

Right
none
Best: none

OR
01 10 10011111 6
12 21 11100011 5 match 5
23 32 11101011 6
34 43 11101111 7
45 54 11101111 7
56 65 00101111 5
67 76 11110110 6
70 07 11111110 7

02 20 11111111 a
13 31 11101011 6
24 42 11101111 7
35 53 01101111 6
46 64 11101110 6 match 7
57 75 11111111 a
60 06 00111110 5
71 17 11110011 6

03 30 01111111 7
14 41 11101111 7
25 52 11101111 7
36 63 01101111 6
47 74 11111110 7
50 05 00111111 6
61 16 10100111 5
72 27 11110011 6

04 40 11111110 7
15 51 10101111 6
26 62 11100111 6
37 73 11111011 7

Matching output
0 absent
1 absent
2 absent
3 absent
4 absent
5 12 21
6 absent
7 46 64

Left
none
Best: none

Right
46 35x
64 53x
Best: OR46: 1

XOR
01 10 10011111 6
12 21 01100000 2
23 32 10001000 2
34 43 10000101 3
45 54 11000001 3
56 65 00001001 2
67 76 11010100 4
70 07 11101110 6 match 7

02 20 11111111 a
13 31 11101000 4
24 42 00001101 3
35 53 01000100 2
46 64 11001000 3
57 75 11011101 6
60 06 00111010 4
71 17 01110001 4

03 30 01110111 6
14 41 01101101 5
25 52 11001100 4
36 63 01001101 4
47 74 00011100 3 match 3
50 05 00110011 4
61 16 10100101 4
72 27 00010001 2

04 40 11110010 5
15 51 10101100 4
26 62 11000101 4
37 73 10011001 4

Matching output
0 absent
1 absent
2 absent
3 47 74
4 absent
5 absent
6 absent
7 70 07

Left
none
Best: none

Right
70 67x
07 76x
Best: XOR70: 1

AND-NOT
01 00011100 3 match 3
12 00000000 a match 1 2
23 10000000 1
34 00000001 1
45 11000000 2
56 00001001 2
67 00000100 1
70 11100010 4

02 00011100 3 match 3
13 10000000 1
24 00000001 1
35 01000000 1
46 11001000 3
57 00001101 3
60 00100010 2 match 0
71 01110000 3

03 00010100 2
14 00000001 1
25 11000000 2
36 01001001 3
47 00001100 2
50 00100011 3
61 00100100 2
72 00010000 1

04 00010000 1
15 10000000 1
26 11000001 3
37 00001001 2
40 11100010 4
51 00101100 3
62 00000100 1
73 10010000 2

05 00010000 1
16 10000001 2
27 00000001 1
30 01100011 4
41 01101100 4
52 00001100 2
63 00000100 1
74 00010000 1

06 00011000 2
17 00000001 1
20 11100011 5 match 5
31 01101000 3
42 00001100 2
53 00000100 1
64 00000000 a match 1 2
75 11010000 3

07 00001100 2
10 10000011 3 match 4
21 01100000 2
32 00001000 1
43 10000100 2
54 00000001 1
65 00000000 a match 1 2
76 11010000 3

Matching output
0 60
1 12 64 65
2 12 64 65
3 01 02
4 10
5 20
6 absent
7 absent

Left
60 71x
Best: AND-NOT60: 1

Right
none
Best: none

OR-NOT
01 01111100 5
12 10011111 6
23 11110111 7
34 01111011 6
45 11111110 7
56 11111111 a
67 00101111 5
70 11110011 6

02 00011100 3 match 3
13 10010111 5
24 11110011 6
35 11111011 7
46 11111111 a
57 00101111 5
60 11100111 6
71 11111110 7

03 10011100 4
14 10010011 4
25 11110011 6
36 11111011 7
47 11101111 7
50 11101111 7
61 01111110 6
72 11111110 7

04 00011101 4
15 11010011 5
26 11111011 7
37 01101111 6
40 11101111 7
51 01111111 7
62 00111110 5
73 11110110 6

05 11011100 5
16 11011011 6
27 11101111 7
30 11101011 6
41 11111110 7
52 00111111 6
63 10110110 5
74 11110011 6

06 11011101 6
17 10001111 5
20 11100011 5 match 5
31 01111111 7
42 11111110 7
53 10111111 7
64 00110111 5
75 11110010 5

07 00011101 4
10 11100011 5 match 5
21 11111111 a
32 01111111 7
43 11111110 7
54 00111111 6
65 11110110 6
76 11111011 7

Matching output
0 absent
1 absent
2 absent
3 02
4 absent
5 20 10
6 absent
7 absent

Left
none
Best: none

Right
none
Best: none

XOR-NOT
01 01100000 2
12 10011111 6
23 01110111 6
34 01111010 5
45 00111110 5
56 11110110 6
67 00101011 4
70 00010001 2

02 00000000 a match 1 2
13 00010111 4
24 11110010 5
35 10111011 6
46 00110111 5
57 00100010 2 match 0
60 11000101 4
71 10001110 4

03 10001000 2
14 10010010 3
25 00110011 4
36 10110010 4
47 11100011 5 match 5
50 11001100 4
61 01011010 4
72 11101110 6 match 7

04 00001101 3
15 01010011 4
26 00111010 4
37 01100110 4
40 00001101 3
51 01010011 4
62 00111010 4
73 01100110 4

05 11001100 4
16 01011010 4
27 11101110 6 match 7
30 10001000 2
41 10010010 3
52 00110011 4
63 10110010 4
74 11100011 5 match 5

06 11000101 4
17 10001110 4
20 00000000 a match 1 2
31 00010111 4
42 11110010 5
53 10111011 6
64 00110111 5
75 00100010 2 match 0

07 00010001 2
10 01100000 2
21 10011111 6
32 01110111 6
43 01111010 5
54 00111110 5
65 11110110 6
76 00101011 4

Matching output
0 57 75
1 02 20
2 02 20
3 absent
4 absent
5 47 74
6 absent
7 72 27

Left
57 60x
75 06x
Best: XOR-NOT57: 1

Right
72 61x
27 16x
Best: XOR-NOT72: 1

Selecting

Lefts
Identity none
NOT none
Constant none
AND AND67: 1
OR none
XOR none
AND-NOT AND-NOT60: 1
OR-NOT none
XOR-NOT XOR-NOT57: 1

Rights
Identity I4 3 2 1 0: 5
NOT none
Constant none
AND none
OR OR46: 1
XOR XOR70: 1
AND-NOT none
OR-NOT none
XOR-NOT XOR-NOT72: 1

Left longest: 1
Right longest: 5

Right winner: Identity yes, NOT no, Constant no, AND no, OR no, XOR no, AND-NOT no, OR-NOT no, XOR-NOT no
Left winner: Identity no, NOT no, Constant no, AND yes, OR no, XOR no, AND-NOT no, OR-NOT no, XOR-NOT no

Best right: I4 3 2 1 0: 5
Best left: AND67: 1

Truncated right: I4 3 2 1 0: 5
Truncated left: AND67: 1

Tentative from right
7 I4
6 I3
5 I2
4 I1
3 I0
2 pending
1 pending
0 pending

Tentative
0 AND67
1 pending
2 pending
3 I0
4 I1
5 I2
6 I3
7 I4

Preferred from right
7 I4
6 I3
5 I2
4 I1
3 I0
2 ??7
1 ??6
0 AND67

Preferred from left
0 AND67
1 ??6
2 ??7
3 I0
4 I1
5 I2
6 I3
7 I4

Preferred
0 AND67
1 ??6
2 ??7
3 I0
4 I1
5 I2
6 I3
7 I4

Matching
0 AND67
1 ??6 - Identity absent, NOT absent, Constant C0, AND absent, OR absent, XOR absent, AND-NOT absent, OR-NOT absent, XOR-NOT absent
2 ??7 - Identity absent, NOT absent, Constant C0, AND absent, OR absent, XOR absent, AND-NOT absent, OR-NOT absent, XOR-NOT absent
3 I0
4 I1
5 I2
6 I3
7 I4

Perfect match
Identity no
NOT no
Constant yes
AND no
OR no
XOR no
AND-NOT no
OR-NOT no
XOR-NOT no

Matched
0 AND67
1 C0
2 C0
3 I0
4 I1
5 I2
6 I3
7 I4

Selected
0 AND67
1 C0
2 C0
3 I0
4 I1
5 I2
6 I3
7 I4

Applying to 11011100
Input
0 1
1 1
2 0
3 1
4 1
5 1
6 0
7 0
Output
0 AND67 = AND(0,0) = 0
1 C0 = 0
2 C0 = 0
3 I0 = 1
4 I1 = 1
5 I2 = 0
6 I3 = 1
7 I4 = 1

I will now return the answer in \boxed{}
The answer in \boxed{–} is \boxed{00011011}
[correct]
true
