[category]
bit_manipulation
[prompt]
In Alice's Wonderland, a secret bit manipulation rule transforms 8-bit binary numbers. The transformation involves operations like bit shifts, rotations, XOR, AND, OR, NOT, and possibly majority or choice functions.

Here are some examples of input -> output:
11001011 -> 11100101
00010000 -> 00001000
01101110 -> 10110111
11100000 -> 01110000
10101010 -> 11010101
01101111 -> 11110111
11111111 -> 11111111
10110001 -> 11011000

Now, determine the output for: 00011100
[completion]
We need to deduce the transformation by matching the example outputs.
I will put my final answer inside \boxed{}.

Output 0: 11100101
0 1
1 1
2 1
3 0
4 0
5 1
6 0
7 1

Output 1: 00001000
0 0
1 0
2 0
3 0
4 1
5 0
6 0
7 0

Output 2: 10110111
0 1
1 0
2 1
3 1
4 0
5 1
6 1
7 1

Output 3: 01110000
0 0
1 1
2 1
3 1
4 0
5 0
6 0
7 0

Output 4: 11010101
0 1
1 1
2 0
3 1
4 0
5 1
6 0
7 1

Output 5: 11110111
0 1
1 1
2 1
3 1
4 0
5 1
6 1
7 1

Output 6: 11111111
0 1
1 1
2 1
3 1
4 1
5 1
6 1
7 1

Output 7: 11011000
0 1
1 1
2 0
3 1
4 1
5 0
6 0
7 0

Output bit columns (with bitsum as hash)
0 10101111 6
1 10011111 6
2 10110110 5
3 00111111 6
4 01000011 3
5 10101110 5
6 00100110 3
7 10101110 5

Input 0: 11001011
0 1
1 1
2 0
3 0
4 1
5 0
6 1
7 1

Input 1: 00010000
0 0
1 0
2 0
3 1
4 0
5 0
6 0
7 0

Input 2: 01101110
0 0
1 1
2 1
3 0
4 1
5 1
6 1
7 0

Input 3: 11100000
0 1
1 1
2 1
3 0
4 0
5 0
6 0
7 0

Input 4: 10101010
0 1
1 0
2 1
3 0
4 1
5 0
6 1
7 0

Input 5: 01101111
0 0
1 1
2 1
3 0
4 1
5 1
6 1
7 1

Input 6: 11111111
0 1
1 1
2 1
3 1
4 1
5 1
6 1
7 1

Input 7: 10110001
0 1
1 0
2 1
3 1
4 0
5 0
6 0
7 1

When matching output
x: not in operator
y: wrong position

Identity
0 10011011 5
1 10110110 5 match 2
2 00111111 6 match 3
3 01000011 3 match 4
4 10101110 5 match 5 7
5 00100110 3 match 6
6 10101110 5 match 5 7
7 10000111 4

Matching output
0 absent
1 absent
2 1
3 2
4 3
5 4 6
6 5
7 4 6

Left
none
Best: none

Right
4 3y
6 5 4 3 2 1 0x
Best: I6 5 4 3 2 1: 6

NOT
0 01100100 3
1 01001001 3
2 11000000 2
3 10111100 5
4 01010001 3
5 11011001 5
6 01010001 3
7 01111000 4

Matching output
0 absent
1 absent
2 absent
3 absent
4 absent
5 absent
6 absent
7 absent

Left
none
Best: none

Right
none
Best: none

Constant
0 00000000 a
1 11111111 a

Matching output
0 absent
1 absent
2 absent
3 absent
4 absent
5 absent
6 absent
7 absent

Left
none
Best: none

Right
none
Best: none

AND
01 10 10010010 3
12 21 00110110 4
23 32 00000011 2
34 43 00000010 1
45 54 00100110 3 match 6
56 65 00100110 3 match 6
67 76 10000110 3
70 07 10000011 3

02 20 00011011 4
13 31 00000010 1
24 42 00101110 4
35 53 00000010 1
46 64 10101110 5 match 5 7
57 75 00000110 2
60 06 10001010 3
71 17 10000110 3

03 30 00000011 2
14 41 10100110 4
25 52 00100110 3 match 6
36 63 00000010 1
47 74 10000110 3
50 05 00000010 1
61 16 10100110 4
72 27 00000111 3

04 40 10001010 3
15 51 00100110 3 match 6
26 62 00101110 4
37 73 00000011 2

Matching output
0 absent
1 absent
2 absent
3 absent
4 absent
5 46 64
6 45 54 56 65 25 52 15 51
7 46 64

Left
none
Best: none

Right
46 35x
64 53x
Best: AND46: 1

OR
01 10 10111111 7
12 21 10111111 7
23 32 01111111 7
34 43 11101111 7
45 54 10101110 5 match 5 7
56 65 10101110 5 match 5 7
67 76 10101111 6 match 0
70 07 10011111 6 match 1

02 20 10111111 7
13 31 11110111 7
24 42 10111111 7
35 53 01100111 5
46 64 10101110 5 match 5 7
57 75 10100111 5
60 06 10111111 7
71 17 10110111 6

03 30 11011011 6
14 41 10111110 6
25 52 00111111 6 match 3
36 63 11101111 7
47 74 10101111 6 match 0
50 05 10111111 7
61 16 10111110 6
72 27 10111111 7

04 40 10111111 7
15 51 10110110 5 match 2
26 62 10111111 7
37 73 11000111 5

Matching output
0 67 76 47 74
1 70 07
2 15 51
3 25 52
4 absent
5 45 54 56 65 46 64
6 absent
7 45 54 56 65 46 64

Left
67 70 01x
76 07 10x
47 50x
74 05x
Best: OR67 70: 2

Right
45 34x
54 43x
56 45y
65 54y
46 35x
64 53x
Best: OR45: 1

XOR
01 10 00101101 4
12 21 10001001 3
23 32 01111100 5
34 43 11101101 6
45 54 10001000 2
56 65 10001000 2
67 76 00101001 3
70 07 00011100 3

02 20 10100100 3
13 31 11110101 6
24 42 10010001 3
35 53 01100101 4
46 64 00000000 a
57 75 10100001 3
60 06 00110101 4
71 17 00110001 3

03 30 11011000 4
14 41 00011000 2
25 52 00011001 3
36 63 11101101 6
47 74 00101001 3
50 05 10111101 6
61 16 00011000 2
72 27 10111000 4

04 40 00110101 4
15 51 10010000 2
26 62 10010001 3
37 73 11000100 3

Matching output
0 absent
1 absent
2 absent
3 absent
4 absent
5 absent
6 absent
7 absent

Left
none
Best: none

Right
none
Best: none

AND-NOT
01 00001001 2
12 10000000 1
23 00111100 4
34 01000001 2
45 10001000 2
56 00000000 a
67 00101000 2
70 00000100 1

02 10000000 1
13 10110100 4
24 00010001 2
35 01000001 2
46 00000000 a
57 00100000 1
60 00100100 2
71 00000001 1

03 10011000 3
14 00010000 1
25 00011001 3
36 01000001 2
47 00101000 2
50 00100100 2
61 00001000 1
72 10000000 1

04 00010001 2
15 10010000 2
26 00010001 2
37 01000000 1
40 00100100 2
51 00000000 a
62 10000000 1
73 10000100 2

05 10011001 4
16 00010000 1
27 00111000 3
30 01000000 1
41 00001000 1
52 00000000 a
63 10101100 4
74 00000001 1

06 00010001 2
17 00110000 2
20 00100100 2
31 01000001 2
42 10000000 1
53 00100100 2
64 00000000 a
75 10000001 2

07 00011000 2
10 00100100 2
21 00001001 2
32 01000000 1
43 10101100 4
54 00000000 a
65 10001000 2
76 00000001 1

Matching output
0 absent
1 absent
2 absent
3 absent
4 absent
5 absent
6 absent
7 absent

Left
none
Best: none

Right
none
Best: none

OR-NOT
01 11011011 6
12 11110110 6
23 10111111 7
34 01010011 4
45 11111111 a
56 01110111 6
67 11111110 7
70 11100111 6

02 11011011 6
13 10111110 6
24 01111111 7
35 11011011 6
46 11111111 a
57 01111110 6
60 11101110 6
71 11001111 6

03 10111111 7
14 11110111 7
25 11111111 a
36 01010011 4
47 11111110 7
50 01100110 4
61 11101111 7
72 11000111 5

04 11011011 6
15 11111111 a
26 01111111 7
37 01111011 6
40 11101110 6
51 01101111 6
62 11101110 6
73 10111111 7

05 11011011 6
16 11110111 7
27 01111111 7
30 01100111 5
41 11101111 7
52 11100110 5
63 10111110 6
74 11010111 6

06 11011011 6
17 11111110 7
20 01111111 7
31 01001011 4
42 11101110 6
53 10111110 6
64 11111111 a
75 11011111 7

07 11111011 7
10 11110110 6
21 01111111 7
32 11000011 4
43 10111110 6
54 01110111 6
65 11111111 a
76 11010111 6

Matching output
0 absent
1 absent
2 absent
3 absent
4 absent
5 absent
6 absent
7 absent

Left
none
Best: none

Right
none
Best: none

XOR-NOT
01 11010010 4
12 01110110 5
23 10000011 3
34 00010010 2
45 01110111 6
56 01110111 6
67 11010110 5
70 11100011 5

02 01011011 5
13 00001010 2
24 01101110 5
35 10011010 4
46 11111111 a
57 01011110 5
60 11001010 4
71 11001110 5

03 00100111 4
14 11100111 6
25 11100110 5
36 00010010 2
47 11010110 5
50 01000010 2
61 11100111 6
72 01000111 4

04 11001010 4
15 01101111 6
26 01101110 5
37 00111011 5
40 11001010 4
51 01101111 6
62 01101110 5
73 00111011 5

05 01000010 2
16 11100111 6
27 01000111 4
30 00100111 4
41 11100111 6
52 11100110 5
63 00010010 2
74 11010110 5

06 11001010 4
17 11001110 5
20 01011011 5
31 00001010 2
42 01101110 5
53 10011010 4
64 11111111 a
75 01011110 5

07 11100011 5
10 11010010 4
21 01110110 5
32 10000011 3
43 00010010 2
54 01110111 6
65 01110111 6
76 11010110 5

Matching output
0 absent
1 absent
2 absent
3 absent
4 absent
5 absent
6 absent
7 absent

Left
none
Best: none

Right
none
Best: none

Selecting

Lefts
Identity none
NOT none
Constant none
AND none
OR OR67 70: 2
XOR none
AND-NOT none
OR-NOT none
XOR-NOT none

Rights
Identity I6 5 4 3 2 1: 6
NOT none
Constant none
AND AND46: 1
OR OR45: 1
XOR none
AND-NOT none
OR-NOT none
XOR-NOT none

Left longest: 2
Right longest: 6

Right winner: Identity yes, NOT no, Constant no, AND no, OR no, XOR no, AND-NOT no, OR-NOT no, XOR-NOT no
Left winner: Identity no, NOT no, Constant no, AND no, OR yes, XOR no, AND-NOT no, OR-NOT no, XOR-NOT no

Best right: I6 5 4 3 2 1: 6
Best left: OR67 70: 2

Truncated right: I6 5 4 3 2 1: 6
Truncated left: OR67 70: 2

Tentative from right
7 I6
6 I5
5 I4
4 I3
3 I2
2 I1
1 pending
0 pending

Tentative
0 OR67
1 OR70
2 I1
3 I2
4 I3
5 I4
6 I5
7 I6

Preferred from right
7 I6
6 I5
5 I4
4 I3
3 I2
2 I1
1 OR70
0 OR67

Preferred from left
0 OR67
1 OR70
2 I1
3 I2
4 I3
5 I4
6 I5
7 I6

Preferred
0 OR67
1 OR70
2 I1
3 I2
4 I3
5 I4
6 I5
7 I6

Matching
0 OR67
1 OR70
2 I1
3 I2
4 I3
5 I4
6 I5
7 I6

Perfect match
Identity no
NOT no
Constant no
AND no
OR no
XOR no
AND-NOT no
OR-NOT no
XOR-NOT no

Matched
0 OR67
1 OR70
2 I1
3 I2
4 I3
5 I4
6 I5
7 I6

Selected
0 OR67
1 OR70
2 I1
3 I2
4 I3
5 I4
6 I5
7 I6

Applying to 00011100
Input
0 0
1 0
2 0
3 1
4 1
5 1
6 0
7 0
Output
0 OR67 = OR(0,0) = 0
1 OR70 = OR(0,0) = 0
2 I1 = 0
3 I2 = 0
4 I3 = 1
5 I4 = 1
6 I5 = 1
7 I6 = 0

I will now return the answer in \boxed{}
The answer in \boxed{–} is \boxed{00001110}
[correct]
true
