[category]
bit_manipulation
[prompt]
In Alice's Wonderland, a secret bit manipulation rule transforms 8-bit binary numbers. The transformation involves operations like bit shifts, rotations, XOR, AND, OR, NOT, and possibly majority or choice functions.

Here are some examples of input -> output:
10111001 -> 10000111
11010010 -> 00111010
11111111 -> 11101111
00111011 -> 10110111
00000101 -> 01010000
00000111 -> 01110000
00101011 -> 10110101

Now, determine the output for: 10100010
[completion]
We need to deduce the transformation by matching the example outputs.
I will put my final answer inside \boxed{}.

Output 0: 10000111
0 1
1 0
2 0
3 0
4 0
5 1
6 1
7 1

Output 1: 00111010
0 0
1 0
2 1
3 1
4 1
5 0
6 1
7 0

Output 2: 11101111
0 1
1 1
2 1
3 0
4 1
5 1
6 1
7 1

Output 3: 10110111
0 1
1 0
2 1
3 1
4 0
5 1
6 1
7 1

Output 4: 01010000
0 0
1 1
2 0
3 1
4 0
5 0
6 0
7 0

Output 5: 01110000
0 0
1 1
2 1
3 1
4 0
5 0
6 0
7 0

Output 6: 10110101
0 1
1 0
2 1
3 1
4 0
5 1
6 0
7 1

Output bit columns (with bitsum as hash)
0 1011001 4
1 0010110 3
2 0111011 5
3 0101111 5
4 0110000 2
5 1011001 4
6 1111000 4
7 1011001 4

Input 0: 10111001
0 1
1 0
2 1
3 1
4 1
5 0
6 0
7 1

Input 1: 11010010
0 1
1 1
2 0
3 1
4 0
5 0
6 1
7 0

Input 2: 11111111
0 1
1 1
2 1
3 1
4 1
5 1
6 1
7 1

Input 3: 00111011
0 0
1 0
2 1
3 1
4 1
5 0
6 1
7 1

Input 4: 00000101
0 0
1 0
2 0
3 0
4 0
5 1
6 0
7 1

Input 5: 00000111
0 0
1 0
2 0
3 0
4 0
5 1
6 1
7 1

Input 6: 00101011
0 0
1 0
2 1
3 0
4 1
5 0
6 1
7 1

When matching output
x: not in operator
y: wrong position

Identity
0 1110000 3
1 0110000 2 match 4
2 1011001 4 match 0 5 7
3 1111000 4 match 6
4 1011001 4 match 0 5 7
5 0010110 3 match 1
6 0111011 5 match 2
7 1011111 6

Matching output
0 2 4
1 5
2 6
3 absent
4 1
5 2 4
6 3
7 2 4

Left
2 3y
4 5 6 7x
Best: I4 5 6: 3

Right
2 1y
4 3 2 1 0x
Best: I4 3 2 1: 4

NOT
0 0001111 4
1 1001111 5
2 0100110 3
3 0000111 3
4 0100110 3
5 1101001 4
6 1000100 2
7 0100000 1

Matching output
0 absent
1 absent
2 absent
3 absent
4 absent
5 absent
6 absent
7 absent

Left
none
Best: none

Right
none
Best: none

Constant
0 0000000 a
1 1111111 a

Matching output
0 absent
1 absent
2 absent
3 absent
4 absent
5 absent
6 absent
7 absent

Left
none
Best: none

Right
none
Best: none

AND
01 10 0110000 2 match 4
12 21 0010000 1
23 32 1011000 3
34 43 1011000 3
45 54 0010000 1
56 65 0010010 2
67 76 0011011 4
70 07 1010000 2

02 20 1010000 2
13 31 0110000 2 match 4
24 42 1011001 4 match 0 5 7
35 53 0010000 1
46 64 0011001 3
57 75 0010110 3 match 1
60 06 0110000 2 match 4
71 17 0010000 1

03 30 1110000 3
14 41 0010000 1
25 52 0010000 1
36 63 0111000 3
47 74 1011001 4 match 0 5 7
50 05 0010000 1
61 16 0110000 2 match 4
72 27 1011001 4 match 0 5 7

04 40 1010000 2
15 51 0010000 1
26 62 0011001 3
37 73 1011000 3

Matching output
0 24 42 47 74 72 27
1 57 75
2 absent
3 absent
4 01 10 13 31 60 06 61 16
5 24 42 47 74 72 27
6 absent
7 24 42 47 74 72 27

Left
24 35x
42 53x
47 50x
74 05x
72 03x
27 30x
Best: AND24: 1

Right
24 13y
42 31y
47 36x
74 63x
72 61y
27 16y
Best: AND24: 1

OR
01 10 1110000 3
12 21 1111001 5
23 32 1111001 5
34 43 1111001 5
45 54 1011111 6
56 65 0111111 6
67 76 1111111 a
70 07 1111111 a

02 20 1111001 5
13 31 1111000 4 match 6
24 42 1011001 4 match 0 5 7
35 53 1111110 6
46 64 1111011 6
57 75 1011111 6
60 06 1111011 6
71 17 1111111 a

03 30 1111000 4 match 6
14 41 1111001 5
25 52 1011111 6
36 63 1111011 6
47 74 1011111 6
50 05 1110110 5
61 16 0111011 5 match 2
72 27 1011111 6

04 40 1111001 5
15 51 0110110 4
26 62 1111011 6
37 73 1111111 a

Matching output
0 24 42
1 absent
2 61 16
3 absent
4 absent
5 24 42
6 13 31 03 30
7 24 42

Left
24 35x
42 53x
Best: OR24: 1

Right
24 13 02x
42 31 20x
Best: OR24 13: 2

XOR
01 10 1000000 1
12 21 1101001 4
23 32 0100001 2
34 43 0100001 2
45 54 1001111 5
56 65 0101101 4
67 76 1100100 3
70 07 0101111 5 match 3

02 20 0101001 3
13 31 1001000 2
24 42 0000000 a
35 53 1101110 5
46 64 1100010 3
57 75 1001001 3
60 06 1001011 4
71 17 1101111 6

03 30 0001000 1
14 41 1101001 4
25 52 1001111 5
36 63 1000011 3
47 74 0000110 2
50 05 1100110 4
61 16 0001011 3
72 27 0000110 2

04 40 0101001 3
15 51 0100110 3
26 62 1100010 3
37 73 0100111 4

Matching output
0 absent
1 absent
2 absent
3 70 07
4 absent
5 absent
6 absent
7 absent

Left
none
Best: none

Right
none
Best: none

AND-NOT
01 1000000 1
12 0100000 1
23 0000001 1
34 0100000 1
45 1001001 3
56 0000100 1
67 0100000 1
70 0001111 4

02 0100000 1
13 0000000 a
24 0000000 a
35 1101000 3
46 1000000 1
57 0000000 a
60 0001011 3
71 1001111 5

03 0000000 a
14 0100000 1
25 1001001 3
36 1000000 1
47 0000000 a
50 0000110 2
61 0001011 3
72 0000110 2

04 0100000 1
15 0100000 1
26 1000000 1
37 0100000 1
40 0001001 2
51 0000110 2
62 0100010 2
73 0000111 3

05 1100000 2
16 0000000 a
27 0000000 a
30 0001000 1
41 1001001 3
52 0000110 2
63 0000011 2
74 0000110 2

06 1000000 1
17 0100000 1
20 0001001 2
31 1001000 2
42 0000000 a
53 0000110 2
64 0100010 2
75 1001001 3

07 0100000 1
10 0000000 a
21 1001001 3
32 0100000 1
43 0000001 1
54 0000110 2
65 0101001 3
76 1000100 2

Matching output
0 absent
1 absent
2 absent
3 absent
4 absent
5 absent
6 absent
7 absent

Left
none
Best: none

Right
none
Best: none

OR-NOT
01 1111111 a
12 0110110 4
23 1011111 6
34 1111110 6
45 1111001 5
56 1010110 4
67 0111011 5 match 2
70 1011111 6

02 1110110 5
13 0110111 5
24 1111111 a
35 1111001 5
46 1011101 5
57 0110110 4
60 0111111 6
71 1011111 6

03 1110111 6
14 0110110 4
25 1111001 5
36 1111100 5
47 1111001 5
50 0011111 5
61 1111111 a
72 1111111 a

04 1110110 5
15 1111001 5
26 1011101 5
37 1111000 4 match 6
40 1011111 6
51 1011111 6
62 0111111 6
73 1011111 6

05 1111001 5
16 1110100 4
27 1111001 5
30 1111111 a
41 1011111 6
52 0110110 4
63 0111111 6
74 1111111 a

06 1110100 4
17 0110000 2 match 4
20 1011111 6
31 1111111 a
42 1111111 a
53 0010111 4
64 0111111 6
75 1111111 a

07 1110000 3
10 0111111 6
21 1011111 6
32 1111110 6
43 1011111 6
54 0110110 4
65 1111011 6
76 1011111 6

Matching output
0 absent
1 absent
2 67
3 absent
4 17
5 absent
6 37
7 absent

Left
none
Best: none

Right
none
Best: none

XOR-NOT
01 0111111 6
12 0010110 3 match 1
23 1011110 5
34 1011110 5
45 0110000 2 match 4
56 1010010 3
67 0011011 4
70 1010000 2

02 1010110 4
13 0110111 5
24 1111111 a
35 0010001 2
46 0011101 4
57 0110110 4
60 0110100 3
71 0010000 1

03 1110111 6
14 0010110 3 match 1
25 0110000 2 match 4
36 0111100 4
47 1111001 5
50 0011001 3
61 1110100 4
72 1111001 5

04 1010110 4
15 1011001 4 match 0 5 7
26 0011101 4
37 1011000 3
40 1010110 4
51 1011001 4 match 0 5 7
62 0011101 4
73 1011000 3

05 0011001 3
16 1110100 4
27 1111001 5
30 1110111 6
41 0010110 3 match 1
52 0110000 2 match 4
63 0111100 4
74 1111001 5

06 0110100 3
17 0010000 1
20 1010110 4
31 0110111 5
42 1111111 a
53 0010001 2
64 0011101 4
75 0110110 4

07 1010000 2
10 0111111 6
21 0010110 3 match 1
32 1011110 5
43 1011110 5
54 0110000 2 match 4
65 1010010 3
76 0011011 4

Matching output
0 15 51
1 12 14 41 21
2 absent
3 absent
4 45 25 52 54
5 15 51
6 absent
7 15 51

Left
15 26x
51 62x
Best: XOR-NOT15: 1

Right
15 04x
51 40x
Best: XOR-NOT15: 1

Selecting

Lefts
Identity I4 5 6: 3
NOT none
Constant none
AND AND24: 1
OR OR24: 1
XOR none
AND-NOT none
OR-NOT none
XOR-NOT XOR-NOT15: 1

Rights
Identity I4 3 2 1: 4
NOT none
Constant none
AND AND24: 1
OR OR24 13: 2
XOR none
AND-NOT none
OR-NOT none
XOR-NOT XOR-NOT15: 1

Left longest: 3
Right longest: 4

Right winner: Identity yes, NOT no, Constant no, AND no, OR no, XOR no, AND-NOT no, OR-NOT no, XOR-NOT no
Left winner: Identity yes, NOT no, Constant no, AND no, OR no, XOR no, AND-NOT no, OR-NOT no, XOR-NOT no

Best right: I4 3 2 1: 4
Best left: I4 5 6: 3

Truncated right: I4 3 2 1: 4
Truncated left: I4 5 6: 3

Tentative from right
7 I4
6 I3
5 I2
4 I1
3 pending
2 pending
1 pending
0 pending

Tentative
0 I4
1 I5
2 I6
3 pending
4 I1
5 I2
6 I3
7 I4

Preferred from right
7 I4
6 I3
5 I2
4 I1
3 ??0
2 I6
1 I5
0 I4

Preferred from left
0 I4
1 I5
2 I6
3 ?70
4 I1
5 I2
6 I3
7 I4

Preferred
0 I4
1 I5
2 I6
3 ?70 ?07
4 I1
5 I2
6 I3
7 I4

Matching
0 I4
1 I5
2 I6
3 ?70 ?07 - Identity absent, NOT absent, Constant absent, AND absent, OR absent, XOR70, AND-NOT absent, OR-NOT absent, XOR-NOT absent
4 I1
5 I2
6 I3
7 I4

Perfect match
Identity no
NOT no
Constant no
AND no
OR no
XOR yes
AND-NOT no
OR-NOT no
XOR-NOT no

Matched
0 I4
1 I5
2 I6
3 XOR70
4 I1
5 I2
6 I3
7 I4

Selected
0 I4
1 I5
2 I6
3 XOR70
4 I1
5 I2
6 I3
7 I4

Applying to 10100010
Input
0 1
1 0
2 1
3 0
4 0
5 0
6 1
7 0
Output
0 I4 = 0
1 I5 = 0
2 I6 = 1
3 XOR70 = XOR(0,1) = 1
4 I1 = 0
5 I2 = 1
6 I3 = 0
7 I4 = 0

I will now return the answer in \boxed{}
The answer in \boxed{–} is \boxed{00110100}
[correct]
true
