[category]
bit_manipulation
[prompt]
In Alice's Wonderland, a secret bit manipulation rule transforms 8-bit binary numbers. The transformation involves operations like bit shifts, rotations, XOR, AND, OR, NOT, and possibly majority or choice functions.

Here are some examples of input -> output:
00000101 -> 00001010
01001100 -> 10011100
11000110 -> 10000000
11111100 -> 11110111
01111110 -> 11111011
10001101 -> 00010010
01101010 -> 11010010
11100000 -> 11001110

Now, determine the output for: 00010000
[completion]
We need to deduce the transformation by matching the example outputs.
I will put my final answer inside \boxed{}.

Output 0: 00001010
0 0
1 0
2 0
3 0
4 1
5 0
6 1
7 0

Output 1: 10011100
0 1
1 0
2 0
3 1
4 1
5 1
6 0
7 0

Output 2: 10000000
0 1
1 0
2 0
3 0
4 0
5 0
6 0
7 0

Output 3: 11110111
0 1
1 1
2 1
3 1
4 0
5 1
6 1
7 1

Output 4: 11111011
0 1
1 1
2 1
3 1
4 1
5 0
6 1
7 1

Output 5: 00010010
0 0
1 0
2 0
3 1
4 0
5 0
6 1
7 0

Output 6: 11010010
0 1
1 1
2 0
3 1
4 0
5 0
6 1
7 0

Output 7: 11001110
0 1
1 1
2 0
3 0
4 1
5 1
6 1
7 0

Output bit columns (with bitsum as hash)
0 01111011 6
1 00011011 4
2 00011000 2
3 01011110 5
4 11001001 4
5 01010001 3
6 10011111 6
7 00011000 2

Input 0: 00000101
0 0
1 0
2 0
3 0
4 0
5 1
6 0
7 1

Input 1: 01001100
0 0
1 1
2 0
3 0
4 1
5 1
6 0
7 0

Input 2: 11000110
0 1
1 1
2 0
3 0
4 0
5 1
6 1
7 0

Input 3: 11111100
0 1
1 1
2 1
3 1
4 1
5 1
6 0
7 0

Input 4: 01111110
0 0
1 1
2 1
3 1
4 1
5 1
6 1
7 0

Input 5: 10001101
0 1
1 0
2 0
3 0
4 1
5 1
6 0
7 1

Input 6: 01101010
0 0
1 1
2 1
3 0
4 1
5 0
6 1
7 0

Input 7: 11100000
0 1
1 1
2 1
3 0
4 0
5 0
6 0
7 0

When matching output
x: not in operator
y: wrong position

Identity
0 00110101 4
1 01111011 6 match 0
2 00011011 4 match 1
3 00011000 2 match 2 7
4 01011110 5 match 3
5 11111100 6
6 00101010 3
7 10000100 2

Matching output
0 1
1 2
2 3
3 4
4 absent
5 absent
6 absent
7 3

Left
1 2 3 4 5x
Best: I1 2 3 4: 4

Right
3 2y
Best: I3: 1

NOT
0 11001010 4
1 10000100 2
2 11100100 4
3 11100111 6
4 10100001 3
5 00000011 2
6 11010101 5
7 01111011 6 match 0

Matching output
0 7
1 absent
2 absent
3 absent
4 absent
5 absent
6 absent
7 absent

Left
7 0x
Best: NOT7: 1

Right
none
Best: none

Constant
0 00000000 a
1 11111111 a

Matching output
0 absent
1 absent
2 absent
3 absent
4 absent
5 absent
6 absent
7 absent

Left
none
Best: none

Right
none
Best: none

AND
01 10 00110001 3
12 21 00011011 4 match 1
23 32 00011000 2 match 2 7
34 43 00011000 2 match 2 7
45 54 01011100 4
56 65 00101000 2
67 76 00000000 a
70 07 00000100 1

02 20 00010001 2
13 31 00011000 2 match 2 7
24 42 00011010 3
35 53 00011000 2 match 2 7
46 64 00001010 2
57 75 10000100 2
60 06 00100000 1
71 17 00000000 a

03 30 00010000 1
14 41 01011010 4
25 52 00011000 2 match 2 7
36 63 00001000 1
47 74 00000100 1
50 05 00110100 3
61 16 00101010 3
72 27 00000000 a

04 40 00010100 2
15 51 01111000 4
26 62 00001010 2
37 73 00000000 a

Matching output
0 absent
1 12 21
2 23 32 34 43 13 31 35 53 25 52
3 absent
4 absent
5 absent
6 absent
7 23 32 34 43 13 31 35 53 25 52

Left
none
Best: none

Right
23 12y
32 21y
34 23y
43 32y
13 02x
31 20x
35 24x
53 42x
25 14x
52 41x
Best: AND23: 1

OR
01 10 01111111 7
12 21 01111011 6 match 0
23 32 00011011 4 match 1
34 43 01011110 5 match 3
45 54 11111110 7
56 65 11111110 7
67 76 10101110 5
70 07 10110101 5

02 20 00111111 6
13 31 01111011 6 match 0
24 42 01011111 6
35 53 11111100 6
46 64 01111110 6
57 75 11111100 6
60 06 00111111 6
71 17 11111111 a

03 30 00111101 5
14 41 01111111 7
25 52 11111111 a
36 63 00111010 4
47 74 11011110 6
50 05 11111101 7
61 16 01111011 6 match 0
72 27 10011111 6 match 6

04 40 01111111 7
15 51 11111111 a
26 62 00111011 5
37 73 10011100 4

Matching output
0 12 21 13 31 61 16
1 23 32
2 absent
3 34 43
4 absent
5 absent
6 72 27
7 absent

Left
12 23 34y
21 32 43y
13 24x
31 42x
61 72y
16 27y
Best: OR12 23: 2

Right
none
Best: none

XOR
01 10 01001110 4
12 21 01100000 2
23 32 00000011 2
34 43 01000110 3
45 54 10100010 3
56 65 11010110 5
67 76 10101110 5
70 07 10110001 4

02 20 00101110 4
13 31 01100011 4
24 42 01000101 3
35 53 11100100 4
46 64 01110100 4
57 75 01111000 4
60 06 00011111 5
71 17 11111111 a

03 30 00101101 4
14 41 00100101 3
25 52 11100111 6
36 63 00110010 3
47 74 11011010 5
50 05 11001001 4 match 4
61 16 01010001 3 match 5
72 27 10011111 6 match 6

04 40 01101011 5
15 51 10000111 4
26 62 00110001 3
37 73 10011100 4

Matching output
0 absent
1 absent
2 absent
3 absent
4 50 05
5 61 16
6 72 27
7 absent

Left
none
Best: none

Right
none
Best: none

AND-NOT
01 00000100 1
12 01100000 2
23 00000011 2
34 00000000 a
45 00000010 1
56 11010100 4
67 00101010 3
70 10000000 1

02 00100100 2
13 01100011 4
24 00000001 1
35 00000000 a
46 01010100 3
57 01111000 4
60 00001010 2
71 10000100 2

03 00100101 3
14 00100001 2
25 00000011 2
36 00010000 1
47 01011010 4
50 11001000 3
61 00000000 a
72 10000100 2

04 00100001 2
15 00000011 2
26 00010001 2
37 00011000 2 match 2 7
40 01001010 3
51 10000100 2
62 00100000 1
73 10000100 2

05 00000001 1
16 01010001 3 match 5
27 00011011 4 match 1
30 00001000 1
41 00000100 1
52 11100100 4
63 00100010 2
74 10000000 1

06 00010101 3
17 01111011 6 match 0
20 00001010 2
31 00000000 a
42 01000100 2
53 11100100 4
64 00100000 1
75 00000000 a

07 00110001 3
10 01001010 3
21 00000000 a
32 00000000 a
43 01000110 3
54 10100000 2
65 00000010 1
76 10000100 2

Matching output
0 17
1 27
2 37
3 absent
4 absent
5 16
6 absent
7 37

Left
17 20x
Best: AND-NOT17: 1

Right
37 26x
Best: AND-NOT37: 1

OR-NOT
01 10110101 5
12 11111111 a
23 11111111 a
34 10111001 5
45 01011111 6
56 11111101 7
67 01111011 6 match 0
70 11001110 5

02 11110101 6
13 11111111 a
24 10111011 6
35 00011011 4 match 1
46 11011111 7
57 11111111 a
60 11101010 5
71 10000100 2

03 11110111 7
14 11111011 7
25 00011011 4 match 1
36 11011101 6
47 01111111 7
50 11111110 7
61 10101110 5
72 11100100 4

04 10110101 5
15 01111011 6 match 0
26 11011111 7
37 01111011 6 match 0
40 11011110 6
51 11111100 6
62 11101110 6
73 11100111 6

05 00110111 5
16 11111111 a
27 01111011 6 match 0
30 11011010 5
41 11011110 6
52 11111100 6
63 11101111 7
74 10100101 4

06 11110101 6
17 01111011 6 match 0
20 11011011 6
31 10011100 4
42 11111110 7
53 11111111 a
64 10101011 5
75 10000111 4

07 01111111 7
10 11111011 7
21 10011111 6 match 6
32 11111100 6
43 11111111 a
54 11111101 7
65 00101011 4
76 11010101 5

Matching output
0 67 15 37 27 17
1 35 25
2 absent
3 absent
4 absent
5 absent
6 21
7 absent

Left
67 70x
15 26x
37 40x
27 30x
17 20x
Best: OR-NOT67: 1

Right
none
Best: none

XOR-NOT
01 10110001 4
12 10011111 6 match 6
23 11111100 6
34 10111001 5
45 01011101 5
56 00101001 3
67 01010001 3 match 5
70 01001110 4

02 11010001 4
13 10011100 4
24 10111010 5
35 00011011 4 match 1
46 10001011 4
57 10000111 4
60 11100000 3
71 00000000 a

03 11010010 4
14 11011010 5
25 00011000 2 match 2 7
36 11001101 5
47 00100101 3
50 00110110 4
61 10101110 5
72 01100000 2

04 10010100 3
15 01111000 4
26 11001110 5
37 01100011 4
40 10010100 3
51 01111000 4
62 11001110 5
73 01100011 4

05 00110110 4
16 10101110 5
27 01100000 2
30 11010010 4
41 11011010 5
52 00011000 2 match 2 7
63 11001101 5
74 00100101 3

06 11100000 3
17 00000000 a
20 11010001 4
31 10011100 4
42 10111010 5
53 00011011 4 match 1
64 10001011 4
75 10000111 4

07 01001110 4
10 10110001 4
21 10011111 6 match 6
32 11111100 6
43 10111001 5
54 01011101 5
65 00101001 3
76 01010001 3 match 5

Matching output
0 absent
1 35 53
2 25 52
3 absent
4 absent
5 67 76
6 12 21
7 25 52

Left
none
Best: none

Right
25 14x
52 41x
Best: XOR-NOT25: 1

Selecting

Lefts
Identity I1 2 3 4: 4
NOT NOT7: 1
Constant none
AND none
OR OR12 23: 2
XOR none
AND-NOT AND-NOT17: 1
OR-NOT OR-NOT67: 1
XOR-NOT none

Rights
Identity I3: 1
NOT none
Constant none
AND AND23: 1
OR none
XOR none
AND-NOT AND-NOT37: 1
OR-NOT none
XOR-NOT XOR-NOT25: 1

Left longest: 4
Right longest: 1

Left winner: Identity yes, NOT no, Constant no, AND no, OR no, XOR no, AND-NOT no, OR-NOT no, XOR-NOT no
Right winner: Identity yes, NOT no, Constant no, AND no, OR no, XOR no, AND-NOT no, OR-NOT no, XOR-NOT no

Best left: I1 2 3 4: 4
Best right: I3: 1

Truncated left: I1 2 3 4: 4
Truncated right: I3: 1

Tentative from right
7 I3
6 pending
5 pending
4 pending
3 pending
2 pending
1 pending
0 pending

Tentative
0 I1
1 I2
2 I3
3 I4
4 pending
5 pending
6 pending
7 I3

Preferred from left
0 I1
1 I2
2 I3
3 I4
4 ?5?
5 ?6?
6 ?7?
7 I3

Preferred from right
7 I3
6 ?72
5 ?61
4 ?50
3 I4
2 I3
1 I2
0 I1

Preferred
0 I1
1 I2
2 I3
3 I4
4 ?50 ?05
5 ?61 ?16
6 ?72 ?27
7 I3

Matching
0 I1
1 I2
2 I3
3 I4
4 ?50 ?05 - Identity absent, NOT absent, Constant absent, AND absent, OR absent, XOR50, AND-NOT absent, OR-NOT absent, XOR-NOT absent
5 ?61 ?16 - Identity absent, NOT absent, Constant absent, AND absent, OR absent, XOR61, AND-NOT16, OR-NOT absent, XOR-NOT absent
6 ?72 ?27 - Identity absent, NOT absent, Constant absent, AND absent, OR72, XOR72, AND-NOT absent, OR-NOT absent, XOR-NOT absent
7 I3

Perfect match
Identity no
NOT no
Constant no
AND no
OR no
XOR yes
AND-NOT no
OR-NOT no
XOR-NOT no

Matched
0 I1
1 I2
2 I3
3 I4
4 XOR50
5 XOR61
6 XOR72
7 I3

Selected
0 I1
1 I2
2 I3
3 I4
4 XOR50
5 XOR61
6 XOR72
7 I3

Applying to 00010000
Input
0 0
1 0
2 0
3 1
4 0
5 0
6 0
7 0
Output
0 I1 = 0
1 I2 = 0
2 I3 = 1
3 I4 = 0
4 XOR50 = XOR(0,0) = 0
5 XOR61 = XOR(0,0) = 0
6 XOR72 = XOR(0,0) = 0
7 I3 = 1

I will now return the answer in \boxed{}
The answer in \boxed{–} is \boxed{00100001}
[correct]
true
