[category]
bit_manipulation
[prompt]
In Alice's Wonderland, a secret bit manipulation rule transforms 8-bit binary numbers. The transformation involves operations like bit shifts, rotations, XOR, AND, OR, NOT, and possibly majority or choice functions.

Here are some examples of input -> output:
01001100 -> 00000010
11101101 -> 10000111
00001110 -> 00000000
10010100 -> 00000100
10111100 -> 00000101
00011100 -> 00000000
01101101 -> 10000011
10101001 -> 10000101
00010001 -> 10000000

Now, determine the output for: 01100010
[completion]
We need to deduce the transformation by matching the example outputs.
I will put my final answer inside \boxed{}.

Output 0: 00000010
0 0
1 0
2 0
3 0
4 0
5 0
6 1
7 0

Output 1: 10000111
0 1
1 0
2 0
3 0
4 0
5 1
6 1
7 1

Output 2: 00000000
0 0
1 0
2 0
3 0
4 0
5 0
6 0
7 0

Output 3: 00000100
0 0
1 0
2 0
3 0
4 0
5 1
6 0
7 0

Output 4: 00000101
0 0
1 0
2 0
3 0
4 0
5 1
6 0
7 1

Output 5: 00000000
0 0
1 0
2 0
3 0
4 0
5 0
6 0
7 0

Output 6: 10000011
0 1
1 0
2 0
3 0
4 0
5 0
6 1
7 1

Output 7: 10000101
0 1
1 0
2 0
3 0
4 0
5 1
6 0
7 1

Output 8: 10000000
0 1
1 0
2 0
3 0
4 0
5 0
6 0
7 0

Output bit columns (with bitsum as hash)
0 010000111 4
1 000000000 a
2 000000000 a
3 000000000 a
4 000000000 a
5 010110010 4
6 110000100 3
7 010010110 4

Input 0: 01001100
0 0
1 1
2 0
3 0
4 1
5 1
6 0
7 0

Input 1: 11101101
0 1
1 1
2 1
3 0
4 1
5 1
6 0
7 1

Input 2: 00001110
0 0
1 0
2 0
3 0
4 1
5 1
6 1
7 0

Input 3: 10010100
0 1
1 0
2 0
3 1
4 0
5 1
6 0
7 0

Input 4: 10111100
0 1
1 0
2 1
3 1
4 1
5 1
6 0
7 0

Input 5: 00011100
0 0
1 0
2 0
3 1
4 1
5 1
6 0
7 0

Input 6: 01101101
0 0
1 1
2 1
3 0
4 1
5 1
6 0
7 1

Input 7: 10101001
0 1
1 0
2 1
3 0
4 1
5 0
6 0
7 1

Input 8: 00010001
0 0
1 0
2 0
3 1
4 0
5 0
6 0
7 1

When matching output
x: not in operator
y: wrong position

Identity
0 010110010 4 match 5
1 110000100 3 match 6
2 010010110 4 match 7
3 000111001 4
4 111011110 7
5 111111100 7
6 001000000 1
7 010000111 4 match 0

Matching output
0 7
1 absent
2 absent
3 absent
4 absent
5 0
6 1
7 2

Left
7 0y
Best: I7: 1

Right
2 1 0 7y
Best: I2 1 0: 3

NOT
0 101001101 5
1 001111011 6
2 101101001 5
3 111000110 5
4 000100001 2
5 000000011 2
6 110111111 8
7 101111000 5

Matching output
0 absent
1 absent
2 absent
3 absent
4 absent
5 absent
6 absent
7 absent

Left
none
Best: none

Right
none
Best: none

Constant
0 000000000 a match 1 2 3 4
1 111111111 a

Matching output
0 absent
1 C0
2 C0
3 C0
4 C0
5 absent
6 absent
7 absent

Left
none
Best: none

Right
none
Best: none

AND
01 10 010000000 1
12 21 010000100 2
23 32 000010000 1
34 43 000011000 2
45 54 111011100 6
56 65 001000000 1
67 76 000000000 a match 1 2 3 4
70 07 010000010 2

02 20 010010010 3
13 31 000000000 a match 1 2 3 4
24 42 010010110 4 match 7
35 53 000111000 3
46 64 001000000 1
57 75 010000100 2
60 06 000000000 a match 1 2 3 4
71 17 010000100 2

03 30 000110000 2
14 41 110000100 3 match 6
25 52 010010100 3
36 63 000000000 a match 1 2 3 4
47 74 010000110 3
50 05 010110000 3
61 16 000000000 a match 1 2 3 4
72 27 010000110 3

04 40 010010010 3
15 51 110000100 3 match 6
26 62 000000000 a match 1 2 3 4
37 73 000000001 1

Matching output
0 absent
1 67 76 13 31 60 06 36 63 61 16 26 62
2 67 76 13 31 60 06 36 63 61 16 26 62
3 67 76 13 31 60 06 36 63 61 16 26 62
4 67 76 13 31 60 06 36 63 61 16 26 62
5 absent
6 14 41 15 51
7 24 42

Left
none
Best: none

Right
24 13y
42 31y
Best: AND24: 1

OR
01 10 110110110 6
12 21 110010110 5
23 32 010111111 7
34 43 111111111 a
45 54 111111110 8
56 65 111111100 7
67 76 011000111 5
70 07 010110111 6

02 20 010110110 5
13 31 110111101 7
24 42 111011110 7
35 53 111111101 8
46 64 111011110 7
57 75 111111111 a
60 06 011110010 5
71 17 110000111 5

03 30 010111011 6
14 41 111011110 7
25 52 111111110 8
36 63 001111001 5
47 74 111011111 8
50 05 111111110 8
61 16 111000100 4
72 27 010010111 5

04 40 111111110 8
15 51 111111100 7
26 62 011010110 5
37 73 010111111 7

Matching output
0 absent
1 absent
2 absent
3 absent
4 absent
5 absent
6 absent
7 absent

Left
none
Best: none

Right
none
Best: none

XOR
01 10 100110110 5
12 21 100010010 3
23 32 010101111 6
34 43 111100111 7
45 54 000100010 2
56 65 110111100 6
67 76 011000111 5
70 07 000110101 4

02 20 000100100 2
13 31 110111101 7
24 42 101001000 3
35 53 111000101 5
46 64 110011110 6
57 75 101111011 7
60 06 011110010 5
71 17 100000011 3

03 30 010001011 4
14 41 001011010 4
25 52 101101010 5
36 63 001111001 5
47 74 101011001 5
50 05 101001110 5
61 16 111000100 4
72 27 000010001 2

04 40 101101100 5
15 51 001111000 4
26 62 011010110 5
37 73 010111110 6

Matching output
0 absent
1 absent
2 absent
3 absent
4 absent
5 absent
6 absent
7 absent

Left
none
Best: none

Right
none
Best: none

AND-NOT
01 000110010 3
12 100000000 1
23 010000110 3
34 000100001 2
45 000000010 1
56 110111100 6
67 001000000 1
70 000000101 2

02 000100000 1
13 110000100 3 match 6
24 000000000 a match 1 2 3 4
35 000000001 1
46 110011110 6
57 101111000 5
60 001000000 1
71 000000011 2

03 010000010 2
14 000000000 a match 1 2 3 4
25 000000010 1
36 000111001 4
47 101011000 4
50 101001100 4
61 001000000 1
72 000000001 1

04 000100000 1
15 000000000 a match 1 2 3 4
26 010010110 4 match 7
37 000111000 3
40 101001100 4
51 001111000 4
62 001000000 1
73 010000110 3

05 000000010 1
16 110000100 3 match 6
27 000010000 1
30 000001001 2
41 001011010 4
52 101101000 4
63 001000000 1
74 000000001 1

06 010110010 4 match 5
17 100000000 1
20 000000100 1
31 000111001 4
42 101001000 3
53 111000100 4
64 000000000 a match 1 2 3 4
75 000000011 2

07 000110000 2
10 100000100 2
21 000010010 2
32 000101001 3
43 111000110 5
54 000100000 1
65 000000000 a match 1 2 3 4
76 010000111 4 match 0

Matching output
0 76
1 24 14 15 64 65
2 24 14 15 64 65
3 24 14 15 64 65
4 24 14 15 64 65
5 06
6 13 16
7 26

Left
76 07x
Best: AND-NOT76: 1

Right
26 15y
Best: AND-NOT26: 1

OR-NOT
01 011111011 7
12 111101101 7
23 111010110 6
34 000111001 4
45 111011111 8
56 111111111 a
67 101111000 5
70 111001111 7

02 111111011 8
13 111000110 5
24 010110111 6
35 000111011 5
46 111111111 a
57 111111100 7
60 101001101 5
71 011111111 8

03 111110110 7
14 110100101 5
25 010010111 5
36 110111111 8
47 111111110 8
50 111111101 8
61 001111011 6
72 111101111 8

04 010110011 5
15 110000111 5
26 110111111 8
37 101111001 6
40 111011111 8
51 111111111 a
62 101101001 5
73 111000111 6

05 010110011 5
16 110111111 8
27 111111110 8
30 101111101 7
41 111111111 a
52 111111101 8
63 111000110 5
74 010100111 5

06 110111111 8
17 111111100 7
20 111011111 8
31 001111011 6
42 111111111 a
53 111111110 8
64 001100001 3
75 010000111 4 match 0

07 111111010 7
10 111001101 6
21 011111111 8
32 101111001 6
43 111011110 7
54 111111101 8
65 001000011 3
76 110111111 8

Matching output
0 75
1 absent
2 absent
3 absent
4 absent
5 absent
6 absent
7 absent

Left
75 06x
Best: OR-NOT75: 1

Right
none
Best: none

XOR-NOT
01 011001001 4
12 011101101 6
23 101010000 3
34 000011000 2
45 111011101 7
56 001000011 3
67 100111000 4
70 111001010 5

02 111011011 7
13 001000010 2
24 010110111 6
35 000111010 4
46 001100001 3
57 010000100 2
60 100001101 4
71 011111100 6

03 101110100 5
14 110100101 5
25 010010101 4
36 110000110 4
47 010100110 4
50 010110001 4
61 000111011 5
72 111101110 7

04 010010011 4
15 110000111 5
26 100101001 4
37 101000001 3
40 010010011 4
51 110000111 5
62 100101001 4
73 101000001 3

05 010110001 4
16 000111011 5
27 111101110 7
30 101110100 5
41 110100101 5
52 010010101 4
63 110000110 4
74 010100110 4

06 100001101 4
17 011111100 6
20 111011011 7
31 001000010 2
42 010110111 6
53 000111010 4
64 001100001 3
75 010000100 2

07 111001010 5
10 011001001 4
21 011101101 6
32 101010000 3
43 000011000 2
54 111011101 7
65 001000011 3
76 100111000 4

Matching output
0 absent
1 absent
2 absent
3 absent
4 absent
5 absent
6 absent
7 absent

Left
none
Best: none

Right
none
Best: none

Selecting

Lefts
Identity I7: 1
NOT none
Constant none
AND none
OR none
XOR none
AND-NOT AND-NOT76: 1
OR-NOT OR-NOT75: 1
XOR-NOT none

Rights
Identity I2 1 0: 3
NOT none
Constant none
AND AND24: 1
OR none
XOR none
AND-NOT AND-NOT26: 1
OR-NOT none
XOR-NOT none

Left longest: 1
Right longest: 3

Right winner: Identity yes, NOT no, Constant no, AND no, OR no, XOR no, AND-NOT no, OR-NOT no, XOR-NOT no
Left winner: Identity yes, NOT no, Constant no, AND no, OR no, XOR no, AND-NOT no, OR-NOT no, XOR-NOT no

Best right: I2 1 0: 3
Best left: I7: 1

Truncated right: I2 1 0: 3
Truncated left: I7: 1

Tentative from right
7 I2
6 I1
5 I0
4 pending
3 pending
2 pending
1 pending
0 pending

Tentative
0 I7
1 pending
2 pending
3 pending
4 pending
5 I0
6 I1
7 I2

Preferred from right
7 I2
6 I1
5 I0
4 ??7
3 ??6
2 ??5
1 ??4
0 I7

Preferred from left
0 I7
1 ?04
2 ?15
3 ?26
4 ?37
5 I0
6 I1
7 I2

Preferred
0 I7
1 ?04 ?40
2 ?15 ?51
3 ?26 ?62
4 ?37 ?73
5 I0
6 I1
7 I2

Matching
0 I7
1 ?04 ?40 - Identity absent, NOT absent, Constant C0, AND absent, OR absent, XOR absent, AND-NOT absent, OR-NOT absent, XOR-NOT absent
2 ?15 ?51 - Identity absent, NOT absent, Constant C0, AND absent, OR absent, XOR absent, AND-NOT15, OR-NOT absent, XOR-NOT absent
3 ?26 ?62 - Identity absent, NOT absent, Constant C0, AND26, OR absent, XOR absent, AND-NOT absent, OR-NOT absent, XOR-NOT absent
4 ?37 ?73 - Identity absent, NOT absent, Constant C0, AND absent, OR absent, XOR absent, AND-NOT absent, OR-NOT absent, XOR-NOT absent
5 I0
6 I1
7 I2

Perfect match
Identity no
NOT no
Constant yes
AND no
OR no
XOR no
AND-NOT no
OR-NOT no
XOR-NOT no

Matched
0 I7
1 C0
2 C0
3 C0
4 C0
5 I0
6 I1
7 I2

Selected
0 I7
1 C0
2 C0
3 C0
4 C0
5 I0
6 I1
7 I2

Applying to 01100010
Input
0 0
1 1
2 1
3 0
4 0
5 0
6 1
7 0
Output
0 I7 = 0
1 C0 = 0
2 C0 = 0
3 C0 = 0
4 C0 = 0
5 I0 = 0
6 I1 = 1
7 I2 = 1

I will now return the answer in \boxed{}
The answer in \boxed{–} is \boxed{00000011}
[correct]
true
