[category]
bit_manipulation
[prompt]
In Alice's Wonderland, a secret bit manipulation rule transforms 8-bit binary numbers. The transformation involves operations like bit shifts, rotations, XOR, AND, OR, NOT, and possibly majority or choice functions.

Here are some examples of input -> output:
10000101 -> 11000010
11011001 -> 11101100
10010011 -> 11001001
11101111 -> 11110111
00000111 -> 10000011
01000011 -> 10100001
01010011 -> 10101001
01111001 -> 10111100
11101101 -> 11110110
10001111 -> 11000111

Now, determine the output for: 11000011
[completion]
We need to deduce the transformation by matching the example outputs.
I will put my final answer inside \boxed{}.

Output 0: 11000010
0 1
1 1
2 0
3 0
4 0
5 0
6 1
7 0

Output 1: 11101100
0 1
1 1
2 1
3 0
4 1
5 1
6 0
7 0

Output 2: 11001001
0 1
1 1
2 0
3 0
4 1
5 0
6 0
7 1

Output 3: 11110111
0 1
1 1
2 1
3 1
4 0
5 1
6 1
7 1

Output 4: 10000011
0 1
1 0
2 0
3 0
4 0
5 0
6 1
7 1

Output 5: 10100001
0 1
1 0
2 1
3 0
4 0
5 0
6 0
7 1

Output 6: 10101001
0 1
1 0
2 1
3 0
4 1
5 0
6 0
7 1

Output 7: 10111100
0 1
1 0
2 1
3 1
4 1
5 1
6 0
7 0

Output 8: 11110110
0 1
1 1
2 1
3 1
4 0
5 1
6 1
7 0

Output 9: 11000111
0 1
1 1
2 0
3 0
4 0
5 1
6 1
7 1

Output bit columns (with bitsum as hash)
0 1111111111 a
1 1111000011 6
2 0101011110 6
3 0001000110 3
4 0110001100 4
5 0101000111 5
6 1001100011 5
7 0011111001 6

Input 0: 10000101
0 1
1 0
2 0
3 0
4 0
5 1
6 0
7 1

Input 1: 11011001
0 1
1 1
2 0
3 1
4 1
5 0
6 0
7 1

Input 2: 10010011
0 1
1 0
2 0
3 1
4 0
5 0
6 1
7 1

Input 3: 11101111
0 1
1 1
2 1
3 0
4 1
5 1
6 1
7 1

Input 4: 00000111
0 0
1 0
2 0
3 0
4 0
5 1
6 1
7 1

Input 5: 01000011
0 0
1 1
2 0
3 0
4 0
5 0
6 1
7 1

Input 6: 01010011
0 0
1 1
2 0
3 1
4 0
5 0
6 1
7 1

Input 7: 01111001
0 0
1 1
2 1
3 1
4 1
5 0
6 0
7 1

Input 8: 11101101
0 1
1 1
2 1
3 0
4 1
5 1
6 0
7 1

Input 9: 10001111
0 1
1 0
2 0
3 0
4 1
5 1
6 1
7 1

When matching output
x: not in operator
y: wrong position

Identity
0 1111000011 6 match 1
1 0101011110 6 match 2
2 0001000110 3 match 3
3 0110001100 4 match 4
4 0101000111 5 match 5
5 1001100011 5 match 6
6 0011111001 6 match 7
7 1111111111 a match 0

Matching output
0 7
1 0
2 1
3 2
4 3
5 4
6 5
7 6

Left
7 0 1 2 3 4 5 6
Best: I7 0 1 2 3 4 5 6: 8

Right
6 5 4 3 2 1 0 7
Best: I6 5 4 3 2 1 0 7: 8

NOT
0 0000111100 4
1 1010100001 4
2 1110111001 7
3 1001110011 6
4 1010111000 5
5 0110011100 5
6 1100000110 4
7 0000000000 a

Matching output
0 absent
1 absent
2 absent
3 absent
4 absent
5 absent
6 absent
7 absent

Left
none
Best: none

Right
none
Best: none

Constant
0 0000000000 a
1 1111111111 a match 0

Matching output
0 C1
1 absent
2 absent
3 absent
4 absent
5 absent
6 absent
7 absent

Left
1
Best: C1: 1

Right
none
Best: none

AND
01 10 0101000010 3
12 21 0001000110 3 match 3
23 32 0000000100 1
34 43 0100000100 2
45 54 0001000011 3
56 65 0001100001 3
67 76 0011111001 6 match 7
70 07 1111000011 6 match 1

02 20 0001000010 2
13 31 0100001100 3
24 42 0001000110 3 match 3
35 53 0000000000 a
46 64 0001000001 2
57 75 1001100011 5 match 6
60 06 0011000001 3
71 17 0101011110 6 match 2

03 30 0110000000 2
14 41 0101000110 4
25 52 0001000010 2
36 63 0010001000 2
47 74 0101000111 5 match 5
50 05 1001000011 4
61 16 0001011000 3
72 27 0001000110 3 match 3

04 40 0101000011 4
15 51 0001000010 2
26 62 0001000000 1
37 73 0110001100 4 match 4

Matching output
0 absent
1 70 07
2 71 17
3 12 21 24 42 72 27
4 37 73
5 47 74
6 57 75
7 67 76

Left
none
Best: none

Right
67 56x
76 65x
Best: AND67: 1

OR
01 10 1111011111 9
12 21 0101011110 6 match 2
23 32 0111001110 6
34 43 0111001111 7
45 54 1101100111 7
56 65 1011111011 8
67 76 1111111111 a match 0
70 07 1111111111 a match 0

02 20 1111000111 7
13 31 0111011110 7
24 42 0101000111 5 match 5
35 53 1111101111 9
46 64 0111111111 9
57 75 1111111111 a match 0
60 06 1111111011 9
71 17 1111111111 a match 0

03 30 1111001111 8
14 41 0101011111 7
25 52 1001100111 6
36 63 0111111101 8
47 74 1111111111 a match 0
50 05 1111100011 7
61 16 0111111111 9
72 27 1111111111 a match 0

04 40 1111000111 7
15 51 1101111111 9
26 62 0011111111 8
37 73 1111111111 a match 0

Matching output
0 67 76 70 07 57 75 71 17 47 74 72 27 37 73
1 absent
2 12 21
3 absent
4 absent
5 24 42
6 absent
7 absent

Left
67 70y
76 07y
70 01x
07 10x
57 60x
75 06x
71 02x
17 20x
47 50x
74 05x
72 03x
27 30x
37 40x
73 04x
Best: OR67: 1

Right
none
Best: none

XOR
01 10 1010011101 6
12 21 0100011000 3
23 32 0111001010 5
34 43 0011001011 5
45 54 1100100100 4
56 65 1010011010 5
67 76 1100000110 4
70 07 0000111100 4

02 20 1110000101 5
13 31 0011010010 4
24 42 0100000001 2
35 53 1111101111 9
46 64 0110111110 7
57 75 0110011100 5
60 06 1100111010 6
71 17 1010100001 4

03 30 1001001111 6
14 41 0000011001 3
25 52 1000100101 4
36 63 0101110101 6
47 74 1010111000 5
50 05 0110100000 3
61 16 0110100111 6
72 27 1110111001 7

04 40 1010000100 3
15 51 1100111101 7
26 62 0010111111 7
37 73 1001110011 6

Matching output
0 absent
1 absent
2 absent
3 absent
4 absent
5 absent
6 absent
7 absent

Left
none
Best: none

Right
none
Best: none

AND-NOT
01 1010000001 3
12 0100011000 3
23 0001000010 2
34 0010001000 2
45 0100000100 2
56 1000000010 2
67 0000000000 a
70 0000111100 4

02 1110000001 4
13 0001010010 3
24 0000000000 a
35 0110001100 4 match 4
46 0100000110 3
57 0000000000 a
60 0000111000 3
71 1010100001 4

03 1001000011 4
14 0000011000 2
25 0000000100 1
36 0100000100 2
47 0000000000 a
50 0000100000 1
61 0010100001 3
72 1110111001 7

04 1010000000 2
15 0100011100 4
26 0000000110 2
37 0000000000 a
40 0000000100 1
51 1000100001 3
62 0010111001 5
73 1001110011 6

05 0110000000 2
16 0100000110 3
27 0000000000 a
30 0000001100 2
41 0000000001 1
52 1000100001 3
63 0001110001 4
74 1010111000 5

06 1100000010 3
17 0000000000 a
20 0000000100 1
31 0010000000 1
42 0100000001 2
53 1001100011 5 match 6
64 0010111000 4
75 0110011100 5

07 0000000000 a
10 0000011100 3
21 0000000000 a
32 0110001000 3
43 0001000011 3
54 1000100000 2
65 0010011000 3
76 1100000110 4

Matching output
0 absent
1 absent
2 absent
3 absent
4 35
5 absent
6 53
7 absent

Left
none
Best: none

Right
none
Best: none

OR-NOT
01 1111100011 7
12 1111111111 a match 0
23 1001110111 7
34 1110111100 7
45 0111011111 8
56 1101100111 7
67 0011111001 6 match 7
70 1111111111 a match 0

02 1111111011 9
13 1101111111 9
24 1011111110 8
35 0110011100 5
46 1101000111 6
57 1001100011 5 match 6
60 0011111101 7
71 1111111111 a match 0

03 1111110011 8
14 1111111110 9
25 0111011110 7
36 1110001110 6
47 0101000111 5 match 5
50 1001111111 8
61 1011111001 7
72 1111111111 a match 0

04 1111111011 9
15 0111011110 7
26 1101000110 5
37 0110001100 4 match 4
40 0101111111 8
51 1011100011 6
62 1111111001 8
73 1111111111 a match 0

05 1111011111 9
16 1101011110 7
27 0001000110 3 match 3
30 0110111100 6
41 1111100111 8
52 1111111011 9
63 1011111011 8
74 1111111111 a match 0

06 1111000111 7
17 0101011110 6 match 2
20 0001111110 6
31 1110101101 7
42 1111111111 a match 0
53 1001110011 6
64 1011111001 7
75 1111111111 a match 0

07 1111000011 6 match 1
10 0101111110 7
21 1011100111 7
32 1110111101 8
43 1101110111 8
54 1011111011 8
65 0111111101 8
76 1111111111 a match 0

Matching output
0 12 70 71 72 73 74 42 75 76
1 07
2 17
3 27
4 37
5 47
6 57
7 67

Left
12 23x
70 01x
71 02x
72 03x
73 04x
74 05x
42 53x
75 06x
76 07 10x
Best: OR-NOT76 07: 2

Right
67 56x
Best: OR-NOT67: 1

XOR-NOT
01 0101100010 4
12 1011100111 7
23 1000110101 5
34 1100110100 5
45 0011011011 6
56 0101100101 5
67 0011111001 6 match 7
70 1111000011 6 match 1

02 0001111010 5
13 1100101101 6
24 1011111110 8
35 0000010000 1
46 1001000001 3
57 1001100011 5 match 6
60 0011000101 4
71 0101011110 6 match 2

03 0110110000 4
14 1111100110 7
25 0111011010 6
36 1010001010 4
47 0101000111 5 match 5
50 1001011111 7
61 1001011000 4
72 0001000110 3 match 3

04 0101111011 7
15 0011000010 3
26 1101000000 3
37 0110001100 4 match 4
40 0101111011 7
51 0011000010 3
62 1101000000 3
73 0110001100 4 match 4

05 1001011111 7
16 1001011000 4
27 0001000110 3 match 3
30 0110110000 4
41 1111100110 7
52 0111011010 6
63 1010001010 4
74 0101000111 5 match 5

06 0011000101 4
17 0101011110 6 match 2
20 0001111010 5
31 1100101101 6
42 1011111110 8
53 0000010000 1
64 1001000001 3
75 1001100011 5 match 6

07 1111000011 6 match 1
10 0101100010 4
21 1011100111 7
32 1000110101 5
43 1100110100 5
54 0011011011 6
65 0101100101 5
76 0011111001 6 match 7

Matching output
0 absent
1 70 07
2 71 17
3 72 27
4 37 73
5 47 74
6 57 75
7 67 76

Left
none
Best: none

Right
67 56x
76 65x
Best: XOR-NOT67: 1

Selecting

Lefts
Identity I7 0 1 2 3 4 5 6: 8
NOT none
Constant C1: 1
AND none
OR OR67: 1
XOR none
AND-NOT none
OR-NOT OR-NOT76 07: 2
XOR-NOT none

Rights
Identity I6 5 4 3 2 1 0 7: 8
NOT none
Constant none
AND AND67: 1
OR none
XOR none
AND-NOT none
OR-NOT OR-NOT67: 1
XOR-NOT XOR-NOT67: 1

Left longest: 8
Right longest: 8

Left winner: Identity yes, NOT no, Constant no, AND no, OR no, XOR no, AND-NOT no, OR-NOT no, XOR-NOT no
Right winner: Identity yes, NOT no, Constant no, AND no, OR no, XOR no, AND-NOT no, OR-NOT no, XOR-NOT no

Best left: I7 0 1 2 3 4 5 6: 8
Best right: I6 5 4 3 2 1 0 7: 8

Truncated left: I7 0 1 2 3 4 5 6: 8
Truncated right: none truncated

Tentative from right
7 pending
6 pending
5 pending
4 pending
3 pending
2 pending
1 pending
0 pending

Tentative
0 I7
1 I0
2 I1
3 I2
4 I3
5 I4
6 I5
7 I6

Preferred from left
0 I7
1 I0
2 I1
3 I2
4 I3
5 I4
6 I5
7 I6

Preferred from right
7 I6
6 I5
5 I4
4 I3
3 I2
2 I1
1 I0
0 I7

Preferred
0 I7
1 I0
2 I1
3 I2
4 I3
5 I4
6 I5
7 I6

Matching
0 I7
1 I0
2 I1
3 I2
4 I3
5 I4
6 I5
7 I6

Perfect match
Identity no
NOT no
Constant no
AND no
OR no
XOR no
AND-NOT no
OR-NOT no
XOR-NOT no

Matched
0 I7
1 I0
2 I1
3 I2
4 I3
5 I4
6 I5
7 I6

Selected
0 I7
1 I0
2 I1
3 I2
4 I3
5 I4
6 I5
7 I6

Applying to 11000011
Input
0 1
1 1
2 0
3 0
4 0
5 0
6 1
7 1
Output
0 I7 = 1
1 I0 = 1
2 I1 = 1
3 I2 = 0
4 I3 = 0
5 I4 = 0
6 I5 = 0
7 I6 = 1

I will now return the answer in \boxed{}
The answer in \boxed{–} is \boxed{11100001}
[correct]
true
