[category]
bit_manipulation
[prompt]
In Alice's Wonderland, a secret bit manipulation rule transforms 8-bit binary numbers. The transformation involves operations like bit shifts, rotations, XOR, AND, OR, NOT, and possibly majority or choice functions.

Here are some examples of input -> output:
11001101 -> 10011011
01001001 -> 10011010
01010111 -> 00001110
00111110 -> 00001100
10001010 -> 00010101
10100010 -> 01010101
11110000 -> 01100001
10001001 -> 00010011
00011101 -> 00010010
01110000 -> 01100000

Now, determine the output for: 10001100
[completion]
We need to deduce the transformation by matching the example outputs.
I will put my final answer inside \boxed{}.

Output 0: 10011011
0 1
1 0
2 0
3 1
4 1
5 0
6 1
7 1

Output 1: 10011010
0 1
1 0
2 0
3 1
4 1
5 0
6 1
7 0

Output 2: 00001110
0 0
1 0
2 0
3 0
4 1
5 1
6 1
7 0

Output 3: 00001100
0 0
1 0
2 0
3 0
4 1
5 1
6 0
7 0

Output 4: 00010101
0 0
1 0
2 0
3 1
4 0
5 1
6 0
7 1

Output 5: 01010101
0 0
1 1
2 0
3 1
4 0
5 1
6 0
7 1

Output 6: 01100001
0 0
1 1
2 1
3 0
4 0
5 0
6 0
7 1

Output 7: 00010011
0 0
1 0
2 0
3 1
4 0
5 0
6 1
7 1

Output 8: 00010010
0 0
1 0
2 0
3 1
4 0
5 0
6 1
7 0

Output 9: 01100000
0 0
1 1
2 1
3 0
4 0
5 0
6 0
7 0

Output bit columns (with bitsum as hash)
0 1100000000 2
1 0000011001 3
2 0000001001 2
3 1100110110 6
4 1111000000 4
5 0011110000 4
6 1110000110 5
7 1000111100 5

Input 0: 11001101
0 1
1 1
2 0
3 0
4 1
5 1
6 0
7 1

Input 1: 01001001
0 0
1 1
2 0
3 0
4 1
5 0
6 0
7 1

Input 2: 01010111
0 0
1 1
2 0
3 1
4 0
5 1
6 1
7 1

Input 3: 00111110
0 0
1 0
2 1
3 1
4 1
5 1
6 1
7 0

Input 4: 10001010
0 1
1 0
2 0
3 0
4 1
5 0
6 1
7 0

Input 5: 10100010
0 1
1 0
2 1
3 0
4 0
5 0
6 1
7 0

Input 6: 11110000
0 1
1 1
2 1
3 1
4 0
5 0
6 0
7 0

Input 7: 10001001
0 1
1 0
2 0
3 0
4 1
5 0
6 0
7 1

Input 8: 00011101
0 0
1 0
2 0
3 1
4 1
5 1
6 0
7 1

Input 9: 01110000
0 0
1 1
2 1
3 1
4 0
5 0
6 0
7 0

When matching output
x: not in operator
y: wrong position

Identity
0 1000111100 5 match 7
1 1110001001 5
2 0001011001 4
3 0011001011 5
4 1101100110 6
5 1011000010 4
6 0011110000 4 match 5
7 1110000110 5 match 6

Matching output
0 absent
1 absent
2 absent
3 absent
4 absent
5 6
6 7
7 0

Left
none
Best: none

Right
0 7 6 5x
Best: I0 7 6: 3

NOT
0 0111000011 5
1 0001110110 5
2 1110100110 6
3 1100110100 5
4 0010011001 4
5 0100111101 6
6 1100001111 6
7 0001111001 5

Matching output
0 absent
1 absent
2 absent
3 absent
4 absent
5 absent
6 absent
7 absent

Left
none
Best: none

Right
none
Best: none

Constant
0 0000000000 a
1 1111111111 a

Matching output
0 absent
1 absent
2 absent
3 absent
4 absent
5 absent
6 absent
7 absent

Left
none
Best: none

Right
none
Best: none

AND
01 10 1000001000 2
12 21 0000001001 2 match 2
23 32 0001001001 3
34 43 0001000010 2
45 54 1001000010 3
56 65 0011000000 2
67 76 0010000000 1
70 07 1000000100 2

02 20 0000011000 2
13 31 0010001001 3
24 42 0001000000 1
35 53 0011000010 3
46 64 0001100000 2
57 75 1010000010 3
60 06 0000110000 2
71 17 1110000000 3

03 30 0000001000 1
14 41 1100000000 2 match 0
25 52 0001000000 1
36 63 0011000000 2
47 74 1100000110 4
50 05 1000000000 1
61 16 0010000000 1
72 27 0000000000 a

04 40 1000100100 3
15 51 1010000000 2
26 62 0001010000 2
37 73 0010000010 2

Matching output
0 14 41
1 absent
2 12 21
3 absent
4 absent
5 absent
6 absent
7 absent

Left
14 25x
41 52x
Best: AND14: 1

Right
none
Best: none

OR
01 10 1110111101 8
12 21 1111011001 7
23 32 0011011011 6
34 43 1111101111 9
45 54 1111100110 7
56 65 1011110010 6
67 76 1111110110 8
70 07 1110111110 8

02 20 1001111101 7
13 31 1111001011 7
24 42 1101111111 9
35 53 1011001011 6
46 64 1111110110 8
57 75 1111000110 6
60 06 1011111100 7
71 17 1110001111 7

03 30 1011111111 9
14 41 1111101111 9
25 52 1011011011 7
36 63 0011111011 7
47 74 1111100110 7
50 05 1011111110 8
61 16 1111111001 8
72 27 1111011111 9

04 40 1101111110 8
15 51 1111001011 7
26 62 0011111001 6
37 73 1111001111 8

Matching output
0 absent
1 absent
2 absent
3 absent
4 absent
5 absent
6 absent
7 absent

Left
none
Best: none

Right
none
Best: none

XOR
01 10 0110110101 6
12 21 1111010000 5
23 32 0010010010 3
34 43 1110101101 7
45 54 0110100100 4
56 65 1000110010 4
67 76 1101110110 7
70 07 0110111010 6

02 20 1001100101 5
13 31 1101000010 4
24 42 1100111111 8
35 53 1000001001 3
46 64 1110010110 6
57 75 0101000100 3
60 06 1011001100 5
71 17 0000001111 4

03 30 1011110111 8
14 41 0011101111 7
25 52 1010011011 6
36 63 0000111011 5
47 74 0011100000 3
50 05 0011111110 7
61 16 1101111001 7
72 27 1111011111 9

04 40 0101011010 5
15 51 0101001011 5
26 62 0010101001 4
37 73 1101001101 6

Matching output
0 absent
1 absent
2 absent
3 absent
4 absent
5 absent
6 absent
7 absent

Left
none
Best: none

Right
none
Best: none

AND-NOT
01 0000110100 3
12 1110000000 3
23 0000010000 1
34 0010001001 3
45 0100100100 3
56 1000000010 2
67 0001110000 3
70 0110000010 3

02 1000100100 3
13 1100000000 2 match 0
24 0000011001 3 match 1
35 0000001001 2 match 2
46 1100000110 4
57 0001000000 1
60 0011000000 2
71 0000000110 2

03 1000110100 4
14 0010001001 3
25 0000011001 3 match 1
36 0000001011 3
47 0001100000 2
50 0011000010 3
61 0001110000 3
72 1110000110 5 match 6

04 0000011000 2
15 0100001001 3
26 0000001001 2 match 2
37 0001001001 3
40 0101000010 3
51 0001000010 2
62 0010100000 2
73 1100000100 3

05 0000111100 4
16 1100001001 4
27 0001011001 4
30 0011000011 4
41 0001100110 4
52 1010000010 3
63 0000110000 2
74 0010000000 1

06 1000001100 3
17 0000001001 2 match 2
20 0001000001 2
31 0001000010 2
42 1100100110 5
53 1000000000 1
64 0010010000 2
75 0100000100 2

07 0000111000 3
10 0110000001 3
21 0001010000 2
32 0010000010 2
43 1100100100 4
54 0010000000 1
65 0000110000 2
76 1100000110 4

Matching output
0 13
1 24 25
2 35 26 17
3 absent
4 absent
5 absent
6 72
7 absent

Left
13 24 35 46x
Best: AND-NOT13 24 35: 3

Right
none
Best: none

OR-NOT
01 1001111110 7
12 1110101111 8
23 1101111101 8
34 0011011011 6
45 1101111111 9
56 1111001111 8
67 0011111001 6
70 1111000111 7

02 1110111110 8
13 1110111101 8
24 0011011001 5
35 0111111111 9
46 1101101111 8
57 1011111011 8
60 0111110011 7
71 1111110110 8

03 1100111100 6
14 1110011001 6
25 0101111101 7
36 1111001111 8
47 1101111111 9
50 1111000011 6
61 0011110110 6
72 1110100110 6

04 1010111101 7
15 1110111101 8
26 1101011111 8
37 0011111011 7
40 1111100111 8
51 1011110110 7
62 1111110110 8
73 1110110110 7

05 1100111101 7
16 1110001111 7
27 0001111001 5
30 0111001011 6
41 1101110110 7
52 1111100110 7
63 1111110100 7
74 1110011111 8

06 1100111111 8
17 1111111001 8
20 0111011011 7
31 0011111111 8
42 1111100110 7
53 1111110110 8
64 0011111001 6
75 1110111111 9

07 1001111101 7
10 1111001011 7
21 0001111111 7
32 1111101111 9
43 1101110110 7
54 1011011011 7
65 0111111101 8
76 1110001111 7

Matching output
0 absent
1 absent
2 absent
3 absent
4 absent
5 absent
6 absent
7 absent

Left
none
Best: none

Right
none
Best: none

XOR-NOT
01 1001001010 4
12 0000101111 5
23 1101101101 7
34 0001010010 3
45 1001011011 6
56 0111001101 6
67 0010001001 3
70 1001000101 4

02 0110011010 5
13 0010111101 6
24 0011000000 2
35 0111110110 7
46 0001101001 4
57 1010111011 7
60 0100110011 5
71 1111110000 6

03 0100001000 2
14 1100010000 3
25 0101100100 4
36 1111000100 5
47 1100011111 7
50 1100000001 3
61 0010000110 3
72 0000100000 1

04 1010100101 5
15 1010110100 5
26 1101010110 6
37 0010110010 4
40 1010100101 5
51 1010110100 5
62 1101010110 6
73 0010110010 4

05 1100000001 3
16 0010000110 3
27 0000100000 1
30 0100001000 2
41 1100010000 3
52 0101100100 4
63 1111000100 5
74 1100011111 7

06 0100110011 5
17 1111110000 6
20 0110011010 5
31 0010111101 6
42 0011000000 2
53 0111110110 7
64 0001101001 4
75 1010111011 7

07 1001000101 4
10 1001001010 4
21 0000101111 5
32 1101101101 7
43 0001010010 3
54 1001011011 6
65 0111001101 6
76 0010001001 3

Matching output
0 absent
1 absent
2 absent
3 absent
4 absent
5 absent
6 absent
7 absent

Left
none
Best: none

Right
none
Best: none

Selecting

Lefts
Identity none
NOT none
Constant none
AND AND14: 1
OR none
XOR none
AND-NOT AND-NOT13 24 35: 3
OR-NOT none
XOR-NOT none

Rights
Identity I0 7 6: 3
NOT none
Constant none
AND none
OR none
XOR none
AND-NOT none
OR-NOT none
XOR-NOT none

Left longest: 3
Right longest: 3

Left winner: Identity no, NOT no, Constant no, AND no, OR no, XOR no, AND-NOT yes, OR-NOT no, XOR-NOT no
Right winner: Identity yes, NOT no, Constant no, AND no, OR no, XOR no, AND-NOT no, OR-NOT no, XOR-NOT no

Best left: AND-NOT13 24 35: 3
Best right: I0 7 6: 3

Truncated left: AND-NOT13 24 35: 3
Truncated right: I0 7 6: 3

Tentative from right
7 I0
6 I7
5 I6
4 pending
3 pending
2 pending
1 pending
0 pending

Tentative
0 AND-NOT13
1 AND-NOT24
2 AND-NOT35
3 pending
4 pending
5 I6
6 I7
7 I0

Preferred from left
0 AND-NOT13
1 AND-NOT24
2 AND-NOT35
3 ?46
4 ?57
5 I6
6 I7
7 I0

Preferred from right
7 I0
6 I7
5 I6
4 ?57
3 ?46
2 AND-NOT35
1 AND-NOT24
0 AND-NOT13

Preferred
0 AND-NOT13
1 AND-NOT24
2 AND-NOT35
3 ?46 ?64
4 ?57 ?75
5 I6
6 I7
7 I0

Matching
0 AND-NOT13
1 AND-NOT24
2 AND-NOT35
3 ?46 ?64 - Identity absent, NOT absent, Constant absent, AND absent, OR absent, XOR absent, AND-NOT absent, OR-NOT absent, XOR-NOT absent
4 ?57 ?75 - Identity absent, NOT absent, Constant absent, AND absent, OR absent, XOR absent, AND-NOT absent, OR-NOT absent, XOR-NOT absent
5 I6
6 I7
7 I0

Perfect match
Identity no
NOT no
Constant no
AND no
OR no
XOR no
AND-NOT no
OR-NOT no
XOR-NOT no

Matched
0 AND-NOT13
1 AND-NOT24
2 AND-NOT35
3 none
4 none
5 I6
6 I7
7 I0

Selected
0 AND-NOT13
1 AND-NOT24
2 AND-NOT35
3 default 1
4 default 1
5 I6
6 I7
7 I0

Applying to 10001100
Input
0 1
1 0
2 0
3 0
4 1
5 1
6 0
7 0
Output
0 AND-NOT13 = AND(0,NOT(0)) = 0
1 AND-NOT24 = AND(0,NOT(1)) = 0
2 AND-NOT35 = AND(0,NOT(1)) = 0
3 default 1 = 1
4 default 1 = 1
5 I6 = 0
6 I7 = 0
7 I0 = 1

I will now return the answer in \boxed{}
The answer in \boxed{–} is \boxed{00011001}
[correct]
true
