[category]
bit_manipulation
[prompt]
In Alice's Wonderland, a secret bit manipulation rule transforms 8-bit binary numbers. The transformation involves operations like bit shifts, rotations, XOR, AND, OR, NOT, and possibly majority or choice functions.

Here are some examples of input -> output:
11111110 -> 10000111
00111101 -> 01000001
00000000 -> 00000000
10110101 -> 01000101
00101001 -> 01000001
00100100 -> 00000001
01010011 -> 11000010
11000011 -> 11000110
10010101 -> 01000100

Now, determine the output for: 00101100
[completion]
We need to deduce the transformation by matching the example outputs.
I will put my final answer inside \boxed{}.

Output 0: 10000111
0 1
1 0
2 0
3 0
4 0
5 1
6 1
7 1

Output 1: 01000001
0 0
1 1
2 0
3 0
4 0
5 0
6 0
7 1

Output 2: 00000000
0 0
1 0
2 0
3 0
4 0
5 0
6 0
7 0

Output 3: 01000101
0 0
1 1
2 0
3 0
4 0
5 1
6 0
7 1

Output 4: 01000001
0 0
1 1
2 0
3 0
4 0
5 0
6 0
7 1

Output 5: 00000001
0 0
1 0
2 0
3 0
4 0
5 0
6 0
7 1

Output 6: 11000010
0 1
1 1
2 0
3 0
4 0
5 0
6 1
7 0

Output 7: 11000110
0 1
1 1
2 0
3 0
4 0
5 1
6 1
7 0

Output 8: 01000100
0 0
1 1
2 0
3 0
4 0
5 1
6 0
7 0

Output bit columns (with bitsum as hash)
0 100000110 3
1 010110111 6
2 000000000 a
3 000000000 a
4 000000000 a
5 100100011 4
6 100000110 3
7 110111000 5

Input 0: 11111110
0 1
1 1
2 1
3 1
4 1
5 1
6 1
7 0

Input 1: 00111101
0 0
1 0
2 1
3 1
4 1
5 1
6 0
7 1

Input 2: 00000000
0 0
1 0
2 0
3 0
4 0
5 0
6 0
7 0

Input 3: 10110101
0 1
1 0
2 1
3 1
4 0
5 1
6 0
7 1

Input 4: 00101001
0 0
1 0
2 1
3 0
4 1
5 0
6 0
7 1

Input 5: 00100100
0 0
1 0
2 1
3 0
4 0
5 1
6 0
7 0

Input 6: 01010011
0 0
1 1
2 0
3 1
4 0
5 0
6 1
7 1

Input 7: 11000011
0 1
1 1
2 0
3 0
4 0
5 0
6 1
7 1

Input 8: 10010101
0 1
1 0
2 0
3 1
4 0
5 1
6 0
7 1

When matching output
x: not in operator
y: wrong position

Identity
0 100100011 4 match 5
1 100000110 3 match 0 6
2 110111000 5 match 7
3 110100101 5
4 110010000 3
5 110101001 5
6 100000110 3 match 0 6
7 010110111 6 match 1

Matching output
0 1 6
1 7
2 absent
3 absent
4 absent
5 0
6 1 6
7 2

Left
1 2y
6 7 0y
Best: I6 7: 2

Right
2 1 0 7y
Best: I2 1 0: 3

NOT
0 011011100 5
1 011111001 6
2 001000111 4
3 001011010 4
4 001101111 6
5 001010110 4
6 011111001 6
7 101001000 3

Matching output
0 absent
1 absent
2 absent
3 absent
4 absent
5 absent
6 absent
7 absent

Left
none
Best: none

Right
none
Best: none

Constant
0 000000000 a match 2 3 4
1 111111111 a

Matching output
0 absent
1 absent
2 C0
3 C0
4 C0
5 absent
6 absent
7 absent

Left
none
Best: none

Right
none
Best: none

AND
01 10 100000010 2
12 21 100000000 1
23 32 110100000 3
34 43 110000000 2
45 54 110000000 2
56 65 100000000 1
67 76 000000110 2
70 07 000100011 3

02 20 100100000 2
13 31 100000100 2
24 42 110010000 3
35 53 110100001 4
46 64 100000000 1
57 75 010100001 3
60 06 100000010 2
71 17 000000110 2

03 30 100100001 3
14 41 100000000 1
25 52 110101000 4
36 63 100000100 2
47 74 010010000 2
50 05 100100001 3
61 16 100000110 3 match 0 6
72 27 010110000 3

04 40 100000000 1
15 51 100000000 1
26 62 100000000 1
37 73 010100101 4

Matching output
0 61 16
1 absent
2 absent
3 absent
4 absent
5 absent
6 61 16
7 absent

Left
61 72x
16 27x
Best: AND61: 1

Right
none
Best: none

OR
01 10 100100111 5
12 21 110111110 7
23 32 110111101 7
34 43 110110101 6
45 54 110111001 6
56 65 110101111 7
67 76 110110111 7
70 07 110110111 7

02 20 110111011 7
13 31 110100111 6
24 42 110111000 5 match 7
35 53 110101101 6
46 64 110010110 5
57 75 110111111 8
60 06 100100111 5
71 17 110110111 7

03 30 110100111 6
14 41 110010110 5
25 52 110111001 6
36 63 110100111 6
47 74 110110111 7
50 05 110101011 6
61 16 100000110 3 match 0 6
72 27 110111111 8

04 40 110110011 6
15 51 110101111 7
26 62 110111110 7
37 73 110110111 7

Matching output
0 61 16
1 absent
2 absent
3 absent
4 absent
5 absent
6 61 16
7 24 42

Left
61 72x
16 27x
Best: OR61: 1

Right
24 13x
42 31x
Best: OR24: 1

XOR
01 10 000100101 3
12 21 010111110 6
23 32 000011101 4
34 43 000110101 4
45 54 000111001 4
56 65 010101111 6
67 76 110110001 5
70 07 110010100 4

02 20 010011011 5
13 31 010100011 4
24 42 000101000 2
35 53 000001100 2
46 64 010010110 4
57 75 100011110 5
60 06 000100101 3
71 17 110110001 5

03 30 010000110 3
14 41 010010110 4
25 52 000010001 2
36 63 010100011 4
47 74 100100111 5
50 05 010001010 3
61 16 000000000 a match 2 3 4
72 27 100001111 5

04 40 010110011 5
15 51 010101111 6
26 62 010111110 6
37 73 100010010 3

Matching output
0 absent
1 absent
2 61 16
3 61 16
4 61 16
5 absent
6 absent
7 absent

Left
none
Best: none

Right
none
Best: none

AND-NOT
01 000100001 2
12 000000110 2
23 000011000 2
34 000100101 3
45 000010000 1
56 010101001 4
67 100000000 1
70 010010100 3

02 000000011 2
13 000000010 1
24 000101000 2
35 000000100 1
46 010010000 2
57 100001000 2
60 000000100 1
71 010110001 4

03 000000010 1
14 000000110 2
25 000010000 1
36 010100001 3
47 100000000 1
50 010001000 2
61 000000000 a match 2 3 4
72 000000111 3

04 000100011 3
15 000000110 2
26 010111000 4
37 100000000 1
40 010010000 2
51 010101001 4
62 000000110 2
73 000010010 2

05 000000010 1
16 000000000 a match 2 3 4
27 100001000 2
30 010000100 2
41 010010000 2
52 000000001 1
63 000000010 1
74 000100111 4

06 000100001 2
17 100000000 1
20 010011000 3
31 010100001 3
42 000000000 a match 2 3 4
53 000001000 1
64 000000110 2
75 000010110 3

07 100000000 1
10 000000100 1
21 010111000 4
32 000000101 2
43 000010000 1
54 000101001 3
65 000000110 2
76 010110001 4

Matching output
0 absent
1 absent
2 61 16 42
3 61 16 42
4 61 16 42
5 absent
6 absent
7 absent

Left
none
Best: none

Right
none
Best: none

OR-NOT
01 111111011 8
12 101000111 5
23 111111010 7
34 111101111 8
45 111010110 6
56 111111001 7
67 101001110 5
70 011111111 8

02 101100111 6
13 101011110 6
24 111111111 a
35 111110111 8
46 111111001 7
57 111101001 6
60 111011110 7
71 011111111 8

03 101111011 7
14 101101111 7
25 111111110 8
36 111111101 8
47 111011000 5
50 111111101 8
61 111111111 a
72 011110111 7

04 101101111 7
15 101010110 5
26 111111001 7
37 111101101 7
40 111011100 6
51 111111001 7
62 101000111 5
73 011111111 8

05 101110111 7
16 111111111 a
27 111111000 6
30 111111101 8
41 111111001 7
52 111101111 8
63 101011110 6
74 011111111 8

06 111111011 8
17 101001110 5
20 111111100 7
31 111111101 8
42 111010111 7
53 111111011 8
64 101101111 7
75 011110111 7

07 101101011 6
10 111011110 7
21 111111001 7
32 111100111 7
43 111011010 6
54 111101111 8
65 101010110 5
76 011111111 8

Matching output
0 absent
1 absent
2 absent
3 absent
4 absent
5 absent
6 absent
7 absent

Left
none
Best: none

Right
none
Best: none

XOR-NOT
01 111011010 6
12 101000001 3
23 111100010 5
34 111001010 5
45 111000110 5
56 101010000 3
67 001001110 4
70 001101011 5

02 101100100 4
13 101011100 5
24 111010111 7
35 111110011 7
46 101101001 5
57 011100001 4
60 111011010 6
71 001001110 4

03 101111001 6
14 101101001 5
25 111101110 7
36 101011100 5
47 011011000 4
50 101110101 6
61 111111111 a
72 011110000 4

04 101001100 4
15 101010000 3
26 101000001 3
37 011101101 6
40 101001100 4
51 101010000 3
62 101000001 3
73 011101101 6

05 101110101 6
16 111111111 a
27 011110000 4
30 101111001 6
41 101101001 5
52 111101110 7
63 101011100 5
74 011011000 4

06 111011010 6
17 001001110 4
20 101100100 4
31 101011100 5
42 111010111 7
53 111110011 7
64 101101001 5
75 011100001 4

07 001101011 5
10 111011010 6
21 101000001 3
32 111100010 5
43 111001010 5
54 111000110 5
65 101010000 3
76 001001110 4

Matching output
0 absent
1 absent
2 absent
3 absent
4 absent
5 absent
6 absent
7 absent

Left
none
Best: none

Right
none
Best: none

Selecting

Lefts
Identity I6 7: 2
NOT none
Constant none
AND AND61: 1
OR OR61: 1
XOR none
AND-NOT none
OR-NOT none
XOR-NOT none

Rights
Identity I2 1 0: 3
NOT none
Constant none
AND none
OR OR24: 1
XOR none
AND-NOT none
OR-NOT none
XOR-NOT none

Left longest: 2
Right longest: 3

Right winner: Identity yes, NOT no, Constant no, AND no, OR no, XOR no, AND-NOT no, OR-NOT no, XOR-NOT no
Left winner: Identity yes, NOT no, Constant no, AND no, OR no, XOR no, AND-NOT no, OR-NOT no, XOR-NOT no

Best right: I2 1 0: 3
Best left: I6 7: 2

Truncated right: I2 1 0: 3
Truncated left: I6 7: 2

Tentative from right
7 I2
6 I1
5 I0
4 pending
3 pending
2 pending
1 pending
0 pending

Tentative
0 I6
1 I7
2 pending
3 pending
4 pending
5 I0
6 I1
7 I2

Preferred from right
7 I2
6 I1
5 I0
4 ??7
3 ??6
2 ??5
1 I7
0 I6

Preferred from left
0 I6
1 I7
2 ?05
3 ?16
4 ?27
5 I0
6 I1
7 I2

Preferred
0 I6
1 I7
2 ?05 ?50
3 ?16 ?61
4 ?27 ?72
5 I0
6 I1
7 I2

Matching
0 I6
1 I7
2 ?05 ?50 - Identity absent, NOT absent, Constant C0, AND absent, OR absent, XOR absent, AND-NOT absent, OR-NOT absent, XOR-NOT absent
3 ?16 ?61 - Identity absent, NOT absent, Constant C0, AND absent, OR absent, XOR16, AND-NOT16, OR-NOT absent, XOR-NOT absent
4 ?27 ?72 - Identity absent, NOT absent, Constant C0, AND absent, OR absent, XOR absent, AND-NOT absent, OR-NOT absent, XOR-NOT absent
5 I0
6 I1
7 I2

Perfect match
Identity no
NOT no
Constant yes
AND no
OR no
XOR no
AND-NOT no
OR-NOT no
XOR-NOT no

Matched
0 I6
1 I7
2 C0
3 C0
4 C0
5 I0
6 I1
7 I2

Selected
0 I6
1 I7
2 C0
3 C0
4 C0
5 I0
6 I1
7 I2

Applying to 00101100
Input
0 0
1 0
2 1
3 0
4 1
5 1
6 0
7 0
Output
0 I6 = 0
1 I7 = 0
2 C0 = 0
3 C0 = 0
4 C0 = 0
5 I0 = 0
6 I1 = 0
7 I2 = 1

I will now return the answer in \boxed{}
The answer in \boxed{–} is \boxed{00000001}
[correct]
true
