[category]
bit_manipulation
[prompt]
In Alice's Wonderland, a secret bit manipulation rule transforms 8-bit binary numbers. The transformation involves operations like bit shifts, rotations, XOR, AND, OR, NOT, and possibly majority or choice functions.

Here are some examples of input -> output:
01110010 -> 00110111
10000011 -> 11010001
11000101 -> 11111010
00011111 -> 10001100
00000100 -> 00000010
11101010 -> 01101000
00100001 -> 10010100
00101110 -> 00010010
10110001 -> 11001110

Now, determine the output for: 01101001
[completion]
We need to deduce the transformation by matching the example outputs.
I will put my final answer inside \boxed{}.

Output 0: 00110111
0 0
1 0
2 1
3 1
4 0
5 1
6 1
7 1

Output 1: 11010001
0 1
1 1
2 0
3 1
4 0
5 0
6 0
7 1

Output 2: 11111010
0 1
1 1
2 1
3 1
4 1
5 0
6 1
7 0

Output 3: 10001100
0 1
1 0
2 0
3 0
4 1
5 1
6 0
7 0

Output 4: 00000010
0 0
1 0
2 0
3 0
4 0
5 0
6 1
7 0

Output 5: 01101000
0 0
1 1
2 1
3 0
4 1
5 0
6 0
7 0

Output 6: 10010100
0 1
1 0
2 0
3 1
4 0
5 1
6 0
7 0

Output 7: 00010010
0 0
1 0
2 0
3 1
4 0
5 0
6 1
7 0

Output 8: 11001110
0 1
1 1
2 0
3 0
4 1
5 1
6 1
7 0

Output bit columns (with bitsum as hash)
0 011100101 5
1 011001001 4
2 101001000 3
3 111000110 5
4 001101001 4
5 100100101 4
6 101010011 5
7 110000000 2

Input 0: 01110010
0 0
1 1
2 1
3 1
4 0
5 0
6 1
7 0

Input 1: 10000011
0 1
1 0
2 0
3 0
4 0
5 0
6 1
7 1

Input 2: 11000101
0 1
1 1
2 0
3 0
4 0
5 1
6 0
7 1

Input 3: 00011111
0 0
1 0
2 0
3 1
4 1
5 1
6 1
7 1

Input 4: 00000100
0 0
1 0
2 0
3 0
4 0
5 1
6 0
7 0

Input 5: 11101010
0 1
1 1
2 1
3 0
4 1
5 0
6 1
7 0

Input 6: 00100001
0 0
1 0
2 1
3 0
4 0
5 0
6 0
7 1

Input 7: 00101110
0 0
1 0
2 1
3 0
4 1
5 1
6 1
7 0

Input 8: 10110001
0 1
1 0
2 1
3 1
4 0
5 0
6 0
7 1

When matching output
x: not in operator
y: wrong position

Identity
0 011001001 4 match 1
1 101001000 3 match 2
2 100001111 5
3 100100001 3
4 000101010 3
5 001110010 4
6 110101010 5
7 011100101 5 match 0

Matching output
0 7
1 0
2 1
3 absent
4 absent
5 absent
6 absent
7 absent

Left
7 0 1 2x
Best: I7 0 1: 3

Right
none
Best: none

NOT
0 100110110 5
1 010110111 6
2 011110000 4
3 011011110 6
4 111010101 6
5 110001101 5
6 001010101 4
7 100011010 4

Matching output
0 absent
1 absent
2 absent
3 absent
4 absent
5 absent
6 absent
7 absent

Left
none
Best: none

Right
none
Best: none

Constant
0 000000000 a
1 111111111 a

Matching output
0 absent
1 absent
2 absent
3 absent
4 absent
5 absent
6 absent
7 absent

Left
none
Best: none

Right
none
Best: none

AND
01 10 001001000 2
12 21 100001000 2
23 32 100000001 2
34 43 000100000 1
45 54 000100010 2
56 65 000100010 2
67 76 010100000 2
70 07 011000001 3

02 20 000001001 2
13 31 100000000 1
24 42 000001010 2
35 53 000100000 1
46 64 000101010 3
57 75 001100000 2
60 06 010001000 2
71 17 001000000 1

03 30 000000001 1
14 41 000001000 1
25 52 000000010 1
36 63 100100000 2
47 74 000100000 1
50 05 001000000 1
61 16 100001000 2
72 27 000000101 2

04 40 000001000 1
15 51 001000000 1
26 62 100001010 3
37 73 000100001 2

Matching output
0 absent
1 absent
2 absent
3 absent
4 absent
5 absent
6 absent
7 absent

Left
none
Best: none

Right
none
Best: none

OR
01 10 111001001 5
12 21 101001111 6
23 32 100101111 6
34 43 100101011 5
45 54 001111010 5
56 65 111111010 7
67 76 111101111 8
70 07 011101101 6

02 20 111001111 7
13 31 101101001 5
24 42 100101111 6
35 53 101110011 6
46 64 110101010 5
57 75 011110111 7
60 06 111101011 7
71 17 111101101 7

03 30 111101001 6
14 41 101101010 5
25 52 101111111 8
36 63 110101011 6
47 74 011101111 7
50 05 011111011 7
61 16 111101010 6
72 27 111101111 8

04 40 011101011 6
15 51 101111010 6
26 62 110101111 7
37 73 111100101 6

Matching output
0 absent
1 absent
2 absent
3 absent
4 absent
5 absent
6 absent
7 absent

Left
none
Best: none

Right
none
Best: none

XOR
01 10 110000001 3
12 21 001000111 4
23 32 000101110 4
34 43 100001011 4
45 54 001011000 3
56 65 111011000 5
67 76 101001111 6
70 07 000101100 3

02 20 111000110 5 match 3
13 31 001101001 4 match 4
24 42 100100101 4 match 5
35 53 101010011 5 match 6
46 64 110000000 2 match 7
57 75 010010111 5
60 06 101100011 5
71 17 110101101 6

03 30 111101000 5
14 41 101100010 4
25 52 101111101 7
36 63 010001011 4
47 74 011001111 6
50 05 010111011 6
61 16 011100010 4
72 27 111101010 6

04 40 011100011 5
15 51 100111010 5
26 62 010100101 4
37 73 111000100 4

Matching output
0 absent
1 absent
2 absent
3 02 20
4 13 31
5 24 42
6 35 53
7 46 64

Left
none
Best: none

Right
46 35 24 13 02 71x
64 53 42 31 20 17x
Best: XOR46 35 24 13 02: 5

AND-NOT
01 010000001 2
12 001000000 1
23 000001110 3
34 100000001 2
45 000001000 1
56 001010000 2
67 100001010 3
70 000100100 2

02 011000000 2
13 001001000 2
24 100000101 3
35 100000001 2
46 000000000 a
57 000010010 2
60 100100010 3
71 010100101 4

03 011001000 3
14 101000000 2
25 100001101 4
36 000000001 1
47 000001010 2
50 000110010 3
61 010100010 3
72 011100000 3

04 011000001 3
15 100001000 2
26 000000101 2
37 100000000 1
40 000100010 2
51 000110010 3
62 010100000 2
73 011000100 3

05 010001001 3
16 001000000 1
27 100001010 3
30 100100000 2
41 000100010 2
52 001110000 3
63 010001010 3
74 011000101 4

06 001000001 2
17 100001000 2
20 100000110 3
31 000100001 2
42 000100000 1
53 001010010 3
64 110000000 2 match 7
75 010000101 3

07 000001000 1
10 100000000 1
21 000000111 3
32 000100000 1
43 000001010 2
54 001010000 2
65 110001000 3
76 001000101 3

Matching output
0 absent
1 absent
2 absent
3 absent
4 absent
5 absent
6 absent
7 64

Left
none
Best: none

Right
64 53x
Best: AND-NOT64: 1

OR-NOT
01 011111111 8
12 111111000 6
23 111011111 8
34 111110101 7
45 110101111 7
56 001110111 6
67 110111010 6
70 111110111 8

02 011111001 6
13 111011110 7
24 111011111 8
35 110101101 6
46 001111111 7
57 101111010 6
60 110111110 7
71 011110111 7

03 011011111 7
14 111011101 7
25 110001111 6
36 101110101 6
47 100111010 5
50 101110110 6
61 110111111 8
72 011110101 6

04 111011101 7
15 111001101 6
26 101011111 7
37 100111011 6
40 100111110 6
51 011110111 7
62 111111010 7
73 011111111 8

05 111001101 6
16 101011101 6
27 100011111 6
30 100110111 6
41 010111111 7
52 011110010 5
63 111111110 8
74 111110101 7

06 011011101 6
17 101011010 5
20 100111111 7
31 110110111 7
42 011111010 6
53 011111110 7
64 111111111 a
75 111101101 7

07 111011011 7
10 101111110 7
21 110111111 8
32 111110001 6
43 011111110 7
54 111110111 8
65 110101111 7
76 011110101 6

Matching output
0 absent
1 absent
2 absent
3 absent
4 absent
5 absent
6 absent
7 absent

Left
none
Best: none

Right
none
Best: none

XOR-NOT
01 001111110 6
12 110111000 5
23 111010001 5
34 011110100 5
45 110100111 6
56 000100111 4
67 010110000 3
70 111010011 6

02 000111001 4
13 110010110 5
24 011011010 5
35 010101100 4
46 001111111 7
57 101101000 4
60 010011100 4
71 001010010 3

03 000010111 4
14 010011101 5
25 010000010 2
36 101110100 5
47 100110000 3
50 101000100 3
61 100011101 5
72 000010101 3

04 100011100 4
15 011000101 4
26 101011010 5
37 000111011 5
40 100011100 4
51 011000101 4
62 101011010 5
73 000111011 5

05 101000100 3
16 100011101 5
27 000010101 3
30 000010111 4
41 010011101 5
52 010000010 2
63 101110100 5
74 100110000 3

06 010011100 4
17 001010010 3
20 000111001 4
31 110010110 5
42 011011010 5
53 010101100 4
64 001111111 7
75 101101000 4

07 111010011 6
10 001111110 6
21 110111000 5
32 111010001 5
43 011110100 5
54 110100111 6
65 000100111 4
76 010110000 3

Matching output
0 absent
1 absent
2 absent
3 absent
4 absent
5 absent
6 absent
7 absent

Left
none
Best: none

Right
none
Best: none

Selecting

Lefts
Identity I7 0 1: 3
NOT none
Constant none
AND none
OR none
XOR none
AND-NOT none
OR-NOT none
XOR-NOT none

Rights
Identity none
NOT none
Constant none
AND none
OR none
XOR XOR46 35 24 13 02: 5
AND-NOT AND-NOT64: 1
OR-NOT none
XOR-NOT none

Left longest: 3
Right longest: 5

Right winner: Identity no, NOT no, Constant no, AND no, OR no, XOR yes, AND-NOT no, OR-NOT no, XOR-NOT no
Left winner: Identity yes, NOT no, Constant no, AND no, OR no, XOR no, AND-NOT no, OR-NOT no, XOR-NOT no

Best right: XOR46 35 24 13 02: 5
Best left: I7 0 1: 3

Truncated right: XOR46 35 24 13 02: 5
Truncated left: I7 0 1: 3

Tentative from right
7 XOR46
6 XOR35
5 XOR24
4 XOR13
3 XOR02
2 pending
1 pending
0 pending

Tentative
0 I7
1 I0
2 I1
3 XOR02
4 XOR13
5 XOR24
6 XOR35
7 XOR46

Preferred from right
7 XOR46
6 XOR35
5 XOR24
4 XOR13
3 XOR02
2 I1
1 I0
0 I7

Preferred from left
0 I7
1 I0
2 I1
3 XOR02
4 XOR13
5 XOR24
6 XOR35
7 XOR46

Preferred
0 I7
1 I0
2 I1
3 XOR02
4 XOR13
5 XOR24
6 XOR35
7 XOR46

Matching
0 I7
1 I0
2 I1
3 XOR02
4 XOR13
5 XOR24
6 XOR35
7 XOR46

Perfect match
Identity no
NOT no
Constant no
AND no
OR no
XOR no
AND-NOT no
OR-NOT no
XOR-NOT no

Matched
0 I7
1 I0
2 I1
3 XOR02
4 XOR13
5 XOR24
6 XOR35
7 XOR46

Selected
0 I7
1 I0
2 I1
3 XOR02
4 XOR13
5 XOR24
6 XOR35
7 XOR46

Applying to 01101001
Input
0 0
1 1
2 1
3 0
4 1
5 0
6 0
7 1
Output
0 I7 = 1
1 I0 = 0
2 I1 = 1
3 XOR02 = XOR(0,1) = 1
4 XOR13 = XOR(1,0) = 1
5 XOR24 = XOR(1,1) = 0
6 XOR35 = XOR(0,0) = 0
7 XOR46 = XOR(1,0) = 1

I will now return the answer in \boxed{}
The answer in \boxed{–} is \boxed{10111001}
[correct]
true
