[category]
bit_manipulation
[prompt]
In Alice's Wonderland, a secret bit manipulation rule transforms 8-bit binary numbers. The transformation involves operations like bit shifts, rotations, XOR, AND, OR, NOT, and possibly majority or choice functions.

Here are some examples of input -> output:
00000100 -> 00000010
10111011 -> 11011101
11000000 -> 01100000
00000010 -> 00000001
11101011 -> 11110101
11001100 -> 01100110
00101101 -> 10010110
01101010 -> 00110101

Now, determine the output for: 00001000
[completion]
We need to deduce the transformation by matching the example outputs.
I will put my final answer inside \boxed{}.

Output 0: 00000010
0 0
1 0
2 0
3 0
4 0
5 0
6 1
7 0

Output 1: 11011101
0 1
1 1
2 0
3 1
4 1
5 1
6 0
7 1

Output 2: 01100000
0 0
1 1
2 1
3 0
4 0
5 0
6 0
7 0

Output 3: 00000001
0 0
1 0
2 0
3 0
4 0
5 0
6 0
7 1

Output 4: 11110101
0 1
1 1
2 1
3 1
4 0
5 1
6 0
7 1

Output 5: 01100110
0 0
1 1
2 1
3 0
4 0
5 1
6 1
7 0

Output 6: 10010110
0 1
1 0
2 0
3 1
4 0
5 1
6 1
7 0

Output 7: 00110101
0 0
1 0
2 1
3 1
4 0
5 1
6 0
7 1

Output bit columns (with bitsum as hash)
0 01001010 3
1 01101100 4
2 00101101 4
3 01001011 4
4 01000000 1
5 01001111 5
6 10000110 3
7 01011001 4

Input 0: 00000100
0 0
1 0
2 0
3 0
4 0
5 1
6 0
7 0

Input 1: 10111011
0 1
1 0
2 1
3 1
4 1
5 0
6 1
7 1

Input 2: 11000000
0 1
1 1
2 0
3 0
4 0
5 0
6 0
7 0

Input 3: 00000010
0 0
1 0
2 0
3 0
4 0
5 0
6 1
7 0

Input 4: 11101011
0 1
1 1
2 1
3 0
4 1
5 0
6 1
7 1

Input 5: 11001100
0 1
1 1
2 0
3 0
4 1
5 1
6 0
7 0

Input 6: 00101101
0 0
1 0
2 1
3 0
4 1
5 1
6 0
7 1

Input 7: 01101010
0 0
1 1
2 1
3 0
4 1
5 0
6 1
7 0

When matching output
x: not in operator
y: wrong position

Identity
0 01101100 4 match 1
1 00101101 4 match 2
2 01001011 4 match 3
3 01000000 1 match 4
4 01001111 5 match 5
5 10000110 3 match 6
6 01011001 4 match 7
7 01001010 3 match 0

Matching output
0 7
1 0
2 1
3 2
4 3
5 4
6 5
7 6

Left
7 0 1 2 3 4 5 6
Best: I7 0 1 2 3 4 5 6: 8

Right
6 5 4 3 2 1 0 7
Best: I6 5 4 3 2 1 0 7: 8

NOT
0 10010011 4
1 11010010 4
2 10110100 4
3 10111111 7
4 10110000 3
5 01111001 5
6 10100110 4
7 10110101 5

Matching output
0 absent
1 absent
2 absent
3 absent
4 absent
5 absent
6 absent
7 absent

Left
none
Best: none

Right
none
Best: none

Constant
0 00000000 a
1 11111111 a

Matching output
0 absent
1 absent
2 absent
3 absent
4 absent
5 absent
6 absent
7 absent

Left
none
Best: none

Right
none
Best: none

AND
01 10 00101100 3
12 21 00001001 2
23 32 01000000 1 match 4
34 43 01000000 1 match 4
45 54 00000110 2
56 65 00000000 a
67 76 01001000 2
70 07 01001000 2

02 20 01001000 2
13 31 00000000 a
24 42 01001011 4 match 3
35 53 00000000 a
46 64 01001001 3
57 75 00000010 1
60 06 01001000 2
71 17 00001000 1

03 30 01000000 1 match 4
14 41 00001101 3
25 52 00000010 1
36 63 01000000 1 match 4
47 74 01001010 3 match 0
50 05 00000100 1
61 16 00001001 2
72 27 01001010 3 match 0

04 40 01001100 3
15 51 00000100 1
26 62 01001001 3
37 73 01000000 1 match 4

Matching output
0 47 74 72 27
1 absent
2 absent
3 24 42
4 23 32 34 43 03 30 36 63 37 73
5 absent
6 absent
7 absent

Left
47 50x
74 05x
72 03y
27 30y
Best: AND47: 1

Right
none
Best: none

OR
01 10 01101101 5
12 21 01101111 6
23 32 01001011 4 match 3
34 43 01001111 5 match 5
45 54 11001111 6
56 65 11011111 7
67 76 01011011 5
70 07 01101110 5

02 20 01101111 6
13 31 01101101 5
24 42 01001111 5 match 5
35 53 11000110 4
46 64 01011111 6
57 75 11001110 5
60 06 01111101 6
71 17 01101111 6

03 30 01101100 4 match 1
14 41 01101111 6
25 52 11001111 6
36 63 01011001 4 match 7
47 74 01001111 5 match 5
50 05 11101110 6
61 16 01111101 6
72 27 01001011 4 match 3

04 40 01101111 6
15 51 10101111 6
26 62 01011011 5
37 73 01001010 3 match 0

Matching output
0 37 73
1 03 30
2 absent
3 23 32 72 27
4 absent
5 34 43 24 42 47 74
6 absent
7 36 63

Left
37 40x
73 04x
Best: OR37: 1

Right
36 25x
63 52x
Best: OR36: 1

XOR
01 10 01000001 2
12 21 01100110 4
23 32 00001011 3
34 43 00001111 4
45 54 11001001 4
56 65 11011111 7
67 76 00010011 3
70 07 00100110 3

02 20 00100111 4
13 31 01101101 5
24 42 00000100 1
35 53 11000110 4
46 64 00010110 3
57 75 11001100 4
60 06 00110101 4
71 17 01100111 5

03 30 00101100 3
14 41 01100010 3
25 52 11001101 5
36 63 00011001 3
47 74 00000101 2
50 05 11101010 5
61 16 01110100 4
72 27 00000001 1

04 40 00100011 3
15 51 10101011 5
26 62 00010010 2
37 73 00001010 2

Matching output
0 absent
1 absent
2 absent
3 absent
4 absent
5 absent
6 absent
7 absent

Left
none
Best: none

Right
none
Best: none

AND-NOT
01 01000000 1 match 4
12 00100100 2
23 00001011 3
34 00000000 a
45 01001001 3
56 10000110 3 match 6
67 00010001 2
70 00000010 1

02 00100100 2
13 00101101 4 match 2
24 00000000 a
35 01000000 1 match 4
46 00000110 2
57 10000100 2
60 00010001 2
71 01000010 2

03 00101100 3
14 00100000 1
25 01001001 3
36 00000000 a
47 00000101 2
50 10000010 2
61 01010000 2
72 00000000 a

04 00100000 1
15 00101001 3
26 00000010 1
37 00000000 a
40 00000011 2
51 10000010 2
62 00010000 1
73 00001010 2

05 01101000 3
16 00100100 2
27 00000001 1
30 00000000 a
41 01000010 2
52 10000100 2
63 00011001 3
74 00000000 a

06 00100100 2
17 00100101 3
20 00000011 2
31 01000000 1 match 4
42 00000100 1
53 10000110 3 match 6
64 00010000 1
75 01001000 2

07 00100100 2
10 00000001 1
21 01000010 2
32 00000000 a
43 00001111 4
54 10000000 1
65 01011001 4 match 7
76 00000010 1

Matching output
0 absent
1 absent
2 13
3 absent
4 01 35 31
5 absent
6 56 53
7 65

Left
none
Best: none

Right
65 54x
Best: AND-NOT65: 1

OR-NOT
01 11111110 7
12 10111101 6
23 11111111 a
34 11110000 4
45 01111111 7
56 10100110 4
67 11111101 7
70 11011011 6

02 11111100 6
13 10111111 7
24 11111011 7
35 01111001 5
46 11101111 7
57 10110111 6
60 11011011 6
71 11011010 5

03 11111111 a
14 10111101 6
25 01111011 6
36 11100110 5
47 11111111 a
50 10010111 5
61 11011011 6
72 11111110 7

04 11111100 6
15 01111101 6
26 11101111 7
37 11110101 6
40 11011111 7
51 11010110 5
62 11111101 7
73 11111111 a

05 01111101 6
16 10101111 6
27 11111111 a
30 11010011 5
41 11011111 7
52 10110110 5
63 11111111 a
74 11111010 6

06 11101110 6
17 10111101 6
20 11011011 6
31 11010010 4
42 11111111 a
53 10111111 7
64 11111001 6
75 01111011 6

07 11111101 7
10 10111111 7
21 11011011 6
32 11110100 5
43 11111111 a
54 10110110 5
65 01111001 5
76 11101110 6

Matching output
0 absent
1 absent
2 absent
3 absent
4 absent
5 absent
6 absent
7 absent

Left
none
Best: none

Right
none
Best: none

XOR-NOT
01 10111110 6
12 10011001 4
23 11110100 5
34 11110000 4
45 00110110 4
56 00100000 1
67 11101100 5
70 11011001 5

02 11011000 4
13 10010010 3
24 11111011 7
35 00111001 4
46 11101001 5
57 00110011 4
60 11001010 4
71 10011000 3

03 11010011 5
14 10011101 5
25 00110010 3
36 11100110 5
47 11111010 6
50 00010101 3
61 10001011 4
72 11111110 7

04 11011100 5
15 01010100 3
26 11101101 6
37 11110101 6
40 11011100 5
51 01010100 3
62 11101101 6
73 11110101 6

05 00010101 3
16 10001011 4
27 11111110 7
30 11010011 5
41 10011101 5
52 00110010 3
63 11100110 5
74 11111010 6

06 11001010 4
17 10011000 3
20 11011000 4
31 10010010 3
42 11111011 7
53 00111001 4
64 11101001 5
75 00110011 4

07 11011001 5
10 10111110 6
21 10011001 4
32 11110100 5
43 11110000 4
54 00110110 4
65 00100000 1
76 11101100 5

Matching output
0 absent
1 absent
2 absent
3 absent
4 absent
5 absent
6 absent
7 absent

Left
none
Best: none

Right
none
Best: none

Selecting

Lefts
Identity I7 0 1 2 3 4 5 6: 8
NOT none
Constant none
AND AND47: 1
OR OR37: 1
XOR none
AND-NOT none
OR-NOT none
XOR-NOT none

Rights
Identity I6 5 4 3 2 1 0 7: 8
NOT none
Constant none
AND none
OR OR36: 1
XOR none
AND-NOT AND-NOT65: 1
OR-NOT none
XOR-NOT none

Left longest: 8
Right longest: 8

Left winner: Identity yes, NOT no, Constant no, AND no, OR no, XOR no, AND-NOT no, OR-NOT no, XOR-NOT no
Right winner: Identity yes, NOT no, Constant no, AND no, OR no, XOR no, AND-NOT no, OR-NOT no, XOR-NOT no

Best left: I7 0 1 2 3 4 5 6: 8
Best right: I6 5 4 3 2 1 0 7: 8

Truncated left: I7 0 1 2 3 4 5 6: 8
Truncated right: none truncated

Tentative from right
7 pending
6 pending
5 pending
4 pending
3 pending
2 pending
1 pending
0 pending

Tentative
0 I7
1 I0
2 I1
3 I2
4 I3
5 I4
6 I5
7 I6

Preferred from left
0 I7
1 I0
2 I1
3 I2
4 I3
5 I4
6 I5
7 I6

Preferred from right
7 I6
6 I5
5 I4
4 I3
3 I2
2 I1
1 I0
0 I7

Preferred
0 I7
1 I0
2 I1
3 I2
4 I3
5 I4
6 I5
7 I6

Matching
0 I7
1 I0
2 I1
3 I2
4 I3
5 I4
6 I5
7 I6

Perfect match
Identity no
NOT no
Constant no
AND no
OR no
XOR no
AND-NOT no
OR-NOT no
XOR-NOT no

Matched
0 I7
1 I0
2 I1
3 I2
4 I3
5 I4
6 I5
7 I6

Selected
0 I7
1 I0
2 I1
3 I2
4 I3
5 I4
6 I5
7 I6

Applying to 00001000
Input
0 0
1 0
2 0
3 0
4 1
5 0
6 0
7 0
Output
0 I7 = 0
1 I0 = 0
2 I1 = 0
3 I2 = 0
4 I3 = 0
5 I4 = 1
6 I5 = 0
7 I6 = 0

I will now return the answer in \boxed{}
The answer in \boxed{–} is \boxed{00000100}
[correct]
true
