[category]
bit_manipulation
[prompt]
In Alice's Wonderland, a secret bit manipulation rule transforms 8-bit binary numbers. The transformation involves operations like bit shifts, rotations, XOR, AND, OR, NOT, and possibly majority or choice functions.

Here are some examples of input -> output:
11111111 -> 00111111
11110111 -> 00111111
10001011 -> 00011100
00001011 -> 00011000
01110011 -> 00011011
11001111 -> 00111110
11011110 -> 01110110
10101000 -> 01000101

Now, determine the output for: 10011001
[completion]
We need to deduce the transformation by matching the example outputs.
I will put my final answer inside \boxed{}.

Output 0: 00111111
0 0
1 0
2 1
3 1
4 1
5 1
6 1
7 1

Output 1: 00111111
0 0
1 0
2 1
3 1
4 1
5 1
6 1
7 1

Output 2: 00011100
0 0
1 0
2 0
3 1
4 1
5 1
6 0
7 0

Output 3: 00011000
0 0
1 0
2 0
3 1
4 1
5 0
6 0
7 0

Output 4: 00011011
0 0
1 0
2 0
3 1
4 1
5 0
6 1
7 1

Output 5: 00111110
0 0
1 0
2 1
3 1
4 1
5 1
6 1
7 0

Output 6: 01110110
0 0
1 1
2 1
3 1
4 0
5 1
6 1
7 0

Output 7: 01000101
0 0
1 1
2 0
3 0
4 0
5 1
6 0
7 1

Output bit columns (with bitsum as hash)
0 00000000 a
1 00000011 2
2 11000110 4
3 11111110 7
4 11111100 6
5 11100111 6
6 11001110 5
7 11001001 4

Input 0: 11111111
0 1
1 1
2 1
3 1
4 1
5 1
6 1
7 1

Input 1: 11110111
0 1
1 1
2 1
3 1
4 0
5 1
6 1
7 1

Input 2: 10001011
0 1
1 0
2 0
3 0
4 1
5 0
6 1
7 1

Input 3: 00001011
0 0
1 0
2 0
3 0
4 1
5 0
6 1
7 1

Input 4: 01110011
0 0
1 1
2 1
3 1
4 0
5 0
6 1
7 1

Input 5: 11001111
0 1
1 1
2 0
3 0
4 1
5 1
6 1
7 1

Input 6: 11011110
0 1
1 1
2 0
3 1
4 1
5 1
6 1
7 0

Input 7: 10101000
0 1
1 0
2 1
3 0
4 1
5 0
6 0
7 0

When matching output
x: not in operator
y: wrong position

Identity
0 11100111 6 match 5
1 11001110 5 match 6
2 11001001 4 match 7
3 11001010 4
4 10110111 6
5 11000110 4 match 2
6 11111110 7 match 3
7 11111100 6 match 4

Matching output
0 absent
1 absent
2 5
3 6
4 7
5 0
6 1
7 2

Left
none
Best: none

Right
2 1 0 7 6 5 4x
Best: I2 1 0 7 6 5: 6

NOT
0 00011000 2
1 00110001 3
2 00110110 4
3 00110101 4
4 01001000 2
5 00111001 4
6 00000001 1
7 00000011 2 match 1

Matching output
0 absent
1 7
2 absent
3 absent
4 absent
5 absent
6 absent
7 absent

Left
none
Best: none

Right
none
Best: none

Constant
0 00000000 a match 0
1 11111111 a

Matching output
0 C0
1 absent
2 absent
3 absent
4 absent
5 absent
6 absent
7 absent

Left
0
Best: C0: 1

Right
none
Best: none

AND
01 10 11000110 4 match 2
12 21 11001000 3
23 32 11001000 3
34 43 10000010 2
45 54 10000110 3
56 65 11000110 4 match 2
67 76 11111100 6 match 4
70 07 11100100 4

02 20 11000001 3
13 31 11001010 4
24 42 10000001 2
35 53 11000010 3
46 64 10110110 5
57 75 11000100 3
60 06 11100110 5
71 17 11001100 4

03 30 11000010 3
14 41 10000110 3
25 52 11000000 2
36 63 11001010 4
47 74 10110100 4
50 05 11000110 4 match 2
61 16 11001110 5 match 6
72 27 11001000 3

04 40 10100111 5
15 51 11000110 4 match 2
26 62 11001000 3
37 73 11001000 3

Matching output
0 absent
1 absent
2 01 10 56 65 50 05 15 51
3 absent
4 67 76
5 absent
6 61 16
7 absent

Left
none
Best: none

Right
none
Best: none

OR
01 10 11101111 7
12 21 11001111 6
23 32 11001011 5
34 43 11111111 a
45 54 11110111 7
56 65 11111110 7 match 3
67 76 11111110 7 match 3
70 07 11111111 a

02 20 11101111 7
13 31 11001110 5 match 6
24 42 11111111 a
35 53 11001110 5 match 6
46 64 11111111 a
57 75 11111110 7 match 3
60 06 11111111 a
71 17 11111110 7 match 3

03 30 11101111 7
14 41 11111111 a
25 52 11001111 6
36 63 11111110 7 match 3
47 74 11111111 a
50 05 11100111 6 match 5
61 16 11111110 7 match 3
72 27 11111101 7

04 40 11110111 7
15 51 11001110 5 match 6
26 62 11111111 a
37 73 11111110 7 match 3

Matching output
0 absent
1 absent
2 absent
3 56 65 67 76 57 75 71 17 36 63 61 16 37 73
4 absent
5 50 05
6 13 31 35 53 15 51
7 absent

Left
none
Best: none

Right
none
Best: none

XOR
01 10 00101001 3
12 21 00000111 3
23 32 00000011 2 match 1
34 43 01111101 6
45 54 01110001 4
56 65 00111000 3
67 76 00000010 1
70 07 00011011 4

02 20 00101110 4
13 31 00000100 1
24 42 01111110 6
35 53 00001100 2
46 64 01001001 3
57 75 00111010 4
60 06 00011001 3
71 17 00110010 3

03 30 00101101 4
14 41 01111001 5
25 52 00001111 4
36 63 00110100 3
47 74 01001011 4
50 05 00100001 2
61 16 00110000 2
72 27 00110101 4

04 40 01010000 2
15 51 00001000 1
26 62 00110111 5
37 73 00110110 4

Matching output
0 absent
1 23 32
2 absent
3 absent
4 absent
5 absent
6 absent
7 absent

Left
none
Best: none

Right
none
Best: none

AND-NOT
01 00100001 2
12 00000110 2
23 00000001 1
34 01001000 2
45 00110001 3
56 00000000 a match 0
67 00000010 1
70 00011000 2

02 00100110 3
13 00000100 1
24 01001000 2
35 00001000 1
46 00000001 1
57 00000010 1
60 00011000 2
71 00110000 2

03 00100101 3
14 01001000 2
25 00001001 2
36 00000000 a match 0
47 00000011 2 match 1
50 00000000 a match 0
61 00110000 2
72 00110100 3

04 01000000 1
15 00001000 1
26 00000001 1
37 00000010 1
40 00010000 1
51 00000000 a match 0
62 00110110 4
73 00110100 3

05 00100001 2
16 00000000 a match 0
27 00000001 1
30 00001000 1
41 00110001 3
52 00000110 2
63 00110100 3
74 01001000 2

06 00000001 1
17 00000010 1
20 00001000 1
31 00000000 a match 0
42 00110110 4
53 00000100 1
64 01001000 2
75 00111000 3

07 00000011 2 match 1
10 00001000 1
21 00000001 1
32 00000010 1
43 00110101 4
54 01000000 1
65 00111000 3
76 00000000 a match 0

Matching output
0 56 36 50 51 16 31 76
1 47 07
2 absent
3 absent
4 absent
5 absent
6 absent
7 absent

Left
56 67x
36 47 50y
50 61x
51 62x
16 27x
31 42x
76 07 10x
Best: AND-NOT36 47: 2

Right
none
Best: none

OR-NOT
01 11110111 7
12 11111110 7 match 3
23 11111101 7
34 11001010 4
45 10111111 7
56 11000111 5
67 11111111 a
70 11111100 6 match 4

02 11110111 7
13 11111111 a
24 11001001 4 match 7
35 11111011 7
46 10110111 6
57 11000111 5
60 11111110 7 match 3
71 11111101 7

03 11110111 7
14 11001110 5 match 6
25 11111001 6
36 11001011 5
47 10110111 6
50 11011110 6
61 11111111 a
72 11111110 7 match 3

04 11101111 7
15 11111111 a
26 11001001 4 match 7
37 11001011 5
40 10111111 7
51 11110111 7
62 11111110 7 match 3
73 11111101 7

05 11111111 a
16 11001111 6
27 11001011 5
30 11011010 5
41 10110111 6
52 11110110 6
63 11111111 a
74 11111100 6 match 4

06 11100111 6 match 5
17 11001111 6
20 11011001 5
31 11111011 7
42 10110111 6
53 11110111 7
64 11111110 7 match 3
75 11111101 7

07 11100111 6 match 5
10 11011110 6
21 11111001 6
32 11111110 7 match 3
43 10110111 6
54 11001110 5 match 6
65 11111111 a
76 11111101 7

Matching output
0 absent
1 absent
2 absent
3 12 60 72 62 64 32
4 70 74
5 06 07
6 14 54
7 24 26

Left
none
Best: none

Right
24 13x
26 15x
Best: OR-NOT24: 1

XOR-NOT
01 11010110 5
12 11111000 5
23 11111100 6 match 4
34 10000010 2
45 10001110 4
56 11000111 5
67 11111101 7
70 11100100 4

02 11010001 4
13 11111011 7
24 10000001 2
35 11110011 6
46 10110110 5
57 11000101 4
60 11100110 5
71 11001101 5

03 11010010 4
14 10000110 3
25 11110000 4
36 11001011 5
47 10110100 4
50 11011110 6
61 11001111 6
72 11001010 4

04 10101111 6
15 11110111 7
26 11001000 3
37 11001001 4 match 7
40 10101111 6
51 11110111 7
62 11001000 3
73 11001001 4 match 7

05 11011110 6
16 11001111 6
27 11001010 4
30 11010010 4
41 10000110 3
52 11110000 4
63 11001011 5
74 10110100 4

06 11100110 5
17 11001101 5
20 11010001 4
31 11111011 7
42 10000001 2
53 11110011 6
64 10110110 5
75 11000101 4

07 11100100 4
10 11010110 5
21 11111000 5
32 11111100 6 match 4
43 10000010 2
54 10001110 4
65 11000111 5
76 11111101 7

Matching output
0 absent
1 absent
2 absent
3 absent
4 23 32
5 absent
6 absent
7 37 73

Left
none
Best: none

Right
37 26x
73 62x
Best: XOR-NOT37: 1

Selecting

Lefts
Identity none
NOT none
Constant C0: 1
AND none
OR none
XOR none
AND-NOT AND-NOT36 47: 2
OR-NOT none
XOR-NOT none

Rights
Identity I2 1 0 7 6 5: 6
NOT none
Constant none
AND none
OR none
XOR none
AND-NOT none
OR-NOT OR-NOT24: 1
XOR-NOT XOR-NOT37: 1

Left longest: 2
Right longest: 6

Right winner: Identity yes, NOT no, Constant no, AND no, OR no, XOR no, AND-NOT no, OR-NOT no, XOR-NOT no
Left winner: Identity no, NOT no, Constant no, AND no, OR no, XOR no, AND-NOT yes, OR-NOT no, XOR-NOT no

Best right: I2 1 0 7 6 5: 6
Best left: AND-NOT36 47: 2

Truncated right: I2 1 0 7 6 5: 6
Truncated left: AND-NOT36 47: 2

Tentative from right
7 I2
6 I1
5 I0
4 I7
3 I6
2 I5
1 pending
0 pending

Tentative
0 AND-NOT36
1 AND-NOT47
2 I5
3 I6
4 I7
5 I0
6 I1
7 I2

Preferred from right
7 I2
6 I1
5 I0
4 I7
3 I6
2 I5
1 AND-NOT47
0 AND-NOT36

Preferred from left
0 AND-NOT36
1 AND-NOT47
2 I5
3 I6
4 I7
5 I0
6 I1
7 I2

Preferred
0 AND-NOT36
1 AND-NOT47
2 I5
3 I6
4 I7
5 I0
6 I1
7 I2

Matching
0 AND-NOT36
1 AND-NOT47
2 I5
3 I6
4 I7
5 I0
6 I1
7 I2

Perfect match
Identity no
NOT no
Constant no
AND no
OR no
XOR no
AND-NOT no
OR-NOT no
XOR-NOT no

Matched
0 AND-NOT36
1 AND-NOT47
2 I5
3 I6
4 I7
5 I0
6 I1
7 I2

Selected
0 AND-NOT36
1 AND-NOT47
2 I5
3 I6
4 I7
5 I0
6 I1
7 I2

Applying to 10011001
Input
0 1
1 0
2 0
3 1
4 1
5 0
6 0
7 1
Output
0 AND-NOT36 = AND(1,NOT(0)) = 1
1 AND-NOT47 = AND(1,NOT(1)) = 0
2 I5 = 0
3 I6 = 0
4 I7 = 1
5 I0 = 1
6 I1 = 0
7 I2 = 0

I will now return the answer in \boxed{}
The answer in \boxed{–} is \boxed{10001100}
[correct]
true
