[category]
bit_manipulation
[prompt]
In Alice's Wonderland, a secret bit manipulation rule transforms 8-bit binary numbers. The transformation involves operations like bit shifts, rotations, XOR, AND, OR, NOT, and possibly majority or choice functions.

Here are some examples of input -> output:
11100001 -> 00001100
11010010 -> 00111010
10100110 -> 01110100
00101111 -> 11110101
11111111 -> 11101111
01101000 -> 10001101
10110000 -> 00010110
11000111 -> 01101000
00100001 -> 00010100
10011111 -> 11100011

Now, determine the output for: 10001111
[completion]
We need to deduce the transformation by matching the example outputs.
I will put my final answer inside \boxed{}.

Output 0: 00001100
0 0
1 0
2 0
3 0
4 1
5 1
6 0
7 0

Output 1: 00111010
0 0
1 0
2 1
3 1
4 1
5 0
6 1
7 0

Output 2: 01110100
0 0
1 1
2 1
3 1
4 0
5 1
6 0
7 0

Output 3: 11110101
0 1
1 1
2 1
3 1
4 0
5 1
6 0
7 1

Output 4: 11101111
0 1
1 1
2 1
3 0
4 1
5 1
6 1
7 1

Output 5: 10001101
0 1
1 0
2 0
3 0
4 1
5 1
6 0
7 1

Output 6: 00010110
0 0
1 0
2 0
3 1
4 0
5 1
6 1
7 0

Output 7: 01101000
0 0
1 1
2 1
3 0
4 1
5 0
6 0
7 0

Output 8: 00010100
0 0
1 0
2 0
3 1
4 0
5 1
6 0
7 0

Output 9: 11100011
0 1
1 1
2 1
3 0
4 0
5 0
6 1
7 1

Output bit columns (with bitsum as hash)
0 0001110001 4
1 0011100101 5
2 0111100101 6
3 0111001010 5
4 1100110100 5
5 1011111010 7
6 0100101001 4
7 0001110001 4

Input 0: 11100001
0 1
1 1
2 1
3 0
4 0
5 0
6 0
7 1

Input 1: 11010010
0 1
1 1
2 0
3 1
4 0
5 0
6 1
7 0

Input 2: 10100110
0 1
1 0
2 1
3 0
4 0
5 1
6 1
7 0

Input 3: 00101111
0 0
1 0
2 1
3 0
4 1
5 1
6 1
7 1

Input 4: 11111111
0 1
1 1
2 1
3 1
4 1
5 1
6 1
7 1

Input 5: 01101000
0 0
1 1
2 1
3 0
4 1
5 0
6 0
7 0

Input 6: 10110000
0 1
1 0
2 1
3 1
4 0
5 0
6 0
7 0

Input 7: 11000111
0 1
1 1
2 0
3 0
4 0
5 1
6 1
7 1

Input 8: 00100001
0 0
1 0
2 1
3 0
4 0
5 0
6 0
7 1

Input 9: 10011111
0 1
1 0
2 0
3 1
4 1
5 1
6 1
7 1

When matching output
x: not in operator
y: wrong position

Identity
0 1110101101 7
1 1100110100 5 match 4
2 1011111010 7 match 5
3 0100101001 4 match 6
4 0001110001 4 match 0 7
5 0011100101 5 match 1
6 0111100101 6 match 2
7 1001100111 6

Matching output
0 4
1 5
2 6
3 absent
4 1
5 2
6 3
7 4

Left
4 5 6 7x
Best: I4 5 6: 3

Right
4 3 2 1 0x
Best: I4 3 2 1: 4

NOT
0 0001010010 3
1 0011001011 5
2 0100000101 3
3 1011010110 6
4 1110001110 6
5 1100011010 5
6 1000011010 4
7 0110011000 4

Matching output
0 absent
1 absent
2 absent
3 absent
4 absent
5 absent
6 absent
7 absent

Left
none
Best: none

Right
none
Best: none

Constant
0 0000000000 a
1 1111111111 a

Matching output
0 absent
1 absent
2 absent
3 absent
4 absent
5 absent
6 absent
7 absent

Left
none
Best: none

Right
none
Best: none

AND
01 10 1100100100 4
12 21 1000110000 3
23 32 0000101000 2
34 43 0000100001 2
45 54 0001100001 3
56 65 0011100101 5 match 1
67 76 0001100101 4
70 07 1000100101 4

02 20 1010101000 4
13 31 0100100000 2
24 42 0001110000 3
35 53 0000100001 2
46 64 0001100001 3
57 75 0001100101 4
60 06 0110100101 5
71 17 1000100100 3

03 30 0100101001 4 match 6
14 41 0000110000 2
25 52 0011100000 3
36 63 0100100001 3
47 74 0001100001 3
50 05 0010100101 4
61 16 0100100100 3
72 27 1001100010 4

04 40 0000100001 2
15 51 0000100100 2
26 62 0011100000 3
37 73 0000100001 2

Matching output
0 absent
1 56 65
2 absent
3 absent
4 absent
5 absent
6 03 30
7 absent

Left
none
Best: none

Right
none
Best: none

OR
01 10 1110111101 8
12 21 1111111110 9
23 32 1111111011 9
34 43 0101111001 6
45 54 0011110101 6
56 65 0111100101 6 match 2
67 76 1111100111 8
70 07 1111101111 9

02 20 1111111111 a
13 31 1100111101 7
24 42 1011111011 8
35 53 0111101101 7
46 64 0111110101 7
57 75 1011100111 7
60 06 1111101101 8
71 17 1101110111 8

03 30 1110101101 7
14 41 1101110101 7
25 52 1011111111 9
36 63 0111101101 7
47 74 1001110111 7
50 05 1111101101 8
61 16 1111110101 8
72 27 1011111111 9

04 40 1111111101 9
15 51 1111110101 8
26 62 1111111111 a
37 73 1101101111 8

Matching output
0 absent
1 absent
2 56 65
3 absent
4 absent
5 absent
6 absent
7 absent

Left
none
Best: none

Right
none
Best: none

XOR
01 10 0010011001 4
12 21 0111001110 6
23 32 1111010011 7
34 43 0101011000 4
45 54 0010010100 3
56 65 0100000000 1
67 76 1110000010 4
70 07 0111001010 5 match 3

02 20 0101010111 6
13 31 1000011101 5
24 42 1010001011 5
35 53 0111001100 5
46 64 0110010100 4
57 75 1010000010 3
60 06 1001001000 3
71 17 0101010011 5

03 30 1010000100 3
14 41 1101000101 5
25 52 1000011111 6
36 63 0011001100 4
47 74 1000010110 4
50 05 1101001000 4
61 16 1011010001 5
72 27 0010011101 5

04 40 1111011100 7
15 51 1111010001 6
26 62 1100011111 7
37 73 1101001110 6

Matching output
0 absent
1 absent
2 absent
3 70 07
4 absent
5 absent
6 absent
7 absent

Left
none
Best: none

Right
none
Best: none

AND-NOT
01 0010001001 3
12 0100000100 2
23 1011010010 5
34 0100001000 2
45 0000010000 1
56 0000000000 a
67 0110000000 2
70 0001000010 2

02 0100000101 3
13 1000010100 3
24 1010001010 4
35 0100001000 2
46 0000010000 1
57 0010000000 1
60 0001000000 1
71 0001000011 3

03 1010000100 3
14 1100000100 3
25 1000011010 4
36 0000001000 1
47 0000010000 1
50 0001000000 1
61 0011000001 3
72 0000000101 2

04 1110001100 5
15 1100010000 3
26 1000011010 4
37 0100001000 2
40 0001010000 2
51 0011000001 3
62 0100000101 3
73 1001000110 4

05 1100001000 3
16 1000010000 2
27 0010011000 3
30 0000000000 a
41 0001000001 2
52 0000000101 2
63 0011000100 3
74 1000000110 3

06 1000001000 2
17 0100010000 2
20 0001010010 3
31 0000001001 2
42 0000000001 1
53 0011000100 3
64 0110000100 3
75 1000000010 2

07 0110001000 3
10 0000010000 1
21 0011001010 4
32 0100000001 2
43 0001010000 2
54 0010000100 2
65 0100000000 1
76 1000000010 2

Matching output
0 absent
1 absent
2 absent
3 absent
4 absent
5 absent
6 absent
7 absent

Left
none
Best: none

Right
none
Best: none

OR-NOT
01 1111101111 9
12 1100110101 6
23 1011111110 8
34 1110101111 8
45 1101111011 8
56 1011111111 9
67 0111111101 8
70 1001110111 7

02 1110101101 7
13 1111110110 8
24 1111111110 9
35 1100111011 7
46 1001111011 7
57 0111111101 8
60 0111110111 8
71 1011101111 8

03 1111111111 a
14 1110111110 8
25 1111111010 8
36 1100111011 7
47 0111111001 7
50 0011110111 7
61 0111101111 8
72 1101100111 7

04 1110101111 8
15 1100111110 7
26 1011111010 7 match 5
37 0110111001 6
40 0001110011 5
51 0011101111 7
62 0111100101 6 match 2
73 1011110111 8

05 1110111111 9
16 1100111110 7
27 1111111010 8
30 0101111011 7
41 0011111011 7
52 0111100101 6 match 2
63 1111110111 9
74 1111101111 9

06 1110111111 9
17 1110111100 7
20 1011111010 7 match 5
31 0111101011 7
42 0101110101 6
53 1011110111 8
64 1111101111 9
75 1101111111 9

07 1110111101 8
10 1101110110 7
21 1011111011 8
32 0100101101 5
43 1011110111 8
54 1111101111 9
65 1111111111 a
76 1001111111 8

Matching output
0 absent
1 absent
2 62 52
3 absent
4 absent
5 26 20
6 absent
7 absent

Left
none
Best: none

Right
none
Best: none

XOR-NOT
01 1101100110 6
12 1000110001 4
23 0000101100 3
34 1010100111 6
45 1101101011 7
56 1011111111 9
67 0001111101 6
70 1000110101 5

02 1010101000 4
13 0111100010 5
24 0101110100 5
35 1000110011 5
46 1001101011 6
57 0101111101 7
60 0110110111 7
71 1010101100 5

03 0101111011 7
14 0010111010 5
25 0111100000 4
36 1100110011 6
47 0111101001 6
50 0010110111 6
61 0100101110 5
72 1101100010 5

04 0000100011 3
15 0000101110 4
26 0011100000 3
37 0010110001 4
40 0000100011 3
51 0000101110 4
62 0011100000 3
73 0010110001 4

05 0010110111 6
16 0100101110 5
27 1101100010 5
30 0101111011 7
41 0010111010 5
52 0111100000 4
63 1100110011 6
74 0111101001 6

06 0110110111 7
17 1010101100 5
20 1010101000 4
31 0111100010 5
42 0101110100 5
53 1000110011 5
64 1001101011 6
75 0101111101 7

07 1000110101 5
10 1101100110 6
21 1000110001 4
32 0000101100 3
43 1010100111 6
54 1101101011 7
65 1011111111 9
76 0001111101 6

Matching output
0 absent
1 absent
2 absent
3 absent
4 absent
5 absent
6 absent
7 absent

Left
none
Best: none

Right
none
Best: none

Selecting

Lefts
Identity I4 5 6: 3
NOT none
Constant none
AND none
OR none
XOR none
AND-NOT none
OR-NOT none
XOR-NOT none

Rights
Identity I4 3 2 1: 4
NOT none
Constant none
AND none
OR none
XOR none
AND-NOT none
OR-NOT none
XOR-NOT none

Left longest: 3
Right longest: 4

Right winner: Identity yes, NOT no, Constant no, AND no, OR no, XOR no, AND-NOT no, OR-NOT no, XOR-NOT no
Left winner: Identity yes, NOT no, Constant no, AND no, OR no, XOR no, AND-NOT no, OR-NOT no, XOR-NOT no

Best right: I4 3 2 1: 4
Best left: I4 5 6: 3

Truncated right: I4 3 2 1: 4
Truncated left: I4 5 6: 3

Tentative from right
7 I4
6 I3
5 I2
4 I1
3 pending
2 pending
1 pending
0 pending

Tentative
0 I4
1 I5
2 I6
3 pending
4 I1
5 I2
6 I3
7 I4

Preferred from right
7 I4
6 I3
5 I2
4 I1
3 ??0
2 I6
1 I5
0 I4

Preferred from left
0 I4
1 I5
2 I6
3 ?70
4 I1
5 I2
6 I3
7 I4

Preferred
0 I4
1 I5
2 I6
3 ?70 ?07
4 I1
5 I2
6 I3
7 I4

Matching
0 I4
1 I5
2 I6
3 ?70 ?07 - Identity absent, NOT absent, Constant absent, AND absent, OR absent, XOR70, AND-NOT absent, OR-NOT absent, XOR-NOT absent
4 I1
5 I2
6 I3
7 I4

Perfect match
Identity no
NOT no
Constant no
AND no
OR no
XOR yes
AND-NOT no
OR-NOT no
XOR-NOT no

Matched
0 I4
1 I5
2 I6
3 XOR70
4 I1
5 I2
6 I3
7 I4

Selected
0 I4
1 I5
2 I6
3 XOR70
4 I1
5 I2
6 I3
7 I4

Applying to 10001111
Input
0 1
1 0
2 0
3 0
4 1
5 1
6 1
7 1
Output
0 I4 = 1
1 I5 = 1
2 I6 = 1
3 XOR70 = XOR(1,1) = 0
4 I1 = 0
5 I2 = 0
6 I3 = 0
7 I4 = 1

I will now return the answer in \boxed{}
The answer in \boxed{–} is \boxed{11100001}
[correct]
true
