[category]
bit_manipulation
[prompt]
In Alice's Wonderland, a secret bit manipulation rule transforms 8-bit binary numbers. The transformation involves operations like bit shifts, rotations, XOR, AND, OR, NOT, and possibly majority or choice functions.

Here are some examples of input -> output:
01100101 -> 10000100
11000000 -> 00000000
01111100 -> 00000001
10011010 -> 00000010
00110111 -> 10000100
00110100 -> 00000000
00100110 -> 00000000
11001011 -> 00001001
10011111 -> 00010010

Now, determine the output for: 00001101
[completion]
We need to deduce the transformation by matching the example outputs.
I will put my final answer inside \boxed{}.

Output 0: 10000100
0 1
1 0
2 0
3 0
4 0
5 1
6 0
7 0

Output 1: 00000000
0 0
1 0
2 0
3 0
4 0
5 0
6 0
7 0

Output 2: 00000001
0 0
1 0
2 0
3 0
4 0
5 0
6 0
7 1

Output 3: 00000010
0 0
1 0
2 0
3 0
4 0
5 0
6 1
7 0

Output 4: 10000100
0 1
1 0
2 0
3 0
4 0
5 1
6 0
7 0

Output 5: 00000000
0 0
1 0
2 0
3 0
4 0
5 0
6 0
7 0

Output 6: 00000000
0 0
1 0
2 0
3 0
4 0
5 0
6 0
7 0

Output 7: 00001001
0 0
1 0
2 0
3 0
4 1
5 0
6 0
7 1

Output 8: 00010010
0 0
1 0
2 0
3 1
4 0
5 0
6 1
7 0

Output bit columns (with bitsum as hash)
0 100010000 2
1 000000000 a
2 000000000 a
3 000000001 1
4 000000010 1
5 100010000 2
6 000100001 2
7 001000010 2

Input 0: 01100101
0 0
1 1
2 1
3 0
4 0
5 1
6 0
7 1

Input 1: 11000000
0 1
1 1
2 0
3 0
4 0
5 0
6 0
7 0

Input 2: 01111100
0 0
1 1
2 1
3 1
4 1
5 1
6 0
7 0

Input 3: 10011010
0 1
1 0
2 0
3 1
4 1
5 0
6 1
7 0

Input 4: 00110111
0 0
1 0
2 1
3 1
4 0
5 1
6 1
7 1

Input 5: 00110100
0 0
1 0
2 1
3 1
4 0
5 1
6 0
7 0

Input 6: 00100110
0 0
1 0
2 1
3 0
4 0
5 1
6 1
7 0

Input 7: 11001011
0 1
1 1
2 0
3 0
4 1
5 0
6 1
7 1

Input 8: 10011111
0 1
1 0
2 0
3 1
4 1
5 1
6 1
7 1

When matching output
x: not in operator
y: wrong position

Identity
0 010100011 4
1 111000010 4
2 101011100 5
3 001111001 5
4 001100011 4
5 101011101 6
6 000110111 5
7 100010011 4

Matching output
0 absent
1 absent
2 absent
3 absent
4 absent
5 absent
6 absent
7 absent

Left
none
Best: none

Right
none
Best: none

NOT
0 101011100 5
1 000111101 5
2 010100011 4
3 110000110 4
4 110011100 5
5 010100010 3
6 111001000 4
7 011101100 5

Matching output
0 absent
1 absent
2 absent
3 absent
4 absent
5 absent
6 absent
7 absent

Left
none
Best: none

Right
none
Best: none

Constant
0 000000000 a match 1 2
1 111111111 a

Matching output
0 absent
1 C0
2 C0
3 absent
4 absent
5 absent
6 absent
7 absent

Left
none
Best: none

Right
none
Best: none

AND
01 10 010000010 2
12 21 101000000 2
23 32 001011000 3
34 43 001100001 3
45 54 001000001 2
56 65 000010101 3
67 76 000010011 3
70 07 000000011 2

02 20 000000000 a match 1 2
13 31 001000000 1
24 42 001000000 1
35 53 001011001 4
46 64 000100011 3
57 75 100010001 3
60 06 000100011 3
71 17 100000010 2

03 30 000100001 2 match 6
14 41 001000010 2 match 7
25 52 101011100 5
36 63 000110001 3
47 74 000000011 2
50 05 000000001 1 match 3
61 16 000000010 1 match 4
72 27 100010000 2 match 0 5

04 40 000100011 3
15 51 101000000 2
26 62 000010100 2
37 73 000010001 2

Matching output
0 72 27
1 02 20
2 02 20
3 50 05
4 61 16
5 72 27
6 03 30
7 14 41

Left
72 03y
27 30y
Best: AND72: 1

Right
14 03 72 61 50 47x
41 30 27 16 05 74x
Best: AND14 03 72 61 50: 5

OR
01 10 111100011 6
12 21 111011110 7
23 32 101111101 7
34 43 001111011 6
45 54 101111111 8
56 65 101111111 8
67 76 100110111 6
70 07 110110011 6

02 20 111111111 a
13 31 111111011 8
24 42 101111111 8
35 53 101111101 7
46 64 001110111 6
57 75 101011111 7
60 06 010110111 6
71 17 111010011 6

03 30 011111011 7
14 41 111100011 6
25 52 101011101 6
36 63 001111111 7
47 74 101110011 6
50 05 111111111 a
61 16 111110111 8
72 27 101011111 7

04 40 011100011 5
15 51 111011111 8
26 62 101111111 8
37 73 101111011 7

Matching output
0 absent
1 absent
2 absent
3 absent
4 absent
5 absent
6 absent
7 absent

Left
none
Best: none

Right
none
Best: none

XOR
01 10 101100001 4
12 21 010011110 5
23 32 100100101 4
34 43 000011010 3
45 54 100111110 6
56 65 101101010 5
67 76 100100100 3
70 07 110110000 4

02 20 111111111 a
13 31 110111011 7
24 42 100111111 7
35 53 100100100 3
46 64 001010100 3
57 75 001001110 4
60 06 010010100 3
71 17 011010001 4

03 30 011011010 5
14 41 110100001 4
25 52 000000001 1 match 3
36 63 001001110 4
47 74 101110000 4
50 05 111111110 8
61 16 111110101 7
72 27 001001111 5

04 40 011000000 2
15 51 010011111 6
26 62 101101011 6
37 73 101101010 5

Matching output
0 absent
1 absent
2 absent
3 25 52
4 absent
5 absent
6 absent
7 absent

Left
none
Best: none

Right
none
Best: none

AND-NOT
01 000100001 2 match 6
12 010000010 2
23 100000100 2
34 000011000 2
45 000100010 2
56 101001000 3
67 000100100 2
70 100010000 2 match 0 5

02 010100011 4
13 110000010 3
24 100011100 4
35 000100000 1
46 001000000 1
57 001001100 3
60 000010100 2
71 000010001 2

03 010000010 2
14 110000000 2
25 000000000 a match 1 2
36 001001000 2
47 001100000 2
50 101011100 5
61 000110101 4
72 000000011 2

04 010000000 1
15 010000010 2
26 101001000 3
37 001101000 3
40 001000000 1
51 000011101 4
62 000100011 3
73 100000010 2

05 010100010 3
16 111000000 3
27 001001100 3
30 001011000 3
41 000100001 2 match 6
52 000000001 1 match 3
63 000000110 2
74 100010000 2 match 0 5

06 010000000 1
17 011000000 2
20 101011100 5
31 000111001 4
42 000100011 3
53 100000100 2
64 000010100 2
75 000000010 1 match 4

07 010100000 2
10 101000000 2
21 000011100 3
32 000100001 2 match 6
43 000000010 1 match 4
54 100011100 4
65 000100010 2
76 100000000 1

Matching output
0 70 74
1 25
2 25
3 52
4 75 43
5 70 74
6 01 41 32
7 absent

Left
70 01y
74 05x
Best: AND-NOT70: 1

Right
none
Best: none

OR-NOT
01 010111111 7
12 111100011 6
23 111011110 7
34 111111101 8
45 011100011 5
56 111011101 7
67 011111111 8
70 101011111 7

02 010100011 4
13 111000110 5
24 111011100 6
35 011111011 7
46 111101011 7
57 111111101 8
60 101111111 8
71 100111111 7

03 110100111 6
14 111011110 7
25 111111110 8
36 111111001 7
47 011101111 7
50 101011101 6
61 000111111 6
72 110110011 6

04 110111111 8
15 111100010 5
26 111011100 6
37 011111101 7
40 101111111 8
51 101111101 7
62 010110111 6
73 110010111 6

05 010100011 4
16 111001010 5
27 111111100 7
30 101111101 7
41 001111111 7
52 111111111 a
63 110110111 7
74 110011111 7

06 111101011 7
17 111101110 7
20 101011100 5
31 001111101 6
42 011100011 5
53 111011111 8
64 110111111 8
75 110110011 6

07 011101111 7
10 111011110 7
21 101111101 7
32 011111011 7
43 111100111 7
54 111011101 7
65 010110111 6
76 111011011 7

Matching output
0 absent
1 absent
2 absent
3 absent
4 absent
5 absent
6 absent
7 absent

Left
none
Best: none

Right
none
Best: none

XOR-NOT
01 010011110 5
12 101100001 4
23 011011010 5
34 111100101 6
45 011000001 3
56 010010101 4
67 011011011 6
70 001001111 5

02 000000000 a match 1 2
13 001000100 2
24 011000000 2
35 011011011 6
46 110101011 6
57 110110001 5
60 101101011 6
71 100101110 5

03 100100101 4
14 001011110 5
25 111111110 8
36 110110001 5
47 010001111 5
50 000000001 1 match 3
61 000001010 2
72 110110000 4

04 100111111 7
15 101100000 3
26 010010100 3
37 010010101 4
40 100111111 7
51 101100000 3
62 010010100 3
73 010010101 4

05 000000001 1 match 3
16 000001010 2
27 110110000 4
30 100100101 4
41 001011110 5
52 111111110 8
63 110110001 5
74 010001111 5

06 101101011 6
17 100101110 5
20 000000000 a match 1 2
31 001000100 2
42 011000000 2
53 011011011 6
64 110101011 6
75 110110001 5

07 001001111 5
10 010011110 5
21 101100001 4
32 011011010 5
43 111100101 6
54 011000001 3
65 010010101 4
76 011011011 6

Matching output
0 absent
1 02 20
2 02 20
3 50 05
4 absent
5 absent
6 absent
7 absent

Left
none
Best: none

Right
none
Best: none

Selecting

Lefts
Identity none
NOT none
Constant none
AND AND72: 1
OR none
XOR none
AND-NOT AND-NOT70: 1
OR-NOT none
XOR-NOT none

Rights
Identity none
NOT none
Constant none
AND AND14 03 72 61 50: 5
OR none
XOR none
AND-NOT none
OR-NOT none
XOR-NOT none

Left longest: 1
Right longest: 5

Right winner: Identity no, NOT no, Constant no, AND yes, OR no, XOR no, AND-NOT no, OR-NOT no, XOR-NOT no
Left winner: Identity no, NOT no, Constant no, AND yes, OR no, XOR no, AND-NOT no, OR-NOT no, XOR-NOT no

Best right: AND14 03 72 61 50: 5
Best left: AND72: 1

Truncated right: AND14 03 72 61 50: 5
Truncated left: AND72: 1

Tentative from right
7 AND14
6 AND03
5 AND72
4 AND61
3 AND50
2 pending
1 pending
0 pending

Tentative
0 AND72
1 pending
2 pending
3 AND50
4 AND61
5 AND72
6 AND03
7 AND14

Preferred from right
7 AND14
6 AND03
5 AND72
4 AND61
3 AND50
2 ?47
1 ?36
0 AND72

Preferred from left
0 AND72
1 ?36
2 ?47
3 AND50
4 AND61
5 AND72
6 AND03
7 AND14

Preferred
0 AND72
1 ?36 ?63
2 ?47 ?74
3 AND50
4 AND61
5 AND72
6 AND03
7 AND14

Matching
0 AND72
1 ?36 ?63 - Identity absent, NOT absent, Constant C0, AND absent, OR absent, XOR absent, AND-NOT absent, OR-NOT absent, XOR-NOT absent
2 ?47 ?74 - Identity absent, NOT absent, Constant C0, AND absent, OR absent, XOR absent, AND-NOT absent, OR-NOT absent, XOR-NOT absent
3 AND50
4 AND61
5 AND72
6 AND03
7 AND14

Perfect match
Identity no
NOT no
Constant yes
AND no
OR no
XOR no
AND-NOT no
OR-NOT no
XOR-NOT no

Matched
0 AND72
1 C0
2 C0
3 AND50
4 AND61
5 AND72
6 AND03
7 AND14

Selected
0 AND72
1 C0
2 C0
3 AND50
4 AND61
5 AND72
6 AND03
7 AND14

Applying to 00001101
Input
0 0
1 0
2 0
3 0
4 1
5 1
6 0
7 1
Output
0 AND72 = AND(1,0) = 0
1 C0 = 0
2 C0 = 0
3 AND50 = AND(1,0) = 0
4 AND61 = AND(0,0) = 0
5 AND72 = AND(1,0) = 0
6 AND03 = AND(0,0) = 0
7 AND14 = AND(0,1) = 0

I will now return the answer in \boxed{}
The answer in \boxed{–} is \boxed{00000000}
[correct]
true
