[category]
bit_manipulation
[prompt]
In Alice's Wonderland, a secret bit manipulation rule transforms 8-bit binary numbers. The transformation involves operations like bit shifts, rotations, XOR, AND, OR, NOT, and possibly majority or choice functions.

Here are some examples of input -> output:
01110001 -> 00011110
01111011 -> 10111111
01010000 -> 00001010
11011000 -> 10011011
01110110 -> 01101110
00011001 -> 10010011
00100100 -> 01000100
10101011 -> 10100101

Now, determine the output for: 10100100
[completion]
We need to deduce the transformation by matching the example outputs.
I will put my final answer inside \boxed{}.

Output 0: 00011110
0 0
1 0
2 0
3 1
4 1
5 1
6 1
7 0

Output 1: 10111111
0 1
1 0
2 1
3 1
4 1
5 1
6 1
7 1

Output 2: 00001010
0 0
1 0
2 0
3 0
4 1
5 0
6 1
7 0

Output 3: 10011011
0 1
1 0
2 0
3 1
4 1
5 0
6 1
7 1

Output 4: 01101110
0 0
1 1
2 1
3 0
4 1
5 1
6 1
7 0

Output 5: 10010011
0 1
1 0
2 0
3 1
4 0
5 0
6 1
7 1

Output 6: 01000100
0 0
1 1
2 0
3 0
4 0
5 1
6 0
7 0

Output 7: 10100101
0 1
1 0
2 1
3 0
4 0
5 1
6 0
7 1

Output bit columns (with bitsum as hash)
0 01010101 4
1 00001010 2
2 01001001 3
3 11010100 4
4 11111000 5
5 11001011 5
6 11111100 6
7 01010101 4

Input 0: 01110001
0 0
1 1
2 1
3 1
4 0
5 0
6 0
7 1

Input 1: 01111011
0 0
1 1
2 1
3 1
4 1
5 0
6 1
7 1

Input 2: 01010000
0 0
1 1
2 0
3 1
4 0
5 0
6 0
7 0

Input 3: 11011000
0 1
1 1
2 0
3 1
4 1
5 0
6 0
7 0

Input 4: 01110110
0 0
1 1
2 1
3 1
4 0
5 1
6 1
7 0

Input 5: 00011001
0 0
1 0
2 0
3 1
4 1
5 0
6 0
7 1

Input 6: 00100100
0 0
1 0
2 1
3 0
4 0
5 1
6 0
7 0

Input 7: 10101011
0 1
1 0
2 1
3 0
4 1
5 0
6 1
7 1

When matching output
x: not in operator
y: wrong position

Identity
0 00010001 2
1 11111000 5 match 4
2 11001011 5 match 5
3 11111100 6 match 6
4 01010101 4 match 0 7
5 00001010 2 match 1
6 01001001 3 match 2
7 11000101 4

Matching output
0 4
1 5
2 6
3 absent
4 1
5 2
6 3
7 4

Left
4 5 6 7x
Best: I4 5 6: 3

Right
4 3 2 1 0x
Best: I4 3 2 1: 4

NOT
0 11101110 6
1 00000111 3
2 00110100 3
3 00000011 2
4 10101010 4
5 11110101 6
6 10110110 5
7 00111010 4

Matching output
0 absent
1 absent
2 absent
3 absent
4 absent
5 absent
6 absent
7 absent

Left
none
Best: none

Right
none
Best: none

Constant
0 00000000 a
1 11111111 a

Matching output
0 absent
1 absent
2 absent
3 absent
4 absent
5 absent
6 absent
7 absent

Left
none
Best: none

Right
none
Best: none

AND
01 10 00010000 1
12 21 11001000 3
23 32 11001000 3
34 43 01010100 3
45 54 00000000 a
56 65 00001000 1
67 76 01000001 2
70 07 00000001 1

02 20 00000001 1
13 31 11111000 5 match 4
24 42 01000001 2
35 53 00001000 1
46 64 01000001 2
57 75 00000000 a
60 06 00000001 1
71 17 11000000 2

03 30 00010000 1
14 41 01010000 2
25 52 00001010 2 match 1
36 63 01001000 2
47 74 01000101 3
50 05 00000000 a
61 16 01001000 2
72 27 11000001 3

04 40 00010001 2
15 51 00001000 1
26 62 01001001 3 match 2
37 73 11000100 3

Matching output
0 absent
1 25 52
2 26 62
3 absent
4 13 31
5 absent
6 absent
7 absent

Left
none
Best: none

Right
none
Best: none

OR
01 10 11111001 6
12 21 11111011 7
23 32 11111111 a
34 43 11111101 7
45 54 01011111 6
56 65 01001011 4
67 76 11001101 5
70 07 11010101 5

02 20 11011011 6
13 31 11111100 6 match 6
24 42 11011111 7
35 53 11111110 7
46 64 01011101 5
57 75 11001111 6
60 06 01011001 4
71 17 11111101 7

03 30 11111101 7
14 41 11111101 7
25 52 11001011 5 match 5
36 63 11111101 7
47 74 11010101 5
50 05 00011011 4
61 16 11111001 6
72 27 11001111 6

04 40 01010101 4 match 0 7
15 51 11111010 6
26 62 11001011 5 match 5
37 73 11111101 7

Matching output
0 04 40
1 absent
2 absent
3 absent
4 absent
5 25 52 26 62
6 13 31
7 04 40

Left
04 15x
40 51x
Best: OR04: 1

Right
04 73x
40 37x
Best: OR04: 1

XOR
01 10 11101001 5
12 21 00110011 4
23 32 00110111 5
34 43 10101001 4
45 54 01011111 6
56 65 01000011 3
67 76 10001100 3
70 07 11010100 4 match 3

02 20 11011010 5
13 31 00000100 1
24 42 10011110 5
35 53 11110110 6
46 64 00011100 3
57 75 11001111 6
60 06 01011000 3
71 17 00111101 5

03 30 11101101 6
14 41 10101101 5
25 52 11000001 3
36 63 10110101 5
47 74 10010000 2
50 05 00011011 4
61 16 10110001 4
72 27 00001110 3

04 40 01000100 2
15 51 11110010 5
26 62 10000010 2
37 73 00111001 4

Matching output
0 absent
1 absent
2 absent
3 70 07
4 absent
5 absent
6 absent
7 absent

Left
none
Best: none

Right
none
Best: none

AND-NOT
01 00000001 1
12 00110000 2
23 00000011 2
34 10101000 3
45 01010101 4 match 0 7
56 00000010 1
67 00001000 1
70 11000100 3

02 00010000 1
13 00000000 a
24 10001010 3
35 11110100 5
46 00010100 2
57 00001010 2 match 1
60 01001000 2
71 00000101 2

03 00000001 1
14 10101000 3
25 11000001 3
36 10110100 4
47 00010000 1
50 00001010 2 match 1
61 00000001 1
72 00000100 1

04 00000000 a
15 11110000 4
26 10000010 2
37 00111000 3
40 01000100 2
51 00000010 1
62 00000000 a
73 00000001 1

05 00010001 2
16 10110000 3
27 00001010 2 match 1
30 11101100 5
41 00000101 2
52 00000000 a
63 00000001 1
74 10000000 1

06 00010000 1
17 00111000 3
20 11001010 4
31 00000100 1
42 00010100 2
53 00000010 1
64 00001000 1
75 11000101 4

07 00010000 1
10 11101000 4
21 00000011 2
32 00110100 3
43 00000001 1
54 00001010 2 match 1
65 01000001 2
76 10000100 2

Matching output
0 45
1 57 50 27 54
2 absent
3 absent
4 absent
5 absent
6 absent
7 45

Left
45 56x
Best: AND-NOT45: 1

Right
45 34x
Best: AND-NOT45: 1

OR-NOT
01 00010111 4
12 11111100 6 match 6
23 11001011 5 match 5
34 11111110 7
45 11110101 6
56 10111110 6
67 01111011 6
70 11101111 7

02 00110101 4
13 11111011 7
24 11101011 6
35 11111101 7
46 11110111 7
57 00111010 4
60 11101111 7
71 11000111 5

03 00010011 3
14 11111010 6
25 11111111 a
36 11111110 7
47 01111111 7
50 11101110 6
61 01001111 5
72 11110101 6

04 10111011 6
15 11111101 7
26 11111111 a
37 11111110 7
40 11111111 a
51 00001111 4
62 01111101 6
73 11000111 5

05 11110101 6
16 11111110 7
27 11111011 7
30 11111110 7
41 01010111 5
52 00111110 5
63 01001011 4
74 11101111 7

06 10110111 6
17 11111010 6
20 11101111 7
31 11111111 a
42 01110101 5
53 00001011 3
64 11101011 6
75 11110101 6

07 00111011 5
10 11111110 7
21 11001111 6
32 11111100 6 match 6
43 01010111 5
54 10101010 4
65 11111101 7
76 11110111 7

Matching output
0 absent
1 absent
2 absent
3 absent
4 absent
5 23
6 12 32
7 absent

Left
none
Best: none

Right
none
Best: none

XOR-NOT
01 00010110 3
12 11001100 4
23 11001000 3
34 01010110 4
45 10100000 2
56 10111100 5
67 01110011 5
70 00101011 4

02 00100101 3
13 11111011 7
24 01100001 3
35 00001001 2
46 11100011 5
57 00110000 2
60 10100111 5
71 11000010 3

03 00010010 2
14 01010010 3
25 00111110 5
36 01001010 3
47 01101111 6
50 11100100 4
61 01001110 4
72 11110001 5

04 10111011 6
15 00001101 3
26 01111101 6
37 11000110 4
40 10111011 6
51 00001101 3
62 01111101 6
73 11000110 4

05 11100100 4
16 01001110 4
27 11110001 5
30 00010010 2
41 01010010 3
52 00111110 5
63 01001010 3
74 01101111 6

06 10100111 5
17 11000010 3
20 00100101 3
31 11111011 7
42 01100001 3
53 00001001 2
64 11100011 5
75 00110000 2

07 00101011 4
10 00010110 3
21 11001100 4
32 11001000 3
43 01010110 4
54 10100000 2
65 10111100 5
76 01110011 5

Matching output
0 absent
1 absent
2 absent
3 absent
4 absent
5 absent
6 absent
7 absent

Left
none
Best: none

Right
none
Best: none

Selecting

Lefts
Identity I4 5 6: 3
NOT none
Constant none
AND none
OR OR04: 1
XOR none
AND-NOT AND-NOT45: 1
OR-NOT none
XOR-NOT none

Rights
Identity I4 3 2 1: 4
NOT none
Constant none
AND none
OR OR04: 1
XOR none
AND-NOT AND-NOT45: 1
OR-NOT none
XOR-NOT none

Left longest: 3
Right longest: 4

Right winner: Identity yes, NOT no, Constant no, AND no, OR no, XOR no, AND-NOT no, OR-NOT no, XOR-NOT no
Left winner: Identity yes, NOT no, Constant no, AND no, OR no, XOR no, AND-NOT no, OR-NOT no, XOR-NOT no

Best right: I4 3 2 1: 4
Best left: I4 5 6: 3

Truncated right: I4 3 2 1: 4
Truncated left: I4 5 6: 3

Tentative from right
7 I4
6 I3
5 I2
4 I1
3 pending
2 pending
1 pending
0 pending

Tentative
0 I4
1 I5
2 I6
3 pending
4 I1
5 I2
6 I3
7 I4

Preferred from right
7 I4
6 I3
5 I2
4 I1
3 ??0
2 I6
1 I5
0 I4

Preferred from left
0 I4
1 I5
2 I6
3 ?70
4 I1
5 I2
6 I3
7 I4

Preferred
0 I4
1 I5
2 I6
3 ?70 ?07
4 I1
5 I2
6 I3
7 I4

Matching
0 I4
1 I5
2 I6
3 ?70 ?07 - Identity absent, NOT absent, Constant absent, AND absent, OR absent, XOR70, AND-NOT absent, OR-NOT absent, XOR-NOT absent
4 I1
5 I2
6 I3
7 I4

Perfect match
Identity no
NOT no
Constant no
AND no
OR no
XOR yes
AND-NOT no
OR-NOT no
XOR-NOT no

Matched
0 I4
1 I5
2 I6
3 XOR70
4 I1
5 I2
6 I3
7 I4

Selected
0 I4
1 I5
2 I6
3 XOR70
4 I1
5 I2
6 I3
7 I4

Applying to 10100100
Input
0 1
1 0
2 1
3 0
4 0
5 1
6 0
7 0
Output
0 I4 = 0
1 I5 = 1
2 I6 = 0
3 XOR70 = XOR(0,1) = 1
4 I1 = 0
5 I2 = 1
6 I3 = 0
7 I4 = 0

I will now return the answer in \boxed{}
The answer in \boxed{–} is \boxed{01010100}
[correct]
true
