[category]
bit_manipulation
[prompt]
In Alice's Wonderland, a secret bit manipulation rule transforms 8-bit binary numbers. The transformation involves operations like bit shifts, rotations, XOR, AND, OR, NOT, and possibly majority or choice functions.

Here are some examples of input -> output:
11110100 -> 00100000
00010000 -> 00000000
01110001 -> 10001000
10000110 -> 00000000
01000001 -> 00000000
00101111 -> 00010000
10001111 -> 01000000
10001100 -> 01000000
10110111 -> 10011000

Now, determine the output for: 11100001
[completion]
We need to deduce the transformation by matching the example outputs.
I will put my final answer inside \boxed{}.

Output 0: 00100000
0 0
1 0
2 1
3 0
4 0
5 0
6 0
7 0

Output 1: 00000000
0 0
1 0
2 0
3 0
4 0
5 0
6 0
7 0

Output 2: 10001000
0 1
1 0
2 0
3 0
4 1
5 0
6 0
7 0

Output 3: 00000000
0 0
1 0
2 0
3 0
4 0
5 0
6 0
7 0

Output 4: 00000000
0 0
1 0
2 0
3 0
4 0
5 0
6 0
7 0

Output 5: 00010000
0 0
1 0
2 0
3 1
4 0
5 0
6 0
7 0

Output 6: 01000000
0 0
1 1
2 0
3 0
4 0
5 0
6 0
7 0

Output 7: 01000000
0 0
1 1
2 0
3 0
4 0
5 0
6 0
7 0

Output 8: 10011000
0 1
1 0
2 0
3 1
4 1
5 0
6 0
7 0

Output bit columns (with bitsum as hash)
0 001000001 2
1 000000110 2
2 100000000 1
3 000001001 2
4 001000001 2
5 000000000 a
6 000000000 a
7 000000000 a

Input 0: 11110100
0 1
1 1
2 1
3 1
4 0
5 1
6 0
7 0

Input 1: 00010000
0 0
1 0
2 0
3 1
4 0
5 0
6 0
7 0

Input 2: 01110001
0 0
1 1
2 1
3 1
4 0
5 0
6 0
7 1

Input 3: 10000110
0 1
1 0
2 0
3 0
4 0
5 1
6 1
7 0

Input 4: 01000001
0 0
1 1
2 0
3 0
4 0
5 0
6 0
7 1

Input 5: 00101111
0 0
1 0
2 1
3 0
4 1
5 1
6 1
7 1

Input 6: 10001111
0 1
1 0
2 0
3 0
4 1
5 1
6 1
7 1

Input 7: 10001100
0 1
1 0
2 0
3 0
4 1
5 1
6 0
7 0

Input 8: 10110111
0 1
1 0
2 1
3 1
4 0
5 1
6 1
7 1

When matching output
x: not in operator
y: wrong position

Identity
0 100100111 5
1 101010000 3
2 101001001 4
3 111000001 4
4 000001110 3
5 100101111 6
6 000101101 4
7 001011101 5

Matching output
0 absent
1 absent
2 absent
3 absent
4 absent
5 absent
6 absent
7 absent

Left
none
Best: none

Right
none
Best: none

NOT
0 011011000 4
1 010101111 6
2 010110110 5
3 000111110 5
4 111110001 6
5 011010000 3
6 111010010 5
7 110100010 4

Matching output
0 absent
1 absent
2 absent
3 absent
4 absent
5 absent
6 absent
7 absent

Left
none
Best: none

Right
none
Best: none

Constant
0 000000000 a match 5 6 7
1 111111111 a

Matching output
0 absent
1 absent
2 absent
3 absent
4 absent
5 C0
6 C0
7 C0

Left
none
Best: none

Right
0 0 0
Best: C0 0 0: 3

AND
01 10 100000000 1 match 2
12 21 101000000 2
23 32 101000001 3
34 43 000000000 a match 5 6 7
45 54 000001110 3
56 65 000101101 4
67 76 000001101 3
70 07 000000101 2

02 20 100000001 2
13 31 101000000 2
24 42 000001000 1
35 53 100000001 2
46 64 000001100 2
57 75 000001101 3
60 06 000100101 3
71 17 001010000 2

03 30 100000001 2
14 41 000000000 a match 5 6 7
25 52 100001001 3
36 63 000000001 1
47 74 000001100 2
50 05 100100111 5
61 16 000000000 a match 5 6 7
72 27 001001001 3

04 40 000000110 2 match 1
15 51 100000000 1 match 2
26 62 000001001 2 match 3
37 73 001000001 2 match 0 4

Matching output
0 37 73
1 04 40
2 01 10 15 51
3 26 62
4 37 73
5 34 43 14 41 61 16
6 34 43 14 41 61 16
7 34 43 14 41 61 16

Left
37 40 51 62 73 04y
73 04 15 26 37 40y
Best: AND37 40 51 62 73: 5

Right
34 23x
43 32x
14 03x
41 30x
61 50x
16 05x
Best: AND34: 1

OR
01 10 101110111 7
12 21 101011001 5
23 32 111001001 5
34 43 111001111 7
45 54 100101111 6
56 65 100101111 6
67 76 001111101 6
70 07 101111111 8

02 20 101101111 7
13 31 111010001 5
24 42 101001111 6
35 53 111101111 8
46 64 000101111 5
57 75 101111111 8
60 06 100101111 6
71 17 101011101 6

03 30 111100111 7
14 41 101011110 6
25 52 101101111 7
36 63 111101101 7
47 74 001011111 6
50 05 100101111 6
61 16 101111101 7
72 27 101011101 6

04 40 100101111 6
15 51 101111111 8
26 62 101101101 6
37 73 111011101 7

Matching output
0 absent
1 absent
2 absent
3 absent
4 absent
5 absent
6 absent
7 absent

Left
none
Best: none

Right
none
Best: none

XOR
01 10 001110111 6
12 21 000011001 3
23 32 010001000 2
34 43 111001111 7
45 54 100100001 3
56 65 100000010 2
67 76 001110000 3
70 07 101111010 6

02 20 001101110 5
13 31 010010001 3
24 42 101000111 5
35 53 011101110 6
46 64 000100011 3
57 75 101110010 5
60 06 100001010 3
71 17 100001101 4

03 30 011100110 5
14 41 101011110 6
25 52 001100110 4
36 63 111101100 6
47 74 001010011 4
50 05 000001000 1
61 16 101111101 7
72 27 100010100 3

04 40 100101001 4
15 51 001111111 7
26 62 101100100 4
37 73 110011100 5

Matching output
0 absent
1 absent
2 absent
3 absent
4 absent
5 absent
6 absent
7 absent

Left
none
Best: none

Right
none
Best: none

AND-NOT
01 000100111 4
12 000010000 1
23 000001000 1
34 111000001 4
45 000000000 a match 5 6 7
56 100000010 2
67 000100000 1
70 001011000 3

02 000100110 3
13 000010000 1
24 101000001 3
35 011000000 2
46 000000010 1
57 100100010 3
60 000001000 1
71 000001101 3

03 000100110 3
14 101010000 3
25 001000000 1
36 111000000 3
47 000000010 1
50 000001000 1
61 000101101 4
72 000010100 2

04 100100001 3
15 001010000 2
26 101000000 2
37 110000000 2
40 000001000 1
51 000101111 5
62 000100100 2
73 000011100 3

05 000000000 a match 5 6 7
16 101010000 3
27 100000000 1 match 2
30 011000000 2
41 000001110 3
52 000100110 3
63 000101100 3
74 001010001 3

06 100000010 2
17 100000000 1 match 2
20 001001000 2
31 010000001 2
42 000000110 2 match 1
53 000101110 4
64 000100001 2
75 001010000 2

07 100100010 3
10 001010000 2
21 000001001 2 match 3
32 010000000 1
43 000001110 3
54 100100001 3
65 000000000 a match 5 6 7
76 001010000 2

Matching output
0 absent
1 42
2 27 17
3 21
4 absent
5 45 05 65
6 45 05 65
7 45 05 65

Left
none
Best: none

Right
45 34x
05 74x
65 54x
Best: AND-NOT45: 1

OR-NOT
01 110101111 7
12 111110110 7
23 101111111 8
34 111110001 6
45 011011110 6
56 111111111 a
67 110101111 7
70 011011101 6

02 110110111 7
13 101111110 7
24 111111001 7
35 111010001 5
46 111011110 7
57 110101111 7
60 011111101 7
71 011111111 8

03 100111111 7
14 111110001 6
25 111011001 6
36 111010011 6
47 110101110 6
50 111111111 a
61 010101111 6
72 011111111 8

04 111110111 8
15 111010000 4
26 111011011 7
37 111100011 6
40 011011110 6
51 110101111 7
62 010111111 7
73 001111111 7

05 111110111 8
16 111010010 5
27 111101011 7
30 111011001 6
41 010101111 6
52 110111111 8
63 000111111 6
74 111111101 8

06 111110111 8
17 111110010 6
20 111011001 6
31 111101111 8
42 010111110 6
53 100111111 7
64 111111101 8
75 011011101 6

07 110100111 6
10 111011000 5
21 111101111 8
32 111110111 8
43 000111110 5
54 111111111 a
65 011111101 7
76 111011111 8

Matching output
0 absent
1 absent
2 absent
3 absent
4 absent
5 absent
6 absent
7 absent

Left
none
Best: none

Right
none
Best: none

XOR-NOT
01 110001000 3
12 111100110 6
23 101110111 7
34 000110000 2
45 011011110 6
56 011111101 7
67 110001111 6
70 010000101 3

02 110010001 4
13 101101110 6
24 010111000 4
35 100010001 3
46 111011100 6
57 010001101 4
60 011110101 6
71 011110010 5

03 100011001 4
14 010100001 3
25 110011001 5
36 000010011 3
47 110101100 5
50 111110111 8
61 010000010 2
72 011101011 6

04 011010110 5
15 110000000 2
26 010011011 5
37 001100011 4
40 011010110 5
51 110000000 2
62 010011011 5
73 001100011 4

05 111110111 8
16 010000010 2
27 011101011 6
30 100011001 4
41 010100001 3
52 110011001 5
63 000010011 3
74 110101100 5

06 011110101 6
17 011110010 5
20 110010001 4
31 101101110 6
42 010111000 4
53 100010001 3
64 111011100 6
75 010001101 4

07 010000101 3
10 110001000 3
21 111100110 6
32 101110111 7
43 000110000 2
54 011011110 6
65 011111101 7
76 110001111 6

Matching output
0 absent
1 absent
2 absent
3 absent
4 absent
5 absent
6 absent
7 absent

Left
none
Best: none

Right
none
Best: none

Selecting

Lefts
Identity none
NOT none
Constant none
AND AND37 40 51 62 73: 5
OR none
XOR none
AND-NOT none
OR-NOT none
XOR-NOT none

Rights
Identity none
NOT none
Constant C0 0 0: 3
AND AND34: 1
OR none
XOR none
AND-NOT AND-NOT45: 1
OR-NOT none
XOR-NOT none

Left longest: 5
Right longest: 3

Left winner: Identity no, NOT no, Constant no, AND yes, OR no, XOR no, AND-NOT no, OR-NOT no, XOR-NOT no
Right winner: Identity no, NOT no, Constant yes, AND no, OR no, XOR no, AND-NOT no, OR-NOT no, XOR-NOT no

Best left: AND37 40 51 62 73: 5
Best right: C0 0 0: 3

Truncated left: AND37 40 51 62 73: 5
Truncated right: C0 0 0: 3

Tentative from right
7 C0
6 C0
5 C0
4 pending
3 pending
2 pending
1 pending
0 pending

Tentative
0 AND37
1 AND40
2 AND51
3 AND62
4 AND73
5 C0
6 C0
7 C0

Preferred from left
0 AND37
1 AND40
2 AND51
3 AND62
4 AND73
5 C0
6 C0
7 C0

Preferred from right
7 C0
6 C0
5 C0
4 AND73
3 AND62
2 AND51
1 AND40
0 AND37

Preferred
0 AND37
1 AND40
2 AND51
3 AND62
4 AND73
5 C0
6 C0
7 C0

Matching
0 AND37
1 AND40
2 AND51
3 AND62
4 AND73
5 C0
6 C0
7 C0

Perfect match
Identity no
NOT no
Constant no
AND no
OR no
XOR no
AND-NOT no
OR-NOT no
XOR-NOT no

Matched
0 AND37
1 AND40
2 AND51
3 AND62
4 AND73
5 C0
6 C0
7 C0

Selected
0 AND37
1 AND40
2 AND51
3 AND62
4 AND73
5 C0
6 C0
7 C0

Applying to 11100001
Input
0 1
1 1
2 1
3 0
4 0
5 0
6 0
7 1
Output
0 AND37 = AND(0,1) = 0
1 AND40 = AND(0,1) = 0
2 AND51 = AND(0,1) = 0
3 AND62 = AND(0,1) = 0
4 AND73 = AND(1,0) = 0
5 C0 = 0
6 C0 = 0
7 C0 = 0

I will now return the answer in \boxed{}
The answer in \boxed{–} is \boxed{00000000}
[correct]
true
