[category]
bit_manipulation
[prompt]
In Alice's Wonderland, a secret bit manipulation rule transforms 8-bit binary numbers. The transformation involves operations like bit shifts, rotations, XOR, AND, OR, NOT, and possibly majority or choice functions.

Here are some examples of input -> output:
11110100 -> 01011110
11101110 -> 11111101
11110101 -> 01001110
10100101 -> 01000100
00110110 -> 01100110
10101110 -> 11110101
10100010 -> 00110100
01001101 -> 11011001

Now, determine the output for: 01000101
[completion]
We need to deduce the transformation by matching the example outputs.
I will put my final answer inside \boxed{}.

Output 0: 01011110
0 0
1 1
2 0
3 1
4 1
5 1
6 1
7 0

Output 1: 11111101
0 1
1 1
2 1
3 1
4 1
5 1
6 0
7 1

Output 2: 01001110
0 0
1 1
2 0
3 0
4 1
5 1
6 1
7 0

Output 3: 01000100
0 0
1 1
2 0
3 0
4 0
5 1
6 0
7 0

Output 4: 01100110
0 0
1 1
2 1
3 0
4 0
5 1
6 1
7 0

Output 5: 11110101
0 1
1 1
2 1
3 1
4 0
5 1
6 0
7 1

Output 6: 00110100
0 0
1 0
2 1
3 1
4 0
5 1
6 0
7 0

Output 7: 11011001
0 1
1 1
2 0
3 1
4 1
5 0
6 0
7 1

Output bit columns (with bitsum as hash)
0 01000101 3
1 11111101 7
2 01001110 4
3 11000111 5
4 11100001 4
5 11111110 7
6 10101000 3
7 01000101 3

Input 0: 11110100
0 1
1 1
2 1
3 1
4 0
5 1
6 0
7 0

Input 1: 11101110
0 1
1 1
2 1
3 0
4 1
5 1
6 1
7 0

Input 2: 11110101
0 1
1 1
2 1
3 1
4 0
5 1
6 0
7 1

Input 3: 10100101
0 1
1 0
2 1
3 0
4 0
5 1
6 0
7 1

Input 4: 00110110
0 0
1 0
2 1
3 1
4 0
5 1
6 1
7 0

Input 5: 10101110
0 1
1 0
2 1
3 0
4 1
5 1
6 1
7 0

Input 6: 10100010
0 1
1 0
2 1
3 0
4 0
5 0
6 1
7 0

Input 7: 01001101
0 0
1 1
2 0
3 0
4 1
5 1
6 0
7 1

When matching output
x: not in operator
y: wrong position

Identity
0 11110110 6
1 11100001 4 match 4
2 11111110 7 match 5
3 10101000 3 match 6
4 01000101 3 match 0 7
5 11111101 7 match 1
6 01001110 4 match 2
7 00110001 3

Matching output
0 4
1 5
2 6
3 absent
4 1
5 2
6 3
7 4

Left
4 5 6 7x
Best: I4 5 6: 3

Right
4 3 2 1 0x
Best: I4 3 2 1: 4

NOT
0 00001001 2
1 00011110 4
2 00000001 1
3 01010111 5
4 10111010 5
5 00000010 1
6 10110001 4
7 11001110 5

Matching output
0 absent
1 absent
2 absent
3 absent
4 absent
5 absent
6 absent
7 absent

Left
none
Best: none

Right
none
Best: none

Constant
0 00000000 a
1 11111111 a

Matching output
0 absent
1 absent
2 absent
3 absent
4 absent
5 absent
6 absent
7 absent

Left
none
Best: none

Right
none
Best: none

AND
01 10 11100000 3
12 21 11100000 3
23 32 10101000 3 match 6
34 43 00000000 a
45 54 01000101 3 match 0 7
56 65 01001100 3
67 76 00000000 a
70 07 00110000 2

02 20 11110110 6
13 31 10100000 2
24 42 01000100 2
35 53 10101000 3 match 6
46 64 01000100 2
57 75 00110001 3
60 06 01000110 3
71 17 00100001 2

03 30 10100000 2
14 41 01000001 2
25 52 11111100 6
36 63 00001000 1
47 74 00000001 1
50 05 11110100 5
61 16 01000000 1
72 27 00110000 2

04 40 01000100 2
15 51 11100001 4 match 4
26 62 01001110 4 match 2
37 73 00100000 1

Matching output
0 45 54
1 absent
2 26 62
3 absent
4 15 51
5 absent
6 23 32 35 53
7 45 54

Left
45 56x
54 65x
Best: AND45: 1

Right
45 34x
54 43x
Best: AND45: 1

OR
01 10 11110111 7
12 21 11111111 a
23 32 11111110 7 match 5
34 43 11101101 6
45 54 11111101 7 match 1
56 65 11111111 a
67 76 01111111 7
70 07 11110111 7

02 20 11111110 7 match 5
13 31 11101001 5
24 42 11111111 a
35 53 11111101 7 match 1
46 64 01001111 5
57 75 11111101 7 match 1
60 06 11111110 7 match 5
71 17 11110001 5

03 30 11111110 7 match 5
14 41 11100101 5
25 52 11111111 a
36 63 11101110 6
47 74 01110101 5
50 05 11111111 a
61 16 11101111 7
72 27 11111111 a

04 40 11110111 7
15 51 11111101 7 match 1
26 62 11111110 7 match 5
37 73 10111001 5

Matching output
0 absent
1 45 54 35 53 57 75 15 51
2 absent
3 absent
4 absent
5 23 32 02 20 60 06 03 30 26 62
6 absent
7 absent

Left
none
Best: none

Right
none
Best: none

XOR
01 10 00010111 4
12 21 00011111 5
23 32 01010110 4
34 43 11101101 6
45 54 10111000 4
56 65 10110011 5
67 76 01111111 7
70 07 11000111 5 match 3

02 20 00001000 1
13 31 01001001 3
24 42 10111011 6
35 53 01010101 4
46 64 00001011 3
57 75 11001100 4
60 06 10111000 4
71 17 11010000 3

03 30 01011110 5
14 41 10100100 3
25 52 00000011 2
36 63 11100110 5
47 74 01110100 4
50 05 00001011 3
61 16 10101111 6
72 27 11001111 6

04 40 10110011 5
15 51 00011100 3
26 62 10110000 3
37 73 10011001 4

Matching output
0 absent
1 absent
2 absent
3 70 07
4 absent
5 absent
6 absent
7 absent

Left
none
Best: none

Right
none
Best: none

AND-NOT
01 00010110 3
12 00000001 1
23 01010110 4
34 10101000 3 match 6
45 00000000 a
56 10110001 4
67 01001110 4 match 2
70 00000001 1

02 00000000 a
13 01000001 2
24 10111010 5
35 00000000 a
46 00000001 1
57 11001100 4
60 00001000 1
71 00010000 1

03 01010110 4
14 10100000 2
25 00000010 1
36 10100000 2
47 01000100 2
50 00001001 2
61 00001110 3
72 00000001 1

04 10110010 4
15 00000000 a
26 10110000 3
37 10001000 2
40 00000001 1
51 00011100 3
62 00000000 a
73 00010001 2

05 00000010 1
16 10100001 3
27 11001110 5
30 00001000 1
41 00000100 1
52 00000001 1
63 01000110 3
74 00110000 2

06 10110000 3
17 11000000 2
20 00001000 1
31 00001000 1
42 00000001 1
53 01010101 4
64 00001010 2
75 00000000 a

07 11000110 4
10 00000001 1
21 00011110 4
32 00000000 a
43 01000101 3 match 0 7
54 10111000 4
65 00000010 1
76 00110001 3

Matching output
0 43
1 absent
2 67
3 absent
4 absent
5 absent
6 34
7 43

Left
43 54x
Best: AND-NOT43: 1

Right
43 32x
Best: AND-NOT43: 1

OR-NOT
01 11111110 7 match 5
12 11100001 4 match 4
23 11111111 a
34 10111010 5
45 01000111 4
56 11111101 7 match 1
67 11001110 5
70 00111001 4

02 11110111 7
13 11110111 7
24 11111110 7 match 5
35 10101010 4
46 11110101 6
57 11111111 a
60 01001111 5
71 00111111 6

03 11110111 7
14 11111011 7
25 11111110 7 match 5
36 10111001 5
47 11001111 6
50 11111101 7 match 1
61 01011110 5
72 00110001 3

04 11111110 7 match 5
15 11100011 5
26 11111111 a
37 11101110 6
40 01001101 4
51 11111111 a
62 01001111 5
73 01110111 6

05 11110110 6
16 11110001 5
27 11111110 7 match 5
30 10101001 4
41 01011111 6
52 11111101 7 match 1
63 01011111 6
74 10111011 6

06 11110111 7
17 11101111 7
20 11111111 a
31 10111110 6
42 01000101 3 match 0 7
53 11111111 a
64 11111110 7 match 5
75 00110011 4

07 11111110 7 match 5
10 11101001 5
21 11111110 7 match 5
32 10101001 4
43 01010111 5
54 11111111 a
65 01001110 4 match 2
76 10110001 4

Matching output
0 42
1 56 50 52
2 65
3 absent
4 12
5 01 24 25 04 27 64 07 21
6 absent
7 42

Left
42 53x
Best: OR-NOT42: 1

Right
42 31x
Best: OR-NOT42: 1

XOR-NOT
01 11101000 4
12 11100000 3
23 10101001 4
34 00010010 2
45 01000111 4
56 01001100 3
67 10000000 1
70 00111000 3

02 11110111 7
13 10110110 5
24 01000100 2
35 10101010 4
46 11110100 5
57 00110011 4
60 01000111 4
71 00101111 5

03 10100001 3
14 01011011 5
25 11111100 6
36 00011001 3
47 10001011 4
50 11110100 5
61 01010000 2
72 00110000 2

04 01001100 3
15 11100011 5
26 01001111 5
37 01100110 4
40 01001100 3
51 11100011 5
62 01001111 5
73 01100110 4

05 11110100 5
16 01010000 2
27 00110000 2
30 10100001 3
41 01011011 5
52 11111100 6
63 00011001 3
74 10001011 4

06 01000111 4
17 00101111 5
20 11110111 7
31 10110110 5
42 01000100 2
53 10101010 4
64 11110100 5
75 00110011 4

07 00111000 3
10 11101000 4
21 11100000 3
32 10101001 4
43 00010010 2
54 01000111 4
65 01001100 3
76 10000000 1

Matching output
0 absent
1 absent
2 absent
3 absent
4 absent
5 absent
6 absent
7 absent

Left
none
Best: none

Right
none
Best: none

Selecting

Lefts
Identity I4 5 6: 3
NOT none
Constant none
AND AND45: 1
OR none
XOR none
AND-NOT AND-NOT43: 1
OR-NOT OR-NOT42: 1
XOR-NOT none

Rights
Identity I4 3 2 1: 4
NOT none
Constant none
AND AND45: 1
OR none
XOR none
AND-NOT AND-NOT43: 1
OR-NOT OR-NOT42: 1
XOR-NOT none

Left longest: 3
Right longest: 4

Right winner: Identity yes, NOT no, Constant no, AND no, OR no, XOR no, AND-NOT no, OR-NOT no, XOR-NOT no
Left winner: Identity yes, NOT no, Constant no, AND no, OR no, XOR no, AND-NOT no, OR-NOT no, XOR-NOT no

Best right: I4 3 2 1: 4
Best left: I4 5 6: 3

Truncated right: I4 3 2 1: 4
Truncated left: I4 5 6: 3

Tentative from right
7 I4
6 I3
5 I2
4 I1
3 pending
2 pending
1 pending
0 pending

Tentative
0 I4
1 I5
2 I6
3 pending
4 I1
5 I2
6 I3
7 I4

Preferred from right
7 I4
6 I3
5 I2
4 I1
3 ??0
2 I6
1 I5
0 I4

Preferred from left
0 I4
1 I5
2 I6
3 ?70
4 I1
5 I2
6 I3
7 I4

Preferred
0 I4
1 I5
2 I6
3 ?70 ?07
4 I1
5 I2
6 I3
7 I4

Matching
0 I4
1 I5
2 I6
3 ?70 ?07 - Identity absent, NOT absent, Constant absent, AND absent, OR absent, XOR70, AND-NOT absent, OR-NOT absent, XOR-NOT absent
4 I1
5 I2
6 I3
7 I4

Perfect match
Identity no
NOT no
Constant no
AND no
OR no
XOR yes
AND-NOT no
OR-NOT no
XOR-NOT no

Matched
0 I4
1 I5
2 I6
3 XOR70
4 I1
5 I2
6 I3
7 I4

Selected
0 I4
1 I5
2 I6
3 XOR70
4 I1
5 I2
6 I3
7 I4

Applying to 01000101
Input
0 0
1 1
2 0
3 0
4 0
5 1
6 0
7 1
Output
0 I4 = 0
1 I5 = 1
2 I6 = 0
3 XOR70 = XOR(1,0) = 1
4 I1 = 1
5 I2 = 0
6 I3 = 0
7 I4 = 0

I will now return the answer in \boxed{}
The answer in \boxed{–} is \boxed{01011000}
[correct]
true
