[category]
bit_manipulation
[prompt]
In Alice's Wonderland, a secret bit manipulation rule transforms 8-bit binary numbers. The transformation involves operations like bit shifts, rotations, XOR, AND, OR, NOT, and possibly majority or choice functions.

Here are some examples of input -> output:
10000111 -> 01100001
11101010 -> 10111010
10001000 -> 00100010
00000001 -> 11000000
01011001 -> 11010110
11010000 -> 00110100
11001110 -> 10110011
10000110 -> 10100001
01111110 -> 10011111
01101010 -> 10011010

Now, determine the output for: 01001011
[completion]
We need to deduce the transformation by matching the example outputs.
I will put my final answer inside \boxed{}.

Output 0: 01100001
0 0
1 1
2 1
3 0
4 0
5 0
6 0
7 1

Output 1: 10111010
0 1
1 0
2 1
3 1
4 1
5 0
6 1
7 0

Output 2: 00100010
0 0
1 0
2 1
3 0
4 0
5 0
6 1
7 0

Output 3: 11000000
0 1
1 1
2 0
3 0
4 0
5 0
6 0
7 0

Output 4: 11010110
0 1
1 1
2 0
3 1
4 0
5 1
6 1
7 0

Output 5: 00110100
0 0
1 0
2 1
3 1
4 0
5 1
6 0
7 0

Output 6: 10110011
0 1
1 0
2 1
3 1
4 0
5 0
6 1
7 1

Output 7: 10100001
0 1
1 0
2 1
3 0
4 0
5 0
6 0
7 1

Output 8: 10011111
0 1
1 0
2 0
3 1
4 1
5 1
6 1
7 1

Output 9: 10011010
0 1
1 0
2 0
3 1
4 1
5 0
6 1
7 0

Output bit columns (with bitsum as hash)
0 0101101111 7
1 1001100000 3
2 1110011100 6
3 0100111011 6
4 0100000011 3
5 0000110010 3
6 0110101011 6
7 1000001110 4

Input 0: 10000111
0 1
1 0
2 0
3 0
4 0
5 1
6 1
7 1

Input 1: 11101010
0 1
1 1
2 1
3 0
4 1
5 0
6 1
7 0

Input 2: 10001000
0 1
1 0
2 0
3 0
4 1
5 0
6 0
7 0

Input 3: 00000001
0 0
1 0
2 0
3 0
4 0
5 0
6 0
7 1

Input 4: 01011001
0 0
1 1
2 0
3 1
4 1
5 0
6 0
7 1

Input 5: 11010000
0 1
1 1
2 0
3 1
4 0
5 0
6 0
7 0

Input 6: 11001110
0 1
1 1
2 0
3 0
4 1
5 1
6 1
7 0

Input 7: 10000110
0 1
1 0
2 0
3 0
4 0
5 1
6 1
7 0

Input 8: 01111110
0 0
1 1
2 1
3 1
4 1
5 1
6 1
7 0

Input 9: 01101010
0 0
1 1
2 1
3 0
4 1
5 0
6 1
7 0

When matching output
x: not in operator
y: wrong position

Identity
0 1110011100 6 match 2
1 0100111011 6 match 3
2 0100000011 3 match 4
3 0000110010 3 match 5
4 0110101011 6 match 6
5 1000001110 4 match 7
6 1100001111 6
7 1001100000 3 match 1

Matching output
0 absent
1 7
2 0
3 1
4 2
5 3
6 4
7 5

Left
none
Best: none

Right
5 4 3 2 1 0 7 6x
Best: I5 4 3 2 1 0 7: 7

NOT
0 0001100011 4
1 1011000100 4
2 1011111100 7
3 1111001101 7
4 1001010100 4
5 0111110001 6
6 0011110000 4
7 0110011111 7

Matching output
0 absent
1 absent
2 absent
3 absent
4 absent
5 absent
6 absent
7 absent

Left
none
Best: none

Right
none
Best: none

Constant
0 0000000000 a
1 1111111111 a

Matching output
0 absent
1 absent
2 absent
3 absent
4 absent
5 absent
6 absent
7 absent

Left
none
Best: none

Right
none
Best: none

AND
01 10 0100011000 3
12 21 0100000011 3 match 4
23 32 0000000010 1
34 43 0000100010 2
45 54 0000001010 2
56 65 1000001110 4 match 7
67 76 1000000000 1
70 07 1000000000 1

02 20 0100000000 1
13 31 0000110010 3 match 5
24 42 0100000011 3 match 4
35 53 0000000010 1
46 64 0100001011 4
57 75 1000000000 1
60 06 1100001100 4
71 17 0000100000 1

03 30 0000010000 1
14 41 0100101011 5
25 52 0000000010 1
36 63 0000000010 1
47 74 0000100000 1
50 05 1000001100 3
61 16 0100001011 4
72 27 0000000000 a

04 40 0110001000 3
15 51 0000001010 2
26 62 0100000011 3 match 4
37 73 0000100000 1

Matching output
0 absent
1 absent
2 absent
3 absent
4 12 21 24 42 26 62
5 13 31
6 absent
7 56 65

Left
none
Best: none

Right
56 45x
65 54x
Best: AND56: 1

OR
01 10 1110111111 9
12 21 0100111011 6 match 3
23 32 0100110011 5
34 43 0110111011 7
45 54 1110101111 8
56 65 1100001111 6
67 76 1101101111 8
70 07 1111111100 8

02 20 1110011111 8
13 31 0100111011 6 match 3
24 42 0110101011 6 match 6
35 53 1000111110 6
46 64 1110101111 8
57 75 1001101110 6
60 06 1110011111 8
71 17 1101111011 8

03 30 1110111110 8
14 41 0110111011 7
25 52 1100001111 6
36 63 1100111111 8
47 74 1111101011 8
50 05 1110011110 7
61 16 1100111111 8
72 27 1101100011 6

04 40 1110111111 9
15 51 1100111111 8
26 62 1100001111 6
37 73 1001110010 5

Matching output
0 absent
1 absent
2 absent
3 12 21 13 31
4 absent
5 absent
6 24 42
7 absent

Left
none
Best: none

Right
none
Best: none

XOR
01 10 1010100111 6
12 21 0000111000 3
23 32 0100110001 4
34 43 0110011001 5
45 54 1110100101 6
56 65 0100000001 2
67 76 0101101111 7 match 0
70 07 0111111100 7

02 20 1010011111 7
13 31 0100001001 3
24 42 0010101000 3
35 53 1000111100 5
46 64 1010100100 4
57 75 0001101110 5
60 06 0010010011 4
71 17 1101011011 7

03 30 1110101110 7
14 41 0010010000 2
25 52 1100001101 5
36 63 1100111101 7
47 74 1111001011 7
50 05 0110010010 4
61 16 1000110100 4
72 27 1101100011 6

04 40 1000110111 6
15 51 1100110101 6
26 62 1000001100 3
37 73 1001010010 4

Matching output
0 67 76
1 absent
2 absent
3 absent
4 absent
5 absent
6 absent
7 absent

Left
67 70x
76 07x
Best: XOR67: 1

Right
none
Best: none

AND-NOT
01 1010000100 3
12 0000111000 3
23 0100000001 2
34 0000010000 1
45 0110100001 4
56 0000000000 a
67 0100001111 5
70 0001100000 2

02 1010011100 5
13 0100001001 3
24 0000000000 a
35 0000110000 2
46 0010100000 2
57 0000001110 3
60 0000000011 2
71 1001000000 2

03 1110001100 5
14 0000010000 1
25 0100000001 2
36 0000110000 2
47 0110001011 5
50 0000000010 1
61 1000000100 2
72 1001100000 3 match 1

04 1000010100 3
15 0100110001 4
26 0000000000 a
37 0000010010 2
40 0000100011 3
51 1000000100 2
62 1000001100 3
73 1001000000 2

05 0110010000 3
16 0000110000 2
27 0100000011 3 match 4
30 0000100010 2
41 0010000000 1
52 1000001100 3
63 1100001101 5
74 1001000000 2

06 0010010000 2
17 0100011011 5
20 0000000011 2
31 0000000000 a
42 0010101000 3
53 1000001100 3
64 1000000100 2
75 0001100000 2

07 0110011100 5
10 0000100011 3
21 0000000000 a
32 0000110000 2
43 0110001001 4
54 1000000100 2
65 0100000001 2
76 0001100000 2

Matching output
0 absent
1 72
2 absent
3 absent
4 27
5 absent
6 absent
7 absent

Left
none
Best: none

Right
none
Best: none

OR-NOT
01 1111011100 7
12 1111111111 a
23 1111001111 8
34 1001110110 6
45 0111111011 8
56 1011111110 8
67 1110011111 8
70 1001100011 5

02 1111111100 8
13 1111111111 a
24 1101010111 7
35 0111110011 7
46 0111111011 8
57 1110011111 8
60 1101101111 8
71 1011100100 5

03 1111011101 8
14 1101111111 9
25 0111110011 7
36 0011110010 5
47 0110111111 8
50 1001101111 7
61 1111001111 8
72 1011111100 7

04 1111011100 7
15 0111111011 8
26 0111110011 7
37 0110111111 8
40 0111101011 7
51 1011001110 6
62 1111111111 a
73 1111101101 8

05 1111111101 9
16 0111111011 8
27 0110011111 7
30 0001110011 5
41 1111101111 9
52 1011111110 8
63 1111001111 8
74 1001110100 5

06 1111111100 8
17 0110111111 8
20 0101100011 5
31 1011110110 7
42 1111111111 a
53 1111001111 8
64 1101011111 8
75 1111110001 7

07 1110011111 8
10 0101111011 7
21 1111000111 7
32 1011111110 8
43 1111101111 9
54 1001011110 6
65 1111111111 a
76 1011110000 5

Matching output
0 absent
1 absent
2 absent
3 absent
4 absent
5 absent
6 absent
7 absent

Left
none
Best: none

Right
none
Best: none

XOR-NOT
01 0101011000 4
12 1111000111 7
23 1011001110 6
34 1001100110 5
45 0001011010 4
56 1011111110 8
67 1010010000 3
70 1000000011 3

02 0101100000 3
13 1011110110 7
24 1101010111 7
35 0111000011 5
46 0101011011 6
57 1110010001 5
60 1101101100 6
71 0010100100 3

03 0001010001 3
14 1101101111 8
25 0011110010 5
36 0011000010 3
47 0000110100 3
50 1001101101 6
61 0111001011 6
72 0010011100 4

04 0111001000 4
15 0011001010 4
26 0111110011 7
37 0110101101 6
40 0111001000 4
51 0011001010 4
62 0111110011 7
73 0110101101 6

05 1001101101 6
16 0111001011 6
27 0010011100 4
30 0001010001 3
41 1101101111 8
52 0011110010 5
63 0011000010 3
74 0000110100 3

06 1101101100 6
17 0010100100 3
20 0101100000 3
31 1011110110 7
42 1101010111 7
53 0111000011 5
64 0101011011 6
75 1110010001 5

07 1000000011 3
10 0101011000 4
21 1111000111 7
32 1011001110 6
43 1001100110 5
54 0001011010 4
65 1011111110 8
76 1010010000 3

Matching output
0 absent
1 absent
2 absent
3 absent
4 absent
5 absent
6 absent
7 absent

Left
none
Best: none

Right
none
Best: none

Selecting

Lefts
Identity none
NOT none
Constant none
AND none
OR none
XOR XOR67: 1
AND-NOT none
OR-NOT none
XOR-NOT none

Rights
Identity I5 4 3 2 1 0 7: 7
NOT none
Constant none
AND AND56: 1
OR none
XOR none
AND-NOT none
OR-NOT none
XOR-NOT none

Left longest: 1
Right longest: 7

Right winner: Identity yes, NOT no, Constant no, AND no, OR no, XOR no, AND-NOT no, OR-NOT no, XOR-NOT no
Left winner: Identity no, NOT no, Constant no, AND no, OR no, XOR yes, AND-NOT no, OR-NOT no, XOR-NOT no

Best right: I5 4 3 2 1 0 7: 7
Best left: XOR67: 1

Truncated right: I5 4 3 2 1 0 7: 7
Truncated left: XOR67: 1

Tentative from right
7 I5
6 I4
5 I3
4 I2
3 I1
2 I0
1 I7
0 pending

Tentative
0 XOR67
1 I7
2 I0
3 I1
4 I2
5 I3
6 I4
7 I5

Preferred from right
7 I5
6 I4
5 I3
4 I2
3 I1
2 I0
1 I7
0 XOR67

Preferred from left
0 XOR67
1 I7
2 I0
3 I1
4 I2
5 I3
6 I4
7 I5

Preferred
0 XOR67
1 I7
2 I0
3 I1
4 I2
5 I3
6 I4
7 I5

Matching
0 XOR67
1 I7
2 I0
3 I1
4 I2
5 I3
6 I4
7 I5

Perfect match
Identity no
NOT no
Constant no
AND no
OR no
XOR no
AND-NOT no
OR-NOT no
XOR-NOT no

Matched
0 XOR67
1 I7
2 I0
3 I1
4 I2
5 I3
6 I4
7 I5

Selected
0 XOR67
1 I7
2 I0
3 I1
4 I2
5 I3
6 I4
7 I5

Applying to 01001011
Input
0 0
1 1
2 0
3 0
4 1
5 0
6 1
7 1
Output
0 XOR67 = XOR(1,1) = 0
1 I7 = 1
2 I0 = 0
3 I1 = 1
4 I2 = 0
5 I3 = 0
6 I4 = 1
7 I5 = 0

I will now return the answer in \boxed{}
The answer in \boxed{–} is \boxed{01010010}
[correct]
true
