[category]
bit_manipulation
[prompt]
In Alice's Wonderland, a secret bit manipulation rule transforms 8-bit binary numbers. The transformation involves operations like bit shifts, rotations, XOR, AND, OR, NOT, and possibly majority or choice functions.

Here are some examples of input -> output:
01100010 -> 10000110
00100101 -> 01000010
10111010 -> 10001011
01000010 -> 10000100
00110011 -> 11000011
00001001 -> 01000000
10001001 -> 01001000
00011101 -> 01000001
01001001 -> 01000100

Now, determine the output for: 01101001
[completion]
We need to deduce the transformation by matching the example outputs.
I will put my final answer inside \boxed{}.

Output 0: 10000110
0 1
1 0
2 0
3 0
4 0
5 1
6 1
7 0

Output 1: 01000010
0 0
1 1
2 0
3 0
4 0
5 0
6 1
7 0

Output 2: 10001011
0 1
1 0
2 0
3 0
4 1
5 0
6 1
7 1

Output 3: 10000100
0 1
1 0
2 0
3 0
4 0
5 1
6 0
7 0

Output 4: 11000011
0 1
1 1
2 0
3 0
4 0
5 0
6 1
7 1

Output 5: 01000000
0 0
1 1
2 0
3 0
4 0
5 0
6 0
7 0

Output 6: 01001000
0 0
1 1
2 0
3 0
4 1
5 0
6 0
7 0

Output 7: 01000001
0 0
1 1
2 0
3 0
4 0
5 0
6 0
7 1

Output 8: 01000100
0 0
1 1
2 0
3 0
4 0
5 1
6 0
7 0

Output bit columns (with bitsum as hash)
0 101110000 4
1 010011111 6
2 000000000 a
3 000000000 a
4 001000100 2
5 100100001 3
6 111010000 4
7 001010010 3

Input 0: 01100010
0 0
1 1
2 1
3 0
4 0
5 0
6 1
7 0

Input 1: 00100101
0 0
1 0
2 1
3 0
4 0
5 1
6 0
7 1

Input 2: 10111010
0 1
1 0
2 1
3 1
4 1
5 0
6 1
7 0

Input 3: 01000010
0 0
1 1
2 0
3 0
4 0
5 0
6 1
7 0

Input 4: 00110011
0 0
1 0
2 1
3 1
4 0
5 0
6 1
7 1

Input 5: 00001001
0 0
1 0
2 0
3 0
4 1
5 0
6 0
7 1

Input 6: 10001001
0 1
1 0
2 0
3 0
4 1
5 0
6 0
7 1

Input 7: 00011101
0 0
1 0
2 0
3 1
4 1
5 1
6 0
7 1

Input 8: 01001001
0 0
1 1
2 0
3 0
4 1
5 0
6 0
7 1

When matching output
x: not in operator
y: wrong position

Identity
0 001000100 2 match 4
1 100100001 3 match 5
2 111010000 4 match 6
3 001010010 3 match 7
4 001001111 5
5 010000010 2
6 101110000 4 match 0
7 010011111 6 match 1

Matching output
0 6
1 7
2 absent
3 absent
4 0
5 1
6 2
7 3

Left
6 7 0y
Best: I6 7: 2

Right
3 2 1 0 7y
Best: I3 2 1 0: 4

NOT
0 110111011 7
1 011011110 6
2 000101111 5
3 110101101 6
4 110110000 4
5 101111101 7
6 010001111 5
7 101100000 3

Matching output
0 absent
1 absent
2 absent
3 absent
4 absent
5 absent
6 absent
7 absent

Left
none
Best: none

Right
none
Best: none

Constant
0 000000000 a match 2 3
1 111111111 a

Matching output
0 absent
1 absent
2 C0
3 C0
4 absent
5 absent
6 absent
7 absent

Left
none
Best: none

Right
none
Best: none

AND
01 10 000000000 a match 2 3
12 21 100000000 1
23 32 001010000 2
34 43 001000010 2
45 54 000000010 1
56 65 000000000 a match 2 3
67 76 000010000 1
70 07 000000100 1

02 20 001000000 1
13 31 000000000 a match 2 3
24 42 001000000 1
35 53 000000010 1
46 64 001000000 1
57 75 010000010 2
60 06 001000000 1
71 17 000000001 1

03 30 001000000 1
14 41 000000001 1
25 52 010000000 1
36 63 001010000 2
47 74 000001111 4
50 05 000000000 a match 2 3
61 16 100100000 2
72 27 010010000 2

04 40 001000100 2 match 4
15 51 000000000 a match 2 3
26 62 101010000 3
37 73 000010010 2

Matching output
0 absent
1 absent
2 01 10 56 65 13 31 50 05 15 51
3 01 10 56 65 13 31 50 05 15 51
4 04 40
5 absent
6 absent
7 absent

Left
none
Best: none

Right
none
Best: none

OR
01 10 101100101 5
12 21 111110001 6
23 32 111010010 5
34 43 001011111 6
45 54 011001111 6
56 65 111110010 6
67 76 111111111 a
70 07 011011111 7

02 20 111010100 5
13 31 101110011 6
24 42 111011111 8
35 53 011010010 4
46 64 101111111 8
57 75 010011111 6 match 1
60 06 101110100 5
71 17 110111111 8

03 30 001010110 4
14 41 101101111 7
25 52 111010010 5
36 63 101110010 5
47 74 011011111 7
50 05 011000110 4
61 16 101110001 5
72 27 111011111 8

04 40 001001111 5
15 51 110100011 5
26 62 111110000 5
37 73 011011111 7

Matching output
0 absent
1 57 75
2 absent
3 absent
4 absent
5 absent
6 absent
7 absent

Left
none
Best: none

Right
none
Best: none

XOR
01 10 101100101 5
12 21 011110001 5
23 32 110000010 3
34 43 000011101 4
45 54 011001101 5
56 65 111110010 6
67 76 111101111 8
70 07 011011011 6

02 20 110010100 4
13 31 101110011 6
24 42 110011111 7
35 53 011010000 3
46 64 100111111 7
57 75 000011101 4
60 06 100110100 4
71 17 110111110 7

03 30 000010110 3
14 41 101101110 6
25 52 101010010 4
36 63 100100010 3
47 74 011010000 3
50 05 011000110 4
61 16 001010001 3
72 27 101001111 6

04 40 000001011 3
15 51 110100011 5
26 62 010100000 2
37 73 011001101 5

Matching output
0 absent
1 absent
2 absent
3 absent
4 absent
5 absent
6 absent
7 absent

Left
none
Best: none

Right
none
Best: none

AND-NOT
01 001000100 2 match 4
12 000100001 2
23 110000000 2
34 000010000 1
45 001001101 4
56 010000010 2
67 101100000 3
70 010011011 5

02 000000100 1
13 100100001 3 match 5
24 110010000 3
35 001010000 2
46 000001111 4
57 000000000 a match 2 3
60 100110000 3
71 010011110 5

03 000000100 1
14 100100000 2
25 101010000 3
36 000000010 1
47 001000000 1
50 010000010 2
61 001010000 2
72 000001111 4

04 000000000 a match 2 3
15 100100001 3 match 5
26 010000000 1
37 001000000 1
40 000001011 3
51 010000010 2
62 000100000 1
73 010001101 4

05 001000100 2 match 4
16 000000001 1
27 101000000 2
30 000010010 2
41 001001110 4
52 000000010 1
63 100100000 2
74 010010000 2

06 000000100 1
17 100100000 2
20 110010000 3
31 001010010 3 match 7
42 000001111 4
53 010000000 1
64 100110000 3
75 000011101 4

07 001000000 1
10 100100001 3 match 5
21 011010000 3
32 000000010 1
43 000001101 3
54 010000000 1
65 101110000 4 match 0
76 010001111 5

Matching output
0 65
1 absent
2 57 04
3 57 04
4 01 05
5 13 15 10
6 absent
7 31

Left
65 76x
Best: AND-NOT65: 1

Right
31 20x
Best: AND-NOT31: 1

OR-NOT
01 011011110 6
12 100101111 6
23 111111101 8
34 111110010 6
45 101111111 8
56 010001111 5
67 101110000 4 match 0
70 110111111 8

02 001101111 6
13 110101101 6
24 111110000 5
35 101111111 8
46 011001111 6
57 111100010 5
60 111111011 8
71 011011111 7

03 111101101 7
14 110110001 5
25 111111101 8
36 011011111 7
47 101101111 7
50 110111011 7
61 111111110 8
72 010111111 7

04 111110100 6
15 101111101 7
26 111011111 8
37 101110010 5
40 111111111 a
51 011011110 6
62 101111111 8
73 110111111 8

05 101111101 7
16 110101111 7
27 111110000 5
30 111111011 8
41 011011111 7
52 010101111 6
63 111111101 8
74 110111111 8

06 011001111 6
17 101100001 4
20 111111011 8
31 011011110 6
42 001101111 6
53 110101111 7
64 111110000 5
75 111111111 a

07 101100100 4
10 110111011 7
21 111011110 7
32 001111111 7
43 111101111 8
54 110110010 5
65 101111101 7
76 010011111 6 match 1

Matching output
0 67
1 76
2 absent
3 absent
4 absent
5 absent
6 absent
7 absent

Left
67 70x
Best: OR-NOT67: 1

Right
none
Best: none

XOR-NOT
01 010011010 4
12 100001110 4
23 001111101 6
34 111100010 5
45 100110010 4
56 000001101 3
67 000010000 1
70 100100100 3

02 001101011 5
13 010001100 3
24 001100000 2
35 100101111 6
46 011000000 2
57 111100010 5
60 011001011 5
71 001000001 2

03 111101001 6
14 010010001 3
25 010101101 5
36 011011101 6
47 100101111 6
50 100111001 5
61 110101110 6
72 010110000 3

04 111110100 6
15 001011100 4
26 101011111 7
37 100110010 4
40 111110100 6
51 001011100 4
62 101011111 7
73 100110010 4

05 100111001 5
16 110101110 6
27 010110000 3
30 111101001 6
41 010010001 3
52 010101101 5
63 011011101 6
74 100101111 6

06 011001011 5
17 001000001 2
20 001101011 5
31 010001100 3
42 001100000 2
53 100101111 6
64 011000000 2
75 111100010 5

07 100100100 3
10 010011010 4
21 100001110 4
32 001111101 6
43 111100010 5
54 100110010 4
65 000001101 3
76 000010000 1

Matching output
0 absent
1 absent
2 absent
3 absent
4 absent
5 absent
6 absent
7 absent

Left
none
Best: none

Right
none
Best: none

Selecting

Lefts
Identity I6 7: 2
NOT none
Constant none
AND none
OR none
XOR none
AND-NOT AND-NOT65: 1
OR-NOT OR-NOT67: 1
XOR-NOT none

Rights
Identity I3 2 1 0: 4
NOT none
Constant none
AND none
OR none
XOR none
AND-NOT AND-NOT31: 1
OR-NOT none
XOR-NOT none

Left longest: 2
Right longest: 4

Right winner: Identity yes, NOT no, Constant no, AND no, OR no, XOR no, AND-NOT no, OR-NOT no, XOR-NOT no
Left winner: Identity yes, NOT no, Constant no, AND no, OR no, XOR no, AND-NOT no, OR-NOT no, XOR-NOT no

Best right: I3 2 1 0: 4
Best left: I6 7: 2

Truncated right: I3 2 1 0: 4
Truncated left: I6 7: 2

Tentative from right
7 I3
6 I2
5 I1
4 I0
3 pending
2 pending
1 pending
0 pending

Tentative
0 I6
1 I7
2 pending
3 pending
4 I0
5 I1
6 I2
7 I3

Preferred from right
7 I3
6 I2
5 I1
4 I0
3 ??7
2 ??6
1 I7
0 I6

Preferred from left
0 I6
1 I7
2 ?06
3 ?17
4 I0
5 I1
6 I2
7 I3

Preferred
0 I6
1 I7
2 ?06 ?60
3 ?17 ?71
4 I0
5 I1
6 I2
7 I3

Matching
0 I6
1 I7
2 ?06 ?60 - Identity absent, NOT absent, Constant C0, AND absent, OR absent, XOR absent, AND-NOT absent, OR-NOT absent, XOR-NOT absent
3 ?17 ?71 - Identity absent, NOT absent, Constant C0, AND absent, OR absent, XOR absent, AND-NOT absent, OR-NOT absent, XOR-NOT absent
4 I0
5 I1
6 I2
7 I3

Perfect match
Identity no
NOT no
Constant yes
AND no
OR no
XOR no
AND-NOT no
OR-NOT no
XOR-NOT no

Matched
0 I6
1 I7
2 C0
3 C0
4 I0
5 I1
6 I2
7 I3

Selected
0 I6
1 I7
2 C0
3 C0
4 I0
5 I1
6 I2
7 I3

Applying to 01101001
Input
0 0
1 1
2 1
3 0
4 1
5 0
6 0
7 1
Output
0 I6 = 0
1 I7 = 1
2 C0 = 0
3 C0 = 0
4 I0 = 0
5 I1 = 1
6 I2 = 1
7 I3 = 0

I will now return the answer in \boxed{}
The answer in \boxed{–} is \boxed{01000110}
[correct]
true
