[category]
bit_manipulation
[prompt]
In Alice's Wonderland, a secret bit manipulation rule transforms 8-bit binary numbers. The transformation involves operations like bit shifts, rotations, XOR, AND, OR, NOT, and possibly majority or choice functions.

Here are some examples of input -> output:
10001110 -> 00001000
00101011 -> 10000010
00010100 -> 00000001
00101100 -> 00000010
11111001 -> 10001111
01010111 -> 10000101
01111100 -> 00000111
11000010 -> 00001100
11100010 -> 00001110

Now, determine the output for: 00100110
[completion]
We need to deduce the transformation by matching the example outputs.
I will put my final answer inside \boxed{}.

Output 0: 00001000
0 0
1 0
2 0
3 0
4 1
5 0
6 0
7 0

Output 1: 10000010
0 1
1 0
2 0
3 0
4 0
5 0
6 1
7 0

Output 2: 00000001
0 0
1 0
2 0
3 0
4 0
5 0
6 0
7 1

Output 3: 00000010
0 0
1 0
2 0
3 0
4 0
5 0
6 1
7 0

Output 4: 10001111
0 1
1 0
2 0
3 0
4 1
5 1
6 1
7 1

Output 5: 10000101
0 1
1 0
2 0
3 0
4 0
5 1
6 0
7 1

Output 6: 00000111
0 0
1 0
2 0
3 0
4 0
5 1
6 1
7 1

Output 7: 00001100
0 0
1 0
2 0
3 0
4 1
5 1
6 0
7 0

Output 8: 00001110
0 0
1 0
2 0
3 0
4 1
5 1
6 1
7 0

Output bit columns (with bitsum as hash)
0 010011000 3
1 000000000 a
2 000000000 a
3 000000000 a
4 100010011 4
5 000011111 5
6 010110101 5
7 001011100 4

Input 0: 10001110
0 1
1 0
2 0
3 0
4 1
5 1
6 1
7 0

Input 1: 00101011
0 0
1 0
2 1
3 0
4 1
5 0
6 1
7 1

Input 2: 00010100
0 0
1 0
2 0
3 1
4 0
5 1
6 0
7 0

Input 3: 00101100
0 0
1 0
2 1
3 0
4 1
5 1
6 0
7 0

Input 4: 11111001
0 1
1 1
2 1
3 1
4 1
5 0
6 0
7 1

Input 5: 01010111
0 0
1 1
2 0
3 1
4 0
5 1
6 1
7 1

Input 6: 01111100
0 0
1 1
2 1
3 1
4 1
5 1
6 0
7 0

Input 7: 11000010
0 1
1 1
2 0
3 0
4 0
5 0
6 1
7 0

Input 8: 11100010
0 1
1 1
2 1
3 0
4 0
5 0
6 1
7 0

When matching output
x: not in operator
y: wrong position

Identity
0 100010011 4 match 4
1 000011111 5 match 5
2 010110101 5 match 6
3 001011100 4 match 7
4 110110100 5
5 101101100 5
6 110001011 5
7 010011000 3 match 0

Matching output
0 7
1 absent
2 absent
3 absent
4 0
5 1
6 2
7 3

Left
7 0y
Best: I7: 1

Right
3 2 1 0 7y
Best: I3 2 1 0: 4

NOT
0 011101100 5
1 111100000 4
2 101001010 4
3 110100011 5
4 001001011 4
5 010010011 4
6 001110100 4
7 101100111 6

Matching output
0 absent
1 absent
2 absent
3 absent
4 absent
5 absent
6 absent
7 absent

Left
none
Best: none

Right
none
Best: none

Constant
0 000000000 a match 1 2 3
1 111111111 a

Matching output
0 absent
1 C0
2 C0
3 C0
4 absent
5 absent
6 absent
7 absent

Left
none
Best: none

Right
none
Best: none

AND
01 10 000010011 3
12 21 000010101 3
23 32 000010100 2
34 43 000010100 2
45 54 100100100 3
56 65 100001000 2
67 76 010001000 2
70 07 000010000 1

02 20 000010001 2
13 31 000011100 3
24 42 010110100 4
35 53 001001100 3
46 64 110000000 2
57 75 000001000 1
60 06 100000011 3
71 17 000011000 2

03 30 000010000 1
14 41 000010100 2
25 52 000100100 2
36 63 000001000 1
47 74 010010000 2
50 05 100000000 1
61 16 000001011 3
72 27 010010000 2

04 40 100010000 2
15 51 000001100 2
26 62 010000001 2
37 73 000011000 2

Matching output
0 absent
1 absent
2 absent
3 absent
4 absent
5 absent
6 absent
7 absent

Left
none
Best: none

Right
none
Best: none

OR
01 10 100011111 6
12 21 010111111 7
23 32 011111101 7
34 43 111111100 7
45 54 111111100 7
56 65 111101111 8
67 76 110011011 6
70 07 110011011 6

02 20 110110111 7
13 31 001011111 6
24 42 110110101 6
35 53 101111100 6
46 64 110111111 8
57 75 111111100 7
60 06 110011011 6
71 17 010011111 6

03 30 101011111 7
14 41 110111111 8
25 52 111111101 8
36 63 111011111 8
47 74 110111100 6
50 05 101111111 8
61 16 110011111 7
72 27 010111101 6

04 40 110110111 7
15 51 101111111 8
26 62 110111111 8
37 73 011011100 5

Matching output
0 absent
1 absent
2 absent
3 absent
4 absent
5 absent
6 absent
7 absent

Left
none
Best: none

Right
none
Best: none

XOR
01 10 100001100 3
12 21 010101010 4
23 32 011101001 5
34 43 111101000 5
45 54 011011000 4
56 65 011100111 6
67 76 100010011 4 match 4
70 07 110001011 5

02 20 110100110 5
13 31 001000011 3
24 42 100000001 2
35 53 100110000 3
46 64 000111111 6
57 75 111110100 6
60 06 010011000 3 match 0
71 17 010000111 4

03 30 101001111 6
14 41 110101011 6
25 52 111011001 6
36 63 111010111 7
47 74 100101100 4
50 05 001111111 7
61 16 110010100 4
72 27 000101101 4

04 40 010100111 5
15 51 101110011 6
26 62 100111110 6
37 73 011000100 3

Matching output
0 60 06
1 absent
2 absent
3 absent
4 67 76
5 absent
6 absent
7 absent

Left
60 71x
06 17x
Best: XOR60: 1

Right
none
Best: none

AND-NOT
01 100000000 1
12 000001010 2
23 010100001 3
34 001001000 2
45 010010000 2
56 001100100 3
67 100000011 3
70 010001000 2

02 100000010 2
13 000000011 2
24 000000001 1
35 000010000 1
46 000110100 3
57 101100100 4
60 010001000 2
71 010000000 1

03 100000011 3
14 000001011 3
25 010010001 3
36 001010100 3
47 100100100 3
50 001101100 4
61 110000000 2
72 000001000 1

04 000000011 2
15 000010011 3
26 000110100 3
37 001000100 2
40 010100100 3
51 101100000 3
62 100001010 3
73 010000000 1

05 000010011 3
16 000010100 2
27 000100101 3
30 001001100 3
41 110100000 3
52 101001000 3
63 110000011 4
74 000001000 1

06 000010000 1
17 000000111 3
20 010100100 3
31 001000000 1
42 100000000 1
53 100100000 2
64 000001011 3
75 010010000 2

07 100000011 3
10 000001100 2
21 010100000 2
32 001001000 2
43 110100000 3
54 001001000 2
65 010000011 3
76 000010000 1

Matching output
0 absent
1 absent
2 absent
3 absent
4 absent
5 absent
6 absent
7 absent

Left
none
Best: none

Right
none
Best: none

OR-NOT
01 111110011 7
12 101011111 7
23 110110111 7
34 001011111 6
45 110110111 7
56 101111100 6
67 111101111 8
70 011111100 6

02 101011011 6
13 110111111 8
24 011111111 8
35 011011111 7
46 111110100 6
57 101101111 7
60 111101111 8
71 111111000 6

03 110110011 6
14 001011111 6
25 010110111 6
36 001111100 5
47 111110111 8
50 111101100 6
61 111101011 7
72 111011010 6

04 101011011 6
15 010011111 6
26 011110101 6
37 101111111 8
40 111111100 7
51 111101100 6
62 111001011 6
73 110111011 7

05 110010011 5
16 001111111 7
27 111110111 8
30 011111100 6
41 111110100 6
52 101101110 6
63 110101011 6
74 011011011 6

06 101110111 7
17 101111111 8
20 011111101 7
31 111111100 7
42 111111110 8
53 111101111 8
64 111001011 6
75 010011011 5

07 101110111 7
10 011111111 8
21 111110101 7
32 101011110 6
43 110110111 7
54 101101111 7
65 110011011 6
76 011111100 6

Matching output
0 absent
1 absent
2 absent
3 absent
4 absent
5 absent
6 absent
7 absent

Left
none
Best: none

Right
none
Best: none

XOR-NOT
01 011110011 6
12 101010101 5
23 100010110 4
34 000010111 4
45 100100111 5
56 100011000 3
67 011101100 5
70 001110100 4

02 001011001 4
13 110111100 6
24 011111110 7
35 011001111 6
46 111000000 3
57 000001011 3
60 101100111 6
71 101111000 5

03 010110000 3
14 001010100 3
25 000100110 3
36 000101000 2
47 011010011 5
50 110000000 2
61 001101011 5
72 111010010 5

04 101011000 4
15 010001100 3
26 011000001 3
37 100111011 6
40 101011000 4
51 010001100 3
62 011000001 3
73 100111011 6

05 110000000 2
16 001101011 5
27 111010010 5
30 010110000 3
41 001010100 3
52 000100110 3
63 000101000 2
74 011010011 5

06 101100111 6
17 101111000 5
20 001011001 4
31 110111100 6
42 011111110 7
53 011001111 6
64 111000000 3
75 000001011 3

07 001110100 4
10 011110011 6
21 101010101 5
32 100010110 4
43 000010111 4
54 100100111 5
65 100011000 3
76 011101100 5

Matching output
0 absent
1 absent
2 absent
3 absent
4 absent
5 absent
6 absent
7 absent

Left
none
Best: none

Right
none
Best: none

Selecting

Lefts
Identity I7: 1
NOT none
Constant none
AND none
OR none
XOR XOR60: 1
AND-NOT none
OR-NOT none
XOR-NOT none

Rights
Identity I3 2 1 0: 4
NOT none
Constant none
AND none
OR none
XOR none
AND-NOT none
OR-NOT none
XOR-NOT none

Left longest: 1
Right longest: 4

Right winner: Identity yes, NOT no, Constant no, AND no, OR no, XOR no, AND-NOT no, OR-NOT no, XOR-NOT no
Left winner: Identity yes, NOT no, Constant no, AND no, OR no, XOR no, AND-NOT no, OR-NOT no, XOR-NOT no

Best right: I3 2 1 0: 4
Best left: I7: 1

Truncated right: I3 2 1 0: 4
Truncated left: I7: 1

Tentative from right
7 I3
6 I2
5 I1
4 I0
3 pending
2 pending
1 pending
0 pending

Tentative
0 I7
1 pending
2 pending
3 pending
4 I0
5 I1
6 I2
7 I3

Preferred from right
7 I3
6 I2
5 I1
4 I0
3 ??7
2 ??6
1 ??5
0 I7

Preferred from left
0 I7
1 ?05
2 ?16
3 ?27
4 I0
5 I1
6 I2
7 I3

Preferred
0 I7
1 ?05 ?50
2 ?16 ?61
3 ?27 ?72
4 I0
5 I1
6 I2
7 I3

Matching
0 I7
1 ?05 ?50 - Identity absent, NOT absent, Constant C0, AND absent, OR absent, XOR absent, AND-NOT absent, OR-NOT absent, XOR-NOT absent
2 ?16 ?61 - Identity absent, NOT absent, Constant C0, AND absent, OR absent, XOR absent, AND-NOT absent, OR-NOT absent, XOR-NOT absent
3 ?27 ?72 - Identity absent, NOT absent, Constant C0, AND absent, OR absent, XOR absent, AND-NOT absent, OR-NOT absent, XOR-NOT absent
4 I0
5 I1
6 I2
7 I3

Perfect match
Identity no
NOT no
Constant yes
AND no
OR no
XOR no
AND-NOT no
OR-NOT no
XOR-NOT no

Matched
0 I7
1 C0
2 C0
3 C0
4 I0
5 I1
6 I2
7 I3

Selected
0 I7
1 C0
2 C0
3 C0
4 I0
5 I1
6 I2
7 I3

Applying to 00100110
Input
0 0
1 0
2 1
3 0
4 0
5 1
6 1
7 0
Output
0 I7 = 0
1 C0 = 0
2 C0 = 0
3 C0 = 0
4 I0 = 0
5 I1 = 0
6 I2 = 1
7 I3 = 0

I will now return the answer in \boxed{}
The answer in \boxed{–} is \boxed{00000010}
[correct]
true
