[category]
bit_manipulation
[prompt]
In Alice's Wonderland, a secret bit manipulation rule transforms 8-bit binary numbers. The transformation involves operations like bit shifts, rotations, XOR, AND, OR, NOT, and possibly majority or choice functions.

Here are some examples of input -> output:
00001101 -> 00000000
10100011 -> 00000000
11101011 -> 00000000
00001110 -> 00000000
01110011 -> 10000000
00110000 -> 00000000
10110101 -> 10000000

Now, determine the output for: 00111001
[completion]
We need to deduce the transformation by matching the example outputs.
I will put my final answer inside \boxed{}.

Output 0: 00000000
0 0
1 0
2 0
3 0
4 0
5 0
6 0
7 0

Output 1: 00000000
0 0
1 0
2 0
3 0
4 0
5 0
6 0
7 0

Output 2: 00000000
0 0
1 0
2 0
3 0
4 0
5 0
6 0
7 0

Output 3: 00000000
0 0
1 0
2 0
3 0
4 0
5 0
6 0
7 0

Output 4: 10000000
0 1
1 0
2 0
3 0
4 0
5 0
6 0
7 0

Output 5: 00000000
0 0
1 0
2 0
3 0
4 0
5 0
6 0
7 0

Output 6: 10000000
0 1
1 0
2 0
3 0
4 0
5 0
6 0
7 0

Output bit columns (with bitsum as hash)
0 0000101 2
1 0000000 a
2 0000000 a
3 0000000 a
4 0000000 a
5 0000000 a
6 0000000 a
7 0000000 a

Input 0: 00001101
0 0
1 0
2 0
3 0
4 1
5 1
6 0
7 1

Input 1: 10100011
0 1
1 0
2 1
3 0
4 0
5 0
6 1
7 1

Input 2: 11101011
0 1
1 1
2 1
3 0
4 1
5 0
6 1
7 1

Input 3: 00001110
0 0
1 0
2 0
3 0
4 1
5 1
6 1
7 0

Input 4: 01110011
0 0
1 1
2 1
3 1
4 0
5 0
6 1
7 1

Input 5: 00110000
0 0
1 0
2 1
3 1
4 0
5 0
6 0
7 0

Input 6: 10110101
0 1
1 0
2 1
3 1
4 0
5 1
6 0
7 1

When matching output
x: not in operator
y: wrong position

Identity
0 0110001 3
1 0010100 2
2 0110111 5
3 0000111 3
4 1011000 3
5 1001001 3
6 0111100 4
7 1110101 5

Matching output
0 absent
1 absent
2 absent
3 absent
4 absent
5 absent
6 absent
7 absent

Left
none
Best: none

Right
none
Best: none

NOT
0 1001110 4
1 1101011 5
2 1001000 2
3 1111000 4
4 0100111 4
5 0110110 4
6 1000011 3
7 0001010 2

Matching output
0 absent
1 absent
2 absent
3 absent
4 absent
5 absent
6 absent
7 absent

Left
none
Best: none

Right
none
Best: none

Constant
0 0000000 a match 1 2 3 4 5 6 7
1 1111111 a

Matching output
0 absent
1 C0
2 C0
3 C0
4 C0
5 C0
6 C0
7 C0

Left
none
Best: none

Right
0 0 0 0 0 0 0
Best: C0 0 0 0 0 0 0: 7

AND
01 10 0010000 1
12 21 0010100 2
23 32 0000111 3
34 43 0000000 a match 1 2 3 4 5 6 7
45 54 1001000 2
56 65 0001000 1
67 76 0110100 3
70 07 0110001 3

02 20 0110001 3
13 31 0000100 1
24 42 0010000 1
35 53 0000001 1
46 64 0011000 2
57 75 1000001 2
60 06 0110000 2
71 17 0010100 2

03 30 0000001 1
14 41 0010000 1
25 52 0000001 1
36 63 0000100 1
47 74 1010000 2
50 05 0000001 1
61 16 0010100 2
72 27 0110101 4

04 40 0010000 1
15 51 0000000 a match 1 2 3 4 5 6 7
26 62 0110100 3
37 73 0000101 2 match 0

Matching output
0 37 73
1 34 43 15 51
2 34 43 15 51
3 34 43 15 51
4 34 43 15 51
5 34 43 15 51
6 34 43 15 51
7 34 43 15 51

Left
37 40x
73 04x
Best: AND37: 1

Right
34 23x
43 32x
15 04x
51 40x
Best: AND34: 1

OR
01 10 0110101 4
12 21 0110111 5
23 32 0110111 5
34 43 1011111 6
45 54 1011001 4
56 65 1111101 6
67 76 1111101 6
70 07 1110101 5

02 20 0110111 5
13 31 0010111 4
24 42 1111111 a
35 53 1001111 5
46 64 1111100 5
57 75 1111101 6
60 06 0111101 5
71 17 1110101 5

03 30 0110111 5
14 41 1011100 4
25 52 1111111 a
36 63 0111111 6
47 74 1111101 6
50 05 1111001 5
61 16 0111100 4
72 27 1110111 6

04 40 1111001 5
15 51 1011101 5
26 62 0111111 6
37 73 1110111 6

Matching output
0 absent
1 absent
2 absent
3 absent
4 absent
5 absent
6 absent
7 absent

Left
none
Best: none

Right
none
Best: none

XOR
01 10 0100101 3
12 21 0100011 3
23 32 0110000 2
34 43 1011111 6
45 54 0010001 2
56 65 1110101 5
67 76 1001001 3
70 07 1000100 2

02 20 0000110 2
13 31 0010011 3
24 42 1101111 6
35 53 1001110 4
46 64 1100100 3
57 75 0111100 4
60 06 0001101 3
71 17 1100001 3

03 30 0110110 4
14 41 1001100 3
25 52 1111110 6
36 63 0111011 5
47 74 0101101 4
50 05 1111000 4
61 16 0101000 2
72 27 1000010 2

04 40 1101001 4
15 51 1011101 5
26 62 0001011 3
37 73 1110010 4

Matching output
0 absent
1 absent
2 absent
3 absent
4 absent
5 absent
6 absent
7 absent

Left
none
Best: none

Right
none
Best: none

AND-NOT
01 0100001 2
12 0000000 a match 1 2 3 4 5 6 7
23 0110000 2
34 0000111 3
45 0010000 1
56 1000001 2
67 0001000 1
70 1000100 2

02 0000000 a match 1 2 3 4 5 6 7
13 0010000 1
24 0100111 4
35 0000110 2
46 1000000 1
57 0001000 1
60 0001100 2
71 1100001 3

03 0110000 2
14 0000100 1
25 0110110 4
36 0000011 2
47 0001000 1
50 1001000 2
61 0101000 2
72 1000000 1

04 0100001 2
15 0010100 2
26 0000011 2
37 0000010 1
40 1001000 2
51 1001001 3
62 0001000 1
73 1110000 3

05 0110000 2
16 0000000 a match 1 2 3 4 5 6 7
27 0000010 1
30 0000110 2
41 1001000 2
52 1001000 2
63 0111000 3
74 0100101 3

06 0000001 1
17 0000000 a match 1 2 3 4 5 6 7
20 0000110 2
31 0000011 2
42 1001000 2
53 1001000 2
64 0100100 2
75 0110100 3

07 0000000 a match 1 2 3 4 5 6 7
10 0000100 1
21 0100011 3
32 0000000 a match 1 2 3 4 5 6 7
43 1011000 3
54 0000001 1
65 0110100 3
76 1000001 2

Matching output
0 absent
1 12 02 16 17 07 32
2 12 02 16 17 07 32
3 12 02 16 17 07 32
4 12 02 16 17 07 32
5 12 02 16 17 07 32
6 12 02 16 17 07 32
7 12 02 16 17 07 32

Left
none
Best: none

Right
12 01x
02 71x
16 05x
17 06x
07 76x
32 21x
Best: AND-NOT12: 1

OR-NOT
01 1111011 6
12 1011100 4
23 1111111 a
34 0100111 4
45 1111110 6
56 1001011 4
67 0111110 5
70 1111111 a

02 1111001 5
13 1111100 5
24 0110111 5
35 0110111 5
46 1011011 5
57 1001011 4
60 1111110 6
71 1111111 a

03 1111001 5
14 0110111 5
25 0110111 5
36 1000111 4
47 1011010 4
50 1001111 5
61 1111111 a
72 1111101 6

04 0110111 5
15 0110110 4
26 1110111 6
37 0001111 4
40 1011110 5
51 1101011 5
62 1111100 5
73 1111101 6

05 0110111 5
16 1010111 5
27 0111111 6
30 1001111 5
41 1111011 6
52 1001001 3
63 1111100 5
74 1110111 6

06 1110011 5
17 0011110 4
20 1111111 a
31 1101111 6
42 1011000 3
53 1111001 5
64 0111111 6
75 1110111 6

07 0111011 5
10 1011110 5
21 1111111 a
32 1001111 5
43 1111000 4
54 1101111 6
65 0111110 5
76 1110111 6

Matching output
0 absent
1 absent
2 absent
3 absent
4 absent
5 absent
6 absent
7 absent

Left
none
Best: none

Right
none
Best: none

XOR-NOT
01 1011010 4
12 1011100 4
23 1001111 5
34 0100000 1
45 1101110 5
56 0001010 2
67 0110110 4
70 0111011 5

02 1111001 5
13 1101100 4
24 0010000 1
35 0110001 3
46 0011011 4
57 1000011 3
60 1110010 4
71 0011110 4

03 1001001 3
14 0110011 4
25 0000001 1
36 1000100 2
47 1010010 3
50 0000111 3
61 1010111 5
72 0111101 5

04 0010110 3
15 0100010 2
26 1110100 4
37 0001101 3
40 0010110 3
51 0100010 2
62 1110100 4
73 0001101 3

05 0000111 3
16 1010111 5
27 0111101 5
30 1001001 3
41 0110011 4
52 0000001 1
63 1000100 2
74 1010010 3

06 1110010 4
17 0011110 4
20 1111001 5
31 1101100 4
42 0010000 1
53 0110001 3
64 0011011 4
75 1000011 3

07 0111011 5
10 1011010 4
21 1011100 4
32 1001111 5
43 0100000 1
54 1101110 5
65 0001010 2
76 0110110 4

Matching output
0 absent
1 absent
2 absent
3 absent
4 absent
5 absent
6 absent
7 absent

Left
none
Best: none

Right
none
Best: none

Selecting

Lefts
Identity none
NOT none
Constant none
AND AND37: 1
OR none
XOR none
AND-NOT none
OR-NOT none
XOR-NOT none

Rights
Identity none
NOT none
Constant C0 0 0 0 0 0 0: 7
AND AND34: 1
OR none
XOR none
AND-NOT AND-NOT12: 1
OR-NOT none
XOR-NOT none

Left longest: 1
Right longest: 7

Right winner: Identity no, NOT no, Constant yes, AND no, OR no, XOR no, AND-NOT no, OR-NOT no, XOR-NOT no
Left winner: Identity no, NOT no, Constant no, AND yes, OR no, XOR no, AND-NOT no, OR-NOT no, XOR-NOT no

Best right: C0 0 0 0 0 0 0: 7
Best left: AND37: 1

Truncated right: C0 0 0 0 0 0 0: 7
Truncated left: AND37: 1

Tentative from right
7 C0
6 C0
5 C0
4 C0
3 C0
2 C0
1 C0
0 pending

Tentative
0 AND37
1 C0
2 C0
3 C0
4 C0
5 C0
6 C0
7 C0

Preferred from right
7 C0
6 C0
5 C0
4 C0
3 C0
2 C0
1 C0
0 AND37

Preferred from left
0 AND37
1 C0
2 C0
3 C0
4 C0
5 C0
6 C0
7 C0

Preferred
0 AND37
1 C0
2 C0
3 C0
4 C0
5 C0
6 C0
7 C0

Matching
0 AND37
1 C0
2 C0
3 C0
4 C0
5 C0
6 C0
7 C0

Perfect match
Identity no
NOT no
Constant no
AND no
OR no
XOR no
AND-NOT no
OR-NOT no
XOR-NOT no

Matched
0 AND37
1 C0
2 C0
3 C0
4 C0
5 C0
6 C0
7 C0

Selected
0 AND37
1 C0
2 C0
3 C0
4 C0
5 C0
6 C0
7 C0

Applying to 00111001
Input
0 0
1 0
2 1
3 1
4 1
5 0
6 0
7 1
Output
0 AND37 = AND(1,1) = 1
1 C0 = 0
2 C0 = 0
3 C0 = 0
4 C0 = 0
5 C0 = 0
6 C0 = 0
7 C0 = 0

I will now return the answer in \boxed{}
The answer in \boxed{–} is \boxed{10000000}
[correct]
true
