[category]
bit_manipulation
[prompt]
In Alice's Wonderland, a secret bit manipulation rule transforms 8-bit binary numbers. The transformation involves operations like bit shifts, rotations, XOR, AND, OR, NOT, and possibly majority or choice functions.

Here are some examples of input -> output:
11100010 -> 00000100
01010000 -> 00000010
01101110 -> 00000001
11011001 -> 00000010
10001011 -> 00000000
00101001 -> 00000001
11010100 -> 00000010
11111000 -> 00000111

Now, determine the output for: 00011001
[completion]
We need to deduce the transformation by matching the example outputs.
I will put my final answer inside \boxed{}.

Output 0: 00000100
0 0
1 0
2 0
3 0
4 0
5 1
6 0
7 0

Output 1: 00000010
0 0
1 0
2 0
3 0
4 0
5 0
6 1
7 0

Output 2: 00000001
0 0
1 0
2 0
3 0
4 0
5 0
6 0
7 1

Output 3: 00000010
0 0
1 0
2 0
3 0
4 0
5 0
6 1
7 0

Output 4: 00000000
0 0
1 0
2 0
3 0
4 0
5 0
6 0
7 0

Output 5: 00000001
0 0
1 0
2 0
3 0
4 0
5 0
6 0
7 1

Output 6: 00000010
0 0
1 0
2 0
3 0
4 0
5 0
6 1
7 0

Output 7: 00000111
0 0
1 0
2 0
3 0
4 0
5 1
6 1
7 1

Output bit columns (with bitsum as hash)
0 00000000 a
1 00000000 a
2 00000000 a
3 00000000 a
4 00000000 a
5 10000001 2
6 01010011 4
7 00100101 3

Input 0: 11100010
0 1
1 1
2 1
3 0
4 0
5 0
6 1
7 0

Input 1: 01010000
0 0
1 1
2 0
3 1
4 0
5 0
6 0
7 0

Input 2: 01101110
0 0
1 1
2 1
3 0
4 1
5 1
6 1
7 0

Input 3: 11011001
0 1
1 1
2 0
3 1
4 1
5 0
6 0
7 1

Input 4: 10001011
0 1
1 0
2 0
3 0
4 1
5 0
6 1
7 1

Input 5: 00101001
0 0
1 0
2 1
3 0
4 1
5 0
6 0
7 1

Input 6: 11010100
0 1
1 1
2 0
3 1
4 0
5 1
6 0
7 0

Input 7: 11111000
0 1
1 1
2 1
3 1
4 1
5 0
6 0
7 0

When matching output
x: not in operator
y: wrong position

Identity
0 10011011 5
1 11110011 6
2 10100101 4
3 01010011 4 match 6
4 00111101 5
5 00100010 2
6 10101000 3
7 00011100 3

Matching output
0 absent
1 absent
2 absent
3 absent
4 absent
5 absent
6 3
7 absent

Left
none
Best: none

Right
none
Best: none

NOT
0 01100100 3
1 00001100 2
2 01011010 4
3 10101100 4
4 11000010 3
5 11011101 6
6 01010111 5
7 11100011 5

Matching output
0 absent
1 absent
2 absent
3 absent
4 absent
5 absent
6 absent
7 absent

Left
none
Best: none

Right
none
Best: none

Constant
0 00000000 a match 0 1 2 3 4
1 11111111 a

Matching output
0 C0
1 C0
2 C0
3 C0
4 C0
5 absent
6 absent
7 absent

Left
0 0 0 0 0
Best: C0 0 0 0 0: 5

Right
none
Best: none

AND
01 10 10010011 4
12 21 10100001 3
23 32 00000001 1
34 43 00010001 2
45 54 00100000 1
56 65 00100000 1
67 76 00001000 1
70 07 00011000 2

02 20 10000001 2 match 5
13 31 01010011 4 match 6
24 42 00100101 3 match 7
35 53 00000010 1
46 64 00101000 2
57 75 00000000 a match 0 1 2 3 4
60 06 10001000 2
71 17 00010000 1

03 30 00010011 3
14 41 00110001 3
25 52 00100000 1
36 63 00000000 a match 0 1 2 3 4
47 74 00011100 3
50 05 00000010 1
61 16 10100000 2
72 27 00000100 1

04 40 00011001 3
15 51 00100010 2
26 62 10100000 2
37 73 00010000 1

Matching output
0 57 75 36 63
1 57 75 36 63
2 57 75 36 63
3 57 75 36 63
4 57 75 36 63
5 02 20
6 13 31
7 24 42

Left
57 60x
75 06x
36 47x
63 74x
Best: AND57: 1

Right
24 13 02 71x
42 31 20 17x
Best: AND24 13 02: 3

OR
01 10 11111011 7
12 21 11110111 7
23 32 11110111 7
34 43 01111111 7
45 54 00111111 6
56 65 10101010 4
67 76 10111100 5
70 07 10011111 6

02 20 10111111 7
13 31 11110011 6
24 42 10111101 6
35 53 01110011 5
46 64 10111101 6
57 75 00111110 5
60 06 10111011 6
71 17 11111111 a

03 30 11011011 6
14 41 11111111 a
25 52 10100111 5
36 63 11111011 7
47 74 00111101 5
50 05 10111011 6
61 16 11111011 7
72 27 10111101 6

04 40 10111111 7
15 51 11110011 6
26 62 10101101 5
37 73 01011111 6

Matching output
0 absent
1 absent
2 absent
3 absent
4 absent
5 absent
6 absent
7 absent

Left
none
Best: none

Right
none
Best: none

XOR
01 10 01101000 3
12 21 01010110 4
23 32 11110110 6
34 43 01101110 5
45 54 00011111 5
56 65 10001010 3
67 76 10110100 4
70 07 10000111 4

02 20 00111110 5
13 31 10100000 2
24 42 10011000 3
35 53 01110001 4
46 64 10010101 4
57 75 00111110 5
60 06 00110011 4
71 17 11101111 7

03 30 11001000 3
14 41 11001110 5
25 52 10000111 4
36 63 11111011 7
47 74 00100001 2
50 05 10111001 5
61 16 01011011 5
72 27 10111001 5

04 40 10100110 4
15 51 11010001 4
26 62 00001101 3
37 73 01001111 5

Matching output
0 absent
1 absent
2 absent
3 absent
4 absent
5 absent
6 absent
7 absent

Left
none
Best: none

Right
none
Best: none

AND-NOT
01 00001000 1
12 01010010 3
23 10100100 3
34 01000010 2
45 00011101 4
56 00000010 1
67 10100000 2
70 00000100 1

02 00011010 3
13 10100000 2
24 10000000 1
35 01010001 3
46 00010101 3
57 00100010 2
60 00100000 1
71 00001100 2

03 10001000 2
14 11000010 3
25 10000101 3
36 01010011 4 match 6
47 00100001 2
50 00100000 1
61 00001000 1
72 00011000 2

04 10000010 2
15 11010001 4
26 00000101 2
37 01000011 3
40 00100100 2
51 00000000 a match 0 1 2 3 4
62 00001000 1
73 00001100 2

05 10011001 4
16 01010011 4 match 6
27 10100001 3
30 01000000 1
41 00001100 2
52 00000010 1
63 10101000 3
74 00000000 a match 0 1 2 3 4

06 00010011 3
17 11100011 5
20 00100100 2
31 00000000 a match 0 1 2 3 4
42 00011000 2
53 00100000 1
64 10000000 1
75 00011100 3

07 10000011 3
10 01100000 2
21 00000100 1
32 01010010 3
43 00101100 3
54 00000010 1
65 10001000 2
76 00010100 2

Matching output
0 51 74 31
1 51 74 31
2 51 74 31
3 51 74 31
4 51 74 31
5 absent
6 36 16
7 absent

Left
51 62x
74 05x
31 42x
Best: AND-NOT51: 1

Right
none
Best: none

OR-NOT
01 10011111 6
12 11111011 7
23 10101101 5
34 11010011 5
45 11111101 7
56 01110111 6
67 11101011 6
70 01111100 5

02 11011011 6
13 11111111 a
24 11100111 6
35 11011111 7
46 01111111 7
57 11100011 5
60 11101100 5
71 00011100 3

03 10111111 7
14 11110011 6
25 11111101 7
36 01010111 5
47 11111111 a
50 01100110 4
61 10101100 4
72 01011110 5

04 11011011 6
15 11111111 a
26 11110111 7
37 11110011 6
40 01111101 6
51 00101110 4
62 11111010 6
73 10111100 5

05 11011111 7
16 11110111 7
27 11100111 6
30 01110111 6
41 00111101 5
52 01111010 5
63 10101100 4
74 11011110 6

06 11011111 7
17 11110011 6
20 11100101 5
31 01011111 6
42 01111111 7
53 10101110 5
64 11101010 5
75 11011101 6

07 11111011 7
10 11110111 7
21 10101101 5
32 01011011 5
43 10111101 6
54 11100010 4
65 11111101 7
76 01011111 6

Matching output
0 absent
1 absent
2 absent
3 absent
4 absent
5 absent
6 absent
7 absent

Left
none
Best: none

Right
none
Best: none

XOR-NOT
01 10010111 5
12 10101001 4
23 00001001 2
34 10010001 3
45 11100000 3
56 01110101 5
67 01001011 4
70 01111000 4

02 11000001 3
13 01011111 6
24 01100111 5
35 10001110 4
46 01101010 4
57 11000001 3
60 11001100 4
71 00010000 1

03 00110111 5
14 00110001 3
25 01111000 4
36 00000100 1
47 11011110 6
50 01000110 3
61 10100100 3
72 01000110 3

04 01011001 4
15 00101110 4
26 11110010 5
37 10110000 3
40 01011001 4
51 00101110 4
62 11110010 5
73 10110000 3

05 01000110 3
16 10100100 3
27 01000110 3
30 00110111 5
41 00110001 3
52 01111000 4
63 00000100 1
74 11011110 6

06 11001100 4
17 00010000 1
20 11000001 3
31 01011111 6
42 01100111 5
53 10001110 4
64 01101010 4
75 11000001 3

07 01111000 4
10 10010111 5
21 10101001 4
32 00001001 2
43 10010001 3
54 11100000 3
65 01110101 5
76 01001011 4

Matching output
0 absent
1 absent
2 absent
3 absent
4 absent
5 absent
6 absent
7 absent

Left
none
Best: none

Right
none
Best: none

Selecting

Lefts
Identity none
NOT none
Constant C0 0 0 0 0: 5
AND AND57: 1
OR none
XOR none
AND-NOT AND-NOT51: 1
OR-NOT none
XOR-NOT none

Rights
Identity none
NOT none
Constant none
AND AND24 13 02: 3
OR none
XOR none
AND-NOT none
OR-NOT none
XOR-NOT none

Left longest: 5
Right longest: 3

Left winner: Identity no, NOT no, Constant yes, AND no, OR no, XOR no, AND-NOT no, OR-NOT no, XOR-NOT no
Right winner: Identity no, NOT no, Constant no, AND yes, OR no, XOR no, AND-NOT no, OR-NOT no, XOR-NOT no

Best left: C0 0 0 0 0: 5
Best right: AND24 13 02: 3

Truncated left: C0 0 0 0 0: 5
Truncated right: AND24 13 02: 3

Tentative from right
7 AND24
6 AND13
5 AND02
4 pending
3 pending
2 pending
1 pending
0 pending

Tentative
0 C0
1 C0
2 C0
3 C0
4 C0
5 AND02
6 AND13
7 AND24

Preferred from left
0 C0
1 C0
2 C0
3 C0
4 C0
5 AND02
6 AND13
7 AND24

Preferred from right
7 AND24
6 AND13
5 AND02
4 C0
3 C0
2 C0
1 C0
0 C0

Preferred
0 C0
1 C0
2 C0
3 C0
4 C0
5 AND02
6 AND13
7 AND24

Matching
0 C0
1 C0
2 C0
3 C0
4 C0
5 AND02
6 AND13
7 AND24

Perfect match
Identity no
NOT no
Constant no
AND no
OR no
XOR no
AND-NOT no
OR-NOT no
XOR-NOT no

Matched
0 C0
1 C0
2 C0
3 C0
4 C0
5 AND02
6 AND13
7 AND24

Selected
0 C0
1 C0
2 C0
3 C0
4 C0
5 AND02
6 AND13
7 AND24

Applying to 00011001
Input
0 0
1 0
2 0
3 1
4 1
5 0
6 0
7 1
Output
0 C0 = 0
1 C0 = 0
2 C0 = 0
3 C0 = 0
4 C0 = 0
5 AND02 = AND(0,0) = 0
6 AND13 = AND(0,1) = 0
7 AND24 = AND(0,1) = 0

I will now return the answer in \boxed{}
The answer in \boxed{–} is \boxed{00000000}
[correct]
true
