[category]
bit_manipulation
[prompt]
In Alice's Wonderland, a secret bit manipulation rule transforms 8-bit binary numbers. The transformation involves operations like bit shifts, rotations, XOR, AND, OR, NOT, and possibly majority or choice functions.

Here are some examples of input -> output:
01010100 -> 01010101
00101001 -> 10100110
10010011 -> 01000101
00100111 -> 10011110
11001000 -> 00101100
10001101 -> 00111100
01011011 -> 01101001

Now, determine the output for: 00110111
[completion]
We need to deduce the transformation by matching the example outputs.
I will put my final answer inside \boxed{}.

Output 0: 01010101
0 0
1 1
2 0
3 1
4 0
5 1
6 0
7 1

Output 1: 10100110
0 1
1 0
2 1
3 0
4 0
5 1
6 1
7 0

Output 2: 01000101
0 0
1 1
2 0
3 0
4 0
5 1
6 0
7 1

Output 3: 10011110
0 1
1 0
2 0
3 1
4 1
5 1
6 1
7 0

Output 4: 00101100
0 0
1 0
2 1
3 0
4 1
5 1
6 0
7 0

Output 5: 00111100
0 0
1 0
2 1
3 1
4 1
5 1
6 0
7 0

Output 6: 01101001
0 0
1 1
2 1
3 0
4 1
5 0
6 0
7 1

Output bit columns (with bitsum as hash)
0 0101000 2
1 1010001 3
2 0100111 4
3 1001010 3
4 0001111 4
5 1111110 6
6 0101000 2
7 1010001 3

Input 0: 01010100
0 0
1 1
2 0
3 1
4 0
5 1
6 0
7 0

Input 1: 00101001
0 0
1 0
2 1
3 0
4 1
5 0
6 0
7 1

Input 2: 10010011
0 1
1 0
2 0
3 1
4 0
5 0
6 1
7 1

Input 3: 00100111
0 0
1 0
2 1
3 0
4 0
5 1
6 1
7 1

Input 4: 11001000
0 1
1 1
2 0
3 0
4 1
5 0
6 0
7 0

Input 5: 10001101
0 1
1 0
2 0
3 0
4 1
5 1
6 0
7 1

Input 6: 01011011
0 0
1 1
2 0
3 1
4 1
5 0
6 1
7 1

When matching output
x: not in operator
y: wrong position

Identity
0 0010110 3
1 1000101 3
2 0101000 2 match 0 6
3 1010001 3 match 1 7
4 0100111 4 match 2
5 1001010 3 match 3
6 0011001 3
7 0111011 5

Matching output
0 2
1 3
2 4
3 5
4 absent
5 absent
6 2
7 3

Left
2 3 4 5 6x
Best: I2 3 4 5: 4

Right
3 2 1x
Best: I3 2: 2

NOT
0 1101001 4
1 0111010 4
2 1010111 5
3 0101110 4
4 1011000 3
5 0110101 4
6 1100110 4
7 1000100 2

Matching output
0 absent
1 absent
2 absent
3 absent
4 absent
5 absent
6 absent
7 absent

Left
none
Best: none

Right
none
Best: none

Constant
0 0000000 a
1 1111111 a

Matching output
0 absent
1 absent
2 absent
3 absent
4 absent
5 absent
6 absent
7 absent

Left
none
Best: none

Right
none
Best: none

AND
01 10 0000100 1
12 21 0000000 a
23 32 0000000 a
34 43 0000001 1
45 54 0000010 1
56 65 0001000 1
67 76 0011001 3
70 07 0010010 2

02 20 0000000 a
13 31 1000001 2
24 42 0100000 1
35 53 1000000 1
46 64 0000001 1
57 75 0001010 2
60 06 0010000 1
71 17 0000001 1

03 30 0010000 1
14 41 0000101 2
25 52 0001000 1
36 63 0010001 2
47 74 0100011 3
50 05 0000010 1
61 16 0000001 1
72 27 0101000 2 match 0 6

04 40 0000110 2
15 51 1000000 1
26 62 0001000 1
37 73 0010001 2

Matching output
0 72 27
1 absent
2 absent
3 absent
4 absent
5 absent
6 72 27
7 absent

Left
72 03x
27 30x
Best: AND72: 1

Right
none
Best: none

OR
01 10 1010111 5
12 21 1101101 5
23 32 1111001 5
34 43 1110111 6
45 54 1101111 6
56 65 1011011 5
67 76 0111011 5
70 07 0111111 6

02 20 0111110 5
13 31 1010101 4
24 42 0101111 5
35 53 1011011 5
46 64 0111111 6
57 75 1111011 6
60 06 0011111 5
71 17 1111111 a

03 30 1010111 5
14 41 1100111 5
25 52 1101010 4
36 63 1011001 4
47 74 0111111 6
50 05 1011110 5
61 16 1011101 5
72 27 0111011 5

04 40 0110111 5
15 51 1001111 5
26 62 0111001 4
37 73 1111011 6

Matching output
0 absent
1 absent
2 absent
3 absent
4 absent
5 absent
6 absent
7 absent

Left
none
Best: none

Right
none
Best: none

XOR
01 10 1010011 4
12 21 1101101 5
23 32 1111001 5
34 43 1110110 5
45 54 1101101 5
56 65 1010011 4
67 76 0100010 2
70 07 0101101 4

02 20 0111110 5
13 31 0010100 2
24 42 0001111 4 match 4
35 53 0011011 4
46 64 0111110 5
57 75 1110001 4
60 06 0001111 4 match 4
71 17 1111110 6 match 5

03 30 1000111 4
14 41 1100010 3
25 52 1100010 3
36 63 1001000 2
47 74 0011100 3
50 05 1011100 4
61 16 1011100 4
72 27 0010011 3

04 40 0110001 3
15 51 0001111 4 match 4
26 62 0110001 3
37 73 1101010 4

Matching output
0 absent
1 absent
2 absent
3 absent
4 24 42 60 06 15 51
5 71 17
6 absent
7 absent

Left
none
Best: none

Right
none
Best: none

AND-NOT
01 0010010 2
12 1000101 3
23 0101000 2 match 0 6
34 1010000 2
45 0100101 3
56 1000010 2
67 0000000 a
70 0101001 3

02 0010110 3
13 0000100 1
24 0001000 1
35 0010001 2
46 0100110 3
57 1000000 1
60 0001001 2
71 0111010 4

03 0000110 2
14 1000000 1
25 0100000 1
36 1000000 1
47 0000100 1
50 1001000 2
61 0011000 2
72 0010011 3

04 0010000 1
15 0000101 2
26 0100000 1
37 1000000 1
40 0100001 2
51 0001010 2
62 0010001 2
73 0101010 3

05 0010100 2
16 1000100 2
27 0000000 a
30 1000001 2
41 0100010 2
52 1000010 2
63 0001000 1
74 0011000 2

06 0000110 2
17 1000100 2
20 0101000 2 match 0 6
31 0010000 1
42 0000111 3
53 0001010 2
64 0011000 2
75 0110001 3

07 0000100 1
10 1000001 2
21 0101000 2 match 0 6
32 1010001 3 match 1 7
43 0100110 3
54 1001000 2
65 0010001 2
76 0100010 2

Matching output
0 23 20 21
1 32
2 absent
3 absent
4 absent
5 absent
6 23 20 21
7 32

Left
23 34x
20 31x
21 32 43x
Best: AND-NOT21 32: 2

Right
32 21 10x
Best: AND-NOT32 21: 2

OR-NOT
01 0111110 5
12 1010111 5
23 0101110 4
34 1011001 4
45 0110111 5
56 1101110 5
67 1011101 5
70 1111011 6

02 1010111 5
13 1101111 6
24 1111000 4
35 1110101 5
46 1100111 5
57 1001110 4
60 1111001 5
71 0111011 5

03 0111110 5
14 1011101 5
25 0111101 5
36 1110111 6
47 1100111 5
50 1101011 5
61 0111011 5
72 1111111 a

04 1011110 5
15 1110101 5
26 1101110 5
37 1010101 4
40 1101111 6
51 1111010 5
62 1011111 6
73 0111111 6

05 0110111 5
16 1100111 5
27 1101100 4
30 1111001 5
41 0111111 6
52 1011111 6
63 0111111 6
74 1111011 6

06 1110110 5
17 1000101 3
20 1101001 4
31 1111011 6
42 1110111 6
53 1101110 5
64 1011001 4
75 0111111 6

07 1010110 4
10 1101101 5
21 0111010 4
32 1010111 5
43 0101111 5
54 1011010 4
65 0111101 5
76 1111111 a

Matching output
0 absent
1 absent
2 absent
3 absent
4 absent
5 absent
6 absent
7 absent

Left
none
Best: none

Right
none
Best: none

XOR-NOT
01 0101100 3
12 0010010 2
23 0000110 2
34 0001001 2
45 0010010 2
56 0101100 3
67 1011101 5
70 1010010 3

02 1000001 2
13 1101011 5
24 1110000 3
35 1100100 3
46 1000001 2
57 0001110 3
60 1110000 3
71 0000001 1

03 0111000 3
14 0011101 4
25 0011101 4
36 0110111 5
47 1100011 4
50 0100011 3
61 0100011 3
72 1101100 4

04 1001110 4
15 1110000 3
26 1001110 4
37 0010101 3
40 1001110 4
51 1110000 3
62 1001110 4
73 0010101 3

05 0100011 3
16 0100011 3
27 1101100 4
30 0111000 3
41 0011101 4
52 0011101 4
63 0110111 5
74 1100011 4

06 1110000 3
17 0000001 1
20 1000001 2
31 1101011 5
42 1110000 3
53 1100100 3
64 1000001 2
75 0001110 3

07 1010010 3
10 0101100 3
21 0010010 2
32 0000110 2
43 0001001 2
54 0010010 2
65 0101100 3
76 1011101 5

Matching output
0 absent
1 absent
2 absent
3 absent
4 absent
5 absent
6 absent
7 absent

Left
none
Best: none

Right
none
Best: none

Selecting

Lefts
Identity I2 3 4 5: 4
NOT none
Constant none
AND AND72: 1
OR none
XOR none
AND-NOT AND-NOT21 32: 2
OR-NOT none
XOR-NOT none

Rights
Identity I3 2: 2
NOT none
Constant none
AND none
OR none
XOR none
AND-NOT AND-NOT32 21: 2
OR-NOT none
XOR-NOT none

Left longest: 4
Right longest: 2

Left winner: Identity yes, NOT no, Constant no, AND no, OR no, XOR no, AND-NOT no, OR-NOT no, XOR-NOT no
Right winner: Identity yes, NOT no, Constant no, AND no, OR no, XOR no, AND-NOT no, OR-NOT no, XOR-NOT no

Best left: I2 3 4 5: 4
Best right: I3 2: 2

Truncated left: I2 3 4 5: 4
Truncated right: I3 2: 2

Tentative from right
7 I3
6 I2
5 pending
4 pending
3 pending
2 pending
1 pending
0 pending

Tentative
0 I2
1 I3
2 I4
3 I5
4 pending
5 pending
6 I2
7 I3

Preferred from left
0 I2
1 I3
2 I4
3 I5
4 ?6?
5 ?7?
6 I2
7 I3

Preferred from right
7 I3
6 I2
5 ?71
4 ?60
3 I5
2 I4
1 I3
0 I2

Preferred
0 I2
1 I3
2 I4
3 I5
4 ?60 ?06
5 ?71 ?17
6 I2
7 I3

Matching
0 I2
1 I3
2 I4
3 I5
4 ?60 ?06 - Identity absent, NOT absent, Constant absent, AND absent, OR absent, XOR60, AND-NOT absent, OR-NOT absent, XOR-NOT absent
5 ?71 ?17 - Identity absent, NOT absent, Constant absent, AND absent, OR absent, XOR71, AND-NOT absent, OR-NOT absent, XOR-NOT absent
6 I2
7 I3

Perfect match
Identity no
NOT no
Constant no
AND no
OR no
XOR yes
AND-NOT no
OR-NOT no
XOR-NOT no

Matched
0 I2
1 I3
2 I4
3 I5
4 XOR60
5 XOR71
6 I2
7 I3

Selected
0 I2
1 I3
2 I4
3 I5
4 XOR60
5 XOR71
6 I2
7 I3

Applying to 00110111
Input
0 0
1 0
2 1
3 1
4 0
5 1
6 1
7 1
Output
0 I2 = 1
1 I3 = 1
2 I4 = 0
3 I5 = 1
4 XOR60 = XOR(1,0) = 1
5 XOR71 = XOR(1,0) = 1
6 I2 = 1
7 I3 = 1

I will now return the answer in \boxed{}
The answer in \boxed{–} is \boxed{11011111}
[correct]
true
