[category]
bit_manipulation
[prompt]
In Alice's Wonderland, a secret bit manipulation rule transforms 8-bit binary numbers. The transformation involves operations like bit shifts, rotations, XOR, AND, OR, NOT, and possibly majority or choice functions.

Here are some examples of input -> output:
10101001 -> 00000101
10010100 -> 00000000
00110011 -> 01000100
00011101 -> 00110000
01010101 -> 00000010
11111101 -> 11110111
01010000 -> 00000000

Now, determine the output for: 00001011
[completion]
We need to deduce the transformation by matching the example outputs.
I will put my final answer inside \boxed{}.

Output 0: 00000101
0 0
1 0
2 0
3 0
4 0
5 1
6 0
7 1

Output 1: 00000000
0 0
1 0
2 0
3 0
4 0
5 0
6 0
7 0

Output 2: 01000100
0 0
1 1
2 0
3 0
4 0
5 1
6 0
7 0

Output 3: 00110000
0 0
1 0
2 1
3 1
4 0
5 0
6 0
7 0

Output 4: 00000010
0 0
1 0
2 0
3 0
4 0
5 0
6 1
7 0

Output 5: 11110111
0 1
1 1
2 1
3 1
4 0
5 1
6 1
7 1

Output 6: 00000000
0 0
1 0
2 0
3 0
4 0
5 0
6 0
7 0

Output bit columns (with bitsum as hash)
0 0000010 1
1 0010010 2
2 0001010 2
3 0001010 2
4 0000000 a
5 1010010 3
6 0000110 2
7 1000010 2

Input 0: 10101001
0 1
1 0
2 1
3 0
4 1
5 0
6 0
7 1

Input 1: 10010100
0 1
1 0
2 0
3 1
4 0
5 1
6 0
7 0

Input 2: 00110011
0 0
1 0
2 1
3 1
4 0
5 0
6 1
7 1

Input 3: 00011101
0 0
1 0
2 0
3 1
4 1
5 1
6 0
7 1

Input 4: 01010101
0 0
1 1
2 0
3 1
4 0
5 1
6 0
7 1

Input 5: 11111101
0 1
1 1
2 1
3 1
4 1
5 1
6 0
7 1

Input 6: 01010000
0 0
1 1
2 0
3 1
4 0
5 0
6 0
7 0

When matching output
x: not in operator
y: wrong position

Identity
0 1100010 3
1 0000111 3
2 1010010 3 match 5
3 0111111 6
4 1001010 3
5 0101110 4
6 0010000 1
7 1011110 5

Matching output
0 absent
1 absent
2 absent
3 absent
4 absent
5 2
6 absent
7 absent

Left
none
Best: none

Right
none
Best: none

NOT
0 0011101 4
1 1111000 4
2 0101101 4
3 1000000 1
4 0110101 4
5 1010001 3
6 1101111 6
7 0100001 2

Matching output
0 absent
1 absent
2 absent
3 absent
4 absent
5 absent
6 absent
7 absent

Left
none
Best: none

Right
none
Best: none

Constant
0 0000000 a match 4
1 1111111 a

Matching output
0 absent
1 absent
2 absent
3 absent
4 C0
5 absent
6 absent
7 absent

Left
none
Best: none

Right
none
Best: none

AND
01 10 0000010 1 match 0
12 21 0000010 1 match 0
23 32 0010010 2 match 1
34 43 0001010 2 match 2 3
45 54 0001010 2 match 2 3
56 65 0000000 a match 4
67 76 0010000 1
70 07 1000010 2 match 7

02 20 1000010 2 match 7
13 31 0000111 3
24 42 1000010 2 match 7
35 53 0101110 4
46 64 0000000 a match 4
57 75 0001110 3
60 06 0000000 a match 4
71 17 0000110 2 match 6

03 30 0100010 2
14 41 0000010 1 match 0
25 52 0000010 1 match 0
36 63 0010000 1
47 74 1001010 3
50 05 0100010 2
61 16 0000000 a match 4
72 27 1010010 3 match 5

04 40 1000010 2 match 7
15 51 0000110 2 match 6
26 62 0010000 1
37 73 0011110 4

Matching output
0 01 10 12 21 14 41 25 52
1 23 32
2 34 43 45 54
3 34 43 45 54
4 56 65 46 64 60 06 61 16
5 72 27
6 71 17 15 51
7 70 07 02 20 24 42 04 40

Left
01 12y
10 21y
12 23 34 45 56 67x
21 32 43 54 65 76x
14 25y
41 52y
25 36x
52 63x
Best: AND12 23 34 45 56: 5

Right
70 67x
07 76x
02 71 60y
20 17 06y
24 13x
42 31x
04 73x
40 37x
Best: AND02 71: 2

OR
01 10 1100111 5
12 21 1010111 5
23 32 1111111 a
34 43 1111111 a
45 54 1101110 5
56 65 0111110 5
67 76 1011110 5
70 07 1111110 6

02 20 1110010 4
13 31 0111111 6
24 42 1011010 4
35 53 0111111 6
46 64 1011010 4
57 75 1111110 6
60 06 1110010 4
71 17 1011111 6

03 30 1111111 a
14 41 1001111 5
25 52 1111110 6
36 63 0111111 6
47 74 1011110 5
50 05 1101110 5
61 16 0010111 4
72 27 1011110 5

04 40 1101010 4
15 51 0101111 5
26 62 1010010 3 match 5
37 73 1111111 a

Matching output
0 absent
1 absent
2 absent
3 absent
4 absent
5 26 62
6 absent
7 absent

Left
none
Best: none

Right
none
Best: none

XOR
01 10 1100101 4
12 21 1010101 4
23 32 1101101 5
34 43 1110101 5
45 54 1100100 3
56 65 0111110 5
67 76 1001110 4
70 07 0111100 4

02 20 0110000 2
13 31 0111000 3
24 42 0011000 2
35 53 0010001 2
46 64 1011010 4
57 75 1110000 3
60 06 1110010 4
71 17 1011001 4

03 30 1011101 5
14 41 1001101 4
25 52 1111100 5
36 63 0101111 5
47 74 0010100 2
50 05 1001100 3
61 16 0010111 4
72 27 0001100 2

04 40 0101000 2
15 51 0101001 3
26 62 1000010 2 match 7
37 73 1100001 3

Matching output
0 absent
1 absent
2 absent
3 absent
4 absent
5 absent
6 absent
7 26 62

Left
none
Best: none

Right
26 15x
62 51x
Best: XOR26: 1

AND-NOT
01 1100000 2
12 0000101 2
23 1000000 1
34 0110101 4
45 1000000 1
56 0101110 4
67 0000000 a match 4
70 0011100 3

02 0100000 1
13 0000000 a match 4
24 0010000 1
35 0010001 2
46 1001010 3
57 0100000 1
60 0010000 1
71 1011000 3

03 1000000 1
14 0000101 2
25 1010000 2
36 0101111 5
47 0000000 a match 4
50 0001100 2
61 0010000 1
72 0001100 2

04 0100000 1
15 0000001 1
26 1000010 2 match 7
37 0100001 2
40 0001000 1
51 0101000 2
62 0000000 a match 4
73 1000000 1

05 1000000 1
16 0000111 3
27 0000000 a match 4
30 0011101 4
41 1001000 2
52 0101100 3
63 0000000 a match 4
74 0010100 2

06 1100010 3
17 0000001 1
20 0010000 1
31 0111000 3
42 0001000 1
53 0000000 a match 4
64 0010000 1
75 1010000 2

07 0100000 1
10 0000101 2
21 1010000 2
32 0101101 4
43 1000000 1
54 0100100 2
65 0010000 1
76 1001110 4

Matching output
0 absent
1 absent
2 absent
3 absent
4 67 13 47 62 27 63 53
5 absent
6 absent
7 26

Left
none
Best: none

Right
26 15x
Best: AND-NOT26: 1

OR-NOT
01 1111010 5
12 0101111 5
23 1010010 3 match 5
34 0111111 6
45 1011011 5
56 1101111 6
67 0110001 3
70 1011111 6

02 1101111 6
13 1000111 4
24 1110111 6
35 1111111 a
46 1101111 6
57 0101111 5
60 0011101 4
71 1111110 6

03 1100010 3
14 0110111 5
25 1010011 4
36 1111111 a
47 1101011 5
50 0111111 6
61 1111000 4
72 1111111 a

04 1110111 6
15 1010111 5
26 1111111 a
37 0111111 6
40 1011111 6
51 1111110 6
62 0111101 5
73 1011110 5

05 1110011 5
16 1101111 6
27 1110011 5
30 0111111 6
41 1111010 5
52 0101111 5
63 1010000 2
74 1111111 a

06 1101111 6
17 0100111 4
20 1011111 6
31 1111111 a
42 1101111 6
53 1101110 5
64 0110101 4
75 1011111 6

07 1100011 4
10 0011111 5
21 1111010 5
32 0111111 6
43 1001010 3
54 0111111 6
65 1010001 3
76 1111111 a

Matching output
0 absent
1 absent
2 absent
3 absent
4 absent
5 23
6 absent
7 absent

Left
none
Best: none

Right
none
Best: none

XOR-NOT
01 0011010 3
12 0101010 3
23 0010010 2 match 1
34 0001010 2 match 2 3
45 0011011 4
56 1000001 2
67 0110001 3
70 1000011 3

02 1001111 5
13 1000111 4
24 1100111 5
35 1101110 5
46 0100101 3
57 0001111 4
60 0001101 3
71 0100110 3

03 0100010 2
14 0110010 3
25 0000011 2
36 1010000 2
47 1101011 5
50 0110011 4
61 1101000 3
72 1110011 5

04 1010111 5
15 1010110 4
26 0111101 5
37 0011110 4
40 1010111 5
51 1010110 4
62 0111101 5
73 0011110 4

05 0110011 4
16 1101000 3
27 1110011 5
30 0100010 2
41 0110010 3
52 0000011 2
63 1010000 2
74 1101011 5

06 0001101 3
17 0100110 3
20 1001111 5
31 1000111 4
42 1100111 5
53 1101110 5
64 0100101 3
75 0001111 4

07 1000011 3
10 0011010 3
21 0101010 3
32 0010010 2 match 1
43 0001010 2 match 2 3
54 0011011 4
65 1000001 2
76 0110001 3

Matching output
0 absent
1 23 32
2 34 43
3 34 43
4 absent
5 absent
6 absent
7 absent

Left
none
Best: none

Right
none
Best: none

Selecting

Lefts
Identity none
NOT none
Constant none
AND AND12 23 34 45 56: 5
OR none
XOR none
AND-NOT none
OR-NOT none
XOR-NOT none

Rights
Identity none
NOT none
Constant none
AND AND02 71: 2
OR none
XOR XOR26: 1
AND-NOT AND-NOT26: 1
OR-NOT none
XOR-NOT none

Left longest: 5
Right longest: 2

Left winner: Identity no, NOT no, Constant no, AND yes, OR no, XOR no, AND-NOT no, OR-NOT no, XOR-NOT no
Right winner: Identity no, NOT no, Constant no, AND yes, OR no, XOR no, AND-NOT no, OR-NOT no, XOR-NOT no

Best left: AND12 23 34 45 56: 5
Best right: AND02 71: 2

Truncated left: AND12 23 34 45 56: 5
Truncated right: AND02 71: 2

Tentative from right
7 AND02
6 AND71
5 pending
4 pending
3 pending
2 pending
1 pending
0 pending

Tentative
0 AND12
1 AND23
2 AND34
3 AND45
4 AND56
5 pending
6 AND71
7 AND02

Preferred from left
0 AND12
1 AND23
2 AND34
3 AND45
4 AND56
5 ?67
6 AND71
7 AND02

Preferred from right
7 AND02
6 AND71
5 ?67
4 AND56
3 AND45
2 AND34
1 AND23
0 AND12

Preferred
0 AND12
1 AND23
2 AND34
3 AND45
4 AND56
5 ?67 ?76
6 AND71
7 AND02

Matching
0 AND12
1 AND23
2 AND34
3 AND45
4 AND56
5 ?67 ?76 - Identity absent, NOT absent, Constant absent, AND absent, OR absent, XOR absent, AND-NOT absent, OR-NOT absent, XOR-NOT absent
6 AND71
7 AND02

Perfect match
Identity no
NOT no
Constant no
AND no
OR no
XOR no
AND-NOT no
OR-NOT no
XOR-NOT no

Matched
0 AND12
1 AND23
2 AND34
3 AND45
4 AND56
5 none
6 AND71
7 AND02

Selected
0 AND12
1 AND23
2 AND34
3 AND45
4 AND56
5 default 1
6 AND71
7 AND02

Applying to 00001011
Input
0 0
1 0
2 0
3 0
4 1
5 0
6 1
7 1
Output
0 AND12 = AND(0,0) = 0
1 AND23 = AND(0,0) = 0
2 AND34 = AND(0,1) = 0
3 AND45 = AND(1,0) = 0
4 AND56 = AND(0,1) = 0
5 default 1 = 1
6 AND71 = AND(1,0) = 0
7 AND02 = AND(0,0) = 0

I will now return the answer in \boxed{}
The answer in \boxed{–} is \boxed{00000100}
[correct]
true
