[category]
bit_manipulation
[prompt]
In Alice's Wonderland, a secret bit manipulation rule transforms 8-bit binary numbers. The transformation involves operations like bit shifts, rotations, XOR, AND, OR, NOT, and possibly majority or choice functions.

Here are some examples of input -> output:
01011010 -> 01000000
00110011 -> 00000000
11011010 -> 01010001
10111101 -> 10100001
10110001 -> 00000000
00111100 -> 10000000
00101011 -> 01000000
11101011 -> 01011001
10010110 -> 10010000

Now, determine the output for: 11010101
[completion]
We need to deduce the transformation by matching the example outputs.
I will put my final answer inside \boxed{}.

Output 0: 01000000
0 0
1 1
2 0
3 0
4 0
5 0
6 0
7 0

Output 1: 00000000
0 0
1 0
2 0
3 0
4 0
5 0
6 0
7 0

Output 2: 01010001
0 0
1 1
2 0
3 1
4 0
5 0
6 0
7 1

Output 3: 10100001
0 1
1 0
2 1
3 0
4 0
5 0
6 0
7 1

Output 4: 00000000
0 0
1 0
2 0
3 0
4 0
5 0
6 0
7 0

Output 5: 10000000
0 1
1 0
2 0
3 0
4 0
5 0
6 0
7 0

Output 6: 01000000
0 0
1 1
2 0
3 0
4 0
5 0
6 0
7 0

Output 7: 01011001
0 0
1 1
2 0
3 1
4 1
5 0
6 0
7 1

Output 8: 10010000
0 1
1 0
2 0
3 1
4 0
5 0
6 0
7 0

Output bit columns (with bitsum as hash)
0 000101001 3
1 101000110 4
2 000100000 1
3 001000011 3
4 000000010 1
5 000000000 a
6 000000000 a
7 001100010 3

Input 0: 01011010
0 0
1 1
2 0
3 1
4 1
5 0
6 1
7 0

Input 1: 00110011
0 0
1 0
2 1
3 1
4 0
5 0
6 1
7 1

Input 2: 11011010
0 1
1 1
2 0
3 1
4 1
5 0
6 1
7 0

Input 3: 10111101
0 1
1 0
2 1
3 1
4 1
5 1
6 0
7 1

Input 4: 10110001
0 1
1 0
2 1
3 1
4 0
5 0
6 0
7 1

Input 5: 00111100
0 0
1 0
2 1
3 1
4 1
5 1
6 0
7 0

Input 6: 00101011
0 0
1 0
2 1
3 0
4 1
5 0
6 1
7 1

Input 7: 11101011
0 1
1 1
2 1
3 0
4 1
5 0
6 1
7 1

Input 8: 10010110
0 1
1 0
2 0
3 1
4 0
5 1
6 1
7 0

When matching output
x: not in operator
y: wrong position

Identity
0 001110011 5
1 101000010 3
2 010111110 6
3 111111001 7
4 101101110 6
5 000101001 3 match 0
6 111000111 6
7 010110110 5

Matching output
0 5
1 absent
2 absent
3 absent
4 absent
5 absent
6 absent
7 absent

Left
5 6x
Best: I5: 1

Right
none
Best: none

NOT
0 110001100 4
1 010111101 6
2 101000001 3
3 000000110 2
4 010010001 3
5 111010110 6
6 000111000 3
7 101001001 4

Matching output
0 absent
1 absent
2 absent
3 absent
4 absent
5 absent
6 absent
7 absent

Left
none
Best: none

Right
none
Best: none

Constant
0 000000000 a match 5 6
1 111111111 a

Matching output
0 absent
1 absent
2 absent
3 absent
4 absent
5 C0
6 C0
7 absent

Left
none
Best: none

Right
none
Best: none

AND
01 10 001000010 2
12 21 000000010 1 match 4
23 32 010111000 4
34 43 101101000 4
45 54 000101000 2
56 65 000000001 1
67 76 010000110 3
70 07 000110010 3

02 20 000110010 3
13 31 101000000 2
24 42 000101110 4
35 53 000101001 3 match 0
46 64 101000110 4 match 1
57 75 000100000 1 match 2
60 06 001000011 3 match 3
71 17 000000010 1 match 4

03 30 001110001 4
14 41 101000010 3
25 52 000101000 2
36 63 111000001 4
47 74 000100110 3
50 05 000100001 2
61 16 101000010 3
72 27 010110110 5

04 40 001100010 3 match 7
15 51 000000000 a match 5 6
26 62 010000110 3
37 73 010110000 3

Matching output
0 35 53
1 46 64
2 57 75
3 60 06
4 12 21 71 17
5 15 51
6 15 51
7 04 40

Left
35 46 57 60 71 02x
53 64 75 06 17 20x
Best: AND35 46 57 60 71: 5

Right
04 73x
40 37x
Best: AND04: 1

OR
01 10 101110011 6
12 21 111111110 8
23 32 111111111 a
34 43 111111111 a
45 54 101101111 7
56 65 111101111 8
67 76 111110111 8
70 07 011110111 7

02 20 011111111 8
13 31 111111011 8
24 42 111111110 8
35 53 111111001 7
46 64 111101111 8
57 75 010111111 7
60 06 111110111 8
71 17 111110110 7

03 30 111111011 8
14 41 101101110 6
25 52 010111111 7
36 63 111111111 a
47 74 111111110 8
50 05 001111011 6
61 16 111000111 6
72 27 010111110 6

04 40 101111111 8
15 51 101101011 6
26 62 111111111 a
37 73 111111111 a

Matching output
0 absent
1 absent
2 absent
3 absent
4 absent
5 absent
6 absent
7 absent

Left
none
Best: none

Right
none
Best: none

XOR
01 10 100110001 4
12 21 111111100 7
23 32 101000111 5
34 43 010010111 5
45 54 101000111 5
56 65 111101110 7
67 76 101110001 5
70 07 011000101 4

02 20 011001101 5
13 31 010111011 6
24 42 111010000 4
35 53 111010000 4
46 64 010101001 4
57 75 010011111 6
60 06 110110100 5
71 17 111110100 6

03 30 110001010 4
14 41 000101100 3
25 52 010010111 5
36 63 000111110 5
47 74 111011000 5
50 05 001011010 4
61 16 010000101 3
72 27 000001000 1

04 40 100011101 5
15 51 101101011 6
26 62 101111001 6
37 73 101001111 6

Matching output
0 absent
1 absent
2 absent
3 absent
4 absent
5 absent
6 absent
7 absent

Left
none
Best: none

Right
none
Best: none

AND-NOT
01 000110001 3
12 101000000 2
23 000000110 2
34 010010001 3
45 101000110 4 match 1
56 000101000 2
67 101000001 3
70 010000100 2

02 001000001 2
13 000000010 1 match 4
24 010010000 2
35 111010000 4
46 000101000 2
57 000001001 2
60 110000100 3
71 010110100 4

03 000000010 1 match 4
14 000000000 a match 5 6
25 010010110 4
36 000111000 3
47 101001000 3
50 000001000 1
61 010000101 3
72 000000000 a match 5 6

04 000010001 2
15 101000010 3
26 000111000 3
37 101001001 4
40 100001100 3
51 000101001 3 match 0
62 101000001 3
73 000000110 2

05 001010010 3
16 000000000 a match 5 6
27 000001000 1
30 110001000 3
41 000101100 3
52 000000001 1
63 000000110 2
74 010010000 2

06 000110000 2
17 101000000 2
20 010001100 3
31 010111001 5
42 101000000 2
53 000000000 a match 5 6
64 010000001 2
75 010010110 4

07 001000001 2
10 100000000 1
21 010111100 5
32 101000001 3
43 000000110 2
54 000000001 1
65 111000110 5
76 000110000 2

Matching output
0 51
1 45
2 absent
3 absent
4 13 03
5 14 72 16 53
6 14 72 16 53
7 absent

Left
51 62x
Best: AND-NOT51: 1

Right
none
Best: none

OR-NOT
01 011111111 8
12 101000011 4
23 010111110 6
34 111111001 7
45 111111110 8
56 000111001 4
67 111001111 7
70 110111110 7

02 101110011 6
13 101000110 4 match 1
24 010111111 7
35 111111111 a
46 101111110 7
57 101101001 5
60 111001111 7
71 010111111 7

03 001110111 6
14 111010011 6
25 111111110 8
36 111111001 7
47 101101111 7
50 110101101 6
61 111111111 a
72 111110111 8

04 011110011 6
15 111010110 6
26 010111110 6
37 111111001 7
40 111101110 7
51 010111101 6
62 111000111 6
73 010110110 5

05 111110111 8
16 101111010 6
27 111111111 a
30 111111101 8
41 111111111 a
52 101101001 5
63 111000111 6
74 010110111 6

06 001111011 6
17 101001011 5
20 110111110 7
31 111111101 8
42 101101111 7
53 000101111 5
64 111010111 7
75 111110110 7

07 101111011 7
10 111001110 6
21 010111111 7
32 111111001 7
43 101101110 6
54 010111001 5
65 111010111 7
76 010111110 6

Matching output
0 absent
1 13
2 absent
3 absent
4 absent
5 absent
6 absent
7 absent

Left
none
Best: none

Right
none
Best: none

XOR-NOT
01 011001110 5
12 000000011 2
23 010111000 4
34 101101000 4
45 010111000 4
56 000010001 2
67 010001110 4
70 100111010 5

02 100110010 4
13 101000100 3
24 000101111 5
35 000101111 5
46 101010110 5
57 101100000 3
60 001001011 4
71 000001011 3

03 001110101 5
14 111010011 6
25 101101000 4
36 111000001 4
47 000100111 4
50 110100101 5
61 101111010 6
72 111110111 8

04 011100010 4
15 010010100 3
26 010000110 3
37 010110000 3
40 011100010 4
51 010010100 3
62 010000110 3
73 010110000 3

05 110100101 5
16 101111010 6
27 111110111 8
30 001110101 5
41 111010011 6
52 101101000 4
63 111000001 4
74 000100111 4

06 001001011 4
17 000001011 3
20 100110010 4
31 101000100 3
42 000101111 5
53 000101111 5
64 101010110 5
75 101100000 3

07 100111010 5
10 011001110 5
21 000000011 2
32 010111000 4
43 101101000 4
54 010111000 4
65 000010001 2
76 010001110 4

Matching output
0 absent
1 absent
2 absent
3 absent
4 absent
5 absent
6 absent
7 absent

Left
none
Best: none

Right
none
Best: none

Selecting

Lefts
Identity I5: 1
NOT none
Constant none
AND AND35 46 57 60 71: 5
OR none
XOR none
AND-NOT AND-NOT51: 1
OR-NOT none
XOR-NOT none

Rights
Identity none
NOT none
Constant none
AND AND04: 1
OR none
XOR none
AND-NOT none
OR-NOT none
XOR-NOT none

Left longest: 5
Right longest: 1

Left winner: Identity no, NOT no, Constant no, AND yes, OR no, XOR no, AND-NOT no, OR-NOT no, XOR-NOT no
Right winner: Identity no, NOT no, Constant no, AND yes, OR no, XOR no, AND-NOT no, OR-NOT no, XOR-NOT no

Best left: AND35 46 57 60 71: 5
Best right: AND04: 1

Truncated left: AND35 46 57 60 71: 5
Truncated right: AND04: 1

Tentative from right
7 AND04
6 pending
5 pending
4 pending
3 pending
2 pending
1 pending
0 pending

Tentative
0 AND35
1 AND46
2 AND57
3 AND60
4 AND71
5 pending
6 pending
7 AND04

Preferred from left
0 AND35
1 AND46
2 AND57
3 AND60
4 AND71
5 ?02
6 ?13
7 AND04

Preferred from right
7 AND04
6 ?13
5 ?02
4 AND71
3 AND60
2 AND57
1 AND46
0 AND35

Preferred
0 AND35
1 AND46
2 AND57
3 AND60
4 AND71
5 ?02 ?20
6 ?13 ?31
7 AND04

Matching
0 AND35
1 AND46
2 AND57
3 AND60
4 AND71
5 ?02 ?20 - Identity absent, NOT absent, Constant C0, AND absent, OR absent, XOR absent, AND-NOT absent, OR-NOT absent, XOR-NOT absent
6 ?13 ?31 - Identity absent, NOT absent, Constant C0, AND absent, OR absent, XOR absent, AND-NOT absent, OR-NOT absent, XOR-NOT absent
7 AND04

Perfect match
Identity no
NOT no
Constant yes
AND no
OR no
XOR no
AND-NOT no
OR-NOT no
XOR-NOT no

Matched
0 AND35
1 AND46
2 AND57
3 AND60
4 AND71
5 C0
6 C0
7 AND04

Selected
0 AND35
1 AND46
2 AND57
3 AND60
4 AND71
5 C0
6 C0
7 AND04

Applying to 11010101
Input
0 1
1 1
2 0
3 1
4 0
5 1
6 0
7 1
Output
0 AND35 = AND(1,1) = 1
1 AND46 = AND(0,0) = 0
2 AND57 = AND(1,1) = 1
3 AND60 = AND(0,1) = 0
4 AND71 = AND(1,1) = 1
5 C0 = 0
6 C0 = 0
7 AND04 = AND(1,0) = 0

I will now return the answer in \boxed{}
The answer in \boxed{–} is \boxed{10101000}
[correct]
true
