[category]
bit_manipulation
[prompt]
In Alice's Wonderland, a secret bit manipulation rule transforms 8-bit binary numbers. The transformation involves operations like bit shifts, rotations, XOR, AND, OR, NOT, and possibly majority or choice functions.

Here are some examples of input -> output:
01011101 -> 00000001
00011111 -> 00000001
01000100 -> 00000000
10000001 -> 00000000
11111110 -> 00001111
00110100 -> 00000010
10001111 -> 00000000
00111001 -> 00000011

Now, determine the output for: 10100111
[completion]
We need to deduce the transformation by matching the example outputs.
I will put my final answer inside \boxed{}.

Output 0: 00000001
0 0
1 0
2 0
3 0
4 0
5 0
6 0
7 1

Output 1: 00000001
0 0
1 0
2 0
3 0
4 0
5 0
6 0
7 1

Output 2: 00000000
0 0
1 0
2 0
3 0
4 0
5 0
6 0
7 0

Output 3: 00000000
0 0
1 0
2 0
3 0
4 0
5 0
6 0
7 0

Output 4: 00001111
0 0
1 0
2 0
3 0
4 1
5 1
6 1
7 1

Output 5: 00000010
0 0
1 0
2 0
3 0
4 0
5 0
6 1
7 0

Output 6: 00000000
0 0
1 0
2 0
3 0
4 0
5 0
6 0
7 0

Output 7: 00000011
0 0
1 0
2 0
3 0
4 0
5 0
6 1
7 1

Output bit columns (with bitsum as hash)
0 00000000 a
1 00000000 a
2 00000000 a
3 00000000 a
4 00001000 1
5 00001000 1
6 00001101 3
7 11001001 4

Input 0: 01011101
0 0
1 1
2 0
3 1
4 1
5 1
6 0
7 1

Input 1: 00011111
0 0
1 0
2 0
3 1
4 1
5 1
6 1
7 1

Input 2: 01000100
0 0
1 1
2 0
3 0
4 0
5 1
6 0
7 0

Input 3: 10000001
0 1
1 0
2 0
3 0
4 0
5 0
6 0
7 1

Input 4: 11111110
0 1
1 1
2 1
3 1
4 1
5 1
6 1
7 0

Input 5: 00110100
0 0
1 0
2 1
3 1
4 0
5 1
6 0
7 0

Input 6: 10001111
0 1
1 0
2 0
3 0
4 1
5 1
6 1
7 1

Input 7: 00111001
0 0
1 0
2 1
3 1
4 1
5 0
6 0
7 1

When matching output
x: not in operator
y: wrong position

Identity
0 00011010 3
1 10101000 3
2 00001101 3 match 6
3 11001101 5
4 11001011 5
5 11101110 6
6 01001010 3
7 11010011 5

Matching output
0 absent
1 absent
2 absent
3 absent
4 absent
5 absent
6 2
7 absent

Left
none
Best: none

Right
none
Best: none

NOT
0 11100101 5
1 01010111 5
2 11110010 5
3 00110010 3
4 00110100 3
5 00010001 2
6 10110101 5
7 00101100 3

Matching output
0 absent
1 absent
2 absent
3 absent
4 absent
5 absent
6 absent
7 absent

Left
none
Best: none

Right
none
Best: none

Constant
0 00000000 a match 0 1 2 3
1 11111111 a

Matching output
0 C0
1 C0
2 C0
3 C0
4 absent
5 absent
6 absent
7 absent

Left
0 0 0 0
Best: C0 0 0 0: 4

Right
none
Best: none

AND
01 10 00001000 1 match 4 5
12 21 00001000 1 match 4 5
23 32 00001101 3 match 6
34 43 11001001 4 match 7
45 54 11001010 4
56 65 01001010 3
67 76 01000010 2
70 07 00010010 2

02 20 00001000 1 match 4 5
13 31 10001000 2
24 42 00001001 2
35 53 11001100 4
46 64 01001010 3
57 75 11000010 3
60 06 00001010 2
71 17 10000000 1

03 30 00001000 1 match 4 5
14 41 10001000 2
25 52 00001100 2
36 63 01001000 2
47 74 11000011 4
50 05 00001010 2
61 16 00001000 1 match 4 5
72 27 00000001 1

04 40 00001010 2
15 51 10101000 3
26 62 00001000 1 match 4 5
37 73 11000001 3

Matching output
0 absent
1 absent
2 absent
3 absent
4 01 10 12 21 02 20 03 30 61 16 26 62
5 01 10 12 21 02 20 03 30 61 16 26 62
6 23 32
7 34 43

Left
none
Best: none

Right
34 23 12 01 70x
43 32 21 10 07x
Best: AND34 23 12 01: 4

OR
01 10 10111010 5
12 21 10101101 5
23 32 11001101 5
34 43 11001111 6
45 54 11101111 7
56 65 11101110 6
67 76 11011011 6
70 07 11011011 6

02 20 00011111 5
13 31 11101101 6
24 42 11001111 6
35 53 11101111 7
46 64 11001011 5
57 75 11111111 a
60 06 01011010 4
71 17 11111011 7

03 30 11011111 7
14 41 11101011 6
25 52 11101111 7
36 63 11001111 6
47 74 11011011 6
50 05 11111110 7
61 16 11101010 5
72 27 11011111 7

04 40 11011011 6
15 51 11101110 6
26 62 01001111 5
37 73 11011111 7

Matching output
0 absent
1 absent
2 absent
3 absent
4 absent
5 absent
6 absent
7 absent

Left
none
Best: none

Right
none
Best: none

XOR
01 10 10110010 4
12 21 10100101 4
23 32 11000000 2
34 43 00000110 2
45 54 00100101 3
56 65 10100100 3
67 76 10011001 4
70 07 11001001 4 match 7

02 20 00010111 4
13 31 01100101 4
24 42 11000110 4
35 53 00100011 3
46 64 10000001 2
57 75 00111101 5
60 06 01010000 2
71 17 01111011 6

03 30 11010111 6
14 41 01100011 4
25 52 11100011 5
36 63 10000111 4
47 74 00011000 2
50 05 11110100 5
61 16 11100010 4
72 27 11011110 6

04 40 11010001 4
15 51 01000110 3
26 62 01000111 4
37 73 00011110 4

Matching output
0 absent
1 absent
2 absent
3 absent
4 absent
5 absent
6 absent
7 70 07

Left
none
Best: none

Right
70 67x
07 76x
Best: XOR70: 1

AND-NOT
01 00010010 2
12 10100000 2
23 00000000 a match 0 1 2 3
34 00000100 1
45 00000001 1
56 10100100 3
67 00001000 1 match 4 5
70 11000001 3

02 00010010 2
13 00100000 1
24 00000100 1
35 00000001 1
46 10000001 2
57 00101100 3
60 01000000 1
71 01010011 4

03 00010010 2
14 00100000 1
25 00000001 1
36 10000101 3
47 00001000 1 match 4 5
50 11100100 4
61 01000010 2
72 11010010 4

04 00010000 1
15 00000000 a match 0 1 2 3
26 00000101 2
37 00001100 2
40 11000001 3
51 01000110 3
62 01000010 2
73 00010010 2

05 00010000 1
16 10100000 2
27 00001100 2
30 11000101 4
41 01000011 3
52 11100010 4
63 00000010 1
74 00010000 1

06 00010000 1
17 00101000 2
20 00000101 2
31 01000101 3
42 11000010 3
53 00100010 2
64 00000000 a match 0 1 2 3
75 00010001 2

07 00001000 1 match 4 5
10 10100000 2
21 00000101 2
32 11000000 2
43 00000010 1
54 00100100 2
65 00000000 a match 0 1 2 3
76 10010001 3

Matching output
0 23 15 64 65
1 23 15 64 65
2 23 15 64 65
3 23 15 64 65
4 67 47 07
5 67 47 07
6 absent
7 absent

Left
23 34x
15 26x
64 75x
65 76x
Best: AND-NOT23: 1

Right
none
Best: none

OR-NOT
01 01011111 6
12 11111010 6
23 00111111 6
34 11111101 7
45 11011011 6
56 11111111 a
67 01101110 5
70 11110111 7

02 11111010 6
13 10111010 5
24 00111101 5
35 11011101 6
46 11111111 a
57 11101110 6
60 11101111 7
71 11010111 6

03 00111010 4
14 10111100 5
25 00011101 4
36 11111101 7
47 11101111 7
50 11101111 7
61 01011111 6
72 11110011 6

04 00111110 5
15 10111001 5
26 10111101 6
37 11101101 6
40 11101111 7
51 11111111 a
62 11111010 6
73 11110011 6

05 00011011 4
16 10111101 6
27 00101101 4
30 11101101 6
41 11011111 7
52 11111110 7
63 01111010 5
74 11110111 7

06 10111111 7
17 10101100 4
20 11101101 6
31 11011111 7
42 11111011 7
53 11111110 7
64 01111110 6
75 11010011 5

07 00111110 5
10 11101101 6
21 01011111 6
32 11111111 a
43 11111011 7
54 11111110 7
65 01011011 5
76 11110111 7

Matching output
0 absent
1 absent
2 absent
3 absent
4 absent
5 absent
6 absent
7 absent

Left
none
Best: none

Right
none
Best: none

XOR-NOT
01 01001101 4
12 01011010 4
23 00111111 6
34 11111001 6
45 11011010 5
56 01011011 5
67 01100110 4
70 00110110 4

02 11101000 4
13 10011010 4
24 00111001 4
35 11011100 5
46 01111110 6
57 11000010 3
60 10101111 6
71 10000100 2

03 00101000 2
14 10011100 4
25 00011100 3
36 01111000 4
47 11100111 6
50 00001011 3
61 00011101 4
72 00100001 2

04 00101110 4
15 10111001 5
26 10111000 4
37 11100001 4
40 00101110 4
51 10111001 5
62 10111000 4
73 11100001 4

05 00001011 3
16 00011101 4
27 00100001 2
30 00101000 2
41 10011100 4
52 00011100 3
63 01111000 4
74 11100111 6

06 10101111 6
17 10000100 2
20 11101000 4
31 10011010 4
42 00111001 4
53 11011100 5
64 01111110 6
75 11000010 3

07 00110110 4
10 01001101 4
21 01011010 4
32 00111111 6
43 11111001 6
54 11011010 5
65 01011011 5
76 01100110 4

Matching output
0 absent
1 absent
2 absent
3 absent
4 absent
5 absent
6 absent
7 absent

Left
none
Best: none

Right
none
Best: none

Selecting

Lefts
Identity none
NOT none
Constant C0 0 0 0: 4
AND none
OR none
XOR none
AND-NOT AND-NOT23: 1
OR-NOT none
XOR-NOT none

Rights
Identity none
NOT none
Constant none
AND AND34 23 12 01: 4
OR none
XOR XOR70: 1
AND-NOT none
OR-NOT none
XOR-NOT none

Left longest: 4
Right longest: 4

Left winner: Identity no, NOT no, Constant yes, AND no, OR no, XOR no, AND-NOT no, OR-NOT no, XOR-NOT no
Right winner: Identity no, NOT no, Constant no, AND yes, OR no, XOR no, AND-NOT no, OR-NOT no, XOR-NOT no

Best left: C0 0 0 0: 4
Best right: AND34 23 12 01: 4

Truncated left: C0 0 0 0: 4
Truncated right: AND34 23 12 01: 4

Tentative from right
7 AND34
6 AND23
5 AND12
4 AND01
3 pending
2 pending
1 pending
0 pending

Tentative
0 C0
1 C0
2 C0
3 C0
4 AND01
5 AND12
6 AND23
7 AND34

Preferred from left
0 C0
1 C0
2 C0
3 C0
4 AND01
5 AND12
6 AND23
7 AND34

Preferred from right
7 AND34
6 AND23
5 AND12
4 AND01
3 C0
2 C0
1 C0
0 C0

Preferred
0 C0
1 C0
2 C0
3 C0
4 AND01
5 AND12
6 AND23
7 AND34

Matching
0 C0
1 C0
2 C0
3 C0
4 AND01
5 AND12
6 AND23
7 AND34

Perfect match
Identity no
NOT no
Constant no
AND no
OR no
XOR no
AND-NOT no
OR-NOT no
XOR-NOT no

Matched
0 C0
1 C0
2 C0
3 C0
4 AND01
5 AND12
6 AND23
7 AND34

Selected
0 C0
1 C0
2 C0
3 C0
4 AND01
5 AND12
6 AND23
7 AND34

Applying to 10100111
Input
0 1
1 0
2 1
3 0
4 0
5 1
6 1
7 1
Output
0 C0 = 0
1 C0 = 0
2 C0 = 0
3 C0 = 0
4 AND01 = AND(1,0) = 0
5 AND12 = AND(0,1) = 0
6 AND23 = AND(1,0) = 0
7 AND34 = AND(0,0) = 0

I will now return the answer in \boxed{}
The answer in \boxed{–} is \boxed{00000000}
[correct]
true
