[category]
bit_manipulation
[prompt]
In Alice's Wonderland, a secret bit manipulation rule transforms 8-bit binary numbers. The transformation involves operations like bit shifts, rotations, XOR, AND, OR, NOT, and possibly majority or choice functions.

Here are some examples of input -> output:
01000111 -> 01100011
11111011 -> 00111101
10100001 -> 10010000
01100101 -> 11110010
11000100 -> 01100010
10010110 -> 11001011
11011100 -> 01101110
10100100 -> 01010010
01110000 -> 00111000
00000001 -> 11000000

Now, determine the output for: 00001100
[completion]
We need to deduce the transformation by matching the example outputs.
I will put my final answer inside \boxed{}.

Output 0: 01100011
0 0
1 1
2 1
3 0
4 0
5 0
6 1
7 1

Output 1: 00111101
0 0
1 0
2 1
3 1
4 1
5 1
6 0
7 1

Output 2: 10010000
0 1
1 0
2 0
3 1
4 0
5 0
6 0
7 0

Output 3: 11110010
0 1
1 1
2 1
3 1
4 0
5 0
6 1
7 0

Output 4: 01100010
0 0
1 1
2 1
3 0
4 0
5 0
6 1
7 0

Output 5: 11001011
0 1
1 1
2 0
3 0
4 1
5 0
6 1
7 1

Output 6: 01101110
0 0
1 1
2 1
3 0
4 1
5 1
6 1
7 0

Output 7: 01010010
0 0
1 1
2 0
3 1
4 0
5 0
6 1
7 0

Output 8: 00111000
0 0
1 0
2 1
3 1
4 1
5 0
6 0
7 0

Output 9: 11000000
0 1
1 1
2 0
3 0
4 0
5 0
6 0
7 0

Output bit columns (with bitsum as hash)
0 0011010001 4
1 1001111101 7
2 1101101010 6
3 0111000110 5
4 0100011010 4
5 0100001000 2
6 1001111100 6
7 1100010000 3

Input 0: 01000111
0 0
1 1
2 0
3 0
4 0
5 1
6 1
7 1

Input 1: 11111011
0 1
1 1
2 1
3 1
4 1
5 0
6 1
7 1

Input 2: 10100001
0 1
1 0
2 1
3 0
4 0
5 0
6 0
7 1

Input 3: 01100101
0 0
1 1
2 1
3 0
4 0
5 1
6 0
7 1

Input 4: 11000100
0 1
1 1
2 0
3 0
4 0
5 1
6 0
7 0

Input 5: 10010110
0 1
1 0
2 0
3 1
4 0
5 1
6 1
7 0

Input 6: 11011100
0 1
1 1
2 0
3 1
4 1
5 1
6 0
7 0

Input 7: 10100100
0 1
1 0
2 1
3 0
4 0
5 1
6 0
7 0

Input 8: 01110000
0 0
1 1
2 1
3 1
4 0
5 0
6 0
7 0

Input 9: 00000001
0 0
1 0
2 0
3 0
4 0
5 0
6 0
7 1

When matching output
x: not in operator
y: wrong position

Identity
0 0110111100 6
1 1101101010 6 match 2
2 0111000110 5 match 3
3 0100011010 4 match 4
4 0100001000 2 match 5
5 1001111100 6 match 6
6 1100010000 3 match 7
7 1111000001 5

Matching output
0 absent
1 absent
2 1
3 2
4 3
5 4
6 5
7 6

Left
none
Best: none

Right
6 5 4 3 2 1 0x
Best: I6 5 4 3 2 1: 6

NOT
0 1001000011 4
1 0010010101 4
2 1000111001 5
3 1011100101 6
4 1011110111 8
5 0110000011 4
6 0011101111 7
7 0000111110 5

Matching output
0 absent
1 absent
2 absent
3 absent
4 absent
5 absent
6 absent
7 absent

Left
none
Best: none

Right
none
Best: none

Constant
0 0000000000 a
1 1111111111 a

Matching output
0 absent
1 absent
2 absent
3 absent
4 absent
5 absent
6 absent
7 absent

Left
none
Best: none

Right
none
Best: none

AND
01 10 0100101000 3
12 21 0101000010 3
23 32 0100000010 2
34 43 0100001000 2 match 5
45 54 0000001000 1
56 65 1000010000 2
67 76 1100000000 2
70 07 0110000000 2

02 20 0110000100 3
13 31 0100001010 3
24 42 0100000000 1
35 53 0000011000 2
46 64 0100000000 1
57 75 1001000000 2
60 06 0100010000 2
71 17 1101000000 3

03 30 0100011000 3
14 41 0100001000 2 match 5
25 52 0001000100 2
36 63 0100010000 2
47 74 0100000000 1
50 05 0000111100 4
61 16 1100000000 2
72 27 0111000000 3

04 40 0100001000 2 match 5
15 51 1001101000 4
26 62 0100000000 1
37 73 0100000000 1

Matching output
0 absent
1 absent
2 absent
3 absent
4 absent
5 34 43 14 41 04 40
6 absent
7 absent

Left
none
Best: none

Right
none
Best: none

OR
01 10 1111111110 9
12 21 1111101110 8
23 32 0111011110 7
34 43 0100011010 4 match 4
45 54 1101111100 7
56 65 1101111100 7
67 76 1111010001 6
70 07 1111111101 9

02 20 0111111110 8
13 31 1101111010 7
24 42 0111001110 6
35 53 1101111110 8
46 64 1100011000 4
57 75 1111111101 9
60 06 1110111100 7
71 17 1111101011 8

03 30 0110111110 7
14 41 1101101010 6 match 2
25 52 1111111110 9
36 63 1100011010 5
47 74 1111001001 6
50 05 1111111100 8
61 16 1101111010 7
72 27 1111000111 7

04 40 0110111100 6
15 51 1101111110 8
26 62 1111010110 7
37 73 1111011011 8

Matching output
0 absent
1 absent
2 14 41
3 absent
4 34 43
5 absent
6 absent
7 absent

Left
none
Best: none

Right
none
Best: none

XOR
01 10 1011010110 6
12 21 1010101100 5
23 32 0011011100 5
34 43 0000010010 2
45 54 1101110100 6
56 65 0101101100 5
67 76 0011010001 4 match 0
70 07 1001111101 7 match 1

02 20 0001111010 5
13 31 1001110000 4
24 42 0011001110 5
35 53 1101100110 6
46 64 1000011000 3
57 75 0110111101 7
60 06 1010101100 5
71 17 0010101011 5

03 30 0010100110 4
14 41 1001100010 4
25 52 1110111010 7
36 63 1000001010 3
47 74 1011001001 5
50 05 1111000000 4
61 16 0001111010 5
72 27 1000000111 4

04 40 0010110100 4
15 51 0100010110 4
26 62 1011010110 6
37 73 1011011011 7

Matching output
0 67 76
1 70 07
2 absent
3 absent
4 absent
5 absent
6 absent
7 absent

Left
67 70 01x
76 07 10x
Best: XOR67 70: 2

Right
none
Best: none

AND-NOT
01 0010010100 3
12 1000101000 3
23 0011000100 3
34 0000010010 2
45 0100000000 1
56 0001101100 4
67 0000010000 1
70 1001000001 3

02 0000111000 3
13 1001100000 3
24 0011000110 4
35 0100000010 2
46 0000001000 1
57 0000111100 4
60 1000000000 1
71 0010000001 2

03 0010100100 3
14 1001100010 4
25 0110000010 3
36 0000001010 2
47 0000001000 1
50 1001000000 2
61 0000010000 1
72 1000000001 2

04 0010110100 4
15 0100000010 2
26 0011000110 4
37 0000011010 3
40 0000000000 a
51 0000010100 2
62 1000010000 2
73 1011000001 4

05 0110000000 2
16 0001101010 4
27 0000000110 2
30 0000000010 1
41 0000000000 a
52 1000111000 4
63 1000000000 1
74 1011000001 4

06 0010101100 4
17 0000101010 3
20 0001000010 2
31 0000010000 1
42 0000001000 1
53 1001100100 4
64 1000010000 2
75 0110000001 3

07 0000111100 4
10 1001000010 3
21 0010000100 2
32 0000011000 2
43 0000000000 a
54 1001110100 5
65 0100000000 1
76 0011000001 3

Matching output
0 absent
1 absent
2 absent
3 absent
4 absent
5 absent
6 absent
7 absent

Left
none
Best: none

Right
none
Best: none

OR-NOT
01 0110111101 7
12 1101111011 8
23 1111100111 8
34 1111111111 a
45 0110001011 5
56 1011111111 9
67 1100111110 7
70 1111000011 6

02 1110111101 8
13 1111101111 9
24 1111110111 9
35 0110011011 6
46 0111101111 8
57 1001111110 7
60 1101010011 6
71 1111010101 7

03 1111111101 9
14 1111111111 a
25 0111000111 6
36 0111111111 9
47 0100111110 6
50 1001111111 8
61 1110010101 6
72 1111111001 8

04 1111111111 a
15 1111101011 8
26 0111101111 8
37 0100111110 6
40 1101001011 6
51 1011111101 8
62 1100111001 6
73 1111100101 7

05 0110111111 8
16 1111101111 9
27 0111111110 8
30 1101011011 7
41 0110011101 6
52 1001111101 7 match 1
63 1111110101 8
74 1111110111 9

06 0111111111 9
17 1101111110 8
20 1111000111 7
31 0110011111 7
42 1100111001 6
53 1011111101 8
64 1111110111 9
75 1111000011 6

07 0110111110 7
10 1101101011 7
21 0111010111 7
32 1100111011 7
43 1111101101 8
54 1011111111 9
65 1110010011 6
76 1111101111 9

Matching output
0 absent
1 52
2 absent
3 absent
4 absent
5 absent
6 absent
7 absent

Left
none
Best: none

Right
none
Best: none

XOR-NOT
01 0100101001 4
12 0101010011 5
23 1100100011 5
34 1111101101 8
45 0010001011 4
56 1010010011 5
67 1100101110 6
70 0110000010 3

02 1110000101 5
13 0110001111 6
24 1100110001 5
35 0010011001 4
46 0111100111 7
57 1001000010 3
60 0101010011 5
71 1101010100 5

03 1101011001 6
14 0110011101 6
25 0001000101 3
36 0111110101 7
47 0100110110 5
50 0000111111 6
61 1110000101 5
72 0111111000 6

04 1101001011 6
15 1011101001 6
26 0100101001 4
37 0100100100 3
40 1101001011 6
51 1011101001 6
62 0100101001 4
73 0100100100 3

05 0000111111 6
16 1110000101 5
27 0111111000 6
30 1101011001 6
41 0110011101 6
52 0001000101 3
63 0111110101 7
74 0100110110 5

06 0101010011 5
17 1101010100 5
20 1110000101 5
31 0110001111 6
42 1100110001 5
53 0010011001 4
64 0111100111 7
75 1001000010 3

07 0110000010 3
10 0100101001 4
21 0101010011 5
32 1100100011 5
43 1111101101 8
54 0010001011 4
65 1010010011 5
76 1100101110 6

Matching output
0 absent
1 absent
2 absent
3 absent
4 absent
5 absent
6 absent
7 absent

Left
none
Best: none

Right
none
Best: none

Selecting

Lefts
Identity none
NOT none
Constant none
AND none
OR none
XOR XOR67 70: 2
AND-NOT none
OR-NOT none
XOR-NOT none

Rights
Identity I6 5 4 3 2 1: 6
NOT none
Constant none
AND none
OR none
XOR none
AND-NOT none
OR-NOT none
XOR-NOT none

Left longest: 2
Right longest: 6

Right winner: Identity yes, NOT no, Constant no, AND no, OR no, XOR no, AND-NOT no, OR-NOT no, XOR-NOT no
Left winner: Identity no, NOT no, Constant no, AND no, OR no, XOR yes, AND-NOT no, OR-NOT no, XOR-NOT no

Best right: I6 5 4 3 2 1: 6
Best left: XOR67 70: 2

Truncated right: I6 5 4 3 2 1: 6
Truncated left: XOR67 70: 2

Tentative from right
7 I6
6 I5
5 I4
4 I3
3 I2
2 I1
1 pending
0 pending

Tentative
0 XOR67
1 XOR70
2 I1
3 I2
4 I3
5 I4
6 I5
7 I6

Preferred from right
7 I6
6 I5
5 I4
4 I3
3 I2
2 I1
1 XOR70
0 XOR67

Preferred from left
0 XOR67
1 XOR70
2 I1
3 I2
4 I3
5 I4
6 I5
7 I6

Preferred
0 XOR67
1 XOR70
2 I1
3 I2
4 I3
5 I4
6 I5
7 I6

Matching
0 XOR67
1 XOR70
2 I1
3 I2
4 I3
5 I4
6 I5
7 I6

Perfect match
Identity no
NOT no
Constant no
AND no
OR no
XOR no
AND-NOT no
OR-NOT no
XOR-NOT no

Matched
0 XOR67
1 XOR70
2 I1
3 I2
4 I3
5 I4
6 I5
7 I6

Selected
0 XOR67
1 XOR70
2 I1
3 I2
4 I3
5 I4
6 I5
7 I6

Applying to 00001100
Input
0 0
1 0
2 0
3 0
4 1
5 1
6 0
7 0
Output
0 XOR67 = XOR(0,0) = 0
1 XOR70 = XOR(0,0) = 0
2 I1 = 0
3 I2 = 0
4 I3 = 0
5 I4 = 1
6 I5 = 1
7 I6 = 0

I will now return the answer in \boxed{}
The answer in \boxed{–} is \boxed{00000110}
[correct]
true
