[category]
bit_manipulation
[prompt]
In Alice's Wonderland, a secret bit manipulation rule transforms 8-bit binary numbers. The transformation involves operations like bit shifts, rotations, XOR, AND, OR, NOT, and possibly majority or choice functions.

Here are some examples of input -> output:
10100111 -> 01001010
00001101 -> 00010000
10011010 -> 00100000
10101101 -> 01011010
10100010 -> 00000000
01010100 -> 00000000
11011001 -> 10010000
01101111 -> 11010110

Now, determine the output for: 11010010
[completion]
We need to deduce the transformation by matching the example outputs.
I will put my final answer inside \boxed{}.

Output 0: 01001010
0 0
1 1
2 0
3 0
4 1
5 0
6 1
7 0

Output 1: 00010000
0 0
1 0
2 0
3 1
4 0
5 0
6 0
7 0

Output 2: 00100000
0 0
1 0
2 1
3 0
4 0
5 0
6 0
7 0

Output 3: 01011010
0 0
1 1
2 0
3 1
4 1
5 0
6 1
7 0

Output 4: 00000000
0 0
1 0
2 0
3 0
4 0
5 0
6 0
7 0

Output 5: 00000000
0 0
1 0
2 0
3 0
4 0
5 0
6 0
7 0

Output 6: 10010000
0 1
1 0
2 0
3 1
4 0
5 0
6 0
7 0

Output 7: 11010110
0 1
1 1
2 0
3 1
4 0
5 1
6 1
7 0

Output bit columns (with bitsum as hash)
0 00000011 2
1 10010001 3
2 00100000 1
3 01010011 4
4 10010000 2
5 00000001 1
6 10010001 3
7 00000000 a

Input 0: 10100111
0 1
1 0
2 1
3 0
4 0
5 1
6 1
7 1

Input 1: 00001101
0 0
1 0
2 0
3 0
4 1
5 1
6 0
7 1

Input 2: 10011010
0 1
1 0
2 0
3 1
4 1
5 0
6 1
7 0

Input 3: 10101101
0 1
1 0
2 1
3 0
4 1
5 1
6 0
7 1

Input 4: 10100010
0 1
1 0
2 1
3 0
4 0
5 0
6 1
7 0

Input 5: 01010100
0 0
1 1
2 0
3 1
4 0
5 1
6 0
7 0

Input 6: 11011001
0 1
1 1
2 0
3 1
4 1
5 0
6 0
7 1

Input 7: 01101111
0 0
1 1
2 1
3 0
4 1
5 1
6 1
7 1

When matching output
x: not in operator
y: wrong position

Identity
0 10111010 5
1 00000111 3
2 10011001 4
3 00100110 3
4 01110011 5
5 11010101 5
6 10101001 4
7 11010011 5

Matching output
0 absent
1 absent
2 absent
3 absent
4 absent
5 absent
6 absent
7 absent

Left
none
Best: none

Right
none
Best: none

NOT
0 01000101 3
1 11111000 5
2 01100110 4
3 11011001 5
4 10001100 3
5 00101010 3
6 01010110 4
7 00101100 3

Matching output
0 absent
1 absent
2 absent
3 absent
4 absent
5 absent
6 absent
7 absent

Left
none
Best: none

Right
none
Best: none

Constant
0 00000000 a match 7
1 11111111 a

Matching output
0 absent
1 absent
2 absent
3 absent
4 absent
5 absent
6 absent
7 C0

Left
none
Best: none

Right
0
Best: C0: 1

AND
01 10 00000010 1
12 21 00000001 1 match 5
23 32 00000000 a match 7
34 43 00100010 2
45 54 01010001 3
56 65 10000001 2
67 76 10000001 2
70 07 10010010 3

02 20 10011000 3
13 31 00000110 2
24 42 00010001 2
35 53 00000100 1
46 64 00100001 2
57 75 11010001 4
60 06 10101000 3
71 17 00000011 2 match 0

03 30 00100010 2
14 41 00000011 2 match 0
25 52 10010001 3 match 1 6
36 63 00100000 1 match 2
47 74 01010011 4 match 3
50 05 10010000 2 match 4
61 16 00000001 1 match 5
72 27 10010001 3 match 1 6

04 40 00110010 3
15 51 00000101 2
26 62 10001001 3
37 73 00000010 1

Matching output
0 71 17 14 41
1 25 52 72 27
2 36 63
3 47 74
4 50 05
5 12 21 61 16
6 25 52 72 27
7 23 32

Left
71 02x
17 20x
14 25 36 47 50 61 72 03x
41 52 63 74 05 16 27 30x
Best: AND14 25 36 47 50 61 72: 7

Right
23 12y
32 21y
Best: AND23: 1

OR
01 10 10111111 7
12 21 10011111 6
23 32 10111111 7
34 43 01110111 6
45 54 11110111 7
56 65 11111101 7
67 76 11111011 7
70 07 11111011 7

02 20 10111011 6
13 31 00100111 4
24 42 11111011 7
35 53 11110111 7
46 64 11111011 7
57 75 11010111 6
60 06 10111011 6
71 17 11010111 6

03 30 10111110 6
14 41 01110111 6
25 52 11011101 6
36 63 10101111 6
47 74 11110011 6
50 05 11111111 a
61 16 10101111 6
72 27 11011011 6

04 40 11111011 7
15 51 11010111 6
26 62 10111001 5
37 73 11110111 7

Matching output
0 absent
1 absent
2 absent
3 absent
4 absent
5 absent
6 absent
7 absent

Left
none
Best: none

Right
none
Best: none

XOR
01 10 10111101 6
12 21 10011110 5
23 32 10111111 7
34 43 01010101 4
45 54 10100110 4
56 65 01111100 5
67 76 01111010 5
70 07 01101001 4

02 20 00100011 3
13 31 00100001 2
24 42 11101010 5
35 53 11110011 6
46 64 11011010 5
57 75 00000110 2
60 06 00010011 3
71 17 11010100 4

03 30 10011100 4
14 41 01110100 4
25 52 01001100 3
36 63 10001111 5
47 74 10100000 2
50 05 01101111 6
61 16 10101110 5
72 27 01001010 3

04 40 11001001 4
15 51 11010010 4
26 62 00110000 2
37 73 11110101 6

Matching output
0 absent
1 absent
2 absent
3 absent
4 absent
5 absent
6 absent
7 absent

Left
none
Best: none

Right
none
Best: none

AND-NOT
01 10111000 4
12 00000110 2
23 10011001 4
34 00000100 1
45 00100010 2
56 01010100 3
67 00101000 2
70 01000001 2

02 00100010 2
13 00000001 1 match 5
24 10001000 2
35 00100010 2
46 01010010 3
57 00000100 1
60 00000001 1 match 5
71 11010000 3

03 10011000 3
14 00000100 1
25 00001000 1
36 00000110 2
47 00100000 1 match 2
50 01000101 3
61 10101000 3
72 01000010 2

04 10001000 2
15 00000010 1
26 00010000 1
37 00100100 2
40 01000001 2
51 11010000 3
62 00100000 1 match 2
73 11010001 4

05 00101010 3
16 00000110 2
27 00001000 1
30 00000100 1
41 01110000 3
52 01000100 2
63 10001001 3
74 10000000 1

06 00010010 2
17 00000100 1
20 00000001 1 match 5
31 00100000 1 match 2
42 01100010 3
53 11010001 4
64 10001000 2
75 00000010 1

07 00101000 2
10 00000101 2
21 10011000 3
32 00100110 3
43 01010001 3
54 10000100 2
65 00101000 2
76 01010010 3

Matching output
0 absent
1 absent
2 47 62 31
3 absent
4 absent
5 13 60 20
6 absent
7 absent

Left
none
Best: none

Right
none
Best: none

OR-NOT
01 11111010 6
12 01100111 5
23 11011001 5
34 10101110 5
45 01111011 6
56 11010111 6
67 10101101 5
70 11010111 6

02 11111110 7
13 11011111 7
24 10011101 5
35 00101110 4
46 01110111 6
57 11111101 7
60 11101101 6
71 11111011 7

03 11111011 7
14 10001111 5
25 10111011 6
36 01110110 5
47 01111111 7
50 11010101 5
61 11111001 6
72 11110111 7

04 10111110 6
15 00101111 5
26 11011111 7
37 00101110 4
40 01110111 6
51 11111101 7
62 11101111 7
73 11011011 6

05 10111010 5
16 01010111 5
27 10111101 6
30 01100111 5
41 11111011 7
52 11110111 7
63 11111001 6
74 11011111 7

06 11111110 7
17 00101111 5
20 11011101 6
31 11111110 7
42 01110111 6
53 11011101 6
64 10101101 5
75 11111011 7

07 10111110 6
10 01000111 4
21 11111001 6
32 01100110 4
43 11111011 7
54 11011101 6
65 10101011 5
76 11010111 6

Matching output
0 absent
1 absent
2 absent
3 absent
4 absent
5 absent
6 absent
7 absent

Left
none
Best: none

Right
none
Best: none

XOR-NOT
01 01000010 2
12 01100001 3
23 01000000 1
34 10101010 4
45 01011001 4
56 10000011 3
67 10000101 3
70 10010110 4

02 11011100 5
13 11011110 6
24 00010101 3
35 00001100 2
46 00100101 3
57 11111001 6
60 11101100 5
71 00101011 4

03 01100011 4
14 10001011 4
25 10110011 5
36 01110000 3
47 01011111 6
50 10010000 2 match 4
61 01010001 3
72 10110101 5

04 00110110 4
15 00101101 4
26 11001111 6
37 00001010 2
40 00110110 4
51 00101101 4
62 11001111 6
73 00001010 2

05 10010000 2 match 4
16 01010001 3
27 10110101 5
30 01100011 4
41 10001011 4
52 10110011 5
63 01110000 3
74 01011111 6

06 11101100 5
17 00101011 4
20 11011100 5
31 11011110 6
42 00010101 3
53 00001100 2
64 00100101 3
75 11111001 6

07 10010110 4
10 01000010 2
21 01100001 3
32 01000000 1
43 10101010 4
54 01011001 4
65 10000011 3
76 10000101 3

Matching output
0 absent
1 absent
2 absent
3 absent
4 50 05
5 absent
6 absent
7 absent

Left
none
Best: none

Right
none
Best: none

Selecting

Lefts
Identity none
NOT none
Constant none
AND AND14 25 36 47 50 61 72: 7
OR none
XOR none
AND-NOT none
OR-NOT none
XOR-NOT none

Rights
Identity none
NOT none
Constant C0: 1
AND AND23: 1
OR none
XOR none
AND-NOT none
OR-NOT none
XOR-NOT none

Left longest: 7
Right longest: 1

Left winner: Identity no, NOT no, Constant no, AND yes, OR no, XOR no, AND-NOT no, OR-NOT no, XOR-NOT no
Right winner: Identity no, NOT no, Constant yes, AND no, OR no, XOR no, AND-NOT no, OR-NOT no, XOR-NOT no

Best left: AND14 25 36 47 50 61 72: 7
Best right: C0: 1

Truncated left: AND14 25 36 47 50 61 72: 7
Truncated right: C0: 1

Tentative from right
7 C0
6 pending
5 pending
4 pending
3 pending
2 pending
1 pending
0 pending

Tentative
0 AND14
1 AND25
2 AND36
3 AND47
4 AND50
5 AND61
6 AND72
7 C0

Preferred from left
0 AND14
1 AND25
2 AND36
3 AND47
4 AND50
5 AND61
6 AND72
7 C0

Preferred from right
7 C0
6 AND72
5 AND61
4 AND50
3 AND47
2 AND36
1 AND25
0 AND14

Preferred
0 AND14
1 AND25
2 AND36
3 AND47
4 AND50
5 AND61
6 AND72
7 C0

Matching
0 AND14
1 AND25
2 AND36
3 AND47
4 AND50
5 AND61
6 AND72
7 C0

Perfect match
Identity no
NOT no
Constant no
AND no
OR no
XOR no
AND-NOT no
OR-NOT no
XOR-NOT no

Matched
0 AND14
1 AND25
2 AND36
3 AND47
4 AND50
5 AND61
6 AND72
7 C0

Selected
0 AND14
1 AND25
2 AND36
3 AND47
4 AND50
5 AND61
6 AND72
7 C0

Applying to 11010010
Input
0 1
1 1
2 0
3 1
4 0
5 0
6 1
7 0
Output
0 AND14 = AND(1,0) = 0
1 AND25 = AND(0,0) = 0
2 AND36 = AND(1,1) = 1
3 AND47 = AND(0,0) = 0
4 AND50 = AND(0,1) = 0
5 AND61 = AND(1,1) = 1
6 AND72 = AND(0,0) = 0
7 C0 = 0

I will now return the answer in \boxed{}
The answer in \boxed{–} is \boxed{00100100}
[correct]
true
