[category]
bit_manipulation
[prompt]
In Alice's Wonderland, a secret bit manipulation rule transforms 8-bit binary numbers. The transformation involves operations like bit shifts, rotations, XOR, AND, OR, NOT, and possibly majority or choice functions.

Here are some examples of input -> output:
10000011 -> 00011101
00101000 -> 01000001
01111001 -> 11001011
10010100 -> 10100101
11110000 -> 10000110
11011111 -> 11111111
01110011 -> 10011011
00111001 -> 11001001
01101100 -> 01100011

Now, determine the output for: 00001000
[completion]
We need to deduce the transformation by matching the example outputs.
I will put my final answer inside \boxed{}.

Output 0: 00011101
0 0
1 0
2 0
3 1
4 1
5 1
6 0
7 1

Output 1: 01000001
0 0
1 1
2 0
3 0
4 0
5 0
6 0
7 1

Output 2: 11001011
0 1
1 1
2 0
3 0
4 1
5 0
6 1
7 1

Output 3: 10100101
0 1
1 0
2 1
3 0
4 0
5 1
6 0
7 1

Output 4: 10000110
0 1
1 0
2 0
3 0
4 0
5 1
6 1
7 0

Output 5: 11111111
0 1
1 1
2 1
3 1
4 1
5 1
6 1
7 1

Output 6: 10011011
0 1
1 0
2 0
3 1
4 1
5 0
6 1
7 1

Output 7: 11001001
0 1
1 1
2 0
3 0
4 1
5 0
6 0
7 1

Output 8: 01100011
0 0
1 1
2 1
3 0
4 0
5 0
6 1
7 1

Output bit columns (with bitsum as hash)
0 001111110 6
1 011001011 5
2 000101001 3
3 100001100 3
4 101001110 5
5 100111000 4
6 001011101 5
7 111101111 8

Input 0: 10000011
0 1
1 0
2 0
3 0
4 0
5 0
6 1
7 1

Input 1: 00101000
0 0
1 0
2 1
3 0
4 1
5 0
6 0
7 0

Input 2: 01111001
0 0
1 1
2 1
3 1
4 1
5 0
6 0
7 1

Input 3: 10010100
0 1
1 0
2 0
3 1
4 0
5 1
6 0
7 0

Input 4: 11110000
0 1
1 1
2 1
3 1
4 0
5 0
6 0
7 0

Input 5: 11011111
0 1
1 1
2 0
3 1
4 1
5 1
6 1
7 1

Input 6: 01110011
0 0
1 1
2 1
3 1
4 0
5 0
6 1
7 1

Input 7: 00111001
0 0
1 0
2 1
3 1
4 1
5 0
6 0
7 1

Input 8: 01101100
0 0
1 1
2 1
3 0
4 1
5 1
6 0
7 0

When matching output
x: not in operator
y: wrong position

Identity
0 100111000 4 match 5
1 001011101 5 match 6
2 011010111 6
3 001111110 6 match 0
4 011001011 5 match 1
5 000101001 3 match 2
6 100001100 3 match 3
7 101001110 5 match 4

Matching output
0 3
1 4
2 5
3 6
4 7
5 0
6 1
7 absent

Left
3 4 5 6 7 0 1 2x
Best: I3 4 5 6 7 0 1: 7

Right
none
Best: none

NOT
0 011000111 5
1 110100010 4
2 100101000 3
3 110000001 3
4 100110100 4
5 111010110 6
6 011110011 6
7 010110001 4

Matching output
0 absent
1 absent
2 absent
3 absent
4 absent
5 absent
6 absent
7 absent

Left
none
Best: none

Right
none
Best: none

Constant
0 000000000 a
1 111111111 a

Matching output
0 absent
1 absent
2 absent
3 absent
4 absent
5 absent
6 absent
7 absent

Left
none
Best: none

Right
none
Best: none

AND
01 10 000011000 2
12 21 001010101 4
23 32 001010110 4
34 43 001001010 3
45 54 000001001 2
56 65 000001000 1
67 76 100001100 3 match 3
70 07 100001000 2

02 20 000010000 1
13 31 001011100 4
24 42 011000011 4
35 53 000101000 2
46 64 000001000 1
57 75 000001000 1
60 06 100001000 2
71 17 001001100 3

03 30 000111000 3
14 41 001001001 3
25 52 000000001 1
36 63 000001100 2
47 74 001001010 3
50 05 000101000 2
61 16 000001100 2
72 27 001000110 3

04 40 000001000 1
15 51 000001001 2
26 62 000000100 1
37 73 001001110 4

Matching output
0 absent
1 absent
2 absent
3 67 76
4 absent
5 absent
6 absent
7 absent

Left
none
Best: none

Right
none
Best: none

OR
01 10 101111101 7
12 21 011011111 7
23 32 011111111 8
34 43 011111111 8
45 54 011101011 6
56 65 100101101 5
67 76 101001110 5 match 4
70 07 101111110 7

02 20 111111111 a
13 31 001111111 7
24 42 011011111 7
35 53 001111111 7
46 64 111001111 7
57 75 101101111 7
60 06 100111100 5
71 17 101011111 7

03 30 101111110 7
14 41 011011111 7
25 52 011111111 8
36 63 101111110 7
47 74 111001111 7
50 05 100111001 5
61 16 101011101 6
72 27 111011111 8

04 40 111111011 8
15 51 001111101 6
26 62 111011111 8
37 73 101111110 7

Matching output
0 absent
1 absent
2 absent
3 absent
4 67 76
5 absent
6 absent
7 absent

Left
none
Best: none

Right
none
Best: none

XOR
01 10 101100101 5
12 21 010001010 3
23 32 010101001 4
34 43 010110101 5
45 54 011100010 4
56 65 100100101 4
67 76 001000010 2
70 07 001110110 5

02 20 111101111 8 match 7
13 31 000100011 3
24 42 000011100 3
35 53 001010111 5
46 64 111000111 6
57 75 101100111 6
60 06 000110100 3
71 17 100010011 4

03 30 101000110 4
14 41 010010110 4
25 52 011111110 7
36 63 101110010 5
47 74 110000101 4
50 05 100010001 3
61 16 101010001 4
72 27 110011001 5

04 40 111110011 7
15 51 001110100 4
26 62 111011011 7
37 73 100110000 3

Matching output
0 absent
1 absent
2 absent
3 absent
4 absent
5 absent
6 absent
7 02 20

Left
none
Best: none

Right
02 71x
20 17x
Best: XOR02: 1

AND-NOT
01 100100000 2
12 000001000 1
23 010000001 2
34 000110100 3
45 011000010 3
56 000100001 2
67 000000000 a
70 001000110 3

02 100101000 3
13 000000001 1
24 000010100 2
35 001010110 4
46 011000011 4
57 000100001 2
60 000000100 1
71 100000010 2

03 100000000 1
14 000010100 2
25 011010110 5
36 001110010 4
47 010000001 2
50 000000001 1
61 100000000 1
72 100001000 2

04 100110000 3
15 001010100 3
26 011010011 5
37 000110000 2
40 011000011 4
51 000100000 1
62 100001000 2
73 100000000 1

05 100010000 2
16 001010001 3
27 010010001 3
30 001000110 3
41 010000010 2
52 000101000 2
63 100000000 1
74 100000100 2

06 000110000 2
17 000010001 2
20 011000111 5
31 000100010 2
42 000001000 1
53 000000001 1
64 100000100 2
75 101000110 4

07 000110000 2
10 001000101 3
21 010000010 2
32 000101000 2
43 010000001 2
54 000100000 1
65 100000100 2
76 001000010 2

Matching output
0 absent
1 absent
2 absent
3 absent
4 absent
5 absent
6 absent
7 absent

Left
none
Best: none

Right
none
Best: none

OR-NOT
01 110111010 6
12 101111101 7
23 111010111 7
34 101111110 7
45 111011111 8
56 011111011 7
67 110111101 7
70 111001111 7

02 100111000 4 match 5
13 111011101 7
24 111110111 8
35 111111110 8
46 011111011 7
57 010111001 5
60 111001111 7
71 111101110 7

03 110111001 6
14 101111101 7
25 111010111 7
36 011111111 8
47 011111011 7
50 011101111 7
61 110101110 6
72 101101110 6

04 100111100 5
15 111011111 8
26 011110111 7
37 011111111 8
40 011001111 6
51 110101011 6
62 100101100 4
73 111001111 7

05 111111110 8
16 011111111 8
27 011110111 7
30 011111111 8
41 111101011 7
52 100101001 4
63 110001101 5
74 101111110 7

06 111111011 8
17 011111101 7
20 011010111 6
31 111111110 8
42 111101011 7
53 110101001 5
64 100111100 5
75 111011110 7

07 110111001 6
10 011011111 7
21 111110111 8
32 101111110 7
43 111001011 6
54 100111101 6
65 111011110 7
76 111111111 a

Matching output
0 absent
1 absent
2 absent
3 absent
4 absent
5 02
6 absent
7 absent

Left
none
Best: none

Right
none
Best: none

XOR-NOT
01 010011010 4
12 101110101 6
23 101010110 5
34 101001010 4
45 100011101 5
56 011011010 5
67 110111101 7
70 110001001 4

02 000010000 1
13 111011100 6
24 111100011 6
35 110101000 4
46 000111000 3
57 010011000 3
60 111001011 6
71 011101100 5

03 010111001 5
14 101101001 5
25 100000001 2
36 010001101 4
47 001111010 5
50 011101110 6
61 010101110 5
72 001100110 4

04 000001100 2
15 110001011 5
26 000100100 2
37 011001111 6
40 000001100 2
51 110001011 5
62 000100100 2
73 011001111 6

05 011101110 6
16 010101110 5
27 001100110 4
30 010111001 5
41 101101001 5
52 100000001 2
63 010001101 4
74 001111010 5

06 111001011 6
17 011101100 5
20 000010000 1
31 111011100 6
42 111100011 6
53 110101000 4
64 000111000 3
75 010011000 3

07 110001001 4
10 010011010 4
21 101110101 6
32 101010110 5
43 101001010 4
54 100011101 5
65 011011010 5
76 110111101 7

Matching output
0 absent
1 absent
2 absent
3 absent
4 absent
5 absent
6 absent
7 absent

Left
none
Best: none

Right
none
Best: none

Selecting

Lefts
Identity I3 4 5 6 7 0 1: 7
NOT none
Constant none
AND none
OR none
XOR none
AND-NOT none
OR-NOT none
XOR-NOT none

Rights
Identity none
NOT none
Constant none
AND none
OR none
XOR XOR02: 1
AND-NOT none
OR-NOT none
XOR-NOT none

Left longest: 7
Right longest: 1

Left winner: Identity yes, NOT no, Constant no, AND no, OR no, XOR no, AND-NOT no, OR-NOT no, XOR-NOT no
Right winner: Identity no, NOT no, Constant no, AND no, OR no, XOR yes, AND-NOT no, OR-NOT no, XOR-NOT no

Best left: I3 4 5 6 7 0 1: 7
Best right: XOR02: 1

Truncated left: I3 4 5 6 7 0 1: 7
Truncated right: XOR02: 1

Tentative from right
7 XOR02
6 pending
5 pending
4 pending
3 pending
2 pending
1 pending
0 pending

Tentative
0 I3
1 I4
2 I5
3 I6
4 I7
5 I0
6 I1
7 XOR02

Preferred from left
0 I3
1 I4
2 I5
3 I6
4 I7
5 I0
6 I1
7 XOR02

Preferred from right
7 XOR02
6 I1
5 I0
4 I7
3 I6
2 I5
1 I4
0 I3

Preferred
0 I3
1 I4
2 I5
3 I6
4 I7
5 I0
6 I1
7 XOR02

Matching
0 I3
1 I4
2 I5
3 I6
4 I7
5 I0
6 I1
7 XOR02

Perfect match
Identity no
NOT no
Constant no
AND no
OR no
XOR no
AND-NOT no
OR-NOT no
XOR-NOT no

Matched
0 I3
1 I4
2 I5
3 I6
4 I7
5 I0
6 I1
7 XOR02

Selected
0 I3
1 I4
2 I5
3 I6
4 I7
5 I0
6 I1
7 XOR02

Applying to 00001000
Input
0 0
1 0
2 0
3 0
4 1
5 0
6 0
7 0
Output
0 I3 = 0
1 I4 = 1
2 I5 = 0
3 I6 = 0
4 I7 = 0
5 I0 = 0
6 I1 = 0
7 XOR02 = XOR(0,0) = 0

I will now return the answer in \boxed{}
The answer in \boxed{–} is \boxed{01000000}
[correct]
true
