[category]
bit_manipulation
[prompt]
In Alice's Wonderland, a secret bit manipulation rule transforms 8-bit binary numbers. The transformation involves operations like bit shifts, rotations, XOR, AND, OR, NOT, and possibly majority or choice functions.

Here are some examples of input -> output:
01111111 -> 11101111
01101011 -> 01101101
00010110 -> 11000010
00101111 -> 11100101
10010000 -> 00010010
10011111 -> 11110011
10110011 -> 01110110
11101111 -> 11111101
10100011 -> 01110100

Now, determine the output for: 01011010
[completion]
We need to deduce the transformation by matching the example outputs.
I will put my final answer inside \boxed{}.

Output 0: 11101111
0 1
1 1
2 1
3 0
4 1
5 1
6 1
7 1

Output 1: 01101101
0 0
1 1
2 1
3 0
4 1
5 1
6 0
7 1

Output 2: 11000010
0 1
1 1
2 0
3 0
4 0
5 0
6 1
7 0

Output 3: 11100101
0 1
1 1
2 1
3 0
4 0
5 1
6 0
7 1

Output 4: 00010010
0 0
1 0
2 0
3 1
4 0
5 0
6 1
7 0

Output 5: 11110011
0 1
1 1
2 1
3 1
4 0
5 0
6 1
7 1

Output 6: 01110110
0 0
1 1
2 1
3 1
4 0
5 1
6 1
7 0

Output 7: 11111101
0 1
1 1
2 1
3 1
4 1
5 1
6 0
7 1

Output 8: 01110100
0 0
1 1
2 1
3 1
4 0
5 1
6 0
7 0

Output bit columns (with bitsum as hash)
0 101101010 5
1 111101111 8
2 110101111 7
3 000011111 5
4 110000010 3
5 110100111 6
6 101011100 5
7 110101010 5

Input 0: 01111111
0 0
1 1
2 1
3 1
4 1
5 1
6 1
7 1

Input 1: 01101011
0 0
1 1
2 1
3 0
4 1
5 0
6 1
7 1

Input 2: 00010110
0 0
1 0
2 0
3 1
4 0
5 1
6 1
7 0

Input 3: 00101111
0 0
1 0
2 1
3 0
4 1
5 1
6 1
7 1

Input 4: 10010000
0 1
1 0
2 0
3 1
4 0
5 0
6 0
7 0

Input 5: 10011111
0 1
1 0
2 0
3 1
4 1
5 1
6 1
7 1

Input 6: 10110011
0 1
1 0
2 1
3 1
4 0
5 0
6 1
7 1

Input 7: 11101111
0 1
1 1
2 1
3 0
4 1
5 1
6 1
7 1

Input 8: 10100011
0 1
1 0
2 1
3 0
4 0
5 0
6 1
7 1

When matching output
x: not in operator
y: wrong position

Identity
0 000011111 5 match 3
1 110000010 3 match 4
2 110100111 6 match 5
3 101011100 5 match 6
4 110101010 5 match 7
5 101101010 5 match 0
6 111101111 8 match 1
7 110101111 7 match 2

Matching output
0 5
1 6
2 7
3 0
4 1
5 2
6 3
7 4

Left
5 6 7 0 1 2 3 4
Best: I5 6 7 0 1 2 3 4: 8

Right
4 3 2 1 0 7 6 5
Best: I4 3 2 1 0 7 6 5: 8

NOT
0 111100000 4
1 001111101 6
2 001011000 3
3 010100011 4
4 001010101 4
5 010010101 4
6 000010000 1
7 001010000 2

Matching output
0 absent
1 absent
2 absent
3 absent
4 absent
5 absent
6 absent
7 absent

Left
none
Best: none

Right
none
Best: none

Constant
0 000000000 a
1 111111111 a

Matching output
0 absent
1 absent
2 absent
3 absent
4 absent
5 absent
6 absent
7 absent

Left
none
Best: none

Right
none
Best: none

AND
01 10 000000010 1
12 21 110000010 3 match 4
23 32 100000100 2
34 43 100001000 2
45 54 100101010 4
56 65 101101010 5 match 0
67 76 110101111 7 match 2
70 07 000001111 4

02 20 000000111 3
13 31 100000000 1
24 42 110100010 4
35 53 101001000 3
46 64 110101010 5 match 7
57 75 100101010 4
60 06 000001111 4
71 17 110000010 3 match 4

03 30 000011100 3
14 41 110000010 3 match 4
25 52 100100010 3
36 63 101001100 4
47 74 110101010 5 match 7
50 05 000001010 2
61 16 110000010 3 match 4
72 27 110100111 6 match 5

04 40 000001010 2
15 51 100000010 2
26 62 110100111 6 match 5
37 73 100001100 3

Matching output
0 56 65
1 absent
2 67 76
3 absent
4 12 21 71 17 14 41 61 16
5 72 27 26 62
6 absent
7 46 64 47 74

Left
56 67y
65 76y
Best: AND56: 1

Right
46 35x
64 53x
47 36x
74 63x
Best: AND46: 1

OR
01 10 110011111 7
12 21 110100111 6 match 5
23 32 111111111 a
34 43 111111110 8
45 54 111101010 6
56 65 111101111 8 match 1
67 76 111101111 8 match 1
70 07 110111111 8

02 20 110111111 8
13 31 111011110 7
24 42 110101111 7 match 2
35 53 101111110 7
46 64 111101111 8 match 1
57 75 111101111 8 match 1
60 06 111111111 a
71 17 110101111 7 match 2

03 30 101011111 7
14 41 110101010 5 match 7
25 52 111101111 8 match 1
36 63 111111111 a
47 74 110101111 7 match 2
50 05 101111111 8
61 16 111101111 8 match 1
72 27 110101111 7 match 2

04 40 110111111 8
15 51 111101010 6
26 62 111101111 8 match 1
37 73 111111111 a

Matching output
0 absent
1 56 65 67 76 46 64 57 75 25 52 61 16 26 62
2 24 42 71 17 47 74 72 27
3 absent
4 absent
5 12 21
6 absent
7 14 41

Left
none
Best: none

Right
14 03x
41 30x
Best: OR14: 1

XOR
01 10 110011101 6
12 21 000100101 3
23 32 011111011 7
34 43 011110110 6
45 54 011000000 2
56 65 010000101 3
67 76 001000000 1
70 07 110110000 4

02 20 110111000 5
13 31 011011110 6
24 42 000001101 3
35 53 000110110 4
46 64 001000101 3
57 75 011000101 4
60 06 111110000 5
71 17 000101101 4

03 30 101000011 4
14 41 000101000 2
25 52 011001101 5
36 63 010110011 5
47 74 000000101 2
50 05 101110101 6
61 16 001101101 5
72 27 000001000 1

04 40 110110101 6
15 51 011101000 4
26 62 001001000 2
37 73 011110011 6

Matching output
0 absent
1 absent
2 absent
3 absent
4 absent
5 absent
6 absent
7 absent

Left
none
Best: none

Right
none
Best: none

AND-NOT
01 000011101 4
12 000000000 a
23 010100011 4
34 001010100 3
45 010000000 1
56 000000000 a
67 001000000 1
70 110100000 3

02 000011000 2
13 010000010 2
24 000000101 2
35 000010100 2
46 000000000 a
57 001000000 1
60 111100000 4
71 000101101 4

03 000000011 2
14 000000000 a
25 010000101 3
36 000010000 1
47 000000000 a
50 101100000 3
61 001101101 5
72 000001000 1

04 000010101 3
15 010000000 1
26 000000000 a
37 001010000 2
40 110100000 3
51 001101000 3
62 001001000 2
73 010100011 4

05 000010101 3
16 000000000 a
27 000000000 a
30 101000000 2
41 000101000 2
52 001001000 2
63 010100011 4
74 000000101 2

06 000010000 1
17 000000000 a
20 110100000 3
31 001011100 4
42 000001000 1
53 000100010 2
64 001000101 3
75 010000101 3

07 000010000 1
10 110000000 2
21 000100101 3
32 001011000 3
43 010100010 3
54 001000000 1
65 010000101 3
76 000000000 a

Matching output
0 absent
1 absent
2 absent
3 absent
4 absent
5 absent
6 absent
7 absent

Left
none
Best: none

Right
none
Best: none

OR-NOT
01 001111111 7
12 111011010 6
23 110100111 6 match 5
34 101011101 6
45 110111111 8
56 101111010 6
67 111111111 a
70 111101111 8 match 1

02 001011111 6
13 110100011 5
24 111110111 8
35 111011101 7
46 110111010 6
57 101111010 6
60 111101111 8 match 1
71 111111111 a

03 010111111 7
14 111010111 7
25 110110111 7
36 101011100 5 match 6
47 111111010 7
50 111101010 6
61 111111111 a
72 111111111 a

04 001011111 6
15 110010111 6
26 110110111 7
37 101011100 5 match 6
40 111101010 6
51 101111111 8
62 111111111 a
73 110101111 7 match 2

05 010011111 6
16 110010010 4
27 111110111 8
30 111111100 7
41 111111111 a
52 101111010 6
63 111101111 8 match 1
74 111111111 a

06 000011111 5 match 3
17 111010010 5
20 111100111 7
31 101111101 7
42 111111010 7
53 111101011 7
64 111111111 a
75 110111111 8

07 001011111 6
10 111100010 5
21 111111111 a
32 101011100 5 match 6
43 110101011 6
54 101111111 8
65 111111111 a
76 110111111 8

Matching output
0 absent
1 70 60 63
2 73
3 06
4 absent
5 23
6 36 37 32
7 absent

Left
none
Best: none

Right
none
Best: none

XOR-NOT
01 001100010 3
12 111011010 6
23 100000100 2
34 100001001 3
45 100111111 7
56 101111010 6
67 110111111 8
70 001001111 5

02 001000111 4
13 100100001 3
24 111110010 6
35 111001001 5
46 110111010 6
57 100111010 5
60 000001111 4
71 111010010 5

03 010111100 5
14 111010111 7
25 100110010 4
36 101001100 4
47 111111010 7
50 010001010 3
61 110010010 4
72 111110111 8

04 001001010 3
15 100010111 5
26 110110111 7
37 100001100 3
40 001001010 3
51 100010111 5
62 110110111 7
73 100001100 3

05 010001010 3
16 110010010 4
27 111110111 8
30 010111100 5
41 111010111 7
52 100110010 4
63 101001100 4
74 111111010 7

06 000001111 4
17 111010010 5
20 001000111 4
31 100100001 3
42 111110010 6
53 111001001 5
64 110111010 6
75 100111010 5

07 001001111 5
10 001100010 3
21 111011010 6
32 100000100 2
43 100001001 3
54 100111111 7
65 101111010 6
76 110111111 8

Matching output
0 absent
1 absent
2 absent
3 absent
4 absent
5 absent
6 absent
7 absent

Left
none
Best: none

Right
none
Best: none

Selecting

Lefts
Identity I5 6 7 0 1 2 3 4: 8
NOT none
Constant none
AND AND56: 1
OR none
XOR none
AND-NOT none
OR-NOT none
XOR-NOT none

Rights
Identity I4 3 2 1 0 7 6 5: 8
NOT none
Constant none
AND AND46: 1
OR OR14: 1
XOR none
AND-NOT none
OR-NOT none
XOR-NOT none

Left longest: 8
Right longest: 8

Left winner: Identity yes, NOT no, Constant no, AND no, OR no, XOR no, AND-NOT no, OR-NOT no, XOR-NOT no
Right winner: Identity yes, NOT no, Constant no, AND no, OR no, XOR no, AND-NOT no, OR-NOT no, XOR-NOT no

Best left: I5 6 7 0 1 2 3 4: 8
Best right: I4 3 2 1 0 7 6 5: 8

Truncated left: I5 6 7 0 1 2 3 4: 8
Truncated right: none truncated

Tentative from right
7 pending
6 pending
5 pending
4 pending
3 pending
2 pending
1 pending
0 pending

Tentative
0 I5
1 I6
2 I7
3 I0
4 I1
5 I2
6 I3
7 I4

Preferred from left
0 I5
1 I6
2 I7
3 I0
4 I1
5 I2
6 I3
7 I4

Preferred from right
7 I4
6 I3
5 I2
4 I1
3 I0
2 I7
1 I6
0 I5

Preferred
0 I5
1 I6
2 I7
3 I0
4 I1
5 I2
6 I3
7 I4

Matching
0 I5
1 I6
2 I7
3 I0
4 I1
5 I2
6 I3
7 I4

Perfect match
Identity no
NOT no
Constant no
AND no
OR no
XOR no
AND-NOT no
OR-NOT no
XOR-NOT no

Matched
0 I5
1 I6
2 I7
3 I0
4 I1
5 I2
6 I3
7 I4

Selected
0 I5
1 I6
2 I7
3 I0
4 I1
5 I2
6 I3
7 I4

Applying to 01011010
Input
0 0
1 1
2 0
3 1
4 1
5 0
6 1
7 0
Output
0 I5 = 0
1 I6 = 1
2 I7 = 0
3 I0 = 0
4 I1 = 1
5 I2 = 0
6 I3 = 1
7 I4 = 1

I will now return the answer in \boxed{}
The answer in \boxed{–} is \boxed{01001011}
[correct]
true
