[category]
bit_manipulation
[prompt]
In Alice's Wonderland, a secret bit manipulation rule transforms 8-bit binary numbers. The transformation involves operations like bit shifts, rotations, XOR, AND, OR, NOT, and possibly majority or choice functions.

Here are some examples of input -> output:
10001000 -> 01000100
10000100 -> 00100100
11110011 -> 00011111
11011110 -> 10001110
01111110 -> 00000011
00011000 -> 10000000
00010001 -> 10001000
01000011 -> 00010110

Now, determine the output for: 11000101
[completion]
We need to deduce the transformation by matching the example outputs.
I will put my final answer inside \boxed{}.

Output 0: 01000100
0 0
1 1
2 0
3 0
4 0
5 1
6 0
7 0

Output 1: 00100100
0 0
1 0
2 1
3 0
4 0
5 1
6 0
7 0

Output 2: 00011111
0 0
1 0
2 0
3 1
4 1
5 1
6 1
7 1

Output 3: 10001110
0 1
1 0
2 0
3 0
4 1
5 1
6 1
7 0

Output 4: 00000011
0 0
1 0
2 0
3 0
4 0
5 0
6 1
7 1

Output 5: 10000000
0 1
1 0
2 0
3 0
4 0
5 0
6 0
7 0

Output 6: 10001000
0 1
1 0
2 0
3 0
4 1
5 0
6 0
7 0

Output 7: 00010110
0 0
1 0
2 0
3 1
4 0
5 1
6 1
7 0

Output bit columns (with bitsum as hash)
0 00010110 3
1 10000000 1
2 01000000 1
3 00100001 2
4 00110010 3
5 11110001 5
6 00111001 4
7 00101000 2

Input 0: 10001000
0 1
1 0
2 0
3 0
4 1
5 0
6 0
7 0

Input 1: 10000100
0 1
1 0
2 0
3 0
4 0
5 1
6 0
7 0

Input 2: 11110011
0 1
1 1
2 1
3 1
4 0
5 0
6 1
7 1

Input 3: 11011110
0 1
1 1
2 0
3 1
4 1
5 1
6 1
7 0

Input 4: 01111110
0 0
1 1
2 1
3 1
4 1
5 1
6 1
7 0

Input 5: 00011000
0 0
1 0
2 0
3 1
4 1
5 0
6 0
7 0

Input 6: 00010001
0 0
1 0
2 0
3 1
4 0
5 0
6 0
7 1

Input 7: 01000011
0 0
1 1
2 0
3 0
4 0
5 0
6 1
7 1

When matching output
x: not in operator
y: wrong position

Identity
0 11110000 4
1 00111001 4 match 6
2 00101000 2 match 7
3 00111110 5
4 10011100 4
5 01011000 3
6 00111001 4 match 6
7 00100011 3

Matching output
0 absent
1 absent
2 absent
3 absent
4 absent
5 absent
6 1 6
7 2

Left
none
Best: none

Right
2 1 0x
Best: I2 1: 2

NOT
0 00001111 4
1 11000110 4
2 11010111 6
3 11000001 3
4 01100011 4
5 10100111 5
6 11000110 4
7 11011100 5

Matching output
0 absent
1 absent
2 absent
3 absent
4 absent
5 absent
6 absent
7 absent

Left
none
Best: none

Right
none
Best: none

Constant
0 00000000 a
1 11111111 a

Matching output
0 absent
1 absent
2 absent
3 absent
4 absent
5 absent
6 absent
7 absent

Left
none
Best: none

Right
none
Best: none

AND
01 10 00110000 2
12 21 00101000 2 match 7
23 32 00101000 2 match 7
34 43 00011100 3
45 54 00011000 2
56 65 00011000 2
67 76 00100001 2 match 3
70 07 00100000 1

02 20 00100000 1
13 31 00111000 3
24 42 00001000 1
35 53 00011000 2
46 64 00011000 2
57 75 00000000 a
60 06 00110000 2
71 17 00100001 2 match 3

03 30 00110000 2
14 41 00011000 2
25 52 00001000 1
36 63 00111000 3
47 74 00000000 a
50 05 01010000 2
61 16 00111001 4 match 6
72 27 00100000 1

04 40 10010000 2
15 51 00011000 2
26 62 00101000 2 match 7
37 73 00100010 2

Matching output
0 absent
1 absent
2 absent
3 67 76 71 17
4 absent
5 absent
6 61 16
7 12 21 23 32 26 62

Left
none
Best: none

Right
12 01x
21 10x
23 12y
32 21y
26 15x
62 51x
Best: AND12: 1

OR
01 10 11111001 6
12 21 00111001 4 match 6
23 32 00111110 5
34 43 10111110 6
45 54 11011100 5
56 65 01111001 5
67 76 00111011 5
70 07 11110011 6

02 20 11111000 5
13 31 00111111 6
24 42 10111100 5
35 53 01111110 6
46 64 10111101 6
57 75 01111011 6
60 06 11111001 6
71 17 00111011 5

03 30 11111110 7
14 41 10111101 6
25 52 01111000 4
36 63 00111111 6
47 74 10111111 7
50 05 11111000 5
61 16 00111001 4 match 6
72 27 00101011 4

04 40 11111100 6
15 51 01111001 5
26 62 00111001 4 match 6
37 73 00111111 6

Matching output
0 absent
1 absent
2 absent
3 absent
4 absent
5 absent
6 12 21 61 16 26 62
7 absent

Left
none
Best: none

Right
none
Best: none

XOR
01 10 11001001 4
12 21 00010001 2
23 32 00010110 3 match 0
34 43 10100010 3
45 54 11000100 3
56 65 01100001 3
67 76 00011010 3
70 07 11010011 5

02 20 11011000 4
13 31 00000111 3
24 42 10110100 4
35 53 01100110 4
46 64 10100101 4
57 75 01111011 6
60 06 11001001 4
71 17 00011010 3

03 30 11001110 5
14 41 10100101 4
25 52 01110000 3
36 63 00000111 3
47 74 10111111 7
50 05 10101000 3
61 16 00000000 a
72 27 00001011 3

04 40 01101100 4
15 51 01100001 3
26 62 00010001 2
37 73 00011101 4

Matching output
0 23 32
1 absent
2 absent
3 absent
4 absent
5 absent
6 absent
7 absent

Left
23 34x
32 43x
Best: XOR23: 1

Right
none
Best: none

AND-NOT
01 11000000 2
12 00010001 2
23 00000000 a
34 00100010 2
45 10000100 2
56 01000000 1 match 2
67 00011000 2
70 00000011 2

02 11010000 3
13 00000001 1
24 00100000 1
35 00100110 3
46 10000100 2
57 01011000 3
60 00001001 2
71 00000010 1

03 11000000 2
14 00100001 2 match 3
25 00100000 1
36 00000110 2
47 10011100 4
50 00001000 1
61 00000000 a
72 00000011 2

04 01100000 2
15 00100001 2 match 3
26 00000000 a
37 00011100 3
40 00001100 2
51 01000000 1 match 2
62 00010001 2
73 00000001 1

05 10100000 2
16 00000000 a
27 00001000 1
30 00001110 3
41 10000100 2
52 01010000 2
63 00000001 1
74 00100011 3

06 11000000 2
17 00011000 2
20 00001000 1
31 00000110 2
42 10010100 3
53 01000000 1 match 2
64 00100001 2 match 3
75 00100011 3

07 11010000 3
10 00001001 2
21 00000000 a
32 00010110 3 match 0
43 10000000 1 match 1
54 01000000 1 match 2
65 00100001 2 match 3
76 00000010 1

Matching output
0 32
1 43
2 56 51 53 54
3 14 15 64 65
4 absent
5 absent
6 absent
7 absent

Left
32 43 54 65 76x
Best: AND-NOT32 43 54 65: 4

Right
none
Best: none

OR-NOT
01 11110110 6
12 11111111 a
23 11101001 5
34 01111111 7
45 10111111 7
56 11011110 6
67 11111101 7
70 00101111 5

02 11110111 7
13 11111001 6
24 01101011 5
35 10111111 7
46 11011110 6
57 11011100 5
60 00111111 6
71 11100111 6

03 11110001 5 match 5
14 01111011 6
25 10101111 6
36 11111110 7
47 11011100 5
50 01011111 6
61 11111111 a
72 11110111 7

04 11110011 6
15 10111111 7
26 11101110 6
37 11111110 7
40 10011111 6
51 11011110 6
62 11111111 a
73 11100011 5

05 11110111 7
16 11111111 a
27 11111100 6
30 00111111 6
41 11011110 6
52 11011111 7
63 11111001 6
74 01100011 4

06 11110110 6
17 11111101 7
20 00101111 5
31 11111110 7
42 11011111 7
53 11011001 5
64 01111011 6
75 10100111 5

07 11111100 6
10 00111111 6
21 11101110 6
32 11111111 a
43 11011101 6
54 01111011 6
65 10111111 7
76 11100111 6

Matching output
0 absent
1 absent
2 absent
3 absent
4 absent
5 03
6 absent
7 absent

Left
none
Best: none

Right
none
Best: none

XOR-NOT
01 00110110 4
12 11101110 6
23 11101001 5
34 01011101 5
45 00111011 5
56 10011110 5
67 11100101 5
70 00101100 3

02 00100111 4
13 11111000 5
24 01001011 4
35 10011001 4
46 01011010 4
57 10000100 2
60 00110110 4
71 11100101 5

03 00110001 3
14 01011010 4
25 10001111 5
36 11111000 5
47 01000000 1 match 2
50 01010111 5
61 11111111 a
72 11110100 5

04 10010011 4
15 10011110 5
26 11101110 6
37 11100010 4
40 10010011 4
51 10011110 5
62 11101110 6
73 11100010 4

05 01010111 5
16 11111111 a
27 11110100 5
30 00110001 3
41 01011010 4
52 10001111 5
63 11111000 5
74 01000000 1 match 2

06 00110110 4
17 11100101 5
20 00100111 4
31 11111000 5
42 01001011 4
53 10011001 4
64 01011010 4
75 10000100 2

07 00101100 3
10 00110110 4
21 11101110 6
32 11101001 5
43 01011101 5
54 00111011 5
65 10011110 5
76 11100101 5

Matching output
0 absent
1 absent
2 47 74
3 absent
4 absent
5 absent
6 absent
7 absent

Left
none
Best: none

Right
none
Best: none

Selecting

Lefts
Identity none
NOT none
Constant none
AND none
OR none
XOR XOR23: 1
AND-NOT AND-NOT32 43 54 65: 4
OR-NOT none
XOR-NOT none

Rights
Identity I2 1: 2
NOT none
Constant none
AND AND12: 1
OR none
XOR none
AND-NOT none
OR-NOT none
XOR-NOT none

Left longest: 4
Right longest: 2

Left winner: Identity no, NOT no, Constant no, AND no, OR no, XOR no, AND-NOT yes, OR-NOT no, XOR-NOT no
Right winner: Identity yes, NOT no, Constant no, AND no, OR no, XOR no, AND-NOT no, OR-NOT no, XOR-NOT no

Best left: AND-NOT32 43 54 65: 4
Best right: I2 1: 2

Truncated left: AND-NOT32 43 54 65: 4
Truncated right: I2 1: 2

Tentative from right
7 I2
6 I1
5 pending
4 pending
3 pending
2 pending
1 pending
0 pending

Tentative
0 AND-NOT32
1 AND-NOT43
2 AND-NOT54
3 AND-NOT65
4 pending
5 pending
6 I1
7 I2

Preferred from left
0 AND-NOT32
1 AND-NOT43
2 AND-NOT54
3 AND-NOT65
4 ?76
5 ?07
6 I1
7 I2

Preferred from right
7 I2
6 I1
5 ?07
4 ?76
3 AND-NOT65
2 AND-NOT54
1 AND-NOT43
0 AND-NOT32

Preferred
0 AND-NOT32
1 AND-NOT43
2 AND-NOT54
3 AND-NOT65
4 ?76 ?67
5 ?07 ?70
6 I1
7 I2

Matching
0 AND-NOT32
1 AND-NOT43
2 AND-NOT54
3 AND-NOT65
4 ?76 ?67 - Identity absent, NOT absent, Constant absent, AND absent, OR absent, XOR absent, AND-NOT absent, OR-NOT absent, XOR-NOT absent
5 ?07 ?70 - Identity absent, NOT absent, Constant absent, AND absent, OR absent, XOR absent, AND-NOT absent, OR-NOT absent, XOR-NOT absent
6 I1
7 I2

Perfect match
Identity no
NOT no
Constant no
AND no
OR no
XOR no
AND-NOT no
OR-NOT no
XOR-NOT no

Matched
0 AND-NOT32
1 AND-NOT43
2 AND-NOT54
3 AND-NOT65
4 none
5 none
6 I1
7 I2

Selected
0 AND-NOT32
1 AND-NOT43
2 AND-NOT54
3 AND-NOT65
4 default 1
5 default 1
6 I1
7 I2

Applying to 11000101
Input
0 1
1 1
2 0
3 0
4 0
5 1
6 0
7 1
Output
0 AND-NOT32 = AND(0,NOT(0)) = 0
1 AND-NOT43 = AND(0,NOT(0)) = 0
2 AND-NOT54 = AND(1,NOT(0)) = 1
3 AND-NOT65 = AND(0,NOT(1)) = 0
4 default 1 = 1
5 default 1 = 1
6 I1 = 1
7 I2 = 0

I will now return the answer in \boxed{}
The answer in \boxed{–} is \boxed{00101110}
[correct]
true
