[category]
bit_manipulation
[prompt]
In Alice's Wonderland, a secret bit manipulation rule transforms 8-bit binary numbers. The transformation involves operations like bit shifts, rotations, XOR, AND, OR, NOT, and possibly majority or choice functions.

Here are some examples of input -> output:
01101010 -> 01011101
10001000 -> 01110111
00100111 -> 00001101
11111000 -> 01111111
10001110 -> 00010111
00110101 -> 00101110
01101111 -> 10001101
10000011 -> 01010111
11100101 -> 00111101

Now, determine the output for: 10100001
[completion]
We need to deduce the transformation by matching the example outputs.
I will put my final answer inside \boxed{}.

Output 0: 01011101
0 0
1 1
2 0
3 1
4 1
5 1
6 0
7 1

Output 1: 01110111
0 0
1 1
2 1
3 1
4 0
5 1
6 1
7 1

Output 2: 00001101
0 0
1 0
2 0
3 0
4 1
5 1
6 0
7 1

Output 3: 01111111
0 0
1 1
2 1
3 1
4 1
5 1
6 1
7 1

Output 4: 00010111
0 0
1 0
2 0
3 1
4 0
5 1
6 1
7 1

Output 5: 00101110
0 0
1 0
2 1
3 0
4 1
5 1
6 1
7 0

Output 6: 10001101
0 1
1 0
2 0
3 0
4 1
5 1
6 0
7 1

Output 7: 01010111
0 0
1 1
2 0
3 1
4 0
5 1
6 1
7 1

Output 8: 00111101
0 0
1 0
2 1
3 1
4 1
5 1
6 0
7 1

Output bit columns (with bitsum as hash)
0 000000100 1
1 110100010 4
2 010101001 4
3 110110011 6
4 101101101 6
5 111111111 a
6 010111010 5
7 111110111 8

Input 0: 01101010
0 0
1 1
2 1
3 0
4 1
5 0
6 1
7 0

Input 1: 10001000
0 1
1 0
2 0
3 0
4 1
5 0
6 0
7 0

Input 2: 00100111
0 0
1 0
2 1
3 0
4 0
5 1
6 1
7 1

Input 3: 11111000
0 1
1 1
2 1
3 1
4 1
5 0
6 0
7 0

Input 4: 10001110
0 1
1 0
2 0
3 0
4 1
5 1
6 1
7 0

Input 5: 00110101
0 0
1 0
2 1
3 1
4 0
5 1
6 0
7 1

Input 6: 01101111
0 0
1 1
2 1
3 0
4 1
5 1
6 1
7 1

Input 7: 10000011
0 1
1 0
2 0
3 0
4 0
5 0
6 1
7 1

Input 8: 11100101
0 1
1 1
2 1
3 0
4 0
5 1
6 0
7 1

When matching output
x: not in operator
y: wrong position

Identity
0 010110011 5
1 100100101 4
2 101101101 6 match 4
3 000101000 2
4 110110100 5
5 001011101 5
6 101010110 5
7 001001111 5

Matching output
0 absent
1 absent
2 absent
3 absent
4 2
5 absent
6 absent
7 absent

Left
none
Best: none

Right
none
Best: none

NOT
0 101001100 4
1 011011010 5
2 010010010 3
3 111010111 7
4 001001011 4
5 110100010 4 match 1
6 010101001 4 match 2
7 110110000 4

Matching output
0 absent
1 5
2 6
3 absent
4 absent
5 absent
6 absent
7 absent

Left
none
Best: none

Right
none
Best: none

Constant
0 000000000 a
1 111111111 a match 5

Matching output
0 absent
1 absent
2 absent
3 absent
4 absent
5 C1
6 absent
7 absent

Left
none
Best: none

Right
none
Best: none

AND
01 10 000100001 2
12 21 100100101 4
23 32 000101000 2
34 43 000100000 1
45 54 000010100 2
56 65 001010100 3
67 76 001000110 3
70 07 000000011 2

02 20 000100001 2
13 31 000100000 1
24 42 100100100 3
35 53 000001000 1
46 64 100010100 3
57 75 001001101 4
60 06 000010010 2
71 17 000000101 2

03 30 000100000 1
14 41 100100100 3
25 52 001001101 4
36 63 000000000 a
47 74 000000100 1 match 0
50 05 000010001 2
61 16 100000100 2
72 27 001001101 4

04 40 010110000 3
15 51 000000101 2
26 62 101000100 3
37 73 000001000 1

Matching output
0 47 74
1 absent
2 absent
3 absent
4 absent
5 absent
6 absent
7 absent

Left
47 50x
74 05x
Best: AND47: 1

Right
none
Best: none

OR
01 10 110110111 7
12 21 101101101 6 match 4
23 32 101101101 6 match 4
34 43 110111100 6
45 54 111111101 8
56 65 101011111 7
67 76 101011111 7
70 07 011111111 8

02 20 111111111 a match 5
13 31 100101101 5
24 42 111111101 8
35 53 001111101 6
46 64 111110110 7
57 75 001011111 6
60 06 111110111 8 match 7
71 17 101101111 7

03 30 010111011 6
14 41 110110101 6
25 52 101111101 7
36 63 101111110 7
47 74 111111111 a match 5
50 05 011111111 8
61 16 101110111 7
72 27 101101111 7

04 40 110110111 7
15 51 101111101 7
26 62 101111111 8
37 73 001101111 6

Matching output
0 absent
1 absent
2 absent
3 absent
4 12 21 23 32
5 02 20 47 74
6 absent
7 60 06

Left
none
Best: none

Right
60 57x
06 75x
Best: OR60: 1

XOR
01 10 110010110 5
12 21 001001000 2
23 32 101000101 4
34 43 110011100 5
45 54 111101001 6
56 65 100001011 4
67 76 100011001 4
70 07 011111100 6

02 20 111011110 7
13 31 100001101 4
24 42 011011001 5
35 53 001110101 5
46 64 011100010 4
57 75 000010010 2
60 06 111100101 6
71 17 101101010 5

03 30 010011011 5
14 41 010010001 3
25 52 100110000 3
36 63 101111110 7
47 74 111111011 8
50 05 011101110 6
61 16 001110011 5
72 27 100100010 3

04 40 100000111 4
15 51 101111000 5
26 62 000111011 5
37 73 001100111 5

Matching output
0 absent
1 absent
2 absent
3 absent
4 absent
5 absent
6 absent
7 absent

Left
none
Best: none

Right
none
Best: none

AND-NOT
01 010010010 3
12 000000000 a
23 101000101 4
34 000001000 1
45 110100000 3
56 000001001 2
67 100010000 2
70 001001100 3

02 010010010 3
13 100000101 3
24 001001001 3
35 000100000 1
46 010100000 2
57 000010000 1
60 101000100 3
71 001001010 3

03 010010011 4
14 000000001 1
25 100100000 2
36 000101000 2
47 110110000 4
50 001001100 3
61 001010010 3
72 000000010 1

04 000000011 2
15 100100000 2
26 000101001 3
37 000100000 1
40 100000100 2
51 001011000 3
62 000010010 2
73 001000111 4

05 010100010 3
16 000100001 2
27 100100000 2
30 000001000 1
41 010010000 2
52 000010000 1
63 101010110 5
74 001001011 4

06 010100001 3
17 100100000 2
20 101001100 4
31 000001000 1
42 010010000 2
53 001010101 4
64 001000010 2
75 000000010 1

07 010110000 3
10 100000100 2
21 001001000 2
32 000000000 a
43 110010100 4
54 001001001 3
65 100000010 2
76 000001001 2

Matching output
0 absent
1 absent
2 absent
3 absent
4 absent
5 absent
6 absent
7 absent

Left
none
Best: none

Right
none
Best: none

OR-NOT
01 011111011 7
12 110110111 7
23 111111111 a match 5
34 001101011 5
45 110110110 6
56 011111101 7
67 111110110 7
70 101001111 6

02 010110011 5
13 111110111 8 match 7
24 101101111 7
35 110101010 5
46 110111101 7
57 111111101 8
60 101011110 6
71 011011111 7

03 111110111 8 match 7
14 101101111 7
25 111101111 8
36 010101001 4 match 2
47 110110100 5
50 101011101 6
61 111011110 7
72 011011111 7

04 011111011 7
15 110100111 6
26 111101101 7
37 110111000 5
40 111111100 7
51 011011111 7
62 111010110 6
73 111011111 8

05 110110011 6 match 3
16 110101101 6
27 111111101 8
30 101101100 5
41 111111110 8
52 011011111 7
63 111010111 7
74 001001111 5

06 010111011 6
17 110110101 6
20 101101101 6 match 4
31 011111010 6
42 110110110 6
53 111011111 8
64 101011111 7
75 111101111 8

07 110110011 6 match 3
10 101101101 6 match 4
21 111111111 a match 5
32 010111010 5 match 6
43 111110111 8 match 7
54 001011111 6
65 111110110 7
76 011101111 7

Matching output
0 absent
1 absent
2 36
3 05 07
4 20 10
5 23 21
6 32
7 13 03 43

Left
none
Best: none

Right
13 02x
03 72x
43 32 21 10 07 76x
Best: OR-NOT43 32 21 10 07: 5

XOR-NOT
01 001101001 4
12 110110111 7
23 010111010 5 match 6
34 001100011 4
45 000010110 3
56 011110100 5
67 011100110 5
70 100000011 3

02 000100001 2
13 011110010 5
24 100100110 4
35 110001010 4
46 100011101 5
57 111101101 7
60 000011010 3
71 010010101 4

03 101100100 4
14 101101110 6
25 011001111 6
36 010000001 2
47 000000100 1 match 0
50 100010001 3
61 110001100 4
72 011011101 6

04 011111000 5
15 010000111 4
26 111000100 4
37 110011000 4
40 011111000 5
51 010000111 4
62 111000100 4
73 110011000 4

05 100010001 3
16 110001100 4
27 011011101 6
30 101100100 4
41 101101110 6
52 011001111 6
63 010000001 2
74 000000100 1 match 0

06 000011010 3
17 010010101 4
20 000100001 2
31 011110010 5
42 100100110 4
53 110001010 4
64 100011101 5
75 111101101 7

07 100000011 3
10 001101001 4
21 110110111 7
32 010111010 5 match 6
43 001100011 4
54 000010110 3
65 011110100 5
76 011100110 5

Matching output
0 47 74
1 absent
2 absent
3 absent
4 absent
5 absent
6 23 32
7 absent

Left
47 50x
74 05x
Best: XOR-NOT47: 1

Right
none
Best: none

Selecting

Lefts
Identity none
NOT none
Constant none
AND AND47: 1
OR none
XOR none
AND-NOT none
OR-NOT none
XOR-NOT XOR-NOT47: 1

Rights
Identity none
NOT none
Constant none
AND none
OR OR60: 1
XOR none
AND-NOT none
OR-NOT OR-NOT43 32 21 10 07: 5
XOR-NOT none

Left longest: 1
Right longest: 5

Right winner: Identity no, NOT no, Constant no, AND no, OR no, XOR no, AND-NOT no, OR-NOT yes, XOR-NOT no
Left winner: Identity no, NOT no, Constant no, AND yes, OR no, XOR no, AND-NOT no, OR-NOT no, XOR-NOT no

Best right: OR-NOT43 32 21 10 07: 5
Best left: AND47: 1

Truncated right: OR-NOT43 32 21 10 07: 5
Truncated left: AND47: 1

Tentative from right
7 OR-NOT43
6 OR-NOT32
5 OR-NOT21
4 OR-NOT10
3 OR-NOT07
2 pending
1 pending
0 pending

Tentative
0 AND47
1 pending
2 pending
3 OR-NOT07
4 OR-NOT10
5 OR-NOT21
6 OR-NOT32
7 OR-NOT43

Preferred from right
7 OR-NOT43
6 OR-NOT32
5 OR-NOT21
4 OR-NOT10
3 OR-NOT07
2 ?76
1 ?65
0 AND47

Preferred from left
0 AND47
1 ?65
2 ?76
3 OR-NOT07
4 OR-NOT10
5 OR-NOT21
6 OR-NOT32
7 OR-NOT43

Preferred
0 AND47
1 ?65 ?56
2 ?76 ?67
3 OR-NOT07
4 OR-NOT10
5 OR-NOT21
6 OR-NOT32
7 OR-NOT43

Matching
0 AND47
1 ?65 ?56 - Identity absent, NOT NOT5, Constant absent, AND absent, OR absent, XOR absent, AND-NOT absent, OR-NOT absent, XOR-NOT absent
2 ?76 ?67 - Identity absent, NOT NOT6, Constant absent, AND absent, OR absent, XOR absent, AND-NOT absent, OR-NOT absent, XOR-NOT absent
3 OR-NOT07
4 OR-NOT10
5 OR-NOT21
6 OR-NOT32
7 OR-NOT43

Perfect match
Identity no
NOT yes
Constant no
AND no
OR no
XOR no
AND-NOT no
OR-NOT no
XOR-NOT no

Matched
0 AND47
1 NOT5
2 NOT6
3 OR-NOT07
4 OR-NOT10
5 OR-NOT21
6 OR-NOT32
7 OR-NOT43

Selected
0 AND47
1 NOT5
2 NOT6
3 OR-NOT07
4 OR-NOT10
5 OR-NOT21
6 OR-NOT32
7 OR-NOT43

Applying to 10100001
Input
0 1
1 0
2 1
3 0
4 0
5 0
6 0
7 1
Output
0 AND47 = AND(0,1) = 0
1 NOT5 = NOT(0) = 1
2 NOT6 = NOT(0) = 1
3 OR-NOT07 = OR(1,NOT(1)) = 1
4 OR-NOT10 = OR(0,NOT(1)) = 0
5 OR-NOT21 = OR(1,NOT(0)) = 1
6 OR-NOT32 = OR(0,NOT(1)) = 0
7 OR-NOT43 = OR(0,NOT(0)) = 1

I will now return the answer in \boxed{}
The answer in \boxed{–} is \boxed{01110101}
[correct]
true
