[category]
bit_manipulation
[prompt]
In Alice's Wonderland, a secret bit manipulation rule transforms 8-bit binary numbers. The transformation involves operations like bit shifts, rotations, XOR, AND, OR, NOT, and possibly majority or choice functions.

Here are some examples of input -> output:
01001010 -> 00000000
11111111 -> 00000111
01010101 -> 00000000
00110111 -> 00000000
01000111 -> 00000000
01100010 -> 00000001
01100100 -> 00000001
00111101 -> 00000000
10101010 -> 00000000

Now, determine the output for: 01110111
[completion]
We need to deduce the transformation by matching the example outputs.
I will put my final answer inside \boxed{}.

Output 0: 00000000
0 0
1 0
2 0
3 0
4 0
5 0
6 0
7 0

Output 1: 00000111
0 0
1 0
2 0
3 0
4 0
5 1
6 1
7 1

Output 2: 00000000
0 0
1 0
2 0
3 0
4 0
5 0
6 0
7 0

Output 3: 00000000
0 0
1 0
2 0
3 0
4 0
5 0
6 0
7 0

Output 4: 00000000
0 0
1 0
2 0
3 0
4 0
5 0
6 0
7 0

Output 5: 00000001
0 0
1 0
2 0
3 0
4 0
5 0
6 0
7 1

Output 6: 00000001
0 0
1 0
2 0
3 0
4 0
5 0
6 0
7 1

Output 7: 00000000
0 0
1 0
2 0
3 0
4 0
5 0
6 0
7 0

Output 8: 00000000
0 0
1 0
2 0
3 0
4 0
5 0
6 0
7 0

Output bit columns (with bitsum as hash)
0 000000000 a
1 000000000 a
2 000000000 a
3 000000000 a
4 000000000 a
5 010000000 1
6 010000000 1
7 010001100 3

Input 0: 01001010
0 0
1 1
2 0
3 0
4 1
5 0
6 1
7 0

Input 1: 11111111
0 1
1 1
2 1
3 1
4 1
5 1
6 1
7 1

Input 2: 01010101
0 0
1 1
2 0
3 1
4 0
5 1
6 0
7 1

Input 3: 00110111
0 0
1 0
2 1
3 1
4 0
5 1
6 1
7 1

Input 4: 01000111
0 0
1 1
2 0
3 0
4 0
5 1
6 1
7 1

Input 5: 01100010
0 0
1 1
2 1
3 0
4 0
5 0
6 1
7 0

Input 6: 01100100
0 0
1 1
2 1
3 0
4 0
5 1
6 0
7 0

Input 7: 00111101
0 0
1 0
2 1
3 1
4 1
5 1
6 0
7 1

Input 8: 10101010
0 1
1 0
2 1
3 0
4 1
5 0
6 1
7 0

When matching output
x: not in operator
y: wrong position

Identity
0 010000001 2
1 111011100 6
2 010101111 6
3 011100010 4
4 110000011 4
5 011110110 6
6 110111001 6
7 011110010 5

Matching output
0 absent
1 absent
2 absent
3 absent
4 absent
5 absent
6 absent
7 absent

Left
none
Best: none

Right
none
Best: none

NOT
0 101111110 7
1 000100011 3
2 101010000 3
3 100011101 5
4 001111100 5
5 100001001 3
6 001000110 3
7 100001101 4

Matching output
0 absent
1 absent
2 absent
3 absent
4 absent
5 absent
6 absent
7 absent

Left
none
Best: none

Right
none
Best: none

Constant
0 000000000 a match 0 1 2 3 4
1 111111111 a

Matching output
0 C0
1 C0
2 C0
3 C0
4 C0
5 absent
6 absent
7 absent

Left
0 0 0 0 0
Best: C0 0 0 0 0: 5

Right
none
Best: none

AND
01 10 010000000 1 match 5 6
12 21 010001100 3 match 7
23 32 010100010 3
34 43 010000010 2
45 54 010000010 2
56 65 010110000 3
67 76 010110000 3
70 07 010000000 1 match 5 6

02 20 010000001 2
13 31 011000000 2
24 42 010000011 3
35 53 011100010 4
46 64 110000001 3
57 75 011110010 5
60 06 010000001 2
71 17 011010000 3

03 30 010000000 1 match 5 6
14 41 110000000 2
25 52 010100110 4
36 63 010100000 2
47 74 010000010 2
50 05 010000000 1 match 5 6
61 16 110011000 4
72 27 010100010 3

04 40 010000001 2
15 51 011010100 4
26 62 010101001 4
37 73 011100010 4

Matching output
0 absent
1 absent
2 absent
3 absent
4 absent
5 01 10 70 07 03 30 50 05
6 01 10 70 07 03 30 50 05
7 12 21

Left
none
Best: none

Right
12 01 70 67x
21 10 07 76x
Best: AND12 01 70: 3

OR
01 10 111011101 7
12 21 111111111 a
23 32 011101111 7
34 43 111100011 6
45 54 111110111 8
56 65 111111111 a
67 76 111111011 8
70 07 011110011 6

02 20 010101111 6
13 31 111111110 8
24 42 110101111 7
35 53 011110110 6
46 64 110111011 7
57 75 011110110 6
60 06 110111001 6
71 17 111111110 8

03 30 011100011 5
14 41 111011111 8
25 52 011111111 8
36 63 111111011 8
47 74 111110011 7
50 05 011110111 7
61 16 111111101 8
72 27 011111111 8

04 40 110000011 4
15 51 111111110 8
26 62 110111111 8
37 73 011110010 5

Matching output
0 absent
1 absent
2 absent
3 absent
4 absent
5 absent
6 absent
7 absent

Left
none
Best: none

Right
none
Best: none

XOR
01 10 101011101 6
12 21 101110011 6
23 32 001001101 4
34 43 101100001 4
45 54 101110101 6
56 65 101001111 6
67 76 101001011 5
70 07 001110011 5

02 20 000101110 4
13 31 100111110 6
24 42 100101100 4
35 53 000010100 2
46 64 000111010 4
57 75 000000100 1
60 06 100111000 4
71 17 100101110 5

03 30 001100011 4
14 41 001011111 6
25 52 001011001 4
36 63 101011011 6
47 74 101110001 5
50 05 001110111 6
61 16 001100101 4
72 27 001011101 5

04 40 100000010 2
15 51 100101010 4
26 62 100010110 4
37 73 000010000 1

Matching output
0 absent
1 absent
2 absent
3 absent
4 absent
5 absent
6 absent
7 absent

Left
none
Best: none

Right
none
Best: none

AND-NOT
01 000000001 1
12 101010000 3
23 000001101 3
34 001100000 2
45 100000001 2
56 001000110 3
67 100001001 3
70 001110010 4

02 000000000 a match 0 1 2 3 4
13 100011100 4
24 000101100 3
35 000000000 a match 0 1 2 3 4
46 000000010 1
57 000000100 1
60 100111000 4
71 000100010 2

03 000000001 1
14 001011100 4
25 000001001 2
36 001000010 2
47 100000001 2
50 001110110 5
61 000100001 2
72 001010000 2

04 000000000 a match 0 1 2 3 4
15 100001000 2
26 000000110 2
37 000000000 a match 0 1 2 3 4
40 100000010 2
51 000100010 2
62 100010000 2
73 000010000 1

05 000000001 1
16 001000100 2
27 000001101 3
30 001100010 3
41 000000011 2
52 001010000 2
63 100011001 4
74 001110000 3

06 000000000 a match 0 1 2 3 4
17 100001100 3
20 000101110 4
31 000100010 2
42 100000000 1
53 000010100 2
64 000111000 3
75 000000000 a match 0 1 2 3 4

07 000000001 1
10 101011100 5
21 000100011 3
32 001000000 1
43 100000001 2
54 001110100 4
65 100001001 3
76 001000010 2

Matching output
0 02 35 04 37 06 75
1 02 35 04 37 06 75
2 02 35 04 37 06 75
3 02 35 04 37 06 75
4 02 35 04 37 06 75
5 absent
6 absent
7 absent

Left
02 13x
35 46x
04 15x
37 40x
06 17x
75 06 17x
Best: AND-NOT75 06: 2

Right
none
Best: none

OR-NOT
01 010100011 4
12 111011100 6
23 110111111 8
34 011111110 7
45 110001011 5
56 011110110 6
67 110111101 7
70 111111110 8

02 111010001 5
13 111011101 7
24 011111111 8
35 111101011 7
46 111000111 6
57 111111111 a
60 111111111 a
71 011110011 6

03 110011101 6
14 111111100 7
25 110101111 7
36 011100110 5
47 110001111 6
50 111111110 8
61 110111011 7
72 111110010 6

04 011111101 7
15 111011101 7
26 011101111 7
37 111101111 8
40 111111111 a
51 011110111 7
62 111111001 7
73 111111111 a

05 110001001 4
16 111011110 7
27 110101111 7
30 111111110 8
41 110100011 5
52 111110110 7
63 110111101 7
74 011111110 7

06 011000111 5
17 111011101 7
20 111111111 a
31 011100011 5
42 111010011 6
53 111111111 a
64 111111101 8
75 111111011 8

07 110001101 5
10 111111110 8
21 010101111 6
32 111110010 6
43 110011111 7
54 011111110 7
65 110111001 6
76 011110110 6

Matching output
0 absent
1 absent
2 absent
3 absent
4 absent
5 absent
6 absent
7 absent

Left
none
Best: none

Right
none
Best: none

XOR-NOT
01 010100010 3
12 010001100 3 match 7
23 110110010 5
34 010011110 5
45 010001010 3
56 010110000 3
67 010110100 4
70 110001100 4

02 111010001 5
13 011000001 3
24 011010011 5
35 111101011 7
46 111000101 5
57 111111011 8
60 011000111 5
71 011010001 4

03 110011100 5
14 110100000 3
25 110100110 5
36 010100100 3
47 010001110 4
50 110001000 3
61 110011010 5
72 110100010 4

04 011111101 7
15 011010101 5
26 011101001 5
37 111101111 8
40 011111101 7
51 011010101 5
62 011101001 5
73 111101111 8

05 110001000 3
16 110011010 5
27 110100010 4
30 110011100 5
41 110100000 3
52 110100110 5
63 010100100 3
74 010001110 4

06 011000111 5
17 011010001 4
20 111010001 5
31 011000001 3
42 011010011 5
53 111101011 7
64 111000101 5
75 111111011 8

07 110001100 4
10 010100010 3
21 010001100 3 match 7
32 110110010 5
43 010011110 5
54 010001010 3
65 010110000 3
76 010110100 4

Matching output
0 absent
1 absent
2 absent
3 absent
4 absent
5 absent
6 absent
7 12 21

Left
none
Best: none

Right
12 01x
21 10x
Best: XOR-NOT12: 1

Selecting

Lefts
Identity none
NOT none
Constant C0 0 0 0 0: 5
AND none
OR none
XOR none
AND-NOT AND-NOT75 06: 2
OR-NOT none
XOR-NOT none

Rights
Identity none
NOT none
Constant none
AND AND12 01 70: 3
OR none
XOR none
AND-NOT none
OR-NOT none
XOR-NOT XOR-NOT12: 1

Left longest: 5
Right longest: 3

Left winner: Identity no, NOT no, Constant yes, AND no, OR no, XOR no, AND-NOT no, OR-NOT no, XOR-NOT no
Right winner: Identity no, NOT no, Constant no, AND yes, OR no, XOR no, AND-NOT no, OR-NOT no, XOR-NOT no

Best left: C0 0 0 0 0: 5
Best right: AND12 01 70: 3

Truncated left: C0 0 0 0 0: 5
Truncated right: AND12 01 70: 3

Tentative from right
7 AND12
6 AND01
5 AND70
4 pending
3 pending
2 pending
1 pending
0 pending

Tentative
0 C0
1 C0
2 C0
3 C0
4 C0
5 AND70
6 AND01
7 AND12

Preferred from left
0 C0
1 C0
2 C0
3 C0
4 C0
5 AND70
6 AND01
7 AND12

Preferred from right
7 AND12
6 AND01
5 AND70
4 C0
3 C0
2 C0
1 C0
0 C0

Preferred
0 C0
1 C0
2 C0
3 C0
4 C0
5 AND70
6 AND01
7 AND12

Matching
0 C0
1 C0
2 C0
3 C0
4 C0
5 AND70
6 AND01
7 AND12

Perfect match
Identity no
NOT no
Constant no
AND no
OR no
XOR no
AND-NOT no
OR-NOT no
XOR-NOT no

Matched
0 C0
1 C0
2 C0
3 C0
4 C0
5 AND70
6 AND01
7 AND12

Selected
0 C0
1 C0
2 C0
3 C0
4 C0
5 AND70
6 AND01
7 AND12

Applying to 01110111
Input
0 0
1 1
2 1
3 1
4 0
5 1
6 1
7 1
Output
0 C0 = 0
1 C0 = 0
2 C0 = 0
3 C0 = 0
4 C0 = 0
5 AND70 = AND(1,0) = 0
6 AND01 = AND(0,1) = 0
7 AND12 = AND(1,1) = 1

I will now return the answer in \boxed{}
The answer in \boxed{–} is \boxed{00000001}
[correct]
true
