[category]
bit_manipulation
[prompt]
In Alice's Wonderland, a secret bit manipulation rule transforms 8-bit binary numbers. The transformation involves operations like bit shifts, rotations, XOR, AND, OR, NOT, and possibly majority or choice functions.

Here are some examples of input -> output:
11101010 -> 01111010
10001101 -> 10000011
00101101 -> 10101011
11000111 -> 11010001
10000000 -> 00100000
00011000 -> 00000110
01110110 -> 11011101
10100111 -> 11001001

Now, determine the output for: 10001011
[completion]
We need to deduce the transformation by matching the example outputs.
I will put my final answer inside \boxed{}.

Output 0: 01111010
0 0
1 1
2 1
3 1
4 1
5 0
6 1
7 0

Output 1: 10000011
0 1
1 0
2 0
3 0
4 0
5 0
6 1
7 1

Output 2: 10101011
0 1
1 0
2 1
3 0
4 1
5 0
6 1
7 1

Output 3: 11010001
0 1
1 1
2 0
3 1
4 0
5 0
6 0
7 1

Output 4: 00100000
0 0
1 0
2 1
3 0
4 0
5 0
6 0
7 0

Output 5: 00000110
0 0
1 0
2 0
3 0
4 0
5 1
6 1
7 0

Output 6: 11011101
0 1
1 1
2 0
3 1
4 1
5 1
6 0
7 1

Output 7: 11001001
0 1
1 1
2 0
3 0
4 1
5 0
6 0
7 1

Output bit columns (with bitsum as hash)
0 01110011 5
1 10010011 4
2 10101000 3
3 10010010 3
4 10100011 4
5 00000110 2
6 11100100 4
7 01110011 5

Input 0: 11101010
0 1
1 1
2 1
3 0
4 1
5 0
6 1
7 0

Input 1: 10001101
0 1
1 0
2 0
3 0
4 1
5 1
6 0
7 1

Input 2: 00101101
0 0
1 0
2 1
3 0
4 1
5 1
6 0
7 1

Input 3: 11000111
0 1
1 1
2 0
3 0
4 0
5 1
6 1
7 1

Input 4: 10000000
0 1
1 0
2 0
3 0
4 0
5 0
6 0
7 0

Input 5: 00011000
0 0
1 0
2 0
3 1
4 1
5 0
6 0
7 0

Input 6: 01110110
0 0
1 1
2 1
3 1
4 0
5 1
6 1
7 0

Input 7: 10100111
0 1
1 0
2 1
3 0
4 0
5 1
6 1
7 1

When matching output
x: not in operator
y: wrong position

Identity
0 11011001 5
1 10010010 3 match 3
2 10100011 4 match 4
3 00000110 2 match 5
4 11100100 4 match 6
5 01110011 5 match 0 7
6 10010011 4 match 1
7 01110001 4

Matching output
0 5
1 6
2 absent
3 1
4 2
5 3
6 4
7 5

Left
5 6 7x
Best: I5 6: 2

Right
5 4 3 2 1 0x
Best: I5 4 3 2 1: 5

NOT
0 00100110 3
1 01101101 5
2 01011100 4
3 11111001 6
4 00011011 4
5 10001100 3
6 01101100 4
7 10001110 4

Matching output
0 absent
1 absent
2 absent
3 absent
4 absent
5 absent
6 absent
7 absent

Left
none
Best: none

Right
none
Best: none

Constant
0 00000000 a
1 11111111 a

Matching output
0 absent
1 absent
2 absent
3 absent
4 absent
5 absent
6 absent
7 absent

Left
none
Best: none

Right
none
Best: none

AND
01 10 10010000 2
12 21 10000010 2
23 32 00000010 1
34 43 00000100 1
45 54 01100000 2
56 65 00010011 3
67 76 00010001 2
70 07 01010001 3

02 20 10000001 2
13 31 00000010 1
24 42 10100000 2
35 53 00000010 1
46 64 10000000 1
57 75 01110001 4
60 06 10010001 3
71 17 00010000 1

03 30 00000000 a
14 41 10000000 1
25 52 00100011 3
36 63 00000010 1
47 74 01100000 2
50 05 01010001 3
61 16 10010010 3 match 3
72 27 00100001 2

04 40 11000000 2
15 51 00010010 2
26 62 10000011 3
37 73 00000000 a

Matching output
0 absent
1 absent
2 absent
3 61 16
4 absent
5 absent
6 absent
7 absent

Left
none
Best: none

Right
none
Best: none

OR
01 10 11011011 6
12 21 10110011 5
23 32 10100111 5
34 43 11100110 5
45 54 11110111 7
56 65 11110011 6
67 76 11110011 6
70 07 11111001 6

02 20 11111011 7
13 31 10010110 4
24 42 11100111 6
35 53 01110111 6
46 64 11110111 7
57 75 01110011 5 match 0 7
60 06 11011011 6
71 17 11110011 6

03 30 11011111 7
14 41 11110110 6
25 52 11110011 6
36 63 10010111 5
47 74 11110101 6
50 05 11111011 7
61 16 10010011 4 match 1
72 27 11110011 6

04 40 11111101 7
15 51 11110011 6
26 62 10110011 5
37 73 01110111 6

Matching output
0 57 75
1 61 16
2 absent
3 absent
4 absent
5 absent
6 absent
7 57 75

Left
57 60x
75 06x
Best: OR57: 1

Right
57 46x
75 64x
Best: OR57: 1

XOR
01 10 01001011 4
12 21 00110001 3
23 32 10100101 4
34 43 11100010 4
45 54 10010111 5
56 65 11100000 3
67 76 11100010 4
70 07 10101000 3 match 2

02 20 01111010 5
13 31 10010100 3
24 42 01000111 4
35 53 01110101 5
46 64 01110111 6
57 75 00000010 1
60 06 01001010 3
71 17 11100011 5

03 30 11011111 7
14 41 01110110 5
25 52 11010000 3
36 63 10010101 4
47 74 10010101 4
50 05 10101010 4
61 16 00000001 1
72 27 11010010 4

04 40 00111101 5
15 51 11100001 4
26 62 00110000 2
37 73 01110111 6

Matching output
0 absent
1 absent
2 70 07
3 absent
4 absent
5 absent
6 absent
7 absent

Left
none
Best: none

Right
none
Best: none

AND-NOT
01 01001001 3
12 00010000 1
23 10100001 3
34 00000010 1
45 10000100 2
56 01100000 2
67 10000010 2
70 00100000 1

02 01011000 3
13 10010000 2
24 00000011 2
35 00000100 1
46 01100100 3
57 00000010 1
60 00000010 1
71 01100001 3

03 11011001 5
14 00010010 2
25 10000000 1
36 00000100 1
47 10000100 2
50 00100010 2
61 00000001 1
72 01010000 2

04 00011001 3
15 10000000 1
26 00100000 1
37 00000110 2 match 5
40 00100100 2
51 01100001 3
62 00010000 1
73 01110001 4

05 10001000 2
16 00000000 a
27 10000010 2
30 00000110 2 match 5
41 01100100 3
52 01010000 2
63 10010001 3
74 00010001 2

06 01001000 2
17 10000010 2
20 00100010 2
31 00000100 1
42 01000100 2
53 01110001 4
64 00010011 3
75 00000000 a

07 10001000 2
10 00000010 1
21 00100001 2
32 00000100 1
43 11100000 3
54 00010011 3
65 10000000 1
76 01100000 2

Matching output
0 absent
1 absent
2 absent
3 absent
4 absent
5 37 30
6 absent
7 absent

Left
none
Best: none

Right
none
Best: none

OR-NOT
01 11111101 7
12 11011110 6
23 11111011 7
34 00011111 5
45 11101100 5
56 01111111 7
67 10011111 6
70 01110111 6

02 11011101 6
13 11111011 7
24 10111011 6
35 10001110 4
46 11101100 5
57 11111111 a
60 10110111 6
71 01111101 6

03 11111001 6
14 10011011 5
25 10101111 6
36 01101110 5
47 11101110 6
50 01110111 6
61 11111111 a
72 01111101 6

04 11011011 6
15 10011110 5
26 11101111 7
37 10001110 4
40 11100110 5
51 01111111 7
62 11011111 7
73 11111001 6

05 11011101 6
16 11111110 7
27 10101111 6
30 00100110 3
41 11101101 6
52 01111111 7
63 11111011 7
74 01111011 6

06 11111101 7
17 10011110 5
20 10100111 5
31 01101111 6
42 11111100 6
53 11111011 7
64 10011011 5
75 11111101 7

07 11011111 7
10 10110110 5
21 11101111 7
32 01011110 5
43 11111101 7
54 01111011 6
65 10011111 6
76 01111101 6

Matching output
0 absent
1 absent
2 absent
3 absent
4 absent
5 absent
6 absent
7 absent

Left
none
Best: none

Right
none
Best: none

XOR-NOT
01 10110100 4
12 11001110 5
23 01011010 4
34 00011101 4
45 01101000 3
56 00011111 5
67 00011101 4
70 01010111 5

02 10000101 3
13 01101011 5
24 10111000 4
35 10001010 3
46 10001000 2
57 11111101 7
60 10110101 5
71 00011100 3

03 00100000 1
14 10001001 3
25 00101111 5
36 01101010 4
47 01101010 4
50 01010101 4
61 11111110 7
72 00101101 4

04 11000010 3
15 00011110 4
26 11001111 6
37 10001000 2
40 11000010 3
51 00011110 4
62 11001111 6
73 10001000 2

05 01010101 4
16 11111110 7
27 00101101 4
30 00100000 1
41 10001001 3
52 00101111 5
63 01101010 4
74 01101010 4

06 10110101 5
17 00011100 3
20 10000101 3
31 01101011 5
42 10111000 4
53 10001010 3
64 10001000 2
75 11111101 7

07 01010111 5
10 10110100 4
21 11001110 5
32 01011010 4
43 00011101 4
54 01101000 3
65 00011111 5
76 00011101 4

Matching output
0 absent
1 absent
2 absent
3 absent
4 absent
5 absent
6 absent
7 absent

Left
none
Best: none

Right
none
Best: none

Selecting

Lefts
Identity I5 6: 2
NOT none
Constant none
AND none
OR OR57: 1
XOR none
AND-NOT none
OR-NOT none
XOR-NOT none

Rights
Identity I5 4 3 2 1: 5
NOT none
Constant none
AND none
OR OR57: 1
XOR none
AND-NOT none
OR-NOT none
XOR-NOT none

Left longest: 2
Right longest: 5

Right winner: Identity yes, NOT no, Constant no, AND no, OR no, XOR no, AND-NOT no, OR-NOT no, XOR-NOT no
Left winner: Identity yes, NOT no, Constant no, AND no, OR no, XOR no, AND-NOT no, OR-NOT no, XOR-NOT no

Best right: I5 4 3 2 1: 5
Best left: I5 6: 2

Truncated right: I5 4 3 2 1: 5
Truncated left: I5 6: 2

Tentative from right
7 I5
6 I4
5 I3
4 I2
3 I1
2 pending
1 pending
0 pending

Tentative
0 I5
1 I6
2 pending
3 I1
4 I2
5 I3
6 I4
7 I5

Preferred from right
7 I5
6 I4
5 I3
4 I2
3 I1
2 ??0
1 I6
0 I5

Preferred from left
0 I5
1 I6
2 ?70
3 I1
4 I2
5 I3
6 I4
7 I5

Preferred
0 I5
1 I6
2 ?70 ?07
3 I1
4 I2
5 I3
6 I4
7 I5

Matching
0 I5
1 I6
2 ?70 ?07 - Identity absent, NOT absent, Constant absent, AND absent, OR absent, XOR70, AND-NOT absent, OR-NOT absent, XOR-NOT absent
3 I1
4 I2
5 I3
6 I4
7 I5

Perfect match
Identity no
NOT no
Constant no
AND no
OR no
XOR yes
AND-NOT no
OR-NOT no
XOR-NOT no

Matched
0 I5
1 I6
2 XOR70
3 I1
4 I2
5 I3
6 I4
7 I5

Selected
0 I5
1 I6
2 XOR70
3 I1
4 I2
5 I3
6 I4
7 I5

Applying to 10001011
Input
0 1
1 0
2 0
3 0
4 1
5 0
6 1
7 1
Output
0 I5 = 0
1 I6 = 1
2 XOR70 = XOR(1,1) = 0
3 I1 = 0
4 I2 = 0
5 I3 = 0
6 I4 = 1
7 I5 = 0

I will now return the answer in \boxed{}
The answer in \boxed{–} is \boxed{01000010}
[correct]
true
