[category]
bit_manipulation
[prompt]
In Alice's Wonderland, a secret bit manipulation rule transforms 8-bit binary numbers. The transformation involves operations like bit shifts, rotations, XOR, AND, OR, NOT, and possibly majority or choice functions.

Here are some examples of input -> output:
00111110 -> 11111000
10001111 -> 00111100
00010011 -> 01001100
10101100 -> 10110000
01100101 -> 10010100
11111010 -> 11101000
11100110 -> 10011000

Now, determine the output for: 11110110
[completion]
We need to deduce the transformation by matching the example outputs.
I will put my final answer inside \boxed{}.

Output 0: 11111000
0 1
1 1
2 1
3 1
4 1
5 0
6 0
7 0

Output 1: 00111100
0 0
1 0
2 1
3 1
4 1
5 1
6 0
7 0

Output 2: 01001100
0 0
1 1
2 0
3 0
4 1
5 1
6 0
7 0

Output 3: 10110000
0 1
1 0
2 1
3 1
4 0
5 0
6 0
7 0

Output 4: 10010100
0 1
1 0
2 0
3 1
4 0
5 1
6 0
7 0

Output 5: 11101000
0 1
1 1
2 1
3 0
4 1
5 0
6 0
7 0

Output 6: 10011000
0 1
1 0
2 0
3 1
4 1
5 0
6 0
7 0

Output bit columns (with bitsum as hash)
0 1001111 5
1 1010010 3
2 1101010 4
3 1101101 5
4 1110011 5
5 0110100 3
6 0000000 a
7 0000000 a

Input 0: 00111110
0 0
1 0
2 1
3 1
4 1
5 1
6 1
7 0

Input 1: 10001111
0 1
1 0
2 0
3 0
4 1
5 1
6 1
7 1

Input 2: 00010011
0 0
1 0
2 0
3 1
4 0
5 0
6 1
7 1

Input 3: 10101100
0 1
1 0
2 1
3 0
4 1
5 1
6 0
7 0

Input 4: 01100101
0 0
1 1
2 1
3 0
4 0
5 1
6 0
7 1

Input 5: 11111010
0 1
1 1
2 1
3 1
4 1
5 0
6 1
7 0

Input 6: 11100110
0 1
1 1
2 1
3 0
4 0
5 1
6 1
7 0

When matching output
x: not in operator
y: wrong position

Identity
0 0101011 4
1 0000111 3
2 1001111 5 match 0
3 1010010 3 match 1
4 1101010 4 match 2
5 1101101 5 match 3
6 1110011 5 match 4
7 0110100 3 match 5

Matching output
0 2
1 3
2 4
3 5
4 6
5 7
6 absent
7 absent

Left
2 3 4 5 6 7 0x
Best: I2 3 4 5 6 7: 6

Right
none
Best: none

NOT
0 1010100 3
1 1111000 4
2 0110000 2
3 0101101 4
4 0010101 3
5 0010010 2
6 0001100 2
7 1001011 4

Matching output
0 absent
1 absent
2 absent
3 absent
4 absent
5 absent
6 absent
7 absent

Left
none
Best: none

Right
none
Best: none

Constant
0 0000000 a match 6 7
1 1111111 a

Matching output
0 absent
1 absent
2 absent
3 absent
4 absent
5 absent
6 C0
7 C0

Left
none
Best: none

Right
0 0
Best: C0 0: 2

AND
01 10 0000011 2
12 21 0000111 3
23 32 1000010 2
34 43 1000010 2
45 54 1101000 3
56 65 1100001 3
67 76 0110000 2
70 07 0100000 1

02 20 0001011 3
13 31 0000010 1
24 42 1001010 3
35 53 1000000 1
46 64 1100010 3
57 75 0100100 2
60 06 0100011 3
71 17 0000100 1

03 30 0000010 1
14 41 0000010 1
25 52 1001101 4
36 63 1010010 3 match 1
47 74 0100000 1
50 05 0101001 3
61 16 0000011 2
72 27 0000100 1

04 40 0101010 3
15 51 0000101 2
26 62 1000011 3
37 73 0010000 1

Matching output
0 absent
1 36 63
2 absent
3 absent
4 absent
5 absent
6 absent
7 absent

Left
none
Best: none

Right
none
Best: none

OR
01 10 0101111 5
12 21 1001111 5 match 0
23 32 1011111 6
34 43 1111010 5
45 54 1101111 6
56 65 1111111 a
67 76 1110111 6
70 07 0111111 6

02 20 1101111 6
13 31 1010111 5
24 42 1101111 6
35 53 1111111 a
46 64 1111011 6
57 75 1111101 6
60 06 1111011 6
71 17 0110111 5

03 30 1111011 6
14 41 1101111 6
25 52 1101111 6
36 63 1110011 5 match 4
47 74 1111110 6
50 05 1101111 6
61 16 1110111 6
72 27 1111111 a

04 40 1101011 5
15 51 1101111 6
26 62 1111111 a
37 73 1110110 5

Matching output
0 12 21
1 absent
2 absent
3 absent
4 36 63
5 absent
6 absent
7 absent

Left
12 23x
21 32x
Best: OR12: 1

Right
none
Best: none

XOR
01 10 0101100 3
12 21 1001000 2
23 32 0011101 4
34 43 0111000 3
45 54 0000111 3
56 65 0011110 4
67 76 1000111 4
70 07 0011111 5

02 20 1100100 3
13 31 1010101 4
24 42 0100101 3
35 53 0111111 6
46 64 0011001 3
57 75 1011001 4
60 06 1011000 3
71 17 0110011 4

03 30 1111001 5
14 41 1101101 5 match 3
25 52 0100010 2
36 63 0100001 2
47 74 1011110 5
50 05 1000110 3
61 16 1110100 4
72 27 1111011 6

04 40 1000001 2
15 51 1101010 4 match 2
26 62 0111100 4
37 73 1100110 4

Matching output
0 absent
1 absent
2 15 51
3 14 41
4 absent
5 absent
6 absent
7 absent

Left
none
Best: none

Right
none
Best: none

AND-NOT
01 0101000 2
12 0000000 a match 6 7
23 0001101 3
34 0010000 1
45 0000010 1
56 0001100 2
67 1000011 3
70 0010100 2

02 0100000 1
13 0000101 2
24 0000101 2
35 0010010 2
46 0001000 1
57 1001001 3
60 1010000 2
71 0110000 2

03 0101001 3
14 0000101 2
25 0000010 1
36 0000000 a match 6 7
47 1001010 3
50 1000100 2
61 1110000 3
72 0110000 2

04 0000001 1
15 0000010 1
26 0001100 2
37 1000010 2
40 1000000 1
51 1101000 3
62 0110000 2
73 0100100 2

05 0000010 1
16 0000100 1
27 1001011 4
30 1010000 2
41 1101000 3
52 0100000 1
63 0100001 2
74 0010100 2

06 0001000 1
17 0000011 2
20 1000100 2
31 1010000 2
42 0100000 1
53 0101101 4
64 0010001 2
75 0010000 1

07 0001011 3
10 0000100 1
21 1001000 2
32 0010000 1
43 0101000 2
54 0000101 2
65 0010010 2
76 0000100 1

Matching output
0 absent
1 absent
2 absent
3 absent
4 absent
5 absent
6 12 36
7 12 36

Left
none
Best: none

Right
12 01x
36 25x
Best: AND-NOT12: 1

OR-NOT
01 1111011 6
12 0110111 5
23 1101111 6
34 1010111 5
45 1111010 5
56 1101101 5 match 3
67 1111011 6
70 1110100 4

02 0111011 5
13 0101111 5
24 1011111 6
35 1010010 3 match 1
46 1101110 5
57 1101111 6
60 1110111 6
71 1111100 5

03 0101111 5
14 0010111 4
25 1011111 6
36 1011110 5
47 1101011 5
50 1111101 6
61 1111011 6
72 0110100 3 match 5

04 0111111 6
15 0010111 4
26 1001111 5 match 0
37 1011011 5
40 1111110 6
51 1111101 6
62 1110011 5 match 4
73 0111101 5

05 0111011 5
16 0001111 4
27 1001111 5 match 0
30 1010110 4
41 1111010 5
52 1111101 6
63 1111111 a
74 0110101 4

06 0101111 5
17 1001111 5 match 0
20 1011111 6
31 1111010 5
42 1111010 5
53 1101101 5 match 3
64 1110111 6
75 0110110 4

07 1101011 5
10 1010111 5
21 1111111 a
32 1110010 4
43 1101111 6
54 1111101 6
65 1110011 5 match 4
76 0111100 4

Matching output
0 26 27 17
1 35
2 absent
3 56 53
4 62 65
5 72
6 absent
7 absent

Left
26 37x
27 30x
17 20x
Best: OR-NOT26: 1

Right
none
Best: none

XOR-NOT
01 1010011 4
12 0110111 5
23 1100010 3
34 1000111 4
45 1111000 4
56 1100001 3
67 0111000 3
70 1100000 2

02 0011011 4
13 0101010 3
24 1011010 4
35 1000000 1
46 1100110 4
57 0100110 3
60 0100111 4
71 1001100 3

03 0000110 2
14 0010010 2
25 1011101 5
36 1011110 5
47 0100001 2
50 0111001 4
61 0001011 3
72 0000100 1

04 0111110 5
15 0010101 3
26 1000011 3
37 0011001 3
40 0111110 5
51 0010101 3
62 1000011 3
73 0011001 3

05 0111001 4
16 0001011 3
27 0000100 1
30 0000110 2
41 0010010 2
52 1011101 5
63 1011110 5
74 0100001 2

06 0100111 4
17 1001100 3
20 0011011 4
31 0101010 3
42 1011010 4
53 1000000 1
64 1100110 4
75 0100110 3

07 1100000 2
10 1010011 4
21 0110111 5
32 1100010 3
43 1000111 4
54 1111000 4
65 1100001 3
76 0111000 3

Matching output
0 absent
1 absent
2 absent
3 absent
4 absent
5 absent
6 absent
7 absent

Left
none
Best: none

Right
none
Best: none

Selecting

Lefts
Identity I2 3 4 5 6 7: 6
NOT none
Constant none
AND none
OR OR12: 1
XOR none
AND-NOT none
OR-NOT OR-NOT26: 1
XOR-NOT none

Rights
Identity none
NOT none
Constant C0 0: 2
AND none
OR none
XOR none
AND-NOT AND-NOT12: 1
OR-NOT none
XOR-NOT none

Left longest: 6
Right longest: 2

Left winner: Identity yes, NOT no, Constant no, AND no, OR no, XOR no, AND-NOT no, OR-NOT no, XOR-NOT no
Right winner: Identity no, NOT no, Constant yes, AND no, OR no, XOR no, AND-NOT no, OR-NOT no, XOR-NOT no

Best left: I2 3 4 5 6 7: 6
Best right: C0 0: 2

Truncated left: I2 3 4 5 6 7: 6
Truncated right: C0 0: 2

Tentative from right
7 C0
6 C0
5 pending
4 pending
3 pending
2 pending
1 pending
0 pending

Tentative
0 I2
1 I3
2 I4
3 I5
4 I6
5 I7
6 C0
7 C0

Preferred from left
0 I2
1 I3
2 I4
3 I5
4 I6
5 I7
6 C0
7 C0

Preferred from right
7 C0
6 C0
5 I7
4 I6
3 I5
2 I4
1 I3
0 I2

Preferred
0 I2
1 I3
2 I4
3 I5
4 I6
5 I7
6 C0
7 C0

Matching
0 I2
1 I3
2 I4
3 I5
4 I6
5 I7
6 C0
7 C0

Perfect match
Identity no
NOT no
Constant no
AND no
OR no
XOR no
AND-NOT no
OR-NOT no
XOR-NOT no

Matched
0 I2
1 I3
2 I4
3 I5
4 I6
5 I7
6 C0
7 C0

Selected
0 I2
1 I3
2 I4
3 I5
4 I6
5 I7
6 C0
7 C0

Applying to 11110110
Input
0 1
1 1
2 1
3 1
4 0
5 1
6 1
7 0
Output
0 I2 = 1
1 I3 = 1
2 I4 = 0
3 I5 = 1
4 I6 = 1
5 I7 = 0
6 C0 = 0
7 C0 = 0

I will now return the answer in \boxed{}
The answer in \boxed{–} is \boxed{11011000}
[correct]
true
