[category]
bit_manipulation
[prompt]
In Alice's Wonderland, a secret bit manipulation rule transforms 8-bit binary numbers. The transformation involves operations like bit shifts, rotations, XOR, AND, OR, NOT, and possibly majority or choice functions.

Here are some examples of input -> output:
00111101 -> 01001111
10101011 -> 11101010
01111100 -> 00011111
01001011 -> 11010110
00011100 -> 00000111
10101110 -> 10101011
01011000 -> 00010111
00110000 -> 00001111
11110000 -> 00111111
00000010 -> 10000000

Now, determine the output for: 11101010
[completion]
We need to deduce the transformation by matching the example outputs.
I will put my final answer inside \boxed{}.

Output 0: 01001111
0 0
1 1
2 0
3 0
4 1
5 1
6 1
7 1

Output 1: 11101010
0 1
1 1
2 1
3 0
4 1
5 0
6 1
7 0

Output 2: 00011111
0 0
1 0
2 0
3 1
4 1
5 1
6 1
7 1

Output 3: 11010110
0 1
1 1
2 0
3 1
4 0
5 1
6 1
7 0

Output 4: 00000111
0 0
1 0
2 0
3 0
4 0
5 1
6 1
7 1

Output 5: 10101011
0 1
1 0
2 1
3 0
4 1
5 0
6 1
7 1

Output 6: 00010111
0 0
1 0
2 0
3 1
4 0
5 1
6 1
7 1

Output 7: 00001111
0 0
1 0
2 0
3 0
4 1
5 1
6 1
7 1

Output 8: 00111111
0 0
1 0
2 1
3 1
4 1
5 1
6 1
7 1

Output 9: 10000000
0 1
1 0
2 0
3 0
4 0
5 0
6 0
7 0

Output bit columns (with bitsum as hash)
0 0101010001 4
1 1101000000 3
2 0100010010 3
3 0011001010 4
4 1110010110 6
5 1011101110 7
6 1111111110 9
7 1010111110 7

Input 0: 00111101
0 0
1 0
2 1
3 1
4 1
5 1
6 0
7 1

Input 1: 10101011
0 1
1 0
2 1
3 0
4 1
5 0
6 1
7 1

Input 2: 01111100
0 0
1 1
2 1
3 1
4 1
5 1
6 0
7 0

Input 3: 01001011
0 0
1 1
2 0
3 0
4 1
5 0
6 1
7 1

Input 4: 00011100
0 0
1 0
2 0
3 1
4 1
5 1
6 0
7 0

Input 5: 10101110
0 1
1 0
2 1
3 0
4 1
5 1
6 1
7 0

Input 6: 01011000
0 0
1 1
2 0
3 1
4 1
5 0
6 0
7 0

Input 7: 00110000
0 0
1 0
2 1
3 1
4 0
5 0
6 0
7 0

Input 8: 11110000
0 1
1 1
2 1
3 1
4 0
5 0
6 0
7 0

Input 9: 00000010
0 0
1 0
2 0
3 0
4 0
5 0
6 1
7 0

When matching output
x: not in operator
y: wrong position

Identity
0 0100010010 3 match 2
1 0011001010 4 match 3
2 1110010110 6 match 4
3 1010101110 6
4 1111111000 7
5 1010110000 4
6 0101010001 4 match 0
7 1101000000 3 match 1

Matching output
0 6
1 7
2 0
3 1
4 2
5 absent
6 absent
7 absent

Left
6 7 0 1 2 3x
Best: I6 7 0 1 2: 5

Right
none
Best: none

NOT
0 1011101101 7
1 1100110101 6
2 0001101001 4
3 0101010001 4 match 0
4 0000000111 3
5 0101001111 6
6 1010101110 6
7 0010111111 7

Matching output
0 3
1 absent
2 absent
3 absent
4 absent
5 absent
6 absent
7 absent

Left
3 4x
Best: NOT3: 1

Right
none
Best: none

Constant
0 0000000000 a
1 1111111111 a

Matching output
0 absent
1 absent
2 absent
3 absent
4 absent
5 absent
6 absent
7 absent

Left
none
Best: none

Right
none
Best: none

AND
01 10 0000000010 1
12 21 0010000010 2
23 32 1010000110 4
34 43 1010101000 4
45 54 1010110000 4
56 65 0000010000 1
67 76 0101000000 2
70 07 0100000000 1

02 20 0100010010 3 match 2
13 31 0010001010 3
24 42 1110010000 4
35 53 1010100000 3
46 64 0101010000 3
57 75 1000000000 1
60 06 0100010000 2
71 17 0001000000 1

03 30 0000000010 1
14 41 0011001000 3
25 52 1010010000 3
36 63 0000000000 a
47 74 1101000000 3 match 1
50 05 0000010000 1
61 16 0001000000 1
72 27 1100000000 2

04 40 0100010000 2
15 51 0010000000 1
26 62 0100010000 2
37 73 1000000000 1

Matching output
0 absent
1 47 74
2 02 20
3 absent
4 absent
5 absent
6 absent
7 absent

Left
none
Best: none

Right
none
Best: none

OR
01 10 0111011010 6
12 21 1111011110 8
23 32 1110111110 8
34 43 1111111110 9 match 6
45 54 1111111000 7
56 65 1111110001 7
67 76 1101010001 5
70 07 1101010010 5

02 20 1110010110 6 match 4
13 31 1011101110 7 match 5
24 42 1111111110 9 match 6
35 53 1010111110 7 match 7
46 64 1111111001 8
57 75 1111110000 6
60 06 0101010011 5
71 17 1111001010 6

03 30 1110111110 8
14 41 1111111010 8
25 52 1110110110 7
36 63 1111111111 a
47 74 1111111000 7
50 05 1110110010 6
61 16 0111011011 7
72 27 1111010110 7

04 40 1111111010 8
15 51 1011111010 7
26 62 1111010111 8
37 73 1111101110 8

Matching output
0 absent
1 absent
2 absent
3 absent
4 02 20
5 13 31
6 34 43 24 42
7 35 53

Left
none
Best: none

Right
35 24 13 02 71x
53 42 31 20 17x
Best: OR35 24 13 02: 4

XOR
01 10 0111011000 5
12 21 1101011100 6
23 32 0100111000 4
34 43 0101010110 5
45 54 0101001000 3
56 65 1111100001 6
67 76 1000010001 3
70 07 1001010010 4

02 20 1010000100 3
13 31 1001100100 4
24 42 0001101110 5
35 53 0000011110 4
46 64 1010101001 5
57 75 0111110000 5
60 06 0001000011 3
71 17 1110001010 5

03 30 1110111100 7
14 41 1100110010 5
25 52 0100100110 4
36 63 1111111111 a
47 74 0010111000 4
50 05 1110100010 5
61 16 0110011011 6
72 27 0011010110 5

04 40 1011101010 6
15 51 1001111010 6
26 62 1011000111 6
37 73 0111101110 7

Matching output
0 absent
1 absent
2 absent
3 absent
4 absent
5 absent
6 absent
7 absent

Left
none
Best: none

Right
none
Best: none

AND-NOT
01 0100010000 2
12 0001001000 2
23 0100010000 2
34 0000000110 2
45 0101001000 3
56 1010100000 3
67 0000010001 2
70 1001000000 2

02 0000000000 a
13 0001000000 1
24 0000000110 2
35 0000001110 3
46 1010101000 4
57 0010110000 3
60 0001000001 2
71 1100000000 2

03 0100010000 2
14 0000000010 1
25 0100000110 3
36 1010101110 6
47 0010111000 4
50 1010100000 3
61 0100010001 3
72 0001000000 1

04 0000000010 1
15 0001001010 3
26 1010000110 4
37 0010101110 5
40 1011101000 5
51 1000110000 3
62 0001000001 2
73 0101000000 2

05 0100000010 2
16 0010001010 3
27 0010010110 4
30 1010101100 5
41 1100110000 4
52 0000100000 1
63 0101010001 4 match 0
74 0000000000 a

06 0000000010 1
17 0010001010 3
20 1010000100 3
31 1000100100 3
42 0001101000 3
53 0000010000 1
64 0000000001 1
75 0101000000 2

07 0000010010 2
10 0011001000 3
21 1100010100 4
32 0000101000 2
43 0101010000 3
54 0000000000 a
65 0101000001 3
76 1000000000 1

Matching output
0 63
1 absent
2 absent
3 absent
4 absent
5 absent
6 absent
7 absent

Left
63 74x
Best: AND-NOT63: 1

Right
none
Best: none

OR-NOT
01 1100110111 7
12 0011101011 6
23 1111010111 8
34 1010101111 7
45 1111111111 a
56 1010111110 7 match 7
67 0111111111 9
70 1111101101 8

02 0101111011 7
13 0111011011 7
24 1110010111 7
35 1111101111 9
46 1111111110 9 match 6
57 1010111111 8
60 1111111101 9
71 1101110101 7

03 0101010011 5
14 0011001111 6
25 1111011111 9
36 1010101110 6
47 1111111111 a
50 1011111101 8
61 1101110101 7
72 1101101001 6

04 0100010111 5
15 0111001111 7
26 1110111110 8
37 1010111111 8
40 1111111101 9
51 1110110101 7
62 0101111001 6
73 1101010001 5

05 0101011111 7
16 1011101110 7 match 5
27 1110111111 9
30 1011101111 8
41 1111111101 9
52 1011111001 7
63 0101010001 4 match 0
74 1101000111 6

06 1110111110 8
17 0011111111 8
20 1111111111 a
31 1110111111 9
42 1111111001 8
53 1111110001 7
64 0101010111 6
75 1101001111 7

07 0110111111 8
10 1011101111 8
21 1110110111 8
32 1011101111 8
43 1111111001 8
54 1010110111 7
65 0101011111 7
76 1111101110 8

Matching output
0 63
1 absent
2 absent
3 absent
4 absent
5 16
6 46
7 56

Left
63 74x
Best: OR-NOT63: 1

Right
56 45x
Best: OR-NOT56: 1

XOR-NOT
01 1000100111 5
12 0010100011 4
23 1011000111 6
34 1010101001 5
45 1010110111 7
56 0000011110 4
67 0111101110 7
70 0110101101 6

02 0101111011 7
13 0110011011 6
24 1110010001 5
35 1111100001 6
46 0101010110 5
57 1000001111 5
60 1110111100 7
71 0001110101 5

03 0001000011 3
14 0011001101 5
25 1011011001 6
36 0000000000 a
47 1101000111 6
50 0001011101 5
61 1001100100 4
72 1100101001 5

04 0100010101 4
15 0110000101 4
26 0100111000 4
37 1000010001 3
40 0100010101 4
51 0110000101 4
62 0100111000 4
73 1000010001 3

05 0001011101 5
16 1001100100 4
27 1100101001 5
30 0001000011 3
41 0011001101 5
52 1011011001 6
63 0000000000 a
74 1101000111 6

06 1110111100 7
17 0001110101 5
20 0101111011 7
31 0110011011 6
42 1110010001 5
53 1111100001 6
64 0101010110 5
75 1000001111 5

07 0110101101 6
10 1000100111 5
21 0010100011 4
32 1011000111 6
43 1010101001 5
54 1010110111 7
65 0000011110 4
76 0111101110 7

Matching output
0 absent
1 absent
2 absent
3 absent
4 absent
5 absent
6 absent
7 absent

Left
none
Best: none

Right
none
Best: none

Selecting

Lefts
Identity I6 7 0 1 2: 5
NOT NOT3: 1
Constant none
AND none
OR none
XOR none
AND-NOT AND-NOT63: 1
OR-NOT OR-NOT63: 1
XOR-NOT none

Rights
Identity none
NOT none
Constant none
AND none
OR OR35 24 13 02: 4
XOR none
AND-NOT none
OR-NOT OR-NOT56: 1
XOR-NOT none

Left longest: 5
Right longest: 4

Left winner: Identity yes, NOT no, Constant no, AND no, OR no, XOR no, AND-NOT no, OR-NOT no, XOR-NOT no
Right winner: Identity no, NOT no, Constant no, AND no, OR yes, XOR no, AND-NOT no, OR-NOT no, XOR-NOT no

Best left: I6 7 0 1 2: 5
Best right: OR35 24 13 02: 4

Truncated left: I6 7 0 1 2: 5
Truncated right: OR35 24 13: 3 truncated

Tentative from right
7 OR35
6 OR24
5 OR13
4 pending
3 pending
2 pending
1 pending
0 pending

Tentative
0 I6
1 I7
2 I0
3 I1
4 I2
5 OR13
6 OR24
7 OR35

Preferred from left
0 I6
1 I7
2 I0
3 I1
4 I2
5 OR13
6 OR24
7 OR35

Preferred from right
7 OR35
6 OR24
5 OR13
4 I2
3 I1
2 I0
1 I7
0 I6

Preferred
0 I6
1 I7
2 I0
3 I1
4 I2
5 OR13
6 OR24
7 OR35

Matching
0 I6
1 I7
2 I0
3 I1
4 I2
5 OR13
6 OR24
7 OR35

Perfect match
Identity no
NOT no
Constant no
AND no
OR no
XOR no
AND-NOT no
OR-NOT no
XOR-NOT no

Matched
0 I6
1 I7
2 I0
3 I1
4 I2
5 OR13
6 OR24
7 OR35

Selected
0 I6
1 I7
2 I0
3 I1
4 I2
5 OR13
6 OR24
7 OR35

Applying to 11101010
Input
0 1
1 1
2 1
3 0
4 1
5 0
6 1
7 0
Output
0 I6 = 1
1 I7 = 0
2 I0 = 1
3 I1 = 1
4 I2 = 1
5 OR13 = OR(1,0) = 1
6 OR24 = OR(1,1) = 1
7 OR35 = OR(0,0) = 0

I will now return the answer in \boxed{}
The answer in \boxed{–} is \boxed{10111110}
[correct]
true
