[category]
bit_manipulation
[prompt]
In Alice's Wonderland, a secret bit manipulation rule transforms 8-bit binary numbers. The transformation involves operations like bit shifts, rotations, XOR, AND, OR, NOT, and possibly majority or choice functions.

Here are some examples of input -> output:
10100110 -> 00010010
00100100 -> 00000010
11101000 -> 01000100
01101100 -> 00100110
00000001 -> 00000000
11111001 -> 11001100
00100011 -> 00010000
11110100 -> 00101010

Now, determine the output for: 10100010
[completion]
We need to deduce the transformation by matching the example outputs.
I will put my final answer inside \boxed{}.

Output 0: 00010010
0 0
1 0
2 0
3 1
4 0
5 0
6 1
7 0

Output 1: 00000010
0 0
1 0
2 0
3 0
4 0
5 0
6 1
7 0

Output 2: 01000100
0 0
1 1
2 0
3 0
4 0
5 1
6 0
7 0

Output 3: 00100110
0 0
1 0
2 1
3 0
4 0
5 1
6 1
7 0

Output 4: 00000000
0 0
1 0
2 0
3 0
4 0
5 0
6 0
7 0

Output 5: 11001100
0 1
1 1
2 0
3 0
4 1
5 1
6 0
7 0

Output 6: 00010000
0 0
1 0
2 0
3 1
4 0
5 0
6 0
7 0

Output 7: 00101010
0 0
1 0
2 1
3 0
4 1
5 0
6 1
7 0

Output bit columns (with bitsum as hash)
0 00000100 1
1 00100100 2
2 00010001 2
3 10000010 2
4 00000101 2
5 00110100 3
6 11010001 4
7 00000000 a

Input 0: 10100110
0 1
1 0
2 1
3 0
4 0
5 1
6 1
7 0

Input 1: 00100100
0 0
1 0
2 1
3 0
4 0
5 1
6 0
7 0

Input 2: 11101000
0 1
1 1
2 1
3 0
4 1
5 0
6 0
7 0

Input 3: 01101100
0 0
1 1
2 1
3 0
4 1
5 1
6 0
7 0

Input 4: 00000001
0 0
1 0
2 0
3 0
4 0
5 0
6 0
7 1

Input 5: 11111001
0 1
1 1
2 1
3 1
4 1
5 0
6 0
7 1

Input 6: 00100011
0 0
1 0
2 1
3 0
4 0
5 0
6 1
7 1

Input 7: 11110100
0 1
1 1
2 1
3 1
4 0
5 1
6 0
7 0

When matching output
x: not in operator
y: wrong position

Identity
0 10100101 4
1 00110101 4
2 11110111 7
3 00000101 2 match 4
4 00110100 3 match 5
5 11010001 4 match 6
6 10000010 2 match 3
7 00001110 3

Matching output
0 absent
1 absent
2 absent
3 6
4 3
5 4
6 5
7 absent

Left
none
Best: none

Right
none
Best: none

NOT
0 01011010 4
1 11001010 4
2 00001000 1
3 11111010 6
4 11001011 5
5 00101110 4
6 01111101 6
7 11110001 5

Matching output
0 absent
1 absent
2 absent
3 absent
4 absent
5 absent
6 absent
7 absent

Left
none
Best: none

Right
none
Best: none

Constant
0 00000000 a match 7
1 11111111 a

Matching output
0 absent
1 absent
2 absent
3 absent
4 absent
5 absent
6 absent
7 C0

Left
none
Best: none

Right
0
Best: C0: 1

AND
01 10 00100101 3
12 21 00110101 4
23 32 00000101 2 match 4
34 43 00000100 1 match 0
45 54 00010000 1
56 65 10000000 1
67 76 00000010 1
70 07 00000100 1 match 0

02 20 10100101 4
13 31 00000101 2 match 4
24 42 00110100 3 match 5
35 53 00000001 1
46 64 00000000 a match 7
57 75 00000000 a match 7
60 06 10000000 1
71 17 00000100 1 match 0

03 30 00000101 2 match 4
14 41 00110100 3 match 5
25 52 11010001 4 match 6
36 63 00000000 a match 7
47 74 00000100 1 match 0
50 05 10000001 2
61 16 00000000 a match 7
72 27 00000110 2

04 40 00100100 2 match 1
15 51 00010001 2 match 2
26 62 10000010 2 match 3
37 73 00000100 1 match 0

Matching output
0 34 43 70 07 71 17 47 74 37 73
1 04 40
2 15 51
3 26 62
4 23 32 13 31 03 30
5 24 42 14 41
6 25 52
7 46 64 57 75 36 63 61 16

Left
34 45x
43 54x
70 01x
07 10x
71 02x
17 20x
47 50x
74 05x
37 40 51 62 73y
73 04 15 26 37y
Best: AND37 40 51 62: 4

Right
46 35x
64 53x
57 46y
75 64y
36 25 14 03 72x
63 52 41 30 27x
61 50x
16 05x
Best: AND36 25 14 03: 4

OR
01 10 10110101 5
12 21 11110111 7
23 32 11110111 7
34 43 00110101 4
45 54 11110101 6
56 65 11010011 5
67 76 10001110 4
70 07 10101111 6

02 20 11110111 7
13 31 00110101 4
24 42 11110111 7
35 53 11010101 5
46 64 10110110 5
57 75 11011111 7
60 06 10100111 5
71 17 00111111 6

03 30 10100101 4
14 41 00110101 4
25 52 11110111 7
36 63 10000111 4
47 74 00111110 5
50 05 11110101 6
61 16 10110111 6
72 27 11111111 a

04 40 10110101 5
15 51 11110101 6
26 62 11110111 7
37 73 00001111 4

Matching output
0 absent
1 absent
2 absent
3 absent
4 absent
5 absent
6 absent
7 absent

Left
none
Best: none

Right
none
Best: none

XOR
01 10 10010000 2
12 21 11000010 3
23 32 11110010 5
34 43 00110001 3
45 54 11100101 5
56 65 01010011 4
67 76 10001100 3
70 07 10101011 5

02 20 01010010 3
13 31 00110000 2
24 42 11000011 4
35 53 11010100 4
46 64 10110110 5
57 75 11011111 7
60 06 00100111 4
71 17 00111011 5

03 30 10100000 2
14 41 00000001 1
25 52 00100110 3
36 63 10000111 4
47 74 00111010 4
50 05 01110100 4
61 16 10110111 6
72 27 11111001 6

04 40 10010001 3
15 51 11100100 4
26 62 01110101 5
37 73 00001011 3

Matching output
0 absent
1 absent
2 absent
3 absent
4 absent
5 absent
6 absent
7 absent

Left
none
Best: none

Right
none
Best: none

AND-NOT
01 10000000 1
12 00000000 a match 7
23 11110010 5
34 00000001 1
45 00100100 2 match 1
56 01010001 3
67 10000000 1
70 00001010 2

02 00000000 a match 7
13 00110000 2
24 11000011 4
35 00000100 1 match 0
46 00110100 3 match 5
57 11010001 4 match 6
60 00000010 1
71 00001010 2

03 10100000 2
14 00000001 1
25 00100110 3
36 00000101 2 match 4
47 00110000 2
50 01010000 2
61 10000010 2 match 3
72 00001000 1

04 10000001 2
15 00100100 2 match 1
26 01110101 5
37 00000001 1
40 00010000 1
51 11000000 2
62 00000000 a match 7
73 00001010 2

05 00100100 2 match 1
16 00110101 4
27 11110001 5
30 00000000 a match 7
41 00000000 a match 7
52 00000000 a match 7
63 10000010 2 match 3
74 00001010 2

06 00100101 3
17 00110001 3
20 01010010 3
31 00000000 a match 7
42 00000000 a match 7
53 11010000 3
64 10000010 2 match 3
75 00001110 3

07 10100001 3
10 00010000 1
21 11000010 3
32 00000000 a match 7
43 00110000 2
54 11000001 3
65 00000010 1
76 00001100 2

Matching output
0 35
1 45 15 05
2 absent
3 61 63 64
4 36
5 46
6 57
7 12 02 62 30 41 52 31 42 32

Left
35 46y
Best: AND-NOT35: 1

Right
12 01x
02 71x
62 51x
30 27x
41 30y
52 41y
31 20x
42 31y
32 21x
Best: AND-NOT12: 1

OR-NOT
01 11101111 7
12 00111101 5
23 11111111 a
34 11001111 6
45 00111110 5
56 11111101 7
67 11110011 6
70 01011110 5

02 10101101 5
13 11111111 a
24 11111111 a
35 00101111 5
46 01111101 6
57 11110001 5
60 11011010 5
71 11001110 5

03 11111111 a
14 11111111 a
25 11111111 a
36 01111101 6
47 11110101 6
50 11011011 6
61 11001010 4
72 00001110 3

04 11101111 7
15 00111111 6
26 11111111 a
37 11110101 6
40 01111110 6
51 11011011 6
62 10001010 3
73 11111110 7

05 10101111 6
16 01111101 6
27 11110111 7
30 01011111 6
41 11111110 7
52 11011001 5
63 11111010 6
74 11001111 6

06 11111101 7
17 11110101 6
20 11111111 a
31 11001111 6
42 00111100 4
53 11111011 7
64 11001011 5
75 00101110 4

07 11110101 6
10 01111111 7
21 11111111 a
32 00001101 3
43 11111110 7
54 11011011 6
65 10101110 5
76 01111111 7

Matching output
0 absent
1 absent
2 absent
3 absent
4 absent
5 absent
6 absent
7 absent

Left
none
Best: none

Right
none
Best: none

XOR-NOT
01 01101111 6
12 00111101 5
23 00001101 3
34 11001110 5
45 00011010 3
56 10101100 4
67 01110011 5
70 01010100 3

02 10101101 5
13 11001111 6
24 00111100 4
35 00101011 4
46 01001001 3
57 00100000 1
60 11011000 4
71 11000100 3

03 01011111 6
14 11111110 7
25 11011001 5
36 01111000 4
47 11000101 4
50 10001011 4
61 01001000 2
72 00000110 2

04 01101110 5
15 00011011 4
26 10001010 3
37 11110100 5
40 01101110 5
51 00011011 4
62 10001010 3
73 11110100 5

05 10001011 4
16 01001000 2
27 00000110 2
30 01011111 6
41 11111110 7
52 11011001 5
63 01111000 4
74 11000101 4

06 11011000 4
17 11000100 3
20 10101101 5
31 11001111 6
42 00111100 4
53 00101011 4
64 01001001 3
75 00100000 1

07 01010100 3
10 01101111 6
21 00111101 5
32 00001101 3
43 11001110 5
54 00011010 3
65 10101100 4
76 01110011 5

Matching output
0 absent
1 absent
2 absent
3 absent
4 absent
5 absent
6 absent
7 absent

Left
none
Best: none

Right
none
Best: none

Selecting

Lefts
Identity none
NOT none
Constant none
AND AND37 40 51 62: 4
OR none
XOR none
AND-NOT AND-NOT35: 1
OR-NOT none
XOR-NOT none

Rights
Identity none
NOT none
Constant C0: 1
AND AND36 25 14 03: 4
OR none
XOR none
AND-NOT AND-NOT12: 1
OR-NOT none
XOR-NOT none

Left longest: 4
Right longest: 4

Left winner: Identity no, NOT no, Constant no, AND yes, OR no, XOR no, AND-NOT no, OR-NOT no, XOR-NOT no
Right winner: Identity no, NOT no, Constant no, AND yes, OR no, XOR no, AND-NOT no, OR-NOT no, XOR-NOT no

Best left: AND37 40 51 62: 4
Best right: AND36 25 14 03: 4

Truncated left: AND37 40 51 62: 4
Truncated right: AND36 25 14 03: 4

Tentative from right
7 AND36
6 AND25
5 AND14
4 AND03
3 pending
2 pending
1 pending
0 pending

Tentative
0 AND37
1 AND40
2 AND51
3 AND62
4 AND03
5 AND14
6 AND25
7 AND36

Preferred from left
0 AND37
1 AND40
2 AND51
3 AND62
4 AND03
5 AND14
6 AND25
7 AND36

Preferred from right
7 AND36
6 AND25
5 AND14
4 AND03
3 AND62
2 AND51
1 AND40
0 AND37

Preferred
0 AND37
1 AND40
2 AND51
3 AND62
4 AND03
5 AND14
6 AND25
7 AND36

Matching
0 AND37
1 AND40
2 AND51
3 AND62
4 AND03
5 AND14
6 AND25
7 AND36

Perfect match
Identity no
NOT no
Constant no
AND no
OR no
XOR no
AND-NOT no
OR-NOT no
XOR-NOT no

Matched
0 AND37
1 AND40
2 AND51
3 AND62
4 AND03
5 AND14
6 AND25
7 AND36

Selected
0 AND37
1 AND40
2 AND51
3 AND62
4 AND03
5 AND14
6 AND25
7 AND36

Applying to 10100010
Input
0 1
1 0
2 1
3 0
4 0
5 0
6 1
7 0
Output
0 AND37 = AND(0,0) = 0
1 AND40 = AND(0,1) = 0
2 AND51 = AND(0,0) = 0
3 AND62 = AND(1,1) = 1
4 AND03 = AND(1,0) = 0
5 AND14 = AND(0,0) = 0
6 AND25 = AND(1,0) = 0
7 AND36 = AND(0,1) = 0

I will now return the answer in \boxed{}
The answer in \boxed{–} is \boxed{00010000}
[correct]
true
