[category]
bit_manipulation
[prompt]
In Alice's Wonderland, a secret bit manipulation rule transforms 8-bit binary numbers. The transformation involves operations like bit shifts, rotations, XOR, AND, OR, NOT, and possibly majority or choice functions.

Here are some examples of input -> output:
00010100 -> 01010001
11110010 -> 11001111
10000111 -> 00011110
01100110 -> 10011111
01001101 -> 00110101
01011101 -> 01110101
11011000 -> 01101111
00101010 -> 10101010

Now, determine the output for: 01101100
[completion]
We need to deduce the transformation by matching the example outputs.
I will put my final answer inside \boxed{}.

Output 0: 01010001
0 0
1 1
2 0
3 1
4 0
5 0
6 0
7 1

Output 1: 11001111
0 1
1 1
2 0
3 0
4 1
5 1
6 1
7 1

Output 2: 00011110
0 0
1 0
2 0
3 1
4 1
5 1
6 1
7 0

Output 3: 10011111
0 1
1 0
2 0
3 1
4 1
5 1
6 1
7 1

Output 4: 00110101
0 0
1 0
2 1
3 1
4 0
5 1
6 0
7 1

Output 5: 01110101
0 0
1 1
2 1
3 1
4 0
5 1
6 0
7 1

Output 6: 01101111
0 0
1 1
2 1
3 0
4 1
5 1
6 1
7 1

Output 7: 10101010
0 1
1 0
2 1
3 0
4 1
5 0
6 1
7 0

Output bit columns (with bitsum as hash)
0 01010001 3
1 11000110 4
2 00001111 4
3 10111100 5
4 01110011 5
5 01111110 6
6 01110011 5
7 11011110 6

Input 0: 00010100
0 0
1 0
2 0
3 1
4 0
5 1
6 0
7 0

Input 1: 11110010
0 1
1 1
2 1
3 1
4 0
5 0
6 1
7 0

Input 2: 10000111
0 1
1 0
2 0
3 0
4 0
5 1
6 1
7 1

Input 3: 01100110
0 0
1 1
2 1
3 0
4 0
5 1
6 1
7 0

Input 4: 01001101
0 0
1 1
2 0
3 0
4 1
5 1
6 0
7 1

Input 5: 01011101
0 0
1 1
2 0
3 1
4 1
5 1
6 0
7 1

Input 6: 11011000
0 1
1 1
2 0
3 1
4 1
5 0
6 0
7 0

Input 7: 00101010
0 0
1 0
2 1
3 0
4 1
5 0
6 1
7 0

When matching output
x: not in operator
y: wrong position

Identity
0 01100010 3
1 01011110 5
2 01010001 3 match 0
3 11000110 4 match 1
4 00001111 4 match 2
5 10111100 5 match 3
6 01110001 4
7 00101100 3

Matching output
0 2
1 3
2 4
3 5
4 absent
5 absent
6 absent
7 absent

Left
2 3 4 5 6x
Best: I2 3 4 5: 4

Right
none
Best: none

NOT
0 10011101 5
1 10100001 3
2 10101110 5
3 00111001 4
4 11110000 4
5 01000011 3
6 10001110 4
7 11010011 5

Matching output
0 absent
1 absent
2 absent
3 absent
4 absent
5 absent
6 absent
7 absent

Left
none
Best: none

Right
none
Best: none

Constant
0 00000000 a
1 11111111 a

Matching output
0 absent
1 absent
2 absent
3 absent
4 absent
5 absent
6 absent
7 absent

Left
none
Best: none

Right
none
Best: none

AND
01 10 01000010 2
12 21 01010000 2
23 32 01000000 1
34 43 00000110 2
45 54 00001100 2
56 65 00110000 2
67 76 00100000 1
70 07 00100000 1

02 20 01000000 1
13 31 01000110 3
24 42 00000001 1
35 53 10000100 2
46 64 00000001 1
57 75 00101100 3
60 06 01100000 2
71 17 00001100 2

03 30 01000010 2
14 41 00001110 3
25 52 00010000 1
36 63 01000000 1
47 74 00001100 2
50 05 00100000 1
61 16 01010000 2
72 27 00000000 a

04 40 00000010 1
15 51 00011100 3
26 62 01010001 3 match 0
37 73 00000100 1

Matching output
0 26 62
1 absent
2 absent
3 absent
4 absent
5 absent
6 absent
7 absent

Left
26 37x
62 73x
Best: AND26: 1

Right
none
Best: none

OR
01 10 01111110 6 match 5
12 21 01011111 6
23 32 11010111 6
34 43 11001111 6
45 54 10111111 7
56 65 11111101 7
67 76 01111101 6
70 07 01101110 5

02 20 01110011 5 match 4 6
13 31 11011110 6 match 7
24 42 01011111 6
35 53 11111110 7
46 64 01111111 7
57 75 10111100 5 match 3
60 06 01110011 5 match 4 6
71 17 01111110 6 match 5

03 30 11100110 5
14 41 01011111 6
25 52 11111101 7
36 63 11110111 7
47 74 00101111 5
50 05 11111110 7
61 16 01111111 7
72 27 01111101 6

04 40 01101111 6
15 51 11111110 7
26 62 01110001 4
37 73 11101110 6

Matching output
0 absent
1 absent
2 absent
3 57 75
4 02 20 60 06
5 01 10 71 17
6 02 20 60 06
7 13 31

Left
none
Best: none

Right
13 02 71 60 57 46x
31 20 17 06 75 64x
Best: OR13 02 71 60 57: 5

XOR
01 10 00111100 4
12 21 00001111 4 match 2
23 32 10010111 5
34 43 11001001 4
45 54 10110011 5
56 65 11001101 5
67 76 01011101 5
70 07 01001110 4

02 20 00110011 4
13 31 10011000 3
24 42 01011110 5
35 53 01111010 5
46 64 01111110 6 match 5
57 75 10010000 2
60 06 00010011 3
71 17 01110010 4

03 30 10100100 3
14 41 01010001 3 match 0
25 52 11101101 6
36 63 10110111 6
47 74 00100011 3
50 05 11011110 6 match 7
61 16 00101111 5
72 27 01111101 6

04 40 01101101 5
15 51 11100010 4
26 62 00100000 1
37 73 11101010 5

Matching output
0 14 41
1 absent
2 12 21
3 absent
4 absent
5 46 64
6 absent
7 50 05

Left
14 25x
41 52x
Best: XOR14: 1

Right
50 47x
05 74x
Best: XOR50: 1

AND-NOT
01 00100000 1
12 00001110 3
23 00010001 2
34 11000000 2
45 00000011 2
56 10001100 3
67 01010001 3 match 0
70 00001100 2

02 00100010 2
13 00011000 2
24 01010000 2
35 01000010 2
46 00001110 3
57 10010000 2
60 00010001 2
71 00100000 1

03 00100000 1
14 01010000 2
25 01000001 2
36 10000110 3
47 00000011 2
50 10011100 4
61 00100001 2
72 00101100 3

04 01100000 2
15 01000010 2
26 00000000 a
37 11000010 3
40 00001101 3
51 10100000 2
62 00100000 1
73 00101000 2

05 01000010 2
16 00001110 3
27 01010001 3 match 0
30 10000100 2
41 00000001 1
52 10101100 4
63 00110001 3
74 00100000 1

06 00000010 1
17 01010010 3
20 00010001 2
31 10000000 1
42 00001110 3
53 00111000 3
64 01110000 3
75 00000000 a

07 01000010 2
10 00011100 3
21 00000001 1
32 10000110 3
43 00001001 2
54 10110000 3
65 01000001 2
76 00001100 2

Matching output
0 67 27
1 absent
2 absent
3 absent
4 absent
5 absent
6 absent
7 absent

Left
67 70x
27 30x
Best: AND-NOT67: 1

Right
none
Best: none

OR-NOT
01 11100011 5
12 11111110 7
23 01111001 5
34 11110110 6
45 01001111 5
56 10111110 6
67 11110011 6
70 10111101 6

02 11101110 6
13 01111111 7
24 11110001 5
35 11000111 5
46 10001111 5
57 11111111 a
60 11111101 7
71 10101101 5

03 01111011 6
14 11111110 7
25 01010011 4
36 11001110 5
47 11011111 7
50 10111101 6
61 11110001 5
72 10101110 5

04 11110010 5
15 01011111 6
26 11011111 7
37 11010111 6
40 10011111 6
51 10111101 6
62 11111111 a
73 00111101 5

05 01100011 4
16 11011110 6 match 7
27 11010011 5
30 11011111 7
41 10101111 6
52 10111110 6
63 01111001 5
74 11111100 6

06 11101110 6
17 11011111 7
20 11011101 6
31 11100111 6
42 10101111 6
53 10111101 6
64 11110001 5
75 01101111 6

07 11110011 6
10 11011111 7
21 11110001 5
32 11101110 6
43 00111111 6
54 11111100 6
65 01110011 5 match 4 6
76 10101110 5

Matching output
0 absent
1 absent
2 absent
3 absent
4 65
5 absent
6 65
7 16

Left
none
Best: none

Right
16 05x
Best: OR-NOT16: 1

XOR-NOT
01 11000011 4
12 11110000 4
23 01101000 3
34 00110110 4
45 01001100 3
56 00110010 3
67 10100010 3
70 10110001 4

02 11001100 4
13 01100111 5
24 10100001 3
35 10000101 3
46 10000001 2
57 01101111 6
60 11101100 5
71 10001101 4

03 01011011 5
14 10101110 5
25 00010010 2
36 01001000 2
47 11011100 5
50 00100001 2
61 11010000 3
72 10000010 2

04 10010010 3
15 00011101 4
26 11011111 7
37 00010101 3
40 10010010 3
51 00011101 4
62 11011111 7
73 00010101 3

05 00100001 2
16 11010000 3
27 10000010 2
30 01011011 5
41 10101110 5
52 00010010 2
63 01001000 2
74 11011100 5

06 11101100 5
17 10001101 4
20 11001100 4
31 01100111 5
42 10100001 3
53 10000101 3
64 10000001 2
75 01101111 6

07 10110001 4
10 11000011 4
21 11110000 4
32 01101000 3
43 00110110 4
54 01001100 3
65 00110010 3
76 10100010 3

Matching output
0 absent
1 absent
2 absent
3 absent
4 absent
5 absent
6 absent
7 absent

Left
none
Best: none

Right
none
Best: none

Selecting

Lefts
Identity I2 3 4 5: 4
NOT none
Constant none
AND AND26: 1
OR none
XOR XOR14: 1
AND-NOT AND-NOT67: 1
OR-NOT none
XOR-NOT none

Rights
Identity none
NOT none
Constant none
AND none
OR OR13 02 71 60 57: 5
XOR XOR50: 1
AND-NOT none
OR-NOT OR-NOT16: 1
XOR-NOT none

Left longest: 4
Right longest: 5

Right winner: Identity no, NOT no, Constant no, AND no, OR yes, XOR no, AND-NOT no, OR-NOT no, XOR-NOT no
Left winner: Identity yes, NOT no, Constant no, AND no, OR no, XOR no, AND-NOT no, OR-NOT no, XOR-NOT no

Best right: OR13 02 71 60 57: 5
Best left: I2 3 4 5: 4

Truncated right: OR13 02 71 60 57: 5
Truncated left: I2 3 4: 3 truncated

Tentative from right
7 OR13
6 OR02
5 OR71
4 OR60
3 OR57
2 pending
1 pending
0 pending

Tentative
0 I2
1 I3
2 I4
3 OR57
4 OR60
5 OR71
6 OR02
7 OR13

Preferred from right
7 OR13
6 OR02
5 OR71
4 OR60
3 OR57
2 I4
1 I3
0 I2

Preferred from left
0 I2
1 I3
2 I4
3 OR57
4 OR60
5 OR71
6 OR02
7 OR13

Preferred
0 I2
1 I3
2 I4
3 OR57
4 OR60
5 OR71
6 OR02
7 OR13

Matching
0 I2
1 I3
2 I4
3 OR57
4 OR60
5 OR71
6 OR02
7 OR13

Perfect match
Identity no
NOT no
Constant no
AND no
OR no
XOR no
AND-NOT no
OR-NOT no
XOR-NOT no

Matched
0 I2
1 I3
2 I4
3 OR57
4 OR60
5 OR71
6 OR02
7 OR13

Selected
0 I2
1 I3
2 I4
3 OR57
4 OR60
5 OR71
6 OR02
7 OR13

Applying to 01101100
Input
0 0
1 1
2 1
3 0
4 1
5 1
6 0
7 0
Output
0 I2 = 1
1 I3 = 0
2 I4 = 1
3 OR57 = OR(1,0) = 1
4 OR60 = OR(0,0) = 0
5 OR71 = OR(0,1) = 1
6 OR02 = OR(0,1) = 1
7 OR13 = OR(1,0) = 1

I will now return the answer in \boxed{}
The answer in \boxed{–} is \boxed{10110111}
[correct]
true
