[category]
bit_manipulation
[prompt]
In Alice's Wonderland, a secret bit manipulation rule transforms 8-bit binary numbers. The transformation involves operations like bit shifts, rotations, XOR, AND, OR, NOT, and possibly majority or choice functions.

Here are some examples of input -> output:
01001000 -> 01000000
10110011 -> 10011000
01001001 -> 01001000
10110100 -> 10100000
11101110 -> 01110000
00110011 -> 10011000
10000111 -> 00111000
01010011 -> 10011000
01011110 -> 11110000
01101011 -> 01011000

Now, determine the output for: 10100100
[completion]
We need to deduce the transformation by matching the example outputs.
I will put my final answer inside \boxed{}.

Output 0: 01000000
0 0
1 1
2 0
3 0
4 0
5 0
6 0
7 0

Output 1: 10011000
0 1
1 0
2 0
3 1
4 1
5 0
6 0
7 0

Output 2: 01001000
0 0
1 1
2 0
3 0
4 1
5 0
6 0
7 0

Output 3: 10100000
0 1
1 0
2 1
3 0
4 0
5 0
6 0
7 0

Output 4: 01110000
0 0
1 1
2 1
3 1
4 0
5 0
6 0
7 0

Output 5: 10011000
0 1
1 0
2 0
3 1
4 1
5 0
6 0
7 0

Output 6: 00111000
0 0
1 0
2 1
3 1
4 1
5 0
6 0
7 0

Output 7: 10011000
0 1
1 0
2 0
3 1
4 1
5 0
6 0
7 0

Output 8: 11110000
0 1
1 1
2 1
3 1
4 0
5 0
6 0
7 0

Output 9: 01011000
0 0
1 1
2 0
3 1
4 1
5 0
6 0
7 0

Output bit columns (with bitsum as hash)
0 0101010110 5
1 1010100011 5
2 0001101010 4
3 0100111111 7
4 0110011101 6
5 0000000000 a
6 0000000000 a
7 0000000000 a

Input 0: 01001000
0 0
1 1
2 0
3 0
4 1
5 0
6 0
7 0

Input 1: 10110011
0 1
1 0
2 1
3 1
4 0
5 0
6 1
7 1

Input 2: 01001001
0 0
1 1
2 0
3 0
4 1
5 0
6 0
7 1

Input 3: 10110100
0 1
1 0
2 1
3 1
4 0
5 1
6 0
7 0

Input 4: 11101110
0 1
1 1
2 1
3 0
4 1
5 1
6 1
7 0

Input 5: 00110011
0 0
1 0
2 1
3 1
4 0
5 0
6 1
7 1

Input 6: 10000111
0 1
1 0
2 0
3 0
4 0
5 1
6 1
7 1

Input 7: 01010011
0 0
1 1
2 0
3 1
4 0
5 0
6 1
7 1

Input 8: 01011110
0 0
1 1
2 0
3 1
4 1
5 1
6 1
7 0

Input 9: 01101011
0 0
1 1
2 1
3 0
4 1
5 0
6 1
7 1

When matching output
x: not in operator
y: wrong position

Identity
0 0101101000 4
1 1010100111 6
2 0101110001 5
3 0101010110 5 match 0
4 1010100011 5 match 1
5 0001101010 4 match 2
6 0100111111 7 match 3
7 0110011101 6 match 4

Matching output
0 3
1 4
2 5
3 6
4 7
5 absent
6 absent
7 absent

Left
3 4 5 6 7 0x
Best: I3 4 5 6 7: 5

Right
none
Best: none

NOT
0 1010010111 6
1 0101011000 4
2 1010001110 5
3 1010101001 5
4 0101011100 5
5 1110010101 6
6 1011000000 3
7 1001100010 4

Matching output
0 absent
1 absent
2 absent
3 absent
4 absent
5 absent
6 absent
7 absent

Left
none
Best: none

Right
none
Best: none

Constant
0 0000000000 a match 5 6 7
1 1111111111 a

Matching output
0 absent
1 absent
2 absent
3 absent
4 absent
5 C0
6 C0
7 C0

Left
none
Best: none

Right
0 0 0
Best: C0 0 0: 3

AND
01 10 0000100000 1
12 21 0000100001 2
23 32 0101010000 3
34 43 0000000010 1
45 54 0000100010 2
56 65 0000101010 3
67 76 0100011101 5
70 07 0100001000 2

02 20 0101100000 3
13 31 0000000110 2
24 42 0000100001 2
35 53 0001000010 2
46 64 0000100011 3
57 75 0000001000 1
60 06 0100101000 3
71 17 0010000101 3

03 30 0101000000 2
14 41 1010100011 5 match 1
25 52 0001100000 2
36 63 0100010110 4
47 74 0010000001 2
50 05 0001101000 3
61 16 0000100111 4
72 27 0100010001 3

04 40 0000100000 1
15 51 0000100010 2
26 62 0100110001 4
37 73 0100010100 3

Matching output
0 absent
1 14 41
2 absent
3 absent
4 absent
5 absent
6 absent
7 absent

Left
none
Best: none

Right
none
Best: none

OR
01 10 1111101111 9
12 21 1111110111 9
23 32 0101110111 7
34 43 1111110111 9
45 54 1011101011 7
56 65 0101111111 8
67 76 0110111111 8
70 07 0111111101 8

02 20 0101111001 6
13 31 1111110111 9
24 42 1111110011 8
35 53 0101111110 7
46 64 1110111111 9
57 75 0111111111 9
60 06 0101111111 8
71 17 1110111111 9

03 30 0101111110 7
14 41 1010100111 6
25 52 0101111011 7
36 63 0101111111 8
47 74 1110111111 9
50 05 0101101010 5
61 16 1110111111 9
72 27 0111111101 8

04 40 1111101011 8
15 51 1011101111 8
26 62 0101111111 8
37 73 0111011111 8

Matching output
0 absent
1 absent
2 absent
3 absent
4 absent
5 absent
6 absent
7 absent

Left
none
Best: none

Right
none
Best: none

XOR
01 10 1111001111 8
12 21 1111010110 7
23 32 0000100111 4
34 43 1111110101 8
45 54 1011001001 5
56 65 0101010101 5
67 76 0010100010 3
70 07 0011110101 6

02 20 0000011001 3
13 31 1111110001 7
24 42 1111010010 6
35 53 0100111100 5
46 64 1110011100 6
57 75 0111110111 8
60 06 0001010111 5
71 17 1100111010 6

03 30 0000111110 5
14 41 0000000100 1
25 52 0100011011 5
36 63 0001101001 4
47 74 1100111110 7
50 05 0100000010 2
61 16 1110011000 5
72 27 0011101100 5

04 40 1111001011 7
15 51 1011001101 6
26 62 0001001110 4
37 73 0011001011 5

Matching output
0 absent
1 absent
2 absent
3 absent
4 absent
5 absent
6 absent
7 absent

Left
none
Best: none

Right
none
Best: none

AND-NOT
01 0101001000 3
12 1010000110 4
23 0000100001 2
34 0101010100 4
45 1010000001 3
56 0001000000 1
67 0000100010 2
70 0010010101 4

02 0000001000 1
13 1010100001 4
24 0101010000 3
35 0100010100 3
46 1010000000 2
57 0001100010 3
60 0000010111 4
71 0100011000 3

03 0000101000 2
14 0000000100 1
25 0100010001 3
36 0001000000 1
47 1000100010 3
50 0000000010 1
61 0100011000 3
72 0010001100 3

04 0101001000 3
15 1010000101 4
26 0001000000 1
37 0001000010 2
40 1010000011 4
51 0001001000 2
62 0000001110 3
73 0010001001 3

05 0100000000 1
16 1010000000 2
27 0001100000 2
30 0000010110 3
41 0000000000 a match 5 6 7
52 0000001010 2
63 0000101001 3
74 0100011100 4

06 0001000000 1
17 1000100010 3
20 0000010001 2
31 0101010000 3
42 1010000010 3
53 0000101000 2
64 0100011100 4
75 0110010101 5

07 0001100000 2
10 1010000111 5
21 0101010000 3
32 0000000110 2
43 1010100001 4
54 0001001000 2
65 0100010101 4
76 0010000000 1

Matching output
0 absent
1 absent
2 absent
3 absent
4 absent
5 41
6 41
7 41

Left
none
Best: none

Right
41 30x
Best: AND-NOT41: 1

OR-NOT
01 0101111000 5
12 1010101111 7
23 1111111001 8
34 0101011110 6
45 1110110111 8
56 1011101010 6
67 1101111111 9
70 1110011111 8

02 1111101110 8
13 1010101111 7
24 0101111101 7
35 1111010111 8
46 1011100011 6
57 1001101010 5
60 1110111111 9
71 0111011101 7

03 1111101001 7
14 1111111111 a
25 1111110101 8
36 1111010110 7
47 1011100011 6
50 1011111111 9
61 0101111111 8
72 1110011111 8

04 0101111100 6
15 1110110111 8
26 1111110001 7
37 1101110110 7
40 1010110111 7
51 0101111010 6
62 1110111111 9
73 1110111101 8

05 1111111101 9
16 1011100111 7
27 1101110011 7
30 1111010111 8
41 1111111011 9
52 1011101110 7
63 1110111111 9
74 0111011101 7

06 1111101000 6
17 1011100111 7
20 1111110111 9
31 0101011110 6
42 1010101111 7
53 1011101011 7
64 0101111111 8
75 1110011101 7

07 1101101010 6
10 1010110111 7
21 0101111001 6
32 1111011110 8
43 1010101011 6
54 0101111110 7
65 1110111111 9
76 1111011101 8

Matching output
0 absent
1 absent
2 absent
3 absent
4 absent
5 absent
6 absent
7 absent

Left
none
Best: none

Right
none
Best: none

XOR-NOT
01 0000110000 2
12 0000101001 3
23 1111011000 6
34 0000001010 2
45 0100110110 5
56 1010101010 5
67 1101011101 7
70 1100001010 4

02 1111100110 7
13 0000001110 3
24 0000101101 4
35 1011000011 5
46 0001100011 4
57 1000001000 2
60 1110101000 5
71 0011000101 4

03 1111000001 5
14 1111111011 9
25 1011100100 5
36 1110010110 6
47 0011000001 3
50 1011111101 8
61 0001100111 5
72 1100010011 5

04 0000110100 3
15 0100110010 4
26 1110110001 6
37 1100110100 5
40 0000110100 3
51 0100110010 4
62 1110110001 6
73 1100110100 5

05 1011111101 8
16 0001100111 5
27 1100010011 5
30 1111000001 5
41 1111111011 9
52 1011100100 5
63 1110010110 6
74 0011000001 3

06 1110101000 5
17 0011000101 4
20 1111100110 7
31 0000001110 3
42 0000101101 4
53 1011000011 5
64 0001100011 4
75 1000001000 2

07 1100001010 4
10 0000110000 2
21 0000101001 3
32 1111011000 6
43 0000001010 2
54 0100110110 5
65 1010101010 5
76 1101011101 7

Matching output
0 absent
1 absent
2 absent
3 absent
4 absent
5 absent
6 absent
7 absent

Left
none
Best: none

Right
none
Best: none

Selecting

Lefts
Identity I3 4 5 6 7: 5
NOT none
Constant none
AND none
OR none
XOR none
AND-NOT none
OR-NOT none
XOR-NOT none

Rights
Identity none
NOT none
Constant C0 0 0: 3
AND none
OR none
XOR none
AND-NOT AND-NOT41: 1
OR-NOT none
XOR-NOT none

Left longest: 5
Right longest: 3

Left winner: Identity yes, NOT no, Constant no, AND no, OR no, XOR no, AND-NOT no, OR-NOT no, XOR-NOT no
Right winner: Identity no, NOT no, Constant yes, AND no, OR no, XOR no, AND-NOT no, OR-NOT no, XOR-NOT no

Best left: I3 4 5 6 7: 5
Best right: C0 0 0: 3

Truncated left: I3 4 5 6 7: 5
Truncated right: C0 0 0: 3

Tentative from right
7 C0
6 C0
5 C0
4 pending
3 pending
2 pending
1 pending
0 pending

Tentative
0 I3
1 I4
2 I5
3 I6
4 I7
5 C0
6 C0
7 C0

Preferred from left
0 I3
1 I4
2 I5
3 I6
4 I7
5 C0
6 C0
7 C0

Preferred from right
7 C0
6 C0
5 C0
4 I7
3 I6
2 I5
1 I4
0 I3

Preferred
0 I3
1 I4
2 I5
3 I6
4 I7
5 C0
6 C0
7 C0

Matching
0 I3
1 I4
2 I5
3 I6
4 I7
5 C0
6 C0
7 C0

Perfect match
Identity no
NOT no
Constant no
AND no
OR no
XOR no
AND-NOT no
OR-NOT no
XOR-NOT no

Matched
0 I3
1 I4
2 I5
3 I6
4 I7
5 C0
6 C0
7 C0

Selected
0 I3
1 I4
2 I5
3 I6
4 I7
5 C0
6 C0
7 C0

Applying to 10100100
Input
0 1
1 0
2 1
3 0
4 0
5 1
6 0
7 0
Output
0 I3 = 0
1 I4 = 0
2 I5 = 1
3 I6 = 0
4 I7 = 0
5 C0 = 0
6 C0 = 0
7 C0 = 0

I will now return the answer in \boxed{}
The answer in \boxed{–} is \boxed{00100000}
[correct]
true
