[category]
bit_manipulation
[prompt]
In Alice's Wonderland, a secret bit manipulation rule transforms 8-bit binary numbers. The transformation involves operations like bit shifts, rotations, XOR, AND, OR, NOT, and possibly majority or choice functions.

Here are some examples of input -> output:
11010000 -> 01000001
01001000 -> 00100000
10001111 -> 00111101
11011111 -> 01111101
11001011 -> 00101101
11110001 -> 11000101
01111010 -> 11101000
01110101 -> 11010100

Now, determine the output for: 10011010
[completion]
We need to deduce the transformation by matching the example outputs.
I will put my final answer inside \boxed{}.

Output 0: 01000001
0 0
1 1
2 0
3 0
4 0
5 0
6 0
7 1

Output 1: 00100000
0 0
1 0
2 1
3 0
4 0
5 0
6 0
7 0

Output 2: 00111101
0 0
1 0
2 1
3 1
4 1
5 1
6 0
7 1

Output 3: 01111101
0 0
1 1
2 1
3 1
4 1
5 1
6 0
7 1

Output 4: 00101101
0 0
1 0
2 1
3 0
4 1
5 1
6 0
7 1

Output 5: 11000101
0 1
1 1
2 0
3 0
4 0
5 1
6 0
7 1

Output 6: 11101000
0 1
1 1
2 1
3 0
4 1
5 0
6 0
7 0

Output 7: 11010100
0 1
1 1
2 0
3 1
4 0
5 1
6 0
7 0

Output bit columns (with bitsum as hash)
0 00000111 3
1 10010111 5
2 01111010 5
3 00110001 3
4 00111010 4
5 00111101 5
6 00000000 a
7 10111100 5

Input 0: 11010000
0 1
1 1
2 0
3 1
4 0
5 0
6 0
7 0

Input 1: 01001000
0 0
1 1
2 0
3 0
4 1
5 0
6 0
7 0

Input 2: 10001111
0 1
1 0
2 0
3 0
4 1
5 1
6 1
7 1

Input 3: 11011111
0 1
1 1
2 0
3 1
4 1
5 1
6 1
7 1

Input 4: 11001011
0 1
1 1
2 0
3 0
4 1
5 0
6 1
7 1

Input 5: 11110001
0 1
1 1
2 1
3 1
4 0
5 0
6 0
7 1

Input 6: 01111010
0 0
1 1
2 1
3 1
4 1
5 0
6 1
7 0

Input 7: 01110101
0 0
1 1
2 1
3 1
4 0
5 1
6 0
7 1

When matching output
x: not in operator
y: wrong position

Identity
0 10111100 5 match 7
1 11011111 7
2 00000111 3 match 0
3 10010111 5 match 1
4 01111010 5 match 2
5 00110001 3 match 3
6 00111010 4 match 4
7 00111101 5 match 5

Matching output
0 2
1 3
2 4
3 5
4 6
5 7
6 absent
7 0

Left
2 3 4 5 6 7 0y
Best: I2 3 4 5 6 7: 6

Right
0 7y
Best: I0: 1

NOT
0 01000011 3
1 00100000 1
2 11111000 5
3 01101000 3
4 10000101 3
5 11001110 5
6 11000101 4
7 11000010 3

Matching output
0 absent
1 absent
2 absent
3 absent
4 absent
5 absent
6 absent
7 absent

Left
none
Best: none

Right
none
Best: none

Constant
0 00000000 a match 6
1 11111111 a

Matching output
0 absent
1 absent
2 absent
3 absent
4 absent
5 absent
6 C0
7 absent

Left
none
Best: none

Right
none
Best: none

AND
01 10 10011100 4
12 21 00000111 3 match 0
23 32 00000111 3 match 0
34 43 00010010 2
45 54 00110000 2
56 65 00110000 2
67 76 00111000 3
70 07 00111100 4

02 20 00000100 1
13 31 10010111 5 match 1
24 42 00000010 1
35 53 00010001 2
46 64 00111010 4 match 4
57 75 00110001 3 match 3
60 06 00111000 3
71 17 00011101 4

03 30 10010100 3
14 41 01011010 4
25 52 00000001 1
36 63 00010010 2
47 74 00111000 3
50 05 00110000 2
61 16 00011010 3
72 27 00000101 2

04 40 00111000 3
15 51 00010001 2
26 62 00000010 1
37 73 00010101 3

Matching output
0 12 21 23 32
1 13 31
2 absent
3 57 75
4 46 64
5 absent
6 absent
7 absent

Left
12 23y
21 32y
23 34x
32 43x
Best: AND12: 1

Right
none
Best: none

OR
01 10 11111111 a
12 21 11011111 7
23 32 10010111 5 match 1
34 43 11111111 a
45 54 01111011 6
56 65 00111011 5
67 76 00111111 6
70 07 10111101 6

02 20 10111111 7
13 31 11011111 7
24 42 01111111 7
35 53 10110111 6
46 64 01111010 5 match 2
57 75 00111101 5 match 5
60 06 10111110 6
71 17 11111111 a

03 30 10111111 7
14 41 11111111 a
25 52 00110111 5
36 63 10111111 7
47 74 01111111 7
50 05 10111101 6
61 16 11111111 a
72 27 00111111 6

04 40 11111110 7
15 51 11111111 a
26 62 00111111 6
37 73 10111111 7

Matching output
0 absent
1 23 32
2 46 64
3 absent
4 absent
5 57 75
6 absent
7 absent

Left
none
Best: none

Right
none
Best: none

XOR
01 10 01100011 4
12 21 11011000 4
23 32 10010000 2
34 43 11101101 6
45 54 01001011 4
56 65 00001011 3
67 76 00000111 3 match 0
70 07 10000001 2

02 20 10111011 6
13 31 01001000 2
24 42 01111101 6
35 53 10100110 4
46 64 01000000 1
57 75 00001100 2
60 06 10000110 3
71 17 11100010 4

03 30 00101011 4
14 41 10100101 4
25 52 00110110 4
36 63 10101101 5
47 74 01000111 4
50 05 10001101 4
61 16 11100101 5
72 27 00111010 4 match 4

04 40 11000110 4
15 51 11101110 6
26 62 00111101 5 match 5
37 73 10101010 4

Matching output
0 67 76
1 absent
2 absent
3 absent
4 72 27
5 26 62
6 absent
7 absent

Left
67 70x
76 07x
Best: XOR67: 1

Right
none
Best: none

AND-NOT
01 00100000 1
12 11011000 4
23 00000000 a match 6
34 10000101 3
45 01001010 3
56 00000001 1
67 00000010 1
70 00000001 1

02 10111000 4
13 01001000 2
24 00000101 2
35 10000110 3
46 01000000 1
57 00000000 a match 6
60 00000010 1
71 00100000 1

03 00101000 2
14 10000101 3
25 00000110 2
36 10000101 3
47 01000010 2
50 00000001 1
61 00100000 1
72 00111000 3

04 10000100 2
15 11001110 5
26 00000101 2
37 10000010 2
40 01000010 2
51 00100000 1
62 00111000 3
73 00101000 2

05 10001100 3
16 11000101 4
27 00000010 1
30 00000011 2
41 00100000 1
52 00110000 2
63 00101000 2
74 00000101 2

06 10000100 2
17 11000010 3
20 00000011 2
31 00000000 a match 6
42 01111000 4
53 00100000 1
64 00000000 a match 6
75 00001100 2

07 10000000 1
10 01000011 3
21 00000000 a match 6
32 10010000 2
43 01101000 3
54 00000001 1
65 00001010 2
76 00000101 2

Matching output
0 absent
1 absent
2 absent
3 absent
4 absent
5 absent
6 23 57 31 64 21
7 absent

Left
none
Best: none

Right
none
Best: none

OR-NOT
01 10111100 5 match 7
12 11111111 a
23 01101111 6
34 10010111 5 match 1
45 11111110 7
56 11110101 6
67 11111010 6
70 01111111 7

02 11111100 6
13 11111111 a
24 10000111 4
35 11011111 7
46 11111111 a
57 11110011 6
60 01111011 6
71 00111101 5 match 5

03 11111100 6
14 11011111 7
25 11001111 6
36 11010111 6
47 11111010 6
50 01110011 5
61 00111010 4 match 4
72 11111101 7

04 10111101 6
15 11011111 7
26 11000111 5
37 11010111 6
40 01111011 6
51 00110001 3 match 3
62 11111010 6
73 01111101 6

05 11111110 7
16 11011111 7
27 11000111 5
30 11010111 6
41 01111010 5 match 2
52 11111001 6
63 01111010 5 match 2
74 10111101 6

06 11111101 7
17 11011111 7
20 01000111 4
31 10110111 6
42 11111010 6
53 01111001 5
64 10111111 7
75 11111111 a

07 11111110 7
10 11011111 7
21 00100111 4
32 11111111 a
43 01111010 5 match 2
54 10110101 5
65 11111110 7
76 11111101 7

Matching output
0 absent
1 34
2 41 63 43
3 51
4 61
5 71
6 absent
7 01

Left
none
Best: none

Right
01 70x
Best: OR-NOT01: 1

XOR-NOT
01 10011100 4
12 00100111 4
23 01101111 6
34 00010010 2
45 10110100 4
56 11110100 5
67 11111000 5
70 01111110 6

02 01000100 2
13 10110111 6
24 10000010 2
35 01011001 4
46 10111111 7
57 11110011 6
60 01111001 5
71 00011101 4

03 11010100 4
14 01011010 4
25 11001001 4
36 01010010 3
47 10111000 4
50 01110010 4
61 00011010 3
72 11000101 4

04 00111001 4
15 00010001 2
26 11000010 3
37 01010101 4
40 00111001 4
51 00010001 2
62 11000010 3
73 01010101 4

05 01110010 4
16 00011010 3
27 11000101 4
30 11010100 4
41 01011010 4
52 11001001 4
63 01010010 3
74 10111000 4

06 01111001 5
17 00011101 4
20 01000100 2
31 10110111 6
42 10000010 2
53 01011001 4
64 10111111 7
75 11110011 6

07 01111110 6
10 10011100 4
21 00100111 4
32 01101111 6
43 00010010 2
54 10110100 4
65 11110100 5
76 11111000 5

Matching output
0 absent
1 absent
2 absent
3 absent
4 absent
5 absent
6 absent
7 absent

Left
none
Best: none

Right
none
Best: none

Selecting

Lefts
Identity I2 3 4 5 6 7: 6
NOT none
Constant none
AND AND12: 1
OR none
XOR XOR67: 1
AND-NOT none
OR-NOT none
XOR-NOT none

Rights
Identity I0: 1
NOT none
Constant none
AND none
OR none
XOR none
AND-NOT none
OR-NOT OR-NOT01: 1
XOR-NOT none

Left longest: 6
Right longest: 1

Left winner: Identity yes, NOT no, Constant no, AND no, OR no, XOR no, AND-NOT no, OR-NOT no, XOR-NOT no
Right winner: Identity yes, NOT no, Constant no, AND no, OR no, XOR no, AND-NOT no, OR-NOT no, XOR-NOT no

Best left: I2 3 4 5 6 7: 6
Best right: I0: 1

Truncated left: I2 3 4 5 6 7: 6
Truncated right: I0: 1

Tentative from right
7 I0
6 pending
5 pending
4 pending
3 pending
2 pending
1 pending
0 pending

Tentative
0 I2
1 I3
2 I4
3 I5
4 I6
5 I7
6 pending
7 I0

Preferred from left
0 I2
1 I3
2 I4
3 I5
4 I6
5 I7
6 ?0?
7 I0

Preferred from right
7 I0
6 ?07
5 I7
4 I6
3 I5
2 I4
1 I3
0 I2

Preferred
0 I2
1 I3
2 I4
3 I5
4 I6
5 I7
6 ?07 ?70
7 I0

Matching
0 I2
1 I3
2 I4
3 I5
4 I6
5 I7
6 ?07 ?70 - Identity absent, NOT absent, Constant C0, AND absent, OR absent, XOR absent, AND-NOT absent, OR-NOT absent, XOR-NOT absent
7 I0

Perfect match
Identity no
NOT no
Constant yes
AND no
OR no
XOR no
AND-NOT no
OR-NOT no
XOR-NOT no

Matched
0 I2
1 I3
2 I4
3 I5
4 I6
5 I7
6 C0
7 I0

Selected
0 I2
1 I3
2 I4
3 I5
4 I6
5 I7
6 C0
7 I0

Applying to 10011010
Input
0 1
1 0
2 0
3 1
4 1
5 0
6 1
7 0
Output
0 I2 = 0
1 I3 = 1
2 I4 = 1
3 I5 = 0
4 I6 = 1
5 I7 = 0
6 C0 = 0
7 I0 = 1

I will now return the answer in \boxed{}
The answer in \boxed{–} is \boxed{01101001}
[correct]
true
