[category]
bit_manipulation
[prompt]
In Alice's Wonderland, a secret bit manipulation rule transforms 8-bit binary numbers. The transformation involves operations like bit shifts, rotations, XOR, AND, OR, NOT, and possibly majority or choice functions.

Here are some examples of input -> output:
00001000 -> 01000000
00101011 -> 01011001
10111110 -> 11110101
11101001 -> 01001111
11101011 -> 01011111
00000011 -> 00011000
01010110 -> 10110010
00011001 -> 11001000
10011111 -> 11111100

Now, determine the output for: 11100011
[completion]
We need to deduce the transformation by matching the example outputs.
I will put my final answer inside \boxed{}.

Output 0: 01000000
0 0
1 1
2 0
3 0
4 0
5 0
6 0
7 0

Output 1: 01011001
0 0
1 1
2 0
3 1
4 1
5 0
6 0
7 1

Output 2: 11110101
0 1
1 1
2 1
3 1
4 0
5 1
6 0
7 1

Output 3: 01001111
0 0
1 1
2 0
3 0
4 1
5 1
6 1
7 1

Output 4: 01011111
0 0
1 1
2 0
3 1
4 1
5 1
6 1
7 1

Output 5: 00011000
0 0
1 0
2 0
3 1
4 1
5 0
6 0
7 0

Output 6: 10110010
0 1
1 0
2 1
3 1
4 0
5 0
6 1
7 0

Output 7: 11001000
0 1
1 1
2 0
3 0
4 1
5 0
6 0
7 0

Output 8: 11111100
0 1
1 1
2 1
3 1
4 1
5 1
6 0
7 0

Output bit columns (with bitsum as hash)
0 001000111 4
1 111110011 7
2 001000101 3
3 011011101 6
4 010111011 6
5 001110001 4
6 000110100 3
7 011110000 4

Input 0: 00001000
0 0
1 0
2 0
3 0
4 1
5 0
6 0
7 0

Input 1: 00101011
0 0
1 0
2 1
3 0
4 1
5 0
6 1
7 1

Input 2: 10111110
0 1
1 0
2 1
3 1
4 1
5 1
6 1
7 0

Input 3: 11101001
0 1
1 1
2 1
3 0
4 1
5 0
6 0
7 1

Input 4: 11101011
0 1
1 1
2 1
3 0
4 1
5 0
6 1
7 1

Input 5: 00000011
0 0
1 0
2 0
3 0
4 0
5 0
6 1
7 1

Input 6: 01010110
0 0
1 1
2 0
3 1
4 0
5 1
6 1
7 0

Input 7: 00011001
0 0
1 0
2 0
3 1
4 1
5 0
6 0
7 1

Input 8: 10011111
0 1
1 0
2 0
3 1
4 1
5 1
6 1
7 1

When matching output
x: not in operator
y: wrong position

Identity
0 001110001 4 match 5
1 000110100 3 match 6
2 011110000 4 match 7
3 001000111 4 match 0
4 111110011 7 match 1
5 001000101 3 match 2
6 011011101 6 match 3
7 010111011 6 match 4

Matching output
0 3
1 4
2 5
3 6
4 7
5 0
6 1
7 2

Left
3 4 5 6 7 0 1 2
Best: I3 4 5 6 7 0 1 2: 8

Right
2 1 0 7 6 5 4 3
Best: I2 1 0 7 6 5 4 3: 8

NOT
0 110001110 5
1 111001011 6
2 100001111 5
3 110111000 5
4 000001100 2
5 110111010 6
6 100100010 3
7 101000100 3

Matching output
0 absent
1 absent
2 absent
3 absent
4 absent
5 absent
6 absent
7 absent

Left
none
Best: none

Right
none
Best: none

Constant
0 000000000 a
1 111111111 a

Matching output
0 absent
1 absent
2 absent
3 absent
4 absent
5 absent
6 absent
7 absent

Left
none
Best: none

Right
none
Best: none

AND
01 10 000110000 2
12 21 000110000 2
23 32 001000000 1
34 43 001000011 3
45 54 001000001 2
56 65 001000101 3 match 2
67 76 010011001 4
70 07 000110001 3

02 20 001110000 3
13 31 000000100 1
24 42 011110000 4 match 7
35 53 001000101 3 match 2
46 64 011010001 4
57 75 000000001 1
60 06 001010001 3
71 17 000110000 2

03 30 001000001 2
14 41 000110000 2
25 52 001000000 1
36 63 001000101 3 match 2
47 74 010110011 5
50 05 001000001 2
61 16 000010100 2
72 27 010110000 3

04 40 001110001 4 match 5
15 51 000000100 1
26 62 011010000 3
37 73 000000011 2

Matching output
0 absent
1 absent
2 56 65 35 53 36 63
3 absent
4 absent
5 04 40
6 absent
7 24 42

Left
none
Best: none

Right
24 13x
42 31x
Best: AND24: 1

OR
01 10 001110101 5
12 21 011110100 5
23 32 011110111 7
34 43 111110111 8
45 54 111110111 8
56 65 011011101 6 match 3
67 76 011111111 8
70 07 011111011 7

02 20 011110001 5
13 31 001110111 6
24 42 111110011 7 match 1
35 53 001000111 4 match 0
46 64 111111111 a
57 75 011111111 8
60 06 011111101 7
71 17 010111111 7

03 30 001110111 6
14 41 111110111 8
25 52 011110101 6
36 63 011011111 7
47 74 111111011 8
50 05 001110101 5
61 16 011111101 7
72 27 011111011 7

04 40 111110011 7 match 1
15 51 001110101 5
26 62 011111101 7
37 73 011111111 8

Matching output
0 35 53
1 24 42 04 40
2 absent
3 56 65
4 absent
5 absent
6 absent
7 absent

Left
35 46x
53 64x
Best: OR35: 1

Right
none
Best: none

XOR
01 10 001000101 3 match 2
12 21 011000100 3
23 32 010110111 6
34 43 110110100 5
45 54 110110110 6
56 65 010011000 3
67 76 001100110 4
70 07 011001010 4

02 20 010000001 2
13 31 001110011 5
24 42 100000011 3
35 53 000000010 1
46 64 100101110 5
57 75 011111110 7
60 06 010101100 4
71 17 010001111 5

03 30 000110110 4
14 41 111000111 6
25 52 010110101 5
36 63 010011010 4
47 74 101001000 3
50 05 000110100 3 match 6
61 16 011101001 5
72 27 001001011 4

04 40 110000010 3
15 51 001110001 4 match 5
26 62 000101101 4
37 73 011111100 6

Matching output
0 absent
1 absent
2 01 10
3 absent
4 absent
5 15 51
6 50 05
7 absent

Left
none
Best: none

Right
none
Best: none

AND-NOT
01 001000001 2
12 000000100 1
23 010110000 3
34 000000100 1
45 110110010 5
56 000000000 a
67 001000100 2
70 010001010 3

02 000000001 1
13 000110000 2
24 000000000 a
35 000000010 1
46 100100010 3
57 001000100 2
60 010001100 3
71 010001011 4

03 000110000 2
14 000000100 1
25 010110000 3
36 000000010 1
47 101000000 2
50 000000100 1
61 011001001 4
72 000001011 3

04 000000000 a
15 000110000 2
26 000100000 1
37 001000100 2
40 110000010 3
51 001000001 2
62 000001101 3
73 010111000 4

05 000110000 2
16 000100000 1
27 001000000 1
30 000000110 2
41 111000011 5
52 000000101 2
63 010011000 3
74 000001000 1

06 000100000 1
17 000000100 1
20 010000000 1
31 001000011 3
42 100000011 3
53 000000000 a
64 000001100 2
75 010111010 5

07 001000000 1
10 000000100 1
21 011000000 2
32 000000111 3
43 110110000 4
54 000000100 1
65 010011000 3
76 000100010 2

Matching output
0 absent
1 absent
2 absent
3 absent
4 absent
5 absent
6 absent
7 absent

Left
none
Best: none

Right
none
Best: none

OR-NOT
01 111111011 8
12 100111111 7
23 111111000 6
34 001001111 5
45 111111011 8
56 101100111 6
67 111011101 7
70 110111111 8

02 101111111 8
13 110111100 6
24 011111100 6
35 111111111 a
46 111110011 7 match 1
57 101000101 4
60 111011111 8
71 111111011 8

03 111111001 7
14 000111100 4
25 111111010 7
36 101100111 6
47 111110111 8
50 111001111 7
61 111011111 8
72 110111111 8

04 001111101 6
15 110111110 7
26 111110010 6
37 101000111 5
40 111111111 a
51 111001111 7
62 111011111 8
73 110111011 7

05 111111011 8
16 100110110 5
27 111110100 6
30 111001111 7
41 111111011 8
52 101001111 6
63 111111101 8
74 010111111 7

06 101110011 6
17 101110100 5
20 111111110 8
31 111001111 7
42 111111111 a
53 111111101 8
64 011011101 6 match 3
75 110111011 7

07 101110101 6
10 110111110 7
21 111111011 8
32 101001111 6
43 111111011 8
54 001001101 4
65 111111111 a
76 110111011 7

Matching output
0 absent
1 46
2 absent
3 64
4 absent
5 absent
6 absent
7 absent

Left
none
Best: none

Right
none
Best: none

XOR-NOT
01 110111010 6
12 100111011 6
23 101001000 3
34 001001011 4
45 001001001 3
56 101100111 6
67 110011001 5
70 100110101 5

02 101111110 7
13 110001100 4
24 011111100 6
35 111111101 8
46 011010001 4
57 100000001 2
60 101010011 5
71 101110000 4

03 111001001 5
14 000111000 3
25 101001010 4
36 101100101 5
47 010110111 6
50 111001011 6
61 100010110 4
72 110110100 5

04 001111101 6
15 110001110 5
26 111010010 5
37 100000011 3
40 001111101 6
51 110001110 5
62 111010010 5
73 100000011 3

05 111001011 6
16 100010110 4
27 110110100 5
30 111001001 5
41 000111000 3
52 101001010 4
63 101100101 5
74 010110111 6

06 101010011 5
17 101110000 4
20 101111110 7
31 110001100 4
42 011111100 6
53 111111101 8
64 011010001 4
75 100000001 2

07 100110101 5
10 110111010 6
21 100111011 6
32 101001000 3
43 001001011 4
54 001001001 3
65 101100111 6
76 110011001 5

Matching output
0 absent
1 absent
2 absent
3 absent
4 absent
5 absent
6 absent
7 absent

Left
none
Best: none

Right
none
Best: none

Selecting

Lefts
Identity I3 4 5 6 7 0 1 2: 8
NOT none
Constant none
AND none
OR OR35: 1
XOR none
AND-NOT none
OR-NOT none
XOR-NOT none

Rights
Identity I2 1 0 7 6 5 4 3: 8
NOT none
Constant none
AND AND24: 1
OR none
XOR none
AND-NOT none
OR-NOT none
XOR-NOT none

Left longest: 8
Right longest: 8

Left winner: Identity yes, NOT no, Constant no, AND no, OR no, XOR no, AND-NOT no, OR-NOT no, XOR-NOT no
Right winner: Identity yes, NOT no, Constant no, AND no, OR no, XOR no, AND-NOT no, OR-NOT no, XOR-NOT no

Best left: I3 4 5 6 7 0 1 2: 8
Best right: I2 1 0 7 6 5 4 3: 8

Truncated left: I3 4 5 6 7 0 1 2: 8
Truncated right: none truncated

Tentative from right
7 pending
6 pending
5 pending
4 pending
3 pending
2 pending
1 pending
0 pending

Tentative
0 I3
1 I4
2 I5
3 I6
4 I7
5 I0
6 I1
7 I2

Preferred from left
0 I3
1 I4
2 I5
3 I6
4 I7
5 I0
6 I1
7 I2

Preferred from right
7 I2
6 I1
5 I0
4 I7
3 I6
2 I5
1 I4
0 I3

Preferred
0 I3
1 I4
2 I5
3 I6
4 I7
5 I0
6 I1
7 I2

Matching
0 I3
1 I4
2 I5
3 I6
4 I7
5 I0
6 I1
7 I2

Perfect match
Identity no
NOT no
Constant no
AND no
OR no
XOR no
AND-NOT no
OR-NOT no
XOR-NOT no

Matched
0 I3
1 I4
2 I5
3 I6
4 I7
5 I0
6 I1
7 I2

Selected
0 I3
1 I4
2 I5
3 I6
4 I7
5 I0
6 I1
7 I2

Applying to 11100011
Input
0 1
1 1
2 1
3 0
4 0
5 0
6 1
7 1
Output
0 I3 = 0
1 I4 = 0
2 I5 = 0
3 I6 = 1
4 I7 = 1
5 I0 = 1
6 I1 = 1
7 I2 = 1

I will now return the answer in \boxed{}
The answer in \boxed{–} is \boxed{00011111}
[correct]
true
