[category]
bit_manipulation
[prompt]
In Alice's Wonderland, a secret bit manipulation rule transforms 8-bit binary numbers. The transformation involves operations like bit shifts, rotations, XOR, AND, OR, NOT, and possibly majority or choice functions.

Here are some examples of input -> output:
10010111 -> 11101001
10001010 -> 01001000
01101110 -> 11000110
10001000 -> 00001000
11111101 -> 10101111
11100110 -> 11001110
00010111 -> 11100001
11010101 -> 10101101
01001110 -> 11000100
00001010 -> 01000000

Now, determine the output for: 11101001
[completion]
We need to deduce the transformation by matching the example outputs.
I will put my final answer inside \boxed{}.

Output 0: 11101001
0 1
1 1
2 1
3 0
4 1
5 0
6 0
7 1

Output 1: 01001000
0 0
1 1
2 0
3 0
4 1
5 0
6 0
7 0

Output 2: 11000110
0 1
1 1
2 0
3 0
4 0
5 1
6 1
7 0

Output 3: 00001000
0 0
1 0
2 0
3 0
4 1
5 0
6 0
7 0

Output 4: 10101111
0 1
1 0
2 1
3 0
4 1
5 1
6 1
7 1

Output 5: 11001110
0 1
1 1
2 0
3 0
4 1
5 1
6 1
7 0

Output 6: 11100001
0 1
1 1
2 1
3 0
4 0
5 0
6 0
7 1

Output 7: 10101101
0 1
1 0
2 1
3 0
4 1
5 1
6 0
7 1

Output 8: 11000100
0 1
1 1
2 0
3 0
4 0
5 1
6 0
7 0

Output 9: 01000000
0 0
1 1
2 0
3 0
4 0
5 0
6 0
7 0

Output bit columns (with bitsum as hash)
0 1010111110 7
1 1110011011 7
2 1000101100 4
3 0000000000 a
4 1101110100 6
5 0010110110 5
6 0010110000 3
7 1000101100 4

Input 0: 10010111
0 1
1 0
2 0
3 1
4 0
5 1
6 1
7 1

Input 1: 10001010
0 1
1 0
2 0
3 0
4 1
5 0
6 1
7 0

Input 2: 01101110
0 0
1 1
2 1
3 0
4 1
5 1
6 1
7 0

Input 3: 10001000
0 1
1 0
2 0
3 0
4 1
5 0
6 0
7 0

Input 4: 11111101
0 1
1 1
2 1
3 1
4 1
5 1
6 0
7 1

Input 5: 11100110
0 1
1 1
2 1
3 0
4 0
5 1
6 1
7 0

Input 6: 00010111
0 0
1 0
2 0
3 1
4 0
5 1
6 1
7 1

Input 7: 11010101
0 1
1 1
2 0
3 1
4 0
5 1
6 0
7 1

Input 8: 01001110
0 0
1 1
2 0
3 0
4 1
5 1
6 1
7 0

Input 9: 00001010
0 0
1 0
2 0
3 0
4 1
5 0
6 1
7 0

When matching output
x: not in operator
y: wrong position

Identity
0 1101110100 6 match 4
1 0010110110 5 match 5
2 0010110000 3 match 6
3 1000101100 4 match 2 7
4 0111100011 6
5 1010111110 7 match 0
6 1110011011 7 match 1
7 1000101100 4 match 2 7

Matching output
0 5
1 6
2 3 7
3 absent
4 0
5 1
6 2
7 3 7

Left
5 6 7 0y
Best: I5 6 7: 3

Right
3 2 1 0 7y
7 6y
Best: I3 2 1 0: 4

NOT
0 0010001011 4
1 1101001001 5
2 1101001111 7
3 0111010011 6
4 1000011100 4
5 0101000001 3
6 0001100100 3
7 0111010011 6

Matching output
0 absent
1 absent
2 absent
3 absent
4 absent
5 absent
6 absent
7 absent

Left
none
Best: none

Right
none
Best: none

Constant
0 0000000000 a match 3
1 1111111111 a

Matching output
0 absent
1 absent
2 absent
3 C0
4 absent
5 absent
6 absent
7 absent

Left
none
Best: none

Right
none
Best: none

AND
01 10 0000110100 3
12 21 0010110000 3 match 6
23 32 0000100000 1
34 43 0000100000 1
45 54 0010100010 3
56 65 1010011010 5
67 76 1000001000 2
70 07 1000100100 3

02 20 0000110000 2
13 31 0000100100 2
24 42 0010100000 2
35 53 1000101100 4 match 2 7
46 64 0110000011 4
57 75 1000101100 4 match 2 7
60 06 1100010000 3
71 17 0000100100 2

03 30 1000100100 3
14 41 0010100010 3
25 52 0010110000 3 match 6
36 63 1000001000 2
47 74 0000100000 1
50 05 1000110100 4
61 16 0010010010 3
72 27 0000100000 1

04 40 0101100000 3
15 51 0010110110 5 match 5
26 62 0010010000 2
37 73 1000101100 4 match 2 7

Matching output
0 absent
1 absent
2 35 53 57 75 37 73
3 absent
4 absent
5 15 51
6 12 21 25 52
7 35 53 57 75 37 73

Left
none
Best: none

Right
35 24x
53 42x
57 46x
75 64x
37 26x
73 62x
Best: AND35: 1

OR
01 10 1111110110 8
12 21 0010110110 5 match 5
23 32 1010111100 6
34 43 1111101111 9
45 54 1111111111 a
56 65 1110111111 9
67 76 1110111111 9
70 07 1101111100 7

02 20 1111110100 7
13 31 1010111110 7 match 0
24 42 0111110011 7
35 53 1010111110 7 match 0
46 64 1111111011 9
57 75 1010111110 7 match 0
60 06 1111111111 a
71 17 1010111110 7 match 0

03 30 1101111100 7
14 41 0111110111 8
25 52 1010111110 7 match 0
36 63 1110111111 9
47 74 1111101111 9
50 05 1111111110 9
61 16 1110111111 9
72 27 1010111100 6

04 40 1111110111 9
15 51 1010111110 7 match 0
26 62 1110111011 8
37 73 1000101100 4 match 2 7

Matching output
0 13 31 35 53 57 75 71 17 25 52 15 51
1 absent
2 37 73
3 absent
4 absent
5 12 21
6 absent
7 37 73

Left
13 24x
31 42x
35 46x
53 64x
57 60x
75 06x
71 02x
17 20x
25 36x
52 63x
15 26x
51 62x
Best: OR13: 1

Right
37 26x
73 62x
Best: OR37: 1

XOR
01 10 1111000010 5
12 21 0000000110 2
23 32 1010011100 5
34 43 1111001111 8
45 54 1101011101 7
56 65 0100100101 4
67 76 0110110111 7
70 07 0101011000 4

02 20 1111000100 5
13 31 1010011010 5
24 42 0101010011 5
35 53 0010010010 3
46 64 1001111000 5
57 75 0010010010 3
60 06 0011101111 7
71 17 1010011010 5

03 30 0101011000 4
14 41 0101010101 5
25 52 1000001110 4
36 63 0110110111 7
47 74 1111001111 8
50 05 0111001010 5
61 16 1100101101 6
72 27 1010011100 5

04 40 1010010111 6
15 51 1000001000 2
26 62 1100101011 6
37 73 0000000000 a match 3

Matching output
0 absent
1 absent
2 absent
3 37 73
4 absent
5 absent
6 absent
7 absent

Left
none
Best: none

Right
none
Best: none

AND-NOT
01 1101000000 3
12 0000000110 2
23 0010010000 2
34 1000001100 3
45 0101000001 3
56 0000100100 2
67 0110010011 5
70 0000001000 1

02 1101000100 4
13 0010010010 3
24 0000010000 1
35 0000000000 a match 3
46 0001100000 2
57 0010010010 3
60 0010001011 4
71 1000001000 2

03 0101010000 3
14 0000010100 2
25 0000000000 a match 3
36 0000100100 2
47 0111000011 5
50 0010001010 3
61 1100001001 4
72 1000001100 3

04 1000010100 3
15 0000000000 a match 3
26 0000100000 1
37 0000000000 a match 3
40 0010000011 3
51 1000001000 2
62 1100001011 5
73 0000000000 a match 3

05 0101000000 2
16 0000100100 2
27 0010010000 2
30 0000001000 1
41 0101000001 3
52 1000001110 4
63 0110010011 5
74 1000001100 3

06 0001100100 3
17 0010010010 3
20 0010000000 1
31 1000001000 2
42 0101000011 4
53 0010010010 3
64 1000011000 3
75 0000000000 a match 3

07 0101010000 3
10 0010000010 2
21 0000000000 a match 3
32 1000001100 3
43 0111000011 5
54 1000011100 4
65 0100000001 2
76 0000100100 2

Matching output
0 absent
1 absent
2 absent
3 35 25 15 37 73 75 21
4 absent
5 absent
6 absent
7 absent

Left
none
Best: none

Right
none
Best: none

OR-NOT
01 1101111101 8
12 1111111111 a
23 0111110011 7
34 1000111100 5
45 0111100011 6
56 1011111110 8
67 1111011011 8
70 1010101111 7

02 1101111111 9
13 0111110111 8
24 1010111100 6
35 1101101101 7
46 0111100111 7
57 1111111111 a
60 1110011011 7 match 1
71 1101101101 7

03 1111110111 9
14 1010111110 7 match 0
25 0111110001 6
36 1001101100 5
47 0111110011 7
50 1010111111 8
61 1111011011 8
72 1101101111 8

04 1101111100 7
15 0111110111 8
26 0011110100 5
37 1111111111 a
40 0111101011 7
51 1111111111 a
62 1111011111 9
73 1111111111 a

05 1101110101 7
16 0011110110 6
27 0111110011 7
30 1010101111 7
41 1111101011 8
52 1111111111 a
63 1111011011 8
74 1000111100 5

06 1101110100 6 match 4
17 0111110111 8
20 0010111011 6
31 1101101101 7
42 1111101111 9
53 1111111111 a
64 1110011111 8
75 1101101101 7

07 1111110111 9
10 0010111111 7
21 1111111001 8
32 1101101111 8
43 0111110011 7
54 1010111110 7 match 0
65 1111011011 8
76 1001101100 5

Matching output
0 14 54
1 60
2 absent
3 absent
4 06
5 absent
6 absent
7 absent

Left
14 25x
54 65x
Best: OR-NOT14: 1

Right
none
Best: none

XOR-NOT
01 0000111101 5
12 1111111001 8
23 0101100011 5
34 0000110000 2
45 0010100010 3
56 1011011010 6
67 1001001000 3
70 1010100111 6

02 0000111011 5
13 0101100101 5
24 1010101100 5
35 1101101101 7
46 0110000111 5
57 1101101101 7
60 1100010000 3
71 0101100101 5

03 1010100111 6
14 1010101010 5
25 0111110001 6
36 1001001000 3
47 0000110000 2
50 1000110101 5
61 0011010010 4
72 0101100011 5

04 0101101000 4
15 0111110111 8
26 0011010100 4
37 1111111111 a
40 0101101000 4
51 0111110111 8
62 0011010100 4
73 1111111111 a

05 1000110101 5
16 0011010010 4
27 0101100011 5
30 1010100111 6
41 1010101010 5
52 0111110001 6
63 1001001000 3
74 0000110000 2

06 1100010000 3
17 0101100101 5
20 0000111011 5
31 0101100101 5
42 1010101100 5
53 1101101101 7
64 0110000111 5
75 1101101101 7

07 1010100111 6
10 0000111101 5
21 1111111001 8
32 0101100011 5
43 0000110000 2
54 0010100010 3
65 1011011010 6
76 1001001000 3

Matching output
0 absent
1 absent
2 absent
3 absent
4 absent
5 absent
6 absent
7 absent

Left
none
Best: none

Right
none
Best: none

Selecting

Lefts
Identity I5 6 7: 3
NOT none
Constant none
AND none
OR OR13: 1
XOR none
AND-NOT none
OR-NOT OR-NOT14: 1
XOR-NOT none

Rights
Identity I3 2 1 0: 4
NOT none
Constant none
AND AND35: 1
OR OR37: 1
XOR none
AND-NOT none
OR-NOT none
XOR-NOT none

Left longest: 3
Right longest: 4

Right winner: Identity yes, NOT no, Constant no, AND no, OR no, XOR no, AND-NOT no, OR-NOT no, XOR-NOT no
Left winner: Identity yes, NOT no, Constant no, AND no, OR no, XOR no, AND-NOT no, OR-NOT no, XOR-NOT no

Best right: I3 2 1 0: 4
Best left: I5 6 7: 3

Truncated right: I3 2 1 0: 4
Truncated left: I5 6 7: 3

Tentative from right
7 I3
6 I2
5 I1
4 I0
3 pending
2 pending
1 pending
0 pending

Tentative
0 I5
1 I6
2 I7
3 pending
4 I0
5 I1
6 I2
7 I3

Preferred from right
7 I3
6 I2
5 I1
4 I0
3 ??7
2 I7
1 I6
0 I5

Preferred from left
0 I5
1 I6
2 I7
3 ?07
4 I0
5 I1
6 I2
7 I3

Preferred
0 I5
1 I6
2 I7
3 ?07 ?70
4 I0
5 I1
6 I2
7 I3

Matching
0 I5
1 I6
2 I7
3 ?07 ?70 - Identity absent, NOT absent, Constant C0, AND absent, OR absent, XOR absent, AND-NOT absent, OR-NOT absent, XOR-NOT absent
4 I0
5 I1
6 I2
7 I3

Perfect match
Identity no
NOT no
Constant yes
AND no
OR no
XOR no
AND-NOT no
OR-NOT no
XOR-NOT no

Matched
0 I5
1 I6
2 I7
3 C0
4 I0
5 I1
6 I2
7 I3

Selected
0 I5
1 I6
2 I7
3 C0
4 I0
5 I1
6 I2
7 I3

Applying to 11101001
Input
0 1
1 1
2 1
3 0
4 1
5 0
6 0
7 1
Output
0 I5 = 0
1 I6 = 0
2 I7 = 1
3 C0 = 0
4 I0 = 1
5 I1 = 1
6 I2 = 1
7 I3 = 0

I will now return the answer in \boxed{}
The answer in \boxed{–} is \boxed{00101110}
[correct]
true
