[category]
bit_manipulation
[prompt]
In Alice's Wonderland, a secret bit manipulation rule transforms 8-bit binary numbers. The transformation involves operations like bit shifts, rotations, XOR, AND, OR, NOT, and possibly majority or choice functions.

Here are some examples of input -> output:
01101010 -> 00001001
10100010 -> 10101010
11011111 -> 10001111
10010110 -> 00111010
01111100 -> 00110001
00100011 -> 10111100
11001111 -> 11001111

Now, determine the output for: 10101100
[completion]
We need to deduce the transformation by matching the example outputs.
I will put my final answer inside \boxed{}.

Output 0: 00001001
0 0
1 0
2 0
3 0
4 1
5 0
6 0
7 1

Output 1: 10101010
0 1
1 0
2 1
3 0
4 1
5 0
6 1
7 0

Output 2: 10001111
0 1
1 0
2 0
3 0
4 1
5 1
6 1
7 1

Output 3: 00111010
0 0
1 0
2 1
3 1
4 1
5 0
6 1
7 0

Output 4: 00110001
0 0
1 0
2 1
3 1
4 0
5 0
6 0
7 1

Output 5: 10111100
0 1
1 0
2 1
3 1
4 1
5 1
6 0
7 0

Output 6: 11001111
0 1
1 1
2 0
3 0
4 1
5 1
6 1
7 1

Output bit columns (with bitsum as hash)
0 0110011 4
1 0000001 1
2 0101110 4
3 0001110 3
4 1111011 6
5 0010011 3
6 0111001 4
7 1010101 4

Input 0: 01101010
0 0
1 1
2 1
3 0
4 1
5 0
6 1
7 0

Input 1: 10100010
0 1
1 0
2 1
3 0
4 0
5 0
6 1
7 0

Input 2: 11011111
0 1
1 1
2 0
3 1
4 1
5 1
6 1
7 1

Input 3: 10010110
0 1
1 0
2 0
3 1
4 0
5 1
6 1
7 0

Input 4: 01111100
0 0
1 1
2 1
3 1
4 1
5 1
6 0
7 0

Input 5: 00100011
0 0
1 0
2 1
3 0
4 0
5 0
6 1
7 1

Input 6: 11001111
0 1
1 1
2 0
3 0
4 1
5 1
6 1
7 1

When matching output
x: not in operator
y: wrong position

Identity
0 0111001 4 match 6
1 1010101 4 match 7
2 1100110 4
3 0011100 3
4 1010101 4 match 7
5 0011101 4
6 1111011 6 match 4
7 0010011 3 match 5

Matching output
0 absent
1 absent
2 absent
3 absent
4 6
5 7
6 0
7 1 4

Left
none
Best: none

Right
1 0 7 6 5x
4 3x
Best: I1 0 7 6: 4

NOT
0 1000110 3
1 0101010 3
2 0011001 3
3 1100011 4
4 0101010 3
5 1100010 3
6 0000100 1
7 1101100 4

Matching output
0 absent
1 absent
2 absent
3 absent
4 absent
5 absent
6 absent
7 absent

Left
none
Best: none

Right
none
Best: none

Constant
0 0000000 a
1 1111111 a

Matching output
0 absent
1 absent
2 absent
3 absent
4 absent
5 absent
6 absent
7 absent

Left
none
Best: none

Right
none
Best: none

AND
01 10 0010001 2
12 21 1000100 2
23 32 0000100 1
34 43 0010100 2
45 54 0010101 3
56 65 0011001 3
67 76 0010011 3 match 5
70 07 0010001 2

02 20 0100000 1
13 31 0010100 2
24 42 1000100 2
35 53 0011100 3
46 64 1010001 3
57 75 0010001 2
60 06 0111001 4 match 6
71 17 0010001 2

03 30 0011000 2
14 41 1010101 4 match 7
25 52 0000100 1
36 63 0011000 2
47 74 0010001 2
50 05 0011001 3
61 16 1010001 3
72 27 0000010 1

04 40 0010001 2
15 51 0010101 3
26 62 1100010 3
37 73 0010000 1

Matching output
0 absent
1 absent
2 absent
3 absent
4 absent
5 67 76
6 60 06
7 14 41

Left
none
Best: none

Right
14 03x
41 30x
Best: AND14: 1

OR
01 10 1111101 6
12 21 1110111 6
23 32 1111110 6
34 43 1011101 5
45 54 1011101 5
56 65 1111111 a
67 76 1111011 6 match 4
70 07 0111011 5

02 20 1111111 a
13 31 1011101 5
24 42 1110111 6
35 53 0011101 4
46 64 1111111 a
57 75 0011111 5
60 06 1111011 6 match 4
71 17 1010111 5

03 30 0111101 5
14 41 1010101 4 match 7
25 52 1111111 a
36 63 1111111 a
47 74 1010111 5
50 05 0111101 5
61 16 1111111 a
72 27 1110111 6

04 40 1111101 6
15 51 1011101 5
26 62 1111111 a
37 73 0011111 5

Matching output
0 absent
1 absent
2 absent
3 absent
4 67 76 60 06
5 absent
6 absent
7 14 41

Left
none
Best: none

Right
14 03x
41 30x
Best: OR14: 1

XOR
01 10 1101100 4
12 21 0110011 4 match 0
23 32 1111010 5
34 43 1001001 3
45 54 1001000 2
56 65 1100110 4
67 76 1101000 3
70 07 0101010 3

02 20 1011111 6
13 31 1001001 3
24 42 0110011 4 match 0
35 53 0000001 1 match 1
46 64 0101110 4 match 2
57 75 0001110 3 match 3
60 06 1000010 2
71 17 1000110 3

03 30 0100101 3
14 41 0000000 a
25 52 1111011 6 match 4
36 63 1100111 5
47 74 1000110 3
50 05 0100100 2
61 16 0101110 4 match 2
72 27 1110101 5

04 40 1101100 4
15 51 1001000 2
26 62 0011101 4
37 73 0001111 4

Matching output
0 12 21 24 42
1 35 53
2 46 64 61 16
3 57 75
4 25 52
5 absent
6 absent
7 absent

Left
12 23x
21 32x
24 35 46 57 60x
42 53 64 75 06x
Best: XOR24 35 46 57: 4

Right
none
Best: none

AND-NOT
01 0101000 2
12 0010001 2
23 1100010 3
34 0001000 1
45 1000000 1
56 0000100 1
67 1101000 3
70 0000010 1

02 0011001 3
13 1000001 2
24 0100010 2
35 0000000 a
46 0000100 1
57 0001100 2
60 1000010 2
71 0000010 1

03 0100001 2
14 0000000 a
25 1100010 3
36 0000100 1
47 1000100 2
50 0000100 1
61 0101010 3
72 0010001 2

04 0101000 2
15 1000000 1
26 0000100 1
37 0001100 2
40 1000100 2
51 0001000 1
62 0011001 3
73 0000011 2

05 0100000 1
16 0000100 1
27 1100100 3
30 0000100 1
41 0000000 a
52 0011001 3
63 1100011 4
74 0000010 1

06 0000000 a
17 1000100 2
20 1000110 3
31 0001000 1
42 0010001 2
53 0000001 1 match 1
64 0101010 3
75 0000010 1

07 0101000 2
10 1000100 2
21 0100010 2
32 0011000 2
43 1000001 2
54 0001000 1
65 1100010 3
76 0000000 a

Matching output
0 absent
1 53
2 absent
3 absent
4 absent
5 absent
6 absent
7 absent

Left
none
Best: none

Right
none
Best: none

OR-NOT
01 0111011 5
12 1011101 5
23 1100111 5
34 0111110 5
45 1110111 6
56 0011101 4
67 1111111 a
70 1010111 5

02 0111001 4 match 6
13 1110111 6
24 1101110 5
35 1111110 6
46 1010101 4 match 7
57 1111101 6
60 1111111 a
71 0111011 5

03 1111011 6 match 4
14 1111111 a
25 1100110 4
36 0011100 3
47 1111101 6
50 1011111 6
61 1111011 6 match 4
72 0011011 4

04 0111011 5
15 1110111 6
26 1100110 4
37 1111100 5
40 1010111 5
51 0111111 6
62 1111011 6 match 4
73 1110011 5

05 1111011 6 match 4
16 1010101 4 match 7
27 1101110 5
30 1011110 5
41 1111111 a
52 0011101 4
63 1111011 6 match 4
74 0111011 5

06 0111101 5
17 1111101 6
20 1100110 4
31 0111110 5
42 1011101 5
53 1111111 a
64 1111011 6 match 4
75 1110011 5

07 1111101 6
10 1010111 5
21 1101110 5
32 0011101 4
43 1110111 6
54 0111111 6
65 1111011 6 match 4
76 0010111 4

Matching output
0 absent
1 absent
2 absent
3 absent
4 03 61 62 05 63 64 65
5 absent
6 02
7 46 16

Left
none
Best: none

Right
46 35x
16 05y
Best: OR-NOT46: 1

XOR-NOT
01 0010011 3 match 5
12 1001100 3
23 0000101 2
34 0110110 4
45 0110111 5
56 0011001 3
67 0010111 4
70 1010101 4 match 7

02 0100000 1
13 0110110 4
24 1001100 3
35 1111110 6
46 1010001 3
57 1110001 4
60 0111101 5
71 0111001 4 match 6

03 1011010 4
14 1111111 a
25 0000100 1
36 0011000 2
47 0111001 4 match 6
50 1011011 5
61 1010001 3
72 0001010 2

04 0010011 3 match 5
15 0110111 5
26 1100010 3
37 1110000 3
40 0010011 3 match 5
51 0110111 5
62 1100010 3
73 1110000 3

05 1011011 5
16 1010001 3
27 0001010 2
30 1011010 4
41 1111111 a
52 0000100 1
63 0011000 2
74 0111001 4 match 6

06 0111101 5
17 0111001 4 match 6
20 0100000 1
31 0110110 4
42 1001100 3
53 1111110 6
64 1010001 3
75 1110001 4

07 1010101 4 match 7
10 0010011 3 match 5
21 1001100 3
32 0000101 2
43 0110110 4
54 0110111 5
65 0011001 3
76 0010111 4

Matching output
0 absent
1 absent
2 absent
3 absent
4 absent
5 01 04 40 10
6 71 47 74 17
7 70 07

Left
none
Best: none

Right
70 67x
07 76x
Best: XOR-NOT70: 1

Selecting

Lefts
Identity none
NOT none
Constant none
AND none
OR none
XOR XOR24 35 46 57: 4
AND-NOT none
OR-NOT none
XOR-NOT none

Rights
Identity I1 0 7 6: 4
NOT none
Constant none
AND AND14: 1
OR OR14: 1
XOR none
AND-NOT none
OR-NOT OR-NOT46: 1
XOR-NOT XOR-NOT70: 1

Left longest: 4
Right longest: 4

Left winner: Identity no, NOT no, Constant no, AND no, OR no, XOR yes, AND-NOT no, OR-NOT no, XOR-NOT no
Right winner: Identity yes, NOT no, Constant no, AND no, OR no, XOR no, AND-NOT no, OR-NOT no, XOR-NOT no

Best left: XOR24 35 46 57: 4
Best right: I1 0 7 6: 4

Truncated left: XOR24 35 46 57: 4
Truncated right: I1 0 7 6: 4

Tentative from right
7 I1
6 I0
5 I7
4 I6
3 pending
2 pending
1 pending
0 pending

Tentative
0 XOR24
1 XOR35
2 XOR46
3 XOR57
4 I6
5 I7
6 I0
7 I1

Preferred from left
0 XOR24
1 XOR35
2 XOR46
3 XOR57
4 I6
5 I7
6 I0
7 I1

Preferred from right
7 I1
6 I0
5 I7
4 I6
3 XOR57
2 XOR46
1 XOR35
0 XOR24

Preferred
0 XOR24
1 XOR35
2 XOR46
3 XOR57
4 I6
5 I7
6 I0
7 I1

Matching
0 XOR24
1 XOR35
2 XOR46
3 XOR57
4 I6
5 I7
6 I0
7 I1

Perfect match
Identity no
NOT no
Constant no
AND no
OR no
XOR no
AND-NOT no
OR-NOT no
XOR-NOT no

Matched
0 XOR24
1 XOR35
2 XOR46
3 XOR57
4 I6
5 I7
6 I0
7 I1

Selected
0 XOR24
1 XOR35
2 XOR46
3 XOR57
4 I6
5 I7
6 I0
7 I1

Applying to 10101100
Input
0 1
1 0
2 1
3 0
4 1
5 1
6 0
7 0
Output
0 XOR24 = XOR(1,1) = 0
1 XOR35 = XOR(0,1) = 1
2 XOR46 = XOR(1,0) = 1
3 XOR57 = XOR(1,0) = 1
4 I6 = 0
5 I7 = 0
6 I0 = 1
7 I1 = 0

I will now return the answer in \boxed{}
The answer in \boxed{–} is \boxed{01110010}
[correct]
true
