[category]
bit_manipulation
[prompt]
In Alice's Wonderland, a secret bit manipulation rule transforms 8-bit binary numbers. The transformation involves operations like bit shifts, rotations, XOR, AND, OR, NOT, and possibly majority or choice functions.

Here are some examples of input -> output:
00100010 -> 10001000
00000011 -> 11000000
11111111 -> 11111111
10001111 -> 11100011
00111000 -> 00001110
11111100 -> 00111111
00000000 -> 00000000
00011010 -> 10000110

Now, determine the output for: 11111110
[completion]
We need to deduce the transformation by matching the example outputs.
I will put my final answer inside \boxed{}.

Output 0: 10001000
0 1
1 0
2 0
3 0
4 1
5 0
6 0
7 0

Output 1: 11000000
0 1
1 1
2 0
3 0
4 0
5 0
6 0
7 0

Output 2: 11111111
0 1
1 1
2 1
3 1
4 1
5 1
6 1
7 1

Output 3: 11100011
0 1
1 1
2 1
3 0
4 0
5 0
6 1
7 1

Output 4: 00001110
0 0
1 0
2 0
3 0
4 1
5 1
6 1
7 0

Output 5: 00111111
0 0
1 0
2 1
3 1
4 1
5 1
6 1
7 1

Output 6: 00000000
0 0
1 0
2 0
3 0
4 0
5 0
6 0
7 0

Output 7: 10000110
0 1
1 0
2 0
3 0
4 0
5 1
6 1
7 0

Output bit columns (with bitsum as hash)
0 11110001 5
1 01110000 3
2 00110100 3
3 00100100 2
4 10101100 4
5 00101101 4
6 00111101 5
7 00110100 3

Input 0: 00100010
0 0
1 0
2 1
3 0
4 0
5 0
6 1
7 0

Input 1: 00000011
0 0
1 0
2 0
3 0
4 0
5 0
6 1
7 1

Input 2: 11111111
0 1
1 1
2 1
3 1
4 1
5 1
6 1
7 1

Input 3: 10001111
0 1
1 0
2 0
3 0
4 1
5 1
6 1
7 1

Input 4: 00111000
0 0
1 0
2 1
3 1
4 1
5 0
6 0
7 0

Input 5: 11111100
0 1
1 1
2 1
3 1
4 1
5 1
6 0
7 0

Input 6: 00000000
0 0
1 0
2 0
3 0
4 0
5 0
6 0
7 0

Input 7: 00011010
0 0
1 0
2 0
3 1
4 1
5 0
6 1
7 0

When matching output
x: not in operator
y: wrong position

Identity
0 00110100 3 match 2 7
1 00100100 2 match 3
2 10101100 4 match 4
3 00101101 4 match 5
4 00111101 5 match 6
5 00110100 3 match 2 7
6 11110001 5 match 0
7 01110000 3 match 1

Matching output
0 6
1 7
2 0 5
3 1
4 2
5 3
6 4
7 0 5

Left
6 7 0 1 2 3 4 5
Best: I6 7 0 1 2 3 4 5: 8

Right
0 7y
5 4 3 2 1 0 7 6
Best: I5 4 3 2 1 0 7 6: 8

NOT
0 11001011 5
1 11011011 6
2 01010011 4
3 11010010 4
4 11000010 3
5 11001011 5
6 00001110 3
7 10001111 5

Matching output
0 absent
1 absent
2 absent
3 absent
4 absent
5 absent
6 absent
7 absent

Left
none
Best: none

Right
none
Best: none

Constant
0 00000000 a
1 11111111 a

Matching output
0 absent
1 absent
2 absent
3 absent
4 absent
5 absent
6 absent
7 absent

Left
none
Best: none

Right
none
Best: none

AND
01 10 00100100 2 match 3
12 21 00100100 2 match 3
23 32 00101100 3
34 43 00101101 4 match 5
45 54 00110100 3 match 2 7
56 65 00110000 2
67 76 01110000 3 match 1
70 07 00110000 2

02 20 00100100 2 match 3
13 31 00100100 2 match 3
24 42 00101100 3
35 53 00100100 2 match 3
46 64 00110001 3
57 75 00110000 2
60 06 00110000 2
71 17 00100000 1

03 30 00100100 2 match 3
14 41 00100100 2 match 3
25 52 00100100 2 match 3
36 63 00100001 2
47 74 00110000 2
50 05 00110100 3 match 2 7
61 16 00100000 1
72 27 00100000 1

04 40 00110100 3 match 2 7
15 51 00100100 2 match 3
26 62 10100000 2
37 73 00100000 1

Matching output
0 absent
1 67 76
2 45 54 50 05 04 40
3 01 10 12 21 02 20 13 31 35 53 03 30 14 41 25 52 15 51
4 absent
5 34 43
6 absent
7 45 54 50 05 04 40

Left
none
Best: none

Right
45 34y
54 43y
50 47x
05 74x
04 73x
40 37x
Best: AND45: 1

OR
01 10 00110100 3 match 2 7
12 21 10101100 4 match 4
23 32 10101101 5
34 43 00111101 5 match 6
45 54 00111101 5 match 6
56 65 11110101 6
67 76 11110001 5 match 0
70 07 01110100 4

02 20 10111100 5
13 31 00101101 4 match 5
24 42 10111101 6
35 53 00111101 5 match 6
46 64 11111101 7
57 75 01110100 4
60 06 11110101 6
71 17 01110100 4

03 30 00111101 5 match 6
14 41 00111101 5 match 6
25 52 10111100 5
36 63 11111101 7
47 74 01111101 6
50 05 00110100 3 match 2 7
61 16 11110101 6
72 27 11111100 6

04 40 00111101 5 match 6
15 51 00110100 3 match 2 7
26 62 11111101 7
37 73 01111101 6

Matching output
0 67 76
1 absent
2 01 10 50 05 15 51
3 absent
4 12 21
5 13 31
6 34 43 45 54 35 53 03 30 14 41 04 40
7 01 10 50 05 15 51

Left
67 70x
76 07x
Best: OR67: 1

Right
01 70x
10 07x
50 47x
05 74x
15 04 73x
51 40 37x
Best: OR15 04: 2

XOR
01 10 00010000 1
12 21 10001000 2
23 32 10000001 2
34 43 00010000 1
45 54 00001001 2
56 65 11000101 4
67 76 10000001 2
70 07 01000100 2

02 20 10011000 3
13 31 00001001 2
24 42 10010001 3
35 53 00011001 3
46 64 11001100 4
57 75 01000100 2
60 06 11000101 4
71 17 01010100 3

03 30 00011001 3
14 41 00011001 3
25 52 10011000 3
36 63 11011100 5
47 74 01001101 4
50 05 00000000 a
61 16 11010101 5
72 27 11011100 5

04 40 00001001 2
15 51 00010000 1
26 62 01011101 5
37 73 01011101 5

Matching output
0 absent
1 absent
2 absent
3 absent
4 absent
5 absent
6 absent
7 absent

Left
none
Best: none

Right
none
Best: none

AND-NOT
01 00010000 1
12 00000000 a
23 10000000 1
34 00000000 a
45 00001001 2
56 00000100 1
67 10000001 2
70 01000000 1

02 00010000 1
13 00000000 a
24 10000000 1
35 00001001 2
46 00001100 2
57 00000100 1
60 11000001 3
71 01010000 2

03 00010000 1
14 00000000 a
25 10001000 2
36 00001100 2
47 00001101 3
50 00000000 a
61 11010001 4
72 01010000 2

04 00000000 a
15 00000000 a
26 00001100 2
37 00001101 3
40 00001001 2
51 00010000 1
62 01010001 3
73 01010000 2

05 00000000 a
16 00000100 1
27 10001100 3
30 00001001 2
41 00011001 3
52 00010000 1
63 11010000 3
74 01000000 1

06 00000100 1
17 00000100 1
20 10001000 2
31 00001001 2
42 00010001 2
53 00010000 1
64 11000000 2
75 01000000 1

07 00000100 1
10 00000000 a
21 10001000 2
32 00000001 1
43 00010000 1
54 00000000 a
65 11000001 3
76 00000000 a

Matching output
0 absent
1 absent
2 absent
3 absent
4 absent
5 absent
6 absent
7 absent

Left
none
Best: none

Right
none
Best: none

OR-NOT
01 11111111 a
12 01110111 6
23 11111110 7
34 11101111 7
45 11111111 a
56 00111110 5
67 11111111 a
70 11111011 7

02 01110111 6
13 11110110 6
24 11101110 6
35 11101111 7
46 00111111 6
57 10111111 7
60 11111011 7
71 11111011 7

03 11110110 6
14 11100110 5
25 11101111 7
36 00101111 5
47 10111111 7
50 11111111 a
61 11111011 7
72 01110011 5

04 11110110 6
15 11101111 7
26 10101110 5
37 10101111 6
40 11111111 a
51 11111111 a
62 11110011 6
73 11110010 5

05 11111111 a
16 00101110 4
27 10101111 6
30 11101111 7
41 11111111 a
52 01110111 6
63 11110011 6
74 11110010 5

06 00111110 5
17 10101111 6
20 11101111 7
31 11111111 a
42 01111111 7
53 11110110 6
64 11110011 6
75 11111011 7

07 10111111 7
10 11101111 7
21 11111111 a
32 01111111 7
43 11111111 a
54 11110110 6
65 11111011 7
76 01111110 6

Matching output
0 absent
1 absent
2 absent
3 absent
4 absent
5 absent
6 absent
7 absent

Left
none
Best: none

Right
none
Best: none

XOR-NOT
01 11101111 7
12 01110111 6
23 01111110 6
34 11101111 7
45 11110110 6
56 00111010 4
67 01111110 6
70 10111011 6

02 01100111 5
13 11110110 6
24 01101110 5
35 11100110 5
46 00110011 4
57 10111011 6
60 00111010 4
71 10101011 5

03 11100110 5
14 11100110 5
25 01100111 5
36 00100011 3
47 10110010 4
50 11111111 a
61 00101010 3
72 00100011 3

04 11110110 6
15 11101111 7
26 10100010 3
37 10100010 3
40 11110110 6
51 11101111 7
62 10100010 3
73 10100010 3

05 11111111 a
16 00101010 3
27 00100011 3
30 11100110 5
41 11100110 5
52 01100111 5
63 00100011 3
74 10110010 4

06 00111010 4
17 10101011 5
20 01100111 5
31 11110110 6
42 01101110 5
53 11100110 5
64 00110011 4
75 10111011 6

07 10111011 6
10 11101111 7
21 01110111 6
32 01111110 6
43 11101111 7
54 11110110 6
65 00111010 4
76 01111110 6

Matching output
0 absent
1 absent
2 absent
3 absent
4 absent
5 absent
6 absent
7 absent

Left
none
Best: none

Right
none
Best: none

Selecting

Lefts
Identity I6 7 0 1 2 3 4 5: 8
NOT none
Constant none
AND none
OR OR67: 1
XOR none
AND-NOT none
OR-NOT none
XOR-NOT none

Rights
Identity I5 4 3 2 1 0 7 6: 8
NOT none
Constant none
AND AND45: 1
OR OR15 04: 2
XOR none
AND-NOT none
OR-NOT none
XOR-NOT none

Left longest: 8
Right longest: 8

Left winner: Identity yes, NOT no, Constant no, AND no, OR no, XOR no, AND-NOT no, OR-NOT no, XOR-NOT no
Right winner: Identity yes, NOT no, Constant no, AND no, OR no, XOR no, AND-NOT no, OR-NOT no, XOR-NOT no

Best left: I6 7 0 1 2 3 4 5: 8
Best right: I5 4 3 2 1 0 7 6: 8

Truncated left: I6 7 0 1 2 3 4 5: 8
Truncated right: none truncated

Tentative from right
7 pending
6 pending
5 pending
4 pending
3 pending
2 pending
1 pending
0 pending

Tentative
0 I6
1 I7
2 I0
3 I1
4 I2
5 I3
6 I4
7 I5

Preferred from left
0 I6
1 I7
2 I0
3 I1
4 I2
5 I3
6 I4
7 I5

Preferred from right
7 I5
6 I4
5 I3
4 I2
3 I1
2 I0
1 I7
0 I6

Preferred
0 I6
1 I7
2 I0
3 I1
4 I2
5 I3
6 I4
7 I5

Matching
0 I6
1 I7
2 I0
3 I1
4 I2
5 I3
6 I4
7 I5

Perfect match
Identity no
NOT no
Constant no
AND no
OR no
XOR no
AND-NOT no
OR-NOT no
XOR-NOT no

Matched
0 I6
1 I7
2 I0
3 I1
4 I2
5 I3
6 I4
7 I5

Selected
0 I6
1 I7
2 I0
3 I1
4 I2
5 I3
6 I4
7 I5

Applying to 11111110
Input
0 1
1 1
2 1
3 1
4 1
5 1
6 1
7 0
Output
0 I6 = 1
1 I7 = 0
2 I0 = 1
3 I1 = 1
4 I2 = 1
5 I3 = 1
6 I4 = 1
7 I5 = 1

I will now return the answer in \boxed{}
The answer in \boxed{–} is \boxed{10111111}
[correct]
true
