[category]
bit_manipulation
[prompt]
In Alice's Wonderland, a secret bit manipulation rule transforms 8-bit binary numbers. The transformation involves operations like bit shifts, rotations, XOR, AND, OR, NOT, and possibly majority or choice functions.

Here are some examples of input -> output:
01111100 -> 10000001
00111010 -> 01000000
10100000 -> 00000010
10000100 -> 10000010
10010100 -> 10000010
11101111 -> 11100011
00101101 -> 10100000
11000110 -> 11000011
01010000 -> 00000001
10000010 -> 01000010

Now, determine the output for: 00000101
[completion]
We need to deduce the transformation by matching the example outputs.
I will put my final answer inside \boxed{}.

Output 0: 10000001
0 1
1 0
2 0
3 0
4 0
5 0
6 0
7 1

Output 1: 01000000
0 0
1 1
2 0
3 0
4 0
5 0
6 0
7 0

Output 2: 00000010
0 0
1 0
2 0
3 0
4 0
5 0
6 1
7 0

Output 3: 10000010
0 1
1 0
2 0
3 0
4 0
5 0
6 1
7 0

Output 4: 10000010
0 1
1 0
2 0
3 0
4 0
5 0
6 1
7 0

Output 5: 11100011
0 1
1 1
2 1
3 0
4 0
5 0
6 1
7 1

Output 6: 10100000
0 1
1 0
2 1
3 0
4 0
5 0
6 0
7 0

Output 7: 11000011
0 1
1 1
2 0
3 0
4 0
5 0
6 1
7 1

Output 8: 00000001
0 0
1 0
2 0
3 0
4 0
5 0
6 0
7 1

Output 9: 01000010
0 0
1 1
2 0
3 0
4 0
5 0
6 1
7 0

Output bit columns (with bitsum as hash)
0 1001111100 6
1 0100010101 4
2 0000011000 2
3 0000000000 a
4 0000000000 a
5 0000000000 a
6 0011110101 6
7 1000010110 4

Input 0: 01111100
0 0
1 1
2 1
3 1
4 1
5 1
6 0
7 0

Input 1: 00111010
0 0
1 0
2 1
3 1
4 1
5 0
6 1
7 0

Input 2: 10100000
0 1
1 0
2 1
3 0
4 0
5 0
6 0
7 0

Input 3: 10000100
0 1
1 0
2 0
3 0
4 0
5 1
6 0
7 0

Input 4: 10010100
0 1
1 0
2 0
3 1
4 0
5 1
6 0
7 0

Input 5: 11101111
0 1
1 1
2 1
3 0
4 1
5 1
6 1
7 1

Input 6: 00101101
0 0
1 0
2 1
3 0
4 1
5 1
6 0
7 1

Input 7: 11000110
0 1
1 1
2 0
3 0
4 0
5 1
6 1
7 0

Input 8: 01010000
0 0
1 1
2 0
3 1
4 0
5 0
6 0
7 0

Input 9: 10000010
0 1
1 0
2 0
3 0
4 0
5 0
6 1
7 0

When matching output
x: not in operator
y: wrong position

Identity
0 0011110101 6 match 6
1 1000010110 4 match 7
2 1110011000 5
3 1100100010 4
4 1100011000 4
5 1001111100 6 match 0
6 0100010101 4 match 1
7 0000011000 2 match 2

Matching output
0 5
1 6
2 7
3 absent
4 absent
5 absent
6 0
7 1

Left
5 6 7 0y
Best: I5 6 7: 3

Right
1 0 7y
Best: I1 0: 2

NOT
0 1100001010 4
1 0111101001 6
2 0001100111 5
3 0011011101 6
4 0011100111 6
5 0110000011 4
6 1011101010 6
7 1111100111 8

Matching output
0 absent
1 absent
2 absent
3 absent
4 absent
5 absent
6 absent
7 absent

Left
none
Best: none

Right
none
Best: none

Constant
0 0000000000 a match 3 4 5
1 1111111111 a

Matching output
0 absent
1 absent
2 absent
3 C0
4 C0
5 C0
6 absent
7 absent

Left
none
Best: none

Right
none
Best: none

AND
01 10 0000010100 2
12 21 1000010000 2
23 32 1100000000 2
34 43 1100000000 2
45 54 1000011000 3
56 65 0000010100 2
67 76 0000010000 1
70 07 0000010000 1

02 20 0010010000 2
13 31 1000000010 2
24 42 1100011000 4
35 53 1000100000 2
46 64 0100010000 2
57 75 0000011000 2 match 2
60 06 0000010101 3
71 17 0000010000 1

03 30 0000100000 1
14 41 1000010000 2
25 52 1000011000 3
36 63 0100000000 1
47 74 0000011000 2 match 2
50 05 0001110100 4
61 16 0000010100 2
72 27 0000011000 2 match 2

04 40 0000010000 1
15 51 1000010100 3
26 62 0100010000 2
37 73 0000000000 a match 3 4 5

Matching output
0 absent
1 absent
2 57 75 47 74 72 27
3 37 73
4 37 73
5 37 73
6 absent
7 absent

Left
none
Best: none

Right
none
Best: none

OR
01 10 1011110111 8
12 21 1110011110 7
23 32 1110111010 7
34 43 1100111010 6
45 54 1101111100 7
56 65 1101111101 8
67 76 0100011101 5
70 07 0011111101 7

02 20 1111111101 9
13 31 1100110110 6
24 42 1110011000 5
35 53 1101111110 8
46 64 1100011101 6
57 75 1001111100 6 match 0
60 06 0111110101 7
71 17 1000011110 5

03 30 1111110111 9
14 41 1100011110 6
25 52 1111111100 8
36 63 1100110111 7
47 74 1100011000 4
50 05 1011111101 8
61 16 1100010111 6
72 27 1110011000 5

04 40 1111111101 9
15 51 1001111110 7
26 62 1110011101 7
37 73 1100111010 6

Matching output
0 57 75
1 absent
2 absent
3 absent
4 absent
5 absent
6 absent
7 absent

Left
57 60x
75 06x
Best: OR57: 1

Right
none
Best: none

XOR
01 10 1011100011 6
12 21 0110001110 5
23 32 0010111010 5
34 43 0000111010 4
45 54 0101100100 4
56 65 1101101001 6
67 76 0100001101 4
70 07 0011101101 6

02 20 1101101101 7
13 31 0100110100 4
24 42 0010000000 1
35 53 0101011110 6
46 64 1000001101 4
57 75 1001100100 4
60 06 0111100000 4
71 17 1000001110 4

03 30 1111010111 8
14 41 0100001110 4
25 52 0111100100 5
36 63 1000110111 6
47 74 1100000000 2
50 05 1010001001 4
61 16 1100000011 4
72 27 1110000000 3

04 40 1111101101 8
15 51 0001101010 4
26 62 1010001101 5
37 73 1100111010 6

Matching output
0 absent
1 absent
2 absent
3 absent
4 absent
5 absent
6 absent
7 absent

Left
none
Best: none

Right
none
Best: none

AND-NOT
01 0011100001 4
12 0000000110 2
23 0010011000 3
34 0000100010 2
45 0100000000 1
56 1001101000 4
67 0100000101 3
70 0000001000 1

02 0001100101 4
13 0000010100 2
24 0010000000 1
35 0100000010 2
46 1000001000 2
57 1001100100 4
60 0100000000 1
71 0000001000 1

03 0011010101 5
14 0000000110 2
25 0110000000 2
36 1000100010 3
47 1100000000 2
50 1000001000 2
61 0100000001 2
72 0000000000 a match 3 4 5

04 0011100101 5
15 0000000010 1
26 1010001000 3
37 1100100010 4
40 1100001000 3
51 0001101000 3
62 0000000101 2
73 0000011000 2 match 2

05 0010000001 2
16 1000000010 2
27 1110000000 3
30 1100000010 3
41 0100001000 2
52 0001100100 3
63 0000010101 3
74 0000000000 a match 3 4 5

06 0011100000 3
17 1000000110 3
20 1100001000 3
31 0100100000 2
42 0000000000 a match 3 4 5
53 0001011100 4
64 0000000101 2
75 0000000000 a match 3 4 5

07 0011100101 5
10 1000000010 2
21 0110001000 3
32 0000100010 2
43 0000011000 2 match 2
54 0001100100 3
65 0100000001 2
76 0000001000 1

Matching output
0 absent
1 absent
2 73 43
3 72 74 42 75
4 72 74 42 75
5 72 74 42 75
6 absent
7 absent

Left
none
Best: none

Right
none
Best: none

OR-NOT
01 0111111101 8
12 1001110111 7
23 1111011101 8
34 1111100111 8
45 1110011011 7
56 1011111110 8
67 1111110111 9
70 1100011010 5

02 0011110111 7
13 1011011111 8
24 1111111111 a
35 1110100011 6
46 1111111010 8
57 1111111111 a
60 1100011111 7
71 0111111001 7

03 0011111101 7
14 1011110111 8
25 1110011011 7
36 1111101010 7
47 1111111111 a
50 1101111110 8
61 0111111101 8
72 0001111111 7

04 0011110111 7
15 1110010111 7
26 1111111010 8
37 1111100111 8
40 1100011010 5
51 1111111101 9
62 0101110111 7
73 0011011101 6

05 0111110111 8
16 1011111110 8
27 1111111111 a
30 1100101010 5
41 1111111001 8
52 1001111111 8
63 0111011101 7
74 0011111111 8

06 1011111111 9
17 1111110111 9
20 1110011010 6
31 1111101011 8
42 1101111111 9
53 1011111101 8
64 0111110111 8
75 0110011011 6

07 1111110111 9
10 1100011110 6
21 1111111001 8
32 1101100111 7
43 1111011101 8
54 1011111111 9
65 0110010111 6
76 1011111010 7

Matching output
0 absent
1 absent
2 absent
3 absent
4 absent
5 absent
6 absent
7 absent

Left
none
Best: none

Right
none
Best: none

XOR-NOT
01 0100011100 4
12 1001110001 5
23 1101000101 5
34 1111000101 6
45 1010011011 6
56 0010010110 4
67 1011110010 6
70 1100010010 4

02 0010010010 3
13 1011001011 6
24 1101111111 9
35 1010100001 4
46 0111110010 6
57 0110011011 6
60 1000011111 6
71 0111110001 6

03 0000101000 2
14 1011110001 6
25 1000011011 5
36 0111001000 4
47 0011111111 8
50 0101110110 6
61 0011111100 6
72 0001111111 7

04 0000010010 2
15 1110010101 6
26 0101110010 5
37 0011000101 4
40 0000010010 2
51 1110010101 6
62 0101110010 5
73 0011000101 4

05 0101110110 6
16 0011111100 6
27 0001111111 7
30 0000101000 2
41 1011110001 6
52 1000011011 5
63 0111001000 4
74 0011111111 8

06 1000011111 6
17 0111110001 6
20 0010010010 3
31 1011001011 6
42 1101111111 9
53 1010100001 4
64 0111110010 6
75 0110011011 6

07 1100010010 4
10 0100011100 4
21 1001110001 5
32 1101000101 5
43 1111000101 6
54 1010011011 6
65 0010010110 4
76 1011110010 6

Matching output
0 absent
1 absent
2 absent
3 absent
4 absent
5 absent
6 absent
7 absent

Left
none
Best: none

Right
none
Best: none

Selecting

Lefts
Identity I5 6 7: 3
NOT none
Constant none
AND none
OR OR57: 1
XOR none
AND-NOT none
OR-NOT none
XOR-NOT none

Rights
Identity I1 0: 2
NOT none
Constant none
AND none
OR none
XOR none
AND-NOT none
OR-NOT none
XOR-NOT none

Left longest: 3
Right longest: 2

Left winner: Identity yes, NOT no, Constant no, AND no, OR no, XOR no, AND-NOT no, OR-NOT no, XOR-NOT no
Right winner: Identity yes, NOT no, Constant no, AND no, OR no, XOR no, AND-NOT no, OR-NOT no, XOR-NOT no

Best left: I5 6 7: 3
Best right: I1 0: 2

Truncated left: I5 6 7: 3
Truncated right: I1 0: 2

Tentative from right
7 I1
6 I0
5 pending
4 pending
3 pending
2 pending
1 pending
0 pending

Tentative
0 I5
1 I6
2 I7
3 pending
4 pending
5 pending
6 I0
7 I1

Preferred from left
0 I5
1 I6
2 I7
3 ?0?
4 ?1?
5 ?2?
6 I0
7 I1

Preferred from right
7 I1
6 I0
5 ?27
4 ?16
3 ?05
2 I7
1 I6
0 I5

Preferred
0 I5
1 I6
2 I7
3 ?05 ?50
4 ?16 ?61
5 ?27 ?72
6 I0
7 I1

Matching
0 I5
1 I6
2 I7
3 ?05 ?50 - Identity absent, NOT absent, Constant C0, AND absent, OR absent, XOR absent, AND-NOT absent, OR-NOT absent, XOR-NOT absent
4 ?16 ?61 - Identity absent, NOT absent, Constant C0, AND absent, OR absent, XOR absent, AND-NOT absent, OR-NOT absent, XOR-NOT absent
5 ?27 ?72 - Identity absent, NOT absent, Constant C0, AND absent, OR absent, XOR absent, AND-NOT72, OR-NOT absent, XOR-NOT absent
6 I0
7 I1

Perfect match
Identity no
NOT no
Constant yes
AND no
OR no
XOR no
AND-NOT no
OR-NOT no
XOR-NOT no

Matched
0 I5
1 I6
2 I7
3 C0
4 C0
5 C0
6 I0
7 I1

Selected
0 I5
1 I6
2 I7
3 C0
4 C0
5 C0
6 I0
7 I1

Applying to 00000101
Input
0 0
1 0
2 0
3 0
4 0
5 1
6 0
7 1
Output
0 I5 = 1
1 I6 = 0
2 I7 = 1
3 C0 = 0
4 C0 = 0
5 C0 = 0
6 I0 = 0
7 I1 = 0

I will now return the answer in \boxed{}
The answer in \boxed{–} is \boxed{10100000}
[correct]
true
