[category]
bit_manipulation
[prompt]
In Alice's Wonderland, a secret bit manipulation rule transforms 8-bit binary numbers. The transformation involves operations like bit shifts, rotations, XOR, AND, OR, NOT, and possibly majority or choice functions.

Here are some examples of input -> output:
10000000 -> 00000010
01111100 -> 00110001
10101101 -> 01110110
00100001 -> 10010100
11110101 -> 11010111
10000111 -> 01001110
01011100 -> 00110001
11000111 -> 01101111
10100011 -> 10011110

Now, determine the output for: 11011110
[completion]
We need to deduce the transformation by matching the example outputs.
I will put my final answer inside \boxed{}.

Output 0: 00000010
0 0
1 0
2 0
3 0
4 0
5 0
6 1
7 0

Output 1: 00110001
0 0
1 0
2 1
3 1
4 0
5 0
6 0
7 1

Output 2: 01110110
0 0
1 1
2 1
3 1
4 0
5 1
6 1
7 0

Output 3: 10010100
0 1
1 0
2 0
3 1
4 0
5 1
6 0
7 0

Output 4: 11010111
0 1
1 1
2 0
3 1
4 0
5 1
6 1
7 1

Output 5: 01001110
0 0
1 1
2 0
3 0
4 1
5 1
6 1
7 0

Output 6: 00110001
0 0
1 0
2 1
3 1
4 0
5 0
6 0
7 1

Output 7: 01101111
0 0
1 1
2 1
3 0
4 1
5 1
6 1
7 1

Output 8: 10011110
0 1
1 0
2 0
3 1
4 1
5 1
6 1
7 0

Output bit columns (with bitsum as hash)
0 000110001 3
1 001011010 4
2 011000110 4
3 011110101 6
4 000001011 3
5 001111011 6
6 101011011 6
7 010010110 4

Input 0: 10000000
0 1
1 0
2 0
3 0
4 0
5 0
6 0
7 0

Input 1: 01111100
0 0
1 1
2 1
3 1
4 1
5 1
6 0
7 0

Input 2: 10101101
0 1
1 0
2 1
3 0
4 1
5 1
6 0
7 1

Input 3: 00100001
0 0
1 0
2 1
3 0
4 0
5 0
6 0
7 1

Input 4: 11110101
0 1
1 1
2 1
3 1
4 0
5 1
6 0
7 1

Input 5: 10000111
0 1
1 0
2 0
3 0
4 0
5 1
6 1
7 1

Input 6: 01011100
0 0
1 1
2 0
3 1
4 1
5 1
6 0
7 0

Input 7: 11000111
0 1
1 1
2 0
3 0
4 0
5 1
6 1
7 1

Input 8: 10100011
0 1
1 0
2 1
3 0
4 0
5 0
6 1
7 1

When matching output
x: not in operator
y: wrong position

Identity
0 101011011 6 match 6
1 010010110 4 match 7
2 011110001 5
3 010010100 3
4 011000100 3
5 011011110 6
6 000001011 3 match 4
7 001111011 6 match 5

Matching output
0 absent
1 absent
2 absent
3 absent
4 6
5 7
6 0
7 1

Left
none
Best: none

Right
1 0 7 6 5x
Best: I1 0 7 6: 4

NOT
0 010100100 3
1 101101001 5
2 100001110 4
3 101101011 6
4 100111011 6
5 100100001 3
6 111110100 6
7 110000100 3

Matching output
0 absent
1 absent
2 absent
3 absent
4 absent
5 absent
6 absent
7 absent

Left
none
Best: none

Right
none
Best: none

Constant
0 000000000 a
1 111111111 a

Matching output
0 absent
1 absent
2 absent
3 absent
4 absent
5 absent
6 absent
7 absent

Left
none
Best: none

Right
none
Best: none

AND
01 10 000010010 2
12 21 010010000 2
23 32 010010000 2
34 43 010000100 2
45 54 011000100 3
56 65 000001010 2
67 76 000001011 3 match 4
70 07 001011011 5

02 20 001010001 3
13 31 010010100 3
24 42 011000000 2
35 53 010010100 3
46 64 000000000 a
57 75 001011010 4 match 1
60 06 000001011 3 match 4
71 17 000010010 2

03 30 000010000 1
14 41 010000100 2
25 52 011010000 3
36 63 000000000 a
47 74 001000000 1
50 05 001011010 4 match 1
61 16 000000010 1
72 27 001110001 4

04 40 001000000 1
15 51 010010110 4 match 7
26 62 000000001 1
37 73 000010000 1

Matching output
0 absent
1 57 75 50 05
2 absent
3 absent
4 67 76 60 06
5 absent
6 absent
7 15 51

Left
none
Best: none

Right
15 04x
51 40x
Best: AND15: 1

OR
01 10 111011111 8
12 21 011110111 7
23 32 011110101 6 match 3
34 43 011010100 4
45 54 011011110 6
56 65 011011111 7
67 76 001111011 6 match 5
70 07 101111011 7

02 20 111111011 8
13 31 010010110 4 match 7
24 42 011110101 6 match 3
35 53 011011110 6
46 64 011001111 6
57 75 011111111 8
60 06 101011011 6 match 6
71 17 011111111 8

03 30 111011111 8
14 41 011010110 5
25 52 011111111 8
36 63 010011111 6
47 74 011111111 8
50 05 111011111 8
61 16 010011111 6
72 27 011111011 7

04 40 111011111 8
15 51 011011110 6
26 62 011111011 7
37 73 011111111 8

Matching output
0 absent
1 absent
2 absent
3 23 32 24 42
4 absent
5 67 76
6 60 06
7 13 31

Left
none
Best: none

Right
13 02x
31 20x
Best: OR13: 1

XOR
01 10 111001101 6
12 21 001100111 5
23 32 001100101 4
34 43 001010000 2
45 54 000011010 3
56 65 011010101 5
67 76 001110000 3
70 07 100100000 2

02 20 110101010 5
13 31 000000010 1
24 42 000110101 4
35 53 001001010 3
46 64 011001111 6
57 75 010100101 4
60 06 101010000 3
71 17 011101101 6

03 30 111001111 7
14 41 001010010 3
25 52 000101111 5
36 63 010011111 6
47 74 010111111 7
50 05 110000101 4
61 16 010011101 5
72 27 010001010 3

04 40 110011111 7
15 51 001001000 2
26 62 011111010 6
37 73 011101111 7

Matching output
0 absent
1 absent
2 absent
3 absent
4 absent
5 absent
6 absent
7 absent

Left
none
Best: none

Right
none
Best: none

AND-NOT
01 101001001 4
12 000000110 2
23 001100001 3
34 000010000 1
45 000000000 a
56 011010100 4
67 000000000 a
70 000100000 1

02 100001010 3
13 000000010 1
24 000110001 3 match 0
35 000000000 a
46 011000100 3
57 010000100 2
60 000000000 a
71 001101001 4

03 101001011 5
14 000010010 2
25 000100001 2
36 010010100 3
47 010000100 2
50 010000100 2
61 000001001 2
72 000001010 2

04 100011011 5
15 000000000 a
26 011110000 4
37 010000100 2
40 010000100 2
51 001001000 2
62 000001010 2
73 001101011 5

05 100000001 2
16 010010100 3
27 010000000 1
30 010000100 2
41 001000000 1
52 000001110 3
63 000001011 3 match 4
74 000111011 5

06 101010000 3
17 010000100 2
20 010100000 2
31 000000000 a
42 000000100 1
53 001001010 3
64 000001011 3 match 4
75 000100001 2

07 100000000 1
10 010000100 2
21 001100001 3
32 000000100 1
43 001000000 1
54 000011010 3
65 000000001 1
76 001110000 3

Matching output
0 24
1 absent
2 absent
3 absent
4 63 64
5 absent
6 absent
7 absent

Left
24 35x
Best: AND-NOT24: 1

Right
none
Best: none

OR-NOT
01 101111011 7
12 110011110 6
23 111111011 8
34 110111111 8
45 111100101 6
56 111111110 8
67 110001111 6
70 011111111 8

02 101011111 7
13 111111111 a
24 111111011 8
35 110110101 6
46 111110100 6
57 111011110 7
60 010101111 6
71 101111011 7

03 101111011 7
14 110111111 8
25 111110001 6
36 111110100 6
47 111000100 4
50 011111110 7
61 101101011 6
72 101111111 8

04 101111011 7
15 110110111 7
26 111110101 7
37 110010100 4
40 011100100 4
51 111111111 a
62 100001111 5
73 101111011 7

05 101111011 7
16 111110110 7
27 111110101 7
30 010110100 4
41 111101101 7
52 111011110 7
63 101101011 6
74 101111011 7

06 111111111 a
17 110010110 5
20 011110101 6 match 3
31 111111101 8
42 111001110 6
53 111111111 a
64 100111011 6
75 101111011 7

07 111011111 8
10 010110110 5
21 111111001 7
32 110011110 6
43 111101111 8
54 111111111 a
65 100101011 5
76 111111111 a

Matching output
0 absent
1 absent
2 absent
3 20
4 absent
5 absent
6 absent
7 absent

Left
none
Best: none

Right
none
Best: none

XOR-NOT
01 000110010 3
12 110011000 4
23 110011010 5
34 110101111 7
45 111100101 6
56 100101010 4
67 110001111 6
70 011011111 7

02 001010101 4
13 111111101 8
24 111001010 5
35 110110101 6
46 100110000 3
57 101011010 5
60 010101111 6
71 100010010 3

03 000110000 2
14 110101101 6
25 111010000 4
36 101100000 3
47 101000000 2
50 001111010 5
61 101100010 4
72 101110101 6

04 001100000 2
15 110110111 7
26 100000101 3
37 100010000 2
40 001100000 2
51 110110111 7
62 100000101 3
73 100010000 2

05 001111010 5
16 101100010 4
27 101110101 6
30 000110000 2
41 110101101 6
52 111010000 4
63 101100000 3
74 101000000 2

06 010101111 6
17 100010010 3
20 001010101 4
31 111111101 8
42 111001010 5
53 110110101 6
64 100110000 3
75 101011010 5

07 011011111 7
10 000110010 3
21 110011000 4
32 110011010 5
43 110101111 7
54 111100101 6
65 100101010 4
76 110001111 6

Matching output
0 absent
1 absent
2 absent
3 absent
4 absent
5 absent
6 absent
7 absent

Left
none
Best: none

Right
none
Best: none

Selecting

Lefts
Identity none
NOT none
Constant none
AND none
OR none
XOR none
AND-NOT AND-NOT24: 1
OR-NOT none
XOR-NOT none

Rights
Identity I1 0 7 6: 4
NOT none
Constant none
AND AND15: 1
OR OR13: 1
XOR none
AND-NOT none
OR-NOT none
XOR-NOT none

Left longest: 1
Right longest: 4

Right winner: Identity yes, NOT no, Constant no, AND no, OR no, XOR no, AND-NOT no, OR-NOT no, XOR-NOT no
Left winner: Identity no, NOT no, Constant no, AND no, OR no, XOR no, AND-NOT yes, OR-NOT no, XOR-NOT no

Best right: I1 0 7 6: 4
Best left: AND-NOT24: 1

Truncated right: I1 0 7 6: 4
Truncated left: AND-NOT24: 1

Tentative from right
7 I1
6 I0
5 I7
4 I6
3 pending
2 pending
1 pending
0 pending

Tentative
0 AND-NOT24
1 pending
2 pending
3 pending
4 I6
5 I7
6 I0
7 I1

Preferred from right
7 I1
6 I0
5 I7
4 I6
3 ??5
2 ??4
1 ??3
0 AND-NOT24

Preferred from left
0 AND-NOT24
1 ??3
2 ??4
3 ??5
4 I6
5 I7
6 I0
7 I1

Preferred
0 AND-NOT24
1 ??3
2 ??4
3 ??5
4 I6
5 I7
6 I0
7 I1

Matching
0 AND-NOT24
1 ??3 - Identity absent, NOT absent, Constant absent, AND absent, OR absent, XOR absent, AND-NOT absent, OR-NOT absent, XOR-NOT absent
2 ??4 - Identity absent, NOT absent, Constant absent, AND absent, OR absent, XOR absent, AND-NOT absent, OR-NOT absent, XOR-NOT absent
3 ??5 - Identity absent, NOT absent, Constant absent, AND absent, OR absent, XOR absent, AND-NOT absent, OR-NOT absent, XOR-NOT absent
4 I6
5 I7
6 I0
7 I1

Perfect match
Identity no
NOT no
Constant no
AND no
OR no
XOR no
AND-NOT no
OR-NOT no
XOR-NOT no

Matched
0 AND-NOT24
1 none
2 none
3 none
4 I6
5 I7
6 I0
7 I1

Selected
0 AND-NOT24
1 default 1
2 default 1
3 default 1
4 I6
5 I7
6 I0
7 I1

Applying to 11011110
Input
0 1
1 1
2 0
3 1
4 1
5 1
6 1
7 0
Output
0 AND-NOT24 = AND(0,NOT(1)) = 0
1 default 1 = 1
2 default 1 = 1
3 default 1 = 1
4 I6 = 1
5 I7 = 0
6 I0 = 1
7 I1 = 1

I will now return the answer in \boxed{}
The answer in \boxed{–} is \boxed{01111011}
[correct]
true
