[category]
bit_manipulation
[prompt]
In Alice's Wonderland, a secret bit manipulation rule transforms 8-bit binary numbers. The transformation involves operations like bit shifts, rotations, XOR, AND, OR, NOT, and possibly majority or choice functions.

Here are some examples of input -> output:
01010011 -> 11111111
11110100 -> 11111111
01110001 -> 11111111
00100100 -> 11111111
01001000 -> 11111110
10011000 -> 11111101
00101000 -> 11111111

Now, determine the output for: 00001100
[completion]
We need to deduce the transformation by matching the example outputs.
I will put my final answer inside \boxed{}.

Output 0: 11111111
0 1
1 1
2 1
3 1
4 1
5 1
6 1
7 1

Output 1: 11111111
0 1
1 1
2 1
3 1
4 1
5 1
6 1
7 1

Output 2: 11111111
0 1
1 1
2 1
3 1
4 1
5 1
6 1
7 1

Output 3: 11111111
0 1
1 1
2 1
3 1
4 1
5 1
6 1
7 1

Output 4: 11111110
0 1
1 1
2 1
3 1
4 1
5 1
6 1
7 0

Output 5: 11111101
0 1
1 1
2 1
3 1
4 1
5 1
6 0
7 1

Output 6: 11111111
0 1
1 1
2 1
3 1
4 1
5 1
6 1
7 1

Output bit columns (with bitsum as hash)
0 1111111 a
1 1111111 a
2 1111111 a
3 1111111 a
4 1111111 a
5 1111111 a
6 1111101 6
7 1111011 6

Input 0: 01010011
0 0
1 1
2 0
3 1
4 0
5 0
6 1
7 1

Input 1: 11110100
0 1
1 1
2 1
3 1
4 0
5 1
6 0
7 0

Input 2: 01110001
0 0
1 1
2 1
3 1
4 0
5 0
6 0
7 1

Input 3: 00100100
0 0
1 0
2 1
3 0
4 0
5 1
6 0
7 0

Input 4: 01001000
0 0
1 1
2 0
3 0
4 1
5 0
6 0
7 0

Input 5: 10011000
0 1
1 0
2 0
3 1
4 1
5 0
6 0
7 0

Input 6: 00101000
0 0
1 0
2 1
3 0
4 1
5 0
6 0
7 0

When matching output
x: not in operator
y: wrong position

Identity
0 0100010 2
1 1110100 4
2 0111001 4
3 1110010 4
4 0000111 3
5 0101000 2
6 1000000 1
7 1010000 2

Matching output
0 absent
1 absent
2 absent
3 absent
4 absent
5 absent
6 absent
7 absent

Left
none
Best: none

Right
none
Best: none

NOT
0 1011101 5
1 0001011 3
2 1000110 3
3 0001101 3
4 1111000 4
5 1010111 5
6 0111111 6
7 0101111 5

Matching output
0 absent
1 absent
2 absent
3 absent
4 absent
5 absent
6 absent
7 absent

Left
none
Best: none

Right
none
Best: none

Constant
0 0000000 a
1 1111111 a match 0 1 2 3 4 5

Matching output
0 C1
1 C1
2 C1
3 C1
4 C1
5 C1
6 absent
7 absent

Left
1 1 1 1 1 1
Best: C1 1 1 1 1 1: 6

Right
none
Best: none

AND
01 10 0100000 1
12 21 0110000 2
23 32 0110000 2
34 43 0000010 1
45 54 0000000 a
56 65 0000000 a
67 76 1000000 1
70 07 0000000 a

02 20 0100000 1
13 31 1110000 3
24 42 0000001 1
35 53 0100000 1
46 64 0000000 a
57 75 0000000 a
60 06 0000000 a
71 17 1010000 2

03 30 0100010 2
14 41 0000100 1
25 52 0101000 2
36 63 1000000 1
47 74 0000000 a
50 05 0100000 1
61 16 1000000 1
72 27 0010000 1

04 40 0000010 1
15 51 0100000 1
26 62 0000000 a
37 73 1010000 2

Matching output
0 absent
1 absent
2 absent
3 absent
4 absent
5 absent
6 absent
7 absent

Left
none
Best: none

Right
none
Best: none

OR
01 10 1110110 5
12 21 1111101 6 match 6
23 32 1111011 6 match 7
34 43 1110111 6
45 54 0101111 5
56 65 1101000 3
67 76 1010000 2
70 07 1110010 4

02 20 0111011 5
13 31 1110110 5
24 42 0111111 6
35 53 1111010 5
46 64 1000111 4
57 75 1111000 4
60 06 1100010 3
71 17 1110100 4

03 30 1110010 4
14 41 1110111 6
25 52 0111001 4
36 63 1110010 4
47 74 1010111 5
50 05 0101010 3
61 16 1110100 4
72 27 1111001 5

04 40 0100111 4
15 51 1111100 5
26 62 1111001 5
37 73 1110010 4

Matching output
0 absent
1 absent
2 absent
3 absent
4 absent
5 absent
6 12 21
7 23 32

Left
none
Best: none

Right
23 12 01x
32 21 10x
Best: OR23 12: 2

XOR
01 10 1010110 4
12 21 1001101 4
23 32 1001011 4
34 43 1110101 5
45 54 0101111 5
56 65 1101000 3
67 76 0010000 1
70 07 1110010 4

02 20 0011011 4
13 31 0000110 2
24 42 0111110 5
35 53 1011010 4
46 64 1000111 4
57 75 1111000 4
60 06 1100010 3
71 17 0100100 2

03 30 1010000 2
14 41 1110011 5
25 52 0010001 2
36 63 0110010 3
47 74 1010111 5
50 05 0001010 2
61 16 0110100 3
72 27 1101001 4

04 40 0100101 3
15 51 1011100 4
26 62 1111001 5
37 73 0100010 2

Matching output
0 absent
1 absent
2 absent
3 absent
4 absent
5 absent
6 absent
7 absent

Left
none
Best: none

Right
none
Best: none

AND-NOT
01 0000010 1
12 1000100 2
23 0001001 2
34 1110000 3
45 0000111 3
56 0101000 2
67 0000000 a
70 1010000 2

02 0000010 1
13 0000100 1
24 0111000 3
35 1010010 3
46 0000111 3
57 0101000 2
60 1000000 1
71 0000000 a

03 0000000 a
14 1110000 3
25 0010001 2
36 0110010 3
47 0000111 3
50 0001000 1
61 0000000 a
72 1000000 1

04 0100000 1
15 1010100 3
26 0111001 4
37 0100010 2
40 0000101 2
51 0001000 1
62 1000000 1
73 0000000 a

05 0000010 1
16 0110100 3
27 0101001 3
30 1010000 2
41 0000011 2
52 0000000 a
63 0000000 a
74 1010000 2

06 0100010 2
17 0100100 2
20 0011001 3
31 0000010 1
42 0000110 2
53 0001000 1
64 1000000 1
75 1010000 2

07 0100010 2
10 1010100 3
21 0001001 2
32 1000010 2
43 0000101 2
54 0101000 2
65 1000000 1
76 0010000 1

Matching output
0 absent
1 absent
2 absent
3 absent
4 absent
5 absent
6 absent
7 absent

Left
none
Best: none

Right
none
Best: none

OR-NOT
01 0101011 4
12 1110110 5
23 0111101 5
34 1111010 5
45 1010111 5
56 0111111 6
67 1101111 6
70 1011101 5

02 1100110 4
13 1111101 6 match 6
24 1111001 5
35 1110111 6
46 0111111 6
57 0101111 5
60 1011101 5
71 1011011 5

03 0101111 5
14 1111100 5
25 1111111 a match 0 1 2 3 4 5
36 1111111 a match 0 1 2 3 4 5
47 0101111 5
50 1111101 6 match 6
61 1001011 4
72 1010110 4

04 1111010 5
15 1110111 6
26 0111111 6
37 1111111 a match 0 1 2 3 4 5
40 1011111 6
51 0101011 4
62 1000110 3
73 1011101 5

05 1110111 6
16 1111111 a match 0 1 2 3 4 5
27 0111111 6
30 1111111 a match 0 1 2 3 4 5
41 0001111 4
52 1101110 5
63 1001101 4
74 1111000 4

06 0111111 6
17 1111111 a match 0 1 2 3 4 5
20 1111101 6 match 6
31 1111011 6 match 7
42 1000111 4
53 0101101 4
64 1111000 4
75 1010111 5

07 0101111 5
10 1111101 6 match 6
21 0111011 5
32 1110110 5
43 0001111 4
54 1111000 4
65 1010111 5
76 1111111 a match 0 1 2 3 4 5

Matching output
0 25 36 37 16 30 17 76
1 25 36 37 16 30 17 76
2 25 36 37 16 30 17 76
3 25 36 37 16 30 17 76
4 25 36 37 16 30 17 76
5 25 36 37 16 30 17 76
6 13 50 20 10
7 31

Left
25 36 47x
36 47x
37 40x
16 27x
30 41x
17 20y
76 07x
Best: OR-NOT25 36: 2

Right
31 20 17 06x
Best: OR-NOT31 20 17: 3

XOR-NOT
01 0101001 3
12 0110010 3
23 0110100 3
34 0001010 2
45 1010000 2
56 0010111 4
67 1101111 6
70 0001101 3

02 1100100 3
13 1111001 5
24 1000001 2
35 0100101 3
46 0111000 3
57 0000111 3
60 0011101 4
71 1011011 5

03 0101111 5
14 0001100 2
25 1101110 5
36 1001101 4
47 0101000 2
50 1110101 5
61 1001011 4
72 0010110 3

04 1011010 4
15 0100011 3
26 0000110 2
37 1011101 5
40 1011010 4
51 0100011 3
62 0000110 2
73 1011101 5

05 1110101 5
16 1001011 4
27 0010110 3
30 0101111 5
41 0001100 2
52 1101110 5
63 1001101 4
74 0101000 2

06 0011101 4
17 1011011 5
20 1100100 3
31 1111001 5
42 1000001 2
53 0100101 3
64 0111000 3
75 0000111 3

07 0001101 3
10 0101001 3
21 0110010 3
32 0110100 3
43 0001010 2
54 1010000 2
65 0010111 4
76 1101111 6

Matching output
0 absent
1 absent
2 absent
3 absent
4 absent
5 absent
6 absent
7 absent

Left
none
Best: none

Right
none
Best: none

Selecting

Lefts
Identity none
NOT none
Constant C1 1 1 1 1 1: 6
AND none
OR none
XOR none
AND-NOT none
OR-NOT OR-NOT25 36: 2
XOR-NOT none

Rights
Identity none
NOT none
Constant none
AND none
OR OR23 12: 2
XOR none
AND-NOT none
OR-NOT OR-NOT31 20 17: 3
XOR-NOT none

Left longest: 6
Right longest: 3

Left winner: Identity no, NOT no, Constant yes, AND no, OR no, XOR no, AND-NOT no, OR-NOT no, XOR-NOT no
Right winner: Identity no, NOT no, Constant no, AND no, OR no, XOR no, AND-NOT no, OR-NOT yes, XOR-NOT no

Best left: C1 1 1 1 1 1: 6
Best right: OR-NOT31 20 17: 3

Truncated left: C1 1 1 1 1 1: 6
Truncated right: OR-NOT31 20: 2 truncated

Tentative from right
7 OR-NOT31
6 OR-NOT20
5 pending
4 pending
3 pending
2 pending
1 pending
0 pending

Tentative
0 C1
1 C1
2 C1
3 C1
4 C1
5 C1
6 OR-NOT20
7 OR-NOT31

Preferred from left
0 C1
1 C1
2 C1
3 C1
4 C1
5 C1
6 OR-NOT20
7 OR-NOT31

Preferred from right
7 OR-NOT31
6 OR-NOT20
5 C1
4 C1
3 C1
2 C1
1 C1
0 C1

Preferred
0 C1
1 C1
2 C1
3 C1
4 C1
5 C1
6 OR-NOT20
7 OR-NOT31

Matching
0 C1
1 C1
2 C1
3 C1
4 C1
5 C1
6 OR-NOT20
7 OR-NOT31

Perfect match
Identity no
NOT no
Constant no
AND no
OR no
XOR no
AND-NOT no
OR-NOT no
XOR-NOT no

Matched
0 C1
1 C1
2 C1
3 C1
4 C1
5 C1
6 OR-NOT20
7 OR-NOT31

Selected
0 C1
1 C1
2 C1
3 C1
4 C1
5 C1
6 OR-NOT20
7 OR-NOT31

Applying to 00001100
Input
0 0
1 0
2 0
3 0
4 1
5 1
6 0
7 0
Output
0 C1 = 1
1 C1 = 1
2 C1 = 1
3 C1 = 1
4 C1 = 1
5 C1 = 1
6 OR-NOT20 = OR(0,NOT(0)) = 1
7 OR-NOT31 = OR(0,NOT(0)) = 1

I will now return the answer in \boxed{}
The answer in \boxed{–} is \boxed{11111111}
[correct]
true
