[category]
bit_manipulation
[prompt]
In Alice's Wonderland, a secret bit manipulation rule transforms 8-bit binary numbers. The transformation involves operations like bit shifts, rotations, XOR, AND, OR, NOT, and possibly majority or choice functions.

Here are some examples of input -> output:
01110101 -> 11111111
11110110 -> 11111111
01110100 -> 11111111
00001000 -> 11111111
11010011 -> 11111111
11010000 -> 11111111
10010001 -> 11111111
11010111 -> 11111111
10100000 -> 11111111
00000000 -> 11111111

Now, determine the output for: 11100111
[completion]
We need to deduce the transformation by matching the example outputs.
I will put my final answer inside \boxed{}.

Output 0: 11111111
0 1
1 1
2 1
3 1
4 1
5 1
6 1
7 1

Output 1: 11111111
0 1
1 1
2 1
3 1
4 1
5 1
6 1
7 1

Output 2: 11111111
0 1
1 1
2 1
3 1
4 1
5 1
6 1
7 1

Output 3: 11111111
0 1
1 1
2 1
3 1
4 1
5 1
6 1
7 1

Output 4: 11111111
0 1
1 1
2 1
3 1
4 1
5 1
6 1
7 1

Output 5: 11111111
0 1
1 1
2 1
3 1
4 1
5 1
6 1
7 1

Output 6: 11111111
0 1
1 1
2 1
3 1
4 1
5 1
6 1
7 1

Output 7: 11111111
0 1
1 1
2 1
3 1
4 1
5 1
6 1
7 1

Output 8: 11111111
0 1
1 1
2 1
3 1
4 1
5 1
6 1
7 1

Output 9: 11111111
0 1
1 1
2 1
3 1
4 1
5 1
6 1
7 1

Output bit columns (with bitsum as hash)
0 1111111111 a
1 1111111111 a
2 1111111111 a
3 1111111111 a
4 1111111111 a
5 1111111111 a
6 1111111111 a
7 1111111111 a

Input 0: 01110101
0 0
1 1
2 1
3 1
4 0
5 1
6 0
7 1

Input 1: 11110110
0 1
1 1
2 1
3 1
4 0
5 1
6 1
7 0

Input 2: 01110100
0 0
1 1
2 1
3 1
4 0
5 1
6 0
7 0

Input 3: 00001000
0 0
1 0
2 0
3 0
4 1
5 0
6 0
7 0

Input 4: 11010011
0 1
1 1
2 0
3 1
4 0
5 0
6 1
7 1

Input 5: 11010000
0 1
1 1
2 0
3 1
4 0
5 0
6 0
7 0

Input 6: 10010001
0 1
1 0
2 0
3 1
4 0
5 0
6 0
7 1

Input 7: 11010111
0 1
1 1
2 0
3 1
4 0
5 1
6 1
7 1

Input 8: 10100000
0 1
1 0
2 1
3 0
4 0
5 0
6 0
7 0

Input 9: 00000000
0 0
1 0
2 0
3 0
4 0
5 0
6 0
7 0

When matching output
x: not in operator
y: wrong position

Identity
0 0100111110 6
1 1110110100 6
2 1110000010 4
3 1110111100 7
4 0001000000 1
5 1110000100 4
6 0100100100 3
7 1000101100 4

Matching output
0 absent
1 absent
2 absent
3 absent
4 absent
5 absent
6 absent
7 absent

Left
none
Best: none

Right
none
Best: none

NOT
0 1011000001 4
1 0001001011 4
2 0001111101 6
3 0001000011 3
4 1110111111 9
5 0001111011 6
6 1011011011 7
7 0111010011 6

Matching output
0 absent
1 absent
2 absent
3 absent
4 absent
5 absent
6 absent
7 absent

Left
none
Best: none

Right
none
Best: none

Constant
0 0000000000 a
1 1111111111 a match 0 1 2 3 4 5 6 7

Matching output
0 C1
1 C1
2 C1
3 C1
4 C1
5 C1
6 C1
7 C1

Left
1 1 1 1 1 1 1 1
Best: C1 1 1 1 1 1 1 1: 8

Right
1 1 1 1 1 1 1 1
Best: C1 1 1 1 1 1 1 1: 8

AND
01 10 0100110100 4
12 21 1110000000 3
23 32 1110000000 3
34 43 0000000000 a
45 54 0000000000 a
56 65 0100000100 2
67 76 0000100100 2
70 07 0000101100 3

02 20 0100000010 2
13 31 1110110100 6
24 42 0000000000 a
35 53 1110000100 4
46 64 0000000000 a
57 75 1000000100 2
60 06 0100100100 3
71 17 1000100100 3

03 30 0100111100 5
14 41 0000000000 a
25 52 1110000000 3
36 63 0100100100 3
47 74 0000000000 a
50 05 0100000100 2
61 16 0100100100 3
72 27 1000000000 1

04 40 0000000000 a
15 51 1110000100 4
26 62 0100000000 1
37 73 1000101100 4

Matching output
0 absent
1 absent
2 absent
3 absent
4 absent
5 absent
6 absent
7 absent

Left
none
Best: none

Right
none
Best: none

OR
01 10 1110111110 8
12 21 1110110110 7
23 32 1110111110 8
34 43 1111111100 8
45 54 1111000100 5
56 65 1110100100 5
67 76 1100101100 5
70 07 1100111110 7

02 20 1110111110 8
13 31 1110111100 7
24 42 1111000010 5
35 53 1110111100 7
46 64 0101100100 4
57 75 1110101100 6
60 06 0100111110 6
71 17 1110111100 7

03 30 1110111110 8
14 41 1111110100 7
25 52 1110000110 5
36 63 1110111100 7
47 74 1001101100 5
50 05 1110111110 8
61 16 1110110100 6
72 27 1110101110 7

04 40 0101111110 7
15 51 1110110100 6
26 62 1110100110 6
37 73 1110111100 7

Matching output
0 absent
1 absent
2 absent
3 absent
4 absent
5 absent
6 absent
7 absent

Left
none
Best: none

Right
none
Best: none

XOR
01 10 1010001010 4
12 21 0000110110 4
23 32 0000111110 5
34 43 1111111100 8
45 54 1111000100 5
56 65 1010100000 3
67 76 1100001000 3
70 07 1100010010 4

02 20 1010111100 6
13 31 0000001000 1
24 42 1111000010 5
35 53 0000111000 3
46 64 0101100100 4
57 75 0110101000 4
60 06 0000011010 3
71 17 0110011000 4

03 30 1010000010 3
14 41 1111110100 7
25 52 0000000110 2
36 63 1010011000 4
47 74 1001101100 5
50 05 1010111010 6
61 16 1010010000 3
72 27 0110101110 6

04 40 0101111110 7
15 51 0000110000 2
26 62 1010100110 5
37 73 0110010000 3

Matching output
0 absent
1 absent
2 absent
3 absent
4 absent
5 absent
6 absent
7 absent

Left
none
Best: none

Right
none
Best: none

AND-NOT
01 0000001010 2
12 0000110100 3
23 0000000010 1
34 1110111100 7
45 0001000000 1
56 1010000000 2
67 0100000000 1
70 1000000000 1

02 0000111100 4
13 0000000000 a
24 1110000010 4
35 0000111000 3
46 0001000000 1
57 0110000000 2
60 0000000000 a
71 0000001000 1

03 0000000010 1
14 1110110100 6
25 0000000010 1
36 1010011000 4
47 0001000000 1
50 1010000000 2
61 0000000000 a
72 0000101100 3

04 0100111110 6
15 0000110000 2
26 1010000010 3
37 0110010000 3
40 0001000000 1
51 0000000000 a
62 0000100100 2
73 0000000000 a

05 0000111010 4
16 1010010000 3
27 0110000010 3
30 1010000000 2
41 0001000000 1
52 0000000100 1
63 0000000000 a
74 1000101100 4

06 0000011010 3
17 0110010000 3
20 1010000000 2
31 0000001000 1
42 0001000000 1
53 0000000000 a
64 0100100100 3
75 0000101000 2

07 0100010010 3
10 1010000000 2
21 0000000010 1
32 0000111100 4
43 0001000000 1
54 1110000100 4
65 0000100000 1
76 1000001000 2

Matching output
0 absent
1 absent
2 absent
3 absent
4 absent
5 absent
6 absent
7 absent

Left
none
Best: none

Right
none
Best: none

OR-NOT
01 0101111111 8
12 1111111101 9
23 1111000011 6
34 1110111111 9
45 0001111011 6
56 1111011111 9
67 0111110111 8
70 1011101101 7

02 0101111111 8
13 1111110111 9
24 1110111111 9
35 1111111111 a match 0 1 2 3 4 5 6 7
46 1011011011 7
57 1111010111 8
60 1111100101 7
71 1001101111 7

03 0101111111 8
14 1110111111 9
25 1111111011 9
36 1111111111 a match 0 1 2 3 4 5 6 7
47 0111010011 6
50 1111000101 6
61 0101101111 7
72 1001111101 7

04 1110111111 9
15 1111111111 a match 0 1 2 3 4 5 6 7
26 1111011011 8
37 1111111111 a match 0 1 2 3 4 5 6 7
40 1011000001 4
51 1111001111 8
62 0101111101 7
73 1001101111 7

05 0101111111 8
16 1111111111 a match 0 1 2 3 4 5 6 7
27 1111010011 7
30 1111111101 9
41 0001001011 4
52 1111111101 9
63 0101100111 6
74 1110111111 9

06 1111111111 a match 0 1 2 3 4 5 6 7
17 1111110111 9
20 1111000011 6
31 1111111111 a match 0 1 2 3 4 5 6 7
42 0001111101 6
53 1111000111 7
64 1110111111 9
75 1001111111 8

07 0111111111 9
10 1111110101 8
21 1111001011 7
32 1111111101 9
43 0001000011 3
54 1110111111 9
65 0101111111 8
76 1011111111 9

Matching output
0 35 36 15 37 16 06 31
1 35 36 15 37 16 06 31
2 35 36 15 37 16 06 31
3 35 36 15 37 16 06 31
4 35 36 15 37 16 06 31
5 35 36 15 37 16 06 31
6 35 36 15 37 16 06 31
7 35 36 15 37 16 06 31

Left
35 46x
36 47x
15 26x
37 40x
16 27x
06 17x
31 42x
Best: OR-NOT35: 1

Right
35 24x
36 25x
15 04x
37 26x
16 05x
06 75x
31 20x
Best: OR-NOT35: 1

XOR-NOT
01 0101110101 6
12 1111001001 6
23 1111000001 5
34 0000000011 2
45 0000111011 5
56 0101011111 7
67 0011110111 7
70 0011101101 6

02 0101000011 4
13 1111110111 9
24 0000111101 5
35 1111000111 7
46 1010011011 6
57 1001010111 6
60 1111100101 7
71 1001100111 6

03 0101111101 7
14 0000001011 3
25 1111111001 8
36 0101100111 6
47 0110010011 5
50 0101000101 4
61 0101101111 7
72 1001010001 4

04 1010000001 3
15 1111001111 8
26 0101011001 5
37 1001101111 7
40 1010000001 3
51 1111001111 8
62 0101011001 5
73 1001101111 7

05 0101000101 4
16 0101101111 7
27 1001010001 4
30 0101111101 7
41 0000001011 3
52 1111111001 8
63 0101100111 6
74 0110010011 5

06 1111100101 7
17 1001100111 6
20 0101000011 4
31 1111110111 9
42 0000111101 5
53 1111000111 7
64 1010011011 6
75 1001010111 6

07 0011101101 6
10 0101110101 6
21 1111001001 6
32 1111000001 5
43 0000000011 2
54 0000111011 5
65 0101011111 7
76 0011110111 7

Matching output
0 absent
1 absent
2 absent
3 absent
4 absent
5 absent
6 absent
7 absent

Left
none
Best: none

Right
none
Best: none

Selecting

Lefts
Identity none
NOT none
Constant C1 1 1 1 1 1 1 1: 8
AND none
OR none
XOR none
AND-NOT none
OR-NOT OR-NOT35: 1
XOR-NOT none

Rights
Identity none
NOT none
Constant C1 1 1 1 1 1 1 1: 8
AND none
OR none
XOR none
AND-NOT none
OR-NOT OR-NOT35: 1
XOR-NOT none

Left longest: 8
Right longest: 8

Left winner: Identity no, NOT no, Constant yes, AND no, OR no, XOR no, AND-NOT no, OR-NOT no, XOR-NOT no
Right winner: Identity no, NOT no, Constant yes, AND no, OR no, XOR no, AND-NOT no, OR-NOT no, XOR-NOT no

Best left: C1 1 1 1 1 1 1 1: 8
Best right: C1 1 1 1 1 1 1 1: 8

Truncated left: C1 1 1 1 1 1 1 1: 8
Truncated right: none truncated

Tentative from right
7 pending
6 pending
5 pending
4 pending
3 pending
2 pending
1 pending
0 pending

Tentative
0 C1
1 C1
2 C1
3 C1
4 C1
5 C1
6 C1
7 C1

Preferred from left
0 C1
1 C1
2 C1
3 C1
4 C1
5 C1
6 C1
7 C1

Preferred from right
7 C1
6 C1
5 C1
4 C1
3 C1
2 C1
1 C1
0 C1

Preferred
0 C1
1 C1
2 C1
3 C1
4 C1
5 C1
6 C1
7 C1

Matching
0 C1
1 C1
2 C1
3 C1
4 C1
5 C1
6 C1
7 C1

Perfect match
Identity no
NOT no
Constant no
AND no
OR no
XOR no
AND-NOT no
OR-NOT no
XOR-NOT no

Matched
0 C1
1 C1
2 C1
3 C1
4 C1
5 C1
6 C1
7 C1

Selected
0 C1
1 C1
2 C1
3 C1
4 C1
5 C1
6 C1
7 C1

Applying to 11100111
Input
0 1
1 1
2 1
3 0
4 0
5 1
6 1
7 1
Output
0 C1 = 1
1 C1 = 1
2 C1 = 1
3 C1 = 1
4 C1 = 1
5 C1 = 1
6 C1 = 1
7 C1 = 1

I will now return the answer in \boxed{}
The answer in \boxed{–} is \boxed{11111111}
[correct]
true
