[category]
bit_manipulation
[prompt]
In Alice's Wonderland, a secret bit manipulation rule transforms 8-bit binary numbers. The transformation involves operations like bit shifts, rotations, XOR, AND, OR, NOT, and possibly majority or choice functions.

Here are some examples of input -> output:
01011100 -> 00001011
01001010 -> 10001001
10010110 -> 10010010
11101100 -> 00011101
10110000 -> 00010110
01111101 -> 01001111
10000111 -> 11010000
11010111 -> 11011010
00001000 -> 00000001

Now, determine the output for: 11110001
[completion]
We need to deduce the transformation by matching the example outputs.
I will put my final answer inside \boxed{}.

Output 0: 00001011
0 0
1 0
2 0
3 0
4 1
5 0
6 1
7 1

Output 1: 10001001
0 1
1 0
2 0
3 0
4 1
5 0
6 0
7 1

Output 2: 10010010
0 1
1 0
2 0
3 1
4 0
5 0
6 1
7 0

Output 3: 00011101
0 0
1 0
2 0
3 1
4 1
5 1
6 0
7 1

Output 4: 00010110
0 0
1 0
2 0
3 1
4 0
5 1
6 1
7 0

Output 5: 01001111
0 0
1 1
2 0
3 0
4 1
5 1
6 1
7 1

Output 6: 11010000
0 1
1 1
2 0
3 1
4 0
5 0
6 0
7 0

Output 7: 11011010
0 1
1 1
2 0
3 1
4 1
5 0
6 1
7 0

Output 8: 00000001
0 0
1 0
2 0
3 0
4 0
5 0
6 0
7 1

Output bit columns (with bitsum as hash)
0 011000110 4
1 000001110 3
2 000000000 a
3 001110110 5
4 110101010 5
5 000111000 3
6 101011010 5
7 110101001 5

Input 0: 01011100
0 0
1 1
2 0
3 1
4 1
5 1
6 0
7 0

Input 1: 01001010
0 0
1 1
2 0
3 0
4 1
5 0
6 1
7 0

Input 2: 10010110
0 1
1 0
2 0
3 1
4 0
5 1
6 1
7 0

Input 3: 11101100
0 1
1 1
2 1
3 0
4 1
5 1
6 0
7 0

Input 4: 10110000
0 1
1 0
2 1
3 1
4 0
5 0
6 0
7 0

Input 5: 01111101
0 0
1 1
2 1
3 1
4 1
5 1
6 0
7 1

Input 6: 10000111
0 1
1 0
2 0
3 0
4 0
5 1
6 1
7 1

Input 7: 11010111
0 1
1 1
2 0
3 1
4 0
5 1
6 1
7 1

Input 8: 00001000
0 0
1 0
2 0
3 0
4 1
5 0
6 0
7 0

When matching output
x: not in operator
y: wrong position

Identity
0 001110110 5 match 3
1 110101010 5 match 4
2 000111000 3 match 5
3 101011010 5 match 6
4 110101001 5 match 7
5 101101110 6
6 011000110 4 match 0
7 000001110 3 match 1

Matching output
0 6
1 7
2 absent
3 0
4 1
5 2
6 3
7 4

Left
6 7 0y
Best: I6 7: 2

Right
4 3 2 1 0 7y
Best: I4 3 2 1 0: 5

NOT
0 110001001 4
1 001010101 4
2 111000111 6
3 010100101 4
4 001010110 4
5 010010001 3
6 100111001 5
7 111110001 6

Matching output
0 absent
1 absent
2 absent
3 absent
4 absent
5 absent
6 absent
7 absent

Left
none
Best: none

Right
none
Best: none

Constant
0 000000000 a match 2
1 111111111 a

Matching output
0 absent
1 absent
2 C0
3 absent
4 absent
5 absent
6 absent
7 absent

Left
none
Best: none

Right
none
Best: none

AND
01 10 000100010 2
12 21 000101000 2
23 32 000011000 2
34 43 100001000 2
45 54 100101000 3
56 65 001000110 3
67 76 000000110 2
70 07 000000110 2

02 20 000110000 2
13 31 100001010 3
24 42 000101000 2
35 53 101001010 4
46 64 010000000 1
57 75 000001110 3 match 1
60 06 001000110 3
71 17 000001010 2

03 30 001010010 3
14 41 110101000 4
25 52 000101000 2
36 63 001000010 2
47 74 000001000 1
50 05 001100110 4
61 16 010000010 2
72 27 000001000 1

04 40 000100000 1
15 51 100101010 4
26 62 000000000 a match 2
37 73 000001010 2

Matching output
0 absent
1 57 75
2 26 62
3 absent
4 absent
5 absent
6 absent
7 absent

Left
none
Best: none

Right
none
Best: none

OR
01 10 111111110 8
12 21 110111010 6
23 32 101111010 6
34 43 111111011 8
45 54 111101111 8
56 65 111101110 7
67 76 011001110 5
70 07 001111110 6

02 20 001111110 6
13 31 111111010 7
24 42 110111001 6
35 53 101111110 7
46 64 111101111 8
57 75 101101110 6
60 06 011110110 6
71 17 110101110 6

03 30 101111110 7
14 41 110101011 6
25 52 101111110 7
36 63 111011110 7
47 74 110101111 7
50 05 101111110 7
61 16 111101110 7
72 27 000111110 5

04 40 111111111 a
15 51 111101110 7
26 62 011111110 7
37 73 101011110 6

Matching output
0 absent
1 absent
2 absent
3 absent
4 absent
5 absent
6 absent
7 absent

Left
none
Best: none

Right
none
Best: none

XOR
01 10 111011100 6
12 21 110010010 4
23 32 101100010 4
34 43 011110011 6
45 54 011000111 5
56 65 110101000 4
67 76 011001000 3
70 07 001111000 4

02 20 001001110 4
13 31 011110000 4
24 42 110010001 4
35 53 000110100 3
46 64 101101111 7
57 75 101100000 3
60 06 010110000 3
71 17 110100100 4

03 30 100101100 4
14 41 000000011 2
25 52 101010110 5
36 63 110011100 5
47 74 110100111 6
50 05 100011000 3
61 16 101101100 5
72 27 000110110 4

04 40 111011111 8
15 51 011000100 3
26 62 011111110 7
37 73 101010100 4

Matching output
0 absent
1 absent
2 absent
3 absent
4 absent
5 absent
6 absent
7 absent

Left
none
Best: none

Right
none
Best: none

AND-NOT
01 001010100 3
12 110000010 3
23 000100000 1
34 001010010 3
45 010000001 2
56 100101000 3
67 011000000 2
70 000001000 1

02 001000110 3
13 010100000 2
24 000010000 1
35 000010000 1
46 100101001 4
57 101100000 3
60 010000000 1
71 000000100 1

03 000100100 2
14 000000010 1
25 000010000 1
36 100011000 3
47 110100001 4
50 100001000 2
61 001000100 2
72 000000110 2

04 001010110 4
15 010000000 1
26 000111000 3 match 5
37 101010000 3
40 110001001 4
51 001000100 2
62 011000110 4 match 0
73 000000100 1

05 000010000 1
16 100101000 3
27 000110000 2
30 100001000 2
41 000000001 1
52 101000110 4
63 010000100 2
74 000000110 2

06 000110000 2
17 110100000 3
20 000001000 1
31 001010000 2
42 110000001 3
53 000100100 2
64 001000110 3
75 000000000 a match 2

07 001110000 3
10 110001000 3
21 000010000 1
32 101000010 3
43 010100001 3
54 001000110 3
65 010000000 1
76 000001000 1

Matching output
0 62
1 absent
2 75
3 absent
4 absent
5 26
6 absent
7 absent

Left
62 73x
Best: AND-NOT62: 1

Right
none
Best: none

OR-NOT
01 001110111 6
12 111101111 8
23 010111101 6
34 101011110 6
45 110111001 6
56 101111111 8
67 111110111 8
70 110001111 6

02 111110111 8
13 110101111 7
24 001111110 6
35 111011011 7
46 110111001 6
57 111111111 a
60 111001111 7
71 001011111 6

03 011110111 7
14 111111110 8
25 010111001 5
36 101111011 7
47 111111001 7
50 111101111 8
61 011010111 6
72 111001111 7

04 001110110 5 match 3
15 110111011 7
26 100111001 5
37 111111011 8
40 110101001 5 match 7
51 101111111 8
62 111000111 6
73 010101111 6

05 011110111 7
16 110111011 7
27 111111001 7
30 111011011 7
41 111111101 8
52 111101111 8
63 011100111 6
74 001011110 5

06 101111111 8
17 111111011 8
20 110111001 6
31 101011111 7
42 111101111 8
53 111101111 8
64 011010110 5
75 010011111 6

07 111110111 8
10 110101011 6
21 001111101 6
32 111011111 8
43 110101101 6
54 101111110 7
65 011010111 6
76 100111111 7

Matching output
0 absent
1 absent
2 absent
3 04
4 absent
5 absent
6 absent
7 40

Left
none
Best: none

Right
40 37x
Best: OR-NOT40: 1

XOR-NOT
01 000100011 3
12 001101101 5
23 010011101 5
34 100001100 3
45 100111000 4
56 001010111 5
67 100110111 6
70 110000111 5

02 110110001 5
13 100001111 5
24 001101110 5
35 111001011 6
46 010010000 2
57 010011111 6
60 101001111 6
71 001011011 5

03 011010011 5
14 111111100 7
25 010101001 4
36 001100011 4
47 001011000 3
50 011100111 6
61 010010011 4
72 111001001 5

04 000100000 1
15 100111011 6
26 100000001 2
37 010101011 5
40 000100000 1
51 100111011 6
62 100000001 2
73 010101011 5

05 011100111 6
16 010010011 4
27 111001001 5
30 011010011 5
41 111111100 7
52 010101001 4
63 001100011 4
74 001011000 3

06 101001111 6
17 001011011 5
20 110110001 5
31 100001111 5
42 001101110 5
53 111001011 6
64 010010000 2
75 010011111 6

07 110000111 5
10 000100011 3
21 001101101 5
32 010011101 5
43 100001100 3
54 100111000 4
65 001010111 5
76 100110111 6

Matching output
0 absent
1 absent
2 absent
3 absent
4 absent
5 absent
6 absent
7 absent

Left
none
Best: none

Right
none
Best: none

Selecting

Lefts
Identity I6 7: 2
NOT none
Constant none
AND none
OR none
XOR none
AND-NOT AND-NOT62: 1
OR-NOT none
XOR-NOT none

Rights
Identity I4 3 2 1 0: 5
NOT none
Constant none
AND none
OR none
XOR none
AND-NOT none
OR-NOT OR-NOT40: 1
XOR-NOT none

Left longest: 2
Right longest: 5

Right winner: Identity yes, NOT no, Constant no, AND no, OR no, XOR no, AND-NOT no, OR-NOT no, XOR-NOT no
Left winner: Identity yes, NOT no, Constant no, AND no, OR no, XOR no, AND-NOT no, OR-NOT no, XOR-NOT no

Best right: I4 3 2 1 0: 5
Best left: I6 7: 2

Truncated right: I4 3 2 1 0: 5
Truncated left: I6 7: 2

Tentative from right
7 I4
6 I3
5 I2
4 I1
3 I0
2 pending
1 pending
0 pending

Tentative
0 I6
1 I7
2 pending
3 I0
4 I1
5 I2
6 I3
7 I4

Preferred from right
7 I4
6 I3
5 I2
4 I1
3 I0
2 ??7
1 I7
0 I6

Preferred from left
0 I6
1 I7
2 ?07
3 I0
4 I1
5 I2
6 I3
7 I4

Preferred
0 I6
1 I7
2 ?07 ?70
3 I0
4 I1
5 I2
6 I3
7 I4

Matching
0 I6
1 I7
2 ?07 ?70 - Identity absent, NOT absent, Constant C0, AND absent, OR absent, XOR absent, AND-NOT absent, OR-NOT absent, XOR-NOT absent
3 I0
4 I1
5 I2
6 I3
7 I4

Perfect match
Identity no
NOT no
Constant yes
AND no
OR no
XOR no
AND-NOT no
OR-NOT no
XOR-NOT no

Matched
0 I6
1 I7
2 C0
3 I0
4 I1
5 I2
6 I3
7 I4

Selected
0 I6
1 I7
2 C0
3 I0
4 I1
5 I2
6 I3
7 I4

Applying to 11110001
Input
0 1
1 1
2 1
3 1
4 0
5 0
6 0
7 1
Output
0 I6 = 0
1 I7 = 1
2 C0 = 0
3 I0 = 1
4 I1 = 1
5 I2 = 1
6 I3 = 1
7 I4 = 0

I will now return the answer in \boxed{}
The answer in \boxed{–} is \boxed{01011110}
[correct]
true
