[category]
bit_manipulation
[prompt]
In Alice's Wonderland, a secret bit manipulation rule transforms 8-bit binary numbers. The transformation involves operations like bit shifts, rotations, XOR, AND, OR, NOT, and possibly majority or choice functions.

Here are some examples of input -> output:
10100111 -> 00110011
01101010 -> 01110101
11100110 -> 10110011
01011100 -> 10101110
00010110 -> 11001011
10011110 -> 10001111
10110101 -> 01111010
00101101 -> 00110110
01111010 -> 01111101
00110000 -> 00011000

Now, determine the output for: 10110011
[completion]
We need to deduce the transformation by matching the example outputs.
I will put my final answer inside \boxed{}.

Output 0: 00110011
0 0
1 0
2 1
3 1
4 0
5 0
6 1
7 1

Output 1: 01110101
0 0
1 1
2 1
3 1
4 0
5 1
6 0
7 1

Output 2: 10110011
0 1
1 0
2 1
3 1
4 0
5 0
6 1
7 1

Output 3: 10101110
0 1
1 0
2 1
3 0
4 1
5 1
6 1
7 0

Output 4: 11001011
0 1
1 1
2 0
3 0
4 1
5 0
6 1
7 1

Output 5: 10001111
0 1
1 0
2 0
3 0
4 1
5 1
6 1
7 1

Output 6: 01111010
0 0
1 1
2 1
3 1
4 1
5 0
6 1
7 0

Output 7: 00110110
0 0
1 0
2 1
3 1
4 0
5 1
6 1
7 0

Output 8: 01111101
0 0
1 1
2 1
3 1
4 1
5 1
6 0
7 1

Output 9: 00011000
0 0
1 0
2 0
3 1
4 1
5 0
6 0
7 0

Output bit columns (with bitsum as hash)
0 0011110000 4
1 0100101010 4
2 1111001110 7
3 1110001111 7
4 0001111011 6
5 0101010110 5
6 1011111100 7
7 1110110010 6

Input 0: 10100111
0 1
1 0
2 1
3 0
4 0
5 1
6 1
7 1

Input 1: 01101010
0 0
1 1
2 1
3 0
4 1
5 0
6 1
7 0

Input 2: 11100110
0 1
1 1
2 1
3 0
4 0
5 1
6 1
7 0

Input 3: 01011100
0 0
1 1
2 0
3 1
4 1
5 1
6 0
7 0

Input 4: 00010110
0 0
1 0
2 0
3 1
4 0
5 1
6 1
7 0

Input 5: 10011110
0 1
1 0
2 0
3 1
4 1
5 1
6 1
7 0

Input 6: 10110101
0 1
1 0
2 1
3 1
4 0
5 1
6 0
7 1

Input 7: 00101101
0 0
1 0
2 1
3 0
4 1
5 1
6 0
7 1

Input 8: 01111010
0 0
1 1
2 1
3 1
4 1
5 0
6 1
7 0

Input 9: 00110000
0 0
1 0
2 1
3 1
4 0
5 0
6 0
7 0

When matching output
x: not in operator
y: wrong position

Identity
0 1010011000 4
1 0111000010 4
2 1110001111 7 match 3
3 0001111011 6 match 4
4 0101010110 5 match 5
5 1011111100 7 match 6
6 1110110010 6 match 7
7 1000001100 3

Matching output
0 absent
1 absent
2 absent
3 2
4 3
5 4
6 5
7 6

Left
none
Best: none

Right
6 5 4 3 2 1x
Best: I6 5 4 3 2: 5

NOT
0 0101100111 6
1 1000111101 6
2 0001110000 3
3 1110000100 4
4 1010101001 5
5 0100000011 3
6 0001001101 4
7 0111110011 7

Matching output
0 absent
1 absent
2 absent
3 absent
4 absent
5 absent
6 absent
7 absent

Left
none
Best: none

Right
none
Best: none

Constant
0 0000000000 a
1 1111111111 a

Matching output
0 absent
1 absent
2 absent
3 absent
4 absent
5 absent
6 absent
7 absent

Left
none
Best: none

Right
none
Best: none

AND
01 10 0010000000 1
12 21 0110000010 3
23 32 0000001011 3
34 43 0001010010 3
45 54 0001010100 3
56 65 1010110000 4
67 76 1000000000 1
70 07 1000001000 2

02 20 1010001000 3
13 31 0001000010 2
24 42 0100000110 3
35 53 0001111000 4
46 64 0100010010 3
57 75 1000001100 3
60 06 1010010000 3
71 17 0000000000 a

03 30 0000011000 2
14 41 0101000010 3
25 52 1010001100 4
36 63 0000110010 3
47 74 0000000100 1
50 05 1010011000 4
61 16 0110000010 3
72 27 1000001100 3

04 40 0000010000 1
15 51 0011000000 2
26 62 1110000010 4
37 73 0000001000 1

Matching output
0 absent
1 absent
2 absent
3 absent
4 absent
5 absent
6 absent
7 absent

Left
none
Best: none

Right
none
Best: none

OR
01 10 1111011010 7
12 21 1111001111 8
23 32 1111111111 a
34 43 0101111111 8
45 54 1111111110 9
56 65 1111111110 9
67 76 1110111110 8
70 07 1010011100 5

02 20 1110011111 8
13 31 0111111011 8
24 42 1111011111 9
35 53 1011111111 9
46 64 1111110110 8
57 75 1011111100 7 match 6
60 06 1110111010 7
71 17 1111001110 7 match 2

03 30 1011111011 8
14 41 0111010110 6
25 52 1111111111 a
36 63 1111111011 9
47 74 1101011110 7
50 05 1011111100 7 match 6
61 16 1111110010 7
72 27 1110001111 7 match 3

04 40 1111011110 8
15 51 1111111110 9
26 62 1110111111 9
37 73 1001111111 8

Matching output
0 absent
1 absent
2 71 17
3 72 27
4 absent
5 absent
6 57 75 50 05
7 absent

Left
none
Best: none

Right
none
Best: none

XOR
01 10 1101011010 6
12 21 1001001101 5
23 32 1111110100 7
34 43 0100101101 5
45 54 1110101010 6
56 65 0101001110 5
67 76 0110111110 7
70 07 0010010100 3

02 20 0100010111 5
13 31 0110111001 6
24 42 1011011001 6
35 53 1010000111 5
46 64 1011100100 5
57 75 0011110000 4 match 0
60 06 0100101010 4 match 1
71 17 1111001110 7 match 2

03 30 1011100011 6
14 41 0010010100 3
25 52 0101110011 6
36 63 1111001001 6
47 74 1101011010 6
50 05 0001100100 3
61 16 1001110000 4
72 27 0110000011 4

04 40 1111001110 7 match 2
15 51 1100111110 7
26 62 0000111101 5
37 73 1001110111 7

Matching output
0 57 75
1 60 06
2 71 17 04 40
3 absent
4 absent
5 absent
6 absent
7 absent

Left
57 60 71 02x
75 06 17 20x
Best: XOR57 60 71: 3

Right
none
Best: none

AND-NOT
01 1000011000 3
12 0001000000 1
23 1110000100 4
34 0000101001 3
45 0100000010 2
56 0001001100 3
67 0110110010 5
70 0000000100 1

02 0000010000 1
13 0110000000 2
24 1010001001 4
35 0000000011 2
46 0001000100 2
57 0011110000 4 match 0
60 0100100010 3
71 1000001100 3

03 1010000000 2
14 0010000000 1
25 0100000011 3
36 0001001001 3
47 0101010010 4
50 0001100100 3
61 1000110000 3
72 0000000000 a

04 1010001000 3
15 0100000010 2
26 0000001101 3
37 0001110011 5
40 0101000110 4
51 1000111100 5
62 0000110000 2
73 1000000100 2

05 0000000000 a
16 0001000000 1
27 0110000011 4
30 0001100011 4
41 0000010100 2
52 0001110000 3
63 1110000000 3
74 1000001000 2

06 0000001000 1
17 0111000010 4
20 0100000111 4
31 0000111001 4
42 0001010000 2
53 1010000100 3
64 1010100000 3
75 0000000000 a

07 0010010000 2
10 0101000010 3
21 1000001101 4
32 0001110000 3
43 0100000100 2
54 1010101000 4
65 0100000010 2
76 0000001100 2

Matching output
0 57
1 absent
2 absent
3 absent
4 absent
5 absent
6 absent
7 absent

Left
57 60x
Best: AND-NOT57: 1

Right
none
Best: none

OR-NOT
01 1010111101 7
12 0111110010 6
23 1110001111 7 match 3
34 1011111011 8
45 0101010111 6
56 1011111101 8
67 1111110011 8
70 1101101111 8

02 1011111000 6
13 1111000110 6
24 1110101111 8
35 0101111011 7
46 0101011111 7
57 1111111111 a
60 1111110111 9
71 1000111101 6

03 1110011100 6
14 1111101011 8
25 1110001111 7 match 3
36 0001111111 7
47 0111110111 8
50 1111111111 a
61 1110111111 9
72 1001111100 6

04 1010111001 6
15 0111000011 5
26 1111001111 8
37 0111111011 8
40 0101110111 7
51 1011111101 8
62 1111110010 7
73 1110001100 5

05 1110011011 7
16 0111001111 7
27 1111111111 a
30 0101111111 8
41 1101111111 9
52 1011111100 7 match 6
63 1110110110 7
74 1010101101 6

06 1011011101 7
17 0111110011 7
20 1111101111 9
31 1001111111 8
42 0101110110 6
53 1111111100 8
64 1110111011 8
75 1100001111 6

07 1111111011 9
10 0111100111 7
21 1110111111 9
32 0001111011 6 match 4
43 1111010110 7
54 1011111101 8
65 1110110011 7
76 1001001101 5

Matching output
0 absent
1 absent
2 absent
3 23 25
4 32
5 absent
6 52
7 absent

Left
none
Best: none

Right
none
Best: none

XOR-NOT
01 0010100101 4
12 0110110010 5
23 0000001011 3
34 1011010010 5
45 0001010101 4
56 1010110001 5
67 1001000001 3
70 1101101011 7

02 1011101000 5
13 1001000110 4
24 0100100110 4
35 0101111000 5
46 0100011011 5
57 1100001111 6
60 1011010101 6
71 0000110001 3

03 0100011100 4
14 1101101011 7
25 1010001100 4
36 0000110110 4
47 0010100101 4
50 1110011011 7
61 0110001111 6
72 1001111100 6

04 0000110001 3
15 0011000001 3
26 1111000010 5
37 0110001000 3
40 0000110001 3
51 0011000001 3
62 1111000010 5
73 0110001000 3

05 1110011011 7
16 0110001111 6
27 1001111100 6
30 0100011100 4
41 1101101011 7
52 1010001100 4
63 0000110110 4
74 0010100101 4

06 1011010101 6
17 0000110001 3
20 1011101000 5
31 1001000110 4
42 0100100110 4
53 0101111000 5
64 0100011011 5
75 1100001111 6

07 1101101011 7
10 0010100101 4
21 0110110010 5
32 0000001011 3
43 1011010010 5
54 0001010101 4
65 1010110001 5
76 1001000001 3

Matching output
0 absent
1 absent
2 absent
3 absent
4 absent
5 absent
6 absent
7 absent

Left
none
Best: none

Right
none
Best: none

Selecting

Lefts
Identity none
NOT none
Constant none
AND none
OR none
XOR XOR57 60 71: 3
AND-NOT AND-NOT57: 1
OR-NOT none
XOR-NOT none

Rights
Identity I6 5 4 3 2: 5
NOT none
Constant none
AND none
OR none
XOR none
AND-NOT none
OR-NOT none
XOR-NOT none

Left longest: 3
Right longest: 5

Right winner: Identity yes, NOT no, Constant no, AND no, OR no, XOR no, AND-NOT no, OR-NOT no, XOR-NOT no
Left winner: Identity no, NOT no, Constant no, AND no, OR no, XOR yes, AND-NOT no, OR-NOT no, XOR-NOT no

Best right: I6 5 4 3 2: 5
Best left: XOR57 60 71: 3

Truncated right: I6 5 4 3 2: 5
Truncated left: XOR57 60 71: 3

Tentative from right
7 I6
6 I5
5 I4
4 I3
3 I2
2 pending
1 pending
0 pending

Tentative
0 XOR57
1 XOR60
2 XOR71
3 I2
4 I3
5 I4
6 I5
7 I6

Preferred from right
7 I6
6 I5
5 I4
4 I3
3 I2
2 XOR71
1 XOR60
0 XOR57

Preferred from left
0 XOR57
1 XOR60
2 XOR71
3 I2
4 I3
5 I4
6 I5
7 I6

Preferred
0 XOR57
1 XOR60
2 XOR71
3 I2
4 I3
5 I4
6 I5
7 I6

Matching
0 XOR57
1 XOR60
2 XOR71
3 I2
4 I3
5 I4
6 I5
7 I6

Perfect match
Identity no
NOT no
Constant no
AND no
OR no
XOR no
AND-NOT no
OR-NOT no
XOR-NOT no

Matched
0 XOR57
1 XOR60
2 XOR71
3 I2
4 I3
5 I4
6 I5
7 I6

Selected
0 XOR57
1 XOR60
2 XOR71
3 I2
4 I3
5 I4
6 I5
7 I6

Applying to 10110011
Input
0 1
1 0
2 1
3 1
4 0
5 0
6 1
7 1
Output
0 XOR57 = XOR(0,1) = 1
1 XOR60 = XOR(1,1) = 0
2 XOR71 = XOR(1,0) = 1
3 I2 = 1
4 I3 = 1
5 I4 = 0
6 I5 = 0
7 I6 = 1

I will now return the answer in \boxed{}
The answer in \boxed{–} is \boxed{10111001}
[correct]
true
