[category]
bit_manipulation
[prompt]
In Alice's Wonderland, a secret bit manipulation rule transforms 8-bit binary numbers. The transformation involves operations like bit shifts, rotations, XOR, AND, OR, NOT, and possibly majority or choice functions.

Here are some examples of input -> output:
10101001 -> 10000000
00110010 -> 00000000
00010110 -> 00000000
01001001 -> 10000000
11100111 -> 00000000
00100010 -> 00000000
01011100 -> 00000000

Now, determine the output for: 10110110
[completion]
We need to deduce the transformation by matching the example outputs.
I will put my final answer inside \boxed{}.

Output 0: 10000000
0 1
1 0
2 0
3 0
4 0
5 0
6 0
7 0

Output 1: 00000000
0 0
1 0
2 0
3 0
4 0
5 0
6 0
7 0

Output 2: 00000000
0 0
1 0
2 0
3 0
4 0
5 0
6 0
7 0

Output 3: 10000000
0 1
1 0
2 0
3 0
4 0
5 0
6 0
7 0

Output 4: 00000000
0 0
1 0
2 0
3 0
4 0
5 0
6 0
7 0

Output 5: 00000000
0 0
1 0
2 0
3 0
4 0
5 0
6 0
7 0

Output 6: 00000000
0 0
1 0
2 0
3 0
4 0
5 0
6 0
7 0

Output bit columns (with bitsum as hash)
0 1001000 2
1 0000000 a
2 0000000 a
3 0000000 a
4 0000000 a
5 0000000 a
6 0000000 a
7 0000000 a

Input 0: 10101001
0 1
1 0
2 1
3 0
4 1
5 0
6 0
7 1

Input 1: 00110010
0 0
1 0
2 1
3 1
4 0
5 0
6 1
7 0

Input 2: 00010110
0 0
1 0
2 0
3 1
4 0
5 1
6 1
7 0

Input 3: 01001001
0 0
1 1
2 0
3 0
4 1
5 0
6 0
7 1

Input 4: 11100111
0 1
1 1
2 1
3 0
4 0
5 1
6 1
7 1

Input 5: 00100010
0 0
1 0
2 1
3 0
4 0
5 0
6 1
7 0

Input 6: 01011100
0 0
1 1
2 0
3 1
4 1
5 1
6 0
7 0

When matching output
x: not in operator
y: wrong position

Identity
0 1000100 2
1 0001101 3
2 1100110 4
3 0110001 3
4 1001001 3
5 0010101 3
6 0110110 4
7 1001100 3

Matching output
0 absent
1 absent
2 absent
3 absent
4 absent
5 absent
6 absent
7 absent

Left
none
Best: none

Right
none
Best: none

NOT
0 0111011 5
1 1110010 4
2 0011001 3
3 1001110 4
4 0110110 4
5 1101010 4
6 1001001 3
7 0110011 4

Matching output
0 absent
1 absent
2 absent
3 absent
4 absent
5 absent
6 absent
7 absent

Left
none
Best: none

Right
none
Best: none

Constant
0 0000000 a match 1 2 3 4 5 6 7
1 1111111 a

Matching output
0 absent
1 C0
2 C0
3 C0
4 C0
5 C0
6 C0
7 C0

Left
none
Best: none

Right
0 0 0 0 0 0 0
Best: C0 0 0 0 0 0 0: 7

AND
01 10 0000100 1
12 21 0000100 1
23 32 0100000 1
34 43 0000001 1
45 54 0000001 1
56 65 0010100 2
67 76 0000100 1
70 07 1000100 2

02 20 1000100 2
13 31 0000001 1
24 42 1000000 1
35 53 0010001 2
46 64 0000000 a match 1 2 3 4 5 6 7
57 75 0000100 1
60 06 0000100 1
71 17 0001100 2

03 30 0000000 a match 1 2 3 4 5 6 7
14 41 0001001 2
25 52 0000100 1
36 63 0110000 2
47 74 1001000 2 match 0
50 05 0000100 1
61 16 0000100 1
72 27 1000100 2

04 40 1000000 1
15 51 0000101 2
26 62 0100110 3
37 73 0000000 a match 1 2 3 4 5 6 7

Matching output
0 47 74
1 46 64 03 30 37 73
2 46 64 03 30 37 73
3 46 64 03 30 37 73
4 46 64 03 30 37 73
5 46 64 03 30 37 73
6 46 64 03 30 37 73
7 46 64 03 30 37 73

Left
47 50x
74 05x
Best: AND47: 1

Right
46 35x
64 53x
03 72x
30 27x
37 26x
73 62x
Best: AND46: 1

OR
01 10 1001101 4
12 21 1101111 6
23 32 1110111 6
34 43 1111001 5
45 54 1011101 5
56 65 0110111 5
67 76 1111110 6
70 07 1001100 3

02 20 1100110 4
13 31 0111101 5
24 42 1101111 6
35 53 0110101 4
46 64 1111111 a
57 75 1011101 5
60 06 1110110 5
71 17 1001101 4

03 30 1110101 5
14 41 1001101 4
25 52 1110111 6
36 63 0110111 5
47 74 1001101 4
50 05 1010101 4
61 16 0111111 6
72 27 1101110 5

04 40 1001101 4
15 51 0011101 4
26 62 1110110 5
37 73 1111101 6

Matching output
0 absent
1 absent
2 absent
3 absent
4 absent
5 absent
6 absent
7 absent

Left
none
Best: none

Right
none
Best: none

XOR
01 10 1001001 3
12 21 1101011 5
23 32 1010111 5
34 43 1111000 4
45 54 1011100 4
56 65 0100011 3
67 76 1111010 5
70 07 0001000 1

02 20 0100010 2
13 31 0111100 4
24 42 0101111 5
35 53 0100100 2
46 64 1111111 a
57 75 1011001 4
60 06 1110010 4
71 17 1000001 2

03 30 1110101 5
14 41 1000100 2
25 52 1110011 5
36 63 0000111 3
47 74 0000101 2
50 05 1010001 3
61 16 0111011 5
72 27 0101010 3

04 40 0001101 3
15 51 0011000 2
26 62 1010000 2
37 73 1111101 6

Matching output
0 absent
1 absent
2 absent
3 absent
4 absent
5 absent
6 absent
7 absent

Left
none
Best: none

Right
none
Best: none

AND-NOT
01 1000000 1
12 0001001 2
23 1000110 3
34 0110000 2
45 1001000 2 match 0
56 0000001 1
67 0110010 3
70 0001000 1

02 0000000 a match 1 2 3 4 5 6 7
13 0001100 2
24 0100110 3
35 0100000 1
46 1001001 3
57 0010001 2
60 0110010 3
71 1000000 1

03 1000100 2
14 0000100 1
25 1100010 3
36 0000001 1
47 0000001 1
50 0010001 2
61 0110010 3
72 0001000 1

04 0000100 1
15 0001000 1
26 1000000 1
37 0110001 3
40 0001001 2
51 0010000 1
62 0010000 1
73 1001100 3

05 1000000 1
16 0001001 2
27 0100010 2
30 0110001 3
41 1000000 1
52 0010001 2
63 0000110 2
74 0000100 1

06 1000000 1
17 0000001 1
20 0100010 2
31 0110000 2
42 0001001 2
53 0000100 1
64 0110110 4
75 1001000 2 match 0

07 0000000 a match 1 2 3 4 5 6 7
10 0001001 2
21 1100010 3
32 0010001 2
43 1001000 2 match 0
54 0010100 2
65 0100010 2
76 1001000 2 match 0

Matching output
0 45 75 43 76
1 02 07
2 02 07
3 02 07
4 02 07
5 02 07
6 02 07
7 02 07

Left
45 56x
75 06x
43 54x
76 07 10x
Best: AND-NOT76 07: 2

Right
02 71x
07 76y
Best: AND-NOT02: 1

OR-NOT
01 1110110 5
12 0011101 4
23 1101110 5
34 0110111 5
45 1101011 5
56 1011101 5
67 0110111 5
70 1111111 a

02 1011101 5
13 1001111 5
24 1110110 5
35 1111011 6
46 1001001 3
57 0110111 5
60 0111111 6
71 1111110 6

03 1001110 4
14 0111111 6
25 1101110 5
36 1111001 5
47 1111011 6
50 0111111 6
61 1110110 5
72 1011101 5

04 1110110 5
15 1101111 6
26 1101111 6
37 0110011 4
40 1111011 6
51 1110111 6
62 0111111 6
73 1001110 4

05 1101110 5
16 1001101 4
27 1110111 6
30 0111011 5
41 1111011 6
52 0011101 4
63 1111110 6
74 1111110 6

06 1001101 4
17 0111111 6
20 1111111 a
31 1110011 5
42 1011001 4
53 1011111 6
64 0110110 4
75 1101110 5

07 1110111 6
10 0111111 6
21 1110110 5
32 0111001 4
43 1001111 5
54 0110111 5
65 1111110 6
76 1001101 4

Matching output
0 absent
1 absent
2 absent
3 absent
4 absent
5 absent
6 absent
7 absent

Left
none
Best: none

Right
none
Best: none

XOR-NOT
01 0110110 4
12 0010100 2
23 0101000 2
34 0000111 3
45 0100011 3
56 1011100 4
67 0000101 2
70 1110111 6

02 1011101 5
13 1000011 3
24 1010000 2
35 1011011 5
46 0000000 a match 1 2 3 4 5 6 7
57 0100110 3
60 0001101 3
71 0111110 5

03 0001010 2
14 0111011 5
25 0001100 2
36 1111000 4
47 1111010 5
50 0101110 4
61 1000100 2
72 1010101 4

04 1110010 4
15 1100111 5
26 0101111 5
37 0000010 1
40 1110010 4
51 1100111 5
62 0101111 5
73 0000010 1

05 0101110 4
16 1000100 2
27 1010101 4
30 0001010 2
41 0111011 5
52 0001100 2
63 1111000 4
74 1111010 5

06 0001101 3
17 0111110 5
20 1011101 5
31 1000011 3
42 1010000 2
53 1011011 5
64 0000000 a match 1 2 3 4 5 6 7
75 0100110 3

07 1110111 6
10 0110110 4
21 0010100 2
32 0101000 2
43 0000111 3
54 0100011 3
65 1011100 4
76 0000101 2

Matching output
0 absent
1 46 64
2 46 64
3 46 64
4 46 64
5 46 64
6 46 64
7 46 64

Left
none
Best: none

Right
46 35x
64 53x
Best: XOR-NOT46: 1

Selecting

Lefts
Identity none
NOT none
Constant none
AND AND47: 1
OR none
XOR none
AND-NOT AND-NOT76 07: 2
OR-NOT none
XOR-NOT none

Rights
Identity none
NOT none
Constant C0 0 0 0 0 0 0: 7
AND AND46: 1
OR none
XOR none
AND-NOT AND-NOT02: 1
OR-NOT none
XOR-NOT XOR-NOT46: 1

Left longest: 2
Right longest: 7

Right winner: Identity no, NOT no, Constant yes, AND no, OR no, XOR no, AND-NOT no, OR-NOT no, XOR-NOT no
Left winner: Identity no, NOT no, Constant no, AND no, OR no, XOR no, AND-NOT yes, OR-NOT no, XOR-NOT no

Best right: C0 0 0 0 0 0 0: 7
Best left: AND-NOT76 07: 2

Truncated right: C0 0 0 0 0 0 0: 7
Truncated left: AND-NOT76: 1 truncated

Tentative from right
7 C0
6 C0
5 C0
4 C0
3 C0
2 C0
1 C0
0 pending

Tentative
0 AND-NOT76
1 C0
2 C0
3 C0
4 C0
5 C0
6 C0
7 C0

Preferred from right
7 C0
6 C0
5 C0
4 C0
3 C0
2 C0
1 C0
0 AND-NOT76

Preferred from left
0 AND-NOT76
1 C0
2 C0
3 C0
4 C0
5 C0
6 C0
7 C0

Preferred
0 AND-NOT76
1 C0
2 C0
3 C0
4 C0
5 C0
6 C0
7 C0

Matching
0 AND-NOT76
1 C0
2 C0
3 C0
4 C0
5 C0
6 C0
7 C0

Perfect match
Identity no
NOT no
Constant no
AND no
OR no
XOR no
AND-NOT no
OR-NOT no
XOR-NOT no

Matched
0 AND-NOT76
1 C0
2 C0
3 C0
4 C0
5 C0
6 C0
7 C0

Selected
0 AND-NOT76
1 C0
2 C0
3 C0
4 C0
5 C0
6 C0
7 C0

Applying to 10110110
Input
0 1
1 0
2 1
3 1
4 0
5 1
6 1
7 0
Output
0 AND-NOT76 = AND(0,NOT(1)) = 0
1 C0 = 0
2 C0 = 0
3 C0 = 0
4 C0 = 0
5 C0 = 0
6 C0 = 0
7 C0 = 0

I will now return the answer in \boxed{}
The answer in \boxed{–} is \boxed{00000000}
[correct]
true
