[category]
bit_manipulation
[prompt]
In Alice's Wonderland, a secret bit manipulation rule transforms 8-bit binary numbers. The transformation involves operations like bit shifts, rotations, XOR, AND, OR, NOT, and possibly majority or choice functions.

Here are some examples of input -> output:
00000000 -> 00000000
10010111 -> 01111111
10011010 -> 01111101
10010110 -> 01111101
11001100 -> 10111001
01100010 -> 11001100
01111011 -> 11111110
00000101 -> 00011110
10100110 -> 11011101
00001101 -> 00111110

Now, determine the output for: 11101100
[completion]
We need to deduce the transformation by matching the example outputs.
I will put my final answer inside \boxed{}.

Output 0: 00000000
0 0
1 0
2 0
3 0
4 0
5 0
6 0
7 0

Output 1: 01111111
0 0
1 1
2 1
3 1
4 1
5 1
6 1
7 1

Output 2: 01111101
0 0
1 1
2 1
3 1
4 1
5 1
6 0
7 1

Output 3: 01111101
0 0
1 1
2 1
3 1
4 1
5 1
6 0
7 1

Output 4: 10111001
0 1
1 0
2 1
3 1
4 1
5 0
6 0
7 1

Output 5: 11001100
0 1
1 1
2 0
3 0
4 1
5 1
6 0
7 0

Output 6: 11111110
0 1
1 1
2 1
3 1
4 1
5 1
6 1
7 0

Output 7: 00011110
0 0
1 0
2 0
3 1
4 1
5 1
6 1
7 0

Output 8: 11011101
0 1
1 1
2 0
3 1
4 1
5 1
6 0
7 1

Output 9: 00111110
0 0
1 0
2 1
3 1
4 1
5 1
6 1
7 0

Output bit columns (with bitsum as hash)
0 0000111010 4
1 0111011010 6
2 0111101001 6
3 0111101111 8
4 0111111111 9
5 0111011111 8
6 0100001101 4
7 0111100010 5

Input 0: 00000000
0 0
1 0
2 0
3 0
4 0
5 0
6 0
7 0

Input 1: 10010111
0 1
1 0
2 0
3 1
4 0
5 1
6 1
7 1

Input 2: 10011010
0 1
1 0
2 0
3 1
4 1
5 0
6 1
7 0

Input 3: 10010110
0 1
1 0
2 0
3 1
4 0
5 1
6 1
7 0

Input 4: 11001100
0 1
1 1
2 0
3 0
4 1
5 1
6 0
7 0

Input 5: 01100010
0 0
1 1
2 1
3 0
4 0
5 0
6 1
7 0

Input 6: 01111011
0 0
1 1
2 1
3 1
4 1
5 0
6 1
7 1

Input 7: 00000101
0 0
1 0
2 0
3 0
4 0
5 1
6 0
7 1

Input 8: 10100110
0 1
1 0
2 1
3 0
4 0
5 1
6 1
7 0

Input 9: 00001101
0 0
1 0
2 0
3 0
4 1
5 1
6 0
7 1

When matching output
x: not in operator
y: wrong position

Identity
0 0111100010 5 match 7
1 0000111000 3
2 0000011010 3
3 0111001000 4
4 0010101001 4
5 0101100111 6
6 0111011010 6 match 1
7 0100001101 4 match 6

Matching output
0 absent
1 6
2 absent
3 absent
4 absent
5 absent
6 7
7 0

Left
none
Best: none

Right
0 7 6y
Best: I0 7: 2

NOT
0 1000011101 5
1 1111000111 7
2 1111100101 7
3 1000110111 6
4 1101010110 6
5 1010011000 4
6 1000100101 4
7 1011110010 6

Matching output
0 absent
1 absent
2 absent
3 absent
4 absent
5 absent
6 absent
7 absent

Left
none
Best: none

Right
none
Best: none

Constant
0 0000000000 a
1 1111111111 a

Matching output
0 absent
1 absent
2 absent
3 absent
4 absent
5 absent
6 absent
7 absent

Left
none
Best: none

Right
none
Best: none

AND
01 10 0000100000 1
12 21 0000011000 2
23 32 0000001000 1
34 43 0010001000 2
45 54 0000100001 2
56 65 0101000010 3
67 76 0100001000 2
70 07 0100000000 1

02 20 0000000010 1
13 31 0000001000 1
24 42 0000001000 1
35 53 0101000000 2
46 64 0010001000 2
57 75 0100000101 3
60 06 0111000010 4
71 17 0000001000 1

03 30 0111000000 3
14 41 0000101000 2
25 52 0000000010 1
36 63 0111001000 4
47 74 0000001001 2
50 05 0101100010 4
61 16 0000011000 2
72 27 0000001000 1

04 40 0010100000 2
15 51 0000100000 1
26 62 0000011010 3
37 73 0100001000 2

Matching output
0 absent
1 absent
2 absent
3 absent
4 absent
5 absent
6 absent
7 absent

Left
none
Best: none

Right
none
Best: none

OR
01 10 0111111010 7
12 21 0000111010 4 match 0
23 32 0111011010 6 match 1
34 43 0111101001 6 match 2
45 54 0111101111 8 match 3
56 65 0111111111 9 match 4
67 76 0111011111 8 match 5
70 07 0111101111 8 match 3

02 20 0111111010 7
13 31 0111111000 6
24 42 0010111011 6
35 53 0111101111 8 match 3
46 64 0111111011 8
57 75 0101101111 7
60 06 0111111010 7
71 17 0100111101 6

03 30 0111101010 6
14 41 0010111001 5
25 52 0101111111 8
36 63 0111011010 6 match 1
47 74 0110101101 6
50 05 0111100111 7
61 16 0111111010 7
72 27 0100011111 6

04 40 0111101011 7
15 51 0101111111 8
26 62 0111011010 6 match 1
37 73 0111001101 6

Matching output
0 12 21
1 23 32 36 63 26 62
2 34 43
3 45 54 70 07 35 53
4 56 65
5 67 76
6 absent
7 absent

Left
12 23 34 45 56 67 70y
21 32 43 54 65 76 07y
Best: OR12 23 34 45 56 67: 6

Right
none
Best: none

XOR
01 10 0111011010 6 match 1
12 21 0000100010 2
23 32 0111010010 5
34 43 0101100001 4
45 54 0111001110 6
56 65 0010111101 6
67 76 0011010111 6
70 07 0011101111 7

02 20 0111111000 6
13 31 0111110000 5
24 42 0010110011 5
35 53 0010101111 6
46 64 0101110011 6
57 75 0001101010 4
60 06 0000111000 3
71 17 0100110101 5

03 30 0000101010 3
14 41 0010010001 3
25 52 0101111101 7
36 63 0000010010 2
47 74 0110100100 4
50 05 0010000101 3
61 16 0111100010 5 match 7
72 27 0100010111 5

04 40 0101001011 5
15 51 0101011111 7
26 62 0111000000 3
37 73 0011000101 4

Matching output
0 absent
1 01 10
2 absent
3 absent
4 absent
5 absent
6 absent
7 61 16

Left
none
Best: none

Right
61 50x
16 05x
Best: XOR61: 1

AND-NOT
01 0111000010 4
12 0000100000 1
23 0000010010 2
34 0101000000 2
45 0010001000 2
56 0000100101 3
67 0011010010 4
70 0000001101 3

02 0111100000 4
13 0000110000 2
24 0000010010 2
35 0010001000 2
46 0000100001 2
57 0001100010 3
60 0000011000 2
71 0100000101 3

03 0000100010 2
14 0000010000 1
25 0000011000 2
36 0000000000 a
47 0010100000 2
50 0000000101 2
61 0111000010 4
72 0100000101 3

04 0101000010 3
15 0000011000 2
26 0000000000 a
37 0011000000 2
40 0000001001 2
51 0101000111 5
62 0111000000 3
73 0000000101 2

05 0010000000 1
16 0000100000 1
27 0000010010 2
30 0000001000 1
41 0010000001 2
52 0101100101 5
63 0000010010 2
74 0100000100 2

06 0000100000 1
17 0000110000 2
20 0000011000 2
31 0111000000 3
42 0010100001 3
53 0000100111 4
64 0101010010 4
75 0000001000 1

07 0011100010 4
10 0000011000 2
21 0000000010 1
32 0111000000 3
43 0000100001 2
54 0101000110 4
65 0010011000 3
76 0000000101 2

Matching output
0 absent
1 absent
2 absent
3 absent
4 absent
5 absent
6 absent
7 absent

Left
none
Best: none

Right
none
Best: none

OR-NOT
01 1111100111 8
12 1111111101 9
23 1000111111 7
34 1111011110 8
45 1010111001 6
56 1101100111 7
67 1111111010 8
70 1100011101 6

02 1111100111 8
13 1000111111 7
24 1101011110 7
35 1111011000 6
46 1010101101 6
57 1111110111 9
60 1111011111 9
71 1111001111 8

03 1111110111 9
14 1101111110 8
25 1010011010 5
36 1111101101 8
47 1011111011 8
50 1101111111 9
61 1111011111 9
72 1111101101 8

04 1111110110 8
15 1010111000 5
26 1000111111 7
37 1111111010 8
40 1010111101 7
51 1111100111 8
62 1111111111 a
73 1100111111 8

05 1111111010 8
16 1000111101 6
27 1011111010 7
30 1111011101 8
41 1111101111 9
52 1111100111 8
63 1111111111 a
74 1101011111 8

06 1111100111 8
17 1011111010 7
20 1000011111 6
31 1111001111 8
42 1111101101 8
53 1101110111 8
64 1111011110 8
75 1110011101 7

07 1111110010 7
10 1000111101 6
21 1111011111 9
32 1111101101 8
43 1010111111 8
54 1101110111 8
65 1111011010 7
76 1100101101 6

Matching output
0 absent
1 absent
2 absent
3 absent
4 absent
5 absent
6 absent
7 absent

Left
none
Best: none

Right
none
Best: none

XOR-NOT
01 1000100101 4
12 1111011101 8
23 1000101101 5
34 1010011110 6
45 1000110001 4
56 1101000010 4
67 1100101000 4
70 1100010000 3

02 1000000111 4
13 1000001111 5
24 1101001100 5
35 1101010000 4
46 1010001100 4
57 1110010101 6
60 1111000111 7
71 1011001010 5

03 1111010101 7
14 1101101110 7
25 1010000010 3
36 1111101101 8
47 1001011011 6
50 1101111010 7
61 1000011101 5
72 1011101000 5

04 1010110100 5
15 1010100000 3
26 1000111111 7
37 1100111010 6
40 1010110100 5
51 1010100000 3
62 1000111111 7
73 1100111010 6

05 1101111010 7
16 1000011101 5
27 1011101000 5
30 1111010101 7
41 1101101110 7
52 1010000010 3
63 1111101101 8
74 1001011011 6

06 1111000111 7
17 1011001010 5
20 1000000111 4
31 1000001111 5
42 1101001100 5
53 1101010000 4
64 1010001100 4
75 1110010101 6

07 1100010000 3
10 1000100101 4
21 1111011101 8
32 1000101101 5
43 1010011110 6
54 1000110001 4
65 1101000010 4
76 1100101000 4

Matching output
0 absent
1 absent
2 absent
3 absent
4 absent
5 absent
6 absent
7 absent

Left
none
Best: none

Right
none
Best: none

Selecting

Lefts
Identity none
NOT none
Constant none
AND none
OR OR12 23 34 45 56 67: 6
XOR none
AND-NOT none
OR-NOT none
XOR-NOT none

Rights
Identity I0 7: 2
NOT none
Constant none
AND none
OR none
XOR XOR61: 1
AND-NOT none
OR-NOT none
XOR-NOT none

Left longest: 6
Right longest: 2

Left winner: Identity no, NOT no, Constant no, AND no, OR yes, XOR no, AND-NOT no, OR-NOT no, XOR-NOT no
Right winner: Identity yes, NOT no, Constant no, AND no, OR no, XOR no, AND-NOT no, OR-NOT no, XOR-NOT no

Best left: OR12 23 34 45 56 67: 6
Best right: I0 7: 2

Truncated left: OR12 23 34 45 56 67: 6
Truncated right: I0 7: 2

Tentative from right
7 I0
6 I7
5 pending
4 pending
3 pending
2 pending
1 pending
0 pending

Tentative
0 OR12
1 OR23
2 OR34
3 OR45
4 OR56
5 OR67
6 I7
7 I0

Preferred from left
0 OR12
1 OR23
2 OR34
3 OR45
4 OR56
5 OR67
6 I7
7 I0

Preferred from right
7 I0
6 I7
5 OR67
4 OR56
3 OR45
2 OR34
1 OR23
0 OR12

Preferred
0 OR12
1 OR23
2 OR34
3 OR45
4 OR56
5 OR67
6 I7
7 I0

Matching
0 OR12
1 OR23
2 OR34
3 OR45
4 OR56
5 OR67
6 I7
7 I0

Perfect match
Identity no
NOT no
Constant no
AND no
OR no
XOR no
AND-NOT no
OR-NOT no
XOR-NOT no

Matched
0 OR12
1 OR23
2 OR34
3 OR45
4 OR56
5 OR67
6 I7
7 I0

Selected
0 OR12
1 OR23
2 OR34
3 OR45
4 OR56
5 OR67
6 I7
7 I0

Applying to 11101100
Input
0 1
1 1
2 1
3 0
4 1
5 1
6 0
7 0
Output
0 OR12 = OR(1,1) = 1
1 OR23 = OR(1,0) = 1
2 OR34 = OR(0,1) = 1
3 OR45 = OR(1,1) = 1
4 OR56 = OR(1,0) = 1
5 OR67 = OR(0,0) = 0
6 I7 = 0
7 I0 = 1

I will now return the answer in \boxed{}
The answer in \boxed{–} is \boxed{11111001}
[correct]
true
