[category]
bit_manipulation
[prompt]
In Alice's Wonderland, a secret bit manipulation rule transforms 8-bit binary numbers. The transformation involves operations like bit shifts, rotations, XOR, AND, OR, NOT, and possibly majority or choice functions.

Here are some examples of input -> output:
00111101 -> 01001111
01100010 -> 10011000
00110110 -> 10001101
10000000 -> 00100000
11111100 -> 00111111
11000011 -> 11110000
01101101 -> 01011011

Now, determine the output for: 01011111
[completion]
We need to deduce the transformation by matching the example outputs.
I will put my final answer inside \boxed{}.

Output 0: 01001111
0 0
1 1
2 0
3 0
4 1
5 1
6 1
7 1

Output 1: 10011000
0 1
1 0
2 0
3 1
4 1
5 0
6 0
7 0

Output 2: 10001101
0 1
1 0
2 0
3 0
4 1
5 1
6 0
7 1

Output 3: 00100000
0 0
1 0
2 1
3 0
4 0
5 0
6 0
7 0

Output 4: 00111111
0 0
1 0
2 1
3 1
4 1
5 1
6 1
7 1

Output 5: 11110000
0 1
1 1
2 1
3 1
4 0
5 0
6 0
7 0

Output 6: 01011011
0 0
1 1
2 0
3 1
4 1
5 0
6 1
7 1

Output bit columns (with bitsum as hash)
0 0110010 3
1 1000011 3
2 0001110 3
3 0100111 4
4 1110101 5
5 1010100 3
6 1000101 3
7 1010101 4

Input 0: 00111101
0 0
1 0
2 1
3 1
4 1
5 1
6 0
7 1

Input 1: 01100010
0 0
1 1
2 1
3 0
4 0
5 0
6 1
7 0

Input 2: 00110110
0 0
1 0
2 1
3 1
4 0
5 1
6 1
7 0

Input 3: 10000000
0 1
1 0
2 0
3 0
4 0
5 0
6 0
7 0

Input 4: 11111100
0 1
1 1
2 1
3 1
4 1
5 1
6 0
7 0

Input 5: 11000011
0 1
1 1
2 0
3 0
4 0
5 0
6 1
7 1

Input 6: 01101101
0 0
1 1
2 1
3 0
4 1
5 1
6 0
7 1

When matching output
x: not in operator
y: wrong position

Identity
0 0001110 3 match 2
1 0100111 4 match 3
2 1110101 5 match 4
3 1010100 3 match 5
4 1000101 3 match 6
5 1010101 4 match 7
6 0110010 3 match 0
7 1000011 3 match 1

Matching output
0 6
1 7
2 0
3 1
4 2
5 3
6 4
7 5

Left
6 7 0 1 2 3 4 5
Best: I6 7 0 1 2 3 4 5: 8

Right
5 4 3 2 1 0 7 6
Best: I5 4 3 2 1 0 7 6: 8

NOT
0 1110001 4
1 1011000 3
2 0001010 2
3 0101011 4
4 0111010 4
5 0101010 3
6 1001101 4
7 0111100 4

Matching output
0 absent
1 absent
2 absent
3 absent
4 absent
5 absent
6 absent
7 absent

Left
none
Best: none

Right
none
Best: none

Constant
0 0000000 a
1 1111111 a

Matching output
0 absent
1 absent
2 absent
3 absent
4 absent
5 absent
6 absent
7 absent

Left
none
Best: none

Right
none
Best: none

AND
01 10 0000110 2
12 21 0100101 3
23 32 1010100 3 match 5
34 43 1000100 2
45 54 1000101 3 match 6
56 65 0010000 1
67 76 0000010 1
70 07 0000010 1

02 20 0000100 1
13 31 0000100 1
24 42 1000101 3 match 6
35 53 1010100 3 match 5
46 64 0000000 a
57 75 1000001 2
60 06 0000010 1
71 17 0000011 2

03 30 0000100 1
14 41 0000101 2
25 52 1010101 4 match 7
36 63 0010000 1
47 74 1000001 2
50 05 0000100 1
61 16 0100010 2
72 27 1000001 2

04 40 0000100 1
15 51 0000101 2
26 62 0110000 2
37 73 1000000 1

Matching output
0 absent
1 absent
2 absent
3 absent
4 absent
5 23 32 35 53
6 45 54 24 42
7 25 52

Left
none
Best: none

Right
25 14x
52 41x
Best: AND25: 1

OR
01 10 0101111 5
12 21 1110111 6
23 32 1110101 5 match 4
34 43 1010101 4 match 7
45 54 1010101 4 match 7
56 65 1110111 6
67 76 1110011 5
70 07 1001111 5

02 20 1111111 a
13 31 1110111 6
24 42 1110101 5 match 4
35 53 1010101 4 match 7
46 64 1110111 6
57 75 1010111 5
60 06 0111110 5
71 17 1100111 5

03 30 1011110 5
14 41 1100111 5
25 52 1110101 5 match 4
36 63 1110110 5
47 74 1000111 4
50 05 1011111 6
61 16 0110111 5
72 27 1110111 6

04 40 1001111 5
15 51 1110111 6
26 62 1110111 6
37 73 1010111 5

Matching output
0 absent
1 absent
2 absent
3 absent
4 23 32 24 42 25 52
5 absent
6 absent
7 34 43 45 54 35 53

Left
none
Best: none

Right
34 23y
43 32y
45 34y
54 43y
35 24y
53 42y
Best: OR34: 1

XOR
01 10 0101001 3
12 21 1010010 3
23 32 0100001 2
34 43 0010001 2
45 54 0010000 1
56 65 1100111 5
67 76 1110001 4
70 07 1001101 4

02 20 1111011 6
13 31 1110011 5
24 42 0110000 2
35 53 0000001 1
46 64 1110111 6
57 75 0010110 3
60 06 0111100 4
71 17 1100100 3

03 30 1011010 4
14 41 1100010 3
25 52 0100000 1
36 63 1100110 4
47 74 0000110 2
50 05 1011011 5
61 16 0010101 3
72 27 0110110 4

04 40 1001011 4
15 51 1110010 4
26 62 1000111 4
37 73 0010111 4

Matching output
0 absent
1 absent
2 absent
3 absent
4 absent
5 absent
6 absent
7 absent

Left
none
Best: none

Right
none
Best: none

AND-NOT
01 0001000 1
12 0000010 1
23 0100001 2
34 0010000 1
45 0000000 a
56 1000101 3 match 6
67 0110000 2
70 1000001 2

02 0001010 2
13 0100011 3
24 0110000 2
35 0000000 a
46 1000101 3 match 6
57 0010100 2
60 0110000 2
71 1000000 1

03 0001010 2
14 0100010 2
25 0100000 1
36 1000100 2
47 0000100 1
50 1010001 3
61 0010000 1
72 0000010 1

04 0001010 2
15 0100010 2
26 1000101 3 match 6
37 0010100 2
40 1000001 2
51 1010000 2
62 0000010 1
73 0000011 2

05 0001010 2
16 0000101 2
27 0110100 3
30 1010000 2
41 1000000 1
52 0000000 a
63 0100010 2
74 0000010 1

06 0001100 2
17 0100100 2
20 1110001 4
31 1010000 2
42 0000000 a
53 0000001 1
64 0110010 3 match 0
75 0000010 1

07 0001100 2
10 0100001 2
21 1010000 2
32 0000000 a
43 0000001 1
54 0010000 1
65 0100010 2
76 1000001 2

Matching output
0 64
1 absent
2 absent
3 absent
4 absent
5 absent
6 56 46 26
7 absent

Left
64 75x
Best: AND-NOT64: 1

Right
none
Best: none

OR-NOT
01 1011110 5
12 0101111 5
23 1111111 a
34 1111110 6
45 1101111 6
56 1011101 5
67 0111110 5
70 1110011 5

02 0001110 3 match 2
13 0101111 5
24 1111111 a
35 1111110 6
46 1001101 4
57 1111101 6
60 1110011 5
71 1011011 5

03 0101111 5
14 0111111 6
25 1111111 a
36 1011101 5
47 1111101 6
50 1110101 5 match 4
61 1111010 5
72 1001011 4

04 0111110 5
15 0101111 5
26 1111101 6
37 1111100 5
40 1110101 5 match 4
51 1011101 5
62 0111010 4
73 1101011 5

05 0101110 4
16 1101111 6
27 1111101 6
30 1110101 5 match 4
41 1011101 5
52 1011111 6
63 0111011 5
74 1111011 6

06 1001111 5
17 0111111 6
20 1110101 5 match 4
31 1011100 4
42 1001111 5
53 1111111 a
64 0111010 4
75 1101011 5

07 0111110 5
10 1110111 6
21 1111101 6
32 1011110 5
43 1101111 6
54 1111111 a
65 0111010 4
76 1001111 5

Matching output
0 absent
1 absent
2 02
3 absent
4 50 40 30 20
5 absent
6 absent
7 absent

Left
none
Best: none

Right
none
Best: none

XOR-NOT
01 1010110 4
12 0101101 4
23 1011110 5
34 1101110 5
45 1101111 6
56 0011000 2
67 0001110 3 match 2
70 0110010 3 match 0

02 0000100 1
13 0001100 2
24 1001111 5
35 1111110 6
46 0001000 1
57 1101001 4
60 1000011 3 match 1
71 0011011 4

03 0100101 3
14 0011101 4
25 1011111 6
36 0011001 3
47 1111001 5
50 0100100 2
61 1101010 4
72 1001001 3

04 0110100 3
15 0001101 3
26 0111000 3
37 1101000 3
40 0110100 3
51 0001101 3
62 0111000 3
73 1101000 3

05 0100100 2
16 1101010 4
27 1001001 3
30 0100101 3
41 0011101 4
52 1011111 6
63 0011001 3
74 1111001 5

06 1000011 3 match 1
17 0011011 4
20 0000100 1
31 0001100 2
42 1001111 5
53 1111110 6
64 0001000 1
75 1101001 4

07 0110010 3 match 0
10 1010110 4
21 0101101 4
32 1011110 5
43 1101110 5
54 1101111 6
65 0011000 2
76 0001110 3 match 2

Matching output
0 70 07
1 60 06
2 67 76
3 absent
4 absent
5 absent
6 absent
7 absent

Left
70 01x
07 10x
Best: XOR-NOT70: 1

Right
none
Best: none

Selecting

Lefts
Identity I6 7 0 1 2 3 4 5: 8
NOT none
Constant none
AND none
OR none
XOR none
AND-NOT AND-NOT64: 1
OR-NOT none
XOR-NOT XOR-NOT70: 1

Rights
Identity I5 4 3 2 1 0 7 6: 8
NOT none
Constant none
AND AND25: 1
OR OR34: 1
XOR none
AND-NOT none
OR-NOT none
XOR-NOT none

Left longest: 8
Right longest: 8

Left winner: Identity yes, NOT no, Constant no, AND no, OR no, XOR no, AND-NOT no, OR-NOT no, XOR-NOT no
Right winner: Identity yes, NOT no, Constant no, AND no, OR no, XOR no, AND-NOT no, OR-NOT no, XOR-NOT no

Best left: I6 7 0 1 2 3 4 5: 8
Best right: I5 4 3 2 1 0 7 6: 8

Truncated left: I6 7 0 1 2 3 4 5: 8
Truncated right: none truncated

Tentative from right
7 pending
6 pending
5 pending
4 pending
3 pending
2 pending
1 pending
0 pending

Tentative
0 I6
1 I7
2 I0
3 I1
4 I2
5 I3
6 I4
7 I5

Preferred from left
0 I6
1 I7
2 I0
3 I1
4 I2
5 I3
6 I4
7 I5

Preferred from right
7 I5
6 I4
5 I3
4 I2
3 I1
2 I0
1 I7
0 I6

Preferred
0 I6
1 I7
2 I0
3 I1
4 I2
5 I3
6 I4
7 I5

Matching
0 I6
1 I7
2 I0
3 I1
4 I2
5 I3
6 I4
7 I5

Perfect match
Identity no
NOT no
Constant no
AND no
OR no
XOR no
AND-NOT no
OR-NOT no
XOR-NOT no

Matched
0 I6
1 I7
2 I0
3 I1
4 I2
5 I3
6 I4
7 I5

Selected
0 I6
1 I7
2 I0
3 I1
4 I2
5 I3
6 I4
7 I5

Applying to 01011111
Input
0 0
1 1
2 0
3 1
4 1
5 1
6 1
7 1
Output
0 I6 = 1
1 I7 = 1
2 I0 = 0
3 I1 = 1
4 I2 = 0
5 I3 = 1
6 I4 = 1
7 I5 = 1

I will now return the answer in \boxed{}
The answer in \boxed{–} is \boxed{11010111}
[correct]
true
