[category]
bit_manipulation
[prompt]
In Alice's Wonderland, a secret bit manipulation rule transforms 8-bit binary numbers. The transformation involves operations like bit shifts, rotations, XOR, AND, OR, NOT, and possibly majority or choice functions.

Here are some examples of input -> output:
11101111 -> 00111011
01110001 -> 00011100
01100110 -> 00011001
10111000 -> 00101110
10101101 -> 00101011
10111001 -> 00101110
00101100 -> 00001011

Now, determine the output for: 00110110
[completion]
We need to deduce the transformation by matching the example outputs.
I will put my final answer inside \boxed{}.

Output 0: 00111011
0 0
1 0
2 1
3 1
4 1
5 0
6 1
7 1

Output 1: 00011100
0 0
1 0
2 0
3 1
4 1
5 1
6 0
7 0

Output 2: 00011001
0 0
1 0
2 0
3 1
4 1
5 0
6 0
7 1

Output 3: 00101110
0 0
1 0
2 1
3 0
4 1
5 1
6 1
7 0

Output 4: 00101011
0 0
1 0
2 1
3 0
4 1
5 0
6 1
7 1

Output 5: 00101110
0 0
1 0
2 1
3 0
4 1
5 1
6 1
7 0

Output 6: 00001011
0 0
1 0
2 0
3 0
4 1
5 0
6 1
7 1

Output bit columns (with bitsum as hash)
0 0000000 a
1 0000000 a
2 1001110 4
3 1110000 3
4 1111111 a
5 0101010 3
6 1001111 5
7 1010101 4

Input 0: 11101111
0 1
1 1
2 1
3 0
4 1
5 1
6 1
7 1

Input 1: 01110001
0 0
1 1
2 1
3 1
4 0
5 0
6 0
7 1

Input 2: 01100110
0 0
1 1
2 1
3 0
4 0
5 1
6 1
7 0

Input 3: 10111000
0 1
1 0
2 1
3 1
4 1
5 0
6 0
7 0

Input 4: 10101101
0 1
1 0
2 1
3 0
4 1
5 1
6 0
7 1

Input 5: 10111001
0 1
1 0
2 1
3 1
4 1
5 0
6 0
7 1

Input 6: 00101100
0 0
1 0
2 1
3 0
4 1
5 1
6 0
7 0

When matching output
x: not in operator
y: wrong position

Identity
0 1001110 4 match 2
1 1110000 3 match 3
2 1111111 a match 4
3 0101010 3 match 5
4 1001111 5 match 6
5 1010101 4 match 7
6 1010000 2
7 1100110 4

Matching output
0 absent
1 absent
2 0
3 1
4 2
5 3
6 4
7 5

Left
none
Best: none

Right
5 4 3 2 1 0 7x
Best: I5 4 3 2 1 0: 6

NOT
0 0110001 3
1 0001111 4
2 0000000 a match 0 1
3 1010101 4 match 7
4 0110000 2
5 0101010 3 match 5
6 0101111 5
7 0011001 3

Matching output
0 2
1 2
2 absent
3 absent
4 absent
5 5
6 absent
7 3

Left
2 3y
Best: NOT2: 1

Right
3 2y
Best: NOT3: 1

Constant
0 0000000 a match 0 1
1 1111111 a match 4

Matching output
0 C0
1 C0
2 absent
3 absent
4 C1
5 absent
6 absent
7 absent

Left
0 0
Best: C0 0: 2

Right
none
Best: none

AND
01 10 1000000 1
12 21 1110000 3 match 3
23 32 0101010 3 match 5
34 43 0001010 2
45 54 1000101 3
56 65 1010000 2
67 76 1000000 1
70 07 1000110 3

02 20 1001110 4 match 2
13 31 0100000 1
24 42 1001111 5 match 6
35 53 0000000 a match 0 1
46 64 1000000 1
57 75 1000100 2
60 06 1000000 1
71 17 1100000 2

03 30 0001010 2
14 41 1000000 1
25 52 1010101 4 match 7
36 63 0000000 a match 0 1
47 74 1000110 3
50 05 1000100 2
61 16 1010000 2
72 27 1100110 4

04 40 1001110 4 match 2
15 51 1010000 2
26 62 1010000 2
37 73 0100010 2

Matching output
0 35 53 36 63
1 35 53 36 63
2 02 20 04 40
3 12 21
4 absent
5 23 32
6 24 42
7 25 52

Left
35 46x
53 64x
36 47x
63 74x
Best: AND35: 1

Right
25 14x
52 41x
Best: AND25: 1

OR
01 10 1111110 6
12 21 1111111 a match 4
23 32 1111111 a match 4
34 43 1101111 6
45 54 1011111 6
56 65 1010101 4 match 7
67 76 1110110 5
70 07 1101110 5

02 20 1111111 a match 4
13 31 1111010 5
24 42 1111111 a match 4
35 53 1111111 a match 4
46 64 1011111 6
57 75 1110111 6
60 06 1011110 5
71 17 1110110 5

03 30 1101110 5
14 41 1111111 a match 4
25 52 1111111 a match 4
36 63 1111010 5
47 74 1101111 6
50 05 1011111 6
61 16 1110000 3 match 3
72 27 1111111 a match 4

04 40 1001111 5 match 6
15 51 1110101 5
26 62 1111111 a match 4
37 73 1101110 5

Matching output
0 absent
1 absent
2 absent
3 61 16
4 12 21 23 32 02 20 24 42 35 53 14 41 25 52 72 27 26 62
5 absent
6 04 40
7 56 65

Left
none
Best: none

Right
56 45x
65 54x
Best: OR56: 1

XOR
01 10 0111110 5
12 21 0001111 4
23 32 1010101 4 match 7
34 43 1100101 4
45 54 0011010 3
56 65 0000101 2
67 76 0110110 4
70 07 0101000 2

02 20 0110001 3
13 31 1011010 4
24 42 0110000 2
35 53 1111111 a match 4
46 64 0011111 5
57 75 0110011 4
60 06 0011110 4
71 17 0010110 3

03 30 1100100 3
14 41 0111111 6
25 52 0101010 3 match 5
36 63 1111010 5
47 74 0101001 3
50 05 0011011 4
61 16 0100000 1
72 27 0011001 3

04 40 0000001 1
15 51 0100101 3
26 62 0101111 5
37 73 1001100 3

Matching output
0 absent
1 absent
2 absent
3 absent
4 35 53
5 25 52
6 absent
7 23 32

Left
none
Best: none

Right
23 12x
32 21x
Best: XOR23: 1

AND-NOT
01 0001110 3
12 0000000 a match 0 1
23 1010101 4 match 7
34 0100000 1
45 0001010 2
56 0000101 2
67 0010000 1
70 0100000 1

02 0000000 a match 0 1
13 1010000 2
24 0110000 2
35 0101010 3 match 5
46 0001111 4
57 0010001 2
60 0010000 1
71 0000110 2

03 1000100 2
14 0110000 2
25 0101010 3 match 5
36 0101010 3 match 5
47 0001001 2
50 0010001 2
61 0000000 a match 0 1
72 0000000 a match 0 1

04 0000000 a match 0 1
15 0100000 1
26 0101111 5
37 0001000 1
40 0000001 1
51 0000101 2
62 0000000 a match 0 1
73 1000100 2

05 0001010 2
16 0100000 1
27 0011001 3
30 0100000 1
41 0001111 4
52 0000000 a match 0 1
63 1010000 2
74 0100000 1

06 0001110 3
17 0010000 1
20 0110001 3
31 0001010 2
42 0000000 a match 0 1
53 1010101 4 match 7
64 0010000 1
75 0100010 2

07 0001000 1
10 0110000 2
21 0001111 4
32 0000000 a match 0 1
43 1000101 3
54 0010000 1
65 0000000 a match 0 1
76 0100110 3

Matching output
0 12 02 61 72 04 62 52 42 32 65
1 12 02 61 72 04 62 52 42 32 65
2 absent
3 absent
4 absent
5 35 25 36
6 absent
7 23 53

Left
12 23y
02 13x
61 72 03x
72 03x
04 15x
62 73x
52 63x
42 53y
32 43x
65 76x
Best: AND-NOT61 72: 2

Right
23 12y
53 42y
Best: AND-NOT23: 1

OR-NOT
01 1001111 5 match 6
12 1110000 3 match 3
23 1111111 a match 4
34 0111010 4
45 1101111 6
56 1111111 a match 4
67 1011001 4
70 1110111 6

02 1001110 4 match 2
13 1110101 5
24 1111111 a match 4
35 0101010 3 match 5
46 1101111 6
57 1011101 5
60 1110001 4
71 1101111 6

03 1011111 6
14 1110000 3 match 3
25 1111111 a match 4
36 0101111 5
47 1011111 6
50 1110101 5
61 1011111 6
72 1100110 4

04 1111110 6
15 1111010 5
26 1111111 a match 4
37 0111011 5
40 1111111 a match 4
51 1011111 6
62 1010000 2
73 1110111 6

05 1101110 5
16 1111111 a match 4
27 1111111 a match 4
30 0111011 5
41 1001111 5 match 6
52 1010101 4 match 7
63 1010101 4 match 7
74 1110110 5

06 1101111 6
17 1111001 5
20 1111111 a match 4
31 0101111 5
42 1001111 5 match 6
53 1010101 4 match 7
64 1110000 3 match 3
75 1101110 5

07 1011111 6
10 1110001 4
21 1111111 a match 4
32 0101010 3 match 5
43 1011111 6
54 1110101 5
65 1111010 5
76 1101111 6

Matching output
0 absent
1 absent
2 02
3 12 14 64
4 23 56 24 25 26 40 16 27 20 21
5 35 32
6 01 41 42
7 52 63 53

Left
none
Best: none

Right
52 41 30x
63 52y
53 42 31x
Best: OR-NOT52 41: 2

XOR-NOT
01 1000001 2
12 1110000 3 match 3
23 0101010 3 match 5
34 0011010 3
45 1100101 4
56 1111010 5
67 1001001 3
70 1010111 5

02 1001110 4 match 2
13 0100101 3
24 1001111 5 match 6
35 0000000 a match 0 1
46 1100000 2
57 1001100 3
60 1100001 3
71 1101001 4

03 0011011 4
14 1000000 1
25 1010101 4 match 7
36 0000101 2
47 1010110 4
50 1100100 3
61 1011111 6
72 1100110 4

04 1111110 6
15 1011010 4
26 1010000 2
37 0110011 4
40 1111110 6
51 1011010 4
62 1010000 2
73 0110011 4

05 1100100 3
16 1011111 6
27 1100110 4
30 0011011 4
41 1000000 1
52 1010101 4 match 7
63 0000101 2
74 1010110 4

06 1100001 3
17 1101001 4
20 1001110 4 match 2
31 0100101 3
42 1001111 5 match 6
53 0000000 a match 0 1
64 1100000 2
75 1001100 3

07 1010111 5
10 1000001 2
21 1110000 3 match 3
32 0101010 3 match 5
43 0011010 3
54 1100101 4
65 1111010 5
76 1001001 3

Matching output
0 35 53
1 35 53
2 02 20
3 12 21
4 absent
5 23 32
6 24 42
7 25 52

Left
35 46x
53 64x
Best: XOR-NOT35: 1

Right
25 14x
52 41x
Best: XOR-NOT25: 1

Selecting

Lefts
Identity none
NOT NOT2: 1
Constant C0 0: 2
AND AND35: 1
OR none
XOR none
AND-NOT AND-NOT61 72: 2
OR-NOT none
XOR-NOT XOR-NOT35: 1

Rights
Identity I5 4 3 2 1 0: 6
NOT NOT3: 1
Constant none
AND AND25: 1
OR OR56: 1
XOR XOR23: 1
AND-NOT AND-NOT23: 1
OR-NOT OR-NOT52 41: 2
XOR-NOT XOR-NOT25: 1

Left longest: 2
Right longest: 6

Right winner: Identity yes, NOT no, Constant no, AND no, OR no, XOR no, AND-NOT no, OR-NOT no, XOR-NOT no
Left winner: Identity no, NOT no, Constant yes, AND no, OR no, XOR no, AND-NOT no, OR-NOT no, XOR-NOT no

Best right: I5 4 3 2 1 0: 6
Best left: C0 0: 2

Truncated right: I5 4 3 2 1 0: 6
Truncated left: C0 0: 2

Tentative from right
7 I5
6 I4
5 I3
4 I2
3 I1
2 I0
1 pending
0 pending

Tentative
0 C0
1 C0
2 I0
3 I1
4 I2
5 I3
6 I4
7 I5

Preferred from right
7 I5
6 I4
5 I3
4 I2
3 I1
2 I0
1 C0
0 C0

Preferred from left
0 C0
1 C0
2 I0
3 I1
4 I2
5 I3
6 I4
7 I5

Preferred
0 C0
1 C0
2 I0
3 I1
4 I2
5 I3
6 I4
7 I5

Matching
0 C0
1 C0
2 I0
3 I1
4 I2
5 I3
6 I4
7 I5

Perfect match
Identity no
NOT no
Constant no
AND no
OR no
XOR no
AND-NOT no
OR-NOT no
XOR-NOT no

Matched
0 C0
1 C0
2 I0
3 I1
4 I2
5 I3
6 I4
7 I5

Selected
0 C0
1 C0
2 I0
3 I1
4 I2
5 I3
6 I4
7 I5

Applying to 00110110
Input
0 0
1 0
2 1
3 1
4 0
5 1
6 1
7 0
Output
0 C0 = 0
1 C0 = 0
2 I0 = 0
3 I1 = 0
4 I2 = 1
5 I3 = 1
6 I4 = 0
7 I5 = 1

I will now return the answer in \boxed{}
The answer in \boxed{–} is \boxed{00001101}
[correct]
true
