[category]
bit_manipulation
[prompt]
In Alice's Wonderland, a secret bit manipulation rule transforms 8-bit binary numbers. The transformation involves operations like bit shifts, rotations, XOR, AND, OR, NOT, and possibly majority or choice functions.

Here are some examples of input -> output:
00001101 -> 00101011
10000011 -> 11111000
11000001 -> 01111000
10100111 -> 11010001
10010010 -> 00110100
10001010 -> 11110010
00101010 -> 11011010
10110110 -> 00011101

Now, determine the output for: 01000011
[completion]
We need to deduce the transformation by matching the example outputs.
I will put my final answer inside \boxed{}.

Output 0: 00101011
0 0
1 0
2 1
3 0
4 1
5 0
6 1
7 1

Output 1: 11111000
0 1
1 1
2 1
3 1
4 1
5 0
6 0
7 0

Output 2: 01111000
0 0
1 1
2 1
3 1
4 1
5 0
6 0
7 0

Output 3: 11010001
0 1
1 1
2 0
3 1
4 0
5 0
6 0
7 1

Output 4: 00110100
0 0
1 0
2 1
3 1
4 0
5 1
6 0
7 0

Output 5: 11110010
0 1
1 1
2 1
3 1
4 0
5 0
6 1
7 0

Output 6: 11011010
0 1
1 1
2 0
3 1
4 1
5 0
6 1
7 0

Output 7: 00011101
0 0
1 0
2 0
3 1
4 1
5 1
6 0
7 1

Output bit columns (with bitsum as hash)
0 01010110 4
1 01110110 5
2 11101100 5
3 01111111 7
4 11100011 5
5 00001001 2
6 10000110 3
7 10010001 3

Input 0: 00001101
0 0
1 0
2 0
3 0
4 1
5 1
6 0
7 1

Input 1: 10000011
0 1
1 0
2 0
3 0
4 0
5 0
6 1
7 1

Input 2: 11000001
0 1
1 1
2 0
3 0
4 0
5 0
6 0
7 1

Input 3: 10100111
0 1
1 0
2 1
3 0
4 0
5 1
6 1
7 1

Input 4: 10010010
0 1
1 0
2 0
3 1
4 0
5 0
6 1
7 0

Input 5: 10001010
0 1
1 0
2 0
3 0
4 1
5 0
6 1
7 0

Input 6: 00101010
0 0
1 0
2 1
3 0
4 1
5 0
6 1
7 0

Input 7: 10110110
0 1
1 0
2 1
3 1
4 0
5 1
6 1
7 0

When matching output
x: not in operator
y: wrong position

Identity
0 01111101 6
1 00100000 1
2 00010011 3
3 00001001 2 match 5
4 10000110 3 match 6
5 10010001 3 match 7
6 01011111 6
7 11110000 4

Matching output
0 absent
1 absent
2 absent
3 absent
4 absent
5 3
6 4
7 5

Left
none
Best: none

Right
5 4 3 2x
Best: I5 4 3: 3

NOT
0 10000010 2
1 11011111 7
2 11101100 5 match 2
3 11110110 6
4 01111001 5
5 01101110 5
6 10100000 2
7 00001111 4

Matching output
0 absent
1 absent
2 2
3 absent
4 absent
5 absent
6 absent
7 absent

Left
none
Best: none

Right
none
Best: none

Constant
0 00000000 a
1 11111111 a

Matching output
0 absent
1 absent
2 absent
3 absent
4 absent
5 absent
6 absent
7 absent

Left
none
Best: none

Right
none
Best: none

AND
01 10 00100000 1
12 21 00000000 a
23 32 00000001 1
34 43 00000000 a
45 54 10000000 1
56 65 00010001 2
67 76 01010000 2
70 07 01110000 3

02 20 00010001 2
13 31 00000000 a
24 42 00000010 1
35 53 00000001 1
46 64 00000110 2
57 75 10010000 2
60 06 01011101 5
71 17 00100000 1

03 30 00001001 2 match 5
14 41 00000000 a
25 52 00010001 2
36 63 00001001 2 match 5
47 74 10000000 1
50 05 00010001 2
61 16 00000000 a
72 27 00010000 1

04 40 00000100 1
15 51 00000000 a
26 62 00010011 3
37 73 00000000 a

Matching output
0 absent
1 absent
2 absent
3 absent
4 absent
5 03 30 36 63
6 absent
7 absent

Left
none
Best: none

Right
none
Best: none

OR
01 10 01111101 6
12 21 00110011 4
23 32 00011011 4
34 43 10001111 5
45 54 10010111 5
56 65 11011111 7
67 76 11111111 a
70 07 11111101 7

02 20 01111111 7 match 3
13 31 00101001 3
24 42 10010111 5
35 53 10011001 4
46 64 11011111 7
57 75 11110001 5
60 06 01111111 7 match 3
71 17 11110000 4

03 30 01111101 6
14 41 10100110 4
25 52 10010011 4
36 63 01011111 6
47 74 11110110 6
50 05 11111101 7
61 16 01111111 7 match 3
72 27 11110011 6

04 40 11111111 a
15 51 10110001 4
26 62 01011111 6
37 73 11111001 6

Matching output
0 absent
1 absent
2 absent
3 02 20 60 06 61 16
4 absent
5 absent
6 absent
7 absent

Left
none
Best: none

Right
none
Best: none

XOR
01 10 01011101 5
12 21 00110011 4
23 32 00011010 3
34 43 10001111 5
45 54 00010111 4
56 65 11001110 5
67 76 10101111 6
70 07 10001101 4

02 20 01101110 5
13 31 00101001 3
24 42 10010101 4
35 53 10011000 3
46 64 11011001 5
57 75 01100001 3
60 06 00100010 2
71 17 11010000 3

03 30 01110100 4
14 41 10100110 4
25 52 10000010 2
36 63 01010110 4 match 0
47 74 01110110 5 match 1
50 05 11101100 5 match 2
61 16 01111111 7 match 3
72 27 11100011 5 match 4

04 40 11111011 7
15 51 10110001 4
26 62 01001100 3
37 73 11111001 6

Matching output
0 36 63
1 47 74
2 50 05
3 61 16
4 72 27
5 absent
6 absent
7 absent

Left
36 47 50 61 72 03x
63 74 05 16 27 30x
Best: XOR36 47 50 61 72: 5

Right
none
Best: none

AND-NOT
01 01011101 5
12 00100000 1
23 00010010 2
34 00001001 2 match 5
45 00000110 2
56 10000000 1
67 00001111 4
70 10000000 1

02 01101100 4
13 00100000 1
24 00010001 2
35 00001000 1
46 10000000 1
57 00000001 1
60 00000010 1
71 11010000 3

03 01110100 4
14 00100000 1
25 00000010 1
36 00000000 a
47 00000110 2
50 10000000 1
61 01011111 6
72 11100000 3

04 01111001 5
15 00100000 1
26 00000000 a
37 00001001 2 match 5
40 10000010 2
51 10010001 3 match 7
62 01001100 3
73 11110000 4

05 01101100 4
16 00100000 1
27 00000011 2
30 00000000 a
41 10000110 3 match 6
52 10000000 1
63 01010110 4 match 0
74 01110000 3

06 00100000 1
17 00000000 a
20 00000010 1
31 00001001 2 match 5
42 10000100 2
53 10010000 2
64 01011001 4
75 01100000 2

07 00001101 3
10 00000000 a
21 00010011 3
32 00001000 1
43 10000110 3 match 6
54 00010001 2
65 01001110 4
76 10100000 2

Matching output
0 63
1 absent
2 absent
3 absent
4 absent
5 34 37 31
6 41 43
7 51

Left
63 74x
Best: AND-NOT63: 1

Right
51 40x
Best: AND-NOT51: 1

OR-NOT
01 11111111 a
12 11101100 5 match 2
23 11110111 7
34 01111001 5
45 11101110 6
56 10110001 4
67 01011111 6
70 11110010 5

02 11111101 7
13 11110110 6
24 01111011 6
35 01101111 6
46 10100110 4
57 10011111 6
60 11011111 7
71 11111111 a

03 11111111 a
14 01111001 5
25 01111111 7 match 3
36 10101001 4
47 10001111 5
50 10010011 4
61 11011111 7
72 11111100 6

04 01111101 6
15 01101110 5
26 10110011 5
37 00001111 4
40 10000110 3 match 6
51 11011111 7
62 11111111 a
73 11110110 6

05 01111111 7 match 3
16 10100000 2
27 00011111 5
30 10001011 4
41 11011111 7
52 11111101 7
63 11111111 a
74 11111001 6

06 11111101 7
17 00101111 5
20 10010011 4
31 11011111 7
42 11101110 6
53 11110111 7
64 01111111 7 match 3
75 11111110 7

07 01111111 7 match 3
10 10100010 3
21 11011111 7
32 11101101 6
43 11110110 6
54 11111001 6
65 01111111 7 match 3
76 11110000 4

Matching output
0 absent
1 absent
2 12
3 25 05 64 07 65
4 absent
5 absent
6 40
7 absent

Left
none
Best: none

Right
none
Best: none

XOR-NOT
01 10100010 3
12 11001100 4
23 11100101 5
34 01110000 3
45 11101000 4
56 00110001 3
67 01010000 2
70 01110010 4

02 10010001 3 match 7
13 11010110 5
24 01101010 4
35 01100111 5
46 00100110 3
57 10011110 5
60 11011101 6
71 00101111 5

03 10001011 4
14 01011001 4
25 01111101 6
36 10101001 4
47 10001001 3
50 00010011 3
61 10000000 1
72 00011100 3

04 00000100 1
15 01001110 4
26 10110011 5
37 00000110 2
40 00000100 1
51 01001110 4
62 10110011 5
73 00000110 2

05 00010011 3
16 10000000 1
27 00011100 3
30 10001011 4
41 01011001 4
52 01111101 6
63 10101001 4
74 10001001 3

06 11011101 6
17 00101111 5
20 10010001 3 match 7
31 11010110 5
42 01101010 4
53 01100111 5
64 00100110 3
75 10011110 5

07 01110010 4
10 10100010 3
21 11001100 4
32 11100101 5
43 01110000 3
54 11101000 4
65 00110001 3
76 01010000 2

Matching output
0 absent
1 absent
2 absent
3 absent
4 absent
5 absent
6 absent
7 02 20

Left
none
Best: none

Right
02 71x
20 17x
Best: XOR-NOT02: 1

Selecting

Lefts
Identity none
NOT none
Constant none
AND none
OR none
XOR XOR36 47 50 61 72: 5
AND-NOT AND-NOT63: 1
OR-NOT none
XOR-NOT none

Rights
Identity I5 4 3: 3
NOT none
Constant none
AND none
OR none
XOR none
AND-NOT AND-NOT51: 1
OR-NOT none
XOR-NOT XOR-NOT02: 1

Left longest: 5
Right longest: 3

Left winner: Identity no, NOT no, Constant no, AND no, OR no, XOR yes, AND-NOT no, OR-NOT no, XOR-NOT no
Right winner: Identity yes, NOT no, Constant no, AND no, OR no, XOR no, AND-NOT no, OR-NOT no, XOR-NOT no

Best left: XOR36 47 50 61 72: 5
Best right: I5 4 3: 3

Truncated left: XOR36 47 50 61 72: 5
Truncated right: I5 4 3: 3

Tentative from right
7 I5
6 I4
5 I3
4 pending
3 pending
2 pending
1 pending
0 pending

Tentative
0 XOR36
1 XOR47
2 XOR50
3 XOR61
4 XOR72
5 I3
6 I4
7 I5

Preferred from left
0 XOR36
1 XOR47
2 XOR50
3 XOR61
4 XOR72
5 I3
6 I4
7 I5

Preferred from right
7 I5
6 I4
5 I3
4 XOR72
3 XOR61
2 XOR50
1 XOR47
0 XOR36

Preferred
0 XOR36
1 XOR47
2 XOR50
3 XOR61
4 XOR72
5 I3
6 I4
7 I5

Matching
0 XOR36
1 XOR47
2 XOR50
3 XOR61
4 XOR72
5 I3
6 I4
7 I5

Perfect match
Identity no
NOT no
Constant no
AND no
OR no
XOR no
AND-NOT no
OR-NOT no
XOR-NOT no

Matched
0 XOR36
1 XOR47
2 XOR50
3 XOR61
4 XOR72
5 I3
6 I4
7 I5

Selected
0 XOR36
1 XOR47
2 XOR50
3 XOR61
4 XOR72
5 I3
6 I4
7 I5

Applying to 01000011
Input
0 0
1 1
2 0
3 0
4 0
5 0
6 1
7 1
Output
0 XOR36 = XOR(0,1) = 1
1 XOR47 = XOR(0,1) = 1
2 XOR50 = XOR(0,0) = 0
3 XOR61 = XOR(1,1) = 0
4 XOR72 = XOR(1,0) = 1
5 I3 = 0
6 I4 = 0
7 I5 = 0

I will now return the answer in \boxed{}
The answer in \boxed{–} is \boxed{11001000}
[correct]
true
