[category]
bit_manipulation
[prompt]
In Alice's Wonderland, a secret bit manipulation rule transforms 8-bit binary numbers. The transformation involves operations like bit shifts, rotations, XOR, AND, OR, NOT, and possibly majority or choice functions.

Here are some examples of input -> output:
10001000 -> 01001100
10101011 -> 11011111
00100000 -> 00010010
01000101 -> 10100110
01000111 -> 10100111
10001101 -> 11001110
10100100 -> 01011010
01101110 -> 00110111
00101110 -> 00010111
01001101 -> 10100110

Now, determine the output for: 00111100
[completion]
We need to deduce the transformation by matching the example outputs.
I will put my final answer inside \boxed{}.

Output 0: 01001100
0 0
1 1
2 0
3 0
4 1
5 1
6 0
7 0

Output 1: 11011111
0 1
1 1
2 0
3 1
4 1
5 1
6 1
7 1

Output 2: 00010010
0 0
1 0
2 0
3 1
4 0
5 0
6 1
7 0

Output 3: 10100110
0 1
1 0
2 1
3 0
4 0
5 1
6 1
7 0

Output 4: 10100111
0 1
1 0
2 1
3 0
4 0
5 1
6 1
7 1

Output 5: 11001110
0 1
1 1
2 0
3 0
4 1
5 1
6 1
7 0

Output 6: 01011010
0 0
1 1
2 0
3 1
4 1
5 0
6 1
7 0

Output 7: 00110111
0 0
1 0
2 1
3 1
4 0
5 1
6 1
7 1

Output 8: 00010111
0 0
1 0
2 0
3 1
4 0
5 1
6 1
7 1

Output 9: 10100110
0 1
1 0
2 1
3 0
4 0
5 1
6 1
7 0

Output bit columns (with bitsum as hash)
0 0101110001 5
1 1100011000 4
2 0001100101 4
3 0110001110 5
4 1100011000 4
5 1101110111 8
6 0111111111 9
7 0100100110 4

Input 0: 10001000
0 1
1 0
2 0
3 0
4 1
5 0
6 0
7 0

Input 1: 10101011
0 1
1 0
2 1
3 0
4 1
5 0
6 1
7 1

Input 2: 00100000
0 0
1 0
2 1
3 0
4 0
5 0
6 0
7 0

Input 3: 01000101
0 0
1 1
2 0
3 0
4 0
5 1
6 0
7 1

Input 4: 01000111
0 0
1 1
2 0
3 0
4 0
5 1
6 1
7 1

Input 5: 10001101
0 1
1 0
2 0
3 0
4 1
5 1
6 0
7 1

Input 6: 10100100
0 1
1 0
2 1
3 0
4 0
5 1
6 0
7 0

Input 7: 01101110
0 0
1 1
2 1
3 0
4 1
5 1
6 1
7 0

Input 8: 00101110
0 0
1 0
2 1
3 0
4 1
5 1
6 1
7 0

Input 9: 01001101
0 0
1 1
2 0
3 0
4 1
5 1
6 0
7 1

When matching output
x: not in operator
y: wrong position

Identity
0 1100011000 4 match 1 4
1 0001100101 4 match 2
2 0110001110 5 match 3
3 0000000000 a
4 1100010111 6
5 0001111111 7
6 0100100110 4 match 7
7 0101110001 5 match 0

Matching output
0 7
1 0
2 1
3 2
4 0
5 absent
6 absent
7 6

Left
7 0 1 2 3x
Best: I7 0 1 2: 4

Right
6 5x
Best: I6: 1

NOT
0 0011100111 6
1 1110011010 6
2 1001110001 5
3 1111111111 a
4 0011101000 4
5 1110000000 3
6 1011011001 6
7 1010001110 5

Matching output
0 absent
1 absent
2 absent
3 absent
4 absent
5 absent
6 absent
7 absent

Left
none
Best: none

Right
none
Best: none

Constant
0 0000000000 a
1 1111111111 a

Matching output
0 absent
1 absent
2 absent
3 absent
4 absent
5 absent
6 absent
7 absent

Left
none
Best: none

Right
none
Best: none

AND
01 10 0000000000 a
12 21 0000000100 1
23 32 0000000000 a
34 43 0000000000 a
45 54 0000010111 4
56 65 0000100110 3
67 76 0100100000 2
70 07 0100010000 2

02 20 0100001000 2
13 31 0000000000 a
24 42 0100000110 3
35 53 0000000000 a
46 64 0100000110 3
57 75 0001110001 4
60 06 0100000000 1
71 17 0001100001 3

03 30 0000000000 a
14 41 0000000101 2
25 52 0000001110 3
36 63 0000000000 a
47 74 0100010001 3
50 05 0000011000 2
61 16 0000100100 2
72 27 0100000000 1

04 40 1100010000 3
15 51 0001100101 4 match 2
26 62 0100000110 3
37 73 0000000000 a

Matching output
0 absent
1 absent
2 15 51
3 absent
4 absent
5 absent
6 absent
7 absent

Left
none
Best: none

Right
none
Best: none

OR
01 10 1101111101 8
12 21 0111101111 8
23 32 0110001110 5 match 3
34 43 1100010111 6
45 54 1101111111 9
56 65 0101111111 8
67 76 0101110111 7
70 07 1101111001 7

02 20 1110011110 7
13 31 0001100101 4 match 2
24 42 1110011111 8
35 53 0001111111 7
46 64 1100110111 7
57 75 0101111111 8
60 06 1100111110 7
71 17 0101110101 6

03 30 1100011000 4 match 1 4
14 41 1101110111 8 match 5
25 52 0111111111 9 match 6
36 63 0100100110 4 match 7
47 74 1101110111 8 match 5
50 05 1101111111 9
61 16 0101100111 6
72 27 0111111111 9 match 6

04 40 1100011111 7
15 51 0001111111 7
26 62 0110101110 6
37 73 0101110001 5 match 0

Matching output
0 37 73
1 03 30
2 13 31
3 23 32
4 03 30
5 14 41 47 74
6 25 52 72 27
7 36 63

Left
37 40x
73 04x
Best: OR37: 1

Right
36 25 14 03 72y
63 52 41 30 27y
Best: OR36 25 14 03: 4

XOR
01 10 1101111101 8
12 21 0111101011 7
23 32 0110001110 5 match 3
34 43 1100010111 6
45 54 1101101000 5
56 65 0101011001 5
67 76 0001010111 5
70 07 1001101001 5

02 20 1010010110 5
13 31 0001100101 4 match 2
24 42 1010011001 5
35 53 0001111111 7
46 64 1000110001 4
57 75 0100001110 4
60 06 1000111110 6
71 17 0100010100 3

03 30 1100011000 4 match 1 4
14 41 1101110010 6
25 52 0111110001 6
36 63 0100100110 4 match 7
47 74 1001100110 5
50 05 1101100111 7
61 16 0101000011 4
72 27 0011111111 8

04 40 0000001111 4
15 51 0000011010 3
26 62 0010101000 3
37 73 0101110001 5 match 0

Matching output
0 37 73
1 03 30
2 13 31
3 23 32
4 03 30
5 absent
6 absent
7 36 63

Left
37 40x
73 04x
Best: XOR37: 1

Right
36 25x
63 52x
Best: XOR36: 1

AND-NOT
01 1100011000 4 match 1 4
12 0001100001 3
23 0110001110 5 match 3
34 0000000000 a
45 1100000000 2
56 0001011001 4
67 0000000110 2
70 0001100001 3

02 1000010000 2
13 0001100101 4 match 2
24 0010001000 2
35 0000000000 a
46 1000010001 3
57 0000001110 3
60 0000100110 3
71 0100010000 2

03 1100011000 4 match 1 4
14 0001100000 2
25 0110000000 2
36 0000000000 a
47 1000000110 3
50 0001100111 5
61 0100000010 2
72 0001110001 4

04 0000001000 1
15 0000000000 a
26 0010001000 2
37 0000000000 a
40 0000000111 3
51 0000011010 3
62 0000100000 1
73 0101110001 5 match 0

05 1100000000 2
16 0001000001 2
27 0010001110 4
30 0000000000 a
41 1100010010 4
52 0001110001 4
63 0100100110 4 match 7
74 0001100000 2

06 1000011000 3
17 0000000100 1
20 0010000110 3
31 0000000000 a
42 1000010001 3
53 0001111111 7
64 0000100000 1
75 0100000000 1

07 1000001000 2
10 0001100101 4 match 2
21 0110001010 4
32 0000000000 a
43 1100010111 6
54 0001101000 3
65 0100000000 1
76 0001010001 3

Matching output
0 73
1 01 03
2 13 10
3 23
4 01 03
5 absent
6 absent
7 63

Left
73 04x
Best: AND-NOT73: 1

Right
63 52x
Best: AND-NOT63: 1

OR-NOT
01 1110011010 6
12 1001110101 6
23 1111111111 a
34 0011101000 4
45 1110010111 7
56 1011111111 9
67 1110101110 7
70 0111110111 8

02 1101111001 7
13 1111111111 a
24 0111101110 7
35 1110000000 3
46 1111011111 9
57 1011111111 9
60 0111100111 7
71 1111111011 9

03 1111111111 a
14 0011101101 6
25 1110001110 6
36 1011011001 6
47 1110011111 8
50 0011111111 8
61 1110111110 8
72 1101110001 6

04 1111111000 7
15 1111100101 7
26 1111011111 9
37 1010001110 5
40 1111110111 9
51 1111111111 a
62 1101110111 8 match 5
73 1111111111 a

05 1110011000 5
16 1011111101 8
27 1110001110 6
30 0011100111 6
41 1110011111 8
52 1001111111 8
63 1111111111 a
74 0111111001 7

06 1111011001 7
17 1011101111 8
20 0111101111 8
31 1110011010 6
42 1101110111 8 match 5
53 1111111111 a
64 0111101110 7
75 1111110001 7

07 1110011110 7
10 0011100111 6
21 1110011110 7
32 1001110001 5
43 1111111111 a
54 0011111111 8
65 1110100110 6
76 1111111001 8

Matching output
0 absent
1 absent
2 absent
3 absent
4 absent
5 62 42
6 absent
7 absent

Left
none
Best: none

Right
none
Best: none

XOR-NOT
01 0010000010 2
12 1000010100 3
23 1001110001 5
34 0011101000 4
45 0010010111 5
56 1010100110 5
67 1110101000 5
70 0110010110 5

02 0101101001 5
13 1110011010 6
24 0101100110 5
35 1110000000 3
46 0111001110 6
57 1011110001 6
60 0111000001 4
71 1011101011 7

03 0011100111 6
14 0010001101 4
25 1000001110 4
36 1011011001 6
47 0110011001 5
50 0010011000 3
61 1010111100 6
72 1100000000 2

04 1111110000 6
15 1111100101 7
26 1101010111 7
37 1010001110 5
40 1111110000 6
51 1111100101 7
62 1101010111 7
73 1010001110 5

05 0010011000 3
16 1010111100 6
27 1100000000 2
30 0011100111 6
41 0010001101 4
52 1000001110 4
63 1011011001 6
74 0110011001 5

06 0111000001 4
17 1011101011 7
20 0101101001 5
31 1110011010 6
42 0101100110 5
53 1110000000 3
64 0111001110 6
75 1011110001 6

07 0110010110 5
10 0010000010 2
21 1000010100 3
32 1001110001 5
43 0011101000 4
54 0010010111 5
65 1010100110 5
76 1110101000 5

Matching output
0 absent
1 absent
2 absent
3 absent
4 absent
5 absent
6 absent
7 absent

Left
none
Best: none

Right
none
Best: none

Selecting

Lefts
Identity I7 0 1 2: 4
NOT none
Constant none
AND none
OR OR37: 1
XOR XOR37: 1
AND-NOT AND-NOT73: 1
OR-NOT none
XOR-NOT none

Rights
Identity I6: 1
NOT none
Constant none
AND none
OR OR36 25 14 03: 4
XOR XOR36: 1
AND-NOT AND-NOT63: 1
OR-NOT none
XOR-NOT none

Left longest: 4
Right longest: 4

Left winner: Identity yes, NOT no, Constant no, AND no, OR no, XOR no, AND-NOT no, OR-NOT no, XOR-NOT no
Right winner: Identity no, NOT no, Constant no, AND no, OR yes, XOR no, AND-NOT no, OR-NOT no, XOR-NOT no

Best left: I7 0 1 2: 4
Best right: OR36 25 14 03: 4

Truncated left: I7 0 1 2: 4
Truncated right: OR36 25 14 03: 4

Tentative from right
7 OR36
6 OR25
5 OR14
4 OR03
3 pending
2 pending
1 pending
0 pending

Tentative
0 I7
1 I0
2 I1
3 I2
4 OR03
5 OR14
6 OR25
7 OR36

Preferred from left
0 I7
1 I0
2 I1
3 I2
4 OR03
5 OR14
6 OR25
7 OR36

Preferred from right
7 OR36
6 OR25
5 OR14
4 OR03
3 I2
2 I1
1 I0
0 I7

Preferred
0 I7
1 I0
2 I1
3 I2
4 OR03
5 OR14
6 OR25
7 OR36

Matching
0 I7
1 I0
2 I1
3 I2
4 OR03
5 OR14
6 OR25
7 OR36

Perfect match
Identity no
NOT no
Constant no
AND no
OR no
XOR no
AND-NOT no
OR-NOT no
XOR-NOT no

Matched
0 I7
1 I0
2 I1
3 I2
4 OR03
5 OR14
6 OR25
7 OR36

Selected
0 I7
1 I0
2 I1
3 I2
4 OR03
5 OR14
6 OR25
7 OR36

Applying to 00111100
Input
0 0
1 0
2 1
3 1
4 1
5 1
6 0
7 0
Output
0 I7 = 0
1 I0 = 0
2 I1 = 0
3 I2 = 1
4 OR03 = OR(0,1) = 1
5 OR14 = OR(0,1) = 1
6 OR25 = OR(1,1) = 1
7 OR36 = OR(1,0) = 1

I will now return the answer in \boxed{}
The answer in \boxed{–} is \boxed{00011111}
[correct]
true
