[category]
bit_manipulation
[prompt]
In Alice's Wonderland, a secret bit manipulation rule transforms 8-bit binary numbers. The transformation involves operations like bit shifts, rotations, XOR, AND, OR, NOT, and possibly majority or choice functions.

Here are some examples of input -> output:
01110101 -> 00000011
01011000 -> 00000000
00011101 -> 01000000
00110000 -> 00000001
00110101 -> 00000001
11001101 -> 01001100
11011100 -> 00000100
00101100 -> 00000000
10011011 -> 11001000
01100000 -> 00000010

Now, determine the output for: 10111001
[completion]
We need to deduce the transformation by matching the example outputs.
I will put my final answer inside \boxed{}.

Output 0: 00000011
0 0
1 0
2 0
3 0
4 0
5 0
6 1
7 1

Output 1: 00000000
0 0
1 0
2 0
3 0
4 0
5 0
6 0
7 0

Output 2: 01000000
0 0
1 1
2 0
3 0
4 0
5 0
6 0
7 0

Output 3: 00000001
0 0
1 0
2 0
3 0
4 0
5 0
6 0
7 1

Output 4: 00000001
0 0
1 0
2 0
3 0
4 0
5 0
6 0
7 1

Output 5: 01001100
0 0
1 1
2 0
3 0
4 1
5 1
6 0
7 0

Output 6: 00000100
0 0
1 0
2 0
3 0
4 0
5 1
6 0
7 0

Output 7: 00000000
0 0
1 0
2 0
3 0
4 0
5 0
6 0
7 0

Output 8: 11001000
0 1
1 1
2 0
3 0
4 1
5 0
6 0
7 0

Output 9: 00000010
0 0
1 0
2 0
3 0
4 0
5 0
6 1
7 0

Output bit columns (with bitsum as hash)
0 0000000010 1
1 0010010010 3
2 0000000000 a
3 0000000000 a
4 0000010010 2
5 0000011000 2
6 1000000001 2
7 1001100000 3

Input 0: 01110101
0 0
1 1
2 1
3 1
4 0
5 1
6 0
7 1

Input 1: 01011000
0 0
1 1
2 0
3 1
4 1
5 0
6 0
7 0

Input 2: 00011101
0 0
1 0
2 0
3 1
4 1
5 1
6 0
7 1

Input 3: 00110000
0 0
1 0
2 1
3 1
4 0
5 0
6 0
7 0

Input 4: 00110101
0 0
1 0
2 1
3 1
4 0
5 1
6 0
7 1

Input 5: 11001101
0 1
1 1
2 0
3 0
4 1
5 1
6 0
7 1

Input 6: 11011100
0 1
1 1
2 0
3 1
4 1
5 1
6 0
7 0

Input 7: 00101100
0 0
1 0
2 1
3 0
4 1
5 1
6 0
7 0

Input 8: 10011011
0 1
1 0
2 0
3 1
4 1
5 0
6 1
7 1

Input 9: 01100000
0 0
1 1
2 1
3 0
4 0
5 0
6 0
7 0

When matching output
x: not in operator
y: wrong position

Identity
0 0000011010 3
1 1100011001 5
2 1001100101 5
3 1111101010 7
4 0110011110 6
5 1010111100 6
6 0000000010 1 match 0
7 1010110010 5

Matching output
0 6
1 absent
2 absent
3 absent
4 absent
5 absent
6 absent
7 absent

Left
6 7x
Best: I6: 1

Right
none
Best: none

NOT
0 1111100101 7
1 0011100110 5
2 0110011010 5
3 0000010101 3
4 1001100001 4
5 0101000011 4
6 1111111101 9
7 0101001101 5

Matching output
0 absent
1 absent
2 absent
3 absent
4 absent
5 absent
6 absent
7 absent

Left
none
Best: none

Right
none
Best: none

Constant
0 0000000000 a match 2 3
1 1111111111 a

Matching output
0 absent
1 absent
2 C0
3 C0
4 absent
5 absent
6 absent
7 absent

Left
none
Best: none

Right
none
Best: none

AND
01 10 0000011000 2 match 5
12 21 1000000001 2 match 6
23 32 1001100000 3 match 7
34 43 0110001010 4
45 54 0010011100 4
56 65 0000000000 a match 2 3
67 76 0000000010 1 match 0
70 07 0000010010 2 match 4

02 20 0000000000 a match 2 3
13 31 1100001000 3
24 42 0000000100 1
35 53 1010101000 4
46 64 0000000010 1 match 0
57 75 1010110000 4
60 06 0000000010 1 match 0
71 17 1000010000 2

03 30 0000001010 2
14 41 0100011000 3
25 52 1000100100 3
36 63 0000000010 1 match 0
47 74 0010010010 3 match 1
50 05 0000011000 2 match 5
61 16 0000000000 a match 2 3
72 27 1000100000 2

04 40 0000011010 3
15 51 1000011000 3
26 62 0000000000 a match 2 3
37 73 1010100010 4

Matching output
0 67 76 46 64 60 06 36 63
1 47 74
2 56 65 02 20 61 16 26 62
3 56 65 02 20 61 16 26 62
4 70 07
5 01 10 50 05
6 12 21
7 23 32

Left
67 70y
76 07y
46 57x
64 75x
60 71x
06 17x
36 47 50y
63 74 05y
Best: AND36 47: 2

Right
23 12 01 70 67y
32 21 10 07 76y
Best: AND23 12 01 70: 4

OR
01 10 1100011011 6
12 21 1101111101 8
23 32 1111101111 9
34 43 1111111110 9
45 54 1110111110 8
56 65 1010111110 7
67 76 1010110010 5
70 07 1010111010 6

02 20 1001111111 8
13 31 1111111011 9
24 42 1111111111 a
35 53 1111111110 9
46 64 0110011110 6
57 75 1010111110 7
60 06 0000011010 3
71 17 1110111011 8

03 30 1111111010 8
14 41 1110011111 8
25 52 1011111101 8
36 63 1111101010 7
47 74 1110111110 8
50 05 1010111110 7
61 16 1100011011 6
72 27 1011110111 8

04 40 0110011110 6
15 51 1110111101 8
26 62 1001100111 6
37 73 1111111010 8

Matching output
0 absent
1 absent
2 absent
3 absent
4 absent
5 absent
6 absent
7 absent

Left
none
Best: none

Right
none
Best: none

XOR
01 10 1100000011 4
12 21 0101111100 6
23 32 0110001111 6
34 43 1001110100 5
45 54 1100100010 4
56 65 1010111110 7
67 76 1010110000 4
70 07 1010101000 4

02 20 1001111111 8
13 31 0011110011 6
24 42 1111111011 9
35 53 0101010110 5
46 64 0110011100 5
57 75 0000001110 3
60 06 0000011000 2 match 5
71 17 0110101011 6

03 30 1111110000 6
14 41 1010000111 5
25 52 0011011001 5
36 63 1111101000 6
47 74 1100101100 5
50 05 1010100110 5
61 16 1100011011 6
72 27 0011010111 6

04 40 0110000100 3
15 51 0110100101 5
26 62 1001100111 6
37 73 0101011000 4

Matching output
0 absent
1 absent
2 absent
3 absent
4 absent
5 60 06
6 absent
7 absent

Left
none
Best: none

Right
none
Best: none

AND-NOT
01 0000000010 1 match 0
12 0100011000 3
23 0000000101 2
34 1001100000 3 match 7
45 0100000010 2
56 1010111100 6
67 0000000000 a match 2 3
70 1010100000 3

02 0000011010 3
13 0000010001 2
24 1001100001 4
35 0101000010 3
46 0110011100 5
57 0000001100 2
60 0000000000 a match 2 3
71 0010100010 3

03 0000010000 1
14 1000000001 2 match 6
25 0001000001 2
36 1111101000 6
47 0100001100 3
50 1010100100 4
61 0000000010 1 match 0
72 0010010010 3 match 1

04 0000000000 a match 2 3
15 0100000001 2
26 1001100101 5
37 0101001000 3
40 0110000100 3
51 0010100100 3
62 0000000010 1 match 0
73 0000010000 1

05 0000000010 1 match 0
16 1100011001 5
27 0001000101 3
30 1111100000 5
41 0010000110 3
52 0010011000 3
63 0000000000 a match 2 3
74 1000100000 2

06 0000011000 2 match 5
17 0100001001 3
20 1001100101 5
31 0011100010 4
42 0110011010 5
53 0000010100 2
64 0000000000 a match 2 3
75 0000000010 1 match 0

07 0000001000 1
10 1100000001 3
21 0001100100 3
32 0110001010 4
43 0000010100 2
54 1000100000 2
65 0000000010 1 match 0
76 1010110000 4

Matching output
0 01 61 62 05 75 65
1 72
2 67 60 04 63 64
3 67 60 04 63 64
4 absent
5 06
6 14
7 34

Left
01 12x
61 72 03x
62 73x
05 16x
75 06y
65 76x
Best: AND-NOT61 72: 2

Right
34 23x
Best: AND-NOT34: 1

OR-NOT
01 0011111110 7
12 1110011011 7
23 1001110101 6
34 1111101011 8
45 0111011111 8
56 1111111101 9
67 0101001111 6
70 1111110111 9

02 0110011010 5
13 1100011101 6
24 1001100101 5
35 1111101011 8
46 1111111111 a
57 1111111101 9
60 1111100111 8
71 1011110110 7

03 0000011111 5
14 1101111001 7
25 1101100111 7
36 1111111111 a
47 0111011111 8
50 1111111101 9
61 0011100110 5
72 1110111010 7

04 1001111011 7
15 1101011011 7
26 1111111101 9
37 1111101111 9
40 1111111111 a
51 1011111110 8
62 0110011010 5
73 1010110111 7

05 0101011011 6
16 1111111101 9
27 1101101101 7
30 1111101111 9
41 0111111110 8
52 1110111110 8
63 0000010111 4
74 1011110011 7

06 1111111111 a
17 1101011101 7
20 1111100101 7
31 1111101110 8
42 0110011110 6
53 1010111101 7
64 1001100011 5
75 1111110011 8

07 0101011111 7
10 1111111101 9
21 1011100111 7
32 1111111010 8
43 0110011111 7
54 1011111101 8
65 0101000011 4
76 1111111111 a

Matching output
0 absent
1 absent
2 absent
3 absent
4 absent
5 absent
6 absent
7 absent

Left
none
Best: none

Right
none
Best: none

XOR-NOT
01 0011111100 6
12 1010000011 4
23 1001110000 4
34 0110001011 5
45 0011011101 6
56 0101000001 3
67 0101001111 6
70 0101010111 6

02 0110000000 2
13 1100001100 4
24 0000000100 1
35 1010101001 5
46 1001100011 5
57 1111110001 7
60 1111100111 8
71 1001010100 4

03 0000001111 4
14 0101111000 5
25 1100100110 5
36 0000010111 4
47 0011010011 5
50 0101011001 5
61 0011100100 4
72 1100101000 4

04 1001111011 7
15 1001011010 5
26 0110011000 4
37 1010100111 6
40 1001111011 7
51 1001011010 5
62 0110011000 4
73 1010100111 6

05 0101011001 5
16 0011100100 4
27 1100101000 4
30 0000001111 4
41 0101111000 5
52 1100100110 5
63 0000010111 4
74 0011010011 5

06 1111100111 8
17 1001010100 4
20 0110000000 2
31 1100001100 4
42 0000000100 1
53 1010101001 5
64 1001100011 5
75 1111110001 7

07 0101010111 6
10 0011111100 6
21 1010000011 4
32 1001110000 4
43 0110001011 5
54 0011011101 6
65 0101000001 3
76 0101001111 6

Matching output
0 absent
1 absent
2 absent
3 absent
4 absent
5 absent
6 absent
7 absent

Left
none
Best: none

Right
none
Best: none

Selecting

Lefts
Identity I6: 1
NOT none
Constant none
AND AND36 47: 2
OR none
XOR none
AND-NOT AND-NOT61 72: 2
OR-NOT none
XOR-NOT none

Rights
Identity none
NOT none
Constant none
AND AND23 12 01 70: 4
OR none
XOR none
AND-NOT AND-NOT34: 1
OR-NOT none
XOR-NOT none

Left longest: 2
Right longest: 4

Right winner: Identity no, NOT no, Constant no, AND yes, OR no, XOR no, AND-NOT no, OR-NOT no, XOR-NOT no
Left winner: Identity no, NOT no, Constant no, AND yes, OR no, XOR no, AND-NOT no, OR-NOT no, XOR-NOT no

Best right: AND23 12 01 70: 4
Best left: AND36 47: 2

Truncated right: AND23 12 01 70: 4
Truncated left: AND36 47: 2

Tentative from right
7 AND23
6 AND12
5 AND01
4 AND70
3 pending
2 pending
1 pending
0 pending

Tentative
0 AND36
1 AND47
2 pending
3 pending
4 AND70
5 AND01
6 AND12
7 AND23

Preferred from right
7 AND23
6 AND12
5 AND01
4 AND70
3 ?67
2 ?56
1 AND47
0 AND36

Preferred from left
0 AND36
1 AND47
2 ?56
3 ?67
4 AND70
5 AND01
6 AND12
7 AND23

Preferred
0 AND36
1 AND47
2 ?56 ?65
3 ?67 ?76
4 AND70
5 AND01
6 AND12
7 AND23

Matching
0 AND36
1 AND47
2 ?56 ?65 - Identity absent, NOT absent, Constant C0, AND56, OR absent, XOR absent, AND-NOT absent, OR-NOT absent, XOR-NOT absent
3 ?67 ?76 - Identity absent, NOT absent, Constant C0, AND absent, OR absent, XOR absent, AND-NOT67, OR-NOT absent, XOR-NOT absent
4 AND70
5 AND01
6 AND12
7 AND23

Perfect match
Identity no
NOT no
Constant yes
AND no
OR no
XOR no
AND-NOT no
OR-NOT no
XOR-NOT no

Matched
0 AND36
1 AND47
2 C0
3 C0
4 AND70
5 AND01
6 AND12
7 AND23

Selected
0 AND36
1 AND47
2 C0
3 C0
4 AND70
5 AND01
6 AND12
7 AND23

Applying to 10111001
Input
0 1
1 0
2 1
3 1
4 1
5 0
6 0
7 1
Output
0 AND36 = AND(1,0) = 0
1 AND47 = AND(1,1) = 1
2 C0 = 0
3 C0 = 0
4 AND70 = AND(1,1) = 1
5 AND01 = AND(1,0) = 0
6 AND12 = AND(0,1) = 0
7 AND23 = AND(1,1) = 1

I will now return the answer in \boxed{}
The answer in \boxed{–} is \boxed{01001001}
[correct]
true
