[category]
bit_manipulation
[prompt]
In Alice's Wonderland, a secret bit manipulation rule transforms 8-bit binary numbers. The transformation involves operations like bit shifts, rotations, XOR, AND, OR, NOT, and possibly majority or choice functions.

Here are some examples of input -> output:
10101111 -> 11000010
11010110 -> 01000011
00100111 -> 10000000
10100010 -> 01000000
01111110 -> 00000001
10001011 -> 01000000
01100111 -> 10100001
00000001 -> 00000000
11110001 -> 00100000

Now, determine the output for: 01100000
[completion]
We need to deduce the transformation by matching the example outputs.
I will put my final answer inside \boxed{}.

Output 0: 11000010
0 1
1 1
2 0
3 0
4 0
5 0
6 1
7 0

Output 1: 01000011
0 0
1 1
2 0
3 0
4 0
5 0
6 1
7 1

Output 2: 10000000
0 1
1 0
2 0
3 0
4 0
5 0
6 0
7 0

Output 3: 01000000
0 0
1 1
2 0
3 0
4 0
5 0
6 0
7 0

Output 4: 00000001
0 0
1 0
2 0
3 0
4 0
5 0
6 0
7 1

Output 5: 01000000
0 0
1 1
2 0
3 0
4 0
5 0
6 0
7 0

Output 6: 10100001
0 1
1 0
2 1
3 0
4 0
5 0
6 0
7 1

Output 7: 00000000
0 0
1 0
2 0
3 0
4 0
5 0
6 0
7 0

Output 8: 00100000
0 0
1 0
2 1
3 0
4 0
5 0
6 0
7 0

Output bit columns (with bitsum as hash)
0 101000100 3
1 110101000 4
2 000000101 2
3 000000000 a
4 000000000 a
5 000000000 a
6 110000000 2
7 010010100 3

Input 0: 10101111
0 1
1 0
2 1
3 0
4 1
5 1
6 1
7 1

Input 1: 11010110
0 1
1 1
2 0
3 1
4 0
5 1
6 1
7 0

Input 2: 00100111
0 0
1 0
2 1
3 0
4 0
5 1
6 1
7 1

Input 3: 10100010
0 1
1 0
2 1
3 0
4 0
5 0
6 1
7 0

Input 4: 01111110
0 0
1 1
2 1
3 1
4 1
5 1
6 1
7 0

Input 5: 10001011
0 1
1 0
2 0
3 0
4 1
5 0
6 1
7 1

Input 6: 01100111
0 0
1 1
2 1
3 0
4 0
5 1
6 1
7 1

Input 7: 00000001
0 0
1 0
2 0
3 0
4 0
5 0
6 0
7 1

Input 8: 11110001
0 1
1 1
2 1
3 1
4 0
5 0
6 0
7 1

When matching output
x: not in operator
y: wrong position

Identity
0 110101001 5
1 010010101 4
2 101110101 6
3 010010001 3
4 100011000 3
5 111010100 5
6 111111100 7
7 101001111 6

Matching output
0 absent
1 absent
2 absent
3 absent
4 absent
5 absent
6 absent
7 absent

Left
none
Best: none

Right
none
Best: none

NOT
0 001010110 4
1 101101010 5
2 010001010 3
3 101101110 6
4 011100111 6
5 000101011 4
6 000000011 2
7 010110000 3

Matching output
0 absent
1 absent
2 absent
3 absent
4 absent
5 absent
6 absent
7 absent

Left
none
Best: none

Right
none
Best: none

Constant
0 000000000 a match 3 4 5
1 111111111 a

Matching output
0 absent
1 absent
2 absent
3 C0
4 C0
5 C0
6 absent
7 absent

Left
none
Best: none

Right
none
Best: none

AND
01 10 010000001 2
12 21 000010101 3
23 32 000010001 2
34 43 000010000 1
45 54 100010000 2
56 65 111010100 5
67 76 101001100 4
70 07 100001001 3

02 20 100100001 3
13 31 010010001 3
24 42 100010000 2
35 53 010010000 2
46 64 100011000 3
57 75 101000100 3 match 0
60 06 110101000 4 match 1
71 17 000000101 2 match 2

03 30 010000001 2
14 41 000010000 1
25 52 101010100 4
36 63 010010000 2
47 74 100001000 2
50 05 110000000 2 match 6
61 16 010010100 3 match 7
72 27 101000101 4

04 40 100001000 2
15 51 010010100 3 match 7
26 62 101110100 5
37 73 000000001 1

Matching output
0 57 75
1 60 06
2 71 17
3 absent
4 absent
5 absent
6 50 05
7 61 16 15 51

Left
57 60 71 02x
75 06 17 20x
Best: AND57 60 71: 3

Right
61 50 47x
16 05 74x
15 04x
51 40x
Best: AND61 50: 2

OR
01 10 110111101 7
12 21 111110101 7
23 32 111110101 7
34 43 110011001 5
45 54 111011100 6
56 65 111111100 7
67 76 111111111 a
70 07 111101111 8

02 20 111111101 8
13 31 010010101 4
24 42 101111101 7
35 53 111010101 6
46 64 111111100 7
57 75 111011111 8
60 06 111111101 8
71 17 111011111 8

03 30 110111001 6
14 41 110011101 6
25 52 111110101 7
36 63 111111101 8
47 74 101011111 7
50 05 111111101 8
61 16 111111101 8
72 27 101111111 8

04 40 110111001 6
15 51 111010101 6
26 62 111111101 8
37 73 111011111 8

Matching output
0 absent
1 absent
2 absent
3 absent
4 absent
5 absent
6 absent
7 absent

Left
none
Best: none

Right
none
Best: none

XOR
01 10 100111100 5
12 21 111100000 4
23 32 111100100 5
34 43 110001001 4
45 54 011001100 4
56 65 000101000 2
67 76 010110011 5
70 07 011100110 5

02 20 011011100 5
13 31 000000100 1
24 42 001101101 5
35 53 101000101 4
46 64 011100100 4
57 75 010011011 5
60 06 001010101 4
71 17 111011010 6

03 30 100111000 4
14 41 110001101 5
25 52 010100001 3
36 63 101101101 6
47 74 001010111 5
50 05 001111101 6
61 16 101101001 5
72 27 000111010 4

04 40 010110001 4
15 51 101000001 3
26 62 010001001 3
37 73 111011110 7

Matching output
0 absent
1 absent
2 absent
3 absent
4 absent
5 absent
6 absent
7 absent

Left
none
Best: none

Right
none
Best: none

AND-NOT
01 100101000 3
12 010000000 1
23 101100100 4
34 010000001 2
45 000001000 1
56 000000000 a match 3 4 5
67 010110000 3
70 001000110 3

02 010001000 2
13 000000100 1
24 001100101 4
35 000000001 1
46 000000000 a match 3 4 5
57 010010000 2
60 001010100 3
71 101001010 4

03 100101000 3
14 010000101 3
25 000100001 2
36 000000001 1
47 000010000 1
50 001010100 3
61 101101000 4
72 000001010 2

04 010100001 3
15 000000001 1
26 000000001 1
37 010010000 2
40 000010000 1
51 101000000 2
62 010001000 2
73 101001110 5

05 000101001 3
16 000000001 1
27 000110000 2
30 000010000 1
41 100001000 2
52 010000000 1
63 101101100 5
74 001000111 4

06 000000001 1
17 010010000 2
20 001010100 3
31 000000000 a match 3 4 5
42 000001000 1
53 101000100 3 match 0
64 011100100 4
75 000001011 3

07 010100000 2
10 000010100 2
21 101100000 3
32 010000000 1
43 100001000 2
54 011000100 3
65 000101000 2
76 000000011 2

Matching output
0 53
1 absent
2 absent
3 56 46 31
4 56 46 31
5 56 46 31
6 absent
7 absent

Left
53 64x
Best: AND-NOT53: 1

Right
none
Best: none

OR-NOT
01 111101011 7
12 010011111 6
23 101111111 8
34 011110111 7
45 100111011 6
56 111010111 7
67 111111100 7
70 101011111 7

02 110101011 6
13 111111111 a
24 111110111 8
35 010111011 6
46 100011011 5
57 111110100 6
60 111111110 8
71 101101111 7

03 111101111 8
14 011110111 7
25 101111111 8
36 010010011 4
47 110111000 5
50 111010110 6
61 111111110 8
72 111001111 7

04 111101111 8
15 010111111 7
26 101110111 7
37 010110001 4
40 101011110 6
51 111111110 8
62 111111110 8
73 101101111 7

05 110101011 6
16 010010111 5
27 111110101 7
30 011010111 6
41 101111010 6
52 111011110 7
63 111111110 8
74 111101111 8

06 110101011 6
17 010110101 5
20 101110111 7
31 111111011 8
42 110011010 5
53 111111110 8
64 111111111 a
75 101101111 7

07 110111001 6
10 011010111 6
21 101111111 8
32 010011011 5
43 101111110 7
54 111110111 8
65 111111111 a
76 101001111 6

Matching output
0 absent
1 absent
2 absent
3 absent
4 absent
5 absent
6 absent
7 absent

Left
none
Best: none

Right
none
Best: none

XOR-NOT
01 011000011 4
12 000011111 5
23 000011011 4
34 001110110 5
45 100110011 5
56 111010111 7
67 101001100 4
70 100011001 4

02 100100011 4
13 111111011 8
24 110010010 4
35 010111010 5
46 100011011 5
57 101100100 4
60 110101010 5
71 000100101 3

03 011000111 5
14 001110010 4
25 101011110 6
36 010010010 3
47 110101000 4 match 1
50 110000010 3
61 010010110 4
72 111000101 5

04 101001110 5
15 010111110 6
26 101110110 6
37 000100001 2
40 101001110 5
51 010111110 6
62 101110110 6
73 000100001 2

05 110000010 3
16 010010110 4
27 111000101 5
30 011000111 5
41 001110010 4
52 101011110 6
63 010010010 3
74 110101000 4 match 1

06 110101010 5
17 000100101 3
20 100100011 4
31 111111011 8
42 110010010 4
53 010111010 5
64 100011011 5
75 101100100 4

07 100011001 4
10 011000011 4
21 000011111 5
32 000011011 4
43 001110110 5
54 100110011 5
65 111010111 7
76 101001100 4

Matching output
0 absent
1 47 74
2 absent
3 absent
4 absent
5 absent
6 absent
7 absent

Left
none
Best: none

Right
none
Best: none

Selecting

Lefts
Identity none
NOT none
Constant none
AND AND57 60 71: 3
OR none
XOR none
AND-NOT AND-NOT53: 1
OR-NOT none
XOR-NOT none

Rights
Identity none
NOT none
Constant none
AND AND61 50: 2
OR none
XOR none
AND-NOT none
OR-NOT none
XOR-NOT none

Left longest: 3
Right longest: 2

Left winner: Identity no, NOT no, Constant no, AND yes, OR no, XOR no, AND-NOT no, OR-NOT no, XOR-NOT no
Right winner: Identity no, NOT no, Constant no, AND yes, OR no, XOR no, AND-NOT no, OR-NOT no, XOR-NOT no

Best left: AND57 60 71: 3
Best right: AND61 50: 2

Truncated left: AND57 60 71: 3
Truncated right: AND61 50: 2

Tentative from right
7 AND61
6 AND50
5 pending
4 pending
3 pending
2 pending
1 pending
0 pending

Tentative
0 AND57
1 AND60
2 AND71
3 pending
4 pending
5 pending
6 AND50
7 AND61

Preferred from left
0 AND57
1 AND60
2 AND71
3 ?02
4 ?13
5 ?24
6 AND50
7 AND61

Preferred from right
7 AND61
6 AND50
5 ?24
4 ?13
3 ?02
2 AND71
1 AND60
0 AND57

Preferred
0 AND57
1 AND60
2 AND71
3 ?02 ?20
4 ?13 ?31
5 ?24 ?42
6 AND50
7 AND61

Matching
0 AND57
1 AND60
2 AND71
3 ?02 ?20 - Identity absent, NOT absent, Constant C0, AND absent, OR absent, XOR absent, AND-NOT absent, OR-NOT absent, XOR-NOT absent
4 ?13 ?31 - Identity absent, NOT absent, Constant C0, AND absent, OR absent, XOR absent, AND-NOT31, OR-NOT absent, XOR-NOT absent
5 ?24 ?42 - Identity absent, NOT absent, Constant C0, AND absent, OR absent, XOR absent, AND-NOT absent, OR-NOT absent, XOR-NOT absent
6 AND50
7 AND61

Perfect match
Identity no
NOT no
Constant yes
AND no
OR no
XOR no
AND-NOT no
OR-NOT no
XOR-NOT no

Matched
0 AND57
1 AND60
2 AND71
3 C0
4 C0
5 C0
6 AND50
7 AND61

Selected
0 AND57
1 AND60
2 AND71
3 C0
4 C0
5 C0
6 AND50
7 AND61

Applying to 01100000
Input
0 0
1 1
2 1
3 0
4 0
5 0
6 0
7 0
Output
0 AND57 = AND(0,0) = 0
1 AND60 = AND(0,0) = 0
2 AND71 = AND(0,1) = 0
3 C0 = 0
4 C0 = 0
5 C0 = 0
6 AND50 = AND(0,0) = 0
7 AND61 = AND(0,1) = 0

I will now return the answer in \boxed{}
The answer in \boxed{–} is \boxed{00000000}
[correct]
true
