[category]
bit_manipulation
[prompt]
In Alice's Wonderland, a secret bit manipulation rule transforms 8-bit binary numbers. The transformation involves operations like bit shifts, rotations, XOR, AND, OR, NOT, and possibly majority or choice functions.

Here are some examples of input -> output:
00110110 -> 00101100
11100010 -> 10000101
11110011 -> 10000111
01110011 -> 10000110
00010010 -> 00100100
00010101 -> 00001010
01010111 -> 00001110
00101100 -> 01011000
10100101 -> 01001011
00110010 -> 00100100

Now, determine the output for: 11010001
[completion]
We need to deduce the transformation by matching the example outputs.
I will put my final answer inside \boxed{}.

Output 0: 00101100
0 0
1 0
2 1
3 0
4 1
5 1
6 0
7 0

Output 1: 10000101
0 1
1 0
2 0
3 0
4 0
5 1
6 0
7 1

Output 2: 10000111
0 1
1 0
2 0
3 0
4 0
5 1
6 1
7 1

Output 3: 10000110
0 1
1 0
2 0
3 0
4 0
5 1
6 1
7 0

Output 4: 00100100
0 0
1 0
2 1
3 0
4 0
5 1
6 0
7 0

Output 5: 00001010
0 0
1 0
2 0
3 0
4 1
5 0
6 1
7 0

Output 6: 00001110
0 0
1 0
2 0
3 0
4 1
5 1
6 1
7 0

Output 7: 01011000
0 0
1 1
2 0
3 1
4 1
5 0
6 0
7 0

Output 8: 01001011
0 0
1 1
2 0
3 0
4 1
5 0
6 1
7 1

Output 9: 00100100
0 0
1 0
2 1
3 0
4 0
5 1
6 0
7 0

Output bit columns (with bitsum as hash)
0 0111000000 3
1 0000000110 2
2 1000100001 3
3 0000000100 1
4 1000011110 5
5 1111101001 7
6 0011011010 5
7 0110000010 3

Input 0: 00110110
0 0
1 0
2 1
3 1
4 0
5 1
6 1
7 0

Input 1: 11100010
0 1
1 1
2 1
3 0
4 0
5 0
6 1
7 0

Input 2: 11110011
0 1
1 1
2 1
3 1
4 0
5 0
6 1
7 1

Input 3: 01110011
0 0
1 1
2 1
3 1
4 0
5 0
6 1
7 1

Input 4: 00010010
0 0
1 0
2 0
3 1
4 0
5 0
6 1
7 0

Input 5: 00010101
0 0
1 0
2 0
3 1
4 0
5 1
6 0
7 1

Input 6: 01010111
0 0
1 1
2 0
3 1
4 0
5 1
6 1
7 1

Input 7: 00101100
0 0
1 0
2 1
3 0
4 1
5 1
6 0
7 0

Input 8: 10100101
0 1
1 0
2 1
3 0
4 0
5 1
6 0
7 1

Input 9: 00110010
0 0
1 0
2 1
3 1
4 0
5 0
6 1
7 0

When matching output
x: not in operator
y: wrong position

Identity
0 0110000010 3 match 7
1 0111001000 4
2 1111000111 7
3 1011111001 7
4 0000000100 1 match 3
5 1000011110 5 match 4
6 1111101001 7 match 5
7 0011011010 5 match 6

Matching output
0 absent
1 absent
2 absent
3 4
4 5
5 6
6 7
7 0

Left
none
Best: none

Right
0 7 6 5 4 3x
Best: I0 7 6 5 4: 5

NOT
0 1001111101 7
1 1000110111 6
2 0000111000 3
3 0100000110 3
4 1111111011 9
5 0111100001 5
6 0000010110 3
7 1100100101 5

Matching output
0 absent
1 absent
2 absent
3 absent
4 absent
5 absent
6 absent
7 absent

Left
none
Best: none

Right
none
Best: none

Constant
0 0000000000 a
1 1111111111 a

Matching output
0 absent
1 absent
2 absent
3 absent
4 absent
5 absent
6 absent
7 absent

Left
none
Best: none

Right
none
Best: none

AND
01 10 0110000000 2
12 21 0111000000 3 match 0
23 32 1011000001 4
34 43 0000000000 a
45 54 0000000100 1 match 3
56 65 1000001000 2
67 76 0011001000 3
70 07 0010000010 2

02 20 0110000010 3 match 7
13 31 0011001000 3
24 42 0000000100 1 match 3
35 53 1000011000 3
46 64 0000000000 a
57 75 0000011010 3
60 06 0110000000 2
71 17 0011001000 3

03 30 0010000000 1
14 41 0000000000 a
25 52 1000000110 3
36 63 1011101001 6
47 74 0000000000 a
50 05 0000000010 1
61 16 0111001000 4
72 27 0011000010 3

04 40 0000000000 a
15 51 0000001000 1
26 62 1111000001 5
37 73 0011011000 4

Matching output
0 12 21
1 absent
2 absent
3 45 54 24 42
4 absent
5 absent
6 absent
7 02 20

Left
12 23x
21 32x
Best: AND12: 1

Right
02 71x
20 17x
Best: AND02: 1

OR
01 10 0111001010 5
12 21 1111001111 8
23 32 1111111111 a
34 43 1011111101 8
45 54 1000011110 5 match 4
56 65 1111111111 a
67 76 1111111011 9
70 07 0111011010 6

02 20 1111000111 7
13 31 1111111001 8
24 42 1111000111 7
35 53 1011111111 9
46 64 1111101101 8
57 75 1011011110 7
60 06 1111101011 8
71 17 0111011010 6

03 30 1111111011 9
14 41 0111001100 5
25 52 1111011111 9
36 63 1111111001 8
47 74 0011011110 6
50 05 1110011110 7
61 16 1111101001 7 match 5
72 27 1111011111 9

04 40 0110000110 4
15 51 1111011110 8
26 62 1111101111 9
37 73 1011111011 8

Matching output
0 absent
1 absent
2 absent
3 absent
4 45 54
5 61 16
6 absent
7 absent

Left
none
Best: none

Right
none
Best: none

XOR
01 10 0001001010 3
12 21 1000001111 5
23 32 0100111110 6
34 43 1011111101 8
45 54 1000011010 4
56 65 0111110111 8
67 76 1100110011 6
70 07 0101011000 4

02 20 1001000101 4
13 31 1100110001 5
24 42 1111000011 6
35 53 0011100111 6
46 64 1111101101 8
57 75 1011000100 4
60 06 1001101011 6
71 17 0100010010 3

03 30 1101111011 8
14 41 0111001100 5
25 52 0111011001 6
36 63 0100010000 2
47 74 0011011110 6
50 05 1110011100 6
61 16 1000100001 3 match 2
72 27 1100011101 6

04 40 0110000110 4
15 51 1111010110 7
26 62 0000101110 4
37 73 1000100011 4

Matching output
0 absent
1 absent
2 61 16
3 absent
4 absent
5 absent
6 absent
7 absent

Left
none
Best: none

Right
none
Best: none

AND-NOT
01 0000000010 1
12 0000001000 1
23 0100000110 3
34 1011111001 7
45 0000000000 a
56 0000010110 3
67 1100100001 4
70 0001011000 3

02 0000000000 a
13 0100000000 1
24 1111000011 6
35 0011100001 4
46 0000000100 1 match 3
57 1000000100 2
60 1001101001 5
71 0000010010 2

03 0100000010 2
14 0111001000 4
25 0111000001 4
36 0000010000 1
47 0000000100 1 match 3
50 1000011100 4
61 1000100001 3 match 2
72 0000011000 2

04 0110000010 3 match 7
15 0111000000 3 match 0
26 0000000110 2 match 1
37 1000100001 3 match 2
40 0000000100 1 match 3
51 1000010110 4
62 0000101000 2
73 0000000010 1

05 0110000000 2
16 0000000000 a
27 1100000101 4
30 1001111001 6
41 0000000100 1 match 3
52 0000011000 2
63 0100000000 1
74 0011011010 5 match 6

06 0000000010 1
17 0100000000 1
20 1001000101 4
31 1000110001 4
42 0000000000 a
53 0000000110 2 match 1
64 1111101001 7 match 5
75 0011000000 2

07 0100000000 1
10 0001001000 2
21 1000000111 4
32 0000111000 3
43 0000000100 1 match 3
54 1000011010 4
65 0111100001 5
76 0000010010 2

Matching output
0 15
1 26 53
2 61 37
3 46 47 40 41 43
4 absent
5 64
6 74
7 04

Left
15 26 37 40 51x
Best: AND-NOT15 26 37 40: 4

Right
04 73x
Best: AND-NOT04: 1

OR-NOT
01 1110110111 8
12 0111111000 6
23 1111000111 7
34 1111111011 9
45 0111100101 6
56 1000011110 5 match 4
67 1111101101 8
70 1011111111 9

02 0110111010 6
13 0111001110 6
24 1111111111 a
35 1111111001 8
46 0000010110 3
57 1100111111 8
60 1111111101 9
71 1011111111 9

03 0110000110 4
14 1111111011 9
25 1111100111 8
36 1011111111 9
47 1100100101 5
50 1001111111 8
61 1111111111 a
72 0011111010 6

04 1111111011 9
15 0111101001 6
26 1111010111 8
37 1111111101 9
40 1001111101 7
51 1000111111 7
62 1111111001 8
73 0111011110 7

05 0111100011 6
16 0111011110 7
27 1111100111 8
30 1011111101 8
41 1000110111 6
52 1000111110 6
63 1111101111 9
74 1111111011 9

06 0110010110 5
17 1111101101 8
20 1111111111 a
31 1011111111 9
42 0000111100 4
53 1100011110 6
64 1111111011 9
75 0111111011 8

07 1110100111 7
10 1111111101 9
21 1111110111 9
32 1011111001 7
43 0100000110 3
54 1111111111 a
65 1111101001 7 match 5
76 0011011110 6

Matching output
0 absent
1 absent
2 absent
3 absent
4 56
5 65
6 absent
7 absent

Left
none
Best: none

Right
none
Best: none

XOR-NOT
01 1110110101 7
12 0111110000 5
23 1011000001 4
34 0100000010 2
45 0111100101 6
56 1000001000 2
67 0011001100 4
70 1010100111 6

02 0110111010 6
13 0011001110 5
24 0000111100 4
35 1100011000 4
46 0000010010 2
57 0100111011 6
60 0110010100 4
71 1011101101 7

03 0010000100 2
14 1000110011 5
25 1000100110 4
36 1011101111 8
47 1100100001 4
50 0001100011 4
61 0111011110 7
72 0011100010 4

04 1001111001 6
15 0000101001 3
26 1111010001 6
37 0111011100 6
40 1001111001 6
51 0000101001 3
62 1111010001 6
73 0111011100 6

05 0001100011 4
16 0111011110 7
27 0011100010 4
30 0010000100 2
41 1000110011 5
52 1000100110 4
63 1011101111 8
74 1100100001 4

06 0110010100 4
17 1011101101 7
20 0110111010 6
31 0011001110 5
42 0000111100 4
53 1100011000 4
64 0000010010 2
75 0100111011 6

07 1010100111 6
10 1110110101 7
21 0111110000 5
32 1011000001 4
43 0100000010 2
54 0111100101 6
65 1000001000 2
76 0011001100 4

Matching output
0 absent
1 absent
2 absent
3 absent
4 absent
5 absent
6 absent
7 absent

Left
none
Best: none

Right
none
Best: none

Selecting

Lefts
Identity none
NOT none
Constant none
AND AND12: 1
OR none
XOR none
AND-NOT AND-NOT15 26 37 40: 4
OR-NOT none
XOR-NOT none

Rights
Identity I0 7 6 5 4: 5
NOT none
Constant none
AND AND02: 1
OR none
XOR none
AND-NOT AND-NOT04: 1
OR-NOT none
XOR-NOT none

Left longest: 4
Right longest: 5

Right winner: Identity yes, NOT no, Constant no, AND no, OR no, XOR no, AND-NOT no, OR-NOT no, XOR-NOT no
Left winner: Identity no, NOT no, Constant no, AND no, OR no, XOR no, AND-NOT yes, OR-NOT no, XOR-NOT no

Best right: I0 7 6 5 4: 5
Best left: AND-NOT15 26 37 40: 4

Truncated right: I0 7 6 5 4: 5
Truncated left: AND-NOT15 26 37: 3 truncated

Tentative from right
7 I0
6 I7
5 I6
4 I5
3 I4
2 pending
1 pending
0 pending

Tentative
0 AND-NOT15
1 AND-NOT26
2 AND-NOT37
3 I4
4 I5
5 I6
6 I7
7 I0

Preferred from right
7 I0
6 I7
5 I6
4 I5
3 I4
2 AND-NOT37
1 AND-NOT26
0 AND-NOT15

Preferred from left
0 AND-NOT15
1 AND-NOT26
2 AND-NOT37
3 I4
4 I5
5 I6
6 I7
7 I0

Preferred
0 AND-NOT15
1 AND-NOT26
2 AND-NOT37
3 I4
4 I5
5 I6
6 I7
7 I0

Matching
0 AND-NOT15
1 AND-NOT26
2 AND-NOT37
3 I4
4 I5
5 I6
6 I7
7 I0

Perfect match
Identity no
NOT no
Constant no
AND no
OR no
XOR no
AND-NOT no
OR-NOT no
XOR-NOT no

Matched
0 AND-NOT15
1 AND-NOT26
2 AND-NOT37
3 I4
4 I5
5 I6
6 I7
7 I0

Selected
0 AND-NOT15
1 AND-NOT26
2 AND-NOT37
3 I4
4 I5
5 I6
6 I7
7 I0

Applying to 11010001
Input
0 1
1 1
2 0
3 1
4 0
5 0
6 0
7 1
Output
0 AND-NOT15 = AND(1,NOT(0)) = 1
1 AND-NOT26 = AND(0,NOT(0)) = 0
2 AND-NOT37 = AND(1,NOT(1)) = 0
3 I4 = 0
4 I5 = 0
5 I6 = 0
6 I7 = 1
7 I0 = 1

I will now return the answer in \boxed{}
The answer in \boxed{–} is \boxed{10000011}
[correct]
true
