[category]
bit_manipulation
[prompt]
In Alice's Wonderland, a secret bit manipulation rule transforms 8-bit binary numbers. The transformation involves operations like bit shifts, rotations, XOR, AND, OR, NOT, and possibly majority or choice functions.

Here are some examples of input -> output:
10101001 -> 01001010
00011011 -> 11000000
01011001 -> 01000100
11111110 -> 10111111
01100111 -> 00011000
10000101 -> 00101000
11000010 -> 00010000

Now, determine the output for: 00111011
[completion]
We need to deduce the transformation by matching the example outputs.
I will put my final answer inside \boxed{}.

Output 0: 01001010
0 0
1 1
2 0
3 0
4 1
5 0
6 1
7 0

Output 1: 11000000
0 1
1 1
2 0
3 0
4 0
5 0
6 0
7 0

Output 2: 01000100
0 0
1 1
2 0
3 0
4 0
5 1
6 0
7 0

Output 3: 10111111
0 1
1 0
2 1
3 1
4 1
5 1
6 1
7 1

Output 4: 00011000
0 0
1 0
2 0
3 1
4 1
5 0
6 0
7 0

Output 5: 00101000
0 0
1 0
2 1
3 0
4 1
5 0
6 0
7 0

Output 6: 00010000
0 0
1 0
2 0
3 1
4 0
5 0
6 0
7 0

Output bit columns (with bitsum as hash)
0 0101000 2
1 1110000 3
2 0001010 2
3 0001101 3
4 1001110 4
5 0011000 2
6 1001000 2
7 0001000 1

Input 0: 10101001
0 1
1 0
2 1
3 0
4 1
5 0
6 0
7 1

Input 1: 00011011
0 0
1 0
2 0
3 1
4 1
5 0
6 1
7 1

Input 2: 01011001
0 0
1 1
2 0
3 1
4 1
5 0
6 0
7 1

Input 3: 11111110
0 1
1 1
2 1
3 1
4 1
5 1
6 1
7 0

Input 4: 01100111
0 0
1 1
2 1
3 0
4 0
5 1
6 1
7 1

Input 5: 10000101
0 1
1 0
2 0
3 0
4 0
5 1
6 0
7 1

Input 6: 11000010
0 1
1 1
2 0
3 0
4 0
5 0
6 1
7 0

When matching output
x: not in operator
y: wrong position

Identity
0 1001011 4
1 0011101 4
2 1001100 3
3 0111000 3
4 1111000 4
5 0001110 3
6 0101101 4
7 1110110 5

Matching output
0 absent
1 absent
2 absent
3 absent
4 absent
5 absent
6 absent
7 absent

Left
none
Best: none

Right
none
Best: none

NOT
0 0110100 3
1 1100010 3
2 0110011 4
3 1000111 4
4 0000111 3
5 1110001 4
6 1010010 3
7 0001001 2

Matching output
0 absent
1 absent
2 absent
3 absent
4 absent
5 absent
6 absent
7 absent

Left
none
Best: none

Right
none
Best: none

Constant
0 0000000 a
1 1111111 a

Matching output
0 absent
1 absent
2 absent
3 absent
4 absent
5 absent
6 absent
7 absent

Left
none
Best: none

Right
none
Best: none

AND
01 10 0001001 2
12 21 0001100 2
23 32 0001000 1 match 7
34 43 0111000 3
45 54 0001000 1 match 7
56 65 0001100 2
67 76 0100100 2
70 07 1000010 2

02 20 1001000 2 match 6
13 31 0011000 2 match 5
24 42 1001000 2 match 6
35 53 0001000 1 match 7
46 64 0101000 2 match 0
57 75 0000110 2
60 06 0001001 2
71 17 0010100 2

03 30 0001000 1 match 7
14 41 0011000 2 match 5
25 52 0001100 2
36 63 0101000 2 match 0
47 74 1110000 3 match 1
50 05 0001010 2 match 2
61 16 0001101 3 match 3
72 27 1000100 2

04 40 1001000 2 match 6
15 51 0001100 2
26 62 0001100 2
37 73 0110000 2

Matching output
0 46 64 36 63
1 47 74
2 50 05
3 61 16
4 absent
5 13 31 14 41
6 02 20 24 42 04 40
7 23 32 45 54 35 53 03 30

Left
46 57x
64 75x
36 47 50 61 72x
63 74 05 16 27x
Best: AND36 47 50 61: 4

Right
23 12x
32 21x
45 34x
54 43x
35 24 13 02y
53 42 31 20y
03 72x
30 27x
Best: AND35 24 13: 3

OR
01 10 1011111 6
12 21 1011101 5
23 32 1111100 5
34 43 1111000 4
45 54 1111110 6
56 65 0101111 5
67 76 1111111 a
70 07 1111111 a

02 20 1001111 5
13 31 0111101 5
24 42 1111100 5
35 53 0111110 5
46 64 1111101 6
57 75 1111110 6
60 06 1101111 6
71 17 1111111 a

03 30 1111011 6
14 41 1111101 6
25 52 1001110 4 match 4
36 63 0111101 5
47 74 1111110 6
50 05 1001111 5
61 16 0111101 5
72 27 1111110 6

04 40 1111011 6
15 51 0011111 5
26 62 1101101 5
37 73 1111110 6

Matching output
0 absent
1 absent
2 absent
3 absent
4 25 52
5 absent
6 absent
7 absent

Left
none
Best: none

Right
none
Best: none

XOR
01 10 1010110 4
12 21 1010001 3
23 32 1110100 4
34 43 1000000 1
45 54 1110110 5
56 65 0100011 3
67 76 1011011 5
70 07 0111101 5

02 20 0000111 3
13 31 0100101 3
24 42 0110100 3
35 53 0110110 4
46 64 1010101 4
57 75 1111000 4
60 06 1100110 4
71 17 1101011 5

03 30 1110011 5
14 41 1100101 4
25 52 1000010 2
36 63 0010101 3
47 74 0001110 3
50 05 1000101 3
61 16 0110000 2
72 27 0111010 4

04 40 0110011 4
15 51 0010011 3
26 62 1100001 3
37 73 1001110 4 match 4

Matching output
0 absent
1 absent
2 absent
3 absent
4 37 73
5 absent
6 absent
7 absent

Left
none
Best: none

Right
none
Best: none

AND-NOT
01 1000010 2
12 0010001 2
23 1000100 2
34 0000000 a
45 1110000 3 match 1
56 0000010 1
67 0001001 2
70 0110100 3

02 0000011 2
13 0000101 2
24 0000100 1
35 0110000 2
46 1010000 2
57 0001000 1 match 7
60 0100100 2
71 1100010 3

03 1000011 3
14 0000101 2
25 1000000 1
36 0010000 1
47 0001000 1 match 7
50 0000100 1
61 0100000 1
72 0110010 3

04 0000011 2
15 0010001 2
26 1000000 1
37 0001000 1 match 7
40 0110000 2
51 0000010 1
62 0100001 2
73 1000110 3

05 1000001 2
16 0010000 1
27 0001000 1 match 7
30 0110000 2
41 1100000 2
52 0000010 1
63 0000101 2
74 0000110 2

06 1000010 2
17 0001001 2
20 0000100 1
31 0100000 1
42 0110000 2
53 0000110 2
64 0000101 2
75 1110000 3 match 1

07 0001001 2
10 0010100 2
21 1000000 1
32 0110000 2
43 1000000 1
54 0000110 2
65 0100001 2
76 1010010 3

Matching output
0 absent
1 45 75
2 absent
3 absent
4 absent
5 absent
6 absent
7 57 47 37 27

Left
none
Best: none

Right
57 46x
47 36x
37 26x
27 16x
Best: AND-NOT57: 1

OR-NOT
01 1101011 5
12 0111111 6
23 1001111 5
34 0111111 6
45 1111001 5
56 1011110 5
67 0101101 4
70 1110110 5

02 1111011 6
13 1011111 6
24 1001111 5
35 1111001 5
46 1111010 5
57 0001111 4
60 0111101 5
71 1110110 5

03 1001111 5
14 0011111 5
25 1111101 6
36 1111010 5
47 1111001 5
50 0111110 5
61 1101111 6
72 1110111 6

04 1001111 5
15 1111101 6
26 1011110 5
37 0111001 4
40 1111100 5
51 1101110 5
62 0111111 6
73 1110111 6

05 1111011 6
16 1011111 6
27 1001101 4
30 0111100 4
41 1111010 5
52 0111111 6
63 1101111 6
74 1110111 6

06 1011011 5
17 0011101 4
20 1111100 5
31 1111010 5
42 1111011 6
53 1001111 5
64 0101111 5
75 1110111 6

07 1001011 4
10 0111101 5
21 1101110 5
32 0111011 5
43 1111111 a
54 0001111 4
65 1111101 6
76 1110110 5

Matching output
0 absent
1 absent
2 absent
3 absent
4 absent
5 absent
6 absent
7 absent

Left
none
Best: none

Right
none
Best: none

XOR-NOT
01 0101001 3
12 0101110 4
23 0001011 3
34 0111111 6
45 0001001 2
56 1011100 4
67 0100100 2
70 1000010 2

02 1111000 4
13 1011010 4
24 1001011 4
35 1001001 3
46 0101010 3
57 0000111 3
60 0011001 3
71 0010100 2

03 0001100 2
14 0011010 3
25 0111101 5
36 1101010 4
47 1110001 4
50 0111010 4
61 1001111 5
72 1000101 3

04 1001100 3
15 1101100 4
26 0011110 4
37 0110001 3
40 1001100 3
51 1101100 4
62 0011110 4
73 0110001 3

05 0111010 4
16 1001111 5
27 1000101 3
30 0001100 2
41 0011010 3
52 0111101 5
63 1101010 4
74 1110001 4

06 0011001 3
17 0010100 2
20 1111000 4
31 1011010 4
42 1001011 4
53 1001001 3
64 0101010 3
75 0000111 3

07 1000010 2
10 0101001 3
21 0101110 4
32 0001011 3
43 0111111 6
54 0001001 2
65 1011100 4
76 0100100 2

Matching output
0 absent
1 absent
2 absent
3 absent
4 absent
5 absent
6 absent
7 absent

Left
none
Best: none

Right
none
Best: none

Selecting

Lefts
Identity none
NOT none
Constant none
AND AND36 47 50 61: 4
OR none
XOR none
AND-NOT none
OR-NOT none
XOR-NOT none

Rights
Identity none
NOT none
Constant none
AND AND35 24 13: 3
OR none
XOR none
AND-NOT AND-NOT57: 1
OR-NOT none
XOR-NOT none

Left longest: 4
Right longest: 3

Left winner: Identity no, NOT no, Constant no, AND yes, OR no, XOR no, AND-NOT no, OR-NOT no, XOR-NOT no
Right winner: Identity no, NOT no, Constant no, AND yes, OR no, XOR no, AND-NOT no, OR-NOT no, XOR-NOT no

Best left: AND36 47 50 61: 4
Best right: AND35 24 13: 3

Truncated left: AND36 47 50 61: 4
Truncated right: AND35 24 13: 3

Tentative from right
7 AND35
6 AND24
5 AND13
4 pending
3 pending
2 pending
1 pending
0 pending

Tentative
0 AND36
1 AND47
2 AND50
3 AND61
4 pending
5 AND13
6 AND24
7 AND35

Preferred from left
0 AND36
1 AND47
2 AND50
3 AND61
4 ?72
5 AND13
6 AND24
7 AND35

Preferred from right
7 AND35
6 AND24
5 AND13
4 ?72
3 AND61
2 AND50
1 AND47
0 AND36

Preferred
0 AND36
1 AND47
2 AND50
3 AND61
4 ?72 ?27
5 AND13
6 AND24
7 AND35

Matching
0 AND36
1 AND47
2 AND50
3 AND61
4 ?72 ?27 - Identity absent, NOT absent, Constant absent, AND absent, OR absent, XOR absent, AND-NOT absent, OR-NOT absent, XOR-NOT absent
5 AND13
6 AND24
7 AND35

Perfect match
Identity no
NOT no
Constant no
AND no
OR no
XOR no
AND-NOT no
OR-NOT no
XOR-NOT no

Matched
0 AND36
1 AND47
2 AND50
3 AND61
4 none
5 AND13
6 AND24
7 AND35

Selected
0 AND36
1 AND47
2 AND50
3 AND61
4 default 1
5 AND13
6 AND24
7 AND35

Applying to 00111011
Input
0 0
1 0
2 1
3 1
4 1
5 0
6 1
7 1
Output
0 AND36 = AND(1,1) = 1
1 AND47 = AND(1,1) = 1
2 AND50 = AND(0,0) = 0
3 AND61 = AND(1,0) = 0
4 default 1 = 1
5 AND13 = AND(0,1) = 0
6 AND24 = AND(1,1) = 1
7 AND35 = AND(1,0) = 0

I will now return the answer in \boxed{}
The answer in \boxed{–} is \boxed{11001010}
[correct]
true
