[category]
bit_manipulation
[prompt]
In Alice's Wonderland, a secret bit manipulation rule transforms 8-bit binary numbers. The transformation involves operations like bit shifts, rotations, XOR, AND, OR, NOT, and possibly majority or choice functions.

Here are some examples of input -> output:
00000001 -> 00100000
10111101 -> 10100001
11110101 -> 10100001
00001011 -> 01100000
10110110 -> 11000001
10000111 -> 11100001
10110010 -> 01000001
11111100 -> 10000001
11011011 -> 01100001
10010101 -> 10100001

Now, determine the output for: 01001101
[completion]
We need to deduce the transformation by matching the example outputs.
I will put my final answer inside \boxed{}.

Output 0: 00100000
0 0
1 0
2 1
3 0
4 0
5 0
6 0
7 0

Output 1: 10100001
0 1
1 0
2 1
3 0
4 0
5 0
6 0
7 1

Output 2: 10100001
0 1
1 0
2 1
3 0
4 0
5 0
6 0
7 1

Output 3: 01100000
0 0
1 1
2 1
3 0
4 0
5 0
6 0
7 0

Output 4: 11000001
0 1
1 1
2 0
3 0
4 0
5 0
6 0
7 1

Output 5: 11100001
0 1
1 1
2 1
3 0
4 0
5 0
6 0
7 1

Output 6: 01000001
0 0
1 1
2 0
3 0
4 0
5 0
6 0
7 1

Output 7: 10000001
0 1
1 0
2 0
3 0
4 0
5 0
6 0
7 1

Output 8: 01100001
0 0
1 1
2 1
3 0
4 0
5 0
6 0
7 1

Output 9: 10100001
0 1
1 0
2 1
3 0
4 0
5 0
6 0
7 1

Output bit columns (with bitsum as hash)
0 0110110101 6
1 0001111010 5
2 1111010011 7
3 0000000000 a
4 0000000000 a
5 0000000000 a
6 0000000000 a
7 0110111111 8

Input 0: 00000001
0 0
1 0
2 0
3 0
4 0
5 0
6 0
7 1

Input 1: 10111101
0 1
1 0
2 1
3 1
4 1
5 1
6 0
7 1

Input 2: 11110101
0 1
1 1
2 1
3 1
4 0
5 1
6 0
7 1

Input 3: 00001011
0 0
1 0
2 0
3 0
4 1
5 0
6 1
7 1

Input 4: 10110110
0 1
1 0
2 1
3 1
4 0
5 1
6 1
7 0

Input 5: 10000111
0 1
1 0
2 0
3 0
4 0
5 1
6 1
7 1

Input 6: 10110010
0 1
1 0
2 1
3 1
4 0
5 0
6 1
7 0

Input 7: 11111100
0 1
1 1
2 1
3 1
4 1
5 1
6 0
7 0

Input 8: 11011011
0 1
1 1
2 0
3 1
4 1
5 0
6 1
7 1

Input 9: 10010101
0 1
1 0
2 0
3 1
4 0
5 1
6 0
7 1

When matching output
x: not in operator
y: wrong position

Identity
0 0110111111 8 match 7
1 0010000110 3
2 0110101100 5
3 0110101111 7
4 0101000110 4
5 0110110101 6 match 0
6 0001111010 5 match 1
7 1111010011 7 match 2

Matching output
0 5
1 6
2 7
3 absent
4 absent
5 absent
6 absent
7 0

Left
5 6 7 0y
Best: I5 6 7: 3

Right
0 7y
Best: I0: 1

NOT
0 1001000000 2
1 1101111001 7
2 1001010011 5
3 1001010000 3
4 1010111001 6
5 1001001010 4
6 1110000101 5
7 0000101100 3

Matching output
0 absent
1 absent
2 absent
3 absent
4 absent
5 absent
6 absent
7 absent

Left
none
Best: none

Right
none
Best: none

Constant
0 0000000000 a match 3 4 5 6
1 1111111111 a

Matching output
0 absent
1 absent
2 absent
3 C0
4 C0
5 C0
6 C0
7 absent

Left
none
Best: none

Right
none
Best: none

AND
01 10 0010000110 3
12 21 0010000100 2
23 32 0110101100 5
34 43 0100000110 3
45 54 0100000100 2
56 65 0000110000 2
67 76 0001010010 3
70 07 0110010011 5

02 20 0110101100 5
13 31 0010000110 3
24 42 0100000100 2
35 53 0110100101 5
46 64 0001000010 2
57 75 0110010001 4
60 06 0000111010 4
71 17 0010000010 2

03 30 0110101111 7
14 41 0000000110 2
25 52 0110100100 4
36 63 0000101010 3
47 74 0101000010 3
50 05 0110110101 6 match 0
61 16 0000000010 1
72 27 0110000000 2

04 40 0100000110 3
15 51 0010000100 2
26 62 0000101000 2
37 73 0110000011 4

Matching output
0 50 05
1 absent
2 absent
3 absent
4 absent
5 absent
6 absent
7 absent

Left
50 61x
05 16x
Best: AND50: 1

Right
none
Best: none

OR
01 10 0110111111 8 match 7
12 21 0110101110 6
23 32 0110101111 7
34 43 0111101111 8
45 54 0111110111 8
56 65 0111111111 9
67 76 1111111011 9
70 07 1111111111 a

02 20 0110111111 8 match 7
13 31 0110101111 7
24 42 0111101110 7
35 53 0110111111 8 match 7
46 64 0101111110 7
57 75 1111110111 9
60 06 0111111111 9
71 17 1111010111 8

03 30 0110111111 8 match 7
14 41 0111000110 5
25 52 0110111101 7
36 63 0111111111 9
47 74 1111010111 8
50 05 0110111111 8 match 7
61 16 0011111110 7
72 27 1111111111 a

04 40 0111111111 9
15 51 0110110111 7
26 62 0111111110 8
37 73 1111111111 a

Matching output
0 absent
1 absent
2 absent
3 absent
4 absent
5 absent
6 absent
7 01 10 02 20 35 53 03 30 50 05

Left
none
Best: none

Right
01 70x
10 07x
02 71x
20 17x
35 24x
53 42x
03 72x
30 27x
50 47x
05 74x
Best: OR01: 1

XOR
01 10 0100111001 5
12 21 0100101010 4
23 32 0000000011 2
34 43 0011101001 5
45 54 0011110011 6
56 65 0111001111 7
67 76 1110101001 6
70 07 1001101100 5

02 20 0000010011 3
13 31 0100101001 4
24 42 0011101010 5
35 53 0000011010 3
46 64 0100111100 5
57 75 1001100110 5
60 06 0111000101 5
71 17 1101010101 6

03 30 0000010000 1
14 41 0111000000 3
25 52 0000011001 3
36 63 0111010101 6
47 74 1010010101 5
50 05 0000001010 2
61 16 0011111100 6
72 27 1001111111 8

04 40 0011111001 6
15 51 0100110011 5
26 62 0111010110 6
37 73 1001111100 6

Matching output
0 absent
1 absent
2 absent
3 absent
4 absent
5 absent
6 absent
7 absent

Left
none
Best: none

Right
none
Best: none

AND-NOT
01 0100111001 5
12 0000000010 1
23 0000000000 a match 3 4 5 6
34 0010101001 4
45 0001000010 2
56 0110000101 4
67 0000101000 2
70 1001000000 2

02 0000010011 3
13 0000000000 a match 3 4 5 6
24 0010101000 3
35 0000001010 2
46 0100000100 2
57 0000100100 2
60 0001000000 1
71 1101010001 5

03 0000010000 1
14 0010000000 1
25 0000001000 1
36 0110000101 4
47 0000000100 1
50 0000000000 a match 3 4 5 6
61 0001111000 4
72 1001010011 5

04 0010111001 5
15 0000000010 1
26 0110000100 3
37 0000101100 3
40 0001000000 1
51 0100110001 4
62 0001010010 3
73 1001010000 3

05 0000001010 2
16 0010000100 2
27 0000101100 3
30 0000000000 a match 3 4 5 6
41 0101000000 2
52 0000010001 2
63 0001010000 2
74 1010010001 4

06 0110000101 4
17 0000000100 1
20 0000000000 a match 3 4 5 6
31 0100101001 4
42 0001000010 2
53 0000010000 1
64 0000111000 3
75 1001000010 3

07 0000101100 3
10 0000000000 a match 3 4 5 6
21 0100101000 3
32 0000000011 2
43 0001000000 1
54 0010110001 4
65 0001001010 3
76 1110000001 4

Matching output
0 absent
1 absent
2 absent
3 23 13 50 30 20 10
4 23 13 50 30 20 10
5 23 13 50 30 20 10
6 23 13 50 30 20 10
7 absent

Left
none
Best: none

Right
none
Best: none

OR-NOT
01 1111111111 a
12 1011010111 7
23 1111111100 8
34 1110111111 9
45 1101001110 6
56 1110110101 7
67 0001111110 6
70 1111010011 7 match 2

02 1111111111 a
13 1011010110 6
24 1110111101 8
35 1111101111 9
46 1111000111 7
57 0110111101 7
60 1001111010 6
71 1111111011 9

03 1111111111 a
14 1010111111 8
25 1111101110 8
36 1110101111 8
47 0101101110 6
50 1111110101 8
61 1101111011 8
72 1111010011 7 match 2

04 1110111111 9
15 1011001110 6
26 1110101101 7
37 0110101111 7
40 1101000110 5
51 1111111101 9
62 1001111011 7
73 1111010011 7 match 2

05 1111111111 a
16 1110000111 6
27 0110101100 5
30 1111101111 9
41 1101111111 9
52 1111110111 9
63 1001111010 6
74 1111111011 9

06 1110111111 9
17 0010101110 5
20 1111101100 7
31 1111111111 a
42 1101010111 7
53 1111110101 8
64 1011111011 8
75 1111011011 8

07 0110111111 8 match 7
10 1011000110 5
21 1111111101 9
32 1111111111 a
43 1101010110 6
54 1110111101 8
65 1001111010 6
76 1111010111 8

Matching output
0 absent
1 absent
2 70 72 73
3 absent
4 absent
5 absent
6 absent
7 07

Left
none
Best: none

Right
07 76x
Best: OR-NOT07: 1

XOR-NOT
01 1011000110 5
12 1011010101 6
23 1111111100 8
34 1100010110 5
45 1100001100 4
56 1000110000 3
67 0001010110 4
70 0110010011 5

02 1111101100 7
13 1011010110 6
24 1100010101 5
35 1111100101 7
46 1011000011 5
57 0110011001 5
60 1000111010 5
71 0010101010 4

03 1111101111 9
14 1000111111 7
25 1111100110 7
36 1000101010 4
47 0101101010 5
50 1111110101 8
61 1100000011 4
72 0110000000 2

04 1100000110 4
15 1011001100 5
26 1000101001 4
37 0110000011 4
40 1100000110 4
51 1011001100 5
62 1000101001 4
73 0110000011 4

05 1111110101 8
16 1100000011 4
27 0110000000 2
30 1111101111 9
41 1000111111 7
52 1111100110 7
63 1000101010 4
74 0101101010 5

06 1000111010 5
17 0010101010 4
20 1111101100 7
31 1011010110 6
42 1100010101 5
53 1111100101 7
64 1011000011 5
75 0110011001 5

07 0110010011 5
10 1011000110 5
21 1011010101 6
32 1111111100 8
43 1100010110 5
54 1100001100 4
65 1000110000 3
76 0001010110 4

Matching output
0 absent
1 absent
2 absent
3 absent
4 absent
5 absent
6 absent
7 absent

Left
none
Best: none

Right
none
Best: none

Selecting

Lefts
Identity I5 6 7: 3
NOT none
Constant none
AND AND50: 1
OR none
XOR none
AND-NOT none
OR-NOT none
XOR-NOT none

Rights
Identity I0: 1
NOT none
Constant none
AND none
OR OR01: 1
XOR none
AND-NOT none
OR-NOT OR-NOT07: 1
XOR-NOT none

Left longest: 3
Right longest: 1

Left winner: Identity yes, NOT no, Constant no, AND no, OR no, XOR no, AND-NOT no, OR-NOT no, XOR-NOT no
Right winner: Identity yes, NOT no, Constant no, AND no, OR no, XOR no, AND-NOT no, OR-NOT no, XOR-NOT no

Best left: I5 6 7: 3
Best right: I0: 1

Truncated left: I5 6 7: 3
Truncated right: I0: 1

Tentative from right
7 I0
6 pending
5 pending
4 pending
3 pending
2 pending
1 pending
0 pending

Tentative
0 I5
1 I6
2 I7
3 pending
4 pending
5 pending
6 pending
7 I0

Preferred from left
0 I5
1 I6
2 I7
3 ?0?
4 ?1?
5 ?2?
6 ?3?
7 I0

Preferred from right
7 I0
6 ?37
5 ?26
4 ?15
3 ?04
2 I7
1 I6
0 I5

Preferred
0 I5
1 I6
2 I7
3 ?04 ?40
4 ?15 ?51
5 ?26 ?62
6 ?37 ?73
7 I0

Matching
0 I5
1 I6
2 I7
3 ?04 ?40 - Identity absent, NOT absent, Constant C0, AND absent, OR absent, XOR absent, AND-NOT absent, OR-NOT absent, XOR-NOT absent
4 ?15 ?51 - Identity absent, NOT absent, Constant C0, AND absent, OR absent, XOR absent, AND-NOT absent, OR-NOT absent, XOR-NOT absent
5 ?26 ?62 - Identity absent, NOT absent, Constant C0, AND absent, OR absent, XOR absent, AND-NOT absent, OR-NOT absent, XOR-NOT absent
6 ?37 ?73 - Identity absent, NOT absent, Constant C0, AND absent, OR absent, XOR absent, AND-NOT absent, OR-NOT absent, XOR-NOT absent
7 I0

Perfect match
Identity no
NOT no
Constant yes
AND no
OR no
XOR no
AND-NOT no
OR-NOT no
XOR-NOT no

Matched
0 I5
1 I6
2 I7
3 C0
4 C0
5 C0
6 C0
7 I0

Selected
0 I5
1 I6
2 I7
3 C0
4 C0
5 C0
6 C0
7 I0

Applying to 01001101
Input
0 0
1 1
2 0
3 0
4 1
5 1
6 0
7 1
Output
0 I5 = 1
1 I6 = 0
2 I7 = 1
3 C0 = 0
4 C0 = 0
5 C0 = 0
6 C0 = 0
7 I0 = 0

I will now return the answer in \boxed{}
The answer in \boxed{–} is \boxed{10100000}
[correct]
true
