[category]
bit_manipulation
[prompt]
In Alice's Wonderland, a secret bit manipulation rule transforms 8-bit binary numbers. The transformation involves operations like bit shifts, rotations, XOR, AND, OR, NOT, and possibly majority or choice functions.

Here are some examples of input -> output:
00000111 -> 00001110
01101001 -> 11010010
11100111 -> 11001111
11111010 -> 11110101
11000010 -> 10000101
00101101 -> 01011010
00101111 -> 01011110
11101110 -> 11011101
00100110 -> 01001100
01110011 -> 11100110

Now, determine the output for: 01110110
[completion]
We need to deduce the transformation by matching the example outputs.
I will put my final answer inside \boxed{}.

Output 0: 00001110
0 0
1 0
2 0
3 0
4 1
5 1
6 1
7 0

Output 1: 11010010
0 1
1 1
2 0
3 1
4 0
5 0
6 1
7 0

Output 2: 11001111
0 1
1 1
2 0
3 0
4 1
5 1
6 1
7 1

Output 3: 11110101
0 1
1 1
2 1
3 1
4 0
5 1
6 0
7 1

Output 4: 10000101
0 1
1 0
2 0
3 0
4 0
5 1
6 0
7 1

Output 5: 01011010
0 0
1 1
2 0
3 1
4 1
5 0
6 1
7 0

Output 6: 01011110
0 0
1 1
2 0
3 1
4 1
5 1
6 1
7 0

Output 7: 11011101
0 1
1 1
2 0
3 1
4 1
5 1
6 0
7 1

Output 8: 01001100
0 0
1 1
2 0
3 0
4 1
5 1
6 0
7 0

Output 9: 11100110
0 1
1 1
2 1
3 0
4 0
5 1
6 1
7 0

Output bit columns (with bitsum as hash)
0 0111100101 6
1 0111011111 8
2 0001000001 2
3 0101011100 5
4 1010011110 6
5 1011101111 8
6 1110011001 6
7 0011100100 4

Input 0: 00000111
0 0
1 0
2 0
3 0
4 0
5 1
6 1
7 1

Input 1: 01101001
0 0
1 1
2 1
3 0
4 1
5 0
6 0
7 1

Input 2: 11100111
0 1
1 1
2 1
3 0
4 0
5 1
6 1
7 1

Input 3: 11111010
0 1
1 1
2 1
3 1
4 1
5 0
6 1
7 0

Input 4: 11000010
0 1
1 1
2 0
3 0
4 0
5 0
6 1
7 0

Input 5: 00101101
0 0
1 0
2 1
3 0
4 1
5 1
6 0
7 1

Input 6: 00101111
0 0
1 0
2 1
3 0
4 1
5 1
6 1
7 1

Input 7: 11101110
0 1
1 1
2 1
3 0
4 1
5 1
6 1
7 0

Input 8: 00100110
0 0
1 0
2 1
3 0
4 0
5 1
6 1
7 0

Input 9: 01110011
0 0
1 1
2 1
3 1
4 0
5 0
6 1
7 1

When matching output
x: not in operator
y: wrong position

Identity
0 0011100100 4 match 7
1 0111100101 6 match 0
2 0111011111 8 match 1
3 0001000001 2 match 2
4 0101011100 5 match 3
5 1010011110 6 match 4
6 1011101111 8 match 5
7 1110011001 6 match 6

Matching output
0 1
1 2
2 3
3 4
4 5
5 6
6 7
7 0

Left
1 2 3 4 5 6 7 0
Best: I1 2 3 4 5 6 7 0: 8

Right
0 7 6 5 4 3 2 1
Best: I0 7 6 5 4 3 2 1: 8

NOT
0 1100011011 6
1 1000011010 4
2 1000100000 2
3 1110111110 8
4 1010100011 5
5 0101100001 4
6 0100010000 2
7 0001100110 4

Matching output
0 absent
1 absent
2 absent
3 absent
4 absent
5 absent
6 absent
7 absent

Left
none
Best: none

Right
none
Best: none

Constant
0 0000000000 a
1 1111111111 a

Matching output
0 absent
1 absent
2 absent
3 absent
4 absent
5 absent
6 absent
7 absent

Left
none
Best: none

Right
none
Best: none

AND
01 10 0011100100 4 match 7
12 21 0111000101 5
23 32 0001000001 2 match 2
34 43 0001000000 1
45 54 0000011100 3
56 65 1010001110 5
67 76 1010001001 4
70 07 0010000000 1

02 20 0011000100 3
13 31 0001000001 2 match 2
24 42 0101011100 5 match 3
35 53 0000000000 a
46 64 0001001100 3
57 75 1010011000 4
60 06 0011100100 4 match 7
71 17 0110000001 3

03 30 0001000000 1
14 41 0101000100 3
25 52 0010011110 5
36 63 0001000001 2 match 2
47 74 0100011000 3
50 05 0010000100 2
61 16 0011100101 5
72 27 0110011001 5

04 40 0001000100 2
15 51 0010000100 2
26 62 0011001111 6
37 73 0000000001 1

Matching output
0 absent
1 absent
2 23 32 13 31 36 63
3 24 42
4 absent
5 absent
6 absent
7 01 10 60 06

Left
none
Best: none

Right
01 70x
10 07x
60 57x
06 75x
Best: AND01: 1

OR
01 10 0111100101 6 match 0
12 21 0111111111 9
23 32 0111011111 8 match 1
34 43 0101011101 6
45 54 1111011110 8
56 65 1011111111 9
67 76 1111111111 a
70 07 1111111101 9

02 20 0111111111 9
13 31 0111100101 6 match 0
24 42 0111011111 8 match 1
35 53 1011011111 8
46 64 1111111111 a
57 75 1110011111 8
60 06 1011101111 8 match 5
71 17 1111111101 9

03 30 0011100101 5
14 41 0111111101 8
25 52 1111011111 9
36 63 1011101111 8 match 5
47 74 1111011101 8
50 05 1011111110 8
61 16 1111101111 9
72 27 1111011111 9

04 40 0111111100 7
15 51 1111111111 a
26 62 1111111111 a
37 73 1111011001 7

Matching output
0 01 10 13 31
1 23 32 24 42
2 absent
3 absent
4 absent
5 60 06 36 63
6 absent
7 absent

Left
01 12x
10 21x
13 24 35x
31 42 53x
Best: OR13 24: 2

Right
none
Best: none

XOR
01 10 0100000001 2
12 21 0000111010 4
23 32 0110011110 6
34 43 0100011101 5
45 54 1111000010 5
56 65 0001110001 4
67 76 0101110110 6
70 07 1101111101 8

02 20 0100111011 6
13 31 0110100100 4
24 42 0010000011 3
35 53 1011011111 8
46 64 1110110011 7
57 75 0100000111 4
60 06 1000001011 4
71 17 1001111100 6

03 30 0010100101 4
14 41 0010111001 5
25 52 1101000001 4
36 63 1010101110 6
47 74 1011000101 5
50 05 1001111010 6
61 16 1100001010 4
72 27 1001000110 4

04 40 0110111000 5
15 51 1101111011 8
26 62 1100110000 4
37 73 1111011000 6

Matching output
0 absent
1 absent
2 absent
3 absent
4 absent
5 absent
6 absent
7 absent

Left
none
Best: none

Right
none
Best: none

AND-NOT
01 0000000000 a
12 0000100000 1
23 0110011110 6
34 0000000001 1
45 0101000000 2
56 0000010000 1
67 0001100110 4
70 1100011001 5

02 0000100000 1
13 0110100100 4
24 0010000011 3
35 0001000001 2 match 2
46 0100010000 2
57 0000000110 2
60 1000001011 4
71 1000011000 3

03 0010100100 3
14 0010100001 3
25 0101000001 3
36 0000000000 a
47 0001000100 2
50 1000011010 4
61 1000001010 3
72 1000000000 1

04 0010100000 2
15 0101100001 4
26 0100010000 2
37 0001000000 1
40 0100011000 3
51 1000011010 4
62 1000100000 2
73 1110011000 5

05 0001100000 2
16 0100000000 1
27 0001000110 3
30 0000000001 1
41 0000011000 2
52 1000000000 1
63 1010101110 6
74 1010000001 3

06 0000000000 a
17 0001100100 3
20 0100011011 5
31 0000000000 a
42 0000000000 a
53 1010011110 6 match 4
64 1010100011 5
75 0100000001 2

07 0001100100 3
10 0100000001 2
21 0000011010 3
32 0000000000 a
43 0100011100 4
54 1010000010 3
65 0001100001 3
76 0100010000 2

Matching output
0 absent
1 absent
2 35
3 absent
4 53
5 absent
6 absent
7 absent

Left
none
Best: none

Right
none
Best: none

OR-NOT
01 1011111110 8
12 1111100101 7
23 1111111111 a
34 1011100011 6
45 0101111101 7
56 1110011110 7
67 1011101111 8 match 5
70 1110011011 7

02 1011100100 5
13 1111111111 a
24 1111111111 a
35 0101100001 4
46 0101011100 5 match 3
57 1011111110 8
60 1111111111 a
71 1110011011 7

03 1111111110 9
14 1111100111 8
25 0111111111 9
36 0101010001 4
47 0101111110 7
50 1110011111 8
61 1011111111 9
72 1110111001 7

04 1011100111 7
15 0111100101 6 match 0
26 0111011111 8 match 1
37 0001100111 5
40 1101011111 8
51 1010011110 6 match 4
62 1011101111 8 match 5
73 1110111111 9

05 0111100101 6 match 0
16 0111110101 7
27 0111111111 9
30 1101011011 7
41 1101011110 7
52 1010111110 7
63 1111111111 a
74 1110111011 8

06 0111110100 6
17 0111100111 7
20 1111011111 9
31 1001011011 6
42 1101111100 7
53 1110111110 8
64 1011101111 8 match 5
75 1111111001 8

07 0011100110 5
10 1111111111 a
21 1111011111 9
32 1001100001 4
43 1111111110 9
54 1010111111 8
65 1111101111 9
76 1110011001 6 match 6

Matching output
0 15 05
1 26
2 absent
3 46
4 51
5 67 62 64
6 76
7 absent

Left
15 26 37x
05 16x
Best: OR-NOT15 26: 2

Right
none
Best: none

XOR-NOT
01 1011111110 8
12 1111000101 6
23 1001100001 4
34 1011100010 5
45 0000111101 5
56 1110001110 6
67 1010001001 4
70 0010000010 2

02 1011000100 4
13 1001011011 6
24 1101111100 7
35 0100100000 2
46 0001001100 3
57 1011111000 6
60 0111110100 6
71 0110000011 4

03 1101011010 6
14 1101000110 5
25 0010111110 6
36 0101010001 4
47 0100111010 5
50 0110000101 4
61 0011110101 6
72 0110111001 6

04 1001000111 5
15 0010000100 2
26 0011001111 6
37 0000100111 4
40 1001000111 5
51 0010000100 2
62 0011001111 6
73 0000100111 4

05 0110000101 4
16 0011110101 6
27 0110111001 6
30 1101011010 6
41 1101000110 5
52 0010111110 6
63 0101010001 4
74 0100111010 5

06 0111110100 6
17 0110000011 4
20 1011000100 4
31 1001011011 6
42 1101111100 7
53 0100100000 2
64 0001001100 3
75 1011111000 6

07 0010000010 2
10 1011111110 8
21 1111000101 6
32 1001100001 4
43 1011100010 5
54 0000111101 5
65 1110001110 6
76 1010001001 4

Matching output
0 absent
1 absent
2 absent
3 absent
4 absent
5 absent
6 absent
7 absent

Left
none
Best: none

Right
none
Best: none

Selecting

Lefts
Identity I1 2 3 4 5 6 7 0: 8
NOT none
Constant none
AND none
OR OR13 24: 2
XOR none
AND-NOT none
OR-NOT OR-NOT15 26: 2
XOR-NOT none

Rights
Identity I0 7 6 5 4 3 2 1: 8
NOT none
Constant none
AND AND01: 1
OR none
XOR none
AND-NOT none
OR-NOT none
XOR-NOT none

Left longest: 8
Right longest: 8

Left winner: Identity yes, NOT no, Constant no, AND no, OR no, XOR no, AND-NOT no, OR-NOT no, XOR-NOT no
Right winner: Identity yes, NOT no, Constant no, AND no, OR no, XOR no, AND-NOT no, OR-NOT no, XOR-NOT no

Best left: I1 2 3 4 5 6 7 0: 8
Best right: I0 7 6 5 4 3 2 1: 8

Truncated left: I1 2 3 4 5 6 7 0: 8
Truncated right: none truncated

Tentative from right
7 pending
6 pending
5 pending
4 pending
3 pending
2 pending
1 pending
0 pending

Tentative
0 I1
1 I2
2 I3
3 I4
4 I5
5 I6
6 I7
7 I0

Preferred from left
0 I1
1 I2
2 I3
3 I4
4 I5
5 I6
6 I7
7 I0

Preferred from right
7 I0
6 I7
5 I6
4 I5
3 I4
2 I3
1 I2
0 I1

Preferred
0 I1
1 I2
2 I3
3 I4
4 I5
5 I6
6 I7
7 I0

Matching
0 I1
1 I2
2 I3
3 I4
4 I5
5 I6
6 I7
7 I0

Perfect match
Identity no
NOT no
Constant no
AND no
OR no
XOR no
AND-NOT no
OR-NOT no
XOR-NOT no

Matched
0 I1
1 I2
2 I3
3 I4
4 I5
5 I6
6 I7
7 I0

Selected
0 I1
1 I2
2 I3
3 I4
4 I5
5 I6
6 I7
7 I0

Applying to 01110110
Input
0 0
1 1
2 1
3 1
4 0
5 1
6 1
7 0
Output
0 I1 = 1
1 I2 = 1
2 I3 = 1
3 I4 = 0
4 I5 = 1
5 I6 = 1
6 I7 = 0
7 I0 = 0

I will now return the answer in \boxed{}
The answer in \boxed{–} is \boxed{11101100}
[correct]
true
