[category]
bit_manipulation
[prompt]
In Alice's Wonderland, a secret bit manipulation rule transforms 8-bit binary numbers. The transformation involves operations like bit shifts, rotations, XOR, AND, OR, NOT, and possibly majority or choice functions.

Here are some examples of input -> output:
11011001 -> 10110100
11100000 -> 11000111
10011110 -> 00111000
00100100 -> 01001001
11101011 -> 11010001
10101000 -> 01010101
01110111 -> 11101101
01011110 -> 10111110
00010111 -> 00101110

Now, determine the output for: 01111101
[completion]
We need to deduce the transformation by matching the example outputs.
I will put my final answer inside \boxed{}.

Output 0: 10110100
0 1
1 0
2 1
3 1
4 0
5 1
6 0
7 0

Output 1: 11000111
0 1
1 1
2 0
3 0
4 0
5 1
6 1
7 1

Output 2: 00111000
0 0
1 0
2 1
3 1
4 1
5 0
6 0
7 0

Output 3: 01001001
0 0
1 1
2 0
3 0
4 1
5 0
6 0
7 1

Output 4: 11010001
0 1
1 1
2 0
3 1
4 0
5 0
6 0
7 1

Output 5: 01010101
0 0
1 1
2 0
3 1
4 0
5 1
6 0
7 1

Output 6: 11101101
0 1
1 1
2 1
3 0
4 1
5 1
6 0
7 1

Output 7: 10111110
0 1
1 0
2 1
3 1
4 1
5 1
6 1
7 0

Output 8: 00101110
0 0
1 0
2 1
3 0
4 1
5 1
6 1
7 0

Output bit columns (with bitsum as hash)
0 110010110 5
1 010111100 5
2 101000111 5
3 101011010 5
4 001100111 5
5 110001111 6
6 010000011 3
7 010111100 5

Input 0: 11011001
0 1
1 1
2 0
3 1
4 1
5 0
6 0
7 1

Input 1: 11100000
0 1
1 1
2 1
3 0
4 0
5 0
6 0
7 0

Input 2: 10011110
0 1
1 0
2 0
3 1
4 1
5 1
6 1
7 0

Input 3: 00100100
0 0
1 0
2 1
3 0
4 0
5 1
6 0
7 0

Input 4: 11101011
0 1
1 1
2 1
3 0
4 1
5 0
6 1
7 1

Input 5: 10101000
0 1
1 0
2 1
3 0
4 1
5 0
6 0
7 0

Input 6: 01110111
0 0
1 1
2 1
3 1
4 0
5 1
6 1
7 1

Input 7: 01011110
0 0
1 1
2 0
3 1
4 1
5 1
6 1
7 0

Input 8: 00010111
0 0
1 0
2 0
3 1
4 0
5 1
6 1
7 1

When matching output
x: not in operator
y: wrong position

Identity
0 111011000 5
1 110010110 5 match 0
2 010111100 5 match 1 7
3 101000111 5 match 2
4 101011010 5 match 3
5 001100111 5 match 4
6 001010111 5
7 100010101 4

Matching output
0 1
1 2
2 3
3 4
4 5
5 absent
6 absent
7 2

Left
1 2 3 4 5 6x
Best: I1 2 3 4 5: 5

Right
2 1y
Best: I2: 1

NOT
0 000100111 4
1 001101001 4
2 101000011 4
3 010111000 4
4 010100101 4
5 110011000 4
6 110101000 4
7 011101010 5

Matching output
0 absent
1 absent
2 absent
3 absent
4 absent
5 absent
6 absent
7 absent

Left
none
Best: none

Right
none
Best: none

Constant
0 000000000 a
1 111111111 a

Matching output
0 absent
1 absent
2 absent
3 absent
4 absent
5 absent
6 absent
7 absent

Left
none
Best: none

Right
none
Best: none

AND
01 10 110010000 3
12 21 010010100 3
23 32 000000100 1
34 43 101000010 3
45 54 001000010 2
56 65 001000111 4
67 76 000010101 3
70 07 100010000 2

02 20 010011000 3
13 31 100000110 3
24 42 000011000 2
35 53 001000111 4
46 64 001010010 3
57 75 000000101 2
60 06 001010000 2
71 17 100010100 3

03 30 101000000 2
14 41 100010010 3
25 52 000100100 2
36 63 001000111 4
47 74 100010000 2
50 05 001000000 1
61 16 000010110 3
72 27 000010100 2

04 40 101011000 4
15 51 000000110 2
26 62 000010100 2
37 73 100000101 3

Matching output
0 absent
1 absent
2 absent
3 absent
4 absent
5 absent
6 absent
7 absent

Left
none
Best: none

Right
none
Best: none

OR
01 10 111011110 7
12 21 110111110 7
23 32 111111111 a
34 43 101011111 7
45 54 101111111 8
56 65 001110111 6
67 76 101010111 6
70 07 111011101 7

02 20 111111100 7
13 31 111010111 7
24 42 111111110 8
35 53 101100111 6
46 64 101011111 7
57 75 101110111 7
60 06 111011111 8
71 17 110010111 6

03 30 111011111 8
14 41 111011110 7
25 52 011111111 8
36 63 101010111 6
47 74 101011111 7
50 05 111111111 a
61 16 111010111 7
72 27 110111101 7

04 40 111011010 6
15 51 111110111 8
26 62 011111111 8
37 73 101010111 6

Matching output
0 absent
1 absent
2 absent
3 absent
4 absent
5 absent
6 absent
7 absent

Left
none
Best: none

Right
none
Best: none

XOR
01 10 001001110 4
12 21 100101010 4
23 32 111111011 8
34 43 000011101 4
45 54 100111101 6
56 65 000110000 2
67 76 101000010 3
70 07 011001101 5

02 20 101100100 4
13 31 011010001 4
24 42 111100110 6
35 53 100100000 2
46 64 100001101 4
57 75 101110010 5
60 06 110001111 6 match 5
71 17 010000011 3 match 6

03 30 010011111 6
14 41 011001100 4
25 52 011011011 6
36 63 100010000 2
47 74 001001111 5
50 05 110111111 8
61 16 111000001 4
72 27 110101001 5

04 40 010000010 2
15 51 111110001 6
26 62 011101011 6
37 73 001010010 3

Matching output
0 absent
1 absent
2 absent
3 absent
4 absent
5 60 06
6 71 17
7 absent

Left
none
Best: none

Right
none
Best: none

AND-NOT
01 001001000 2
12 100000010 2
23 010111000 4
34 000000101 2
45 100011000 3
56 000100000 1
67 001000010 2
70 000000101 2

02 101000000 2
13 010010000 2
24 010100100 3
35 100000000 1
46 100001000 2
57 001100010 3
60 000000111 3
71 000000001 1

03 010011000 3
14 010000100 2
25 010011000 3
36 100000000 1
47 001001010 3
50 000100111 4
61 001000001 2
72 100000001 2

04 010000000 1
15 110010000 3
26 010101000 3
37 001000010 2
40 000000010 1
51 001100001 3
62 001000011 3
73 000010000 1

05 110011000 4
16 110000000 2
27 010101000 3
30 000000111 3
41 001001000 2
52 001000011 3
63 000010000 1
74 000000101 2

06 110001000 3
17 010000010 2
20 000100100 2
31 001000001 2
42 101000010 3
53 000100000 1
64 000000101 2
75 100010000 2

07 011001000 3
10 000000110 2
21 000101000 2
32 101000011 4
43 000011000 2
54 000100101 3
65 000010000 1
76 100000000 1

Matching output
0 absent
1 absent
2 absent
3 absent
4 absent
5 absent
6 absent
7 absent

Left
none
Best: none

Right
none
Best: none

OR-NOT
01 111111001 7
12 111010111 7
23 010111100 5 match 1 7
34 111100111 7
45 111011010 6
56 111101111 8
67 011111111 8
70 100110111 6

02 111011011 7
13 110111110 7
24 010111101 6
35 111011111 8
46 111111010 7
57 011101111 7
60 001110111 6
71 101111101 7

03 111111000 6
14 110110111 7
25 110111100 6
36 111101111 8
47 111111010 7
50 001100111 5 match 4
61 001111111 7
72 101010111 6

04 111111101 8
15 110011110 6
26 110111100 6
37 111101111 8
40 101111111 8
51 001101111 6
62 101010111 6
73 110111101 7

05 111011000 5
16 110111110 7
27 011111110 7
30 101100111 6
41 101111011 7
52 101100111 6
63 011111111 8
74 110110101 6

06 111111000 6
17 111111110 8
20 010111111 7
31 101101111 7
42 101011011 6
53 011111111 8
64 011110111 7
75 110011101 6

07 111111010 7
10 110110111 7
21 011111101 7
32 101000111 5 match 2
43 111111010 7
54 011100111 6
65 111011111 8
76 110111101 7

Matching output
0 absent
1 23
2 32
3 absent
4 50
5 absent
6 absent
7 23

Left
none
Best: none

Right
23 12x
Best: OR-NOT23: 1

XOR-NOT
01 110110001 5
12 011010101 5
23 000000100 1
34 111100010 5
45 011000010 3
56 111001111 7
67 010111101 6
70 100110010 4

02 010011011 5
13 100101110 5
24 000011001 3
35 011011111 7
46 011110010 5
57 010001101 4
60 001110000 3
71 101111100 6

03 101100000 3
14 100110011 5
25 100100100 3
36 011101111 7
47 110110000 4
50 001000000 1
61 000111110 5
72 001010110 4

04 101111101 7
15 000001110 3
26 100010100 3
37 110101101 6
40 101111101 7
51 000001110 3
62 100010100 3
73 110101101 6

05 001000000 1
16 000111110 5
27 001010110 4
30 101100000 3
41 100110011 5
52 100100100 3
63 011101111 7
74 110110000 4

06 001110000 3
17 101111100 6
20 010011011 5
31 100101110 5
42 000011001 3
53 011011111 7
64 011110010 5
75 010001101 4

07 100110010 4
10 110110001 5
21 011010101 5
32 000000100 1
43 111100010 5
54 011000010 3
65 111001111 7
76 010111101 6

Matching output
0 absent
1 absent
2 absent
3 absent
4 absent
5 absent
6 absent
7 absent

Left
none
Best: none

Right
none
Best: none

Selecting

Lefts
Identity I1 2 3 4 5: 5
NOT none
Constant none
AND none
OR none
XOR none
AND-NOT none
OR-NOT none
XOR-NOT none

Rights
Identity I2: 1
NOT none
Constant none
AND none
OR none
XOR none
AND-NOT none
OR-NOT OR-NOT23: 1
XOR-NOT none

Left longest: 5
Right longest: 1

Left winner: Identity yes, NOT no, Constant no, AND no, OR no, XOR no, AND-NOT no, OR-NOT no, XOR-NOT no
Right winner: Identity yes, NOT no, Constant no, AND no, OR no, XOR no, AND-NOT no, OR-NOT no, XOR-NOT no

Best left: I1 2 3 4 5: 5
Best right: I2: 1

Truncated left: I1 2 3 4 5: 5
Truncated right: I2: 1

Tentative from right
7 I2
6 pending
5 pending
4 pending
3 pending
2 pending
1 pending
0 pending

Tentative
0 I1
1 I2
2 I3
3 I4
4 I5
5 pending
6 pending
7 I2

Preferred from left
0 I1
1 I2
2 I3
3 I4
4 I5
5 ?6?
6 ?7?
7 I2

Preferred from right
7 I2
6 ?71
5 ?60
4 I5
3 I4
2 I3
1 I2
0 I1

Preferred
0 I1
1 I2
2 I3
3 I4
4 I5
5 ?60 ?06
6 ?71 ?17
7 I2

Matching
0 I1
1 I2
2 I3
3 I4
4 I5
5 ?60 ?06 - Identity absent, NOT absent, Constant absent, AND absent, OR absent, XOR60, AND-NOT absent, OR-NOT absent, XOR-NOT absent
6 ?71 ?17 - Identity absent, NOT absent, Constant absent, AND absent, OR absent, XOR71, AND-NOT absent, OR-NOT absent, XOR-NOT absent
7 I2

Perfect match
Identity no
NOT no
Constant no
AND no
OR no
XOR yes
AND-NOT no
OR-NOT no
XOR-NOT no

Matched
0 I1
1 I2
2 I3
3 I4
4 I5
5 XOR60
6 XOR71
7 I2

Selected
0 I1
1 I2
2 I3
3 I4
4 I5
5 XOR60
6 XOR71
7 I2

Applying to 01111101
Input
0 0
1 1
2 1
3 1
4 1
5 1
6 0
7 1
Output
0 I1 = 1
1 I2 = 1
2 I3 = 1
3 I4 = 1
4 I5 = 1
5 XOR60 = XOR(0,0) = 0
6 XOR71 = XOR(1,1) = 0
7 I2 = 1

I will now return the answer in \boxed{}
The answer in \boxed{–} is \boxed{11111001}
[correct]
true
