[category]
bit_manipulation
[prompt]
In Alice's Wonderland, a secret bit manipulation rule transforms 8-bit binary numbers. The transformation involves operations like bit shifts, rotations, XOR, AND, OR, NOT, and possibly majority or choice functions.

Here are some examples of input -> output:
01110001 -> 01100111
11000100 -> 10011101
01110100 -> 00011111
10110111 -> 00111011
00001010 -> 00001111
01011000 -> 10111101
11000111 -> 10111101
01100001 -> 11100110
00110100 -> 00011111
01111000 -> 10111111

Now, determine the output for: 01110010
[completion]
We need to deduce the transformation by matching the example outputs.
I will put my final answer inside \boxed{}.

Output 0: 01100111
0 0
1 1
2 1
3 0
4 0
5 1
6 1
7 1

Output 1: 10011101
0 1
1 0
2 0
3 1
4 1
5 1
6 0
7 1

Output 2: 00011111
0 0
1 0
2 0
3 1
4 1
5 1
6 1
7 1

Output 3: 00111011
0 0
1 0
2 1
3 1
4 1
5 0
6 1
7 1

Output 4: 00001111
0 0
1 0
2 0
3 0
4 1
5 1
6 1
7 1

Output 5: 10111101
0 1
1 0
2 1
3 1
4 1
5 1
6 0
7 1

Output 6: 10111101
0 1
1 0
2 1
3 1
4 1
5 1
6 0
7 1

Output 7: 11100110
0 1
1 1
2 1
3 0
4 0
5 1
6 1
7 0

Output 8: 00011111
0 0
1 0
2 0
3 1
4 1
5 1
6 1
7 1

Output 9: 10111111
0 1
1 0
2 1
3 1
4 1
5 1
6 1
7 1

Output bit columns (with bitsum as hash)
0 0100011101 5
1 1000000100 2
2 1001011101 6
3 0111011011 7
4 0111111011 8
5 1110111111 9
6 1011100111 7
7 1111111011 9

Input 0: 01110001
0 0
1 1
2 1
3 1
4 0
5 0
6 0
7 1

Input 1: 11000100
0 1
1 1
2 0
3 0
4 0
5 1
6 0
7 0

Input 2: 01110100
0 0
1 1
2 1
3 1
4 0
5 1
6 0
7 0

Input 3: 10110111
0 1
1 0
2 1
3 1
4 0
5 1
6 1
7 1

Input 4: 00001010
0 0
1 0
2 0
3 0
4 1
5 0
6 1
7 0

Input 5: 01011000
0 0
1 1
2 0
3 1
4 1
5 0
6 0
7 0

Input 6: 11000111
0 1
1 1
2 0
3 0
4 0
5 1
6 1
7 1

Input 7: 01100001
0 0
1 1
2 1
3 0
4 0
5 0
6 0
7 1

Input 8: 00110100
0 0
1 0
2 1
3 1
4 0
5 1
6 0
7 0

Input 9: 01111000
0 0
1 1
2 1
3 1
4 1
5 0
6 0
7 0

When matching output
x: not in operator
y: wrong position

Identity
0 0101001000 3
1 1110011101 7
2 1011000111 6
3 1011010011 6
4 0000110001 3
5 0111001010 5
6 0001101000 3
7 1001001100 4

Matching output
0 absent
1 absent
2 absent
3 absent
4 absent
5 absent
6 absent
7 absent

Left
none
Best: none

Right
none
Best: none

NOT
0 1010110111 7
1 0001100010 3
2 0100111000 4
3 0100101100 4
4 1111001110 7
5 1000110101 5
6 1110010111 7
7 0110110011 6

Matching output
0 absent
1 absent
2 absent
3 absent
4 absent
5 absent
6 absent
7 absent

Left
none
Best: none

Right
none
Best: none

Constant
0 0000000000 a
1 1111111111 a

Matching output
0 absent
1 absent
2 absent
3 absent
4 absent
5 absent
6 absent
7 absent

Left
none
Best: none

Right
none
Best: none

AND
01 10 0100001000 2
12 21 1010000101 4
23 32 1011000011 5
34 43 0000010001 2
45 54 0000000000 a
56 65 0001001000 2
67 76 0001001000 2
70 07 0001001000 2

02 20 0001000000 1
13 31 1010010001 4
24 42 0000000001 1
35 53 0011000010 3
46 64 0000100000 1
57 75 0001001000 2
60 06 0001001000 2
71 17 1000001100 3

03 30 0001000000 1
14 41 0000010001 2
25 52 0011000010 3
36 63 0001000000 1
47 74 0000000000 a
50 05 0101001000 3
61 16 0000001000 1
72 27 1001000100 3

04 40 0000000000 a
15 51 0110001000 3
26 62 0001000000 1
37 73 1001000000 2

Matching output
0 absent
1 absent
2 absent
3 absent
4 absent
5 absent
6 absent
7 absent

Left
none
Best: none

Right
none
Best: none

OR
01 10 1111011101 8
12 21 1111011111 9
23 32 1011010111 7
34 43 1011110011 7
45 54 0111111011 8 match 4
56 65 0111101010 6
67 76 1001101100 5
70 07 1101001100 5

02 20 1111001111 8
13 31 1111011111 9
24 42 1011110111 8
35 53 1111011011 8
46 64 0001111001 5
57 75 1111001110 7
60 06 0101101000 4
71 17 1111011101 8

03 30 1111011011 8
14 41 1110111101 8
25 52 1111001111 8
36 63 1011111011 8
47 74 1001111101 7
50 05 0111001010 5
61 16 1111111101 9
72 27 1011001111 7

04 40 0101111001 6
15 51 1111011111 9
26 62 1011101111 8
37 73 1011011111 8

Matching output
0 absent
1 absent
2 absent
3 absent
4 45 54
5 absent
6 absent
7 absent

Left
none
Best: none

Right
none
Best: none

XOR
01 10 1011010101 6
12 21 0101011010 5
23 32 0000010100 2
34 43 1011100010 5
45 54 0111111011 8 match 4
56 65 0110100010 4
67 76 1000100100 3
70 07 1100000100 3

02 20 1110001111 7
13 31 0101001110 5
24 42 1011110110 7
35 53 1100011001 5
46 64 0001011001 4
57 75 1110000110 5
60 06 0100100000 2
71 17 0111010001 5

03 30 1110011011 7
14 41 1110101100 6
25 52 1100001101 5
36 63 1010111011 7
47 74 1001111101 7
50 05 0010000010 2
61 16 1111110101 8
72 27 0010001011 4

04 40 0101111001 6
15 51 1001010111 6
26 62 1010101111 7
37 73 0010011111 6

Matching output
0 absent
1 absent
2 absent
3 absent
4 45 54
5 absent
6 absent
7 absent

Left
none
Best: none

Right
none
Best: none

AND-NOT
01 0001000000 1
12 0100011000 3
23 0000000100 1
34 1011000010 4
45 0000110001 3
56 0110000010 3
67 0000100000 1
70 1000000100 2 match 1

02 0100001000 2
13 0100001100 3
24 1011000110 5
35 1000010001 3
46 0000010001 2
57 0110000010 3
60 0000100000 1
71 0001000000 1

03 0100001000 2
14 1110001100 5
25 1000000101 3
36 1010010011 5
47 0000110001 3
50 0010000010 2
61 0001100000 2
72 0000001000 1

04 0101001000 3
15 1000010101 4
26 1010000111 5
37 0010010011 4
40 0000110001 3
51 0001000010 2
62 0000101000 2
73 0000001100 2

05 0000000000 a
16 1110010101 6
27 0010000011 3
30 1010010011 5
41 0000100000 1
52 0100001000 2
63 0000101000 2
74 1001001100 4

06 0100000000 1
17 0110010001 4
20 1010000111 5
31 0001000010 2
42 0000110000 2
53 0100001000 2
64 0001001000 2
75 1000000100 2 match 1

07 0100000000 1
10 1010010101 5
21 0001000010 2
32 0000010000 1
43 0000100000 1
54 0111001010 5
65 0000100000 1
76 1000000100 2 match 1

Matching output
0 absent
1 70 75 76
2 absent
3 absent
4 absent
5 absent
6 absent
7 absent

Left
none
Best: none

Right
none
Best: none

OR-NOT
01 0101101010 5
12 1110111101 8
23 1111101111 9
34 1111011111 9
45 1000110101 5
56 1111011111 9
67 0111111011 8 match 4
70 1011111111 9

02 0101111000 5
13 1110111101 8
24 1111001111 8
35 1011110111 8
46 1110110111 8
57 0111111011 8 match 4
60 1011111111 9
71 1001101110 6

03 0101101100 5
14 1111011111 9
25 1011110111 8
36 1111010111 8
47 0110110011 6
50 1111111111 a
61 0001101010 4
72 1101111100 7

04 1111001110 7
15 1110111101 8
26 1111010111 8
37 1111110011 8
40 1010110111 7
51 0111101010 6
62 0101111000 5
73 1101101100 6

05 1101111101 8
16 1110011111 8
27 1111110111 9
30 1011110111 8
41 0001110011 5
52 0111111010 7
63 0101101100 5
74 1111001110 7

06 1111011111 9
17 1110111111 9 match 5
20 1011110111 8
31 1011110011 7
42 0100111001 5
53 0111101110 7
64 1111101110 8
75 1001111101 7

07 0111111011 8 match 4
10 1110111111 9 match 5
21 1011100111 7 match 6
32 1111111011 9 match 7
43 0100111101 6
54 1111001110 7
65 1001111101 7
76 1111011111 9

Matching output
0 absent
1 absent
2 absent
3 absent
4 67 57 07
5 17 10
6 21
7 32

Left
none
Best: none

Right
32 21 10 07 76x
Best: OR-NOT32 21 10 07: 4

XOR-NOT
01 0100101010 4
12 1010100101 5
23 1111101011 8
34 0100011101 5 match 0
45 1000000100 2 match 1
56 1001011101 6 match 2
67 0111011011 7 match 3
70 0011111011 7

02 0001110000 3
13 1010110001 5
24 0100001001 3
35 0011100110 5
46 1110100110 6
57 0001111001 5
60 1011011111 8
71 1000101110 5

03 0001100100 3
14 0001010011 4
25 0011110010 5
36 0101000100 3
47 0110000010 3
50 1101111101 8
61 0000001010 2
72 1101110100 6

04 1010000110 4
15 0110101000 4
26 0101010000 3
37 1101100000 4
40 1010000110 4
51 0110101000 4
62 0101010000 3
73 1101100000 4

05 1101111101 8
16 0000001010 2
27 1101110100 6
30 0001100100 3
41 0001010011 4
52 0011110010 5
63 0101000100 3
74 0110000010 3

06 1011011111 8
17 1000101110 5
20 0001110000 3
31 1010110001 5
42 0100001001 3
53 0011100110 5
64 1110100110 6
75 0001111001 5

07 0011111011 7
10 0100101010 4
21 1010100101 5
32 1111101011 8
43 0100011101 5 match 0
54 1000000100 2 match 1
65 1001011101 6 match 2
76 0111011011 7 match 3

Matching output
0 34 43
1 45 54
2 56 65
3 67 76
4 absent
5 absent
6 absent
7 absent

Left
34 45 56 67 70x
43 54 65 76 07x
Best: XOR-NOT34 45 56 67: 4

Right
none
Best: none

Selecting

Lefts
Identity none
NOT none
Constant none
AND none
OR none
XOR none
AND-NOT none
OR-NOT none
XOR-NOT XOR-NOT34 45 56 67: 4

Rights
Identity none
NOT none
Constant none
AND none
OR none
XOR none
AND-NOT none
OR-NOT OR-NOT32 21 10 07: 4
XOR-NOT none

Left longest: 4
Right longest: 4

Left winner: Identity no, NOT no, Constant no, AND no, OR no, XOR no, AND-NOT no, OR-NOT no, XOR-NOT yes
Right winner: Identity no, NOT no, Constant no, AND no, OR no, XOR no, AND-NOT no, OR-NOT yes, XOR-NOT no

Best left: XOR-NOT34 45 56 67: 4
Best right: OR-NOT32 21 10 07: 4

Truncated left: XOR-NOT34 45 56 67: 4
Truncated right: OR-NOT32 21 10 07: 4

Tentative from right
7 OR-NOT32
6 OR-NOT21
5 OR-NOT10
4 OR-NOT07
3 pending
2 pending
1 pending
0 pending

Tentative
0 XOR-NOT34
1 XOR-NOT45
2 XOR-NOT56
3 XOR-NOT67
4 OR-NOT07
5 OR-NOT10
6 OR-NOT21
7 OR-NOT32

Preferred from left
0 XOR-NOT34
1 XOR-NOT45
2 XOR-NOT56
3 XOR-NOT67
4 OR-NOT07
5 OR-NOT10
6 OR-NOT21
7 OR-NOT32

Preferred from right
7 OR-NOT32
6 OR-NOT21
5 OR-NOT10
4 OR-NOT07
3 XOR-NOT67
2 XOR-NOT56
1 XOR-NOT45
0 XOR-NOT34

Preferred
0 XOR-NOT34
1 XOR-NOT45
2 XOR-NOT56
3 XOR-NOT67
4 OR-NOT07
5 OR-NOT10
6 OR-NOT21
7 OR-NOT32

Matching
0 XOR-NOT34
1 XOR-NOT45
2 XOR-NOT56
3 XOR-NOT67
4 OR-NOT07
5 OR-NOT10
6 OR-NOT21
7 OR-NOT32

Perfect match
Identity no
NOT no
Constant no
AND no
OR no
XOR no
AND-NOT no
OR-NOT no
XOR-NOT no

Matched
0 XOR-NOT34
1 XOR-NOT45
2 XOR-NOT56
3 XOR-NOT67
4 OR-NOT07
5 OR-NOT10
6 OR-NOT21
7 OR-NOT32

Selected
0 XOR-NOT34
1 XOR-NOT45
2 XOR-NOT56
3 XOR-NOT67
4 OR-NOT07
5 OR-NOT10
6 OR-NOT21
7 OR-NOT32

Applying to 01110010
Input
0 0
1 1
2 1
3 1
4 0
5 0
6 1
7 0
Output
0 XOR-NOT34 = XOR(1,NOT(0)) = 0
1 XOR-NOT45 = XOR(0,NOT(0)) = 1
2 XOR-NOT56 = XOR(0,NOT(1)) = 0
3 XOR-NOT67 = XOR(1,NOT(0)) = 0
4 OR-NOT07 = OR(0,NOT(0)) = 1
5 OR-NOT10 = OR(1,NOT(0)) = 1
6 OR-NOT21 = OR(1,NOT(1)) = 1
7 OR-NOT32 = OR(1,NOT(1)) = 1

I will now return the answer in \boxed{}
The answer in \boxed{–} is \boxed{01001111}
[correct]
true
