[category]
bit_manipulation
[prompt]
In Alice's Wonderland, a secret bit manipulation rule transforms 8-bit binary numbers. The transformation involves operations like bit shifts, rotations, XOR, AND, OR, NOT, and possibly majority or choice functions.

Here are some examples of input -> output:
00111001 -> 00010011
10000000 -> 00000000
00000101 -> 00000000
00100101 -> 01000010
11110101 -> 01001111
01111011 -> 10110111
01111100 -> 11000011
11001010 -> 10000100

Now, determine the output for: 11001000
[completion]
We need to deduce the transformation by matching the example outputs.
I will put my final answer inside \boxed{}.

Output 0: 00010011
0 0
1 0
2 0
3 1
4 0
5 0
6 1
7 1

Output 1: 00000000
0 0
1 0
2 0
3 0
4 0
5 0
6 0
7 0

Output 2: 00000000
0 0
1 0
2 0
3 0
4 0
5 0
6 0
7 0

Output 3: 01000010
0 0
1 1
2 0
3 0
4 0
5 0
6 1
7 0

Output 4: 01001111
0 0
1 1
2 0
3 0
4 1
5 1
6 1
7 1

Output 5: 10110111
0 1
1 0
2 1
3 1
4 0
5 1
6 1
7 1

Output 6: 11000011
0 1
1 1
2 0
3 0
4 0
5 0
6 1
7 1

Output 7: 10000100
0 1
1 0
2 0
3 0
4 0
5 1
6 0
7 0

Output bit columns (with bitsum as hash)
0 00000111 3
1 00011010 3
2 00000100 1
3 10000100 2
4 00001000 1
5 00001101 3
6 10011110 5
7 10001110 4

Input 0: 00111001
0 0
1 0
2 1
3 1
4 1
5 0
6 0
7 1

Input 1: 10000000
0 1
1 0
2 0
3 0
4 0
5 0
6 0
7 0

Input 2: 00000101
0 0
1 0
2 0
3 0
4 0
5 1
6 0
7 1

Input 3: 00100101
0 0
1 0
2 1
3 0
4 0
5 1
6 0
7 1

Input 4: 11110101
0 1
1 1
2 1
3 1
4 0
5 1
6 0
7 1

Input 5: 01111011
0 0
1 1
2 1
3 1
4 1
5 0
6 1
7 1

Input 6: 01111100
0 0
1 1
2 1
3 1
4 1
5 1
6 0
7 0

Input 7: 11001010
0 1
1 1
2 0
3 0
4 1
5 0
6 1
7 0

When matching output
x: not in operator
y: wrong position

Identity
0 01001001 3
1 00001111 4
2 10011110 5 match 6
3 10001110 4 match 7
4 10000111 4
5 00111010 4
6 00000101 2
7 10111100 5

Matching output
0 absent
1 absent
2 absent
3 absent
4 absent
5 absent
6 2
7 3

Left
none
Best: none

Right
3 2 1x
Best: I3 2: 2

NOT
0 10110110 5
1 11110000 4
2 01100001 3
3 01110001 4
4 01111000 4
5 11000101 4
6 11111010 6
7 01000011 3

Matching output
0 absent
1 absent
2 absent
3 absent
4 absent
5 absent
6 absent
7 absent

Left
none
Best: none

Right
none
Best: none

Constant
0 00000000 a
1 11111111 a

Matching output
0 absent
1 absent
2 absent
3 absent
4 absent
5 absent
6 absent
7 absent

Left
none
Best: none

Right
none
Best: none

AND
01 10 00001001 2
12 21 00001110 3
23 32 10001110 4 match 7
34 43 10000110 3
45 54 00000010 1
56 65 00000000 a
67 76 00000100 1 match 2
70 07 00001000 1 match 4

02 20 00001000 1 match 4
13 31 00001110 3
24 42 10000110 3
35 53 00001010 2
46 64 00000101 2
57 75 00111000 3
60 06 00000001 1
71 17 00001100 2

03 30 00001000 1 match 4
14 41 00000111 3 match 0
25 52 00011010 3 match 1
36 63 00000100 1 match 2
47 74 10000100 2 match 3
50 05 00001000 1 match 4
61 16 00000101 2
72 27 10011100 4

04 40 00000001 1
15 51 00001010 2
26 62 00000100 1 match 2
37 73 10001100 3

Matching output
0 14 41
1 25 52
2 67 76 36 63 26 62
3 47 74
4 70 07 02 20 03 30 50 05
5 absent
6 absent
7 23 32

Left
14 25 36 47 50 61x
41 52 63 74 05 16x
Best: AND14 25 36 47 50: 5

Right
23 12x
32 21x
Best: AND23: 1

OR
01 10 01001111 5
12 21 10011111 6
23 32 10011110 5 match 6
34 43 10001111 5
45 54 10111111 7
56 65 00111111 6
67 76 10111101 6
70 07 11111101 7

02 20 11011111 7
13 31 10001111 5
24 42 10011111 6
35 53 10111110 6
46 64 10000111 4
57 75 10111110 6
60 06 01001101 4
71 17 10111111 7

03 30 11001111 6
14 41 10001111 5
25 52 10111110 6
36 63 10001111 5
47 74 10111111 7
50 05 01111011 6
61 16 00001111 4
72 27 10111110 6

04 40 11001111 6
15 51 00111111 6
26 62 10011111 6
37 73 10111110 6

Matching output
0 absent
1 absent
2 absent
3 absent
4 absent
5 absent
6 23 32
7 absent

Left
none
Best: none

Right
none
Best: none

XOR
01 10 01000110 3
12 21 10010001 3
23 32 00010000 1
34 43 00001001 2
45 54 10111101 6
56 65 00111111 6
67 76 10111001 5
70 07 11110101 6

02 20 11010111 6
13 31 10000001 2
24 42 00011001 3
35 53 10110100 4
46 64 10000010 2
57 75 10000110 3
60 06 01001100 3
71 17 10110011 5

03 30 11000111 5
14 41 10001000 2
25 52 10100100 3
36 63 10001011 4
47 74 00111011 5
50 05 01110011 5
61 16 00001010 2
72 27 00100010 2

04 40 11001110 5
15 51 00110101 4
26 62 10011011 5
37 73 00110010 3

Matching output
0 absent
1 absent
2 absent
3 absent
4 absent
5 absent
6 absent
7 absent

Left
none
Best: none

Right
none
Best: none

AND-NOT
01 01000000 1
12 00000001 1
23 00010000 1
34 00001000 1 match 4
45 10000101 3
56 00111010 4
67 00000001 1
70 10110100 4

02 01000001 2
13 00000001 1
24 00011000 2
35 10000100 2 match 3
46 10000010 2
57 00000010 1
60 00000100 1 match 2
71 10110000 3

03 01000001 2
14 00001000 1 match 4
25 10000100 2 match 3
36 10001010 3
47 00000011 2
50 00110010 3
61 00000000 a
72 00100000 1

04 01001000 2
15 00000101 2
26 10011010 4
37 00000010 1
40 10000110 3
51 00110000 2
62 00000001 1
73 00110000 2

05 01000001 2
16 00001010 2
27 00000010 1
30 10000110 3
41 10000000 1
52 00100000 1
63 00000001 1
74 00111000 3

06 01001000 2
17 00000011 2
20 10010110 4
31 10000000 1
42 00000001 1
53 00110000 2
64 00000000 a
75 10000100 2 match 3

07 01000001 2
10 00000110 2
21 10010000 2
32 00000000 a
43 00000001 1
54 00111000 3
65 00000101 2
76 10111000 4

Matching output
0 absent
1 absent
2 60
3 35 25 75
4 34 14
5 absent
6 absent
7 absent

Left
none
Best: none

Right
none
Best: none

OR-NOT
01 11111001 6
12 01101111 6
23 11111111 a
34 11111110 7
45 11000111 5
56 11111010 6
67 01000111 4
70 10111110 6

02 01101001 4
13 01111111 7
24 11111110 7
35 11001111 6
46 11111111 a
57 01111011 6
60 10110111 6
71 11111100 6

03 01111001 5
14 01111111 7
25 11011111 7
36 11111110 7
47 11000111 5
50 10111110 6
61 11110101 6
72 11111101 7

04 01111001 5
15 11001111 6
26 11111110 7
37 11001111 6
40 10110111 6
51 11111010 6
62 01100101 4
73 11111101 7

05 11001101 5
16 11111111 a
27 11011111 7
30 10111110 6
41 11110111 7
52 01111011 6
63 01110101 5
74 11111100 6

06 11111011 7
17 01001111 5
20 10111110 6
31 11111110 7
42 11100111 6
53 01111011 6
64 01111101 6
75 11111101 7

07 01001011 4
10 10111111 7
21 11111110 7
32 11101111 7
43 11110111 7
54 01111010 5
65 11000101 4
76 11111110 7

Matching output
0 absent
1 absent
2 absent
3 absent
4 absent
5 absent
6 absent
7 absent

Left
none
Best: none

Right
none
Best: none

XOR-NOT
01 10111001 5
12 01101110 5
23 11101111 7
34 11110110 6
45 01000010 2
56 11000000 2
67 01000110 3
70 00001010 2

02 00101000 2
13 01111110 6
24 11100110 5
35 01001011 4
46 01111101 6
57 01111001 5
60 10110011 5
71 01001100 3

03 00111000 3
14 01110111 6
25 01011011 5
36 01110100 4
47 11000100 3
50 10001100 3
61 11110101 6
72 11011101 6

04 00110001 3
15 11001010 4
26 01100100 3
37 11001101 5
40 00110001 3
51 11001010 4
62 01100100 3
73 11001101 5

05 10001100 3
16 11110101 6
27 11011101 6
30 00111000 3
41 01110111 6
52 01011011 5
63 01110100 4
74 11000100 3

06 10110011 5
17 01001100 3
20 00101000 2
31 01111110 6
42 11100110 5
53 01001011 4
64 01111101 6
75 01111001 5

07 00001010 2
10 10111001 5
21 01101110 5
32 11101111 7
43 11110110 6
54 01000010 2
65 11000000 2
76 01000110 3

Matching output
0 absent
1 absent
2 absent
3 absent
4 absent
5 absent
6 absent
7 absent

Left
none
Best: none

Right
none
Best: none

Selecting

Lefts
Identity none
NOT none
Constant none
AND AND14 25 36 47 50: 5
OR none
XOR none
AND-NOT none
OR-NOT none
XOR-NOT none

Rights
Identity I3 2: 2
NOT none
Constant none
AND AND23: 1
OR none
XOR none
AND-NOT none
OR-NOT none
XOR-NOT none

Left longest: 5
Right longest: 2

Left winner: Identity no, NOT no, Constant no, AND yes, OR no, XOR no, AND-NOT no, OR-NOT no, XOR-NOT no
Right winner: Identity yes, NOT no, Constant no, AND no, OR no, XOR no, AND-NOT no, OR-NOT no, XOR-NOT no

Best left: AND14 25 36 47 50: 5
Best right: I3 2: 2

Truncated left: AND14 25 36 47 50: 5
Truncated right: I3 2: 2

Tentative from right
7 I3
6 I2
5 pending
4 pending
3 pending
2 pending
1 pending
0 pending

Tentative
0 AND14
1 AND25
2 AND36
3 AND47
4 AND50
5 pending
6 I2
7 I3

Preferred from left
0 AND14
1 AND25
2 AND36
3 AND47
4 AND50
5 ?61
6 I2
7 I3

Preferred from right
7 I3
6 I2
5 ?61
4 AND50
3 AND47
2 AND36
1 AND25
0 AND14

Preferred
0 AND14
1 AND25
2 AND36
3 AND47
4 AND50
5 ?61 ?16
6 I2
7 I3

Matching
0 AND14
1 AND25
2 AND36
3 AND47
4 AND50
5 ?61 ?16 - Identity absent, NOT absent, Constant absent, AND absent, OR absent, XOR absent, AND-NOT absent, OR-NOT absent, XOR-NOT absent
6 I2
7 I3

Perfect match
Identity no
NOT no
Constant no
AND no
OR no
XOR no
AND-NOT no
OR-NOT no
XOR-NOT no

Matched
0 AND14
1 AND25
2 AND36
3 AND47
4 AND50
5 none
6 I2
7 I3

Selected
0 AND14
1 AND25
2 AND36
3 AND47
4 AND50
5 default 1
6 I2
7 I3

Applying to 11001000
Input
0 1
1 1
2 0
3 0
4 1
5 0
6 0
7 0
Output
0 AND14 = AND(1,1) = 1
1 AND25 = AND(0,0) = 0
2 AND36 = AND(0,0) = 0
3 AND47 = AND(1,0) = 0
4 AND50 = AND(0,1) = 0
5 default 1 = 1
6 I2 = 0
7 I3 = 0

I will now return the answer in \boxed{}
The answer in \boxed{–} is \boxed{10000100}
[correct]
true
