[category]
bit_manipulation
[prompt]
In Alice's Wonderland, a secret bit manipulation rule transforms 8-bit binary numbers. The transformation involves operations like bit shifts, rotations, XOR, AND, OR, NOT, and possibly majority or choice functions.

Here are some examples of input -> output:
11010101 -> 01010011
00101010 -> 10100000
11001111 -> 11110011
00010100 -> 01000000
01000011 -> 00110001
00100000 -> 00000000
01101000 -> 10000001
10011111 -> 11110010
01011010 -> 10100001
11111110 -> 11100011

Now, determine the output for: 10000010
[completion]
We need to deduce the transformation by matching the example outputs.
I will put my final answer inside \boxed{}.

Output 0: 01010011
0 0
1 1
2 0
3 1
4 0
5 0
6 1
7 1

Output 1: 10100000
0 1
1 0
2 1
3 0
4 0
5 0
6 0
7 0

Output 2: 11110011
0 1
1 1
2 1
3 1
4 0
5 0
6 1
7 1

Output 3: 01000000
0 0
1 1
2 0
3 0
4 0
5 0
6 0
7 0

Output 4: 00110001
0 0
1 0
2 1
3 1
4 0
5 0
6 0
7 1

Output 5: 00000000
0 0
1 0
2 0
3 0
4 0
5 0
6 0
7 0

Output 6: 10000001
0 1
1 0
2 0
3 0
4 0
5 0
6 0
7 1

Output 7: 11110010
0 1
1 1
2 1
3 1
4 0
5 0
6 1
7 0

Output 8: 10100001
0 1
1 0
2 1
3 0
4 0
5 0
6 0
7 1

Output 9: 11100011
0 1
1 1
2 1
3 0
4 0
5 0
6 1
7 1

Output bit columns (with bitsum as hash)
0 0110001111 6
1 1011000101 5
2 0110100111 6
3 1010100100 4
4 0000000000 a
5 0000000000 a
6 1010000101 4
7 1010101011 6

Input 0: 11010101
0 1
1 1
2 0
3 1
4 0
5 1
6 0
7 1

Input 1: 00101010
0 0
1 0
2 1
3 0
4 1
5 0
6 1
7 0

Input 2: 11001111
0 1
1 1
2 0
3 0
4 1
5 1
6 1
7 1

Input 3: 00010100
0 0
1 0
2 0
3 1
4 0
5 1
6 0
7 0

Input 4: 01000011
0 0
1 1
2 0
3 0
4 0
5 0
6 1
7 1

Input 5: 00100000
0 0
1 0
2 1
3 0
4 0
5 0
6 0
7 0

Input 6: 01101000
0 0
1 1
2 1
3 0
4 1
5 0
6 0
7 0

Input 7: 10011111
0 1
1 0
2 0
3 1
4 1
5 1
6 1
7 1

Input 8: 01011010
0 0
1 1
2 0
3 1
4 1
5 0
6 1
7 0

Input 9: 11111110
0 1
1 1
2 1
3 1
4 1
5 1
6 1
7 0

When matching output
x: not in operator
y: wrong position

Identity
0 1010000101 4 match 6
1 1010101011 6 match 7
2 0100011001 4
3 1001000111 5
4 0110001111 6 match 0
5 1011000101 5 match 1
6 0110100111 6 match 2
7 1010100100 4 match 3

Matching output
0 4
1 5
2 6
3 7
4 absent
5 absent
6 0
7 1

Left
4 5 6 7 0y
Best: I4 5 6 7: 4

Right
1 0 7y
Best: I1 0: 2

NOT
0 0101111010 6
1 0101010100 4
2 1011100110 6
3 0110111000 5
4 1001110000 4
5 0100111010 5
6 1001011000 4
7 0101011011 6

Matching output
0 absent
1 absent
2 absent
3 absent
4 absent
5 absent
6 absent
7 absent

Left
none
Best: none

Right
none
Best: none

Constant
0 0000000000 a match 4 5
1 1111111111 a

Matching output
0 absent
1 absent
2 absent
3 absent
4 C0
5 C0
6 absent
7 absent

Left
none
Best: none

Right
none
Best: none

AND
01 10 1010000001 3
12 21 0000001001 2
23 32 0000000001 1
34 43 0000000111 3
45 54 0010000101 3
56 65 0010000101 3
67 76 0010100100 3
70 07 1010000100 3

02 20 0000000001 1
13 31 1000000011 3
24 42 0100001001 3
35 53 1001000101 4
46 64 0110000111 5
57 75 1010000100 3
60 06 0010000101 3
71 17 1010100000 3

03 30 1000000101 3
14 41 0010001011 4
25 52 0000000001 1
36 63 0000000111 3
47 74 0010000100 2
50 05 1010000101 4 match 6
61 16 0010100011 4
72 27 0000000000 a match 4 5

04 40 0010000101 3
15 51 1010000001 3
26 62 0100000001 2
37 73 1000000100 2

Matching output
0 absent
1 absent
2 absent
3 absent
4 72 27
5 72 27
6 50 05
7 absent

Left
none
Best: none

Right
none
Best: none

OR
01 10 1010101111 7
12 21 1110111011 8
23 32 1101011111 8
34 43 1111001111 8
45 54 1111001111 8
56 65 1111100111 8
67 76 1110100111 7
70 07 1010100101 5

02 20 1110011101 7
13 31 1011101111 8
24 42 0110011111 7
35 53 1011000111 6
46 64 0110101111 7
57 75 1011100101 6
60 06 1110100111 7
71 17 1010101111 7

03 30 1011000111 6
14 41 1110101111 8
25 52 1111011101 8
36 63 1111100111 8
47 74 1110101111 8
50 05 1011000101 5 match 1
61 16 1110101111 8
72 27 1110111101 8

04 40 1110001111 7
15 51 1011101111 8
26 62 0110111111 8
37 73 1011100111 7

Matching output
0 absent
1 50 05
2 absent
3 absent
4 absent
5 absent
6 absent
7 absent

Left
none
Best: none

Right
none
Best: none

XOR
01 10 0000101110 4
12 21 1110110010 6
23 32 1101011110 7
34 43 1111001000 5
45 54 1101001010 5
56 65 1101100010 5
67 76 1100000011 4
70 07 0000100001 2

02 20 1110011100 6
13 31 0011101100 5
24 42 0010010110 4
35 53 0010000010 2
46 64 0000101000 2
57 75 0001100001 3
60 06 1100100010 4
71 17 0000001111 4

03 30 0011000010 3
14 41 1100100100 4
25 52 1111011100 7
36 63 1111100000 5
47 74 1100101011 6
50 05 0001000000 1
61 16 1100001100 4
72 27 1110111101 8

04 40 1100001010 4
15 51 0001101110 5
26 62 0010111110 6
37 73 0011100011 5

Matching output
0 absent
1 absent
2 absent
3 absent
4 absent
5 absent
6 absent
7 absent

Left
none
Best: none

Right
none
Best: none

AND-NOT
01 0000000100 1
12 1010100010 4
23 0100011000 3
34 1001000000 2
45 0100001010 3
56 1001000000 2
67 0100000011 3
70 0000100000 1

02 1010000100 3
13 0010101000 3
24 0000010000 1
35 0000000010 1
46 0000001000 1
57 0001000001 2
60 0100100010 3
71 0000000100 1

03 0010000000 1
14 1000100000 2
25 0100011000 3
36 1001000000 2
47 0100001011 4
50 0001000000 1
61 0100000100 2
72 1010100100 4 match 3

04 1000000000 1
15 0000101010 3
26 0000011000 2
37 0001000011 3
40 0100001010 3
51 0001000100 2
62 0010100110 4
73 0010100000 2

05 0000000000 a match 4 5
16 1000001000 2
27 0100011001 4
30 0001000010 2
41 0100000100 2
52 1011000100 4
63 0110100000 3
74 1000100000 2

06 1000000000 1
17 0000001011 3
20 0100011000 3
31 0001000100 2
42 0010000110 3
53 0010000000 1
64 0000100000 1
75 0000100000 1

07 0000000001 1
10 0000101010 3
21 0100010000 2
32 1001000110 4
43 0110001000 3
54 1001000000 2
65 0100100010 3
76 1000000000 1

Matching output
0 absent
1 absent
2 absent
3 72
4 05
5 05
6 absent
7 absent

Left
none
Best: none

Right
none
Best: none

OR-NOT
01 1111010101 7
12 1011101111 8
23 0110111001 6
34 1001110111 7
45 0110111111 8
56 1011011101 7
67 0111111111 9
70 1111111110 9

02 1011100111 7
13 1110111011 8
24 1101111001 7
35 1101111111 9
46 1111011111 9
57 1111011111 9
60 0111111111 9
71 1111110100 7

03 1110111101 8
14 1011111011 8
25 0100111011 6
36 1001011111 7
47 0111011111 8
50 1111111111 a
61 0111110111 8
72 1011100110 6

04 1011110101 7
15 1110111011 8
26 1101011001 6
37 1101011111 8
40 0111111111 9
51 1111010101 7
62 1111100111 8
73 1110111100 7

05 1110111111 9
16 1011111011 8
27 0101011011 6
30 1101111111 9
41 0111011111 8
52 1011100111 7
63 0110111111 8
74 1011110100 6

06 1011011101 7
17 1111111011 9
20 0101111011 7
31 1101010111 7
42 1111101111 9
53 1111111101 9
64 1111110111 9
75 1110111110 8

07 1111011111 9
10 1111111011 9
21 0101011101 6
32 1011100111 7
43 0110111111 8
54 1011110101 7
65 0110111111 8
76 1011111100 7

Matching output
0 absent
1 absent
2 absent
3 absent
4 absent
5 absent
6 absent
7 absent

Left
none
Best: none

Right
none
Best: none

XOR-NOT
01 1111010001 6
12 0001001101 4
23 0010100001 3
34 0000110111 5
45 0010110101 5
56 0010011101 5
67 0011111100 6
70 1111011110 8

02 0001100011 4
13 1100010011 5
24 1101101001 6
35 1101111101 8
46 1111010111 8
57 1110011110 7
60 0011011101 6
71 1111110000 6

03 1100111101 7
14 0011011011 6
25 0000100011 3
36 0000011111 5
47 0011010100 4
50 1110111111 9
61 0011110011 6
72 0001000010 2

04 0011110101 6
15 1110010001 5
26 1101000001 4
37 1100011100 5
40 0011110101 6
51 1110010001 5
62 1101000001 4
73 1100011100 5

05 1110111111 9
16 0011110011 6
27 0001000010 2
30 1100111101 7
41 0011011011 6
52 0000100011 3
63 0000011111 5
74 0011010100 4

06 0011011101 6
17 1111110000 6
20 0001100011 4
31 1100010011 5
42 1101101001 6
53 1101111101 8
64 1111010111 8
75 1110011110 7

07 1111011110 8
10 1111010001 6
21 0001001101 4
32 0010100001 3
43 0000110111 5
54 0010110101 5
65 0010011101 5
76 0011111100 6

Matching output
0 absent
1 absent
2 absent
3 absent
4 absent
5 absent
6 absent
7 absent

Left
none
Best: none

Right
none
Best: none

Selecting

Lefts
Identity I4 5 6 7: 4
NOT none
Constant none
AND none
OR none
XOR none
AND-NOT none
OR-NOT none
XOR-NOT none

Rights
Identity I1 0: 2
NOT none
Constant none
AND none
OR none
XOR none
AND-NOT none
OR-NOT none
XOR-NOT none

Left longest: 4
Right longest: 2

Left winner: Identity yes, NOT no, Constant no, AND no, OR no, XOR no, AND-NOT no, OR-NOT no, XOR-NOT no
Right winner: Identity yes, NOT no, Constant no, AND no, OR no, XOR no, AND-NOT no, OR-NOT no, XOR-NOT no

Best left: I4 5 6 7: 4
Best right: I1 0: 2

Truncated left: I4 5 6 7: 4
Truncated right: I1 0: 2

Tentative from right
7 I1
6 I0
5 pending
4 pending
3 pending
2 pending
1 pending
0 pending

Tentative
0 I4
1 I5
2 I6
3 I7
4 pending
5 pending
6 I0
7 I1

Preferred from left
0 I4
1 I5
2 I6
3 I7
4 ?0?
5 ?1?
6 I0
7 I1

Preferred from right
7 I1
6 I0
5 ?17
4 ?06
3 I7
2 I6
1 I5
0 I4

Preferred
0 I4
1 I5
2 I6
3 I7
4 ?06 ?60
5 ?17 ?71
6 I0
7 I1

Matching
0 I4
1 I5
2 I6
3 I7
4 ?06 ?60 - Identity absent, NOT absent, Constant C0, AND absent, OR absent, XOR absent, AND-NOT absent, OR-NOT absent, XOR-NOT absent
5 ?17 ?71 - Identity absent, NOT absent, Constant C0, AND absent, OR absent, XOR absent, AND-NOT absent, OR-NOT absent, XOR-NOT absent
6 I0
7 I1

Perfect match
Identity no
NOT no
Constant yes
AND no
OR no
XOR no
AND-NOT no
OR-NOT no
XOR-NOT no

Matched
0 I4
1 I5
2 I6
3 I7
4 C0
5 C0
6 I0
7 I1

Selected
0 I4
1 I5
2 I6
3 I7
4 C0
5 C0
6 I0
7 I1

Applying to 10000010
Input
0 1
1 0
2 0
3 0
4 0
5 0
6 1
7 0
Output
0 I4 = 0
1 I5 = 0
2 I6 = 1
3 I7 = 0
4 C0 = 0
5 C0 = 0
6 I0 = 1
7 I1 = 0

I will now return the answer in \boxed{}
The answer in \boxed{–} is \boxed{00100010}
[correct]
true
