[category]
bit_manipulation
[prompt]
In Alice's Wonderland, a secret bit manipulation rule transforms 8-bit binary numbers. The transformation involves operations like bit shifts, rotations, XOR, AND, OR, NOT, and possibly majority or choice functions.

Here are some examples of input -> output:
10100110 -> 11001101
11101011 -> 11010111
11011010 -> 10110101
11011000 -> 10110001
01101110 -> 11011100
01011100 -> 10111000
10001111 -> 11011111
11100111 -> 11001111

Now, determine the output for: 10110110
[completion]
We need to deduce the transformation by matching the example outputs.
I will put my final answer inside \boxed{}.

Output 0: 11001101
0 1
1 1
2 0
3 0
4 1
5 1
6 0
7 1

Output 1: 11010111
0 1
1 1
2 0
3 1
4 0
5 1
6 1
7 1

Output 2: 10110101
0 1
1 0
2 1
3 1
4 0
5 1
6 0
7 1

Output 3: 10110001
0 1
1 0
2 1
3 1
4 0
5 0
6 0
7 1

Output 4: 11011100
0 1
1 1
2 0
3 1
4 1
5 1
6 0
7 0

Output 5: 10111000
0 1
1 0
2 1
3 1
4 1
5 0
6 0
7 0

Output 6: 11011111
0 1
1 1
2 0
3 1
4 1
5 1
6 1
7 1

Output 7: 11001111
0 1
1 1
2 0
3 0
4 1
5 1
6 1
7 1

Output bit columns (with bitsum as hash)
0 11111111 a
1 11001011 5
2 00110100 3
3 01111110 6
4 10001111 5
5 11101011 6
6 01000011 3
7 11110011 6

Input 0: 10100110
0 1
1 0
2 1
3 0
4 0
5 1
6 1
7 0

Input 1: 11101011
0 1
1 1
2 1
3 0
4 1
5 0
6 1
7 1

Input 2: 11011010
0 1
1 1
2 0
3 1
4 1
5 0
6 1
7 0

Input 3: 11011000
0 1
1 1
2 0
3 1
4 1
5 0
6 0
7 0

Input 4: 01101110
0 0
1 1
2 1
3 0
4 1
5 1
6 1
7 0

Input 5: 01011100
0 0
1 1
2 0
3 1
4 1
5 1
6 0
7 0

Input 6: 10001111
0 1
1 0
2 0
3 0
4 1
5 1
6 1
7 1

Input 7: 11100111
0 1
1 1
2 1
3 0
4 0
5 1
6 1
7 1

When matching output
x: not in operator
y: wrong position

Identity
0 11110011 6 match 7
1 01111101 6
2 11001001 4
3 00110100 3 match 2
4 01111110 6 match 3
5 10001111 5 match 4
6 11101011 6 match 5
7 01000011 3 match 6

Matching output
0 absent
1 absent
2 3
3 4
4 5
5 6
6 7
7 0

Left
none
Best: none

Right
0 7 6 5 4 3 2x
Best: I0 7 6 5 4 3: 6

NOT
0 00001100 2
1 10000010 2
2 00110110 4
3 11001011 5 match 1
4 10000001 2
5 01110000 3
6 00010100 2
7 10111100 5

Matching output
0 absent
1 3
2 absent
3 absent
4 absent
5 absent
6 absent
7 absent

Left
none
Best: none

Right
none
Best: none

Constant
0 00000000 a
1 11111111 a match 0

Matching output
0 C1
1 absent
2 absent
3 absent
4 absent
5 absent
6 absent
7 absent

Left
1
Best: C1: 1

Right
none
Best: none

AND
01 10 01110001 4
12 21 01001001 3
23 32 00000000 a
34 43 00110100 3 match 2
45 54 00001110 3
56 65 10001011 4
67 76 01000011 3 match 6
70 07 01000011 3 match 6

02 20 11000001 3
13 31 00110100 3 match 2
24 42 01001000 2
35 53 00000100 1
46 64 01101010 4
57 75 00000011 2
60 06 11100011 5
71 17 01000001 2

03 30 00110000 2
14 41 01111100 5
25 52 10001001 3
36 63 00100000 1
47 74 01000010 2
50 05 10000011 3
61 16 01101001 4
72 27 01000001 2

04 40 01110010 4
15 51 00001101 3
26 62 11001001 4
37 73 00000000 a

Matching output
0 absent
1 absent
2 34 43 13 31
3 absent
4 absent
5 absent
6 67 76 70 07
7 absent

Left
none
Best: none

Right
none
Best: none

OR
01 10 11111111 a match 0
12 21 11111101 7
23 32 11111101 7
34 43 01111110 6 match 3
45 54 11111111 a match 0
56 65 11101111 7
67 76 11101011 6 match 5
70 07 11110011 6 match 7

02 20 11111011 7
13 31 01111101 6
24 42 11111111 a match 0
35 53 10111111 7
46 64 11111111 a match 0
57 75 11001111 6
60 06 11111011 7
71 17 01111111 7

03 30 11110111 7
14 41 01111111 7
25 52 11001111 6
36 63 11111111 a match 0
47 74 01111111 7
50 05 11111111 a match 0
61 16 11111111 a match 0
72 27 11001011 5 match 1

04 40 11111111 a match 0
15 51 11111111 a match 0
26 62 11101011 6 match 5
37 73 01110111 6

Matching output
0 01 10 45 54 24 42 46 64 36 63 50 05 61 16 04 40 15 51
1 72 27
2 absent
3 34 43
4 absent
5 67 76 26 62
6 absent
7 70 07

Left
01 12x
10 21x
45 56x
54 65x
24 35x
42 53x
46 57x
64 75x
36 47x
63 74x
50 61y
05 16y
61 72 03x
16 27 30x
04 15y
40 51y
15 26y
51 62y
Best: OR61 72: 2

Right
70 67y
07 76y
Best: OR70: 1

XOR
01 10 10001110 4
12 21 10110100 4
23 32 11111101 7
34 43 01001010 3
45 54 11110001 5
56 65 01100100 3
67 76 10101000 3
70 07 10110000 3

02 20 00111010 4
13 31 01001001 3
24 42 10110111 6
35 53 10111011 6
46 64 10010101 4
57 75 11001100 4
60 06 00011000 2
71 17 00111110 5

03 30 11000111 5
14 41 00000011 2
25 52 01000110 3
36 63 11011111 7
47 74 00111101 5
50 05 01111100 5
61 16 10010110 4
72 27 10001010 3

04 40 10001101 4
15 51 11110010 5
26 62 00100010 2
37 73 01110111 6

Matching output
0 absent
1 absent
2 absent
3 absent
4 absent
5 absent
6 absent
7 absent

Left
none
Best: none

Right
none
Best: none

AND-NOT
01 10000010 2
12 00110100 3 match 2
23 11001001 4
34 00000000 a
45 01110000 3
56 00000100 1
67 10101000 3
70 00000000 a

02 00110010 3
13 01001001 3
24 10000001 2
35 00110000 2
46 00010100 2
57 10001100 3
60 00001000 1
71 00000010 1

03 11000011 4
14 00000001 1
25 01000000 1
36 00010100 2
47 00111100 4
50 00001100 2
61 10000010 2
72 00000010 1

04 10000001 2
15 01110000 3
26 00000000 a
37 00110100 3 match 2
40 00001100 2
51 10000010 2
62 00100010 2
73 01000011 3 match 6

05 01110000 3
16 00010100 2
27 10001000 2
30 00000100 1
41 00000010 1
52 00000110 2
63 11001011 5 match 1
74 00000001 1

06 00010000 1
17 00111100 4
20 00001000 1
31 00000000 a
42 00110110 4
53 10001011 4
64 10000001 2
75 01000000 1

07 10110000 3
10 00001100 2
21 10000000 1
32 00110100 3 match 2
43 01001010 3
54 10000001 2
65 01100000 2
76 00000000 a

Matching output
0 absent
1 63
2 12 37 32
3 absent
4 absent
5 absent
6 73
7 absent

Left
none
Best: none

Right
none
Best: none

OR-NOT
01 11110011 6 match 7
12 01111111 7
23 11001011 5 match 1
34 10110101 5
45 01111110 6 match 3
56 10011111 6
67 11111111 a match 0
70 01001111 5

02 11110111 7
13 11111111 a match 0
24 11001001 4
35 01110100 4
46 01111110 6 match 3
57 10111111 7
60 11101111 7
71 11000011 4

03 11111011 7
14 11111101 7
25 11111001 6
36 00110100 3 match 2
47 11111110 7
50 10001111 5 match 4
61 11101011 6 match 5
72 01110111 6

04 11110011 6 match 7
15 01111101 6
26 11011101 6
37 10111100 5
40 01111110 6 match 3
51 10001111 5 match 4
62 11111111 a match 0
73 11001011 5 match 1

05 11110011 6 match 7
16 01111101 6
27 11111101 7
30 00111100 4
41 11111110 7
52 10111111 7
63 11101011 6 match 5
74 11000011 4

06 11110111 7
17 11111101 7
20 11001101 5
31 10110110 5
42 01111110 6 match 3
53 11001111 6
64 11101011 6 match 5
75 01110011 5

07 11111111 a match 0
10 01111101 6
21 11001011 5 match 1
32 00110110 4
43 11111111 a match 0
54 10001111 5 match 4
65 11111011 7
76 01010111 5

Matching output
0 67 13 62 07 43
1 23 73 21
2 36
3 45 46 40 42
4 50 51 54
5 61 63 64
6 absent
7 01 04 05

Left
67 70x
13 24x
62 73 04y
07 10x
43 54y
Best: OR-NOT62 73: 2

Right
01 70x
04 73y
05 74x
Best: OR-NOT01: 1

XOR-NOT
01 01110001 4
12 01001011 4
23 00000010 1
34 10110101 5
45 00001110 3
56 10011011 5
67 01010111 5
70 01001111 5

02 11000101 4
13 10110110 5
24 01001000 2
35 01000100 2
46 01101010 4
57 00110011 4
60 11100111 6
71 11000001 3

03 00111000 3
14 11111100 6
25 10111001 5
36 00100000 1
47 11000010 3
50 10000011 3
61 01101001 4
72 01110101 5

04 01110010 4
15 00001101 3
26 11011101 6
37 10001000 2
40 01110010 4
51 00001101 3
62 11011101 6
73 10001000 2

05 10000011 3
16 01101001 4
27 01110101 5
30 00111000 3
41 11111100 6
52 10111001 5
63 00100000 1
74 11000010 3

06 11100111 6
17 11000001 3
20 11000101 4
31 10110110 5
42 01001000 2
53 01000100 2
64 01101010 4
75 00110011 4

07 01001111 5
10 01110001 4
21 01001011 4
32 00000010 1
43 10110101 5
54 00001110 3
65 10011011 5
76 01010111 5

Matching output
0 absent
1 absent
2 absent
3 absent
4 absent
5 absent
6 absent
7 absent

Left
none
Best: none

Right
none
Best: none

Selecting

Lefts
Identity none
NOT none
Constant C1: 1
AND none
OR OR61 72: 2
XOR none
AND-NOT none
OR-NOT OR-NOT62 73: 2
XOR-NOT none

Rights
Identity I0 7 6 5 4 3: 6
NOT none
Constant none
AND none
OR OR70: 1
XOR none
AND-NOT none
OR-NOT OR-NOT01: 1
XOR-NOT none

Left longest: 2
Right longest: 6

Right winner: Identity yes, NOT no, Constant no, AND no, OR no, XOR no, AND-NOT no, OR-NOT no, XOR-NOT no
Left winner: Identity no, NOT no, Constant no, AND no, OR yes, XOR no, AND-NOT no, OR-NOT no, XOR-NOT no

Best right: I0 7 6 5 4 3: 6
Best left: OR61 72: 2

Truncated right: I0 7 6 5 4 3: 6
Truncated left: OR61 72: 2

Tentative from right
7 I0
6 I7
5 I6
4 I5
3 I4
2 I3
1 pending
0 pending

Tentative
0 OR61
1 OR72
2 I3
3 I4
4 I5
5 I6
6 I7
7 I0

Preferred from right
7 I0
6 I7
5 I6
4 I5
3 I4
2 I3
1 OR72
0 OR61

Preferred from left
0 OR61
1 OR72
2 I3
3 I4
4 I5
5 I6
6 I7
7 I0

Preferred
0 OR61
1 OR72
2 I3
3 I4
4 I5
5 I6
6 I7
7 I0

Matching
0 OR61
1 OR72
2 I3
3 I4
4 I5
5 I6
6 I7
7 I0

Perfect match
Identity no
NOT no
Constant no
AND no
OR no
XOR no
AND-NOT no
OR-NOT no
XOR-NOT no

Matched
0 OR61
1 OR72
2 I3
3 I4
4 I5
5 I6
6 I7
7 I0

Selected
0 OR61
1 OR72
2 I3
3 I4
4 I5
5 I6
6 I7
7 I0

Applying to 10110110
Input
0 1
1 0
2 1
3 1
4 0
5 1
6 1
7 0
Output
0 OR61 = OR(1,0) = 1
1 OR72 = OR(0,1) = 1
2 I3 = 1
3 I4 = 0
4 I5 = 1
5 I6 = 1
6 I7 = 0
7 I0 = 1

I will now return the answer in \boxed{}
The answer in \boxed{–} is \boxed{11101101}
[correct]
true
