[category]
bit_manipulation
[prompt]
In Alice's Wonderland, a secret bit manipulation rule transforms 8-bit binary numbers. The transformation involves operations like bit shifts, rotations, XOR, AND, OR, NOT, and possibly majority or choice functions.

Here are some examples of input -> output:
10000000 -> 11111110
01001001 -> 00100111
00001100 -> 10000111
11110010 -> 10001111
00101001 -> 11100101
10111110 -> 01110111
00010100 -> 01110111
10000010 -> 11101110

Now, determine the output for: 10111100
[completion]
We need to deduce the transformation by matching the example outputs.
I will put my final answer inside \boxed{}.

Output 0: 11111110
0 1
1 1
2 1
3 1
4 1
5 1
6 1
7 0

Output 1: 00100111
0 0
1 0
2 1
3 0
4 0
5 1
6 1
7 1

Output 2: 10000111
0 1
1 0
2 0
3 0
4 0
5 1
6 1
7 1

Output 3: 10001111
0 1
1 0
2 0
3 0
4 1
5 1
6 1
7 1

Output 4: 11100101
0 1
1 1
2 1
3 0
4 0
5 1
6 0
7 1

Output 5: 01110111
0 0
1 1
2 1
3 1
4 0
5 1
6 1
7 1

Output 6: 01110111
0 0
1 1
2 1
3 1
4 0
5 1
6 1
7 1

Output 7: 11101110
0 1
1 1
2 1
3 0
4 1
5 1
6 1
7 0

Output bit columns (with bitsum as hash)
0 10111001 5
1 10001111 5
2 11001111 6
3 10000110 3
4 10010001 3
5 11111111 a
6 11110111 7
7 01111110 6

Input 0: 10000000
0 1
1 0
2 0
3 0
4 0
5 0
6 0
7 0

Input 1: 01001001
0 0
1 1
2 0
3 0
4 1
5 0
6 0
7 1

Input 2: 00001100
0 0
1 0
2 0
3 0
4 1
5 1
6 0
7 0

Input 3: 11110010
0 1
1 1
2 1
3 1
4 0
5 0
6 1
7 0

Input 4: 00101001
0 0
1 0
2 1
3 0
4 1
5 0
6 0
7 1

Input 5: 10111110
0 1
1 0
2 1
3 1
4 1
5 1
6 1
7 0

Input 6: 00010100
0 0
1 0
2 0
3 1
4 0
5 1
6 0
7 0

Input 7: 10000010
0 1
1 0
2 0
3 0
4 0
5 0
6 1
7 0

When matching output
x: not in operator
y: wrong position

Identity
0 10010101 4
1 01010000 2
2 00011100 3
3 00010110 3
4 01101100 4
5 00100110 3
6 00010101 3
7 01001000 2

Matching output
0 absent
1 absent
2 absent
3 absent
4 absent
5 absent
6 absent
7 absent

Left
none
Best: none

Right
none
Best: none

NOT
0 01101010 4
1 10101111 6
2 11100011 5
3 11101001 5
4 10010011 4
5 11011001 5
6 11101010 5
7 10110111 6

Matching output
0 absent
1 absent
2 absent
3 absent
4 absent
5 absent
6 absent
7 absent

Left
none
Best: none

Right
none
Best: none

Constant
0 00000000 a
1 11111111 a match 5

Matching output
0 absent
1 absent
2 absent
3 absent
4 absent
5 C1
6 absent
7 absent

Left
none
Best: none

Right
none
Best: none

AND
01 10 00010000 1
12 21 00010000 1
23 32 00010100 2
34 43 00000100 1
45 54 00100100 2
56 65 00000100 1
67 76 00000000 a
70 07 00000000 a

02 20 00010100 2
13 31 00010000 1
24 42 00001100 2
35 53 00000110 2
46 64 00000100 1
57 75 00000000 a
60 06 00010101 3
71 17 01000000 1

03 30 00010100 2
14 41 01000000 1
25 52 00000100 1
36 63 00010100 2
47 74 01001000 2
50 05 00000100 1
61 16 00010000 1
72 27 00001000 1

04 40 00000100 1
15 51 00000000 a
26 62 00010100 2
37 73 00000000 a

Matching output
0 absent
1 absent
2 absent
3 absent
4 absent
5 absent
6 absent
7 absent

Left
none
Best: none

Right
none
Best: none

OR
01 10 11010101 5
12 21 01011100 4
23 32 00011110 4
34 43 01111110 6 match 7
45 54 01101110 5
56 65 00110111 5
67 76 01011101 5
70 07 11011101 6

02 20 10011101 5
13 31 01010110 4
24 42 01111100 5
35 53 00110110 4
46 64 01111101 6
57 75 01101110 5
60 06 10010101 4
71 17 01011000 3

03 30 10010111 5
14 41 01111100 5
25 52 00111110 5
36 63 00010111 4
47 74 01101100 4
50 05 10110111 6
61 16 01010101 4
72 27 01011100 4

04 40 11111101 7
15 51 01110110 5
26 62 00011101 4
37 73 01011110 5

Matching output
0 absent
1 absent
2 absent
3 absent
4 absent
5 absent
6 absent
7 34 43

Left
none
Best: none

Right
34 23x
43 32x
Best: OR34: 1

XOR
01 10 11000101 4
12 21 01001100 3
23 32 00001010 2
34 43 01111010 5
45 54 01001010 3
56 65 00110011 4
67 76 01011101 5
70 07 11011101 6

02 20 10001001 3
13 31 01000110 3
24 42 01110000 3
35 53 00110000 2
46 64 01111001 5
57 75 01101110 5
60 06 10000000 1
71 17 00011000 2

03 30 10000011 3
14 41 00111100 4
25 52 00111010 4
36 63 00000011 2
47 74 00100100 2
50 05 10110011 5
61 16 01000101 3
72 27 01010100 3

04 40 11111001 6
15 51 01110110 5
26 62 00001001 2
37 73 01011110 5

Matching output
0 absent
1 absent
2 absent
3 absent
4 absent
5 absent
6 absent
7 absent

Left
none
Best: none

Right
none
Best: none

AND-NOT
01 10000101 3
12 01000000 1
23 00001000 1
34 00010010 2
45 01001000 2
56 00100010 2
67 00010101 3
70 01001000 2

02 10000001 2
13 01000000 1
24 00010000 1
35 00010000 1
46 01101000 3
57 00100110 3
60 00000000 a
71 00001000 1

03 10000001 2
14 00010000 1
25 00011000 2
36 00000010 1
47 00100100 2
50 00100010 2
61 00000101 2
72 01000000 1

04 10010001 3 match 4
15 01010000 2
26 00001000 1
37 00010110 3
40 01101000 3
51 00100110 3
62 00000001 1
73 01001000 2

05 10010001 3 match 4
16 01000000 1
27 00010100 2
30 00000010 1
41 00101100 3
52 00100010 2
63 00000001 1
74 00000000 a

06 10000000 1
17 00010000 1
20 00001000 1
31 00000110 2
42 01100000 2
53 00100000 1
64 00010001 2
75 01001000 2

07 10010101 4
10 01000000 1
21 00001100 2
32 00000010 1
43 01101000 3
54 00000010 1
65 00010001 2
76 01001000 2

Matching output
0 absent
1 absent
2 absent
3 absent
4 04 05
5 absent
6 absent
7 absent

Left
none
Best: none

Right
none
Best: none

OR-NOT
01 10111111 7
12 11110011 6
23 11111101 7
34 10010111 5
45 11111101 7
56 11101110 6
67 10110111 6
70 01101010 4

02 11110111 7 match 6
13 11111001 6
24 10011111 6
35 11011111 7
46 11101110 6
57 10110111 6
60 01111111 7
71 11101111 7

03 11111101 7
14 11010011 5
25 11011101 6
36 11111110 7
47 11111111 a match 5
50 01101110 5
61 10111111 7
72 11101011 6

04 10010111 5
15 11011001 5
26 11111110 7
37 10110111 6
40 01101110 5
51 10101111 6
62 11110111 7 match 6
73 11101001 5

05 11011101 6
16 11111010 6
27 10111111 7
30 01111110 6 match 7
41 11101111 7
52 11100111 6
63 11111101 7
74 11011011 6

06 11111111 a match 5
17 11110111 7 match 6
20 01111110 6 match 7
31 10111111 7
42 11101111 7
53 11101111 7
64 10010111 5
75 11011001 5

07 10110111 6
10 01111010 5
21 10111111 7
32 11110111 7 match 6
43 11101101 6
54 10110111 6
65 11011101 6
76 11101010 5

Matching output
0 absent
1 absent
2 absent
3 absent
4 absent
5 47 06
6 02 62 17 32
7 30 20

Left
none
Best: none

Right
30 27x
20 17 06 75x
Best: OR-NOT20 17 06: 3

XOR-NOT
01 00111010 4
12 10110011 5
23 11110101 6
34 10000101 3
45 10110101 5
56 11001100 4
67 10100010 3
70 00100010 2

02 01110110 5
13 10111001 5 match 0
24 10001111 5 match 1
35 11001111 6 match 2
46 10000110 3 match 3
57 10010001 3 match 4
60 01111111 7
71 11100111 6

03 01111100 5
14 11000011 4
25 11000101 4
36 11111100 6
47 11011011 6
50 01001100 3
61 10111010 5
72 10101011 5

04 00000110 2
15 10001001 3
26 11110110 6
37 10100001 3
40 00000110 2
51 10001001 3
62 11110110 6
73 10100001 3

05 01001100 3
16 10111010 5
27 10101011 5
30 01111100 5
41 11000011 4
52 11000101 4
63 11111100 6
74 11011011 6

06 01111111 7
17 11100111 6
20 01110110 5
31 10111001 5 match 0
42 10001111 5 match 1
53 11001111 6 match 2
64 10000110 3 match 3
75 10010001 3 match 4

07 00100010 2
10 00111010 4
21 10110011 5
32 11110101 6
43 10000101 3
54 10110101 5
65 11001100 4
76 10100010 3

Matching output
0 13 31
1 24 42
2 35 53
3 46 64
4 57 75
5 absent
6 absent
7 absent

Left
13 24 35 46 57 60x
31 42 53 64 75 06x
Best: XOR-NOT13 24 35 46 57: 5

Right
none
Best: none

Selecting

Lefts
Identity none
NOT none
Constant none
AND none
OR none
XOR none
AND-NOT none
OR-NOT none
XOR-NOT XOR-NOT13 24 35 46 57: 5

Rights
Identity none
NOT none
Constant none
AND none
OR OR34: 1
XOR none
AND-NOT none
OR-NOT OR-NOT20 17 06: 3
XOR-NOT none

Left longest: 5
Right longest: 3

Left winner: Identity no, NOT no, Constant no, AND no, OR no, XOR no, AND-NOT no, OR-NOT no, XOR-NOT yes
Right winner: Identity no, NOT no, Constant no, AND no, OR no, XOR no, AND-NOT no, OR-NOT yes, XOR-NOT no

Best left: XOR-NOT13 24 35 46 57: 5
Best right: OR-NOT20 17 06: 3

Truncated left: XOR-NOT13 24 35 46 57: 5
Truncated right: OR-NOT20 17 06: 3

Tentative from right
7 OR-NOT20
6 OR-NOT17
5 OR-NOT06
4 pending
3 pending
2 pending
1 pending
0 pending

Tentative
0 XOR-NOT13
1 XOR-NOT24
2 XOR-NOT35
3 XOR-NOT46
4 XOR-NOT57
5 OR-NOT06
6 OR-NOT17
7 OR-NOT20

Preferred from left
0 XOR-NOT13
1 XOR-NOT24
2 XOR-NOT35
3 XOR-NOT46
4 XOR-NOT57
5 OR-NOT06
6 OR-NOT17
7 OR-NOT20

Preferred from right
7 OR-NOT20
6 OR-NOT17
5 OR-NOT06
4 XOR-NOT57
3 XOR-NOT46
2 XOR-NOT35
1 XOR-NOT24
0 XOR-NOT13

Preferred
0 XOR-NOT13
1 XOR-NOT24
2 XOR-NOT35
3 XOR-NOT46
4 XOR-NOT57
5 OR-NOT06
6 OR-NOT17
7 OR-NOT20

Matching
0 XOR-NOT13
1 XOR-NOT24
2 XOR-NOT35
3 XOR-NOT46
4 XOR-NOT57
5 OR-NOT06
6 OR-NOT17
7 OR-NOT20

Perfect match
Identity no
NOT no
Constant no
AND no
OR no
XOR no
AND-NOT no
OR-NOT no
XOR-NOT no

Matched
0 XOR-NOT13
1 XOR-NOT24
2 XOR-NOT35
3 XOR-NOT46
4 XOR-NOT57
5 OR-NOT06
6 OR-NOT17
7 OR-NOT20

Selected
0 XOR-NOT13
1 XOR-NOT24
2 XOR-NOT35
3 XOR-NOT46
4 XOR-NOT57
5 OR-NOT06
6 OR-NOT17
7 OR-NOT20

Applying to 10111100
Input
0 1
1 0
2 1
3 1
4 1
5 1
6 0
7 0
Output
0 XOR-NOT13 = XOR(0,NOT(1)) = 0
1 XOR-NOT24 = XOR(1,NOT(1)) = 1
2 XOR-NOT35 = XOR(1,NOT(1)) = 1
3 XOR-NOT46 = XOR(1,NOT(0)) = 0
4 XOR-NOT57 = XOR(1,NOT(0)) = 0
5 OR-NOT06 = OR(1,NOT(0)) = 1
6 OR-NOT17 = OR(0,NOT(0)) = 1
7 OR-NOT20 = OR(1,NOT(1)) = 1

I will now return the answer in \boxed{}
The answer in \boxed{–} is \boxed{01100111}
[correct]
true
