[category]
bit_manipulation
[prompt]
In Alice's Wonderland, a secret bit manipulation rule transforms 8-bit binary numbers. The transformation involves operations like bit shifts, rotations, XOR, AND, OR, NOT, and possibly majority or choice functions.

Here are some examples of input -> output:
11110101 -> 00101101
11011001 -> 01100110
01011110 -> 11010111
11100111 -> 01001011
10111011 -> 00011110
00100110 -> 01011011
11010101 -> 00100101
00011111 -> 11101111
01010010 -> 10010101
00001111 -> 11101111

Now, determine the output for: 01100111
[completion]
We need to deduce the transformation by matching the example outputs.
I will put my final answer inside \boxed{}.

Output 0: 00101101
0 0
1 0
2 1
3 0
4 1
5 1
6 0
7 1

Output 1: 01100110
0 0
1 1
2 1
3 0
4 0
5 1
6 1
7 0

Output 2: 11010111
0 1
1 1
2 0
3 1
4 0
5 1
6 1
7 1

Output 3: 01001011
0 0
1 1
2 0
3 0
4 1
5 0
6 1
7 1

Output 4: 00011110
0 0
1 0
2 0
3 1
4 1
5 1
6 1
7 0

Output 5: 01011011
0 0
1 1
2 0
3 1
4 1
5 0
6 1
7 1

Output 6: 00100101
0 0
1 0
2 1
3 0
4 0
5 1
6 0
7 1

Output 7: 11101111
0 1
1 1
2 1
3 0
4 1
5 1
6 1
7 1

Output 8: 10010101
0 1
1 0
2 0
3 1
4 0
5 1
6 0
7 1

Output 9: 11101111
0 1
1 1
2 1
3 0
4 1
5 1
6 1
7 1

Output bit columns (with bitsum as hash)
0 0010000111 4
1 0111010101 6
2 1100001101 5
3 0010110010 4
4 1001110101 6
5 1110101111 8
6 0111110101 7
7 1011011111 8

Input 0: 11110101
0 1
1 1
2 1
3 1
4 0
5 1
6 0
7 1

Input 1: 11011001
0 1
1 1
2 0
3 1
4 1
5 0
6 0
7 1

Input 2: 01011110
0 0
1 1
2 0
3 1
4 1
5 1
6 1
7 0

Input 3: 11100111
0 1
1 1
2 1
3 0
4 0
5 1
6 1
7 1

Input 4: 10111011
0 1
1 0
2 1
3 1
4 1
5 0
6 1
7 1

Input 5: 00100110
0 0
1 0
2 1
3 0
4 0
5 1
6 1
7 0

Input 6: 11010101
0 1
1 1
2 0
3 1
4 0
5 1
6 0
7 1

Input 7: 00011111
0 0
1 0
2 0
3 1
4 1
5 1
6 1
7 1

Input 8: 01010010
0 0
1 1
2 0
3 1
4 0
5 0
6 1
7 0

Input 9: 00001111
0 0
1 0
2 0
3 0
4 1
5 1
6 1
7 1

When matching output
x: not in operator
y: wrong position

Identity
0 1101101000 5
1 1111001010 6
2 1001110000 4
3 1110101110 7
4 0110100101 5
5 1011011101 7
6 0011110111 7
7 1101101101 7

Matching output
0 absent
1 absent
2 absent
3 absent
4 absent
5 absent
6 absent
7 absent

Left
none
Best: none

Right
none
Best: none

NOT
0 0010010111 5
1 0000110101 4
2 0110001111 6
3 0001010001 3
4 1001011010 5
5 0100100010 3
6 1100001000 3
7 0010010010 3

Matching output
0 absent
1 absent
2 absent
3 absent
4 absent
5 absent
6 absent
7 absent

Left
none
Best: none

Right
none
Best: none

Constant
0 0000000000 a
1 1111111111 a

Matching output
0 absent
1 absent
2 absent
3 absent
4 absent
5 absent
6 absent
7 absent

Left
none
Best: none

Right
none
Best: none

AND
01 10 1101001000 4
12 21 1001000000 2
23 32 1000100000 2
34 43 0110100100 4
45 54 0010000101 3
56 65 0011010101 5
67 76 0001100101 4
70 07 1101101000 5

02 20 1001100000 3
13 31 1110001010 5
24 42 0000100000 1
35 53 1010001100 4
46 64 0010100101 4
57 75 1001001101 5
60 06 0001100000 2
71 17 1101001000 4

03 30 1100101000 4
14 41 0110000000 2
25 52 1001010000 3
36 63 0010100110 4
47 74 0100100101 4
50 05 1001001000 3
61 16 0011000010 3
72 27 1001100000 3

04 40 0100100000 2
15 51 1011001000 4
26 62 0001110000 3
37 73 1100101100 5

Matching output
0 absent
1 absent
2 absent
3 absent
4 absent
5 absent
6 absent
7 absent

Left
none
Best: none

Right
none
Best: none

OR
01 10 1111101010 7
12 21 1111111010 8
23 32 1111111110 9
34 43 1110101111 8 match 5
45 54 1111111101 9
56 65 1011111111 9
67 76 1111111111 a
70 07 1101101101 7

02 20 1101111000 6
13 31 1111101110 8
24 42 1111110101 8
35 53 1111111111 a
46 64 0111110111 8
57 75 1111111101 9
60 06 1111111111 a
71 17 1111101111 9

03 30 1111101110 8
14 41 1111101111 9
25 52 1011111101 8
36 63 1111111111 a
47 74 1111101101 8
50 05 1111111101 9
61 16 1111111111 a
72 27 1101111101 8

04 40 1111101101 8
15 51 1111011111 9
26 62 1011110111 8
37 73 1111101111 9

Matching output
0 absent
1 absent
2 absent
3 absent
4 absent
5 34 43
6 absent
7 absent

Left
none
Best: none

Right
none
Best: none

XOR
01 10 0010100010 3
12 21 0110111010 6
23 32 0111011110 7
34 43 1000001011 4
45 54 1101111000 6
56 65 1000101010 4
67 76 1110011010 6
70 07 0000000101 2

02 20 0100011000 3
13 31 0001100100 3
24 42 1111010101 7
35 53 0101110011 6
46 64 0101010010 4
57 75 0110110000 4
60 06 1110011111 8
71 17 0010100111 5

03 30 0011000110 4
14 41 1001101111 7
25 52 0010101101 5
36 63 1101011001 6
47 74 1011001000 4
50 05 0110110101 6
61 16 1100111101 7
72 27 0100011101 5

04 40 1011001101 6
15 51 0100010111 5
26 62 1010000111 5
37 73 0011000011 4

Matching output
0 absent
1 absent
2 absent
3 absent
4 absent
5 absent
6 absent
7 absent

Left
none
Best: none

Right
none
Best: none

AND-NOT
01 0000100000 1
12 0110001010 4
23 0001010000 2
34 1000001010 3
45 0100100000 2
56 1000001000 2
67 0010010010 3
70 0000000101 2

02 0100001000 2
13 0001000000 1
24 1001010000 3
35 0100100010 3
46 0100000000 1
57 0010010000 2
60 0010010111 5
71 0000100101 3

03 0001000000 1
14 1001001010 4
25 0000100000 1
36 1100001000 3
47 0010000000 1
50 0010010101 4
61 0000110101 4
72 0100001101 4

04 1001001000 3
15 0100000010 2
26 1000000000 1
37 0010000010 2
40 0010000101 3
51 0000010101 3
62 0010000111 4 match 0
73 0001000001 2

05 0100100000 2
16 1100001000 3
27 0000010000 1
30 0010000110 3
41 0000100101 3
52 0010001101 4
63 0001010001 3
74 1001001000 3

06 1100001000 3
17 0010000010 2
20 0000010000 1
31 0000100100 2
42 0110000101 4
53 0001010001 3
64 0001010010 3
75 0100100000 2

07 0000000000 a
10 0010000010 2
21 0000110000 2
32 0110001110 5
43 0000000001 1
54 1001011000 4
65 0000100010 2
76 1100001000 3

Matching output
0 62
1 absent
2 absent
3 absent
4 absent
5 absent
6 absent
7 absent

Left
62 73x
Best: AND-NOT62: 1

Right
none
Best: none

OR-NOT
01 1101111101 8
12 1111001111 8
23 1001110001 5
34 1111111110 9
45 0110100111 6
56 1111011101 8
67 0011110111 7
70 1111111111 a

02 1111101111 9
13 1111011011 8
24 1001111010 6
35 1110101110 7
46 1110101101 7
57 1011011111 8 match 7
60 0011110111 7
71 1101111101 8

03 1101111001 7
14 1111011010 7
25 1101110010 6
36 1110101110 7
47 0110110111 7
50 1011011111 8 match 7
61 0011110111 7
72 1111101111 9

04 1101111010 7
15 1111101010 7
26 1101111000 6
37 1110111110 8
40 0110110111 7
51 1011111101 8
62 0111111111 9
73 1101111101 8

05 1101101010 6
16 1111001010 6
27 1011110010 6
30 1110111111 9
41 0110110101 6
52 1111011111 9
63 0011110111 7
74 1101111111 9

06 1101101000 5
17 1111011010 7
20 1011110111 8
31 1110111111 9
42 0110101111 7
53 1011011101 7
64 1011111111 9
75 1101101111 8

07 1111111010 8
10 1111011111 9
21 1001110101 6 match 4
32 1110101111 8 match 5
43 0111110101 7 match 6
54 1011011111 8 match 7
65 0111110111 8
76 1101101101 7

Matching output
0 absent
1 absent
2 absent
3 absent
4 21
5 32
6 43
7 57 50 54

Left
none
Best: none

Right
57 46x
50 47x
54 43 32 21 10x
Best: OR-NOT54 43 32 21: 4

XOR-NOT
01 1101011101 7
12 1001000101 4
23 1000100001 3
34 0111110100 6
45 0010000111 4 match 0
56 0111010101 6 match 1
67 0001100101 4
70 1111111010 8

02 1011100111 7
13 1110011011 7
24 0000101010 3
35 1010001100 4
46 1010101101 6
57 1001001111 6
60 0001100000 2
71 1101011000 5

03 1100111001 6
14 0110010000 3
25 1101010010 5
36 0010100110 4
47 0100110111 6
50 1001001010 4
61 0011000010 3
72 1011100010 5

04 0100110010 4
15 1011101000 5
26 0101111000 5
37 1100111100 6
40 0100110010 4
51 1011101000 5
62 0101111000 5
73 1100111100 6

05 1001001010 4
16 0011000010 3
27 1011100010 5
30 1100111001 6
41 0110010000 3
52 1101010010 5
63 0010100110 4
74 0100110111 6

06 0001100000 2
17 1101011000 5
20 1011100111 7
31 1110011011 7
42 0000101010 3
53 1010001100 4
64 1010101101 6
75 1001001111 6

07 1111111010 8
10 1101011101 7
21 1001000101 4
32 1000100001 3
43 0111110100 6
54 0010000111 4 match 0
65 0111010101 6 match 1
76 0001100101 4

Matching output
0 45 54
1 56 65
2 absent
3 absent
4 absent
5 absent
6 absent
7 absent

Left
45 56 67x
54 65 76x
Best: XOR-NOT45 56: 2

Right
none
Best: none

Selecting

Lefts
Identity none
NOT none
Constant none
AND none
OR none
XOR none
AND-NOT AND-NOT62: 1
OR-NOT none
XOR-NOT XOR-NOT45 56: 2

Rights
Identity none
NOT none
Constant none
AND none
OR none
XOR none
AND-NOT none
OR-NOT OR-NOT54 43 32 21: 4
XOR-NOT none

Left longest: 2
Right longest: 4

Right winner: Identity no, NOT no, Constant no, AND no, OR no, XOR no, AND-NOT no, OR-NOT yes, XOR-NOT no
Left winner: Identity no, NOT no, Constant no, AND no, OR no, XOR no, AND-NOT no, OR-NOT no, XOR-NOT yes

Best right: OR-NOT54 43 32 21: 4
Best left: XOR-NOT45 56: 2

Truncated right: OR-NOT54 43 32 21: 4
Truncated left: XOR-NOT45 56: 2

Tentative from right
7 OR-NOT54
6 OR-NOT43
5 OR-NOT32
4 OR-NOT21
3 pending
2 pending
1 pending
0 pending

Tentative
0 XOR-NOT45
1 XOR-NOT56
2 pending
3 pending
4 OR-NOT21
5 OR-NOT32
6 OR-NOT43
7 OR-NOT54

Preferred from right
7 OR-NOT54
6 OR-NOT43
5 OR-NOT32
4 OR-NOT21
3 ?10
2 ?07
1 XOR-NOT56
0 XOR-NOT45

Preferred from left
0 XOR-NOT45
1 XOR-NOT56
2 ?07
3 ?10
4 OR-NOT21
5 OR-NOT32
6 OR-NOT43
7 OR-NOT54

Preferred
0 XOR-NOT45
1 XOR-NOT56
2 ?07 ?70
3 ?10 ?01
4 OR-NOT21
5 OR-NOT32
6 OR-NOT43
7 OR-NOT54

Matching
0 XOR-NOT45
1 XOR-NOT56
2 ?07 ?70 - Identity absent, NOT absent, Constant absent, AND absent, OR absent, XOR absent, AND-NOT absent, OR-NOT absent, XOR-NOT absent
3 ?10 ?01 - Identity absent, NOT absent, Constant absent, AND absent, OR absent, XOR absent, AND-NOT absent, OR-NOT absent, XOR-NOT absent
4 OR-NOT21
5 OR-NOT32
6 OR-NOT43
7 OR-NOT54

Perfect match
Identity no
NOT no
Constant no
AND no
OR no
XOR no
AND-NOT no
OR-NOT no
XOR-NOT no

Matched
0 XOR-NOT45
1 XOR-NOT56
2 none
3 none
4 OR-NOT21
5 OR-NOT32
6 OR-NOT43
7 OR-NOT54

Selected
0 XOR-NOT45
1 XOR-NOT56
2 default 1
3 default 1
4 OR-NOT21
5 OR-NOT32
6 OR-NOT43
7 OR-NOT54

Applying to 01100111
Input
0 0
1 1
2 1
3 0
4 0
5 1
6 1
7 1
Output
0 XOR-NOT45 = XOR(0,NOT(1)) = 0
1 XOR-NOT56 = XOR(1,NOT(1)) = 1
2 default 1 = 1
3 default 1 = 1
4 OR-NOT21 = OR(1,NOT(1)) = 1
5 OR-NOT32 = OR(0,NOT(1)) = 0
6 OR-NOT43 = OR(0,NOT(0)) = 1
7 OR-NOT54 = OR(1,NOT(0)) = 1

I will now return the answer in \boxed{}
The answer in \boxed{–} is \boxed{01111011}
[correct]
true
