[category]
bit_manipulation
[prompt]
In Alice's Wonderland, a secret bit manipulation rule transforms 8-bit binary numbers. The transformation involves operations like bit shifts, rotations, XOR, AND, OR, NOT, and possibly majority or choice functions.

Here are some examples of input -> output:
01000111 -> 00001111
01100100 -> 10111111
11000110 -> 10011111
00011111 -> 10001111
10101110 -> 00011111
10000011 -> 01001111
01101101 -> 10101111
01000011 -> 01001111
10101111 -> 10001111
01011000 -> 01111111

Now, determine the output for: 01111100
[completion]
We need to deduce the transformation by matching the example outputs.
I will put my final answer inside \boxed{}.

Output 0: 00001111
0 0
1 0
2 0
3 0
4 1
5 1
6 1
7 1

Output 1: 10111111
0 1
1 0
2 1
3 1
4 1
5 1
6 1
7 1

Output 2: 10011111
0 1
1 0
2 0
3 1
4 1
5 1
6 1
7 1

Output 3: 10001111
0 1
1 0
2 0
3 0
4 1
5 1
6 1
7 1

Output 4: 00011111
0 0
1 0
2 0
3 1
4 1
5 1
6 1
7 1

Output 5: 01001111
0 0
1 1
2 0
3 0
4 1
5 1
6 1
7 1

Output 6: 10101111
0 1
1 0
2 1
3 0
4 1
5 1
6 1
7 1

Output 7: 01001111
0 0
1 1
2 0
3 0
4 1
5 1
6 1
7 1

Output 8: 10001111
0 1
1 0
2 0
3 0
4 1
5 1
6 1
7 1

Output 9: 01111111
0 0
1 1
2 1
3 1
4 1
5 1
6 1
7 1

Output bit columns (with bitsum as hash)
0 0111001010 5
1 0000010101 3
2 0100001001 3
3 0110100001 4
4 1111111111 a
5 1111111111 a
6 1111111111 a
7 1111111111 a

Input 0: 01000111
0 0
1 1
2 0
3 0
4 0
5 1
6 1
7 1

Input 1: 01100100
0 0
1 1
2 1
3 0
4 0
5 1
6 0
7 0

Input 2: 11000110
0 1
1 1
2 0
3 0
4 0
5 1
6 1
7 0

Input 3: 00011111
0 0
1 0
2 0
3 1
4 1
5 1
6 1
7 1

Input 4: 10101110
0 1
1 0
2 1
3 0
4 1
5 1
6 1
7 0

Input 5: 10000011
0 1
1 0
2 0
3 0
4 0
5 0
6 1
7 1

Input 6: 01101101
0 0
1 1
2 1
3 0
4 1
5 1
6 0
7 1

Input 7: 01000011
0 0
1 1
2 0
3 0
4 0
5 0
6 1
7 1

Input 8: 10101111
0 1
1 0
2 1
3 0
4 1
5 1
6 1
7 1

Input 9: 01011000
0 0
1 1
2 0
3 1
4 1
5 0
6 0
7 0

When matching output
x: not in operator
y: wrong position

Identity
0 0010110010 4
1 1110001101 6
2 0100101010 4
3 0001000001 2
4 0001101011 5
5 1111101010 7
6 1011110110 7
7 1001011110 6

Matching output
0 absent
1 absent
2 absent
3 absent
4 absent
5 absent
6 absent
7 absent

Left
none
Best: none

Right
none
Best: none

NOT
0 1101001101 6
1 0001110010 4
2 1011010101 6
3 1110111110 8
4 1110010100 5
5 0000010101 3 match 1
6 0100001001 3 match 2
7 0110100001 4 match 3

Matching output
0 absent
1 5
2 6
3 7
4 absent
5 absent
6 absent
7 absent

Left
none
Best: none

Right
none
Best: none

Constant
0 0000000000 a
1 1111111111 a match 4 5 6 7

Matching output
0 absent
1 absent
2 absent
3 absent
4 C1
5 C1
6 C1
7 C1

Left
none
Best: none

Right
1 1 1 1
Best: C1 1 1 1: 4

AND
01 10 0010000000 1
12 21 0100001000 2
23 32 0000000000 a
34 43 0001000001 2
45 54 0001101010 4
56 65 1011100010 5
67 76 1001010110 5
70 07 0000010010 2

02 20 0000100010 2
13 31 0000000001 1
24 42 0000101010 3
35 53 0001000000 1
46 64 0001100010 3
57 75 1001001010 4
60 06 0010110010 4
71 17 1000001100 3

03 30 0000000000 a
14 41 0000001001 2
25 52 0100101010 4
36 63 0001000000 1
47 74 0001001010 3
50 05 0010100010 3
61 16 1010000100 3
72 27 0000001010 2

04 40 0000100010 2
15 51 1110001000 4
26 62 0000100010 2
37 73 0001000000 1

Matching output
0 absent
1 absent
2 absent
3 absent
4 absent
5 absent
6 absent
7 absent

Left
none
Best: none

Right
none
Best: none

OR
01 10 1110111111 9
12 21 1110101111 8
23 32 0101101011 6
34 43 0001101011 5
45 54 1111101011 8
56 65 1111111110 9
67 76 1011111110 8
70 07 1011111110 8

02 20 0110111010 6
13 31 1111001101 7
24 42 0101101011 6
35 53 1111101011 8
46 64 1011111111 9
57 75 1111111110 9
60 06 1011110110 7
71 17 1111011111 9

03 30 0011110011 6
14 41 1111101111 9
25 52 1111101010 7
36 63 1011110111 8
47 74 1001111111 8
50 05 1111111010 8
61 16 1111111111 a match 4 5 6 7
72 27 1101111110 8

04 40 0011111011 7
15 51 1111101111 9
26 62 1111111110 9
37 73 1001011111 7

Matching output
0 absent
1 absent
2 absent
3 absent
4 61 16
5 61 16
6 61 16
7 61 16

Left
none
Best: none

Right
61 50x
16 05x
Best: OR61: 1

XOR
01 10 1100111111 8
12 21 1010100111 6
23 32 0101101011 6
34 43 0000101010 3
45 54 1110000001 4
56 65 0100011100 4
67 76 0010101000 3
70 07 1011101100 6

02 20 0110011000 4
13 31 1111001100 6
24 42 0101000001 3
35 53 1110101011 7
46 64 1010011101 6
57 75 0110110100 5
60 06 1001000100 3
71 17 0111010011 6

03 30 0011110011 6
14 41 1111100110 7
25 52 1011000000 3
36 63 1010110111 7
47 74 1000110101 5
50 05 1101011000 5
61 16 0101111011 7
72 27 1101110100 6

04 40 0011011001 5
15 51 0001100111 5
26 62 1111011100 7
37 73 1000011111 6

Matching output
0 absent
1 absent
2 absent
3 absent
4 absent
5 absent
6 absent
7 absent

Left
none
Best: none

Right
none
Best: none

AND-NOT
01 0000110010 3
12 1010000101 4
23 0100101010 4
34 0000000000 a
45 0000000001 1
56 0100001000 2
67 0010100000 2
70 1001001100 4

02 0010010000 2
13 1110001100 5
24 0100000000 1
35 0000000001 1
46 0000001001 2
57 0110100000 3
60 1001000100 3
71 0001010010 3

03 0010110010 4
14 1110000100 4
25 0000000000 a
36 0000000001 1
47 0000100001 2
50 1101001000 4
61 0001110010 4
72 1001010100 4

04 0010010000 2
15 0000000101 2
26 0100001000 2
37 0000000001 1
40 0001001001 3
51 0001100010 3
62 1011010100 5
73 1000011110 5

05 0000010000 1
16 0100001001 3 match 2
27 0100100000 2
30 0001000001 2
41 0001100010 3
52 1011000000 3
63 1010110110 6
74 1000010100 3

06 0000000000 a
17 0110000001 3
20 0100001000 2
31 0001000000 1
42 0001000001 2
53 1110101010 6
64 1010010100 4
75 0000010100 2

07 0010100000 2
10 1100001101 5
21 0000100010 2
32 0001000001 2
43 0000101010 3
54 1110000000 3
65 0000010100 2
76 0000001000 1

Matching output
0 absent
1 absent
2 16
3 absent
4 absent
5 absent
6 absent
7 absent

Left
none
Best: none

Right
none
Best: none

OR-NOT
01 0011110010 5
12 1111011101 8
23 1110111110 8
34 1111010101 7
45 0001111111 7
56 1111101011 8
67 1111110111 9
70 1101011111 8

02 1011110111 8
13 1110111111 9
24 1110111110 8
35 0001010101 4
46 0101101011 6
57 1111101011 8
60 1111111111 a match 4 5 6 7
71 1001111110 7

03 1110111110 8
14 1110011101 7
25 0100111111 7
36 0101001001 4
47 0111101011 7
50 1111101111 9
61 1011110110 7
72 1011011111 8

04 1110110110 7
15 1110011101 7
26 0100101011 5
37 0111100001 5
40 1101101111 8
51 1111111010 8
62 1011110111 8
73 1111111110 9

05 0010110111 6
16 1110001101 6
27 0110101011 6
30 1101001101 6
41 0001111011 6
52 1111111111 a match 4 5 6 7
63 1111111110 9
74 1111011110 8

06 0110111011 7
17 1110101101 7
20 1101101111 8
31 0001110011 5
42 1011111111 9
53 1111111110 9
64 1111110110 8
75 1001011111 7

07 0110110011 6
10 1111001101 7
21 0101111010 6
32 1011010101 6
43 1111111111 a match 4 5 6 7
54 1111111110 9
65 1011110111 8
76 1101011111 8

Matching output
0 absent
1 absent
2 absent
3 absent
4 60 52 43
5 60 52 43
6 60 52 43
7 60 52 43

Left
none
Best: none

Right
60 57x
52 41x
43 32x
Best: OR-NOT60: 1

XOR-NOT
01 0011000000 2
12 0101011000 4
23 1010010100 4
34 1111010101 7
45 0001111110 6
56 1011100011 6
67 1101010111 7
70 0100010011 4

02 1001100111 6
13 0000110011 4
24 1010111110 7
35 0001010100 3
46 0101100010 4
57 1001001011 5
60 0110111011 7
71 1000101100 4

03 1100001100 4
14 0000011001 3
25 0100111111 7
36 0101001000 3
47 0111001010 5 match 0
50 0010100111 5
61 1010000100 3
72 0010001011 4

04 1100100110 5
15 1110011000 5
26 0000100011 3
37 0111100000 4
40 1100100110 5
51 1110011000 5
62 0000100011 3
73 0111100000 4

05 0010100111 5
16 1010000100 3
27 0010001011 4
30 1100001100 4
41 0000011001 3
52 0100111111 7
63 0101001000 3
74 0111001010 5 match 0

06 0110111011 7
17 1000101100 4
20 1001100111 6
31 0000110011 4
42 1010111110 7
53 0001010100 3
64 0101100010 4
75 1001001011 5

07 0100010011 4
10 0011000000 2
21 0101011000 4
32 1010010100 4
43 1111010101 7
54 0001111110 6
65 1011100011 6
76 1101010111 7

Matching output
0 47 74
1 absent
2 absent
3 absent
4 absent
5 absent
6 absent
7 absent

Left
47 50x
74 05x
Best: XOR-NOT47: 1

Right
none
Best: none

Selecting

Lefts
Identity none
NOT none
Constant none
AND none
OR none
XOR none
AND-NOT none
OR-NOT none
XOR-NOT XOR-NOT47: 1

Rights
Identity none
NOT none
Constant C1 1 1 1: 4
AND none
OR OR61: 1
XOR none
AND-NOT none
OR-NOT OR-NOT60: 1
XOR-NOT none

Left longest: 1
Right longest: 4

Right winner: Identity no, NOT no, Constant yes, AND no, OR no, XOR no, AND-NOT no, OR-NOT no, XOR-NOT no
Left winner: Identity no, NOT no, Constant no, AND no, OR no, XOR no, AND-NOT no, OR-NOT no, XOR-NOT yes

Best right: C1 1 1 1: 4
Best left: XOR-NOT47: 1

Truncated right: C1 1 1 1: 4
Truncated left: XOR-NOT47: 1

Tentative from right
7 C1
6 C1
5 C1
4 C1
3 pending
2 pending
1 pending
0 pending

Tentative
0 XOR-NOT47
1 pending
2 pending
3 pending
4 C1
5 C1
6 C1
7 C1

Preferred from right
7 C1
6 C1
5 C1
4 C1
3 pending
2 pending
1 pending
0 XOR-NOT47

Preferred from left
0 XOR-NOT47
1 ?50
2 ?61
3 ?72
4 C1
5 C1
6 C1
7 C1

Preferred
0 XOR-NOT47
1 ?50 ?05
2 ?61 ?16
3 ?72 ?27
4 C1
5 C1
6 C1
7 C1

Matching
0 XOR-NOT47
1 ?50 ?05 - Identity absent, NOT NOT5, Constant absent, AND absent, OR absent, XOR absent, AND-NOT absent, OR-NOT absent, XOR-NOT absent
2 ?61 ?16 - Identity absent, NOT NOT6, Constant absent, AND absent, OR absent, XOR absent, AND-NOT16, OR-NOT absent, XOR-NOT absent
3 ?72 ?27 - Identity absent, NOT NOT7, Constant absent, AND absent, OR absent, XOR absent, AND-NOT absent, OR-NOT absent, XOR-NOT absent
4 C1
5 C1
6 C1
7 C1

Perfect match
Identity no
NOT yes
Constant no
AND no
OR no
XOR no
AND-NOT no
OR-NOT no
XOR-NOT no

Matched
0 XOR-NOT47
1 NOT5
2 NOT6
3 NOT7
4 C1
5 C1
6 C1
7 C1

Selected
0 XOR-NOT47
1 NOT5
2 NOT6
3 NOT7
4 C1
5 C1
6 C1
7 C1

Applying to 01111100
Input
0 0
1 1
2 1
3 1
4 1
5 1
6 0
7 0
Output
0 XOR-NOT47 = XOR(1,NOT(0)) = 0
1 NOT5 = NOT(1) = 0
2 NOT6 = NOT(0) = 1
3 NOT7 = NOT(0) = 1
4 C1 = 1
5 C1 = 1
6 C1 = 1
7 C1 = 1

I will now return the answer in \boxed{}
The answer in \boxed{–} is \boxed{00111111}
[correct]
true
