[category]
bit_manipulation
[prompt]
In Alice's Wonderland, a secret bit manipulation rule transforms 8-bit binary numbers. The transformation involves operations like bit shifts, rotations, XOR, AND, OR, NOT, and possibly majority or choice functions.

Here are some examples of input -> output:
01110111 -> 01111110
10101001 -> 10000101
01110011 -> 00111110
00001111 -> 11110001
10110111 -> 01100110
01101011 -> 10111101
01110110 -> 01101110
01011100 -> 11001011
01011101 -> 11011011
01110100 -> 01001110

Now, determine the output for: 11111001
[completion]
We need to deduce the transformation by matching the example outputs.
I will put my final answer inside \boxed{}.

Output 0: 01111110
0 0
1 1
2 1
3 1
4 1
5 1
6 1
7 0

Output 1: 10000101
0 1
1 0
2 0
3 0
4 0
5 1
6 0
7 1

Output 2: 00111110
0 0
1 0
2 1
3 1
4 1
5 1
6 1
7 0

Output 3: 11110001
0 1
1 1
2 1
3 1
4 0
5 0
6 0
7 1

Output 4: 01100110
0 0
1 1
2 1
3 0
4 0
5 1
6 1
7 0

Output 5: 10111101
0 1
1 0
2 1
3 1
4 1
5 1
6 0
7 1

Output 6: 01101110
0 0
1 1
2 1
3 0
4 1
5 1
6 1
7 0

Output 7: 11001011
0 1
1 1
2 0
3 0
4 1
5 0
6 1
7 1

Output 8: 11011011
0 1
1 1
2 0
3 1
4 1
5 0
6 1
7 1

Output 9: 01001110
0 0
1 1
2 0
3 0
4 1
5 1
6 1
7 0

Output bit columns (with bitsum as hash)
0 0101010110 5
1 1001101111 7
2 1011111000 6
3 1011010010 5
4 1010011111 7
5 1110111001 7
6 1010101111 7
7 0101010110 5

Input 0: 01110111
0 0
1 1
2 1
3 1
4 0
5 1
6 1
7 1

Input 1: 10101001
0 1
1 0
2 1
3 0
4 1
5 0
6 0
7 1

Input 2: 01110011
0 0
1 1
2 1
3 1
4 0
5 0
6 1
7 1

Input 3: 00001111
0 0
1 0
2 0
3 0
4 1
5 1
6 1
7 1

Input 4: 10110111
0 1
1 0
2 1
3 1
4 0
5 1
6 1
7 1

Input 5: 01101011
0 0
1 1
2 1
3 0
4 1
5 0
6 1
7 1

Input 6: 01110110
0 0
1 1
2 1
3 1
4 0
5 1
6 1
7 0

Input 7: 01011100
0 0
1 1
2 0
3 1
4 1
5 1
6 0
7 0

Input 8: 01011101
0 0
1 1
2 0
3 1
4 1
5 1
6 0
7 1

Input 9: 01110100
0 0
1 1
2 1
3 1
4 0
5 1
6 0
7 0

When matching output
x: not in operator
y: wrong position

Identity
0 0100100000 2
1 1010011111 7 match 4
2 1110111001 7 match 5
3 1010101111 7 match 6
4 0101010110 5 match 0 7
5 1001101111 7 match 1
6 1011111000 6 match 2
7 1111110010 7

Matching output
0 4
1 5
2 6
3 absent
4 1
5 2
6 3
7 4

Left
4 5 6 7x
Best: I4 5 6: 3

Right
4 3 2 1 0x
Best: I4 3 2 1: 4

NOT
0 1011011111 8
1 0101100000 3
2 0001000110 3
3 0101010000 3
4 1010101001 5
5 0110010000 3
6 0100000111 4
7 0000001101 3

Matching output
0 absent
1 absent
2 absent
3 absent
4 absent
5 absent
6 absent
7 absent

Left
none
Best: none

Right
none
Best: none

Constant
0 0000000000 a
1 1111111111 a

Matching output
0 absent
1 absent
2 absent
3 absent
4 absent
5 absent
6 absent
7 absent

Left
none
Best: none

Right
none
Best: none

AND
01 10 0000000000 a
12 21 1010011001 5
23 32 1010101001 5
34 43 0000000110 2
45 54 0001000110 3
56 65 1001101000 4
67 76 1011110000 5
70 07 0100100000 2

02 20 0100100000 2
13 31 1010001111 6
24 42 0100010000 2
35 53 1000101111 6
46 64 0001010000 2
57 75 1001100010 4
60 06 0000100000 1
71 17 1010010010 4

03 30 0000100000 1
14 41 0000010110 3
25 52 1000101001 4
36 63 1010101000 4
47 74 0101010010 4
50 05 0000100000 1
61 16 1010011000 4
72 27 1110110000 5

04 40 0100000000 1
15 51 1000001111 5
26 62 1010111000 5
37 73 1010100010 4

Matching output
0 absent
1 absent
2 absent
3 absent
4 absent
5 absent
6 absent
7 absent

Left
none
Best: none

Right
none
Best: none

OR
01 10 1110111111 9
12 21 1110111111 9
23 32 1110111111 9
34 43 1111111111 a
45 54 1101111111 9
56 65 1011111111 9
67 76 1111111010 8
70 07 1111110010 7

02 20 1110111001 7 match 5
13 31 1010111111 8
24 42 1111111111 a
35 53 1011101111 8
46 64 1111111110 9
57 75 1111111111 a
60 06 1111111000 7
71 17 1111111111 a

03 30 1110101111 8
14 41 1111011111 9
25 52 1111111111 a
36 63 1011111111 9
47 74 1111110110 8
50 05 1101101111 8
61 16 1011111111 9
72 27 1111111011 9

04 40 0101110110 6
15 51 1011111111 9
26 62 1111111001 8
37 73 1111111111 a

Matching output
0 absent
1 absent
2 absent
3 absent
4 absent
5 02 20
6 absent
7 absent

Left
none
Best: none

Right
none
Best: none

XOR
01 10 1110111111 9
12 21 0100100110 4
23 32 0100010110 4
34 43 1111111001 8
45 54 1100111001 6
56 65 0010010111 5
67 76 0100001010 3
70 07 1011010010 5 match 3

02 20 1010011001 5
13 31 0000110000 2
24 42 1011101111 8
35 53 0011000000 2
46 64 1110101110 7
57 75 0110011101 6
60 06 1111011000 6
71 17 0101101101 6

03 30 1110001111 7
14 41 1111001001 6
25 52 0111010110 6
36 63 0001010111 5
47 74 1010100100 4
50 05 1101001111 7
61 16 0001100111 5
72 27 0001001011 4

04 40 0001110110 5
15 51 0011110000 4
26 62 0101000001 3
37 73 0101011101 6

Matching output
0 absent
1 absent
2 absent
3 70 07
4 absent
5 absent
6 absent
7 absent

Left
none
Best: none

Right
none
Best: none

AND-NOT
01 0100100000 2
12 0000000110 2
23 0100010000 2
34 1010101001 5
45 0100010000 2
56 0000000111 3
67 0000001000 1
70 1011010010 5 match 3

02 0000000000 a
13 0000010000 1
24 1010101001 5
35 0010000000 1
46 0100000110 3
57 0000001101 3
60 1011011000 5
71 0101100000 3

03 0100000000 1
14 1010001001 4
25 0110010000 3
36 0000000111 3
47 0000000100 1
50 1001001111 6
61 0001100000 2
72 0001000010 2

04 0000100000 1
15 0010010000 2
26 0100000001 2
37 0000001101 3
40 0001010110 4
51 0001100000 2
62 0001000000 1
73 0101010000 3

05 0100000000 1
16 0000000111 3
27 0000001001 2
30 1010001111 6
41 0101000000 2
52 0001000110 3
63 0001010000 2
74 1010100000 3

06 0100000000 1
17 0000001101 3
20 1010011001 5
31 0000100000 1
42 0001000110 3
53 0001000000 1
64 1010101000 4
75 0110010000 3

07 0000000000 a
10 1010011111 7 match 4
21 0100100000 2
32 0000000110 2
43 0101010000 3
54 1000101001 4
65 0010010000 2
76 0100000010 2

Matching output
0 absent
1 absent
2 absent
3 70
4 10
5 absent
6 absent
7 absent

Left
none
Best: none

Right
none
Best: none

OR-NOT
01 0101100000 3
12 1011011111 8
23 1111111001 8
34 1010101111 7 match 6
45 0111010110 6
56 1101101111 8
67 1011111101 8
70 1111111111 a

02 0101100110 5
13 1111011111 9
24 1110111001 7 match 5
35 1110111111 9
46 0101010111 6
57 1001101111 7 match 1
60 1011111111 9
71 1111110010 7

03 0101110000 4
14 1010111111 8
25 1110111001 7 match 5
36 1110101111 8
47 0101011111 7
50 1011111111 9
61 1111111000 7
72 1111110110 8

04 1110101001 6
15 1110011111 8
26 1110111111 9
37 1010101111 7 match 6
40 1111011111 9
51 1101101111 8
62 1011111110 8
73 1111110010 7

05 0110110000 4
16 1110011111 8
27 1110111101 8
30 1011111111 9
41 0101110110 6
52 1001101111 7 match 1
63 1111111000 7
74 1111111011 9

06 0100100111 5
17 1010011111 7 match 4
20 1111111111 a
31 1111101111 9
42 0101010110 5 match 0 7
53 1101111111 9
64 1011111001 7
75 1111110010 7

07 0100101101 5
10 1011011111 8
21 1111111001 8
32 1011101111 8
43 0101010110 5 match 0 7
54 1011101111 8
65 1111111000 7
76 1111110111 9

Matching output
0 42 43
1 57 52
2 absent
3 absent
4 17
5 24 25
6 34 37
7 42 43

Left
42 53x
43 54x
Best: OR-NOT42: 1

Right
42 31x
43 32x
Best: OR-NOT42: 1

XOR-NOT
01 0001000000 1
12 1011011001 6
23 1011101001 6
34 0000000110 2
45 0011000110 4
56 1101101000 5
67 1011110101 7
70 0100101101 5

02 0101100110 5
13 1111001111 8
24 0100010000 2
35 1100111111 8
46 0001010001 3
57 1001100010 4
60 0000100111 4
71 1010010010 4

03 0001110000 3
14 0000110110 4
25 1000101001 4
36 1110101000 5
47 0101011011 6
50 0010110000 3
61 1110011000 5
72 1110110100 6

04 1110001001 5
15 1100001111 6
26 1010111110 7
37 1010100010 4
40 1110001001 5
51 1100001111 6
62 1010111110 7
73 1010100010 4

05 0010110000 3
16 1110011000 5
27 1110110100 6
30 0001110000 3
41 0000110110 4
52 1000101001 4
63 1110101000 5
74 0101011011 6

06 0000100111 4
17 1010010010 4
20 0101100110 5
31 1111001111 8
42 0100010000 2
53 1100111111 8
64 0001010001 3
75 1001100010 4

07 0100101101 5
10 0001000000 1
21 1011011001 6
32 1011101001 6
43 0000000110 2
54 0011000110 4
65 1101101000 5
76 1011110101 7

Matching output
0 absent
1 absent
2 absent
3 absent
4 absent
5 absent
6 absent
7 absent

Left
none
Best: none

Right
none
Best: none

Selecting

Lefts
Identity I4 5 6: 3
NOT none
Constant none
AND none
OR none
XOR none
AND-NOT none
OR-NOT OR-NOT42: 1
XOR-NOT none

Rights
Identity I4 3 2 1: 4
NOT none
Constant none
AND none
OR none
XOR none
AND-NOT none
OR-NOT OR-NOT42: 1
XOR-NOT none

Left longest: 3
Right longest: 4

Right winner: Identity yes, NOT no, Constant no, AND no, OR no, XOR no, AND-NOT no, OR-NOT no, XOR-NOT no
Left winner: Identity yes, NOT no, Constant no, AND no, OR no, XOR no, AND-NOT no, OR-NOT no, XOR-NOT no

Best right: I4 3 2 1: 4
Best left: I4 5 6: 3

Truncated right: I4 3 2 1: 4
Truncated left: I4 5 6: 3

Tentative from right
7 I4
6 I3
5 I2
4 I1
3 pending
2 pending
1 pending
0 pending

Tentative
0 I4
1 I5
2 I6
3 pending
4 I1
5 I2
6 I3
7 I4

Preferred from right
7 I4
6 I3
5 I2
4 I1
3 ??0
2 I6
1 I5
0 I4

Preferred from left
0 I4
1 I5
2 I6
3 ?70
4 I1
5 I2
6 I3
7 I4

Preferred
0 I4
1 I5
2 I6
3 ?70 ?07
4 I1
5 I2
6 I3
7 I4

Matching
0 I4
1 I5
2 I6
3 ?70 ?07 - Identity absent, NOT absent, Constant absent, AND absent, OR absent, XOR70, AND-NOT70, OR-NOT absent, XOR-NOT absent
4 I1
5 I2
6 I3
7 I4

Perfect match
Identity no
NOT no
Constant no
AND no
OR no
XOR yes
AND-NOT no
OR-NOT no
XOR-NOT no

Matched
0 I4
1 I5
2 I6
3 XOR70
4 I1
5 I2
6 I3
7 I4

Selected
0 I4
1 I5
2 I6
3 XOR70
4 I1
5 I2
6 I3
7 I4

Applying to 11111001
Input
0 1
1 1
2 1
3 1
4 1
5 0
6 0
7 1
Output
0 I4 = 1
1 I5 = 0
2 I6 = 0
3 XOR70 = XOR(1,1) = 0
4 I1 = 1
5 I2 = 1
6 I3 = 1
7 I4 = 1

I will now return the answer in \boxed{}
The answer in \boxed{–} is \boxed{10001111}
[correct]
true
