[category]
bit_manipulation
[prompt]
In Alice's Wonderland, a secret bit manipulation rule transforms 8-bit binary numbers. The transformation involves operations like bit shifts, rotations, XOR, AND, OR, NOT, and possibly majority or choice functions.

Here are some examples of input -> output:
00111001 -> 01100110
10100010 -> 00000100
01110100 -> 11001000
11101011 -> 10011101
10000011 -> 00000100
01000011 -> 00001100
01110101 -> 11001110
00100001 -> 00000100
00010010 -> 00000000
00110001 -> 01000110

Now, determine the output for: 01000001
[completion]
We need to deduce the transformation by matching the example outputs.
I will put my final answer inside \boxed{}.

Output 0: 01100110
0 0
1 1
2 1
3 0
4 0
5 1
6 1
7 0

Output 1: 00000100
0 0
1 0
2 0
3 0
4 0
5 1
6 0
7 0

Output 2: 11001000
0 1
1 1
2 0
3 0
4 1
5 0
6 0
7 0

Output 3: 10011101
0 1
1 0
2 0
3 1
4 1
5 1
6 0
7 1

Output 4: 00000100
0 0
1 0
2 0
3 0
4 0
5 1
6 0
7 0

Output 5: 00001100
0 0
1 0
2 0
3 0
4 1
5 1
6 0
7 0

Output 6: 11001110
0 1
1 1
2 0
3 0
4 1
5 1
6 1
7 0

Output 7: 00000100
0 0
1 0
2 0
3 0
4 0
5 1
6 0
7 0

Output 8: 00000000
0 0
1 0
2 0
3 0
4 0
5 0
6 0
7 0

Output 9: 01000110
0 0
1 1
2 0
3 0
4 0
5 1
6 1
7 0

Output bit columns (with bitsum as hash)
0 0011001000 3
1 1010001001 4
2 1000000000 1
3 0001000000 1
4 0011011000 4
5 1101111101 8
6 1000001001 3
7 0001000000 1

Input 0: 00111001
0 0
1 0
2 1
3 1
4 1
5 0
6 0
7 1

Input 1: 10100010
0 1
1 0
2 1
3 0
4 0
5 0
6 1
7 0

Input 2: 01110100
0 0
1 1
2 1
3 1
4 0
5 1
6 0
7 0

Input 3: 11101011
0 1
1 1
2 1
3 0
4 1
5 0
6 1
7 1

Input 4: 10000011
0 1
1 0
2 0
3 0
4 0
5 0
6 1
7 1

Input 5: 01000011
0 0
1 1
2 0
3 0
4 0
5 0
6 1
7 1

Input 6: 01110101
0 0
1 1
2 1
3 1
4 0
5 1
6 0
7 1

Input 7: 00100001
0 0
1 0
2 1
3 0
4 0
5 0
6 0
7 1

Input 8: 00010010
0 0
1 0
2 0
3 1
4 0
5 0
6 1
7 0

Input 9: 00110001
0 0
1 0
2 1
3 1
4 0
5 0
6 0
7 1

When matching output
x: not in operator
y: wrong position

Identity
0 0101100000 3
1 0011011000 4 match 4
2 1111001101 7
3 1010001011 5
4 1001000000 2
5 0010001000 2
6 0101110010 5
7 1001111101 7

Matching output
0 absent
1 absent
2 absent
3 absent
4 1
5 absent
6 absent
7 absent

Left
none
Best: none

Right
none
Best: none

NOT
0 1010011111 7
1 1100100111 6
2 0000110010 3
3 0101110100 5
4 0110111111 8
5 1101110111 8
6 1010001101 5
7 0110000010 3

Matching output
0 absent
1 absent
2 absent
3 absent
4 absent
5 absent
6 absent
7 absent

Left
none
Best: none

Right
none
Best: none

Constant
0 0000000000 a
1 1111111111 a

Matching output
0 absent
1 absent
2 absent
3 absent
4 absent
5 absent
6 absent
7 absent

Left
none
Best: none

Right
none
Best: none

AND
01 10 0001000000 1 match 3 7
12 21 0011001000 3 match 0
23 32 1010001001 4 match 1
34 43 1000000000 1 match 2
45 54 0000000000 a
56 65 0000000000 a
67 76 0001110000 3
70 07 0001100000 2

02 20 0101000000 2
13 31 0010001000 2
24 42 1001000000 2
35 53 0010001000 2
46 64 0001000000 1 match 3 7
57 75 0000001000 1
60 06 0101100000 3
71 17 0001011000 3

03 30 0000000000 a
14 41 0001000000 1 match 3 7
25 52 0010001000 2
36 63 0000000010 1
47 74 1001000000 2
50 05 0000000000 a
61 16 0001010000 2
72 27 1001001101 5

04 40 0001000000 1 match 3 7
15 51 0010001000 2
26 62 0101000000 2
37 73 1000001001 3 match 6

Matching output
0 12 21
1 23 32
2 34 43
3 01 10 46 64 14 41 04 40
4 absent
5 absent
6 37 73
7 01 10 46 64 14 41 04 40

Left
12 23 34 45x
21 32 43 54x
Best: AND12 23 34: 3

Right
01 70x
10 07x
46 35x
64 53x
14 03x
41 30x
04 73 62x
40 37 26x
Best: AND04 73: 2

OR
01 10 0111111000 6
12 21 1111011101 8
23 32 1111001111 8
34 43 1011001011 6
45 54 1011001000 4
56 65 0111111010 7
67 76 1101111111 9
70 07 1101111101 8 match 5

02 20 1111101101 8
13 31 1011011011 7
24 42 1111001101 7
35 53 1010001011 5
46 64 1101110010 6
57 75 1011111101 8
60 06 0101110010 5
71 17 1011111101 8

03 30 1111101011 8
14 41 1011011000 5
25 52 1111001101 7
36 63 1111111011 9
47 74 1001111101 7
50 05 0111101000 5
61 16 0111111010 7
72 27 1111111101 9

04 40 1101100000 4
15 51 0011011000 4 match 4
26 62 1111111111 a
37 73 1011111111 9

Matching output
0 absent
1 absent
2 absent
3 absent
4 15 51
5 70 07
6 absent
7 absent

Left
none
Best: none

Right
none
Best: none

XOR
01 10 0110111000 5
12 21 1100010101 5
23 32 0101000110 4
34 43 0011001011 5
45 54 1011001000 4
56 65 0111111010 7
67 76 1100001111 6
70 07 1100011101 6

02 20 1010101101 6
13 31 1001010011 5
24 42 0110001101 5
35 53 1000000011 3
46 64 1100110010 5
57 75 1011110101 7
60 06 0000010010 2
71 17 1010100101 5

03 30 1111101011 8
14 41 1010011000 4
25 52 1101000101 5
36 63 1111111001 8
47 74 0000111101 5
50 05 0111101000 5
61 16 0110101010 5
72 27 0110110000 4

04 40 1100100000 3
15 51 0001010000 2
26 62 1010111111 8
37 73 0011110110 6

Matching output
0 absent
1 absent
2 absent
3 absent
4 absent
5 absent
6 absent
7 absent

Left
none
Best: none

Right
none
Best: none

AND-NOT
01 0100100000 2
12 0000010000 1
23 0101000100 3
34 0010001011 4
45 1001000000 2
56 0010001000 2
67 0100000010 2
70 1000011101 5

02 0000100000 1
13 0001010000 2
24 0110001101 5
35 1000000011 3
46 1000000000 1 match 2
57 0010000000 1
60 0000010010 2
71 1000100101 4

03 0101100000 3
14 0010011000 3
25 1101000101 5
36 1010001001 4 match 1
47 0000000000 a
50 0010001000 2
61 0100100010 3
72 0000110000 2

04 0100100000 2
15 0001010000 2
26 1010001101 5
37 0010000010 2
40 1000000000 1 match 2
51 0000000000 a
62 0000110010 3
73 0001110100 4

05 0101100000 3
16 0010001000 2
27 0110000000 2
30 1010001011 5
41 1000000000 1 match 2
52 0000000000 a
63 0101110000 4
74 0000111101 5

06 0000000000 a
17 0010000000 1
20 1010001101 5
31 1000000011 3
42 0000000000 a
53 0000000000 a
64 0100110010 4
75 1001110101 6

07 0100000000 1
10 0010011000 3
21 1100000101 4
32 0000000010 1
43 0001000000 1 match 3 7
54 0010001000 2
65 0101110010 5
76 1000001101 4

Matching output
0 absent
1 36
2 46 40 41
3 43
4 absent
5 absent
6 absent
7 43

Left
none
Best: none

Right
43 32x
Best: AND-NOT43: 1

OR-NOT
01 1101100111 7
12 0011111010 6
23 1111111101 9
34 1110111111 9
45 1101110111 8
56 1010001101 5
67 0111110010 6
70 1011111111 9

02 0101110010 5
13 0111111100 7
24 1111111111 a
35 1111111111 a
46 1011001101 6
57 0110001010 4
60 1111111111 a
71 1101111111 9

03 0101110100 5
14 0111111111 9
25 1111111111 a
36 1010001111 6
47 1111000010 5
50 1010011111 7
61 1101110111 8
72 1001111111 8

04 0111111111 9
15 1111111111 a
26 1111001101 7
37 1110001011 6
40 1011011111 8
51 1110101111 8
62 0101110010 5
73 1101111101 8 match 5

05 1101110111 8
16 1011011101 7
27 1111001111 8
30 1010011111 7
41 1101100111 7
52 0010111010 5
63 0101110110 6
74 1111111111 a

06 1111101101 8
17 0111011010 6
20 1111011111 9
31 1110101111 8
42 1001110010 5
53 0111111100 7
64 0111111111 9
75 1101111111 9

07 0111100010 5
10 1011011111 8
21 1111101111 9
32 1010111011 7
43 1101110100 6
54 0110111111 8
65 1101110111 8
76 1011111101 8

Matching output
0 absent
1 absent
2 absent
3 absent
4 absent
5 73
6 absent
7 absent

Left
none
Best: none

Right
none
Best: none

XOR-NOT
01 1001000111 5
12 0011101010 5
23 1010111001 6
34 1100110100 5
45 0100110111 6
56 1000000101 3
67 0011110000 4
70 0011100010 4

02 0101010010 4
13 0110101100 5
24 1001110010 5
35 0111111100 7
46 0011001101 5
57 0100001010 3
60 1111101101 8
71 0101011010 5

03 0000010100 2
14 0101100111 6
25 0010111010 5
36 0000000110 2
47 1111000010 5
50 1000010111 5
61 1001010101 5
72 1001001111 6

04 0011011111 7
15 1110101111 8
26 0101000000 2
37 1100001001 4
40 0011011111 7
51 1110101111 8
62 0101000000 2
73 1100001001 4

05 1000010111 5
16 1001010101 5
27 1001001111 6
30 0000010100 2
41 0101100111 6
52 0010111010 5
63 0000000110 2
74 1111000010 5

06 1111101101 8
17 0101011010 5
20 0101010010 4
31 0110101100 5
42 1001110010 5
53 0111111100 7
64 0011001101 5
75 0100001010 3

07 0011100010 4
10 1001000111 5
21 0011101010 5
32 1010111001 6
43 1100110100 5
54 0100110111 6
65 1000000101 3
76 0011110000 4

Matching output
0 absent
1 absent
2 absent
3 absent
4 absent
5 absent
6 absent
7 absent

Left
none
Best: none

Right
none
Best: none

Selecting

Lefts
Identity none
NOT none
Constant none
AND AND12 23 34: 3
OR none
XOR none
AND-NOT none
OR-NOT none
XOR-NOT none

Rights
Identity none
NOT none
Constant none
AND AND04 73: 2
OR none
XOR none
AND-NOT AND-NOT43: 1
OR-NOT none
XOR-NOT none

Left longest: 3
Right longest: 2

Left winner: Identity no, NOT no, Constant no, AND yes, OR no, XOR no, AND-NOT no, OR-NOT no, XOR-NOT no
Right winner: Identity no, NOT no, Constant no, AND yes, OR no, XOR no, AND-NOT no, OR-NOT no, XOR-NOT no

Best left: AND12 23 34: 3
Best right: AND04 73: 2

Truncated left: AND12 23 34: 3
Truncated right: AND04 73: 2

Tentative from right
7 AND04
6 AND73
5 pending
4 pending
3 pending
2 pending
1 pending
0 pending

Tentative
0 AND12
1 AND23
2 AND34
3 pending
4 pending
5 pending
6 AND73
7 AND04

Preferred from left
0 AND12
1 AND23
2 AND34
3 ?45
4 ?56
5 ?67
6 AND73
7 AND04

Preferred from right
7 AND04
6 AND73
5 ?67
4 ?56
3 ?45
2 AND34
1 AND23
0 AND12

Preferred
0 AND12
1 AND23
2 AND34
3 ?45 ?54
4 ?56 ?65
5 ?67 ?76
6 AND73
7 AND04

Matching
0 AND12
1 AND23
2 AND34
3 ?45 ?54 - Identity absent, NOT absent, Constant absent, AND absent, OR absent, XOR absent, AND-NOT absent, OR-NOT absent, XOR-NOT absent
4 ?56 ?65 - Identity absent, NOT absent, Constant absent, AND absent, OR absent, XOR absent, AND-NOT absent, OR-NOT absent, XOR-NOT absent
5 ?67 ?76 - Identity absent, NOT absent, Constant absent, AND absent, OR absent, XOR absent, AND-NOT absent, OR-NOT absent, XOR-NOT absent
6 AND73
7 AND04

Perfect match
Identity no
NOT no
Constant no
AND no
OR no
XOR no
AND-NOT no
OR-NOT no
XOR-NOT no

Matched
0 AND12
1 AND23
2 AND34
3 none
4 none
5 none
6 AND73
7 AND04

Selected
0 AND12
1 AND23
2 AND34
3 default 1
4 default 1
5 default 1
6 AND73
7 AND04

Applying to 01000001
Input
0 0
1 1
2 0
3 0
4 0
5 0
6 0
7 1
Output
0 AND12 = AND(1,0) = 0
1 AND23 = AND(0,0) = 0
2 AND34 = AND(0,0) = 0
3 default 1 = 1
4 default 1 = 1
5 default 1 = 1
6 AND73 = AND(1,0) = 0
7 AND04 = AND(0,0) = 0

I will now return the answer in \boxed{}
The answer in \boxed{–} is \boxed{00011100}
[correct]
false
