[category]
bit_manipulation
[prompt]
In Alice's Wonderland, a secret bit manipulation rule transforms 8-bit binary numbers. The transformation involves operations like bit shifts, rotations, XOR, AND, OR, NOT, and possibly majority or choice functions.

Here are some examples of input -> output:
10100101 -> 01010110
11101110 -> 00111101
11110011 -> 10111110
11011000 -> 01011011
10010101 -> 00010111
01110010 -> 10101110
11010001 -> 00111111
10111111 -> 11111111
11000000 -> 11111001
01111111 -> 11111111

Now, determine the output for: 11110010
[completion]
We need to deduce the transformation by matching the example outputs.
I will put my final answer inside \boxed{}.

Output 0: 01010110
0 0
1 1
2 0
3 1
4 0
5 1
6 1
7 0

Output 1: 00111101
0 0
1 0
2 1
3 1
4 1
5 1
6 0
7 1

Output 2: 10111110
0 1
1 0
2 1
3 1
4 1
5 1
6 1
7 0

Output 3: 01011011
0 0
1 1
2 0
3 1
4 1
5 0
6 1
7 1

Output 4: 00010111
0 0
1 0
2 0
3 1
4 0
5 1
6 1
7 1

Output 5: 10101110
0 1
1 0
2 1
3 0
4 1
5 1
6 1
7 0

Output 6: 00111111
0 0
1 0
2 1
3 1
4 1
5 1
6 1
7 1

Output 7: 11111111
0 1
1 1
2 1
3 1
4 1
5 1
6 1
7 1

Output 8: 11111001
0 1
1 1
2 1
3 1
4 1
5 0
6 0
7 1

Output 9: 11111111
0 1
1 1
2 1
3 1
4 1
5 1
6 1
7 1

Output bit columns (with bitsum as hash)
0 0010010111 5
1 1001000111 5
2 0110011111 7
3 1111101111 9
4 0111011111 8
5 1110111101 8
6 1011111101 8
7 0101101111 7

Input 0: 10100101
0 1
1 0
2 1
3 0
4 0
5 1
6 0
7 1

Input 1: 11101110
0 1
1 1
2 1
3 0
4 1
5 1
6 1
7 0

Input 2: 11110011
0 1
1 1
2 1
3 1
4 0
5 0
6 1
7 1

Input 3: 11011000
0 1
1 1
2 0
3 1
4 1
5 0
6 0
7 0

Input 4: 10010101
0 1
1 0
2 0
3 1
4 0
5 1
6 0
7 1

Input 5: 01110010
0 0
1 1
2 1
3 1
4 0
5 0
6 1
7 0

Input 6: 11010001
0 1
1 1
2 0
3 1
4 0
5 0
6 0
7 1

Input 7: 10111111
0 1
1 0
2 1
3 1
4 1
5 1
6 1
7 1

Input 8: 11000000
0 1
1 1
2 0
3 0
4 0
5 0
6 0
7 0

Input 9: 01111111
0 0
1 1
2 1
3 1
4 1
5 1
6 1
7 1

When matching output
x: not in operator
y: wrong position

Identity
0 1111101110 8
1 0111011011 7
2 1110010101 6
3 0011111101 7
4 0101000101 4
5 1100100101 5
6 0110010101 5
7 1010101101 6

Matching output
0 absent
1 absent
2 absent
3 absent
4 absent
5 absent
6 absent
7 absent

Left
none
Best: none

Right
none
Best: none

NOT
0 0000010001 2
1 1000100100 3
2 0001101010 4
3 1100000010 3
4 1010111010 6
5 0011011010 5
6 1001101010 5
7 0101010010 4

Matching output
0 absent
1 absent
2 absent
3 absent
4 absent
5 absent
6 absent
7 absent

Left
none
Best: none

Right
none
Best: none

Constant
0 0000000000 a
1 1111111111 a

Matching output
0 absent
1 absent
2 absent
3 absent
4 absent
5 absent
6 absent
7 absent

Left
none
Best: none

Right
none
Best: none

AND
01 10 0111001010 5
12 21 0110010001 4
23 32 0010010101 4
34 43 0001000101 3
45 54 0100000101 3
56 65 0100000101 3
67 76 0010000101 3
70 07 1010101100 5

02 20 1110000100 4
13 31 0011011001 5
24 42 0100000101 3
35 53 0000100101 3
46 64 0100000101 3
57 75 1000100101 4
60 06 0110000100 3
71 17 0010001001 3

03 30 0011101100 5
14 41 0101000001 3
25 52 1100000101 4
36 63 0010010101 4
47 74 0000000101 2
50 05 1100100100 4
61 16 0110010001 4
72 27 1010000101 4

04 40 0101000100 3
15 51 0100000001 2
26 62 0110010101 5
37 73 0010101101 5

Matching output
0 absent
1 absent
2 absent
3 absent
4 absent
5 absent
6 absent
7 absent

Left
none
Best: none

Right
none
Best: none

OR
01 10 1111111111 a
12 21 1111011111 9
23 32 1111111101 9
34 43 0111111101 8
45 54 1101100101 6
56 65 1110110101 7
67 76 1110111101 8 match 5
70 07 1111101111 9 match 3

02 20 1111111111 a
13 31 0111111111 9
24 42 1111010101 7
35 53 1111111101 9
46 64 0111010101 6
57 75 1110101101 7
60 06 1111111111 a
71 17 1111111111 a

03 30 1111111111 a
14 41 0111011111 8 match 4
25 52 1110110101 7
36 63 0111111101 8
47 74 1111101101 8
50 05 1111101111 9 match 3
61 16 0111011111 8 match 4
72 27 1110111101 8 match 5

04 40 1111101111 9 match 3
15 51 1111111111 a
26 62 1110010101 6
37 73 1011111101 8 match 6

Matching output
0 absent
1 absent
2 absent
3 70 07 50 05 04 40
4 14 41 61 16
5 67 76 72 27
6 37 73
7 absent

Left
none
Best: none

Right
none
Best: none

XOR
01 10 1000110101 5
12 21 1001001110 5
23 32 1101101000 5
34 43 0110111000 5
45 54 1001100000 3
56 65 1010110000 4
67 76 1100111000 5
70 07 0101000011 4

02 20 0001111011 6
13 31 0100100110 4
24 42 1011010000 4
35 53 1111011000 6
46 64 0011010000 3
57 75 0110001000 3
60 06 1001111011 7
71 17 1101110110 7

03 30 1100010011 5
14 41 0010011110 5
25 52 0010110000 3
36 63 0101101000 4
47 74 1111101000 6
50 05 0011001011 5
61 16 0001001110 4
72 27 0100111000 4

04 40 1010101011 6
15 51 1011111110 8
26 62 1000000000 1
37 73 1001010000 3

Matching output
0 absent
1 absent
2 absent
3 absent
4 absent
5 absent
6 absent
7 absent

Left
none
Best: none

Right
none
Best: none

AND-NOT
01 1000100100 3
12 0001001010 3
23 1100000000 2
34 0010111000 4
45 0001000000 1
56 1000100000 2
67 0100010000 2
70 0000000001 1

02 0001101010 4
13 0100000010 2
24 1010010000 3
35 0011011000 4
46 0001000000 1
57 0100000000 1
60 0000010001 2
71 1000100100 3

03 1100000010 3
14 0010011010 4
25 0010010000 2
36 0001101000 3
47 0101000000 2
50 0000000001 1
61 0000000100 1
72 0000101000 2

04 1010101010 5
15 0011011010 5
26 1000000000 1
37 0001010000 2
40 0000000001 1
51 1000100100 3
62 0000000000 a
73 1000000000 1

05 0011001010 4
16 0001001010 3
27 0100010000 2
30 0000010001 2
41 0000000100 1
52 0000100000 1
63 0100000000 1
74 1010101000 4

06 1001101010 5
17 0101010010 4
20 0000010001 2
31 0000100100 2
42 0001000000 1
53 1100000000 2
64 0010010000 2
75 0010001000 2

07 0101000010 3
10 0000010001 2
21 1000000100 2
32 0001101000 3
43 0100000000 1
54 1000100000 2
65 0010010000 2
76 1000101000 3

Matching output
0 absent
1 absent
2 absent
3 absent
4 absent
5 absent
6 absent
7 absent

Left
none
Best: none

Right
none
Best: none

OR-NOT
01 1111101110 8
12 0111111011 8
23 1110010111 7
34 1011111111 9
45 0111011111 8 match 4
56 1101101111 8
67 0111010111 7
70 1010111101 7

02 1111101110 8
13 1111011011 8
24 1110111111 9
35 0011111111 8
46 1101101111 8
57 1101110111 8
60 0110010101 5
71 1010101101 6

03 1111101110 8
14 1111111011 9
25 1111011111 9
36 1011111111 9
47 0101010111 6
50 1100110101 6
61 1110110101 7
72 1011101111 8

04 1111111110 9
15 0111011011 7
26 1111111111 a
37 0111111111 9
40 0101010101 5
51 1100100101 5
62 0111111111 9
73 1110101111 8

05 1111111110 9
16 1111111011 9
27 1111010111 8
30 0011111101 7
41 1101100101 6
52 1101101111 8
63 1110010111 7
74 1010111111 8

06 1111101110 8
17 0111011011 7
20 1110010101 6
31 1011111101 8 match 6
42 0101101111 7 match 7
53 1100100111 6
64 1110111111 9
75 1011111111 9

07 1111111110 9
10 0111011011 7
21 1110110101 7
32 0011111111 8
43 1101000111 6
54 1110111111 9
65 0111011111 8 match 4
76 1011101111 8

Matching output
0 absent
1 absent
2 absent
3 absent
4 45 65
5 absent
6 31
7 42

Left
none
Best: none

Right
42 31 20x
Best: OR-NOT42 31: 2

XOR-NOT
01 0111001010 5
12 0110110001 5
23 0010010111 5 match 0
34 1001000111 5 match 1
45 0110011111 7 match 2
56 0101001111 6
67 0011000111 5
70 1010111100 6

02 1110000100 4
13 1011011001 6
24 0100101111 6
35 0000100111 4
46 1100101111 7
57 1001110111 7
60 0110000100 3
71 0010001001 3

03 0011101100 5
14 1101100001 5
25 1101001111 7
36 1010010111 6
47 0000010111 4
50 1100110100 5
61 1110110001 6
72 1011000111 6

04 0101010100 4
15 0100000001 2
26 0111111111 9
37 0110101111 7
40 0101010100 4
51 0100000001 2
62 0111111111 9
73 0110101111 7

05 1100110100 5
16 1110110001 6
27 1011000111 6
30 0011101100 5
41 1101100001 5
52 1101001111 7
63 1010010111 6
74 0000010111 4

06 0110000100 3
17 0010001001 3
20 1110000100 4
31 1011011001 6
42 0100101111 6
53 0000100111 4
64 1100101111 7
75 1001110111 7

07 1010111100 6
10 0111001010 5
21 0110110001 5
32 0010010111 5 match 0
43 1001000111 5 match 1
54 0110011111 7 match 2
65 0101001111 6
76 0011000111 5

Matching output
0 23 32
1 34 43
2 45 54
3 absent
4 absent
5 absent
6 absent
7 absent

Left
23 34 45 56x
32 43 54 65x
Best: XOR-NOT23 34 45: 3

Right
none
Best: none

Selecting

Lefts
Identity none
NOT none
Constant none
AND none
OR none
XOR none
AND-NOT none
OR-NOT none
XOR-NOT XOR-NOT23 34 45: 3

Rights
Identity none
NOT none
Constant none
AND none
OR none
XOR none
AND-NOT none
OR-NOT OR-NOT42 31: 2
XOR-NOT none

Left longest: 3
Right longest: 2

Left winner: Identity no, NOT no, Constant no, AND no, OR no, XOR no, AND-NOT no, OR-NOT no, XOR-NOT yes
Right winner: Identity no, NOT no, Constant no, AND no, OR no, XOR no, AND-NOT no, OR-NOT yes, XOR-NOT no

Best left: XOR-NOT23 34 45: 3
Best right: OR-NOT42 31: 2

Truncated left: XOR-NOT23 34 45: 3
Truncated right: OR-NOT42 31: 2

Tentative from right
7 OR-NOT42
6 OR-NOT31
5 pending
4 pending
3 pending
2 pending
1 pending
0 pending

Tentative
0 XOR-NOT23
1 XOR-NOT34
2 XOR-NOT45
3 pending
4 pending
5 pending
6 OR-NOT31
7 OR-NOT42

Preferred from left
0 XOR-NOT23
1 XOR-NOT34
2 XOR-NOT45
3 ?56
4 ?67
5 ?70
6 OR-NOT31
7 OR-NOT42

Preferred from right
7 OR-NOT42
6 OR-NOT31
5 ?70
4 ?67
3 ?56
2 XOR-NOT45
1 XOR-NOT34
0 XOR-NOT23

Preferred
0 XOR-NOT23
1 XOR-NOT34
2 XOR-NOT45
3 ?56 ?65
4 ?67 ?76
5 ?70 ?07
6 OR-NOT31
7 OR-NOT42

Matching
0 XOR-NOT23
1 XOR-NOT34
2 XOR-NOT45
3 ?56 ?65 - Identity absent, NOT absent, Constant absent, AND absent, OR absent, XOR absent, AND-NOT absent, OR-NOT absent, XOR-NOT absent
4 ?67 ?76 - Identity absent, NOT absent, Constant absent, AND absent, OR absent, XOR absent, AND-NOT absent, OR-NOT absent, XOR-NOT absent
5 ?70 ?07 - Identity absent, NOT absent, Constant absent, AND absent, OR absent, XOR absent, AND-NOT absent, OR-NOT absent, XOR-NOT absent
6 OR-NOT31
7 OR-NOT42

Perfect match
Identity no
NOT no
Constant no
AND no
OR no
XOR no
AND-NOT no
OR-NOT no
XOR-NOT no

Matched
0 XOR-NOT23
1 XOR-NOT34
2 XOR-NOT45
3 none
4 none
5 none
6 OR-NOT31
7 OR-NOT42

Selected
0 XOR-NOT23
1 XOR-NOT34
2 XOR-NOT45
3 default 1
4 default 1
5 default 1
6 OR-NOT31
7 OR-NOT42

Applying to 11110010
Input
0 1
1 1
2 1
3 1
4 0
5 0
6 1
7 0
Output
0 XOR-NOT23 = XOR(1,NOT(1)) = 1
1 XOR-NOT34 = XOR(1,NOT(0)) = 0
2 XOR-NOT45 = XOR(0,NOT(0)) = 1
3 default 1 = 1
4 default 1 = 1
5 default 1 = 1
6 OR-NOT31 = OR(1,NOT(1)) = 1
7 OR-NOT42 = OR(0,NOT(1)) = 0

I will now return the answer in \boxed{}
The answer in \boxed{–} is \boxed{10111110}
[correct]
true
