[category]
bit_manipulation
[prompt]
In Alice's Wonderland, a secret bit manipulation rule transforms 8-bit binary numbers. The transformation involves operations like bit shifts, rotations, XOR, AND, OR, NOT, and possibly majority or choice functions.

Here are some examples of input -> output:
01100010 -> 10000110
01110011 -> 11000111
11111000 -> 00001111
01000110 -> 10000100
01011100 -> 00000101
00001001 -> 01000000
10101110 -> 10001010
10111001 -> 01001011
10011110 -> 10001001

Now, determine the output for: 01101101
[completion]
We need to deduce the transformation by matching the example outputs.
I will put my final answer inside \boxed{}.

Output 0: 10000110
0 1
1 0
2 0
3 0
4 0
5 1
6 1
7 0

Output 1: 11000111
0 1
1 1
2 0
3 0
4 0
5 1
6 1
7 1

Output 2: 00001111
0 0
1 0
2 0
3 0
4 1
5 1
6 1
7 1

Output 3: 10000100
0 1
1 0
2 0
3 0
4 0
5 1
6 0
7 0

Output 4: 00000101
0 0
1 0
2 0
3 0
4 0
5 1
6 0
7 1

Output 5: 01000000
0 0
1 1
2 0
3 0
4 0
5 0
6 0
7 0

Output 6: 10001010
0 1
1 0
2 0
3 0
4 1
5 0
6 1
7 0

Output 7: 01001011
0 0
1 1
2 0
3 0
4 1
5 0
6 1
7 1

Output 8: 10001001
0 1
1 0
2 0
3 0
4 1
5 0
6 0
7 1

Output bit columns (with bitsum as hash)
0 110100101 5
1 010001010 3
2 000000000 a
3 000000000 a
4 001000111 4
5 111110000 5
6 111000110 5
7 011010011 5

Input 0: 01100010
0 0
1 1
2 1
3 0
4 0
5 0
6 1
7 0

Input 1: 01110011
0 0
1 1
2 1
3 1
4 0
5 0
6 1
7 1

Input 2: 11111000
0 1
1 1
2 1
3 1
4 1
5 0
6 0
7 0

Input 3: 01000110
0 0
1 1
2 0
3 0
4 0
5 1
6 1
7 0

Input 4: 01011100
0 0
1 1
2 0
3 1
4 1
5 1
6 0
7 0

Input 5: 00001001
0 0
1 0
2 0
3 0
4 1
5 0
6 0
7 1

Input 6: 10101110
0 1
1 0
2 1
3 0
4 1
5 1
6 1
7 0

Input 7: 10111001
0 1
1 0
2 1
3 1
4 1
5 0
6 0
7 1

Input 8: 10011110
0 1
1 0
2 0
3 1
4 1
5 1
6 1
7 0

When matching output
x: not in operator
y: wrong position

Identity
0 001000111 4 match 4
1 111110000 5 match 5
2 111000110 5 match 6
3 011010011 5 match 7
4 001011111 6
5 000110101 4
6 110100101 5 match 0
7 010001010 3 match 1

Matching output
0 6
1 7
2 absent
3 absent
4 0
5 1
6 2
7 3

Left
6 7 0y
Best: I6 7: 2

Right
3 2 1 0 7y
Best: I3 2 1 0: 4

NOT
0 110111000 5
1 000001111 4
2 000111001 4
3 100101100 4
4 110100000 3
5 111001010 5
6 001011010 4
7 101110101 6

Matching output
0 absent
1 absent
2 absent
3 absent
4 absent
5 absent
6 absent
7 absent

Left
none
Best: none

Right
none
Best: none

Constant
0 000000000 a match 2 3
1 111111111 a

Matching output
0 absent
1 absent
2 C0
3 C0
4 absent
5 absent
6 absent
7 absent

Left
none
Best: none

Right
none
Best: none

AND
01 10 001000000 1
12 21 111000000 3
23 32 011000010 3
34 43 001010011 4
45 54 000010101 3
56 65 000100101 3
67 76 010000000 1
70 07 000000010 1

02 20 001000110 3
13 31 011010000 3
24 42 001000110 3
35 53 000010001 2
46 64 000000101 2
57 75 000000000 a match 2 3
60 06 000000101 2
71 17 010000000 1

03 30 001000011 3
14 41 001010000 2
25 52 000000100 1
36 63 010000001 2
47 74 000001010 2
50 05 000000101 2
61 16 110100000 3
72 27 010000010 2

04 40 001000111 4 match 4
15 51 000110000 2
26 62 110000100 3
37 73 010000010 2

Matching output
0 absent
1 absent
2 57 75
3 57 75
4 04 40
5 absent
6 absent
7 absent

Left
none
Best: none

Right
none
Best: none

OR
01 10 111110111 8
12 21 111110110 7
23 32 111010111 7
34 43 011011111 7
45 54 001111111 7
56 65 110110101 6
67 76 110101111 7
70 07 011001111 6

02 20 111000111 6
13 31 111110011 7
24 42 111011111 8
35 53 011110111 7
46 64 111111111 a
57 75 010111111 7
60 06 111100111 7
71 17 111111010 7

03 30 011010111 6
14 41 111111111 a
25 52 111110111 8
36 63 111110111 8
47 74 011011111 7
50 05 001110111 6
61 16 111110101 7
72 27 111001110 6

04 40 001011111 6
15 51 111110101 7
26 62 111100111 7
37 73 011011011 6

Matching output
0 absent
1 absent
2 absent
3 absent
4 absent
5 absent
6 absent
7 absent

Left
none
Best: none

Right
none
Best: none

XOR
01 10 110110111 7
12 21 000110110 4
23 32 100010101 4
34 43 010001100 3
45 54 001101010 4
56 65 110010000 3
67 76 100101111 6
70 07 011001101 5

02 20 110000001 3
13 31 100100011 4
24 42 110011001 5
35 53 011100110 5
46 64 111111010 7
57 75 010111111 7
60 06 111100010 5
71 17 101111010 6

03 30 010010100 3
14 41 110101111 7
25 52 111110011 7
36 63 101110110 6
47 74 011010101 5
50 05 001110010 4
61 16 001010101 4
72 27 101001100 4

04 40 000011000 2
15 51 111000101 5
26 62 001100011 4
37 73 001011001 4

Matching output
0 absent
1 absent
2 absent
3 absent
4 absent
5 absent
6 absent
7 absent

Left
none
Best: none

Right
none
Best: none

AND-NOT
01 000000111 3
12 000110000 2
23 100000100 2
34 010000000 1
45 001001010 3
56 000010000 1
67 100100101 4
70 010001000 2

02 000000001 1
13 100100000 2
24 110000000 2
35 011000010 3
46 001011010 4
57 000110101 4
60 110100000 3
71 000001010 2

03 000000100 1
14 110100000 3
25 111000010 4
36 001010010 3
47 001010101 4
50 000110000 2
61 000000101 2
72 000001000 1

04 000000000 a match 2 3
15 111000000 3
26 001000010 2
37 001010001 3
40 000011000 2
51 000000101 2
62 000100001 2
73 000001000 1

05 001000010 2
16 001010000 2
27 101000100 3
30 010010000 2
41 000001111 4
52 000110001 3
63 100100100 3
74 010000000 1

06 001000010 2
17 101110000 4
20 110000000 2
31 000000011 2
42 000011001 3
53 000100100 2
64 110100000 3
75 010001010 3 match 1

07 001000101 3
10 110110000 4
21 000000110 2
32 000010001 2
43 000001100 2
54 000100000 1
65 110000000 2
76 000001010 2

Matching output
0 absent
1 75
2 04
3 04
4 absent
5 absent
6 absent
7 absent

Left
none
Best: none

Right
none
Best: none

OR-NOT
01 001001111 5
12 111111001 7
23 111101110 7
34 111110011 7
45 111011111 8
56 001111111 7
67 111110101 7
70 110111010 6

02 001111111 7
13 111111100 7
24 111100110 6
35 111011011 7
46 001011111 6
57 101110101 6
60 110111101 7
71 010001111 5

03 101101111 7
14 111110000 5 match 5
25 111001110 6
36 011011011 6
47 101111111 8
50 110111101 7
61 110101111 7
72 010111011 6

04 111100111 7
15 111111010 7
26 111011110 7
37 111110111 8
40 111111111 a
51 000111111 6
62 110111101 7
73 110101110 6

05 111001111 7
16 111111010 7
27 111110111 8
30 111111011 8
41 001011111 6
52 000111101 5
63 110101101 6
74 110101010 5

06 001011111 6
17 111110101 7
20 111111110 8
31 011011111 7
42 001111111 7
53 100111101 6
64 110100101 5 match 0
75 111001010 5

07 101110111 7
10 111111000 6
21 111001111 7
32 011111011 7
43 101111111 8
54 110110101 6
65 111101111 8
76 011011010 5

Matching output
0 64
1 absent
2 absent
3 absent
4 absent
5 14
6 absent
7 absent

Left
64 75x
Best: OR-NOT64: 1

Right
none
Best: none

XOR-NOT
01 001001000 2
12 111001001 5
23 011101010 5
34 101110011 6
45 110010101 5
56 001101111 6
67 011010000 3
70 100110010 4

02 001111110 6
13 011011100 5
24 001100110 4
35 100011001 4
46 000000101 2
57 101000000 2
60 000011101 4
71 010000101 3

03 101101011 6
14 001010000 2
25 000001100 2
36 010001001 3
47 100101010 4
50 110001101 5
61 110101010 5
72 010110011 5

04 111100111 7
15 000111010 4
26 110011100 5
37 110100110 5
40 111100111 7
51 000111010 4
62 110011100 5
73 110100110 5

05 110001101 5
16 110101010 5
27 010110011 5
30 101101011 6
41 001010000 2
52 000001100 2
63 010001001 3
74 100101010 4

06 000011101 4
17 010000101 3
20 001111110 6
31 011011100 5
42 001100110 4
53 100011001 4
64 000000101 2
75 101000000 2

07 100110010 4
10 001001000 2
21 111001001 5
32 011101010 5
43 101110011 6
54 110010101 5
65 001101111 6
76 011010000 3

Matching output
0 absent
1 absent
2 absent
3 absent
4 absent
5 absent
6 absent
7 absent

Left
none
Best: none

Right
none
Best: none

Selecting

Lefts
Identity I6 7: 2
NOT none
Constant none
AND none
OR none
XOR none
AND-NOT none
OR-NOT OR-NOT64: 1
XOR-NOT none

Rights
Identity I3 2 1 0: 4
NOT none
Constant none
AND none
OR none
XOR none
AND-NOT none
OR-NOT none
XOR-NOT none

Left longest: 2
Right longest: 4

Right winner: Identity yes, NOT no, Constant no, AND no, OR no, XOR no, AND-NOT no, OR-NOT no, XOR-NOT no
Left winner: Identity yes, NOT no, Constant no, AND no, OR no, XOR no, AND-NOT no, OR-NOT no, XOR-NOT no

Best right: I3 2 1 0: 4
Best left: I6 7: 2

Truncated right: I3 2 1 0: 4
Truncated left: I6 7: 2

Tentative from right
7 I3
6 I2
5 I1
4 I0
3 pending
2 pending
1 pending
0 pending

Tentative
0 I6
1 I7
2 pending
3 pending
4 I0
5 I1
6 I2
7 I3

Preferred from right
7 I3
6 I2
5 I1
4 I0
3 ??7
2 ??6
1 I7
0 I6

Preferred from left
0 I6
1 I7
2 ?06
3 ?17
4 I0
5 I1
6 I2
7 I3

Preferred
0 I6
1 I7
2 ?06 ?60
3 ?17 ?71
4 I0
5 I1
6 I2
7 I3

Matching
0 I6
1 I7
2 ?06 ?60 - Identity absent, NOT absent, Constant C0, AND absent, OR absent, XOR absent, AND-NOT absent, OR-NOT absent, XOR-NOT absent
3 ?17 ?71 - Identity absent, NOT absent, Constant C0, AND absent, OR absent, XOR absent, AND-NOT absent, OR-NOT absent, XOR-NOT absent
4 I0
5 I1
6 I2
7 I3

Perfect match
Identity no
NOT no
Constant yes
AND no
OR no
XOR no
AND-NOT no
OR-NOT no
XOR-NOT no

Matched
0 I6
1 I7
2 C0
3 C0
4 I0
5 I1
6 I2
7 I3

Selected
0 I6
1 I7
2 C0
3 C0
4 I0
5 I1
6 I2
7 I3

Applying to 01101101
Input
0 0
1 1
2 1
3 0
4 1
5 1
6 0
7 1
Output
0 I6 = 0
1 I7 = 1
2 C0 = 0
3 C0 = 0
4 I0 = 0
5 I1 = 1
6 I2 = 1
7 I3 = 0

I will now return the answer in \boxed{}
The answer in \boxed{–} is \boxed{01000110}
[correct]
true
