[category]
bit_manipulation
[prompt]
In Alice's Wonderland, a secret bit manipulation rule transforms 8-bit binary numbers. The transformation involves operations like bit shifts, rotations, XOR, AND, OR, NOT, and possibly majority or choice functions.

Here are some examples of input -> output:
10000011 -> 01101000
11001111 -> 11101100
11100000 -> 00001110
11110001 -> 00101111
01010010 -> 01000101
11000000 -> 00001100
11101010 -> 01001110
00001110 -> 11000000

Now, determine the output for: 00100001
[completion]
We need to deduce the transformation by matching the example outputs.
I will put my final answer inside \boxed{}.

Output 0: 01101000
0 0
1 1
2 1
3 0
4 1
5 0
6 0
7 0

Output 1: 11101100
0 1
1 1
2 1
3 0
4 1
5 1
6 0
7 0

Output 2: 00001110
0 0
1 0
2 0
3 0
4 1
5 1
6 1
7 0

Output 3: 00101111
0 0
1 0
2 1
3 0
4 1
5 1
6 1
7 1

Output 4: 01000101
0 0
1 1
2 0
3 0
4 0
5 1
6 0
7 1

Output 5: 00001100
0 0
1 0
2 0
3 0
4 1
5 1
6 0
7 0

Output 6: 01001110
0 0
1 1
2 0
3 0
4 1
5 1
6 1
7 0

Output 7: 11000000
0 1
1 1
2 0
3 0
4 0
5 0
6 0
7 0

Output bit columns (with bitsum as hash)
0 01000001 2
1 11001011 5
2 11010000 3
3 00000000 a
4 11110110 6
5 01111110 6
6 00110010 3
7 00011000 2

Input 0: 10000011
0 1
1 0
2 0
3 0
4 0
5 0
6 1
7 1

Input 1: 11001111
0 1
1 1
2 0
3 0
4 1
5 1
6 1
7 1

Input 2: 11100000
0 1
1 1
2 1
3 0
4 0
5 0
6 0
7 0

Input 3: 11110001
0 1
1 1
2 1
3 1
4 0
5 0
6 0
7 1

Input 4: 01010010
0 0
1 1
2 0
3 1
4 0
5 0
6 1
7 0

Input 5: 11000000
0 1
1 1
2 0
3 0
4 0
5 0
6 0
7 0

Input 6: 11101010
0 1
1 1
2 1
3 0
4 1
5 0
6 1
7 0

Input 7: 00001110
0 0
1 0
2 0
3 0
4 1
5 1
6 1
7 0

When matching output
x: not in operator
y: wrong position

Identity
0 11110110 6 match 4
1 01111110 6 match 5
2 00110010 3 match 6
3 00011000 2 match 7
4 01000011 3
5 01000001 2 match 0
6 11001011 5 match 1
7 11010000 3 match 2

Matching output
0 5
1 6
2 7
3 absent
4 0
5 1
6 2
7 3

Left
5 6 7 0y
Best: I5 6 7: 3

Right
3 2 1 0 7y
Best: I3 2 1 0: 4

NOT
0 00001001 2
1 10000001 2
2 11001101 5
3 11100111 6
4 10111100 5
5 10111110 6
6 00110100 3
7 00101111 5

Matching output
0 absent
1 absent
2 absent
3 absent
4 absent
5 absent
6 absent
7 absent

Left
none
Best: none

Right
none
Best: none

Constant
0 00000000 a match 3
1 11111111 a

Matching output
0 absent
1 absent
2 absent
3 C0
4 absent
5 absent
6 absent
7 absent

Left
none
Best: none

Right
none
Best: none

AND
01 10 01110110 5
12 21 00110010 3 match 6
23 32 00010000 1
34 43 00000000 a match 3
45 54 01000001 2 match 0
56 65 01000001 2 match 0
67 76 11000000 2
70 07 11010000 3 match 2

02 20 00110010 3 match 6
13 31 00011000 2 match 7
24 42 00000010 1
35 53 00000000 a match 3
46 64 01000011 3
57 75 01000000 1
60 06 11000010 3
71 17 01010000 2

03 30 00010000 1
14 41 01000010 2
25 52 00000000 a match 3
36 63 00001000 1
47 74 01000000 1
50 05 01000000 1
61 16 01001010 3
72 27 00010000 1

04 40 01000010 2
15 51 01000000 1
26 62 00000010 1
37 73 00010000 1

Matching output
0 45 54 56 65
1 absent
2 70 07
3 34 43 35 53 25 52
4 absent
5 absent
6 12 21 02 20
7 13 31

Left
45 56y
54 65y
56 67x
65 76x
Best: AND45: 1

Right
13 02 71x
31 20 17x
Best: AND13 02: 2

OR
01 10 11111110 7
12 21 01111110 6 match 5
23 32 00111010 4
34 43 01011011 5
45 54 01000011 3
56 65 11001011 5 match 1
67 76 11011011 6
70 07 11110110 6 match 4

02 20 11110110 6 match 4
13 31 01111110 6 match 5
24 42 01110011 5
35 53 01011001 4
46 64 11001011 5 match 1
57 75 11010001 4
60 06 11111111 a
71 17 11111110 7

03 30 11111110 7
14 41 01111111 7
25 52 01110011 5
36 63 11011011 6
47 74 11010011 5
50 05 11110111 7
61 16 11111111 a
72 27 11110010 5

04 40 11110111 7
15 51 01111111 7
26 62 11111011 7
37 73 11011000 4

Matching output
0 absent
1 56 65 46 64
2 absent
3 absent
4 70 07 02 20
5 12 21 13 31
6 absent
7 absent

Left
none
Best: none

Right
none
Best: none

XOR
01 10 10001000 2
12 21 01001100 3
23 32 00101010 3
34 43 01011011 5
45 54 00000010 1
56 65 10001010 3
67 76 00011011 4
70 07 00100110 3

02 20 11000100 3
13 31 01100110 4
24 42 01110001 4
35 53 01011001 4
46 64 10001000 2
57 75 10010001 3
60 06 00111101 5
71 17 10101110 5

03 30 11101110 6
14 41 00111101 5
25 52 01110011 5
36 63 11010011 5
47 74 10010011 4
50 05 10110111 6
61 16 10110101 5
72 27 11100010 4

04 40 10110101 5
15 51 00111111 6
26 62 11111001 6
37 73 11001000 3

Matching output
0 absent
1 absent
2 absent
3 absent
4 absent
5 absent
6 absent
7 absent

Left
none
Best: none

Right
none
Best: none

AND-NOT
01 10000000 1
12 01001100 3
23 00100010 2
34 00011000 2 match 7
45 00000010 1
56 00000000 a match 3
67 00001011 3
70 00000000 a match 3

02 11000100 3
13 01100110 4
24 00110000 2
35 00011000 2 match 7
46 00000000 a match 3
57 00000001 1
60 00001001 2
71 10000000 1

03 11100110 5
14 00111100 4
25 00110010 3 match 6
36 00010000 1
47 00000011 2
50 00000001 1
61 10000001 2
72 11000000 2

04 10110100 4
15 00111110 5
26 00110000 2
37 00001000 1
40 00000001 1
51 00000001 1
62 11001001 4
73 11000000 2

05 10110110 5
16 00110100 3
27 00100010 2
30 00001000 1
41 00000001 1
52 01000001 2 match 0
63 11000011 4
74 10010000 2

06 00110100 3
17 00101110 4
20 00000000 a match 3
31 00000000 a match 3
42 01000001 2 match 0
53 01000001 2 match 0
64 10001000 2
75 10010000 2

07 00100110 3
10 00001000 1
21 00000000 a match 3
32 00001000 1
43 01000011 3
54 00000000 a match 3
65 10001010 3
76 00010000 1

Matching output
0 52 42 53
1 absent
2 absent
3 56 70 46 20 31 21 54
4 absent
5 absent
6 25
7 34 35

Left
52 63x
42 53y
53 64x
Best: AND-NOT52: 1

Right
34 23x
35 24x
Best: AND-NOT34: 1

OR-NOT
01 11110111 7
12 11111111 a
23 11110111 7
34 10111100 5
45 11111111 a
56 01110101 5
67 11101111 7
70 11011001 5

02 11111111 a
13 11111111 a
24 10111110 6
35 10111110 6
46 01110111 6
57 01101111 6
60 11001011 5 match 1
71 11010001 4

03 11110111 7
14 11111110 7
25 10111110 6
36 00111100 4
47 01101111 6
50 01001001 3
61 11001011 5 match 1
72 11011101 6

04 11111110 7
15 11111110 7
26 00110110 4
37 00111111 6
40 01001011 4
51 11000001 3
62 11001111 6
73 11110111 7

05 11111110 7
16 01111110 6 match 5
27 00111111 6
30 00011001 3
41 11000011 4
52 11001101 5
63 11101111 7
74 11111100 6

06 11110110 6 match 4
17 01111111 7
20 00111011 5
31 10011001 4
42 11001111 6
53 11100111 6
64 11111111 a
75 11111110 7

07 11111111 a
10 01111111 7
21 10110011 5
32 11011101 6
43 11100111 6
54 11111101 7
65 11111111 a
76 11110100 5

Matching output
0 absent
1 60 61
2 absent
3 absent
4 06
5 16
6 absent
7 absent

Left
none
Best: none

Right
none
Best: none

XOR-NOT
01 01110111 6
12 10110011 5
23 11010101 5
34 10100100 3
45 11111101 7
56 01110101 5
67 11100100 4
70 11011001 5

02 00111011 5
13 10011001 4
24 10001110 4
35 10100110 4
46 01110111 6
57 01101110 5
60 11000010 3
71 01010001 3

03 00010001 2
14 11000010 3
25 10001100 3
36 00101100 3
47 01101100 4
50 01001000 2
61 01001010 3
72 00011101 4

04 01001010 3
15 11000000 2
26 00000110 2
37 00110111 5
40 01001010 3
51 11000000 2
62 00000110 2
73 00110111 5

05 01001000 2
16 01001010 3
27 00011101 4
30 00010001 2
41 11000010 3
52 10001100 3
63 00101100 3
74 01101100 4

06 11000010 3
17 01010001 3
20 00111011 5
31 10011001 4
42 10001110 4
53 10100110 4
64 01110111 6
75 01101110 5

07 11011001 5
10 01110111 6
21 10110011 5
32 11010101 5
43 10100100 3
54 11111101 7
65 01110101 5
76 11100100 4

Matching output
0 absent
1 absent
2 absent
3 absent
4 absent
5 absent
6 absent
7 absent

Left
none
Best: none

Right
none
Best: none

Selecting

Lefts
Identity I5 6 7: 3
NOT none
Constant none
AND AND45: 1
OR none
XOR none
AND-NOT AND-NOT52: 1
OR-NOT none
XOR-NOT none

Rights
Identity I3 2 1 0: 4
NOT none
Constant none
AND AND13 02: 2
OR none
XOR none
AND-NOT AND-NOT34: 1
OR-NOT none
XOR-NOT none

Left longest: 3
Right longest: 4

Right winner: Identity yes, NOT no, Constant no, AND no, OR no, XOR no, AND-NOT no, OR-NOT no, XOR-NOT no
Left winner: Identity yes, NOT no, Constant no, AND no, OR no, XOR no, AND-NOT no, OR-NOT no, XOR-NOT no

Best right: I3 2 1 0: 4
Best left: I5 6 7: 3

Truncated right: I3 2 1 0: 4
Truncated left: I5 6 7: 3

Tentative from right
7 I3
6 I2
5 I1
4 I0
3 pending
2 pending
1 pending
0 pending

Tentative
0 I5
1 I6
2 I7
3 pending
4 I0
5 I1
6 I2
7 I3

Preferred from right
7 I3
6 I2
5 I1
4 I0
3 ??7
2 I7
1 I6
0 I5

Preferred from left
0 I5
1 I6
2 I7
3 ?07
4 I0
5 I1
6 I2
7 I3

Preferred
0 I5
1 I6
2 I7
3 ?07 ?70
4 I0
5 I1
6 I2
7 I3

Matching
0 I5
1 I6
2 I7
3 ?07 ?70 - Identity absent, NOT absent, Constant C0, AND absent, OR absent, XOR absent, AND-NOT70, OR-NOT absent, XOR-NOT absent
4 I0
5 I1
6 I2
7 I3

Perfect match
Identity no
NOT no
Constant yes
AND no
OR no
XOR no
AND-NOT no
OR-NOT no
XOR-NOT no

Matched
0 I5
1 I6
2 I7
3 C0
4 I0
5 I1
6 I2
7 I3

Selected
0 I5
1 I6
2 I7
3 C0
4 I0
5 I1
6 I2
7 I3

Applying to 00100001
Input
0 0
1 0
2 1
3 0
4 0
5 0
6 0
7 1
Output
0 I5 = 0
1 I6 = 0
2 I7 = 1
3 C0 = 0
4 I0 = 0
5 I1 = 0
6 I2 = 1
7 I3 = 0

I will now return the answer in \boxed{}
The answer in \boxed{–} is \boxed{00100010}
[correct]
true
