[category]
bit_manipulation
[prompt]
In Alice's Wonderland, a secret bit manipulation rule transforms 8-bit binary numbers. The transformation involves operations like bit shifts, rotations, XOR, AND, OR, NOT, and possibly majority or choice functions.

Here are some examples of input -> output:
01011110 -> 00101111
11001011 -> 11100101
11111010 -> 01111101
01010110 -> 00101011
01000110 -> 00100011
11110101 -> 11111011
10101010 -> 01010101
00010010 -> 00001001

Now, determine the output for: 00000110
[completion]
We need to deduce the transformation by matching the example outputs.
I will put my final answer inside \boxed{}.

Output 0: 00101111
0 0
1 0
2 1
3 0
4 1
5 1
6 1
7 1

Output 1: 11100101
0 1
1 1
2 1
3 0
4 0
5 1
6 0
7 1

Output 2: 01111101
0 0
1 1
2 1
3 1
4 1
5 1
6 0
7 1

Output 3: 00101011
0 0
1 0
2 1
3 0
4 1
5 0
6 1
7 1

Output 4: 00100011
0 0
1 0
2 1
3 0
4 0
5 0
6 1
7 1

Output 5: 11111011
0 1
1 1
2 1
3 1
4 1
5 0
6 1
7 1

Output 6: 01010101
0 0
1 1
2 0
3 1
4 0
5 1
6 0
7 1

Output 7: 00001001
0 0
1 0
2 0
3 0
4 1
5 0
6 0
7 1

Output bit columns (with bitsum as hash)
0 01000100 2
1 01100110 4
2 11111100 6
3 00100110 3
4 10110101 5
5 11100010 4
6 10011100 4
7 11111111 a

Input 0: 01011110
0 0
1 1
2 0
3 1
4 1
5 1
6 1
7 0

Input 1: 11001011
0 1
1 1
2 0
3 0
4 1
5 0
6 1
7 1

Input 2: 11111010
0 1
1 1
2 1
3 1
4 1
5 0
6 1
7 0

Input 3: 01010110
0 0
1 1
2 0
3 1
4 0
5 1
6 1
7 0

Input 4: 01000110
0 0
1 1
2 0
3 0
4 0
5 1
6 1
7 0

Input 5: 11110101
0 1
1 1
2 1
3 1
4 0
5 1
6 0
7 1

Input 6: 10101010
0 1
1 0
2 1
3 0
4 1
5 0
6 1
7 0

Input 7: 00010010
0 0
1 0
2 0
3 1
4 0
5 0
6 1
7 0

When matching output
x: not in operator
y: wrong position

Identity
0 01100110 4 match 1
1 11111100 6 match 2
2 00100110 3 match 3
3 10110101 5 match 4
4 11100010 4 match 5
5 10011100 4 match 6
6 11111011 7
7 01000100 2 match 0

Matching output
0 7
1 0
2 1
3 2
4 3
5 4
6 5
7 absent

Left
7 0 1 2 3 4 5 6x
Best: I7 0 1 2 3 4 5: 7

Right
none
Best: none

NOT
0 10011001 4
1 00000011 2
2 11011001 5
3 01001010 3
4 00011101 4
5 01100011 4
6 00000100 1
7 10111011 6

Matching output
0 absent
1 absent
2 absent
3 absent
4 absent
5 absent
6 absent
7 absent

Left
none
Best: none

Right
none
Best: none

Constant
0 00000000 a
1 11111111 a match 7

Matching output
0 absent
1 absent
2 absent
3 absent
4 absent
5 absent
6 absent
7 C1

Left
none
Best: none

Right
1
Best: C1: 1

AND
01 10 01100100 3
12 21 00100100 2
23 32 00100100 2
34 43 10100000 2
45 54 10000000 1
56 65 10011000 3
67 76 01000000 1
70 07 01000100 2 match 0

02 20 00100110 3 match 3
13 31 10110100 4
24 42 00100010 2
35 53 10010100 3
46 64 11100010 4 match 5
57 75 00000100 1
60 06 01100010 3
71 17 01000100 2 match 0

03 30 00100100 2
14 41 11100000 3
25 52 00000100 1
36 63 10110001 4
47 74 01000000 1
50 05 00000100 1
61 16 11111000 5
72 27 00000100 1

04 40 01100010 3
15 51 10011100 4 match 6
26 62 00100010 2
37 73 00000100 1

Matching output
0 70 07 71 17
1 absent
2 absent
3 02 20
4 absent
5 46 64
6 15 51
7 absent

Left
70 01x
07 10x
71 02y
17 20y
Best: AND70: 1

Right
none
Best: none

OR
01 10 11111110 7
12 21 11111110 7
23 32 10110111 6
34 43 11110111 7
45 54 11111110 7
56 65 11111111 a match 7
67 76 11111111 a match 7
70 07 01100110 4 match 1

02 20 01100110 4 match 1
13 31 11111101 7
24 42 11100110 5
35 53 10111101 6
46 64 11111011 7
57 75 11011100 5
60 06 11111111 a match 7
71 17 11111100 6 match 2

03 30 11110111 7
14 41 11111110 7
25 52 10111110 6
36 63 11111111 a match 7
47 74 11100110 5
50 05 11111110 7
61 16 11111111 a match 7
72 27 01100110 4 match 1

04 40 11100110 5
15 51 11111100 6 match 2
26 62 11111111 a match 7
37 73 11110101 6

Matching output
0 absent
1 70 07 02 20 72 27
2 71 17 15 51
3 absent
4 absent
5 absent
6 absent
7 56 65 67 76 60 06 36 63 61 16 26 62

Left
none
Best: none

Right
56 45x
65 54x
67 56y
76 65y
60 57x
06 75x
36 25x
63 52x
61 50x
16 05x
26 15y
62 51y
Best: OR56: 1

XOR
01 10 10011010 4
12 21 11011010 5
23 32 10010011 4
34 43 01010111 5
45 54 01111110 6
56 65 01100111 5
67 76 10111111 7
70 07 00100010 2

02 20 01000000 1
13 31 01001001 3
24 42 11000100 3
35 53 00101001 3
46 64 00011001 3
57 75 11011000 4
60 06 10011101 5
71 17 10111000 4

03 30 11010011 5
14 41 00011110 4
25 52 10111010 5
36 63 01001110 4
47 74 10100110 4
50 05 11111010 6
61 16 00000111 3
72 27 01100010 3

04 40 10000100 2
15 51 01100000 2
26 62 11011101 6
37 73 11110001 5

Matching output
0 absent
1 absent
2 absent
3 absent
4 absent
5 absent
6 absent
7 absent

Left
none
Best: none

Right
none
Best: none

AND-NOT
01 00000010 1
12 11011000 4
23 00000010 1
34 00010101 3
45 01100010 3
56 00000100 1
67 10111011 6
70 00000000 a

02 01000000 1
13 01001000 2
24 00000100 1
35 00100001 2
46 00000000 a
57 10011000 3
60 10011001 4
71 00000000 a

03 01000010 2
14 00011100 3
25 00100010 2
36 00000100 1
47 10100010 3
50 10011000 3
61 00000011 2
72 01000000 1

04 00000100 1
15 01100000 2
26 00000100 1
37 10110001 4
40 10000000 1
51 00000000 a
62 11011001 5
73 01000000 1

05 01100010 3
16 00000100 1
27 00100010 2
30 10010001 3
41 00000010 1
52 10011000 3
63 01001010 3
74 00000100 1

06 00000100 1
17 10111000 4
20 00000000 a
31 00000001 1
42 11000000 2
53 00001000 1
64 00011001 3
75 01000000 1

07 00100010 2
10 10011000 3
21 00000010 1
32 10010001 3
43 01000010 2
54 00011100 3
65 01100011 4
76 00000100 1

Matching output
0 absent
1 absent
2 absent
3 absent
4 absent
5 absent
6 absent
7 absent

Left
none
Best: none

Right
none
Best: none

OR-NOT
01 01100111 5
12 11111101 7
23 01101110 5
34 10111101 6
45 11100011 5
56 10011100 4 match 6
67 11111011 7
70 11011101 6

02 11111111 a match 7
13 11111110 7
24 00111111 6
35 11110111 7
46 11100110 5
57 10111111 7
60 11111011 7
71 01000111 4

03 01101110 5
14 11111101 7
25 01100111 5
36 10110101 5 match 4
47 11111011 7
50 10011101 5
61 11111011 7
72 11011101 6

04 01111111 7
15 11111111 a match 7
26 00100110 3 match 3
37 10111111 7
40 11111011 7
51 10011111 6
62 11111011 7
73 01001110 4

05 01100111 5
16 11111100 6 match 2
27 10111111 7
30 10111101 6
41 11100011 5
52 11011101 6
63 11111011 7
74 01011101 5

06 01100110 4 match 1
17 11111111 a match 7
20 10111111 7
31 10110111 6
42 11111011 7
53 11011110 6
64 11111111 a match 7
75 01100111 5

07 11111111 a match 7
10 11111101 7
21 00100111 4
32 11111101 7
43 11101010 5
54 10011101 5
65 11111011 7
76 01000100 2 match 0

Matching output
0 76
1 06
2 16
3 26
4 36
5 absent
6 56
7 02 15 17 64 07

Left
76 07y
Best: OR-NOT76: 1

Right
02 71x
15 04x
17 06y
64 53x
07 76y
Best: OR-NOT02: 1

XOR-NOT
01 01100101 4
12 00100101 3
23 01101100 4
34 10101000 3
45 10000001 2
56 10011000 3
67 01000000 1
70 11011101 6

02 10111111 7
13 10110110 5
24 00111011 5
35 11010110 5
46 11100110 5
57 00100111 4
60 01100010 3
71 01000111 4

03 00101100 3
14 11100001 4
25 01000101 3
36 10110001 4
47 01011001 4
50 00000101 2
61 11111000 5
72 10011101 5

04 01111011 6
15 10011111 6
26 00100010 2
37 00001110 3
40 01111011 6
51 10011111 6
62 00100010 2
73 00001110 3

05 00000101 2
16 11111000 5
27 10011101 5
30 00101100 3
41 11100001 4
52 01000101 3
63 10110001 4
74 01011001 4

06 01100010 3
17 01000111 4
20 10111111 7
31 10110110 5
42 00111011 5
53 11010110 5
64 11100110 5
75 00100111 4

07 11011101 6
10 01100101 4
21 00100101 3
32 01101100 4
43 10101000 3
54 10000001 2
65 10011000 3
76 01000000 1

Matching output
0 absent
1 absent
2 absent
3 absent
4 absent
5 absent
6 absent
7 absent

Left
none
Best: none

Right
none
Best: none

Selecting

Lefts
Identity I7 0 1 2 3 4 5: 7
NOT none
Constant none
AND AND70: 1
OR none
XOR none
AND-NOT none
OR-NOT OR-NOT76: 1
XOR-NOT none

Rights
Identity none
NOT none
Constant C1: 1
AND none
OR OR56: 1
XOR none
AND-NOT none
OR-NOT OR-NOT02: 1
XOR-NOT none

Left longest: 7
Right longest: 1

Left winner: Identity yes, NOT no, Constant no, AND no, OR no, XOR no, AND-NOT no, OR-NOT no, XOR-NOT no
Right winner: Identity no, NOT no, Constant yes, AND no, OR no, XOR no, AND-NOT no, OR-NOT no, XOR-NOT no

Best left: I7 0 1 2 3 4 5: 7
Best right: C1: 1

Truncated left: I7 0 1 2 3 4 5: 7
Truncated right: C1: 1

Tentative from right
7 C1
6 pending
5 pending
4 pending
3 pending
2 pending
1 pending
0 pending

Tentative
0 I7
1 I0
2 I1
3 I2
4 I3
5 I4
6 I5
7 C1

Preferred from left
0 I7
1 I0
2 I1
3 I2
4 I3
5 I4
6 I5
7 C1

Preferred from right
7 C1
6 I5
5 I4
4 I3
3 I2
2 I1
1 I0
0 I7

Preferred
0 I7
1 I0
2 I1
3 I2
4 I3
5 I4
6 I5
7 C1

Matching
0 I7
1 I0
2 I1
3 I2
4 I3
5 I4
6 I5
7 C1

Perfect match
Identity no
NOT no
Constant no
AND no
OR no
XOR no
AND-NOT no
OR-NOT no
XOR-NOT no

Matched
0 I7
1 I0
2 I1
3 I2
4 I3
5 I4
6 I5
7 C1

Selected
0 I7
1 I0
2 I1
3 I2
4 I3
5 I4
6 I5
7 C1

Applying to 00000110
Input
0 0
1 0
2 0
3 0
4 0
5 1
6 1
7 0
Output
0 I7 = 0
1 I0 = 0
2 I1 = 0
3 I2 = 0
4 I3 = 0
5 I4 = 0
6 I5 = 1
7 C1 = 1

I will now return the answer in \boxed{}
The answer in \boxed{–} is \boxed{00000011}
[correct]
true
