[category]
bit_manipulation
[prompt]
In Alice's Wonderland, a secret bit manipulation rule transforms 8-bit binary numbers. The transformation involves operations like bit shifts, rotations, XOR, AND, OR, NOT, and possibly majority or choice functions.

Here are some examples of input -> output:
00100100 -> 11010110
10000000 -> 11011111
10101010 -> 00000101
00111100 -> 00010000
01011100 -> 00001000
11000010 -> 01011111
01100011 -> 00111111
00011100 -> 00011000
11101010 -> 00010101
00111001 -> 01111001

Now, determine the output for: 11111001
[completion]
We need to deduce the transformation by matching the example outputs.
I will put my final answer inside \boxed{}.

Output 0: 11010110
0 1
1 1
2 0
3 1
4 0
5 1
6 1
7 0

Output 1: 11011111
0 1
1 1
2 0
3 1
4 1
5 1
6 1
7 1

Output 2: 00000101
0 0
1 0
2 0
3 0
4 0
5 1
6 0
7 1

Output 3: 00010000
0 0
1 0
2 0
3 1
4 0
5 0
6 0
7 0

Output 4: 00001000
0 0
1 0
2 0
3 0
4 1
5 0
6 0
7 0

Output 5: 01011111
0 0
1 1
2 0
3 1
4 1
5 1
6 1
7 1

Output 6: 00111111
0 0
1 0
2 1
3 1
4 1
5 1
6 1
7 1

Output 7: 00011000
0 0
1 0
2 0
3 1
4 1
5 0
6 0
7 0

Output 8: 00010101
0 0
1 0
2 0
3 1
4 0
5 1
6 0
7 1

Output 9: 01111001
0 0
1 1
2 1
3 1
4 1
5 0
6 0
7 1

Output bit columns (with bitsum as hash)
0 1100000000 2
1 1100010001 4
2 0000001001 2
3 1101011111 8
4 0100111101 6
5 1110011010 6
6 1100011000 4
7 0110011011 6

Input 0: 00100100
0 0
1 0
2 1
3 0
4 0
5 1
6 0
7 0

Input 1: 10000000
0 1
1 0
2 0
3 0
4 0
5 0
6 0
7 0

Input 2: 10101010
0 1
1 0
2 1
3 0
4 1
5 0
6 1
7 0

Input 3: 00111100
0 0
1 0
2 1
3 1
4 1
5 1
6 0
7 0

Input 4: 01011100
0 0
1 1
2 0
3 1
4 1
5 1
6 0
7 0

Input 5: 11000010
0 1
1 1
2 0
3 0
4 0
5 0
6 1
7 0

Input 6: 01100011
0 0
1 1
2 1
3 0
4 0
5 0
6 1
7 1

Input 7: 00011100
0 0
1 0
2 0
3 1
4 1
5 1
6 0
7 0

Input 8: 11101010
0 1
1 1
2 1
3 0
4 1
5 0
6 1
7 0

Input 9: 00111001
0 0
1 0
2 1
3 1
4 1
5 0
6 0
7 1

When matching output
x: not in operator
y: wrong position

Identity
0 0110010010 4
1 0000111010 4
2 1011001011 6
3 0001100101 4
4 0011100111 6
5 1001100100 4
6 0010011010 4
7 0000001001 2 match 2

Matching output
0 absent
1 absent
2 7
3 absent
4 absent
5 absent
6 absent
7 absent

Left
none
Best: none

Right
none
Best: none

NOT
0 1001101101 6
1 1111000101 6
2 0100110100 4
3 1110011010 6 match 5
4 1100011000 4 match 6
5 0110011011 6 match 7
6 1101100101 6
7 1111110110 8

Matching output
0 absent
1 absent
2 absent
3 absent
4 absent
5 3
6 4
7 5

Left
none
Best: none

Right
5 4 3 2x
Best: NOT5 4 3: 3

Constant
0 0000000000 a
1 1111111111 a

Matching output
0 absent
1 absent
2 absent
3 absent
4 absent
5 absent
6 absent
7 absent

Left
none
Best: none

Right
none
Best: none

AND
01 10 0000010010 2
12 21 0000001010 2
23 32 0001000001 2
34 43 0001100101 4
45 54 0001100100 3
56 65 0000000000 a
67 76 0000001000 1
70 07 0000000000 a

02 20 0010000010 2
13 31 0000100000 1
24 42 0011000011 4
35 53 0001100100 3
46 64 0010000010 2
57 75 0000000000 a
60 06 0010010010 3
71 17 0000001000 1

03 30 0000000000 a
14 41 0000100010 2
25 52 1001000000 2
36 63 0000000000 a
47 74 0000000001 1
50 05 0000000000 a
61 16 0000011010 3
72 27 0000001001 2 match 2

04 40 0010000010 2
15 51 0000100000 1
26 62 0010001010 3
37 73 0000000001 1

Matching output
0 absent
1 absent
2 72 27
3 absent
4 absent
5 absent
6 absent
7 absent

Left
none
Best: none

Right
none
Best: none

OR
01 10 0110111010 6
12 21 1011111011 8
23 32 1011101111 8
34 43 0011100111 6
45 54 1011100111 7
56 65 1011111110 8
67 76 0010011011 5
70 07 0110011011 6 match 7

02 20 1111011011 8
13 31 0001111111 7
24 42 1011101111 8
35 53 1001100101 5
46 64 0011111111 8
57 75 1001101101 6
60 06 0110011010 5
71 17 0000111011 5

03 30 0111110111 8
14 41 0011111111 8
25 52 1011101111 8
36 63 0011111111 8
47 74 0011101111 7
50 05 1111110110 8
61 16 0010111010 5
72 27 1011001011 6

04 40 0111110111 8
15 51 1001111110 7
26 62 1011011011 7
37 73 0001101101 5

Matching output
0 absent
1 absent
2 absent
3 absent
4 absent
5 absent
6 absent
7 70 07

Left
none
Best: none

Right
70 67x
07 76x
Best: OR70: 1

XOR
01 10 0110101000 4
12 21 1011110001 6
23 32 1010101110 6
34 43 0010000010 2
45 54 1010000011 4
56 65 1011111110 8
67 76 0010010011 4
70 07 0110011011 6 match 7

02 20 1101011001 6
13 31 0001011111 6
24 42 1000101100 4
35 53 1000000001 2
46 64 0001111101 6
57 75 1001101101 6
60 06 0100001000 2
71 17 0000110011 4

03 30 0111110111 8
14 41 0011011101 6
25 52 0010101111 6
36 63 0011111111 8
47 74 0011101110 6
50 05 1111110110 8
61 16 0010100000 2
72 27 1011000010 4

04 40 0101110101 6
15 51 1001011110 6
26 62 1001010001 4
37 73 0001101100 4

Matching output
0 absent
1 absent
2 absent
3 absent
4 absent
5 absent
6 absent
7 70 07

Left
none
Best: none

Right
70 67x
07 76x
Best: XOR70: 1

AND-NOT
01 0110000000 2
12 0000110000 2
23 1010001010 4
34 0000000000 a
45 0010000011 3
56 1001100100 4
67 0010010010 3
70 0000001001 2 match 2

02 0100010000 2
13 0000011010 3
24 1000001000 2
35 0000000001 1
46 0001100101 4
57 1001100100 4
60 0000001000 1
71 0000000001 1

03 0110010010 4
14 0000011000 2
25 0010001011 4
36 0001100101 4
47 0011100110 5
50 1001100100 4
61 0010000000 1
72 0000000000 a

04 0100010000 2
15 0000011010 3
26 1001000001 3
37 0001100100 3
40 0001100101 4
51 1001000100 3
62 0000010000 1
73 0000001000 1

05 0110010010 4
16 0000100000 1
27 1011000010 4
30 0001100101 4
41 0011000101 4
52 0000100100 2
63 0010011010 4
74 0000001000 1

06 0100000000 1
17 0000110010 3
20 1001001001 4
31 0001000101 3
42 0000100100 2
53 1000000000 1
64 0000011000 2
75 0000001001 2 match 2

07 0110010010 4
10 0000101000 2
21 1011000001 4
32 0000100100 2
43 0010000010 2
54 1000000000 1
65 0010011010 4
76 0000000001 1

Matching output
0 absent
1 absent
2 70 75
3 absent
4 absent
5 absent
6 absent
7 absent

Left
none
Best: none

Right
none
Best: none

OR-NOT
01 1111010111 8
12 0100111110 6
23 1111011011 8
34 1101111101 8
45 0111111111 9
56 1101100101 6
67 1111111110 9
70 1001101101 6

02 0110110110 6
13 1110111010 7
24 1111011011 8
35 0111111111 9
46 1111100111 8
57 1111110110 8
60 1011111111 9
71 1111001101 7

03 1110011010 6 match 5
14 1100111010 6
25 1111011011 8
36 1101100101 6
47 1111110111 9
50 1001101101 6
61 1111011111 9
72 0100111101 6 match 4

04 1110011010 6 match 5
15 0110111011 7
26 1111101111 9
37 1111110111 9
40 1011101111 8
51 1111100101 7
62 0110111110 7
73 1110011011 7

05 0110011011 6 match 7
16 1101111111 9
27 1111111111 a
30 1001101101 6
41 1111100111 8
52 1101110100 6
63 1110011010 6 match 5
74 1100011001 5

06 1111110111 9
17 1111111110 9
20 1011101111 8
31 1111100101 7
42 0111110111 8
53 1111111110 9
64 1110011010 6 match 5
75 0110011011 6 match 7

07 1111110110 8
10 1001111111 8
21 1111001111 8
32 0101110101 6
43 1111111111 a
54 1101111100 7
65 0110011011 6 match 7
76 1101101101 7

Matching output
0 absent
1 absent
2 absent
3 absent
4 72
5 03 04 63 64
6 absent
7 05 75 65

Left
none
Best: none

Right
05 74x
75 64y
65 54x
Best: OR-NOT05: 1

XOR-NOT
01 1001010111 6
12 0100001110 4
23 0101010001 4
34 1101111101 8
45 0101111100 6
56 0100000001 2
67 1101101100 6
70 1001100100 4

02 0010100110 4
13 1110100000 4
24 0111010011 6
35 0111111110 8
46 1110000010 4
57 0110010010 4
60 1011110111 8
71 1111001100 6

03 1000001000 2
14 1100100010 4
25 1101010000 4
36 1100000000 2 match 0
47 1100010001 4 match 1
50 0000001001 2 match 2
61 1101011111 8 match 3
72 0100111101 6 match 4

04 1010001010 4
15 0110100001 4
26 0110101110 6
37 1110010011 6
40 1010001010 4
51 0110100001 4
62 0110101110 6
73 1110010011 6

05 0000001001 2 match 2
16 1101011111 8 match 3
27 0100111101 6 match 4
30 1000001000 2
41 1100100010 4
52 1101010000 4
63 1100000000 2 match 0
74 1100010001 4 match 1

06 1011110111 8
17 1111001100 6
20 0010100110 4
31 1110100000 4
42 0111010011 6
53 0111111110 8
64 1110000010 4
75 0110010010 4

07 1001100100 4
10 1001010111 6
21 0100001110 4
32 0101010001 4
43 1101111101 8
54 0101111100 6
65 0100000001 2
76 1101101100 6

Matching output
0 36 63
1 47 74
2 50 05
3 61 16
4 72 27
5 absent
6 absent
7 absent

Left
36 47 50 61 72 03x
63 74 05 16 27 30x
Best: XOR-NOT36 47 50 61 72: 5

Right
none
Best: none

Selecting

Lefts
Identity none
NOT none
Constant none
AND none
OR none
XOR none
AND-NOT none
OR-NOT none
XOR-NOT XOR-NOT36 47 50 61 72: 5

Rights
Identity none
NOT NOT5 4 3: 3
Constant none
AND none
OR OR70: 1
XOR XOR70: 1
AND-NOT none
OR-NOT OR-NOT05: 1
XOR-NOT none

Left longest: 5
Right longest: 3

Left winner: Identity no, NOT no, Constant no, AND no, OR no, XOR no, AND-NOT no, OR-NOT no, XOR-NOT yes
Right winner: Identity no, NOT yes, Constant no, AND no, OR no, XOR no, AND-NOT no, OR-NOT no, XOR-NOT no

Best left: XOR-NOT36 47 50 61 72: 5
Best right: NOT5 4 3: 3

Truncated left: XOR-NOT36 47 50 61 72: 5
Truncated right: NOT5 4 3: 3

Tentative from right
7 NOT5
6 NOT4
5 NOT3
4 pending
3 pending
2 pending
1 pending
0 pending

Tentative
0 XOR-NOT36
1 XOR-NOT47
2 XOR-NOT50
3 XOR-NOT61
4 XOR-NOT72
5 NOT3
6 NOT4
7 NOT5

Preferred from left
0 XOR-NOT36
1 XOR-NOT47
2 XOR-NOT50
3 XOR-NOT61
4 XOR-NOT72
5 NOT3
6 NOT4
7 NOT5

Preferred from right
7 NOT5
6 NOT4
5 NOT3
4 XOR-NOT72
3 XOR-NOT61
2 XOR-NOT50
1 XOR-NOT47
0 XOR-NOT36

Preferred
0 XOR-NOT36
1 XOR-NOT47
2 XOR-NOT50
3 XOR-NOT61
4 XOR-NOT72
5 NOT3
6 NOT4
7 NOT5

Matching
0 XOR-NOT36
1 XOR-NOT47
2 XOR-NOT50
3 XOR-NOT61
4 XOR-NOT72
5 NOT3
6 NOT4
7 NOT5

Perfect match
Identity no
NOT no
Constant no
AND no
OR no
XOR no
AND-NOT no
OR-NOT no
XOR-NOT no

Matched
0 XOR-NOT36
1 XOR-NOT47
2 XOR-NOT50
3 XOR-NOT61
4 XOR-NOT72
5 NOT3
6 NOT4
7 NOT5

Selected
0 XOR-NOT36
1 XOR-NOT47
2 XOR-NOT50
3 XOR-NOT61
4 XOR-NOT72
5 NOT3
6 NOT4
7 NOT5

Applying to 11111001
Input
0 1
1 1
2 1
3 1
4 1
5 0
6 0
7 1
Output
0 XOR-NOT36 = XOR(1,NOT(0)) = 0
1 XOR-NOT47 = XOR(1,NOT(1)) = 1
2 XOR-NOT50 = XOR(0,NOT(1)) = 0
3 XOR-NOT61 = XOR(0,NOT(1)) = 0
4 XOR-NOT72 = XOR(1,NOT(1)) = 1
5 NOT3 = NOT(1) = 0
6 NOT4 = NOT(1) = 0
7 NOT5 = NOT(0) = 1

I will now return the answer in \boxed{}
The answer in \boxed{–} is \boxed{01001001}
[correct]
true
