[category]
bit_manipulation
[prompt]
In Alice's Wonderland, a secret bit manipulation rule transforms 8-bit binary numbers. The transformation involves operations like bit shifts, rotations, XOR, AND, OR, NOT, and possibly majority or choice functions.

Here are some examples of input -> output:
11000100 -> 00100010
11011001 -> 01111100
10111001 -> 01001100
00010000 -> 00001000
11000001 -> 11110000
01010100 -> 01101010
11010100 -> 00101010
10011011 -> 01111101

Now, determine the output for: 11011111
[completion]
We need to deduce the transformation by matching the example outputs.
I will put my final answer inside \boxed{}.

Output 0: 00100010
0 0
1 0
2 1
3 0
4 0
5 0
6 1
7 0

Output 1: 01111100
0 0
1 1
2 1
3 1
4 1
5 1
6 0
7 0

Output 2: 01001100
0 0
1 1
2 0
3 0
4 1
5 1
6 0
7 0

Output 3: 00001000
0 0
1 0
2 0
3 0
4 1
5 0
6 0
7 0

Output 4: 11110000
0 1
1 1
2 1
3 1
4 0
5 0
6 0
7 0

Output 5: 01101010
0 0
1 1
2 1
3 0
4 1
5 0
6 1
7 0

Output 6: 00101010
0 0
1 0
2 1
3 0
4 1
5 0
6 1
7 0

Output 7: 01111101
0 0
1 1
2 1
3 1
4 1
5 1
6 0
7 1

Output bit columns (with bitsum as hash)
0 00001000 1
1 01101101 5
2 11001111 6
3 01001001 3
4 01110111 6
5 01100001 3
6 10000110 3
7 00000001 1

Input 0: 11000100
0 1
1 1
2 0
3 0
4 0
5 1
6 0
7 0

Input 1: 11011001
0 1
1 1
2 0
3 1
4 1
5 0
6 0
7 1

Input 2: 10111001
0 1
1 0
2 1
3 1
4 1
5 0
6 0
7 1

Input 3: 00010000
0 0
1 0
2 0
3 1
4 0
5 0
6 0
7 0

Input 4: 11000001
0 1
1 1
2 0
3 0
4 0
5 0
6 0
7 1

Input 5: 01010100
0 0
1 1
2 0
3 1
4 0
5 1
6 0
7 0

Input 6: 11010100
0 1
1 1
2 0
3 1
4 0
5 1
6 0
7 0

Input 7: 10011011
0 1
1 0
2 0
3 1
4 1
5 0
6 1
7 1

When matching output
x: not in operator
y: wrong position

Identity
0 11101011 6
1 11001110 5
2 00100000 1
3 01110111 6 match 4
4 01100001 3 match 5
5 10000110 3 match 6
6 00000001 1 match 7
7 01101001 4

Matching output
0 absent
1 absent
2 absent
3 absent
4 3
5 4
6 5
7 6

Left
none
Best: none

Right
6 5 4 3 2x
Best: I6 5 4 3: 4

NOT
0 00010100 2
1 00110001 3
2 11011111 7
3 10001000 2
4 10011110 5
5 01111001 5
6 11111110 7
7 10010110 4

Matching output
0 absent
1 absent
2 absent
3 absent
4 absent
5 absent
6 absent
7 absent

Left
none
Best: none

Right
none
Best: none

Constant
0 00000000 a
1 11111111 a

Matching output
0 absent
1 absent
2 absent
3 absent
4 absent
5 absent
6 absent
7 absent

Left
none
Best: none

Right
none
Best: none

AND
01 10 11001010 4
12 21 00000000 a
23 32 00100000 1
34 43 01100001 3 match 5
45 54 00000000 a
56 65 00000000 a
67 76 00000001 1 match 7
70 07 01101001 4

02 20 00100000 1
13 31 01000110 3
24 42 00100000 1
35 53 00000110 2
46 64 00000001 1 match 7
57 75 00000000 a
60 06 00000001 1 match 7
71 17 01001000 2

03 30 01100011 4
14 41 01000000 1
25 52 00000000 a
36 63 00000001 1 match 7
47 74 01100001 3 match 5
50 05 10000010 2
61 16 00000000 a
72 27 00100000 1

04 40 01100001 3 match 5
15 51 10000110 3 match 6
26 62 00000000 a
37 73 01100001 3 match 5

Matching output
0 absent
1 absent
2 absent
3 absent
4 absent
5 34 43 47 74 04 40 37 73
6 15 51
7 67 76 46 64 60 06 36 63

Left
none
Best: none

Right
67 56x
76 65x
46 35x
64 53x
60 57x
06 75x
36 25x
63 52x
Best: AND67: 1

OR
01 10 11101111 7
12 21 11101110 6
23 32 01110111 6 match 4
34 43 01110111 6 match 4
45 54 11100111 6
56 65 10000111 4
67 76 01101001 4
70 07 11101011 6

02 20 11101011 6
13 31 11111111 a
24 42 01100001 3 match 5
35 53 11110111 7
46 64 01100001 3 match 5
57 75 11101111 7
60 06 11101011 6
71 17 11101111 7

03 30 11111111 a
14 41 11101111 7
25 52 10100110 4
36 63 01110111 6 match 4
47 74 01101001 4
50 05 11101111 7
61 16 11001111 6 match 2
72 27 01101001 4

04 40 11101011 6
15 51 11001110 5
26 62 00100001 2
37 73 01111111 7

Matching output
0 absent
1 absent
2 61 16
3 absent
4 23 32 34 43 36 63
5 24 42 46 64
6 absent
7 absent

Left
none
Best: none

Right
none
Best: none

XOR
01 10 00100101 3
12 21 11101110 6
23 32 01010111 5
34 43 00010110 3
45 54 11100111 6
56 65 10000111 4
67 76 01101000 3
70 07 10000010 2

02 20 11001011 5
13 31 10111001 5
24 42 01000001 2
35 53 11110001 5
46 64 01100000 2
57 75 11101111 7
60 06 11101010 5
71 17 10100111 5

03 30 10011100 4
14 41 10101111 6
25 52 10100110 4
36 63 01110110 5
47 74 00001000 1 match 0
50 05 01101101 5 match 1
61 16 11001111 6 match 2
72 27 01001001 3 match 3

04 40 10001010 3
15 51 01001000 2
26 62 00100001 2
37 73 00011110 4

Matching output
0 47 74
1 50 05
2 61 16
3 72 27
4 absent
5 absent
6 absent
7 absent

Left
47 50 61 72 03x
74 05 16 27 30x
Best: XOR47 50 61 72: 4

Right
none
Best: none

AND-NOT
01 00100001 2
12 11001110 5
23 00000000 a
34 00010110 3
45 01100001 3 match 5
56 10000110 3 match 6
67 00000000 a
70 00000000 a

02 11001011 5
13 10001000 2
24 00000000 a
35 01110001 4
46 01100000 2
57 10000110 3 match 6
60 00000000 a
71 00100001 2

03 10001000 2
14 10001110 4
25 00100000 1
36 01110110 5
47 00000000 a
50 00000100 1
61 00000001 1 match 7
72 01001001 3 match 3

04 10001010 3
15 01001000 2
26 00100000 1
37 00010110 3
40 00000000 a
51 00000000 a
62 00000001 1 match 7
73 00001000 1 match 0

05 01101001 4
16 11001110 5
27 00000000 a
30 00010100 2
41 00100001 2
52 10000110 3 match 6
63 00000000 a
74 00001000 1 match 0

06 11101010 5
17 10000110 3 match 6
20 00000000 a
31 00110001 3
42 01000001 2
53 10000000 1
64 00000000 a
75 01101001 4

07 10000010 2
10 00000100 1
21 00100000 1
32 01010111 5
43 00000000 a
54 10000110 3 match 6
65 00000001 1 match 7
76 01101000 3

Matching output
0 73 74
1 absent
2 absent
3 72
4 absent
5 45
6 56 57 52 17 54
7 61 62 65

Left
73 04x
74 05x
Best: AND-NOT73: 1

Right
61 50x
62 51x
65 54 43x
Best: AND-NOT65 54: 2

OR-NOT
01 11111011 7
12 11011111 7
23 10101000 3
34 11111111 a
45 01111001 5
56 11111110 7
67 10010111 5
70 01111101 6

02 11111111 a
13 11001110 5
24 10111110 6
35 01111111 7
46 11111111 a
57 10010110 4
60 00010101 3
71 01111001 5

03 11101011 6
14 11011110 6
25 01111001 5
36 11111111 a
47 11110111 7
50 10010110 4
61 00110001 3
72 11111111 a

04 11111111 a
15 11111111 a
26 11111110 7
37 11110111 7
40 01110101 5
51 10110111 6
62 11011111 7
73 11101001 5

05 11111011 7
16 11111110 7
27 10110110 5
30 01110111 6 match 4
41 01110001 4
52 11011111 7
63 10001001 3
74 11111111 a

06 11111111 a
17 11011110 6
20 00110100 3
31 01110111 6 match 4
42 11111111 a
53 10001110 4
64 10011111 6
75 01111001 5

07 11111111 a
10 11011110 6
21 00110001 3
32 11111111 a
43 11101001 5
54 10011110 5
65 01111001 5
76 11111111 a

Matching output
0 absent
1 absent
2 absent
3 absent
4 30 31
5 absent
6 absent
7 absent

Left
none
Best: none

Right
none
Best: none

XOR-NOT
01 11011010 5
12 00010001 2
23 10101000 3
34 11101001 5
45 00011000 2
56 01111000 4
67 10010111 5
70 01111101 6

02 00110100 3
13 01000110 3
24 10111110 6
35 00001110 3
46 10011111 6
57 00010000 1
60 00010101 3
71 01011000 3

03 01100011 4
14 01010000 2
25 01011001 4
36 10001001 3
47 11110111 7
50 10010010 3
61 00110000 2
72 10110110 5

04 01110101 5
15 10110111 6
26 11011110 6
37 11100001 4
40 01110101 5
51 10110111 6
62 11011110 6
73 11100001 4

05 10010010 3
16 00110000 2
27 10110110 5
30 01100011 4
41 01010000 2
52 01011001 4
63 10001001 3
74 11110111 7

06 00010101 3
17 01011000 3
20 00110100 3
31 01000110 3
42 10111110 6
53 00001110 3
64 10011111 6
75 00010000 1

07 01111101 6
10 11011010 5
21 00010001 2
32 10101000 3
43 11101001 5
54 00011000 2
65 01111000 4
76 10010111 5

Matching output
0 absent
1 absent
2 absent
3 absent
4 absent
5 absent
6 absent
7 absent

Left
none
Best: none

Right
none
Best: none

Selecting

Lefts
Identity none
NOT none
Constant none
AND none
OR none
XOR XOR47 50 61 72: 4
AND-NOT AND-NOT73: 1
OR-NOT none
XOR-NOT none

Rights
Identity I6 5 4 3: 4
NOT none
Constant none
AND AND67: 1
OR none
XOR none
AND-NOT AND-NOT65 54: 2
OR-NOT none
XOR-NOT none

Left longest: 4
Right longest: 4

Left winner: Identity no, NOT no, Constant no, AND no, OR no, XOR yes, AND-NOT no, OR-NOT no, XOR-NOT no
Right winner: Identity yes, NOT no, Constant no, AND no, OR no, XOR no, AND-NOT no, OR-NOT no, XOR-NOT no

Best left: XOR47 50 61 72: 4
Best right: I6 5 4 3: 4

Truncated left: XOR47 50 61 72: 4
Truncated right: I6 5 4 3: 4

Tentative from right
7 I6
6 I5
5 I4
4 I3
3 pending
2 pending
1 pending
0 pending

Tentative
0 XOR47
1 XOR50
2 XOR61
3 XOR72
4 I3
5 I4
6 I5
7 I6

Preferred from left
0 XOR47
1 XOR50
2 XOR61
3 XOR72
4 I3
5 I4
6 I5
7 I6

Preferred from right
7 I6
6 I5
5 I4
4 I3
3 XOR72
2 XOR61
1 XOR50
0 XOR47

Preferred
0 XOR47
1 XOR50
2 XOR61
3 XOR72
4 I3
5 I4
6 I5
7 I6

Matching
0 XOR47
1 XOR50
2 XOR61
3 XOR72
4 I3
5 I4
6 I5
7 I6

Perfect match
Identity no
NOT no
Constant no
AND no
OR no
XOR no
AND-NOT no
OR-NOT no
XOR-NOT no

Matched
0 XOR47
1 XOR50
2 XOR61
3 XOR72
4 I3
5 I4
6 I5
7 I6

Selected
0 XOR47
1 XOR50
2 XOR61
3 XOR72
4 I3
5 I4
6 I5
7 I6

Applying to 11011111
Input
0 1
1 1
2 0
3 1
4 1
5 1
6 1
7 1
Output
0 XOR47 = XOR(1,1) = 0
1 XOR50 = XOR(1,1) = 0
2 XOR61 = XOR(1,1) = 0
3 XOR72 = XOR(1,0) = 1
4 I3 = 1
5 I4 = 1
6 I5 = 1
7 I6 = 1

I will now return the answer in \boxed{}
The answer in \boxed{–} is \boxed{00011111}
[correct]
true
