[category]
bit_manipulation
[prompt]
In Alice's Wonderland, a secret bit manipulation rule transforms 8-bit binary numbers. The transformation involves operations like bit shifts, rotations, XOR, AND, OR, NOT, and possibly majority or choice functions.

Here are some examples of input -> output:
11110110 -> 10011000
10011000 -> 00100000
10100000 -> 00000000
00001110 -> 00000000
10100001 -> 00000000
00101010 -> 10001000
11011001 -> 01100100
10111010 -> 10101000
00100000 -> 00000000
01011010 -> 00000000

Now, determine the output for: 11010101
[completion]
We need to deduce the transformation by matching the example outputs.
I will put my final answer inside \boxed{}.

Output 0: 10011000
0 1
1 0
2 0
3 1
4 1
5 0
6 0
7 0

Output 1: 00100000
0 0
1 0
2 1
3 0
4 0
5 0
6 0
7 0

Output 2: 00000000
0 0
1 0
2 0
3 0
4 0
5 0
6 0
7 0

Output 3: 00000000
0 0
1 0
2 0
3 0
4 0
5 0
6 0
7 0

Output 4: 00000000
0 0
1 0
2 0
3 0
4 0
5 0
6 0
7 0

Output 5: 10001000
0 1
1 0
2 0
3 0
4 1
5 0
6 0
7 0

Output 6: 01100100
0 0
1 1
2 1
3 0
4 0
5 1
6 0
7 0

Output 7: 10101000
0 1
1 0
2 1
3 0
4 1
5 0
6 0
7 0

Output 8: 00000000
0 0
1 0
2 0
3 0
4 0
5 0
6 0
7 0

Output 9: 00000000
0 0
1 0
2 0
3 0
4 0
5 0
6 0
7 0

Output bit columns (with bitsum as hash)
0 1000010100 3
1 0000001000 1
2 0100001100 3
3 1000000000 1
4 1000010100 3
5 0000001000 1
6 0000000000 a
7 0000000000 a

Input 0: 11110110
0 1
1 1
2 1
3 1
4 0
5 1
6 1
7 0

Input 1: 10011000
0 1
1 0
2 0
3 1
4 1
5 0
6 0
7 0

Input 2: 10100000
0 1
1 0
2 1
3 0
4 0
5 0
6 0
7 0

Input 3: 00001110
0 0
1 0
2 0
3 0
4 1
5 1
6 1
7 0

Input 4: 10100001
0 1
1 0
2 1
3 0
4 0
5 0
6 0
7 1

Input 5: 00101010
0 0
1 0
2 1
3 0
4 1
5 0
6 1
7 0

Input 6: 11011001
0 1
1 1
2 0
3 1
4 1
5 0
6 0
7 1

Input 7: 10111010
0 1
1 0
2 1
3 1
4 1
5 0
6 1
7 0

Input 8: 00100000
0 0
1 0
2 1
3 0
4 0
5 0
6 0
7 0

Input 9: 01011010
0 0
1 1
2 0
3 1
4 1
5 0
6 1
7 0

When matching output
x: not in operator
y: wrong position

Identity
0 1110101100 6
1 1000001001 3
2 1010110110 6
3 1100001101 5
4 0101011101 6
5 1001000000 2
6 1001010101 5
7 0000101000 2

Matching output
0 absent
1 absent
2 absent
3 absent
4 absent
5 absent
6 absent
7 absent

Left
none
Best: none

Right
none
Best: none

NOT
0 0001010011 4
1 0111110110 7
2 0101001001 4
3 0011110010 5
4 1010100010 4
5 0110111111 8
6 0110101010 5
7 1111010111 8

Matching output
0 absent
1 absent
2 absent
3 absent
4 absent
5 absent
6 absent
7 absent

Left
none
Best: none

Right
none
Best: none

Constant
0 0000000000 a match 6 7
1 1111111111 a

Matching output
0 absent
1 absent
2 absent
3 absent
4 absent
5 absent
6 C0
7 C0

Left
none
Best: none

Right
0 0
Best: C0 0: 2

AND
01 10 1000001000 2
12 21 1000000000 1 match 3
23 32 1000000100 2
34 43 0100001101 4
45 54 0001000000 1
56 65 1001000000 2
67 76 0000000000 a match 6 7
70 07 0000101000 2

02 20 1010100100 4
13 31 1000001001 3
24 42 0000010100 2
35 53 1000000000 1 match 3
46 64 0001010101 4
57 75 0000000000 a match 6 7
60 06 1000000100 2
71 17 0000001000 1 match 1 5

03 30 1100001100 4
14 41 0000001001 2
25 52 1000000000 1 match 3
36 63 1000000101 3
47 74 0000001000 1 match 1 5
50 05 1000000000 1 match 3
61 16 1000000001 2
72 27 0000100000 1

04 40 0100001100 3 match 2
15 51 1000000000 1 match 3
26 62 1000010100 3 match 0 4
37 73 0000001000 1 match 1 5

Matching output
0 26 62
1 71 17 47 74 37 73
2 04 40
3 12 21 35 53 25 52 50 05 15 51
4 26 62
5 71 17 47 74 37 73
6 67 76 57 75
7 67 76 57 75

Left
26 37 40 51 62 73 04y
62 73 04 15 26 37 40y
Best: AND26 37 40 51 62 73: 6

Right
67 56x
76 65x
57 46x
75 64x
Best: AND67: 1

OR
01 10 1110101101 7
12 21 1010111111 8
23 32 1110111111 9
34 43 1101011101 7
45 54 1101011101 7
56 65 1001010101 5
67 76 1001111101 7
70 07 1110101100 6

02 20 1110111110 8
13 31 1100001101 5
24 42 1111111111 a
35 53 1101001101 6
46 64 1101011101 7
57 75 1001101000 4
60 06 1111111101 9
71 17 1000101001 4

03 30 1110101101 7
14 41 1101011101 7
25 52 1011110110 7
36 63 1101011101 7
47 74 0101111101 7
50 05 1111101100 7
61 16 1001011101 6
72 27 1010111110 7

04 40 1111111101 9
15 51 1001001001 4
26 62 1011110111 8
37 73 1100101101 6

Matching output
0 absent
1 absent
2 absent
3 absent
4 absent
5 absent
6 absent
7 absent

Left
none
Best: none

Right
none
Best: none

XOR
01 10 0110100101 5
12 21 0010111111 7
23 32 0110111011 7
34 43 1001010000 3
45 54 1100011101 6
56 65 0000010101 3
67 76 1001111101 7
70 07 1110000100 4

02 20 0100011010 4
13 31 0100000100 2
24 42 1111101011 8
35 53 0101001101 5
46 64 1100001000 3
57 75 1001101000 4
60 06 0111111001 7
71 17 1000100001 3

03 30 0010100001 3
14 41 1101010100 5
25 52 0011110110 6
36 63 0101011000 4
47 74 0101110101 6
50 05 0111101100 6
61 16 0001011100 4
72 27 1010011110 6

04 40 1011110001 6
15 51 0001001001 3
26 62 0011100011 5
37 73 1100100101 5

Matching output
0 absent
1 absent
2 absent
3 absent
4 absent
5 absent
6 absent
7 absent

Left
none
Best: none

Right
none
Best: none

AND-NOT
01 0110100100 4
12 0000001001 2
23 0010110010 4
34 1000000000 1 match 3
45 0100011101 5
56 0000000000 a match 6 7
67 1001010101 5
70 0000000000 a match 6 7

02 0100001000 2
13 0000000000 a match 6 7
24 1010100010 4
35 0100001101 4
46 0100001000 2
57 1001000000 2
60 0001010001 3
71 0000100000 1

03 0010100000 2
14 1000000000 1 match 3
25 0010110110 5
36 0100001000 2
47 0101010101 5
50 0001000000 1
61 0001010100 3
72 0000001000 1 match 1 5

04 1010100000 3
15 0000001001 2
26 0010100010 3
37 1100000101 4
40 0001010001 3
51 0001000000 1
62 0001000001 2
73 0000100000 1

05 0110101100 5
16 0000001000 1 match 1 5
27 1010010110 5
30 0000000001 1
41 0101010100 4
52 0001000000 1
63 0001010000 2
74 0000100000 1

06 0110101000 4
17 1000000001 2
20 0000010010 2
31 0100000100 2
42 0101001001 4
53 0001000000 1
64 1000000000 1 match 3
75 0000101000 2

07 1110000100 4
10 0000000001 1
21 0010110110 5
32 0100001001 3
43 0001010000 2
54 1000000000 1 match 3
65 0000010101 3
76 0000101000 2

Matching output
0 absent
1 72 16
2 absent
3 34 14 64 54
4 absent
5 72 16
6 56 70 13
7 56 70 13

Left
none
Best: none

Right
56 45x
70 67x
13 02x
Best: AND-NOT56: 1

OR-NOT
01 1111111110 9
12 1101001001 5
23 1011110110 7
34 1110101111 8
45 0111111111 9
56 1111101010 7
67 1111010111 8
70 0001111011 6

02 1111101101 8
13 1011111011 8
24 1010110110 6
35 1110111111 9
46 0111111111 9
57 1111010111 8
60 1001010111 6
71 0111111110 8

03 1111111110 9
14 1010101011 6
25 1110111111 9
36 1110101111 8
47 1111011111 9
50 1001010011 5
61 1111110111 9
72 0101101001 5

04 1110101110 7
15 1110111111 9
26 1110111110 8
37 1111011111 9
40 0101011111 7
51 1111110110 8
62 1101011101 7
73 0011111010 6

05 1110111111 9
16 1110101011 7
27 1111110111 9
30 1101011111 8
41 0111111111 9
52 1101001001 5
63 1011110111 8
74 1010101010 5

06 1110101110 7
17 1111011111 9
20 1011110111 8
31 1111111111 a
42 0101011101 6
53 1011110010 6
64 1011110111 8
75 0110111111 8

07 1111111111 a
10 1001011011 6
21 1111110110 8
32 1101001101 6
43 0111111111 9
54 1011100010 5
65 1111111111 a
76 0110101010 5

Matching output
0 absent
1 absent
2 absent
3 absent
4 absent
5 absent
6 absent
7 absent

Left
none
Best: none

Right
none
Best: none

XOR-NOT
01 1001011010 5
12 1101000000 3
23 1001000100 3
34 0110101111 7
45 0011100010 4
56 1111101010 7
67 0110000010 3
70 0001111011 6

02 1011100101 6
13 1011111011 8
24 0000010100 2
35 1010110010 5
46 0011110111 7
57 0110010111 6
60 1000000110 3
71 0111011110 7

03 1101011110 7
14 0010101011 5
25 1100001001 4
36 1010100111 6
47 1010001010 4
50 1000010011 4
61 1110100011 6
72 0101100001 4

04 0100001110 4
15 1110110110 7
26 1100011100 5
37 0011011010 5
40 0100001110 4
51 1110110110 7
62 1100011100 5
73 0011011010 5

05 1000010011 4
16 1110100011 6
27 0101100001 4
30 1101011110 7
41 0010101011 5
52 1100001001 4
63 1010100111 6
74 1010001010 4

06 1000000110 3
17 0111011110 7
20 1011100101 6
31 1011111011 8
42 0000010100 2
53 1010110010 5
64 0011110111 7
75 0110010111 6

07 0001111011 6
10 1001011010 5
21 1101000000 3
32 1001000100 3
43 0110101111 7
54 0011100010 4
65 1111101010 7
76 0110000010 3

Matching output
0 absent
1 absent
2 absent
3 absent
4 absent
5 absent
6 absent
7 absent

Left
none
Best: none

Right
none
Best: none

Selecting

Lefts
Identity none
NOT none
Constant none
AND AND26 37 40 51 62 73: 6
OR none
XOR none
AND-NOT none
OR-NOT none
XOR-NOT none

Rights
Identity none
NOT none
Constant C0 0: 2
AND AND67: 1
OR none
XOR none
AND-NOT AND-NOT56: 1
OR-NOT none
XOR-NOT none

Left longest: 6
Right longest: 2

Left winner: Identity no, NOT no, Constant no, AND yes, OR no, XOR no, AND-NOT no, OR-NOT no, XOR-NOT no
Right winner: Identity no, NOT no, Constant yes, AND no, OR no, XOR no, AND-NOT no, OR-NOT no, XOR-NOT no

Best left: AND26 37 40 51 62 73: 6
Best right: C0 0: 2

Truncated left: AND26 37 40 51 62 73: 6
Truncated right: C0 0: 2

Tentative from right
7 C0
6 C0
5 pending
4 pending
3 pending
2 pending
1 pending
0 pending

Tentative
0 AND26
1 AND37
2 AND40
3 AND51
4 AND62
5 AND73
6 C0
7 C0

Preferred from left
0 AND26
1 AND37
2 AND40
3 AND51
4 AND62
5 AND73
6 C0
7 C0

Preferred from right
7 C0
6 C0
5 AND73
4 AND62
3 AND51
2 AND40
1 AND37
0 AND26

Preferred
0 AND26
1 AND37
2 AND40
3 AND51
4 AND62
5 AND73
6 C0
7 C0

Matching
0 AND26
1 AND37
2 AND40
3 AND51
4 AND62
5 AND73
6 C0
7 C0

Perfect match
Identity no
NOT no
Constant no
AND no
OR no
XOR no
AND-NOT no
OR-NOT no
XOR-NOT no

Matched
0 AND26
1 AND37
2 AND40
3 AND51
4 AND62
5 AND73
6 C0
7 C0

Selected
0 AND26
1 AND37
2 AND40
3 AND51
4 AND62
5 AND73
6 C0
7 C0

Applying to 11010101
Input
0 1
1 1
2 0
3 1
4 0
5 1
6 0
7 1
Output
0 AND26 = AND(0,0) = 0
1 AND37 = AND(1,1) = 1
2 AND40 = AND(0,1) = 0
3 AND51 = AND(1,1) = 1
4 AND62 = AND(0,0) = 0
5 AND73 = AND(1,1) = 1
6 C0 = 0
7 C0 = 0

I will now return the answer in \boxed{}
The answer in \boxed{–} is \boxed{01010100}
[correct]
true
