[category]
bit_manipulation
[prompt]
In Alice's Wonderland, a secret bit manipulation rule transforms 8-bit binary numbers. The transformation involves operations like bit shifts, rotations, XOR, AND, OR, NOT, and possibly majority or choice functions.

Here are some examples of input -> output:
10011101 -> 11101110
00100100 -> 10010010
01010011 -> 01001001
10010010 -> 00001001
10110001 -> 01111000
00111100 -> 10011110
10110111 -> 10111011
00110001 -> 00111000

Now, determine the output for: 00000011
[completion]
We need to deduce the transformation by matching the example outputs.
I will put my final answer inside \boxed{}.

Output 0: 11101110
0 1
1 1
2 1
3 0
4 1
5 1
6 1
7 0

Output 1: 10010010
0 1
1 0
2 0
3 1
4 0
5 0
6 1
7 0

Output 2: 01001001
0 0
1 1
2 0
3 0
4 1
5 0
6 0
7 1

Output 3: 00001001
0 0
1 0
2 0
3 0
4 1
5 0
6 0
7 1

Output 4: 01111000
0 0
1 1
2 1
3 1
4 1
5 0
6 0
7 0

Output 5: 10011110
0 1
1 0
2 0
3 1
4 1
5 1
6 1
7 0

Output 6: 10111011
0 1
1 0
2 1
3 1
4 1
5 0
6 1
7 1

Output 7: 00111000
0 0
1 0
2 1
3 1
4 1
5 0
6 0
7 0

Output bit columns (with bitsum as hash)
0 11000110 4
1 10101000 3
2 10001011 4
3 01001111 5
4 10111111 7
5 10000100 2
6 11000110 4
7 00110010 3

Input 0: 10011101
0 1
1 0
2 0
3 1
4 1
5 1
6 0
7 1

Input 1: 00100100
0 0
1 0
2 1
3 0
4 0
5 1
6 0
7 0

Input 2: 01010011
0 0
1 1
2 0
3 1
4 0
5 0
6 1
7 1

Input 3: 10010010
0 1
1 0
2 0
3 1
4 0
5 0
6 1
7 0

Input 4: 10110001
0 1
1 0
2 1
3 1
4 0
5 0
6 0
7 1

Input 5: 00111100
0 0
1 0
2 1
3 1
4 1
5 1
6 0
7 0

Input 6: 10110111
0 1
1 0
2 1
3 1
4 0
5 1
6 1
7 1

Input 7: 00110001
0 0
1 0
2 1
3 1
4 0
5 0
6 0
7 1

When matching output
x: not in operator
y: wrong position

Identity
0 10011010 4
1 00100000 1
2 01001111 5 match 3
3 10111111 7 match 4
4 10000100 2 match 5
5 11000110 4 match 0 6
6 00110010 3 match 7
7 10101011 5

Matching output
0 5
1 absent
2 absent
3 2
4 3
5 4
6 5
7 6

Left
5 6y
Best: I5: 1

Right
6 5 4 3 2 1x
Best: I6 5 4 3 2: 5

NOT
0 01100101 4
1 11011111 7
2 10110000 3
3 01000000 1
4 01111011 6
5 00111001 4
6 11001101 5
7 01010100 3

Matching output
0 absent
1 absent
2 absent
3 absent
4 absent
5 absent
6 absent
7 absent

Left
none
Best: none

Right
none
Best: none

Constant
0 00000000 a
1 11111111 a

Matching output
0 absent
1 absent
2 absent
3 absent
4 absent
5 absent
6 absent
7 absent

Left
none
Best: none

Right
none
Best: none

AND
01 10 00000000 a
12 21 00000000 a
23 32 00001111 4
34 43 10000100 2 match 5
45 54 10000100 2 match 5
56 65 00000010 1
67 76 00100010 2
70 07 10001010 3

02 20 00001010 2
13 31 00100000 1
24 42 00000100 1
35 53 10000110 3
46 64 00000000 a
57 75 10000010 2
60 06 00010010 2
71 17 00100000 1

03 30 10011010 4
14 41 00000000 a
25 52 01000110 3
36 63 00110010 3 match 7
47 74 10000000 1
50 05 10000010 2
61 16 00100000 1
72 27 00001011 3

04 40 10000000 1
15 51 00000000 a
26 62 00000010 1
37 73 10101011 5

Matching output
0 absent
1 absent
2 absent
3 absent
4 absent
5 34 43 45 54
6 absent
7 36 63

Left
none
Best: none

Right
36 25x
63 52x
Best: AND36: 1

OR
01 10 10111010 5
12 21 01101111 6
23 32 11111111 a
34 43 10111111 7 match 4
45 54 11000110 4 match 0 6
56 65 11110110 6
67 76 10111011 6
70 07 10111011 6

02 20 11011111 7
13 31 10111111 7 match 4
24 42 11001111 6
35 53 11111111 a
46 64 10110110 5
57 75 11101111 7
60 06 10111010 5
71 17 10101011 5

03 30 10111111 7 match 4
14 41 10100100 3
25 52 11001111 6
36 63 10111111 7 match 4
47 74 10101111 6
50 05 11011110 6
61 16 00110010 3 match 7
72 27 11101111 7

04 40 10011110 5
15 51 11100110 5
26 62 01111111 7
37 73 10111111 7 match 4

Matching output
0 45 54
1 absent
2 absent
3 absent
4 34 43 13 31 03 30 36 63 37 73
5 absent
6 45 54
7 61 16

Left
45 56x
54 65x
Best: OR45: 1

Right
61 50x
16 05x
Best: OR61: 1

XOR
01 10 10111010 5
12 21 01101111 6
23 32 11110000 4
34 43 00111011 5
45 54 01000010 2
56 65 11110100 5
67 76 10011001 4
70 07 00110001 3

02 20 11010101 5
13 31 10011111 6
24 42 11001011 5
35 53 01111001 5
46 64 10110110 5
57 75 01101101 5
60 06 10101000 3 match 1
71 17 10001011 4 match 2

03 30 00100101 3
14 41 10100100 3
25 52 10001001 3
36 63 10001101 4
47 74 00101111 5
50 05 01011100 4
61 16 00010010 2
72 27 11100100 4

04 40 00011110 4
15 51 11100110 5
26 62 01111101 6
37 73 00010100 2

Matching output
0 absent
1 60 06
2 71 17
3 absent
4 absent
5 absent
6 absent
7 absent

Left
none
Best: none

Right
none
Best: none

AND-NOT
01 10011010 4
12 00100000 1
23 01000000 1
34 00111011 5
45 00000000 a
56 11000100 3
67 00010000 1
70 00100001 2

02 10010000 2
13 00000000 a
24 01001011 4
35 00111001 4
46 10000100 2 match 5
57 01000100 2
60 00100000 1
71 10001011 4 match 2

03 00000000 a
14 00100000 1
25 00001001 2
36 10001101 4
47 00000100 1
50 01000100 2
61 00010010 2
72 10100000 2

04 00011010 3
15 00100000 1
26 01001101 4
37 00010100 2
40 00000100 1
51 11000110 4 match 0 6
62 00110000 2
73 00000000 a

05 00011000 2
16 00000000 a
27 01000100 2
30 00100101 3
41 10000100 2 match 5
52 10000000 1
63 00000000 a
74 00101011 4

06 10001000 2
17 00000000 a
20 01000101 3
31 10011111 6
42 10000000 1
53 01000000 1
64 00110010 3 match 7
75 00101001 3

07 00010000 1
10 00100000 1
21 01001111 5 match 3
32 10110000 3
43 00000000 a
54 01000010 2
65 00110000 2
76 10001001 3

Matching output
0 51
1 absent
2 71
3 21
4 absent
5 46 41
6 51
7 64

Left
51 62x
Best: AND-NOT51: 1

Right
64 53x
Best: AND-NOT64: 1

OR-NOT
01 11011111 7
12 10110000 3
23 01001111 5 match 3
34 11111111 a
45 10111101 6
56 11001111 6
67 01110110 5
70 11101111 7

02 10111010 5
13 01100000 2
24 01111111 7
35 10111111 7 match 4
46 11001101 5
57 11010110 5
60 01110111 6
71 11111111 a

03 11011010 5
14 01111011 6
25 01111111 7
36 11111111 a
47 11010100 4
50 11100111 6
61 11111111 a
72 10111011 6

04 11111011 7
15 00111001 4
26 11001111 6
37 11111111 a
40 11100101 5
51 11011111 7
62 10110010 4
73 11101011 6

05 10111011 6
16 11101101 6
27 01011111 6
30 11111111 a
41 11011111 7
52 11110110 6
63 01110010 4
74 11111011 7

06 11011111 7
17 01110100 4
20 01101111 6
31 11111111 a
42 10110100 4
53 11000110 4 match 0 6
64 01111011 6
75 10111011 6

07 11011110 6
10 01100101 4
21 11011111 7
32 10111111 7 match 4
43 11000100 3
54 11111111 a
65 00111011 5
76 11101111 7

Matching output
0 53
1 absent
2 absent
3 23
4 35 32
5 absent
6 53
7 absent

Left
53 64x
Best: OR-NOT53: 1

Right
none
Best: none

XOR-NOT
01 01000101 3
12 10010000 2
23 00001111 4
34 11000100 3
45 10111101 6
56 00001011 3
67 01100110 4
70 11001110 5

02 00101010 3
13 01100000 2
24 00110100 3
35 10000110 3
46 01001001 3
57 10010010 3
60 01010111 5
71 01110100 4

03 11011010 5
14 01011011 5
25 01110110 5
36 01110010 4
47 11010000 3
50 10100011 4
61 11101101 6
72 00011011 4

04 11100001 4
15 00011001 3
26 10000010 2
37 11101011 6
40 11100001 4
51 00011001 3
62 10000010 2
73 11101011 6

05 10100011 4
16 11101101 6
27 00011011 4
30 11011010 5
41 01011011 5
52 01110110 5
63 01110010 4
74 11010000 3

06 01010111 5
17 01110100 4
20 00101010 3
31 01100000 2
42 00110100 3
53 10000110 3
64 01001001 3
75 10010010 3

07 11001110 5
10 01000101 3
21 10010000 2
32 00001111 4
43 11000100 3
54 10111101 6
65 00001011 3
76 01100110 4

Matching output
0 absent
1 absent
2 absent
3 absent
4 absent
5 absent
6 absent
7 absent

Left
none
Best: none

Right
none
Best: none

Selecting

Lefts
Identity I5: 1
NOT none
Constant none
AND none
OR OR45: 1
XOR none
AND-NOT AND-NOT51: 1
OR-NOT OR-NOT53: 1
XOR-NOT none

Rights
Identity I6 5 4 3 2: 5
NOT none
Constant none
AND AND36: 1
OR OR61: 1
XOR none
AND-NOT AND-NOT64: 1
OR-NOT none
XOR-NOT none

Left longest: 1
Right longest: 5

Right winner: Identity yes, NOT no, Constant no, AND no, OR no, XOR no, AND-NOT no, OR-NOT no, XOR-NOT no
Left winner: Identity yes, NOT no, Constant no, AND no, OR no, XOR no, AND-NOT no, OR-NOT no, XOR-NOT no

Best right: I6 5 4 3 2: 5
Best left: I5: 1

Truncated right: I6 5 4 3 2: 5
Truncated left: I5: 1

Tentative from right
7 I6
6 I5
5 I4
4 I3
3 I2
2 pending
1 pending
0 pending

Tentative
0 I5
1 pending
2 pending
3 I2
4 I3
5 I4
6 I5
7 I6

Preferred from right
7 I6
6 I5
5 I4
4 I3
3 I2
2 ??1
1 ??0
0 I5

Preferred from left
0 I5
1 ?60
2 ?71
3 I2
4 I3
5 I4
6 I5
7 I6

Preferred
0 I5
1 ?60 ?06
2 ?71 ?17
3 I2
4 I3
5 I4
6 I5
7 I6

Matching
0 I5
1 ?60 ?06 - Identity absent, NOT absent, Constant absent, AND absent, OR absent, XOR60, AND-NOT absent, OR-NOT absent, XOR-NOT absent
2 ?71 ?17 - Identity absent, NOT absent, Constant absent, AND absent, OR absent, XOR71, AND-NOT71, OR-NOT absent, XOR-NOT absent
3 I2
4 I3
5 I4
6 I5
7 I6

Perfect match
Identity no
NOT no
Constant no
AND no
OR no
XOR yes
AND-NOT no
OR-NOT no
XOR-NOT no

Matched
0 I5
1 XOR60
2 XOR71
3 I2
4 I3
5 I4
6 I5
7 I6

Selected
0 I5
1 XOR60
2 XOR71
3 I2
4 I3
5 I4
6 I5
7 I6

Applying to 00000011
Input
0 0
1 0
2 0
3 0
4 0
5 0
6 1
7 1
Output
0 I5 = 0
1 XOR60 = XOR(1,0) = 1
2 XOR71 = XOR(1,0) = 1
3 I2 = 0
4 I3 = 0
5 I4 = 0
6 I5 = 0
7 I6 = 1

I will now return the answer in \boxed{}
The answer in \boxed{–} is \boxed{01100001}
[correct]
true
