[category]
bit_manipulation
[prompt]
In Alice's Wonderland, a secret bit manipulation rule transforms 8-bit binary numbers. The transformation involves operations like bit shifts, rotations, XOR, AND, OR, NOT, and possibly majority or choice functions.

Here are some examples of input -> output:
00111111 -> 11001100
00110010 -> 10111011
00010000 -> 10111011
10100111 -> 10001011
11100000 -> 01000111
10000001 -> 10011011
00011111 -> 01000100
10110101 -> 01000111
11101011 -> 10101001

Now, determine the output for: 00101110
[completion]
We need to deduce the transformation by matching the example outputs.
I will put my final answer inside \boxed{}.

Output 0: 11001100
0 1
1 1
2 0
3 0
4 1
5 1
6 0
7 0

Output 1: 10111011
0 1
1 0
2 1
3 1
4 1
5 0
6 1
7 1

Output 2: 10111011
0 1
1 0
2 1
3 1
4 1
5 0
6 1
7 1

Output 3: 10001011
0 1
1 0
2 0
3 0
4 1
5 0
6 1
7 1

Output 4: 01000111
0 0
1 1
2 0
3 0
4 0
5 1
6 1
7 1

Output 5: 10011011
0 1
1 0
2 0
3 1
4 1
5 0
6 1
7 1

Output 6: 01000100
0 0
1 1
2 0
3 0
4 0
5 1
6 0
7 0

Output 7: 01000111
0 0
1 1
2 0
3 0
4 0
5 1
6 1
7 1

Output 8: 10101001
0 1
1 0
2 1
3 0
4 1
5 0
6 0
7 1

Output bit columns (with bitsum as hash)
0 111101001 6
1 100010110 4
2 011000001 3
3 011001000 3
4 111101001 6
5 100010110 4
6 011111010 6
7 011111011 7

Input 0: 00111111
0 0
1 0
2 1
3 1
4 1
5 1
6 1
7 1

Input 1: 00110010
0 0
1 0
2 1
3 1
4 0
5 0
6 1
7 0

Input 2: 00010000
0 0
1 0
2 0
3 1
4 0
5 0
6 0
7 0

Input 3: 10100111
0 1
1 0
2 1
3 0
4 0
5 1
6 1
7 1

Input 4: 11100000
0 1
1 1
2 1
3 0
4 0
5 0
6 0
7 0

Input 5: 10000001
0 1
1 0
2 0
3 0
4 0
5 0
6 0
7 1

Input 6: 00011111
0 0
1 0
2 0
3 1
4 1
5 1
6 1
7 1

Input 7: 10110101
0 1
1 0
2 1
3 1
4 0
5 1
6 0
7 1

Input 8: 11101011
0 1
1 1
2 1
3 0
4 1
5 0
6 1
7 1

When matching output
x: not in operator
y: wrong position

Identity
0 000111011 5
1 000010001 2
2 110110011 6
3 111000110 5
4 100000101 3
5 100100110 4
6 110100101 5
7 100101111 6

Matching output
0 absent
1 absent
2 absent
3 absent
4 absent
5 absent
6 absent
7 absent

Left
none
Best: none

Right
none
Best: none

NOT
0 111000100 4
1 111101110 7
2 001001100 3
3 000111001 4
4 011111010 6 match 6
5 011011001 5
6 001011010 4
7 011010000 3

Matching output
0 absent
1 absent
2 absent
3 absent
4 absent
5 absent
6 4
7 absent

Left
none
Best: none

Right
none
Best: none

Constant
0 000000000 a
1 111111111 a

Matching output
0 absent
1 absent
2 absent
3 absent
4 absent
5 absent
6 absent
7 absent

Left
none
Best: none

Right
none
Best: none

AND
01 10 000010001 2
12 21 000010001 2
23 32 110000010 3
34 43 100000100 2
45 54 100000100 2
56 65 100100100 3
67 76 100100101 4
70 07 000101011 4

02 20 000110011 4
13 31 000000000 a
24 42 100000001 2
35 53 100000110 3
46 64 100000101 3
57 75 100100110 4
60 06 000100001 2
71 17 000000001 1

03 30 000000010 1
14 41 000000001 1
25 52 100100010 3
36 63 110000100 3
47 74 100000101 3
50 05 000100010 2
61 16 000000001 1
72 27 100100011 4

04 40 000000001 1
15 51 000000000 a
26 62 110100001 4
37 73 100000110 3

Matching output
0 absent
1 absent
2 absent
3 absent
4 absent
5 absent
6 absent
7 absent

Left
none
Best: none

Right
none
Best: none

OR
01 10 000111011 5
12 21 110110011 6
23 32 111110111 8
34 43 111000111 6
45 54 100100111 5
56 65 110100111 6
67 76 110101111 7
70 07 100111111 7

02 20 110111011 7
13 31 111010111 7
24 42 110110111 7
35 53 111100110 6
46 64 110100101 5
57 75 100101111 6
60 06 110111111 8
71 17 100111111 7

03 30 111111111 a
14 41 100010101 4
25 52 110110111 7
36 63 111100111 7
47 74 100101111 6
50 05 100111111 7
61 16 110110101 6
72 27 110111111 8

04 40 100111111 7
15 51 100110111 6
26 62 110110111 7
37 73 111101111 8

Matching output
0 absent
1 absent
2 absent
3 absent
4 absent
5 absent
6 absent
7 absent

Left
none
Best: none

Right
none
Best: none

XOR
01 10 000101010 3
12 21 110100010 4
23 32 001110101 5
34 43 011000011 4
45 54 000100011 3
56 65 010000011 3
67 76 010001010 3
70 07 100010100 3

02 20 110001000 3
13 31 111010111 7
24 42 010110110 5
35 53 011100000 3
46 64 010100000 2
57 75 000001001 2
60 06 110011110 6
71 17 100111110 6

03 30 111111101 8
14 41 100010100 3
25 52 010010101 4
36 63 001100011 4
47 74 000101010 3
50 05 100011101 5
61 16 110110100 5
72 27 010011100 4

04 40 100111110 6
15 51 100110111 6
26 62 000010110 3
37 73 011101001 5

Matching output
0 absent
1 absent
2 absent
3 absent
4 absent
5 absent
6 absent
7 absent

Left
none
Best: none

Right
none
Best: none

AND-NOT
01 000101010 3
12 000000000 a
23 000110001 3
34 011000010 3
45 000000001 1
56 000000010 1
67 010000000 1
70 100000100 2

02 000001000 1
13 000010001 2
24 010110010 4
35 011000000 2
46 000000000 a
57 000000000 a
60 110000100 3
71 100101110 5

03 000111001 4
14 000010000 1
25 010010001 3
36 001000010 2
47 000000000 a
50 100000100 2
61 110100100 4
72 000001100 2

04 000111010 4
15 000010001 2
26 000010010 2
37 011000000 2
40 100000100 2
51 100100110 4
62 000000100 1
73 000101001 3

05 000011001 3
16 000010000 1
27 010010000 2
30 111000100 4
41 100000100 2
52 000000100 1
63 000100001 2
74 000101010 3

06 000011010 3
17 000010000 1
20 110000000 2
31 111000110 5
42 000000100 1
53 000100000 1
64 010100000 2
75 000001001 2

07 000010000 1
10 000000000 a
21 110100010 4
32 001000100 2
43 000000001 1
54 000100010 2
65 010000001 2
76 000001010 2

Matching output
0 absent
1 absent
2 absent
3 absent
4 absent
5 absent
6 absent
7 absent

Left
none
Best: none

Right
none
Best: none

OR-NOT
01 111111111 a
12 001011101 5
23 110111011 7
34 111111110 8
45 111011101 7
56 101111110 7
67 111110101 7
70 111101111 8

02 001111111 7
13 000111001 4
24 111111011 8
35 111011111 8
46 101011111 7
57 111110110 7
60 111100101 6
71 111101111 8

03 000111011 5
14 011111011 7 match 7
25 111111011 8
36 111011110 7
47 111010101 6
50 111100110 6
61 111101111 8
72 101101111 7

04 011111011 7 match 7
15 011011001 5
26 111111011 8
37 111010110 6
40 111000101 5
51 111101110 7
62 111101101 7
73 100111111 7

05 011111011 7 match 7
16 001011011 5
27 111110011 7
30 111000110 5
41 111101111 8
52 101101110 6
63 110111101 7
74 111111111 a

06 001111011 6
17 011010001 4
20 111110111 8
31 111101110 7
42 101001101 5
53 100111111 7
64 111111111 a
75 111111111 a

07 011111011 7 match 7
10 111010101 6
21 111111111 a
32 111001110 6
43 100111101 6
54 111111110 8
65 111111101 8
76 101111111 8

Matching output
0 absent
1 absent
2 absent
3 absent
4 absent
5 absent
6 absent
7 14 04 05 07

Left
none
Best: none

Right
14 03x
04 73x
05 74x
07 76x
Best: OR-NOT14: 1

XOR-NOT
01 111010101 6
12 001011101 5
23 110001010 4
34 100111100 5
45 111011100 6
56 101111100 6
67 101110101 6
70 011101011 6

02 001110111 6
13 000101000 2
24 101001001 4
35 100011111 6
46 101011111 7
57 111110110 7
60 001100001 3
71 011000001 3 match 2

03 000000010 1
14 011101011 6
25 101101010 5
36 110011100 5
47 111010101 6
50 011100010 4
61 001001011 4
72 101100011 5

04 011000001 3 match 2
15 011001000 3 match 3
26 111101001 6 match 0 4
37 100010110 4 match 1 5
40 011000001 3 match 2
51 011001000 3 match 3
62 111101001 6 match 0 4
73 100010110 4 match 1 5

05 011100010 4
16 001001011 4
27 101100011 5
30 000000010 1
41 011101011 6
52 101101010 5
63 110011100 5
74 111010101 6

06 001100001 3
17 011000001 3 match 2
20 001110111 6
31 000101000 2
42 101001001 4
53 100011111 6
64 101011111 7
75 111110110 7

07 011101011 6
10 111010101 6
21 001011101 5
32 110001010 4
43 100111100 5
54 111011100 6
65 101111100 6
76 101110101 6

Matching output
0 26 62
1 37 73
2 71 04 40 17
3 15 51
4 26 62
5 37 73
6 absent
7 absent

Left
26 37 40 51 62 73 04y
62 73 04 15 26 37 40y
Best: XOR-NOT26 37 40 51 62 73: 6

Right
none
Best: none

Selecting

Lefts
Identity none
NOT none
Constant none
AND none
OR none
XOR none
AND-NOT none
OR-NOT none
XOR-NOT XOR-NOT26 37 40 51 62 73: 6

Rights
Identity none
NOT none
Constant none
AND none
OR none
XOR none
AND-NOT none
OR-NOT OR-NOT14: 1
XOR-NOT none

Left longest: 6
Right longest: 1

Left winner: Identity no, NOT no, Constant no, AND no, OR no, XOR no, AND-NOT no, OR-NOT no, XOR-NOT yes
Right winner: Identity no, NOT no, Constant no, AND no, OR no, XOR no, AND-NOT no, OR-NOT yes, XOR-NOT no

Best left: XOR-NOT26 37 40 51 62 73: 6
Best right: OR-NOT14: 1

Truncated left: XOR-NOT26 37 40 51 62 73: 6
Truncated right: OR-NOT14: 1

Tentative from right
7 OR-NOT14
6 pending
5 pending
4 pending
3 pending
2 pending
1 pending
0 pending

Tentative
0 XOR-NOT26
1 XOR-NOT37
2 XOR-NOT40
3 XOR-NOT51
4 XOR-NOT62
5 XOR-NOT73
6 pending
7 OR-NOT14

Preferred from left
0 XOR-NOT26
1 XOR-NOT37
2 XOR-NOT40
3 XOR-NOT51
4 XOR-NOT62
5 XOR-NOT73
6 ?04
7 OR-NOT14

Preferred from right
7 OR-NOT14
6 ?04
5 XOR-NOT73
4 XOR-NOT62
3 XOR-NOT51
2 XOR-NOT40
1 XOR-NOT37
0 XOR-NOT26

Preferred
0 XOR-NOT26
1 XOR-NOT37
2 XOR-NOT40
3 XOR-NOT51
4 XOR-NOT62
5 XOR-NOT73
6 ?04 ?40
7 OR-NOT14

Matching
0 XOR-NOT26
1 XOR-NOT37
2 XOR-NOT40
3 XOR-NOT51
4 XOR-NOT62
5 XOR-NOT73
6 ?04 ?40 - Identity absent, NOT NOT4, Constant absent, AND absent, OR absent, XOR absent, AND-NOT absent, OR-NOT absent, XOR-NOT absent
7 OR-NOT14

Perfect match
Identity no
NOT yes
Constant no
AND no
OR no
XOR no
AND-NOT no
OR-NOT no
XOR-NOT no

Matched
0 XOR-NOT26
1 XOR-NOT37
2 XOR-NOT40
3 XOR-NOT51
4 XOR-NOT62
5 XOR-NOT73
6 NOT4
7 OR-NOT14

Selected
0 XOR-NOT26
1 XOR-NOT37
2 XOR-NOT40
3 XOR-NOT51
4 XOR-NOT62
5 XOR-NOT73
6 NOT4
7 OR-NOT14

Applying to 00101110
Input
0 0
1 0
2 1
3 0
4 1
5 1
6 1
7 0
Output
0 XOR-NOT26 = XOR(1,NOT(1)) = 1
1 XOR-NOT37 = XOR(0,NOT(0)) = 1
2 XOR-NOT40 = XOR(1,NOT(0)) = 0
3 XOR-NOT51 = XOR(1,NOT(0)) = 0
4 XOR-NOT62 = XOR(1,NOT(1)) = 1
5 XOR-NOT73 = XOR(0,NOT(0)) = 1
6 NOT4 = NOT(1) = 0
7 OR-NOT14 = OR(0,NOT(1)) = 0

I will now return the answer in \boxed{}
The answer in \boxed{–} is \boxed{11001100}
[correct]
true
