[category]
bit_manipulation
[prompt]
In Alice's Wonderland, a secret bit manipulation rule transforms 8-bit binary numbers. The transformation involves operations like bit shifts, rotations, XOR, AND, OR, NOT, and possibly majority or choice functions.

Here are some examples of input -> output:
00000110 -> 00001100
00011000 -> 00110000
01000110 -> 10001101
11111111 -> 11111101
01101010 -> 11010101
11110000 -> 11100011
11000000 -> 10000011
11101001 -> 11010001
10101000 -> 01010010
00100000 -> 01000000

Now, determine the output for: 00000011
[completion]
We need to deduce the transformation by matching the example outputs.
I will put my final answer inside \boxed{}.

Output 0: 00001100
0 0
1 0
2 0
3 0
4 1
5 1
6 0
7 0

Output 1: 00110000
0 0
1 0
2 1
3 1
4 0
5 0
6 0
7 0

Output 2: 10001101
0 1
1 0
2 0
3 0
4 1
5 1
6 0
7 1

Output 3: 11111101
0 1
1 1
2 1
3 1
4 1
5 1
6 0
7 1

Output 4: 11010101
0 1
1 1
2 0
3 1
4 0
5 1
6 0
7 1

Output 5: 11100011
0 1
1 1
2 1
3 0
4 0
5 0
6 1
7 1

Output 6: 10000011
0 1
1 0
2 0
3 0
4 0
5 0
6 1
7 1

Output 7: 11010001
0 1
1 1
2 0
3 1
4 0
5 0
6 0
7 1

Output 8: 01010010
0 0
1 1
2 0
3 1
4 0
5 0
6 1
7 0

Output 9: 01000000
0 0
1 1
2 0
3 0
4 0
5 0
6 0
7 0

Output bit columns (with bitsum as hash)
0 0011111100 6
1 0001110111 6
2 0101010000 3
3 0101100110 5
4 1011000000 3
5 1011100000 4
6 0000011010 3
7 0011111100 6

Input 0: 00000110
0 0
1 0
2 0
3 0
4 0
5 1
6 1
7 0

Input 1: 00011000
0 0
1 0
2 0
3 1
4 1
5 0
6 0
7 0

Input 2: 01000110
0 0
1 1
2 0
3 0
4 0
5 1
6 1
7 0

Input 3: 11111111
0 1
1 1
2 1
3 1
4 1
5 1
6 1
7 1

Input 4: 01101010
0 0
1 1
2 1
3 0
4 1
5 0
6 1
7 0

Input 5: 11110000
0 1
1 1
2 1
3 1
4 0
5 0
6 0
7 0

Input 6: 11000000
0 1
1 1
2 0
3 0
4 0
5 0
6 0
7 0

Input 7: 11101001
0 1
1 1
2 1
3 0
4 1
5 0
6 0
7 1

Input 8: 10101000
0 1
1 0
2 1
3 0
4 1
5 0
6 0
7 0

Input 9: 00100000
0 0
1 0
2 1
3 0
4 0
5 0
6 0
7 0

When matching output
x: not in operator
y: wrong position

Identity
0 0001011110 5
1 0011111100 6 match 0 7
2 0001110111 6 match 1
3 0101010000 3 match 2
4 0101100110 5 match 3
5 1011000000 3 match 4
6 1011100000 4 match 5
7 0001000100 2

Matching output
0 1
1 2
2 3
3 4
4 5
5 6
6 absent
7 1

Left
1 2 3 4 5 6 7x
Best: I1 2 3 4 5 6: 6

Right
1 0x
Best: I1: 1

NOT
0 1110100001 5
1 1100000011 4
2 1110001000 4
3 1010101111 7
4 1010011001 5
5 0100111111 7
6 0100011111 6
7 1110111011 8

Matching output
0 absent
1 absent
2 absent
3 absent
4 absent
5 absent
6 absent
7 absent

Left
none
Best: none

Right
none
Best: none

Constant
0 0000000000 a
1 1111111111 a

Matching output
0 absent
1 absent
2 absent
3 absent
4 absent
5 absent
6 absent
7 absent

Left
none
Best: none

Right
none
Best: none

AND
01 10 0001011100 4
12 21 0001110100 4
23 32 0001010000 2
34 43 0101000000 2
45 54 0001000000 1
56 65 1011000000 3 match 4
67 76 0001000000 1
70 07 0001000100 2

02 20 0001010110 4
13 31 0001010000 2
24 42 0001100110 4
35 53 0001000000 1
46 64 0001100000 2
57 75 0001000000 1
60 06 0001000000 1
71 17 0001000100 2

03 30 0001010000 2
14 41 0001100100 3
25 52 0001000000 1
36 63 0001000000 1
47 74 0001000100 2
50 05 0001000000 1
61 16 0011100000 3
72 27 0001000100 2

04 40 0001000110 3
15 51 0011000000 2
26 62 0001100000 2
37 73 0001000000 1

Matching output
0 absent
1 absent
2 absent
3 absent
4 56 65
5 absent
6 absent
7 absent

Left
none
Best: none

Right
none
Best: none

OR
01 10 0011111110 7
12 21 0011111111 8
23 32 0101110111 7
34 43 0101110110 6
45 54 1111100110 7
56 65 1011100000 4 match 5
67 76 1011100100 5
70 07 0001011110 5

02 20 0001111111 7
13 31 0111111100 7
24 42 0101110111 7
35 53 1111010000 5
46 64 1111100110 7
57 75 1011000100 4
60 06 1011111110 8
71 17 0011111100 6 match 0 7

03 30 0101011110 6
14 41 0111111110 8
25 52 1011110111 8
36 63 1111110000 6
47 74 0101100110 5 match 3
50 05 1011011110 7
61 16 1011111100 7
72 27 0001110111 6 match 1

04 40 0101111110 7
15 51 1011111100 7
26 62 1011110111 8
37 73 0101010100 4

Matching output
0 71 17
1 72 27
2 absent
3 47 74
4 absent
5 56 65
6 absent
7 71 17

Left
71 02x
17 20x
Best: OR71: 1

Right
71 60x
17 06x
Best: OR71: 1

XOR
01 10 0010100010 3
12 21 0010001011 4
23 32 0100100111 5
34 43 0000110110 4
45 54 1110100110 6
56 65 0000100000 1
67 76 1010100100 4
70 07 0000011010 3 match 6

02 20 0000101001 3
13 31 0110101100 5
24 42 0100010001 3
35 53 1110010000 4
46 64 1110000110 5
57 75 1010000100 3
60 06 1010111110 7
71 17 0010111000 4

03 30 0100001110 4
14 41 0110011010 5
25 52 1010110111 7
36 63 1110110000 5
47 74 0100100010 3
50 05 1010011110 6
61 16 1000011100 4
72 27 0000110011 4

04 40 0100111000 4
15 51 1000111100 5
26 62 1010010111 6
37 73 0100010100 3

Matching output
0 absent
1 absent
2 absent
3 absent
4 absent
5 absent
6 70 07
7 absent

Left
none
Best: none

Right
none
Best: none

AND-NOT
01 0000000010 1
12 0010001000 2
23 0000100111 4
34 0000010000 1
45 0100100110 4
56 0000000000 a
67 1010100000 3
70 0000000000 a

02 0000001000 1
13 0010101100 4
24 0000010001 2
35 0100010000 2
46 0100000110 3
57 1010000000 2
60 1010100000 3
71 0000000000 a

03 0000001110 3
14 0010011000 3
25 0000110111 5
36 0100010000 2
47 0100100010 3
50 1010000000 2
61 1000000000 1
72 0000000000 a

04 0000011000 2
15 0000111100 4
26 0000010111 4
37 0100010000 2
40 0100100000 2
51 1000000000 1
62 1010000000 2
73 0000000100 1

05 0000011110 4
16 0000011100 3
27 0000110011 4
30 0100000000 1
41 0100000010 2
52 1010000000 2
63 1010100000 3
74 0000000000 a

06 0000011110 4
17 0010111000 4
20 0000100001 2
31 0100000000 1
42 0100000000 1
53 1010000000 2
64 1010000000 2
75 0000000100 1

07 0000011010 3 match 6
10 0010100000 2
21 0000000011 2
32 0100000000 1
43 0000100110 3
54 1010000000 2
65 0000100000 1
76 0000000100 1

Matching output
0 absent
1 absent
2 absent
3 absent
4 absent
5 absent
6 07
7 absent

Left
none
Best: none

Right
none
Best: none

OR-NOT
01 1101011111 8
12 1111111100 8
23 1011111111 9
34 1111011001 7
45 0101111111 8
56 1111011111 9
67 1111111011 9
70 1111100101 7

02 1111011110 8
13 1011111111 9
24 1011111111 9
35 0101111111 8
46 0101111111 8
57 1111111011 9
60 1111100001 6
71 1101000111 6

03 1011111111 9
14 1011111101 8
25 0101111111 8
36 0101011111 7
47 1111111111 a
50 1111100001 6
61 1111100011 7
72 1111001100 6

04 1011011111 8
15 0111111111 9
26 0101111111 8
37 1111111011 9
40 1111100111 8
51 1111000011 6
62 1111101000 6
73 1011101111 8

05 0101111111 8
16 0111111111 9
27 1111111111 a
30 1111110001 7
41 1101100111 7
52 1111001000 5
63 1011101111 8
74 1011011101 7

06 0101011111 7
17 1111111111 a
20 1111110111 9
31 1101010011 6
42 1111101110 8
53 1011101111 8
64 1011111001 7
75 0101111111 8

07 1111111111 a
10 1111111101 9
21 1101110111 8
32 1111011000 6
43 1111101111 9
54 1011011001 6
65 1111111111 a
76 0101011111 7

Matching output
0 absent
1 absent
2 absent
3 absent
4 absent
5 absent
6 absent
7 absent

Left
none
Best: none

Right
none
Best: none

XOR-NOT
01 1101011101 7
12 1101110100 6
23 1011011000 5
34 1111001001 6
45 0001011001 4
56 1111011111 9
67 0101011011 6
70 1111100101 7

02 1111010110 7
13 1001010011 5
24 1011101110 7
35 0001101111 6
46 0001111001 5
57 0101111011 7
60 0101000001 3
71 1101000111 6

03 1011110001 6
14 1001100101 5
25 0101001000 3
36 0001001111 5
47 1011011101 7
50 0101100001 4
61 0111100011 6
72 1111001100 6

04 1011000111 6
15 0111000011 5
26 0101101000 4
37 1011101011 7
40 1011000111 6
51 0111000011 5
62 0101101000 4
73 1011101011 7

05 0101100001 4
16 0111100011 6
27 1111001100 6
30 1011110001 6
41 1001100101 5
52 0101001000 3
63 0001001111 5
74 1011011101 7

06 0101000001 3
17 1101000111 6
20 1111010110 7
31 1001010011 5
42 1011101110 7
53 0001101111 6
64 0001111001 5
75 0101111011 7

07 1111100101 7
10 1101011101 7
21 1101110100 6
32 1011011000 5
43 1111001001 6
54 0001011001 4
65 1111011111 9
76 0101011011 6

Matching output
0 absent
1 absent
2 absent
3 absent
4 absent
5 absent
6 absent
7 absent

Left
none
Best: none

Right
none
Best: none

Selecting

Lefts
Identity I1 2 3 4 5 6: 6
NOT none
Constant none
AND none
OR OR71: 1
XOR none
AND-NOT none
OR-NOT none
XOR-NOT none

Rights
Identity I1: 1
NOT none
Constant none
AND none
OR OR71: 1
XOR none
AND-NOT none
OR-NOT none
XOR-NOT none

Left longest: 6
Right longest: 1

Left winner: Identity yes, NOT no, Constant no, AND no, OR no, XOR no, AND-NOT no, OR-NOT no, XOR-NOT no
Right winner: Identity yes, NOT no, Constant no, AND no, OR no, XOR no, AND-NOT no, OR-NOT no, XOR-NOT no

Best left: I1 2 3 4 5 6: 6
Best right: I1: 1

Truncated left: I1 2 3 4 5 6: 6
Truncated right: I1: 1

Tentative from right
7 I1
6 pending
5 pending
4 pending
3 pending
2 pending
1 pending
0 pending

Tentative
0 I1
1 I2
2 I3
3 I4
4 I5
5 I6
6 pending
7 I1

Preferred from left
0 I1
1 I2
2 I3
3 I4
4 I5
5 I6
6 ?7?
7 I1

Preferred from right
7 I1
6 ?70
5 I6
4 I5
3 I4
2 I3
1 I2
0 I1

Preferred
0 I1
1 I2
2 I3
3 I4
4 I5
5 I6
6 ?70 ?07
7 I1

Matching
0 I1
1 I2
2 I3
3 I4
4 I5
5 I6
6 ?70 ?07 - Identity absent, NOT absent, Constant absent, AND absent, OR absent, XOR70, AND-NOT07, OR-NOT absent, XOR-NOT absent
7 I1

Perfect match
Identity no
NOT no
Constant no
AND no
OR no
XOR yes
AND-NOT no
OR-NOT no
XOR-NOT no

Matched
0 I1
1 I2
2 I3
3 I4
4 I5
5 I6
6 XOR70
7 I1

Selected
0 I1
1 I2
2 I3
3 I4
4 I5
5 I6
6 XOR70
7 I1

Applying to 00000011
Input
0 0
1 0
2 0
3 0
4 0
5 0
6 1
7 1
Output
0 I1 = 0
1 I2 = 0
2 I3 = 0
3 I4 = 0
4 I5 = 0
5 I6 = 1
6 XOR70 = XOR(1,0) = 1
7 I1 = 0

I will now return the answer in \boxed{}
The answer in \boxed{–} is \boxed{00000110}
[correct]
true
