[category]
bit_manipulation
[prompt]
In Alice's Wonderland, a secret bit manipulation rule transforms 8-bit binary numbers. The transformation involves operations like bit shifts, rotations, XOR, AND, OR, NOT, and possibly majority or choice functions.

Here are some examples of input -> output:
11001101 -> 10010110
10001011 -> 00011110
11111110 -> 11110011
10000101 -> 00000010
11001110 -> 10010000
10001001 -> 00011010
10001010 -> 00011100
11111001 -> 11111101

Now, determine the output for: 01110010
[completion]
We need to deduce the transformation by matching the example outputs.
I will put my final answer inside \boxed{}.

Output 0: 10010110
0 1
1 0
2 0
3 1
4 0
5 1
6 1
7 0

Output 1: 00011110
0 0
1 0
2 0
3 1
4 1
5 1
6 1
7 0

Output 2: 11110011
0 1
1 1
2 1
3 1
4 0
5 0
6 1
7 1

Output 3: 00000010
0 0
1 0
2 0
3 0
4 0
5 0
6 1
7 0

Output 4: 10010000
0 1
1 0
2 0
3 1
4 0
5 0
6 0
7 0

Output 5: 00011010
0 0
1 0
2 0
3 1
4 1
5 0
6 1
7 0

Output 6: 00011100
0 0
1 0
2 0
3 1
4 1
5 1
6 0
7 0

Output 7: 11111101
0 1
1 1
2 1
3 1
4 1
5 1
6 0
7 1

Output bit columns (with bitsum as hash)
0 10101001 4
1 00100001 2
2 00100001 2
3 11101111 7
4 01000111 4
5 11000011 4
6 11110100 5
7 00100001 2

Input 0: 11001101
0 1
1 1
2 0
3 0
4 1
5 1
6 0
7 1

Input 1: 10001011
0 1
1 0
2 0
3 0
4 1
5 0
6 1
7 1

Input 2: 11111110
0 1
1 1
2 1
3 1
4 1
5 1
6 1
7 0

Input 3: 10000101
0 1
1 0
2 0
3 0
4 0
5 1
6 0
7 1

Input 4: 11001110
0 1
1 1
2 0
3 0
4 1
5 1
6 1
7 0

Input 5: 10001001
0 1
1 0
2 0
3 0
4 1
5 0
6 0
7 1

Input 6: 10001010
0 1
1 0
2 0
3 0
4 1
5 0
6 1
7 0

Input 7: 11111001
0 1
1 1
2 1
3 1
4 1
5 0
6 0
7 1

When matching output
x: not in operator
y: wrong position

Identity
0 11111111 a
1 10101001 4 match 0
2 00100001 2 match 1 2 7
3 00100001 2 match 1 2 7
4 11101111 7 match 3
5 10111000 4
6 01101010 4
7 11010101 5

Matching output
0 1
1 2 3
2 2 3
3 4
4 absent
5 absent
6 absent
7 2 3

Left
1 2 3 4 5x
Best: I1 2 3 4: 4

Right
2 1y
3 2y
Best: I2: 1

NOT
0 00000000 a
1 01010110 4
2 11011110 6
3 11011110 6
4 00010000 1
5 01000111 4 match 4
6 10010101 4
7 00101010 3

Matching output
0 absent
1 absent
2 absent
3 absent
4 5
5 absent
6 absent
7 absent

Left
none
Best: none

Right
none
Best: none

Constant
0 00000000 a
1 11111111 a

Matching output
0 absent
1 absent
2 absent
3 absent
4 absent
5 absent
6 absent
7 absent

Left
none
Best: none

Right
none
Best: none

AND
01 10 10101001 4 match 0
12 21 00100001 2 match 1 2 7
23 32 00100001 2 match 1 2 7
34 43 00100001 2 match 1 2 7
45 54 10101000 3
56 65 00101000 2
67 76 01000000 1
70 07 11010101 5

02 20 00100001 2 match 1 2 7
13 31 00100001 2 match 1 2 7
24 42 00100001 2 match 1 2 7
35 53 00100000 1
46 64 01101010 4
57 75 10010000 2
60 06 01101010 4
71 17 10000001 2

03 30 00100001 2 match 1 2 7
14 41 10101001 4 match 0
25 52 00100000 1
36 63 00100000 1
47 74 11000101 4
50 05 10111000 4
61 16 00101000 2
72 27 00000001 1

04 40 11101111 7 match 3
15 51 10101000 3
26 62 00100000 1
37 73 00000001 1

Matching output
0 01 10 14 41
1 12 21 23 32 34 43 02 20 13 31 24 42 03 30
2 12 21 23 32 34 43 02 20 13 31 24 42 03 30
3 04 40
4 absent
5 absent
6 absent
7 12 21 23 32 34 43 02 20 13 31 24 42 03 30

Left
01 12 23 34y
10 21 32 43y
14 25x
41 52x
Best: AND01 12 23: 3

Right
12 01y
21 10y
23 12y
32 21y
34 23y
43 32y
02 71x
20 17x
13 02y
31 20y
24 13y
42 31y
03 72x
30 27x
Best: AND12: 1

OR
01 10 11111111 a
12 21 10101001 4 match 0
23 32 00100001 2 match 1 2 7
34 43 11101111 7 match 3
45 54 11111111 a
56 65 11111010 6
67 76 11111111 a
70 07 11111111 a

02 20 11111111 a
13 31 10101001 4 match 0
24 42 11101111 7 match 3
35 53 10111001 5
46 64 11101111 7 match 3
57 75 11111101 7
60 06 11111111 a
71 17 11111101 7

03 30 11111111 a
14 41 11101111 7 match 3
25 52 10111001 5
36 63 01101011 5
47 74 11111111 a
50 05 11111111 a
61 16 11101011 6
72 27 11110101 6

04 40 11111111 a
15 51 10111001 5
26 62 01101011 5
37 73 11110101 6

Matching output
0 12 21 13 31
1 23 32
2 23 32
3 34 43 24 42 46 64 14 41
4 absent
5 absent
6 absent
7 23 32

Left
12 23 34y
21 32 43y
13 24y
31 42y
Best: OR12 23: 2

Right
23 12y
32 21y
Best: OR23: 1

XOR
01 10 01010110 4
12 21 10001000 2
23 32 00000000 a
34 43 11001110 5
45 54 01010111 5
56 65 11010010 4
67 76 10111111 7
70 07 00101010 3

02 20 11011110 6
13 31 10001000 2
24 42 11001110 5
35 53 10011001 4
46 64 10000101 3
57 75 01101101 5
60 06 10010101 4
71 17 01111100 5

03 30 11011110 6
14 41 01000110 3
25 52 10011001 4
36 63 01001011 4
47 74 00111010 4
50 05 01000111 4 match 4
61 16 11000011 4 match 5
72 27 11110100 5 match 6

04 40 00010000 1
15 51 00010001 2
26 62 01001011 4
37 73 11110100 5 match 6

Matching output
0 absent
1 absent
2 absent
3 absent
4 50 05
5 61 16
6 72 27 37 73
7 absent

Left
none
Best: none

Right
none
Best: none

AND-NOT
01 01010110 4
12 10001000 2
23 00000000 a
34 00000000 a
45 01000111 4 match 4
56 10010000 2
67 00101010 3
70 00000000 a

02 11011110 6
13 10001000 2
24 00000000 a
35 00000001 1
46 10000101 3
57 00101000 2
60 00000000 a
71 01010100 3

03 11011110 6
14 00000000 a
25 00000001 1
36 00000001 1
47 00101010 3
50 00000000 a
61 01000010 2
72 11010100 4

04 00010000 1
15 00000001 1
26 00000001 1
37 00100000 1
40 00000000 a
51 00010000 1
62 01001010 3
73 11010100 4

05 01000111 4 match 4
16 10000001 2
27 00100000 1
30 00000000 a
41 01000110 3
52 10011000 3
63 01001010 3
74 00010000 1

06 10010101 4
17 00101000 2
20 00000000 a
31 00000000 a
42 11001110 5
53 10011000 3
64 00000000 a
75 01000101 3

07 00101010 3
10 00000000 a
21 00000000 a
32 00000000 a
43 11001110 5
54 00010000 1
65 01000010 2
76 10010101 4

Matching output
0 absent
1 absent
2 absent
3 absent
4 45 05
5 absent
6 absent
7 absent

Left
none
Best: none

Right
none
Best: none

OR-NOT
01 11111111 a
12 11111111 a
23 11111111 a
34 00110001 3
45 11101111 7 match 3
56 10111101 6
67 01101010 4
70 11010101 5

02 11111111 a
13 11111111 a
24 00110001 3
35 01100111 5
46 11111111 a
57 10111010 5
60 01101010 4
71 11010111 6

03 11111111 a
14 10111001 5
25 01100111 5
36 10110101 5
47 11101111 7 match 3
50 10111000 4
61 01111110 6
72 11011111 7

04 11111111 a
15 11101111 7 match 3
26 10110101 5
37 00101011 4
40 11101111 7 match 3
51 11111110 7
62 11111110 7
73 11011111 7

05 11111111 a
16 10111101 6
27 00101011 4
30 00100001 2 match 1 2 7
41 11111111 a
52 11111110 7
63 11111110 7
74 11010101 5

06 11111111 a
17 10101011 5
20 00100001 2 match 1 2 7
31 01110111 6
42 11111111 a
53 11111110 7
64 01111010 5
75 11010111 6

07 11111111 a
10 10101001 4 match 0
21 01110111 6
32 11111111 a
43 11111111 a
54 10111000 4
65 01101111 6
76 11010101 5

Matching output
0 10
1 30 20
2 30 20
3 45 47 15 40
4 absent
5 absent
6 absent
7 30 20

Left
10 21x
Best: OR-NOT10: 1

Right
30 27x
20 17x
Best: OR-NOT30: 1

XOR-NOT
01 10101001 4 match 0
12 01110111 6
23 11111111 a
34 00110001 3
45 10101000 3
56 00101101 4
67 01000000 1
70 11010101 5

02 00100001 2 match 1 2 7
13 01110111 6
24 00110001 3
35 01100110 4
46 01111010 5
57 10010010 3
60 01101010 4
71 10000011 3

03 00100001 2 match 1 2 7
14 10111001 5
25 01100110 4
36 10110100 4
47 11000101 4
50 10111000 4
61 00111100 4
72 00001011 3

04 11101111 7 match 3
15 11101110 6
26 10110100 4
37 00001011 3
40 11101111 7 match 3
51 11101110 6
62 10110100 4
73 00001011 3

05 10111000 4
16 00111100 4
27 00001011 3
30 00100001 2 match 1 2 7
41 10111001 5
52 01100110 4
63 10110100 4
74 11000101 4

06 01101010 4
17 10000011 3
20 00100001 2 match 1 2 7
31 01110111 6
42 00110001 3
53 01100110 4
64 01111010 5
75 10010010 3

07 11010101 5
10 10101001 4 match 0
21 01110111 6
32 11111111 a
43 00110001 3
54 10101000 3
65 00101101 4
76 01000000 1

Matching output
0 01 10
1 02 03 30 20
2 02 03 30 20
3 04 40
4 absent
5 absent
6 absent
7 02 03 30 20

Left
01 12x
10 21x
Best: XOR-NOT01: 1

Right
02 71x
03 72x
30 27x
20 17x
Best: XOR-NOT02: 1

Selecting

Lefts
Identity I1 2 3 4: 4
NOT none
Constant none
AND AND01 12 23: 3
OR OR12 23: 2
XOR none
AND-NOT none
OR-NOT OR-NOT10: 1
XOR-NOT XOR-NOT01: 1

Rights
Identity I2: 1
NOT none
Constant none
AND AND12: 1
OR OR23: 1
XOR none
AND-NOT none
OR-NOT OR-NOT30: 1
XOR-NOT XOR-NOT02: 1

Left longest: 4
Right longest: 1

Left winner: Identity yes, NOT no, Constant no, AND no, OR no, XOR no, AND-NOT no, OR-NOT no, XOR-NOT no
Right winner: Identity yes, NOT no, Constant no, AND no, OR no, XOR no, AND-NOT no, OR-NOT no, XOR-NOT no

Best left: I1 2 3 4: 4
Best right: I2: 1

Truncated left: I1 2 3 4: 4
Truncated right: I2: 1

Tentative from right
7 I2
6 pending
5 pending
4 pending
3 pending
2 pending
1 pending
0 pending

Tentative
0 I1
1 I2
2 I3
3 I4
4 pending
5 pending
6 pending
7 I2

Preferred from left
0 I1
1 I2
2 I3
3 I4
4 ?5?
5 ?6?
6 ?7?
7 I2

Preferred from right
7 I2
6 ?71
5 ?60
4 ?57
3 I4
2 I3
1 I2
0 I1

Preferred
0 I1
1 I2
2 I3
3 I4
4 ?57 ?75
5 ?60 ?06
6 ?71 ?17
7 I2

Matching
0 I1
1 I2
2 I3
3 I4
4 ?57 ?75 - Identity absent, NOT NOT5, Constant absent, AND absent, OR absent, XOR absent, AND-NOT absent, OR-NOT absent, XOR-NOT absent
5 ?60 ?06 - Identity absent, NOT absent, Constant absent, AND absent, OR absent, XOR absent, AND-NOT absent, OR-NOT absent, XOR-NOT absent
6 ?71 ?17 - Identity absent, NOT absent, Constant absent, AND absent, OR absent, XOR absent, AND-NOT absent, OR-NOT absent, XOR-NOT absent
7 I2

Perfect match
Identity no
NOT no
Constant no
AND no
OR no
XOR no
AND-NOT no
OR-NOT no
XOR-NOT no

Matched
0 I1
1 I2
2 I3
3 I4
4 NOT5
5 none
6 none
7 I2

Selected
0 I1
1 I2
2 I3
3 I4
4 NOT5
5 default 1
6 default 1
7 I2

Applying to 01110010
Input
0 0
1 1
2 1
3 1
4 0
5 0
6 1
7 0
Output
0 I1 = 1
1 I2 = 1
2 I3 = 1
3 I4 = 0
4 NOT5 = NOT(0) = 1
5 default 1 = 1
6 default 1 = 1
7 I2 = 1

I will now return the answer in \boxed{}
The answer in \boxed{–} is \boxed{11101111}
[correct]
false
