[category]
bit_manipulation
[prompt]
In Alice's Wonderland, a secret bit manipulation rule transforms 8-bit binary numbers. The transformation involves operations like bit shifts, rotations, XOR, AND, OR, NOT, and possibly majority or choice functions.

Here are some examples of input -> output:
01101110 -> 00000011
10101101 -> 00000101
10111110 -> 00000101
01111100 -> 00000011
11000111 -> 00000110
00001110 -> 00000000
01101111 -> 00000011
01110001 -> 00000011
00010100 -> 00000000

Now, determine the output for: 11110000
[completion]
We need to deduce the transformation by matching the example outputs.
I will put my final answer inside \boxed{}.

Output 0: 00000011
0 0
1 0
2 0
3 0
4 0
5 0
6 1
7 1

Output 1: 00000101
0 0
1 0
2 0
3 0
4 0
5 1
6 0
7 1

Output 2: 00000101
0 0
1 0
2 0
3 0
4 0
5 1
6 0
7 1

Output 3: 00000011
0 0
1 0
2 0
3 0
4 0
5 0
6 1
7 1

Output 4: 00000110
0 0
1 0
2 0
3 0
4 0
5 1
6 1
7 0

Output 5: 00000000
0 0
1 0
2 0
3 0
4 0
5 0
6 0
7 0

Output 6: 00000011
0 0
1 0
2 0
3 0
4 0
5 0
6 1
7 1

Output 7: 00000011
0 0
1 0
2 0
3 0
4 0
5 0
6 1
7 1

Output 8: 00000000
0 0
1 0
2 0
3 0
4 0
5 0
6 0
7 0

Output bit columns (with bitsum as hash)
0 000000000 a
1 000000000 a
2 000000000 a
3 000000000 a
4 000000000 a
5 011010000 3
6 100110110 5
7 111100110 6

Input 0: 01101110
0 0
1 1
2 1
3 0
4 1
5 1
6 1
7 0

Input 1: 10101101
0 1
1 0
2 1
3 0
4 1
5 1
6 0
7 1

Input 2: 10111110
0 1
1 0
2 1
3 1
4 1
5 1
6 1
7 0

Input 3: 01111100
0 0
1 1
2 1
3 1
4 1
5 1
6 0
7 0

Input 4: 11000111
0 1
1 1
2 0
3 0
4 0
5 1
6 1
7 1

Input 5: 00001110
0 0
1 0
2 0
3 0
4 1
5 1
6 1
7 0

Input 6: 01101111
0 0
1 1
2 1
3 0
4 1
5 1
6 1
7 1

Input 7: 01110001
0 0
1 1
2 1
3 1
4 0
5 0
6 0
7 1

Input 8: 00010100
0 0
1 0
2 0
3 1
4 0
5 1
6 0
7 0

When matching output
x: not in operator
y: wrong position

Identity
0 011010000 3 match 5
1 100110110 5 match 6
2 111100110 6 match 7
3 001100011 4
4 111101100 6
5 111111101 8
6 101011100 5
7 010010110 4

Matching output
0 absent
1 absent
2 absent
3 absent
4 absent
5 0
6 1
7 2

Left
none
Best: none

Right
2 1 0 7x
Best: I2 1 0: 3

NOT
0 100101111 6
1 011001001 4
2 000011001 3
3 110011100 5
4 000010011 3
5 000000010 1
6 010100011 4
7 101101001 5

Matching output
0 absent
1 absent
2 absent
3 absent
4 absent
5 absent
6 absent
7 absent

Left
none
Best: none

Right
none
Best: none

Constant
0 000000000 a match 0 1 2 3 4
1 111111111 a

Matching output
0 C0
1 C0
2 C0
3 C0
4 C0
5 absent
6 absent
7 absent

Left
0 0 0 0 0
Best: C0 0 0 0 0: 5

Right
none
Best: none

AND
01 10 000010000 1
12 21 100100110 4
23 32 001100010 3
34 43 001100000 2
45 54 111101100 6
56 65 101011100 5
67 76 000010100 2
70 07 010010000 2

02 20 011000000 2
13 31 000100010 2
24 42 111100100 5
35 53 001100001 3
46 64 101001100 4
57 75 010010100 3
60 06 001010000 2
71 17 000010110 3

03 30 001000000 1
14 41 100100100 3
25 52 111100100 5
36 63 001000000 1
47 74 010000100 2
50 05 011010000 3 match 5
61 16 100010100 3
72 27 010000110 3

04 40 011000000 2
15 51 100110100 4
26 62 101000100 3
37 73 000000010 1

Matching output
0 absent
1 absent
2 absent
3 absent
4 absent
5 50 05
6 absent
7 absent

Left
none
Best: none

Right
none
Best: none

OR
01 10 111110110 7
12 21 111110110 7
23 32 111100111 7
34 43 111101111 8
45 54 111111101 8
56 65 111111101 8
67 76 111011110 7
70 07 011010110 5

02 20 111110110 7
13 31 101110111 7
24 42 111101110 7
35 53 111111111 a
46 64 111111100 7
57 75 111111111 a
60 06 111011100 6
71 17 110110110 6

03 30 011110011 6
14 41 111111110 8
25 52 111111111 a
36 63 101111111 8
47 74 111111110 8
50 05 111111101 8
61 16 101111110 7
72 27 111110110 7

04 40 111111100 7
15 51 111111111 a
26 62 111111110 8
37 73 011110111 7

Matching output
0 absent
1 absent
2 absent
3 absent
4 absent
5 absent
6 absent
7 absent

Left
none
Best: none

Right
none
Best: none

XOR
01 10 111100110 6 match 7
12 21 011010000 3 match 5
23 32 110000101 4
34 43 110001111 6
45 54 000010001 2
56 65 010100001 3
67 76 111001010 5
70 07 001000110 3

02 20 100110110 5 match 6
13 31 101010101 5
24 42 000001010 2
35 53 110011110 6
46 64 010110000 3
57 75 101101011 6
60 06 110001100 4
71 17 110100000 3

03 30 010110011 5
14 41 011011010 5
25 52 000011011 4
36 63 100111111 7
47 74 101111010 6
50 05 100101101 5
61 16 001101010 4
72 27 101110000 4

04 40 100111100 5
15 51 011001011 5
26 62 010111010 5
37 73 011110101 6

Matching output
0 absent
1 absent
2 absent
3 absent
4 absent
5 12 21
6 02 20
7 01 10

Left
none
Best: none

Right
01 70x
10 07x
Best: XOR01: 1

AND-NOT
01 011000000 2
12 000010000 1
23 110000100 3
34 000000011 2
45 000000000 a match 0 1 2 3 4
56 010100001 3
67 101001000 3
70 000000110 2

02 000010000 1
13 100010100 3
24 000000010 1
35 000000010 1
46 010100000 2
57 101101001 5
60 100001100 3
71 010000000 1

03 010010000 2
14 000010010 2
25 000000010 1
36 000100011 3
47 101101000 4
50 100101101 5
61 001001000 2
72 000010000 1

04 000010000 1
15 000000010 1
26 010100010 3
37 001100001 3
40 100101100 4
51 011001001 4
62 000011000 2
73 010010100 3

05 000000000 a match 0 1 2 3 4
16 000100010 2
27 101100000 3
30 000100011 3
41 011001000 3
52 000011001 3
63 100011100 4
74 000010010 2

06 010000000 1
17 100100000 2
20 100100110 4
31 001000001 2
42 000001000 1
53 110011100 5
64 000010000 1
75 000000010 1

07 001000000 1
10 100100110 4
21 011000000 2
32 000000001 1
43 110001100 4
54 000010001 2
65 000000000 a match 0 1 2 3 4
76 010000010 2

Matching output
0 45 05 65
1 45 05 65
2 45 05 65
3 45 05 65
4 45 05 65
5 absent
6 absent
7 absent

Left
45 56x
05 16x
65 76x
Best: AND-NOT45: 1

Right
none
Best: none

OR-NOT
01 011011001 5
12 100111111 7
23 111111110 8
34 001110011 5
45 111101110 7
56 111111111 a
67 101111101 7
70 110111111 8

02 011011001 5
13 110111110 7
24 111110111 8
35 001100011 4
46 111101111 8
57 111111101 8
60 101111111 8
71 011011111 7

03 111011100 6
14 100110111 6
25 111100110 6 match 7
36 011100011 5
47 111101101 7
50 111111111 a
61 111011101 7
72 010011111 6

04 011010011 5
15 100110110 5 match 6
26 111100111 7
37 101101011 6
40 111101111 8
51 111111101 8
62 101011101 6
73 110011110 6

05 011010010 4
16 110110111 7
27 111101111 8
30 101101111 7
41 111101101 7
52 111111101 8
63 111011100 6
74 010010111 5

06 011110011 6
17 101111111 8
20 111101111 8
31 011101011 6
42 111111101 8
53 111111101 8
64 101011111 7
75 010010110 4

07 111111001 7
10 100111111 7
21 111101111 8
32 001111011 6
43 111111100 7
54 111111111 a
65 101011110 6
76 010110111 6

Matching output
0 absent
1 absent
2 absent
3 absent
4 absent
5 absent
6 15
7 25

Left
none
Best: none

Right
25 14x
Best: OR-NOT25: 1

XOR-NOT
01 000011001 3
12 100101111 6
23 001111010 5
34 001110000 3
45 111101110 7
56 101011110 6
67 000110101 4
70 110111001 6

02 011001001 4
13 010101010 4
24 111110101 7
35 001100001 3
46 101001111 6
57 010010100 3
60 001110011 5
71 001011111 6

03 101001100 4
14 100100101 4
25 111100100 5
36 011000000 2
47 010000101 3
50 011010010 4
61 110010101 5
72 010001111 5

04 011000011 4
15 100110100 4
26 101000101 4
37 100001010 3
40 011000011 4
51 100110100 4
62 101000101 4
73 100001010 3

05 011010010 4
16 110010101 5
27 010001111 5
30 101001100 4
41 100100101 4
52 111100100 5
63 011000000 2
74 010000101 3

06 001110011 5
17 001011111 6
20 011001001 4
31 010101010 4
42 111110101 7
53 001100001 3
64 101001111 6
75 010010100 3

07 110111001 6
10 000011001 3
21 100101111 6
32 001111010 5
43 001110000 3
54 111101110 7
65 101011110 6
76 000110101 4

Matching output
0 absent
1 absent
2 absent
3 absent
4 absent
5 absent
6 absent
7 absent

Left
none
Best: none

Right
none
Best: none

Selecting

Lefts
Identity none
NOT none
Constant C0 0 0 0 0: 5
AND none
OR none
XOR none
AND-NOT AND-NOT45: 1
OR-NOT none
XOR-NOT none

Rights
Identity I2 1 0: 3
NOT none
Constant none
AND none
OR none
XOR XOR01: 1
AND-NOT none
OR-NOT OR-NOT25: 1
XOR-NOT none

Left longest: 5
Right longest: 3

Left winner: Identity no, NOT no, Constant yes, AND no, OR no, XOR no, AND-NOT no, OR-NOT no, XOR-NOT no
Right winner: Identity yes, NOT no, Constant no, AND no, OR no, XOR no, AND-NOT no, OR-NOT no, XOR-NOT no

Best left: C0 0 0 0 0: 5
Best right: I2 1 0: 3

Truncated left: C0 0 0 0 0: 5
Truncated right: I2 1 0: 3

Tentative from right
7 I2
6 I1
5 I0
4 pending
3 pending
2 pending
1 pending
0 pending

Tentative
0 C0
1 C0
2 C0
3 C0
4 C0
5 I0
6 I1
7 I2

Preferred from left
0 C0
1 C0
2 C0
3 C0
4 C0
5 I0
6 I1
7 I2

Preferred from right
7 I2
6 I1
5 I0
4 C0
3 C0
2 C0
1 C0
0 C0

Preferred
0 C0
1 C0
2 C0
3 C0
4 C0
5 I0
6 I1
7 I2

Matching
0 C0
1 C0
2 C0
3 C0
4 C0
5 I0
6 I1
7 I2

Perfect match
Identity no
NOT no
Constant no
AND no
OR no
XOR no
AND-NOT no
OR-NOT no
XOR-NOT no

Matched
0 C0
1 C0
2 C0
3 C0
4 C0
5 I0
6 I1
7 I2

Selected
0 C0
1 C0
2 C0
3 C0
4 C0
5 I0
6 I1
7 I2

Applying to 11110000
Input
0 1
1 1
2 1
3 1
4 0
5 0
6 0
7 0
Output
0 C0 = 0
1 C0 = 0
2 C0 = 0
3 C0 = 0
4 C0 = 0
5 I0 = 1
6 I1 = 1
7 I2 = 1

I will now return the answer in \boxed{}
The answer in \boxed{–} is \boxed{00000111}
[correct]
true
