[category]
bit_manipulation
[prompt]
In Alice's Wonderland, a secret bit manipulation rule transforms 8-bit binary numbers. The transformation involves operations like bit shifts, rotations, XOR, AND, OR, NOT, and possibly majority or choice functions.

Here are some examples of input -> output:
11101110 -> 11111111
11101100 -> 11111111
00001000 -> 01010000
11101000 -> 11010111
00111110 -> 11111101
00101101 -> 01111011
11111011 -> 11111111
10010110 -> 10111100
01011111 -> 11111110

Now, determine the output for: 00000000
[completion]
We need to deduce the transformation by matching the example outputs.
I will put my final answer inside \boxed{}.

Output 0: 11111111
0 1
1 1
2 1
3 1
4 1
5 1
6 1
7 1

Output 1: 11111111
0 1
1 1
2 1
3 1
4 1
5 1
6 1
7 1

Output 2: 01010000
0 0
1 1
2 0
3 1
4 0
5 0
6 0
7 0

Output 3: 11010111
0 1
1 1
2 0
3 1
4 0
5 1
6 1
7 1

Output 4: 11111101
0 1
1 1
2 1
3 1
4 1
5 1
6 0
7 1

Output 5: 01111011
0 0
1 1
2 1
3 1
4 1
5 0
6 1
7 1

Output 6: 11111111
0 1
1 1
2 1
3 1
4 1
5 1
6 1
7 1

Output 7: 10111100
0 1
1 0
2 1
3 1
4 1
5 1
6 0
7 0

Output 8: 11111110
0 1
1 1
2 1
3 1
4 1
5 1
6 1
7 0

Output bit columns (with bitsum as hash)
0 110110111 7
1 111111101 8
2 110011111 7
3 111111111 a
4 110011111 7
5 110110111 7
6 110101101 6
7 110111100 6

Input 0: 11101110
0 1
1 1
2 1
3 0
4 1
5 1
6 1
7 0

Input 1: 11101100
0 1
1 1
2 1
3 0
4 1
5 1
6 0
7 0

Input 2: 00001000
0 0
1 0
2 0
3 0
4 1
5 0
6 0
7 0

Input 3: 11101000
0 1
1 1
2 1
3 0
4 1
5 0
6 0
7 0

Input 4: 00111110
0 0
1 0
2 1
3 1
4 1
5 1
6 1
7 0

Input 5: 00101101
0 0
1 0
2 1
3 0
4 1
5 1
6 0
7 1

Input 6: 11111011
0 1
1 1
2 1
3 1
4 1
5 0
6 1
7 1

Input 7: 10010110
0 1
1 0
2 0
3 1
4 0
5 1
6 1
7 0

Input 8: 01011111
0 0
1 1
2 0
3 1
4 1
5 1
6 1
7 1

When matching output
x: not in operator
y: wrong position

Identity
0 110100110 5
1 110100101 5
2 110111100 6 match 7
3 000010111 4
4 111111101 8 match 1
5 110011011 6
6 100010111 5
7 000001101 3

Matching output
0 absent
1 4
2 absent
3 absent
4 absent
5 absent
6 absent
7 2

Left
none
Best: none

Right
2 1x
Best: I2: 1

NOT
0 001011001 4
1 001011010 4
2 001000011 3
3 111101000 5
4 000000010 1
5 001100100 3
6 011101000 4
7 111110010 6

Matching output
0 absent
1 absent
2 absent
3 absent
4 absent
5 absent
6 absent
7 absent

Left
none
Best: none

Right
none
Best: none

Constant
0 000000000 a
1 111111111 a match 3

Matching output
0 absent
1 absent
2 absent
3 C1
4 absent
5 absent
6 absent
7 absent

Left
none
Best: none

Right
none
Best: none

AND
01 10 110100100 4
12 21 110100100 4
23 32 000010100 2
34 43 000010101 3
45 54 110011001 5
56 65 100010011 4
67 76 000000101 2
70 07 000000100 1

02 20 110100100 4
13 31 000000101 2
24 42 110111100 6 match 7
35 53 000010011 3
46 64 100010101 4
57 75 000001001 2
60 06 100000110 3
71 17 000000101 2

03 30 000000110 2
14 41 110100101 5
25 52 110011000 4
36 63 000010111 4
47 74 000001101 3
50 05 110000010 3
61 16 100000101 3
72 27 000001100 2

04 40 110100100 4
15 51 110000001 3
26 62 100010100 3
37 73 000000101 2

Matching output
0 absent
1 absent
2 absent
3 absent
4 absent
5 absent
6 absent
7 24 42

Left
none
Best: none

Right
24 13x
42 31x
Best: AND24: 1

OR
01 10 110100111 6
12 21 110111101 7
23 32 110111111 8
34 43 111111111 a match 3
45 54 111111111 a match 3
56 65 110011111 7 match 2 4
67 76 100011111 6
70 07 110101111 7

02 20 110111110 7
13 31 110110111 7 match 0 5
24 42 111111101 8 match 1
35 53 110011111 7 match 2 4
46 64 111111111 a match 3
57 75 110011111 7 match 2 4
60 06 110110111 7 match 0 5
71 17 110101101 6 match 6

03 30 110110111 7 match 0 5
14 41 111111101 8 match 1
25 52 110111111 8
36 63 100010111 5
47 74 111111101 8 match 1
50 05 110111111 8
61 16 110110111 7 match 0 5
72 27 110111101 7

04 40 111111111 a match 3
15 51 110111111 8
26 62 110111111 8
37 73 000011111 5

Matching output
0 13 31 60 06 03 30 61 16
1 24 42 14 41 47 74
2 56 65 35 53 57 75
3 34 43 45 54 46 64 04 40
4 56 65 35 53 57 75
5 13 31 60 06 03 30 61 16
6 71 17
7 absent

Left
13 24 35 46 57 60 71 02x
31 42 53 64 75 06 17 20x
60 71y
06 17y
03 14 25x
30 41 52x
61 72x
16 27x
Best: OR13 24 35 46 57 60 71: 7

Right
none
Best: none

XOR
01 10 000000011 2
12 21 000011001 3
23 32 110101011 6
34 43 111101010 6
45 54 001100110 4
56 65 010001100 3
67 76 100011010 4
70 07 110101011 6

02 20 000011010 3
13 31 110110010 5
24 42 001000001 2
35 53 110001100 4
46 64 011101010 5
57 75 110010110 5
60 06 010110001 4
71 17 110101000 4

03 30 110110001 5
14 41 001011000 3
25 52 000100111 4
36 63 100000000 1
47 74 111110000 5
50 05 000111101 5
61 16 010110010 4
72 27 110110001 5

04 40 001011011 5
15 51 000111110 5
26 62 010101011 5
37 73 000011010 3

Matching output
0 absent
1 absent
2 absent
3 absent
4 absent
5 absent
6 absent
7 absent

Left
none
Best: none

Right
none
Best: none

AND-NOT
01 000000010 1
12 000000001 1
23 110101000 4
34 000000010 1
45 001100100 3
56 010001000 2
67 100010010 3
70 000001001 2

02 000000010 1
13 110100000 3
24 000000000 a
35 000000100 1
46 011101000 4
57 110010010 4
60 000010001 2
71 000001000 1

03 110100000 3
14 000000000 a
25 000100100 2
36 000000000 a
47 111110000 5
50 000011001 3
61 000010010 2
72 000000001 1

04 000000010 1
15 000100100 2
26 010101000 3
37 000010010 2
40 001011001 4
51 000011010 3
62 000000011 2
73 000001000 1

05 000100100 2
16 010100000 2
27 110110000 4
30 000010001 2
41 001011000 3
52 000000011 2
63 100000000 1
74 000000000 a

06 010100000 2
17 110100000 3
20 000011000 2
31 000010010 2
42 001000001 2
53 110001000 3
64 000000010 1
75 000000100 1

07 110100010 4
10 000000001 1
21 000011000 2
32 000000011 2
43 111101000 5
54 000000010 1
65 000000100 1
76 000001000 1

Matching output
0 absent
1 absent
2 absent
3 absent
4 absent
5 absent
6 absent
7 absent

Left
none
Best: none

Right
none
Best: none

OR-NOT
01 111111110 8
12 111100111 7
23 111111100 7
34 000010111 4
45 111111101 8 match 1
56 111111011 8
67 111110111 8
70 001011101 5

02 111100111 7
13 111101101 7
24 110111110 7
35 001110111 6
46 111111101 8 match 1
57 111111011 8
60 101011111 7
71 001011111 6

03 111101110 7
14 110100111 6
25 111111100 7
36 011111111 8
47 111111111 a match 3
50 111011011 7
61 101011111 7
72 001001111 5

04 110100110 5
15 111100101 6
26 111111100 7
37 111110111 8
40 111111101 8 match 1
51 111011011 7
62 101010111 6
73 111101101 7

05 111100110 6
16 111101101 7
27 111111110 8
30 001011111 6
41 111111111 a match 3
52 111011011 7
63 111111111 a match 3
74 000001111 4

06 111101110 7
17 111110111 8
20 111111101 8 match 1
31 001011111 6
42 111111111 a match 3
53 111111011 8
64 100010111 5
75 001101101 5

07 111110110 7
10 111111101 8 match 1
21 111111110 8
32 001010111 5
43 111111101 8 match 1
54 110011011 6
65 101110111 7
76 011101101 6

Matching output
0 absent
1 45 46 40 20 10 43
2 absent
3 47 41 63 42
4 absent
5 absent
6 absent
7 absent

Left
none
Best: none

Right
none
Best: none

XOR-NOT
01 111111100 7
12 111100110 6
23 001010100 3
34 000010101 3
45 110011001 5
56 101110011 6
67 011100101 5
70 001010100 3

02 111100101 6
13 001001101 4
24 110111110 7
35 001110011 5
46 100010101 4
57 001101001 4
60 101001110 5
71 001010111 5

03 001001110 4
14 110100111 6
25 111011000 5
36 011111111 8
47 000001111 4
50 111000010 4
61 101001101 5
72 001001110 4

04 110100100 4
15 111000001 4
26 101010100 4
37 111100101 6
40 110100100 4
51 111000001 4
62 101010100 4
73 111100101 6

05 111000010 4
16 101001101 5
27 001001110 4
30 001001110 4
41 110100111 6
52 111011000 5
63 011111111 8
74 000001111 4

06 101001110 5
17 001010111 5
20 111100101 6
31 001001101 4
42 110111110 7
53 001110011 5
64 100010101 4
75 001101001 4

07 001010100 3
10 111111100 7
21 111100110 6
32 001010100 3
43 000010101 3
54 110011001 5
65 101110011 6
76 011100101 5

Matching output
0 absent
1 absent
2 absent
3 absent
4 absent
5 absent
6 absent
7 absent

Left
none
Best: none

Right
none
Best: none

Selecting

Lefts
Identity none
NOT none
Constant none
AND none
OR OR13 24 35 46 57 60 71: 7
XOR none
AND-NOT none
OR-NOT none
XOR-NOT none

Rights
Identity I2: 1
NOT none
Constant none
AND AND24: 1
OR none
XOR none
AND-NOT none
OR-NOT none
XOR-NOT none

Left longest: 7
Right longest: 1

Left winner: Identity no, NOT no, Constant no, AND no, OR yes, XOR no, AND-NOT no, OR-NOT no, XOR-NOT no
Right winner: Identity yes, NOT no, Constant no, AND no, OR no, XOR no, AND-NOT no, OR-NOT no, XOR-NOT no

Best left: OR13 24 35 46 57 60 71: 7
Best right: I2: 1

Truncated left: OR13 24 35 46 57 60 71: 7
Truncated right: I2: 1

Tentative from right
7 I2
6 pending
5 pending
4 pending
3 pending
2 pending
1 pending
0 pending

Tentative
0 OR13
1 OR24
2 OR35
3 OR46
4 OR57
5 OR60
6 OR71
7 I2

Preferred from left
0 OR13
1 OR24
2 OR35
3 OR46
4 OR57
5 OR60
6 OR71
7 I2

Preferred from right
7 I2
6 OR71
5 OR60
4 OR57
3 OR46
2 OR35
1 OR24
0 OR13

Preferred
0 OR13
1 OR24
2 OR35
3 OR46
4 OR57
5 OR60
6 OR71
7 I2

Matching
0 OR13
1 OR24
2 OR35
3 OR46
4 OR57
5 OR60
6 OR71
7 I2

Perfect match
Identity no
NOT no
Constant no
AND no
OR no
XOR no
AND-NOT no
OR-NOT no
XOR-NOT no

Matched
0 OR13
1 OR24
2 OR35
3 OR46
4 OR57
5 OR60
6 OR71
7 I2

Selected
0 OR13
1 OR24
2 OR35
3 OR46
4 OR57
5 OR60
6 OR71
7 I2

Applying to 00000000
Input
0 0
1 0
2 0
3 0
4 0
5 0
6 0
7 0
Output
0 OR13 = OR(0,0) = 0
1 OR24 = OR(0,0) = 0
2 OR35 = OR(0,0) = 0
3 OR46 = OR(0,0) = 0
4 OR57 = OR(0,0) = 0
5 OR60 = OR(0,0) = 0
6 OR71 = OR(0,0) = 0
7 I2 = 0

I will now return the answer in \boxed{}
The answer in \boxed{–} is \boxed{00000000}
[correct]
true
