[category]
bit_manipulation
[prompt]
In Alice's Wonderland, a secret bit manipulation rule transforms 8-bit binary numbers. The transformation involves operations like bit shifts, rotations, XOR, AND, OR, NOT, and possibly majority or choice functions.

Here are some examples of input -> output:
00111000 -> 11100111
10111111 -> 11101001
00110101 -> 11010010
11111010 -> 11110100
00101100 -> 10110101
10110100 -> 11000100
00100010 -> 10001100
00011100 -> 01110011
00101101 -> 10110001

Now, determine the output for: 01101000
[completion]
We need to deduce the transformation by matching the example outputs.
I will put my final answer inside \boxed{}.

Output 0: 11100111
0 1
1 1
2 1
3 0
4 0
5 1
6 1
7 1

Output 1: 11101001
0 1
1 1
2 1
3 0
4 1
5 0
6 0
7 1

Output 2: 11010010
0 1
1 1
2 0
3 1
4 0
5 0
6 1
7 0

Output 3: 11110100
0 1
1 1
2 1
3 1
4 0
5 1
6 0
7 0

Output 4: 10110101
0 1
1 0
2 1
3 1
4 0
5 1
6 0
7 1

Output 5: 11000100
0 1
1 1
2 0
3 0
4 0
5 1
6 0
7 0

Output 6: 10001100
0 1
1 0
2 0
3 0
4 1
5 1
6 0
7 0

Output 7: 01110011
0 0
1 1
2 1
3 1
4 0
5 0
6 1
7 1

Output 8: 10110001
0 1
1 0
2 1
3 1
4 0
5 0
6 0
7 1

Output bit columns (with bitsum as hash)
0 111111101 8
1 111101010 6
2 110110011 6
3 001110011 5
4 010000100 2
5 100111100 5
6 101000010 3
7 110010011 5

Input 0: 00111000
0 0
1 0
2 1
3 1
4 1
5 0
6 0
7 0

Input 1: 10111111
0 1
1 0
2 1
3 1
4 1
5 1
6 1
7 1

Input 2: 00110101
0 0
1 0
2 1
3 1
4 0
5 1
6 0
7 1

Input 3: 11111010
0 1
1 1
2 1
3 1
4 1
5 0
6 1
7 0

Input 4: 00101100
0 0
1 0
2 1
3 0
4 1
5 1
6 0
7 0

Input 5: 10110100
0 1
1 0
2 1
3 1
4 0
5 1
6 0
7 0

Input 6: 00100010
0 0
1 0
2 1
3 0
4 0
5 0
6 1
7 0

Input 7: 00011100
0 0
1 0
2 0
3 1
4 1
5 1
6 0
7 0

Input 8: 00101101
0 0
1 0
2 1
3 0
4 1
5 1
6 0
7 1

When matching output
x: not in operator
y: wrong position

Identity
0 010101000 3
1 000100000 1
2 111111101 8 match 0
3 111101010 6 match 1
4 110110011 6 match 2
5 011011011 6
6 010100100 3
7 011000001 3

Matching output
0 2
1 3
2 4
3 absent
4 absent
5 absent
6 absent
7 absent

Left
2 3 4 5x
Best: I2 3 4: 3

Right
none
Best: none

NOT
0 101010111 6
1 111011111 8
2 000000010 1
3 000010101 3
4 001001100 3
5 100100100 3
6 101011011 6
7 100111110 6

Matching output
0 absent
1 absent
2 absent
3 absent
4 absent
5 absent
6 absent
7 absent

Left
none
Best: none

Right
none
Best: none

Constant
0 000000000 a
1 111111111 a

Matching output
0 absent
1 absent
2 absent
3 absent
4 absent
5 absent
6 absent
7 absent

Left
none
Best: none

Right
none
Best: none

AND
01 10 000100000 1
12 21 000100000 1
23 32 111101000 5
34 43 110100010 4
45 54 010010011 4
56 65 010000000 1
67 76 010000000 1
70 07 010000000 1

02 20 010101000 3
13 31 000100000 1
24 42 110110001 5
35 53 011001010 4
46 64 010100000 2
57 75 011000001 3
60 06 010100000 2
71 17 000000000 a

03 30 010101000 3
14 41 000100000 1
25 52 011011001 5
36 63 010100000 2
47 74 010000001 2
50 05 010001000 2
61 16 000100000 1
72 27 011000001 3

04 40 010100000 2
15 51 000000000 a
26 62 010100100 3
37 73 011000000 2

Matching output
0 absent
1 absent
2 absent
3 absent
4 absent
5 absent
6 absent
7 absent

Left
none
Best: none

Right
none
Best: none

OR
01 10 010101000 3
12 21 111111101 8 match 0
23 32 111111111 a
34 43 111111011 8
45 54 111111011 8
56 65 011111111 8
67 76 011100101 5
70 07 011101001 5

02 20 111111101 8 match 0
13 31 111101010 6 match 1
24 42 111111111 a
35 53 111111011 8
46 64 110110111 7
57 75 011011011 6
60 06 010101100 4
71 17 011100001 4

03 30 111101010 6 match 1
14 41 110110011 6 match 2
25 52 111111111 a
36 63 111101110 7
47 74 111110011 7
50 05 011111011 7
61 16 010100100 3
72 27 111111101 8 match 0

04 40 110111011 7
15 51 011111011 7
26 62 111111101 8 match 0
37 73 111101011 7

Matching output
0 12 21 02 20 72 27 26 62
1 13 31 03 30
2 14 41
3 absent
4 absent
5 absent
6 absent
7 absent

Left
12 23x
21 32x
02 13 24x
20 31 42x
72 03 14 25x
27 30 41 52x
26 37x
62 73x
Best: OR72 03 14: 3

Right
none
Best: none

XOR
01 10 010001000 2
12 21 111011101 7
23 32 000010111 4
34 43 001011001 4
45 54 101101000 4
56 65 001111111 7
67 76 001100101 4
70 07 001101001 4

02 20 101010101 5
13 31 111001010 5
24 42 001001110 4
35 53 100110001 4
46 64 100010111 5
57 75 000011010 3
60 06 000001100 2
71 17 011100001 4

03 30 101000010 3 match 6
14 41 110010011 5 match 7
25 52 100100110 4
36 63 101001110 5
47 74 101110010 5
50 05 001110011 5 match 3
61 16 010000100 2 match 4
72 27 100111100 5 match 5

04 40 100011011 5
15 51 011111011 7
26 62 101011001 5
37 73 100101011 5

Matching output
0 absent
1 absent
2 absent
3 50 05
4 61 16
5 72 27
6 03 30
7 14 41

Left
none
Best: none

Right
14 03 72 61 50 47x
41 30 27 16 05 74x
Best: XOR14 03 72 61 50: 5

AND-NOT
01 010001000 2
12 000000000 a
23 000010101 3
34 001001000 2
45 100100000 2
56 001011011 5
67 000100100 2
70 001000001 2

02 000000000 a
13 000000000 a
24 001001100 3
35 100100000 2
46 100010011 4
57 000011010 3
60 000000100 1
71 011000001 3

03 000000000 a
14 000000000 a
25 100100100 3
36 101001010 4
47 100110010 4
50 001010011 4
61 010000100 2 match 4
72 000000000 a

04 000001000 1
15 000100000 1
26 101011001 5
37 100101010 4
40 100010011 4
51 011011011 6
62 000000000 a
73 000000001 1

05 000100000 1
16 000000000 a
27 100111100 5 match 5
30 101000010 3 match 6
41 110010011 5 match 7
52 000000010 1
63 000000100 1
74 001000000 1

06 000001000 1
17 000100000 1
20 101010101 5
31 111001010 5
42 000000010 1
53 000010001 2
64 000000100 1
75 000000000 a

07 000101000 2
10 000000000 a
21 111011101 7
32 000000010 1
43 000010001 2
54 001001000 2
65 000100100 2
76 001000001 2

Matching output
0 absent
1 absent
2 absent
3 absent
4 61
5 27
6 30
7 41

Left
none
Best: none

Right
41 30 27 16x
Best: AND-NOT41 30 27: 3

OR-NOT
01 111111111 a
12 000100010 2
23 111111101 8 match 0
34 111101110 7
45 110110111 7
56 111011011 7
67 110111110 7
70 111010111 7

02 010101010 4
13 000110101 4
24 111111101 8 match 0
35 111101110 7
46 111111011 8
57 111111111 a
60 111110111 8
71 111011111 8

03 010111101 6
14 001101100 4
25 111111101 8 match 0
36 111111011 8
47 110111111 8
50 111011111 8
61 111111111 a
72 011000011 4

04 011101100 5
15 100100100 3
26 111111111 a
37 111111110 8
40 111110111 8
51 111011111 8
62 010100110 4
73 011010101 5

05 110101100 5
16 101111011 7
27 111111111 a
30 111111111 a
41 111111111 a
52 011011011 6
63 010110101 5
74 011001101 5

06 111111011 8
17 100111110 6
20 111111111 a
31 111111111 a
42 110110011 6 match 2
53 011011111 7
64 011101100 5
75 111100101 6

07 110111110 7
10 101110111 7
21 111111111 a
32 111101010 6 match 1
43 110110111 7
54 011011111 7
65 110100100 4
76 111011011 7

Matching output
0 23 24 25
1 32
2 42
3 absent
4 absent
5 absent
6 absent
7 absent

Left
23 34x
24 35x
25 36x
Best: OR-NOT23: 1

Right
none
Best: none

XOR-NOT
01 101110111 7
12 000100010 2
23 111101000 5
34 110100110 5
45 010010111 5
56 110000000 2
67 110011010 5
70 110010110 5

02 010101010 4
13 000110101 4
24 110110001 5
35 011001110 5
46 011101000 4
57 111100101 6
60 111110011 7
71 100011110 5

03 010111101 6
14 001101100 4
25 011011001 5
36 010110001 4
47 010001101 4
50 110001100 4
61 101111011 7
72 011000011 4

04 011100100 4
15 100000100 2
26 010100110 4
37 011010100 4
40 011100100 4
51 100000100 2
62 010100110 4
73 011010100 4

05 110001100 4
16 101111011 7
27 011000011 4
30 010111101 6
41 001101100 4
52 011011001 5
63 010110001 4
74 010001101 4

06 111110011 7
17 100011110 5
20 010101010 4
31 000110101 4
42 110110001 5
53 011001110 5
64 011101000 4
75 111100101 6

07 110010110 5
10 101110111 7
21 000100010 2
32 111101000 5
43 110100110 5
54 010010111 5
65 110000000 2
76 110011010 5

Matching output
0 absent
1 absent
2 absent
3 absent
4 absent
5 absent
6 absent
7 absent

Left
none
Best: none

Right
none
Best: none

Selecting

Lefts
Identity I2 3 4: 3
NOT none
Constant none
AND none
OR OR72 03 14: 3
XOR none
AND-NOT none
OR-NOT OR-NOT23: 1
XOR-NOT none

Rights
Identity none
NOT none
Constant none
AND none
OR none
XOR XOR14 03 72 61 50: 5
AND-NOT AND-NOT41 30 27: 3
OR-NOT none
XOR-NOT none

Left longest: 3
Right longest: 5

Right winner: Identity no, NOT no, Constant no, AND no, OR no, XOR yes, AND-NOT no, OR-NOT no, XOR-NOT no
Left winner: Identity yes, NOT no, Constant no, AND no, OR no, XOR no, AND-NOT no, OR-NOT no, XOR-NOT no

Best right: XOR14 03 72 61 50: 5
Best left: I2 3 4: 3

Truncated right: XOR14 03 72 61 50: 5
Truncated left: I2 3 4: 3

Tentative from right
7 XOR14
6 XOR03
5 XOR72
4 XOR61
3 XOR50
2 pending
1 pending
0 pending

Tentative
0 I2
1 I3
2 I4
3 XOR50
4 XOR61
5 XOR72
6 XOR03
7 XOR14

Preferred from right
7 XOR14
6 XOR03
5 XOR72
4 XOR61
3 XOR50
2 I4
1 I3
0 I2

Preferred from left
0 I2
1 I3
2 I4
3 XOR50
4 XOR61
5 XOR72
6 XOR03
7 XOR14

Preferred
0 I2
1 I3
2 I4
3 XOR50
4 XOR61
5 XOR72
6 XOR03
7 XOR14

Matching
0 I2
1 I3
2 I4
3 XOR50
4 XOR61
5 XOR72
6 XOR03
7 XOR14

Perfect match
Identity no
NOT no
Constant no
AND no
OR no
XOR no
AND-NOT no
OR-NOT no
XOR-NOT no

Matched
0 I2
1 I3
2 I4
3 XOR50
4 XOR61
5 XOR72
6 XOR03
7 XOR14

Selected
0 I2
1 I3
2 I4
3 XOR50
4 XOR61
5 XOR72
6 XOR03
7 XOR14

Applying to 01101000
Input
0 0
1 1
2 1
3 0
4 1
5 0
6 0
7 0
Output
0 I2 = 1
1 I3 = 0
2 I4 = 1
3 XOR50 = XOR(0,0) = 0
4 XOR61 = XOR(0,1) = 1
5 XOR72 = XOR(0,1) = 1
6 XOR03 = XOR(0,0) = 0
7 XOR14 = XOR(1,1) = 0

I will now return the answer in \boxed{}
The answer in \boxed{–} is \boxed{10101100}
[correct]
true
