[category]
bit_manipulation
[prompt]
In Alice's Wonderland, a secret bit manipulation rule transforms 8-bit binary numbers. The transformation involves operations like bit shifts, rotations, XOR, AND, OR, NOT, and possibly majority or choice functions.

Here are some examples of input -> output:
11100011 -> 10000011
00000011 -> 01110010
11010001 -> 01010011
10100111 -> 10110001
00000111 -> 01100000
10110011 -> 11101011
10011001 -> 01010111
00011001 -> 00010111
10100000 -> 00101111

Now, determine the output for: 10001101
[completion]
We need to deduce the transformation by matching the example outputs.
I will put my final answer inside \boxed{}.

Output 0: 10000011
0 1
1 0
2 0
3 0
4 0
5 0
6 1
7 1

Output 1: 01110010
0 0
1 1
2 1
3 1
4 0
5 0
6 1
7 0

Output 2: 01010011
0 0
1 1
2 0
3 1
4 0
5 0
6 1
7 1

Output 3: 10110001
0 1
1 0
2 1
3 1
4 0
5 0
6 0
7 1

Output 4: 01100000
0 0
1 1
2 1
3 0
4 0
5 0
6 0
7 0

Output 5: 11101011
0 1
1 1
2 1
3 0
4 1
5 0
6 1
7 1

Output 6: 01010111
0 0
1 1
2 0
3 1
4 0
5 1
6 1
7 1

Output 7: 00010111
0 0
1 0
2 0
3 1
4 0
5 1
6 1
7 1

Output 8: 00101111
0 0
1 0
2 1
3 0
4 1
5 1
6 1
7 1

Output bit columns (with bitsum as hash)
0 100101000 3
1 011011100 5
2 010111001 5
3 011100110 5
4 000001001 2
5 000000111 3
6 111001111 7
7 101101111 7

Input 0: 11100011
0 1
1 1
2 1
3 0
4 0
5 0
6 1
7 1

Input 1: 00000011
0 0
1 0
2 0
3 0
4 0
5 0
6 1
7 1

Input 2: 11010001
0 1
1 1
2 0
3 1
4 0
5 0
6 0
7 1

Input 3: 10100111
0 1
1 0
2 1
3 0
4 0
5 1
6 1
7 1

Input 4: 00000111
0 0
1 0
2 0
3 0
4 0
5 1
6 1
7 1

Input 5: 10110011
0 1
1 0
2 1
3 1
4 0
5 0
6 1
7 1

Input 6: 10011001
0 1
1 0
2 0
3 1
4 1
5 0
6 0
7 1

Input 7: 00011001
0 0
1 0
2 0
3 1
4 1
5 0
6 0
7 1

Input 8: 10100000
0 1
1 0
2 1
3 0
4 0
5 0
6 0
7 0

When matching output
x: not in operator
y: wrong position

Identity
0 101101101 6
1 101000000 2
2 100101001 4
3 001001110 4
4 000000110 2
5 000110000 2
6 110111000 5
7 111111110 8

Matching output
0 absent
1 absent
2 absent
3 absent
4 absent
5 absent
6 absent
7 absent

Left
none
Best: none

Right
none
Best: none

NOT
0 010010010 3
1 010111111 7
2 011010110 5
3 110110001 5
4 111111001 7
5 111001111 7 match 6
6 001000111 4
7 000000001 1

Matching output
0 absent
1 absent
2 absent
3 absent
4 absent
5 absent
6 5
7 absent

Left
none
Best: none

Right
none
Best: none

Constant
0 000000000 a
1 111111111 a

Matching output
0 absent
1 absent
2 absent
3 absent
4 absent
5 absent
6 absent
7 absent

Left
none
Best: none

Right
none
Best: none

AND
01 10 101000000 2
12 21 100000000 1
23 32 000001000 1
34 43 000000110 2
45 54 000000000 a
56 65 000110000 2
67 76 110111000 5
70 07 101101100 5

02 20 100101001 4
13 31 001000000 1
24 42 000000000 a
35 53 000000000 a
46 64 000000000 a
57 75 000110000 2
60 06 100101000 3 match 0
71 17 101000000 2

03 30 001001100 3
14 41 000000000 a
25 52 000100000 1
36 63 000001000 1
47 74 000000110 2
50 05 000100000 1
61 16 100000000 1
72 27 100101000 3 match 0

04 40 000000100 1
15 51 000000000 a
26 62 100101000 3 match 0
37 73 001001110 4

Matching output
0 60 06 72 27 26 62
1 absent
2 absent
3 absent
4 absent
5 absent
6 absent
7 absent

Left
60 71x
06 17x
72 03x
27 30x
26 37x
62 73x
Best: AND60: 1

Right
none
Best: none

OR
01 10 101101101 6
12 21 101101001 5
23 32 101101111 7 match 7
34 43 001001110 4
45 54 000110110 4
56 65 110111000 5
67 76 111111110 8
70 07 111111111 a

02 20 101101101 6
13 31 101001110 5
24 42 100101111 6
35 53 001111110 6
46 64 110111110 7
57 75 111111110 8
60 06 111111101 8
71 17 111111110 8

03 30 101101111 7 match 7
14 41 101000110 4
25 52 100111001 5
36 63 111111110 8
47 74 111111110 8
50 05 101111101 7
61 16 111111000 6
72 27 111111111 a

04 40 101101111 7 match 7
15 51 101110000 4
26 62 110111001 6
37 73 111111110 8

Matching output
0 absent
1 absent
2 absent
3 absent
4 absent
5 absent
6 absent
7 23 32 03 30 04 40

Left
none
Best: none

Right
23 12x
32 21x
03 72x
30 27x
04 73x
40 37x
Best: OR23: 1

XOR
01 10 000101101 4
12 21 001101001 4
23 32 101100111 6
34 43 001001000 2
45 54 000110110 4
56 65 110001000 3
67 76 001000110 3
70 07 010010011 4

02 20 001000100 2
13 31 100001110 4
24 42 100101111 6
35 53 001111110 6
46 64 110111110 7
57 75 111001110 6
60 06 011010101 5
71 17 010111110 6

03 30 100100011 4
14 41 101000110 4
25 52 100011001 4
36 63 111110110 7
47 74 111111000 6
50 05 101011101 6
61 16 011111000 5
72 27 011010111 6

04 40 101101011 6
15 51 101110000 4
26 62 010010001 3
37 73 110110000 4

Matching output
0 absent
1 absent
2 absent
3 absent
4 absent
5 absent
6 absent
7 absent

Left
none
Best: none

Right
none
Best: none

AND-NOT
01 000101101 4
12 001000000 1
23 100100001 3
34 001001000 2
45 000000110 2
56 000000000 a
67 000000000 a
70 010010010 3

02 001000100 2
13 100000000 1
24 100101001 4
35 001001110 4
46 000000110 2
57 000000000 a
60 010010000 2
71 010111110 6

03 100100001 3
14 101000000 2
25 100001001 3
36 001000110 3
47 000000000 a
50 000010000 1
61 010111000 4
72 011010110 5

04 101101001 5
15 101000000 2
26 000000001 1
37 000000000 a
40 000000010 1
51 000110000 2
62 010010000 2
73 110110000 4

05 101001101 5
16 001000000 1
27 000000001 1
30 000000010 1
41 000000110 2
52 000010000 1
63 110110000 4
74 111111000 6

06 001000101 3
17 000000000 a
20 000000000 a
31 000001110 3
42 000000110 2
53 000110000 2
64 110111000 5
75 111001110 6

07 000000001 1
10 000000000 a
21 000101001 3
32 001000110 3
43 000000000 a
54 000110000 2
65 110001000 3
76 001000110 3

Matching output
0 absent
1 absent
2 absent
3 absent
4 absent
5 absent
6 absent
7 absent

Left
none
Best: none

Right
none
Best: none

OR-NOT
01 111111111 a
12 111010110 6
23 110111001 6
34 111111111 a
45 111001111 7 match 6
56 001110111 6
67 110111001 6
70 111111110 8

02 111111111 a
13 111110001 6
24 111111001 7
35 111001111 7 match 6
46 001000111 4
57 000110001 3
60 110111010 6
71 111111111 a

03 111111101 8
14 111111001 7
25 111101111 8
36 001001111 5
47 000000111 3 match 5
50 010110010 4
61 110111111 8
72 111111110 8

04 111111101 8
15 111001111 7 match 6
26 101101111 7 match 7
37 001001111 5
40 010010110 4
51 010111111 7
62 111111110 8
73 111111111 a

05 111101111 8
16 101000111 5
27 100101001 4
30 011011110 6
41 010111111 7
52 011110110 6
63 110111001 6
74 111111111 a

06 101101111 7 match 7
17 101000001 3
20 110111011 7
31 011111111 8
42 011010110 5
53 110110001 5
64 111111001 7
75 111111111 a

07 101101101 6
10 111010010 5
21 110111111 8
32 011011110 6
43 110110111 7
54 111111001 7
65 111111111 a
76 111111111 a

Matching output
0 absent
1 absent
2 absent
3 absent
4 absent
5 47
6 45 35 15
7 26 06

Left
none
Best: none

Right
26 15 04x
06 75x
Best: OR-NOT26 15: 2

XOR-NOT
01 111010010 5
12 110010110 5
23 010011000 3
34 110110111 7
45 111001001 5
56 001110111 6
67 110111001 6
70 101101100 5

02 110111011 7
13 011110001 5
24 011010000 3
35 110000001 3
46 001000001 2
57 000110001 3
60 100101010 4
71 101000001 3

03 011011100 5 match 1
14 010111001 5 match 2
25 011100110 5 match 3
36 000001001 2 match 4
47 000000111 3 match 5
50 010100010 3
61 100000111 4
72 100101000 3 match 0

04 010010100 3
15 010001111 5
26 101101110 6
37 001001111 5
40 010010100 3
51 010001111 5
62 101101110 6
73 001001111 5

05 010100010 3
16 100000111 4
27 100101000 3 match 0
30 011011100 5 match 1
41 010111001 5 match 2
52 011100110 5 match 3
63 000001001 2 match 4
74 000000111 3 match 5

06 100101010 4
17 101000001 3
20 110111011 7
31 011110001 5
42 011010000 3
53 110000001 3
64 001000001 2
75 000110001 3

07 101101100 5
10 111010010 5
21 110010110 5
32 010011000 3
43 110110111 7
54 111001001 5
65 001110111 6
76 110111001 6

Matching output
0 72 27
1 03 30
2 14 41
3 25 52
4 36 63
5 47 74
6 absent
7 absent

Left
72 03 14 25 36 47 50x
27 30 41 52 63 74 05x
Best: XOR-NOT72 03 14 25 36 47: 6

Right
none
Best: none

Selecting

Lefts
Identity none
NOT none
Constant none
AND AND60: 1
OR none
XOR none
AND-NOT none
OR-NOT none
XOR-NOT XOR-NOT72 03 14 25 36 47: 6

Rights
Identity none
NOT none
Constant none
AND none
OR OR23: 1
XOR none
AND-NOT none
OR-NOT OR-NOT26 15: 2
XOR-NOT none

Left longest: 6
Right longest: 2

Left winner: Identity no, NOT no, Constant no, AND no, OR no, XOR no, AND-NOT no, OR-NOT no, XOR-NOT yes
Right winner: Identity no, NOT no, Constant no, AND no, OR no, XOR no, AND-NOT no, OR-NOT yes, XOR-NOT no

Best left: XOR-NOT72 03 14 25 36 47: 6
Best right: OR-NOT26 15: 2

Truncated left: XOR-NOT72 03 14 25 36 47: 6
Truncated right: OR-NOT26 15: 2

Tentative from right
7 OR-NOT26
6 OR-NOT15
5 pending
4 pending
3 pending
2 pending
1 pending
0 pending

Tentative
0 XOR-NOT72
1 XOR-NOT03
2 XOR-NOT14
3 XOR-NOT25
4 XOR-NOT36
5 XOR-NOT47
6 OR-NOT15
7 OR-NOT26

Preferred from left
0 XOR-NOT72
1 XOR-NOT03
2 XOR-NOT14
3 XOR-NOT25
4 XOR-NOT36
5 XOR-NOT47
6 OR-NOT15
7 OR-NOT26

Preferred from right
7 OR-NOT26
6 OR-NOT15
5 XOR-NOT47
4 XOR-NOT36
3 XOR-NOT25
2 XOR-NOT14
1 XOR-NOT03
0 XOR-NOT72

Preferred
0 XOR-NOT72
1 XOR-NOT03
2 XOR-NOT14
3 XOR-NOT25
4 XOR-NOT36
5 XOR-NOT47
6 OR-NOT15
7 OR-NOT26

Matching
0 XOR-NOT72
1 XOR-NOT03
2 XOR-NOT14
3 XOR-NOT25
4 XOR-NOT36
5 XOR-NOT47
6 OR-NOT15
7 OR-NOT26

Perfect match
Identity no
NOT no
Constant no
AND no
OR no
XOR no
AND-NOT no
OR-NOT no
XOR-NOT no

Matched
0 XOR-NOT72
1 XOR-NOT03
2 XOR-NOT14
3 XOR-NOT25
4 XOR-NOT36
5 XOR-NOT47
6 OR-NOT15
7 OR-NOT26

Selected
0 XOR-NOT72
1 XOR-NOT03
2 XOR-NOT14
3 XOR-NOT25
4 XOR-NOT36
5 XOR-NOT47
6 OR-NOT15
7 OR-NOT26

Applying to 10001101
Input
0 1
1 0
2 0
3 0
4 1
5 1
6 0
7 1
Output
0 XOR-NOT72 = XOR(1,NOT(0)) = 0
1 XOR-NOT03 = XOR(1,NOT(0)) = 0
2 XOR-NOT14 = XOR(0,NOT(1)) = 0
3 XOR-NOT25 = XOR(0,NOT(1)) = 0
4 XOR-NOT36 = XOR(0,NOT(0)) = 1
5 XOR-NOT47 = XOR(1,NOT(1)) = 1
6 OR-NOT15 = OR(0,NOT(1)) = 0
7 OR-NOT26 = OR(0,NOT(0)) = 1

I will now return the answer in \boxed{}
The answer in \boxed{–} is \boxed{00001101}
[correct]
true
