[category]
bit_manipulation
[prompt]
In Alice's Wonderland, a secret bit manipulation rule transforms 8-bit binary numbers. The transformation involves operations like bit shifts, rotations, XOR, AND, OR, NOT, and possibly majority or choice functions.

Here are some examples of input -> output:
10000001 -> 00001100
01000111 -> 00011010
11000011 -> 00111110
00100110 -> 00010001
10100110 -> 00110101
10001001 -> 01001100
11110101 -> 10111111
01010100 -> 10100010
11111011 -> 01111111

Now, determine the output for: 11011011
[completion]
We need to deduce the transformation by matching the example outputs.
I will put my final answer inside \boxed{}.

Output 0: 00001100
0 0
1 0
2 0
3 0
4 1
5 1
6 0
7 0

Output 1: 00011010
0 0
1 0
2 0
3 1
4 1
5 0
6 1
7 0

Output 2: 00111110
0 0
1 0
2 1
3 1
4 1
5 1
6 1
7 0

Output 3: 00010001
0 0
1 0
2 0
3 1
4 0
5 0
6 0
7 1

Output 4: 00110101
0 0
1 0
2 1
3 1
4 0
5 1
6 0
7 1

Output 5: 01001100
0 0
1 1
2 0
3 0
4 1
5 1
6 0
7 0

Output 6: 10111111
0 1
1 0
2 1
3 1
4 1
5 1
6 1
7 1

Output 7: 10100010
0 1
1 0
2 1
3 0
4 0
5 0
6 1
7 0

Output 8: 01111111
0 0
1 1
2 1
3 1
4 1
5 1
6 1
7 1

Output bit columns (with bitsum as hash)
0 000000110 2
1 000001001 2
2 001010111 5
3 011110101 6
4 111001101 6
5 101011101 6
6 011000111 5
7 000110101 4

Input 0: 10000001
0 1
1 0
2 0
3 0
4 0
5 0
6 0
7 1

Input 1: 01000111
0 0
1 1
2 0
3 0
4 0
5 1
6 1
7 1

Input 2: 11000011
0 1
1 1
2 0
3 0
4 0
5 0
6 1
7 1

Input 3: 00100110
0 0
1 0
2 1
3 0
4 0
5 1
6 1
7 0

Input 4: 10100110
0 1
1 0
2 1
3 0
4 0
5 1
6 1
7 0

Input 5: 10001001
0 1
1 0
2 0
3 0
4 1
5 0
6 0
7 1

Input 6: 11110101
0 1
1 1
2 1
3 1
4 0
5 1
6 0
7 1

Input 7: 01010100
0 0
1 1
2 0
3 1
4 0
5 1
6 0
7 0

Input 8: 11111011
0 1
1 1
2 1
3 1
4 1
5 0
6 1
7 1

When matching output
x: not in operator
y: wrong position

Identity
0 101011101 6 match 5
1 011000111 5 match 6
2 000110101 4 match 7
3 000000111 3
4 000001001 2 match 1
5 010110110 5
6 011110001 5
7 111001101 6 match 4

Matching output
0 absent
1 4
2 absent
3 absent
4 7
5 0
6 1
7 2

Left
none
Best: none

Right
2 1 0 7 6x
Best: I2 1 0 7: 4

NOT
0 010100010 3
1 100111000 4
2 111001010 5
3 111111000 6
4 111110110 7
5 101001001 4
6 100001110 4
7 000110010 3

Matching output
0 absent
1 absent
2 absent
3 absent
4 absent
5 absent
6 absent
7 absent

Left
none
Best: none

Right
none
Best: none

Constant
0 000000000 a
1 111111111 a

Matching output
0 absent
1 absent
2 absent
3 absent
4 absent
5 absent
6 absent
7 absent

Left
none
Best: none

Right
none
Best: none

AND
01 10 001000101 3
12 21 000000101 2
23 32 000000101 2
34 43 000000001 1
45 54 000000000 a
56 65 010110000 3
67 76 011000001 3
70 07 101001101 5

02 20 000010101 3
13 31 000000111 3
24 42 000000001 1
35 53 000000110 2 match 0
46 64 000000001 1
57 75 010000100 2
60 06 001010001 3
71 17 011000101 4

03 30 000000101 2
14 41 000000001 1
25 52 000110100 3
36 63 000000001 1
47 74 000001001 2 match 1
50 05 000010100 2
61 16 011000001 3
72 27 000000101 2

04 40 000001001 2 match 1
15 51 010000110 3
26 62 000110001 3
37 73 000000101 2

Matching output
0 35 53
1 47 74 04 40
2 absent
3 absent
4 absent
5 absent
6 absent
7 absent

Left
35 46x
53 64x
Best: AND35: 1

Right
none
Best: none

OR
01 10 111011111 8
12 21 011110111 7
23 32 000110111 5
34 43 000001111 4
45 54 010111111 7
56 65 011110111 7
67 76 111111101 8
70 07 111011101 7

02 20 101111101 7
13 31 011000111 5 match 6
24 42 000111101 5
35 53 010110111 6
46 64 011111001 6
57 75 111111111 a
60 06 111111101 8
71 17 111001111 7

03 30 101011111 7
14 41 011001111 6
25 52 010110111 6
36 63 011110111 7
47 74 111001101 6 match 4
50 05 111111111 a
61 16 011110111 7
72 27 111111101 8

04 40 101011101 6 match 5
15 51 011110111 7
26 62 011110101 6 match 3
37 73 111001111 7

Matching output
0 absent
1 absent
2 absent
3 26 62
4 47 74
5 04 40
6 13 31
7 absent

Left
none
Best: none

Right
none
Best: none

XOR
01 10 110011010 5
12 21 011110010 5
23 32 000110010 3
34 43 000001110 3
45 54 010111111 7
56 65 001000111 4
67 76 100111100 5
70 07 010010000 2

02 20 101101000 4
13 31 011000000 2
24 42 000111100 4
35 53 010110001 4
46 64 011111000 5
57 75 101111011 7
60 06 110101100 5
71 17 100001010 3

03 30 101011010 5
14 41 011001110 5
25 52 010000011 3
36 63 011110110 6
47 74 111000100 4
50 05 111101011 7
61 16 000110110 4
72 27 111111000 6

04 40 101010100 4
15 51 001110001 4
26 62 011000100 3
37 73 111001010 5

Matching output
0 absent
1 absent
2 absent
3 absent
4 absent
5 absent
6 absent
7 absent

Left
none
Best: none

Right
none
Best: none

AND-NOT
01 100011000 3
12 011000010 3
23 000110000 2
34 000000110 2 match 0
45 000001001 2 match 1
56 000000110 2 match 0
67 000110000 2
70 010000000 1

02 101001000 3
13 011000000 2
24 000110100 3
35 000000001 1
46 000001000 1
57 000110010 3
60 010100000 2
71 100001000 2

03 101011000 4
14 011000110 4
25 000000001 1
36 000000110 2 match 0
47 000000000 a
50 010100010 3
61 000110000 2
72 111001000 4

04 101010100 4
15 001000001 2
26 000000100 1
37 000000010 1
40 000000000 a
51 000110000 2
62 011000000 2
73 111001000 4

05 101001001 4
16 000000110 2 match 0
27 000110000 2
30 000000010 1
41 000001000 1
52 010000010 2
63 011110000 4
74 111000100 4

06 100001100 3
17 000000010 1
20 000100000 1
31 000000000 a
42 000001000 1
53 010110000 3
64 011110000 4
75 101001001 4

07 000010000 1
10 010000010 2
21 000110000 2
32 000000010 1
43 000001000 1
54 010110110 5
65 001000001 2
76 100001100 3

Matching output
0 34 56 36 16
1 45
2 absent
3 absent
4 absent
5 absent
6 absent
7 absent

Left
34 45 56y
56 67x
36 47x
16 27x
Best: AND-NOT34 45: 2

Right
none
Best: none

OR-NOT
01 101111101 7
12 111001111 7
23 111111101 8
34 111110111 8
45 101001001 4
56 110111110 7
67 011110011 6
70 111101111 8

02 111011111 8
13 111111111 a
24 111110111 8
35 101001111 6
46 100001111 5
57 010110110 5
60 011110011 6
71 111111101 8

03 111111101 8
14 111110111 8
25 101111101 7
36 100001111 5
47 000111011 5
50 010110110 5
61 111111001 7
72 111001111 7

04 111111111 a
15 111001111 7
26 100111111 7
37 000110111 5
40 010101011 5
51 110111110 7
62 111111011 8
73 111111101 8

05 101011101 6 match 5
16 111001111 7
27 000110111 5
30 010100111 5
41 100111001 5
52 111111110 8
63 111111001 7
74 111111111 a

06 101011111 7
17 011110111 7
20 010110111 6
31 100111111 7
42 111001011 6
53 111111110 8
64 111110111 8
75 111001101 6 match 4

07 101111111 8
10 011100111 6
21 100111101 6
32 111001111 7
43 111111001 7
54 111110110 7
65 111111001 7
76 111001111 7

Matching output
0 absent
1 absent
2 absent
3 absent
4 75
5 05
6 absent
7 absent

Left
none
Best: none

Right
none
Best: none

XOR-NOT
01 001100101 4
12 100001101 4
23 111001101 6 match 4
34 111110001 6
45 101000000 2
56 110111000 5
67 011000011 4
70 101101111 7

02 010010111 5
13 100111111 7
24 111000011 5
35 101001110 5
46 100000111 4
57 010000100 2
60 001010011 4
71 011110101 6 match 3

03 010100101 4
14 100110001 4
25 101111100 6
36 100001001 3
47 000111011 5
50 000010100 2
61 111001001 5
72 000000111 3

04 010101011 5
15 110001110 5
26 100111011 6
37 000110101 4 match 7
40 010101011 5
51 110001110 5
62 100111011 6
73 000110101 4 match 7

05 000010100 2
16 111001001 5
27 000000111 3
30 010100101 4
41 100110001 4
52 101111100 6
63 100001001 3
74 000111011 5

06 001010011 4
17 011110101 6 match 3
20 010010111 5
31 100111111 7
42 111000011 5
53 101001110 5
64 100000111 4
75 010000100 2

07 101101111 7
10 001100101 4
21 100001101 4
32 111001101 6 match 4
43 111110001 6
54 101000000 2
65 110111000 5
76 011000011 4

Matching output
0 absent
1 absent
2 absent
3 71 17
4 23 32
5 absent
6 absent
7 37 73

Left
none
Best: none

Right
37 26x
73 62x
Best: XOR-NOT37: 1

Selecting

Lefts
Identity none
NOT none
Constant none
AND AND35: 1
OR none
XOR none
AND-NOT AND-NOT34 45: 2
OR-NOT none
XOR-NOT none

Rights
Identity I2 1 0 7: 4
NOT none
Constant none
AND none
OR none
XOR none
AND-NOT none
OR-NOT none
XOR-NOT XOR-NOT37: 1

Left longest: 2
Right longest: 4

Right winner: Identity yes, NOT no, Constant no, AND no, OR no, XOR no, AND-NOT no, OR-NOT no, XOR-NOT no
Left winner: Identity no, NOT no, Constant no, AND no, OR no, XOR no, AND-NOT yes, OR-NOT no, XOR-NOT no

Best right: I2 1 0 7: 4
Best left: AND-NOT34 45: 2

Truncated right: I2 1 0 7: 4
Truncated left: AND-NOT34 45: 2

Tentative from right
7 I2
6 I1
5 I0
4 I7
3 pending
2 pending
1 pending
0 pending

Tentative
0 AND-NOT34
1 AND-NOT45
2 pending
3 pending
4 I7
5 I0
6 I1
7 I2

Preferred from right
7 I2
6 I1
5 I0
4 I7
3 ??6
2 ??5
1 AND-NOT45
0 AND-NOT34

Preferred from left
0 AND-NOT34
1 AND-NOT45
2 ??5
3 ??6
4 I7
5 I0
6 I1
7 I2

Preferred
0 AND-NOT34
1 AND-NOT45
2 ??5
3 ??6
4 I7
5 I0
6 I1
7 I2

Matching
0 AND-NOT34
1 AND-NOT45
2 ??5 - Identity absent, NOT absent, Constant absent, AND absent, OR absent, XOR absent, AND-NOT absent, OR-NOT absent, XOR-NOT absent
3 ??6 - Identity absent, NOT absent, Constant absent, AND absent, OR26, XOR absent, AND-NOT absent, OR-NOT absent, XOR-NOT absent
4 I7
5 I0
6 I1
7 I2

Perfect match
Identity no
NOT no
Constant no
AND no
OR no
XOR no
AND-NOT no
OR-NOT no
XOR-NOT no

Matched
0 AND-NOT34
1 AND-NOT45
2 none
3 OR26
4 I7
5 I0
6 I1
7 I2

Selected
0 AND-NOT34
1 AND-NOT45
2 default 1
3 OR26
4 I7
5 I0
6 I1
7 I2

Applying to 11011011
Input
0 1
1 1
2 0
3 1
4 1
5 0
6 1
7 1
Output
0 AND-NOT34 = AND(1,NOT(1)) = 0
1 AND-NOT45 = AND(1,NOT(0)) = 1
2 default 1 = 1
3 OR26 = OR(0,1) = 1
4 I7 = 1
5 I0 = 1
6 I1 = 1
7 I2 = 0

I will now return the answer in \boxed{}
The answer in \boxed{–} is \boxed{01111110}
[correct]
true
