[category]
bit_manipulation
[prompt]
In Alice's Wonderland, a secret bit manipulation rule transforms 8-bit binary numbers. The transformation involves operations like bit shifts, rotations, XOR, AND, OR, NOT, and possibly majority or choice functions.

Here are some examples of input -> output:
01100001 -> 11000111
11101010 -> 00001110
10001000 -> 01101110
01110101 -> 00000111
10101101 -> 10011010
10001011 -> 00111110
10100101 -> 00011011
10110001 -> 11011011
00110000 -> 11111011
01101101 -> 10000110

Now, determine the output for: 11101101
[completion]
We need to deduce the transformation by matching the example outputs.
I will put my final answer inside \boxed{}.

Output 0: 11000111
0 1
1 1
2 0
3 0
4 0
5 1
6 1
7 1

Output 1: 00001110
0 0
1 0
2 0
3 0
4 1
5 1
6 1
7 0

Output 2: 01101110
0 0
1 1
2 1
3 0
4 1
5 1
6 1
7 0

Output 3: 00000111
0 0
1 0
2 0
3 0
4 0
5 1
6 1
7 1

Output 4: 10011010
0 1
1 0
2 0
3 1
4 1
5 0
6 1
7 0

Output 5: 00111110
0 0
1 0
2 1
3 1
4 1
5 1
6 1
7 0

Output 6: 00011011
0 0
1 0
2 0
3 1
4 1
5 0
6 1
7 1

Output 7: 11011011
0 1
1 1
2 0
3 1
4 1
5 0
6 1
7 1

Output 8: 11111011
0 1
1 1
2 1
3 1
4 1
5 0
6 1
7 1

Output 9: 10000110
0 1
1 0
2 0
3 0
4 0
5 1
6 1
7 0

Output bit columns (with bitsum as hash)
0 1000100111 5
1 1010000110 4
2 0010010010 3
3 0000111110 5
4 0110111110 7
5 1111010001 6
6 1111111111 a
7 1001001110 5

Input 0: 01100001
0 0
1 1
2 1
3 0
4 0
5 0
6 0
7 1

Input 1: 11101010
0 1
1 1
2 1
3 0
4 1
5 0
6 1
7 0

Input 2: 10001000
0 1
1 0
2 0
3 0
4 1
5 0
6 0
7 0

Input 3: 01110101
0 0
1 1
2 1
3 1
4 0
5 1
6 0
7 1

Input 4: 10101101
0 1
1 0
2 1
3 0
4 1
5 1
6 0
7 1

Input 5: 10001011
0 1
1 0
2 0
3 0
4 1
5 0
6 1
7 1

Input 6: 10100101
0 1
1 0
2 1
3 0
4 0
5 1
6 0
7 1

Input 7: 10110001
0 1
1 0
2 1
3 1
4 0
5 0
6 0
7 1

Input 8: 00110000
0 0
1 0
2 1
3 1
4 0
5 0
6 0
7 0

Input 9: 01101101
0 0
1 1
2 1
3 0
4 1
5 1
6 0
7 1

When matching output
x: not in operator
y: wrong position

Identity
0 0110111100 6
1 1101000001 4
2 1101101111 8
3 0001000110 3
4 0110110001 5
5 0001101001 4
6 0100010000 2
7 1001111101 7

Matching output
0 absent
1 absent
2 absent
3 absent
4 absent
5 absent
6 absent
7 absent

Left
none
Best: none

Right
none
Best: none

NOT
0 1001000011 4
1 0010111110 6
2 0010010000 2
3 1110111001 7
4 1001001110 5 match 7
5 1110010110 6
6 1011101111 8
7 0110000010 3

Matching output
0 absent
1 absent
2 absent
3 absent
4 absent
5 absent
6 absent
7 4

Left
none
Best: none

Right
4 3x
Best: NOT4: 1

Constant
0 0000000000 a
1 1111111111 a match 6

Matching output
0 absent
1 absent
2 absent
3 absent
4 absent
5 absent
6 C1
7 absent

Left
none
Best: none

Right
none
Best: none

AND
01 10 0100000000 1
12 21 1101000001 4
23 32 0001000110 3
34 43 0000000000 a
45 54 0000100001 2
56 65 0000000000 a
67 76 0000010000 1
70 07 0000111100 4

02 20 0100101100 4
13 31 0001000000 1
24 42 0100100001 3
35 53 0001000000 1
46 64 0100010000 2
57 75 0001101001 4
60 06 0100010000 2
71 17 1001000001 3

03 30 0000000100 1
14 41 0100000001 2
25 52 0001101001 4
36 63 0000000000 a
47 74 0000110001 3
50 05 0000101000 2
61 16 0100000000 1
72 27 1001101101 6

04 40 0110110000 4
15 51 0001000001 2
26 62 0100000000 1
37 73 0001000100 2

Matching output
0 absent
1 absent
2 absent
3 absent
4 absent
5 absent
6 absent
7 absent

Left
none
Best: none

Right
none
Best: none

OR
01 10 1111111101 9
12 21 1101101111 8
23 32 1101101111 8
34 43 0111110111 8
45 54 0111111001 7
56 65 0101111001 6
67 76 1101111101 8
70 07 1111111101 9

02 20 1111111111 a match 6
13 31 1101000111 6
24 42 1111111111 a match 6
35 53 0001101111 6
46 64 0110110001 5
57 75 1001111101 7
60 06 0110111100 6
71 17 1101111101 8

03 30 0111111110 8
14 41 1111110001 7
25 52 1101101111 8
36 63 0101010110 5
47 74 1111111101 9
50 05 0111111101 8
61 16 1101010001 5
72 27 1101111111 9

04 40 0110111101 7
15 51 1101101001 6
26 62 1101111111 9
37 73 1001111111 8

Matching output
0 absent
1 absent
2 absent
3 absent
4 absent
5 absent
6 02 20 24 42
7 absent

Left
none
Best: none

Right
none
Best: none

XOR
01 10 1011111101 8
12 21 0000101110 4
23 32 1100101001 5
34 43 0111110111 8
45 54 0111011000 5
56 65 0101111001 6
67 76 1101101101 7
70 07 1111000001 5

02 20 1011010011 6
13 31 1100000111 5
24 42 1011011110 7
35 53 0000101111 5
46 64 0010100001 3
57 75 1000010100 3
60 06 0010101100 4
71 17 0100111100 5

03 30 0111111010 7
14 41 1011110000 5
25 52 1100000110 4
36 63 0101010110 5
47 74 1111001100 6
50 05 0111010101 6
61 16 1001010001 4
72 27 0100010010 3

04 40 0000001101 3
15 51 1100101000 4
26 62 1001111111 8
37 73 1000111011 6

Matching output
0 absent
1 absent
2 absent
3 absent
4 absent
5 absent
6 absent
7 absent

Left
none
Best: none

Right
none
Best: none

AND-NOT
01 0010111100 5
12 0000000000 a
23 1100101001 5
34 0001000110 3
45 0110010000 3
56 0001101001 4
67 0100000000 1
70 1001000001 3

02 0010010000 2
13 1100000001 3
24 1001001110 5 match 7
35 0000000110 2
46 0010100001 3
57 0000000000 a
60 0000000000 a
71 0000111100 4

03 0110111000 5
14 1001000000 2
25 1100000110 4
36 0001000110 3
47 0110000000 2
50 0001000001 2
61 0000010000 1
72 0000010000 1

04 0000001100 2
15 1100000000 2
26 1001101111 7
37 0000000010 1
40 0000000001 1
51 0000101000 2
62 0000010000 1
73 1000111001 5

05 0110010100 4
16 1001000001 3
27 0100000010 2
30 0001000010 2
41 0010110000 3
52 0000000000 a
63 0100010000 2
74 1001001100 4

06 0010101100 4
17 0100000000 1
20 1001000011 4
31 0000000110 2
42 0010010000 2
53 0000101001 3
64 0000000000 a
75 1000010100 3

07 0110000000 2
10 1001000001 3
21 0000101110 4
32 0000000000 a
43 0110110001 5
54 0001001000 2
65 0100010000 2
76 1001101101 6

Matching output
0 absent
1 absent
2 absent
3 absent
4 absent
5 absent
6 absent
7 24

Left
none
Best: none

Right
24 13x
Best: AND-NOT24: 1

OR-NOT
01 0110111110 7 match 4
12 1111010001 6 match 5
23 1111111111 a match 6
34 1001001110 5 match 7
45 1110110111 8
56 1011101111 8
67 0110010010 4
70 1001111111 8

02 0110111100 6
13 1111111001 8
24 1101101111 8
35 1111010110 7
46 1111111111 a match 6
57 0111101011 7
60 1101010011 6
71 1011111111 9

03 1110111101 8
14 1101001111 7
25 1111111111 a match 6
36 1011101111 8
47 0110110011 6
50 1001101011 6
61 0110111110 7 match 4
72 1011111101 8

04 1111111110 9
15 1111010111 8
26 1111101111 9
37 0111000110 5
40 1111110011 8
51 0011111111 8
62 0110010000 3
73 1111111101 9

05 1110111110 8
16 1111101111 9
27 1111101111 9
30 1001000111 5
41 0110111111 8
52 0011111001 6
63 1110111001 7
74 1001111111 8

06 1111111111 a match 6
17 1111000011 6
20 1101101111 8
31 0011111110 7
42 0110110001 5
53 1111111001 8
64 1101011110 7
75 1111111111 a match 6

07 0110111110 7 match 4
10 1101000011 5
21 1111111111 a match 6
32 0011010110 5
43 1110111001 7
54 1001101111 7
65 1110010110 6
76 1011111111 9

Matching output
0 absent
1 absent
2 absent
3 absent
4 01 61 07
5 12
6 23 46 25 06 75 21
7 34

Left
none
Best: none

Right
34 23 12 01 70x
Best: OR-NOT34 23 12 01: 4

XOR-NOT
01 0100000010 2
12 1111010001 6 match 5
23 0011010110 5
34 1000001000 2
45 1000100111 5 match 0
56 1010000110 4 match 1
67 0010010010 3 match 2
70 0000111110 5 match 3

02 0100101100 4
13 0011111000 5
24 0100100001 3
35 1111010000 5
46 1101011110 7
57 0111101011 7
60 1101010011 6
71 1011000011 5

03 1000000101 3
14 0100001111 5
25 0011111001 6
36 1010101001 5
47 0000110011 4
50 1000101010 4
61 0110101110 6
72 1011101101 7

04 1111110010 7
15 0011010111 6
26 0110000000 2
37 0111000100 4
40 1111110010 7
51 0011010111 6
62 0110000000 2
73 0111000100 4

05 1000101010 4
16 0110101110 6
27 1011101101 7
30 1000000101 3
41 0100001111 5
52 0011111001 6
63 1010101001 5
74 0000110011 4

06 1101010011 6
17 1011000011 5
20 0100101100 4
31 0011111000 5
42 0100100001 3
53 1111010000 5
64 1101011110 7
75 0111101011 7

07 0000111110 5 match 3
10 0100000010 2
21 1111010001 6 match 5
32 0011010110 5
43 1000001000 2
54 1000100111 5 match 0
65 1010000110 4 match 1
76 0010010010 3 match 2

Matching output
0 45 54
1 56 65
2 67 76
3 70 07
4 absent
5 12 21
6 absent
7 absent

Left
45 56 67 70 01x
54 65 76 07 10x
Best: XOR-NOT45 56 67 70: 4

Right
none
Best: none

Selecting

Lefts
Identity none
NOT none
Constant none
AND none
OR none
XOR none
AND-NOT none
OR-NOT none
XOR-NOT XOR-NOT45 56 67 70: 4

Rights
Identity none
NOT NOT4: 1
Constant none
AND none
OR none
XOR none
AND-NOT AND-NOT24: 1
OR-NOT OR-NOT34 23 12 01: 4
XOR-NOT none

Left longest: 4
Right longest: 4

Left winner: Identity no, NOT no, Constant no, AND no, OR no, XOR no, AND-NOT no, OR-NOT no, XOR-NOT yes
Right winner: Identity no, NOT no, Constant no, AND no, OR no, XOR no, AND-NOT no, OR-NOT yes, XOR-NOT no

Best left: XOR-NOT45 56 67 70: 4
Best right: OR-NOT34 23 12 01: 4

Truncated left: XOR-NOT45 56 67 70: 4
Truncated right: OR-NOT34 23 12 01: 4

Tentative from right
7 OR-NOT34
6 OR-NOT23
5 OR-NOT12
4 OR-NOT01
3 pending
2 pending
1 pending
0 pending

Tentative
0 XOR-NOT45
1 XOR-NOT56
2 XOR-NOT67
3 XOR-NOT70
4 OR-NOT01
5 OR-NOT12
6 OR-NOT23
7 OR-NOT34

Preferred from left
0 XOR-NOT45
1 XOR-NOT56
2 XOR-NOT67
3 XOR-NOT70
4 OR-NOT01
5 OR-NOT12
6 OR-NOT23
7 OR-NOT34

Preferred from right
7 OR-NOT34
6 OR-NOT23
5 OR-NOT12
4 OR-NOT01
3 XOR-NOT70
2 XOR-NOT67
1 XOR-NOT56
0 XOR-NOT45

Preferred
0 XOR-NOT45
1 XOR-NOT56
2 XOR-NOT67
3 XOR-NOT70
4 OR-NOT01
5 OR-NOT12
6 OR-NOT23
7 OR-NOT34

Matching
0 XOR-NOT45
1 XOR-NOT56
2 XOR-NOT67
3 XOR-NOT70
4 OR-NOT01
5 OR-NOT12
6 OR-NOT23
7 OR-NOT34

Perfect match
Identity no
NOT no
Constant no
AND no
OR no
XOR no
AND-NOT no
OR-NOT no
XOR-NOT no

Matched
0 XOR-NOT45
1 XOR-NOT56
2 XOR-NOT67
3 XOR-NOT70
4 OR-NOT01
5 OR-NOT12
6 OR-NOT23
7 OR-NOT34

Selected
0 XOR-NOT45
1 XOR-NOT56
2 XOR-NOT67
3 XOR-NOT70
4 OR-NOT01
5 OR-NOT12
6 OR-NOT23
7 OR-NOT34

Applying to 11101101
Input
0 1
1 1
2 1
3 0
4 1
5 1
6 0
7 1
Output
0 XOR-NOT45 = XOR(1,NOT(1)) = 1
1 XOR-NOT56 = XOR(1,NOT(0)) = 0
2 XOR-NOT67 = XOR(0,NOT(1)) = 0
3 XOR-NOT70 = XOR(1,NOT(1)) = 1
4 OR-NOT01 = OR(1,NOT(1)) = 1
5 OR-NOT12 = OR(1,NOT(1)) = 1
6 OR-NOT23 = OR(1,NOT(0)) = 1
7 OR-NOT34 = OR(0,NOT(1)) = 0

I will now return the answer in \boxed{}
The answer in \boxed{–} is \boxed{10011110}
[correct]
true
