[category]
bit_manipulation
[prompt]
In Alice's Wonderland, a secret bit manipulation rule transforms 8-bit binary numbers. The transformation involves operations like bit shifts, rotations, XOR, AND, OR, NOT, and possibly majority or choice functions.

Here are some examples of input -> output:
00001010 -> 10100000
10101110 -> 11100010
01100100 -> 01000000
10011100 -> 11000000
00000111 -> 01110000
01001110 -> 11100000
01111010 -> 10100001
00011011 -> 10110000
00111110 -> 11100000
11011001 -> 10010001

Now, determine the output for: 10110010
[completion]
We need to deduce the transformation by matching the example outputs.
I will put my final answer inside \boxed{}.

Output 0: 10100000
0 1
1 0
2 1
3 0
4 0
5 0
6 0
7 0

Output 1: 11100010
0 1
1 1
2 1
3 0
4 0
5 0
6 1
7 0

Output 2: 01000000
0 0
1 1
2 0
3 0
4 0
5 0
6 0
7 0

Output 3: 11000000
0 1
1 1
2 0
3 0
4 0
5 0
6 0
7 0

Output 4: 01110000
0 0
1 1
2 1
3 1
4 0
5 0
6 0
7 0

Output 5: 11100000
0 1
1 1
2 1
3 0
4 0
5 0
6 0
7 0

Output 6: 10100001
0 1
1 0
2 1
3 0
4 0
5 0
6 0
7 1

Output 7: 10110000
0 1
1 0
2 1
3 1
4 0
5 0
6 0
7 0

Output 8: 11100000
0 1
1 1
2 1
3 0
4 0
5 0
6 0
7 0

Output 9: 10010001
0 1
1 0
2 0
3 1
4 0
5 0
6 0
7 1

Output bit columns (with bitsum as hash)
0 1101011111 8
1 0111110010 6
2 1100111110 7
3 0000100101 3
4 0000000000 a
5 0000000000 a
6 0100000000 1
7 0000001001 2

Input 0: 00001010
0 0
1 0
2 0
3 0
4 1
5 0
6 1
7 0

Input 1: 10101110
0 1
1 0
2 1
3 0
4 1
5 1
6 1
7 0

Input 2: 01100100
0 0
1 1
2 1
3 0
4 0
5 1
6 0
7 0

Input 3: 10011100
0 1
1 0
2 0
3 1
4 1
5 1
6 0
7 0

Input 4: 00000111
0 0
1 0
2 0
3 0
4 0
5 1
6 1
7 1

Input 5: 01001110
0 0
1 1
2 0
3 0
4 1
5 1
6 1
7 0

Input 6: 01111010
0 0
1 1
2 1
3 1
4 1
5 0
6 1
7 0

Input 7: 00011011
0 0
1 0
2 0
3 1
4 1
5 0
6 1
7 1

Input 8: 00111110
0 0
1 0
2 1
3 1
4 1
5 1
6 1
7 0

Input 9: 11011001
0 1
1 1
2 0
3 1
4 1
5 0
6 0
7 1

When matching output
x: not in operator
y: wrong position

Identity
0 0101000001 3
1 0010011001 4
2 0110001010 4
3 0001001111 5
4 1101011111 8 match 0
5 0111110010 6 match 1
6 1100111110 7 match 2
7 0000100101 3 match 3

Matching output
0 4
1 5
2 6
3 7
4 absent
5 absent
6 absent
7 absent

Left
4 5 6 7 0x
Best: I4 5 6 7: 4

Right
none
Best: none

NOT
0 1010111110 7
1 1101100110 6
2 1001110101 6
3 1110110000 5
4 0010100000 2
5 1000001101 4
6 0011000001 3
7 1111011010 7

Matching output
0 absent
1 absent
2 absent
3 absent
4 absent
5 absent
6 absent
7 absent

Left
none
Best: none

Right
none
Best: none

Constant
0 0000000000 a match 4 5
1 1111111111 a

Matching output
0 absent
1 absent
2 absent
3 absent
4 C0
5 C0
6 absent
7 absent

Left
none
Best: none

Right
none
Best: none

AND
01 10 0000000001 1
12 21 0010001000 2
23 32 0000001010 2
34 43 0001001111 5
45 54 0101010010 4
56 65 0100110010 4
67 76 0000100100 2
70 07 0000000001 1

02 20 0100000000 1 match 6
13 31 0000001001 2 match 7
24 42 0100001010 3
35 53 0001000010 2
46 64 1100011110 6
57 75 0000100000 1
60 06 0100000000 1 match 6
71 17 0000000001 1

03 30 0001000001 2
14 41 0000011001 3
25 52 0110000010 3
36 63 0000001110 3
47 74 0000000101 2
50 05 0101000000 2
61 16 0000011000 2
72 27 0000000000 a match 4 5

04 40 0101000001 3
15 51 0010010000 2
26 62 0100001010 3
37 73 0000000101 2

Matching output
0 absent
1 absent
2 absent
3 absent
4 72 27
5 72 27
6 02 20 60 06
7 13 31

Left
none
Best: none

Right
13 02 71x
31 20 17x
Best: AND13 02: 2

OR
01 10 0111011001 6
12 21 0110011011 6
23 32 0111001111 7
34 43 1101011111 8 match 0
45 54 1111111111 a
56 65 1111111110 9
67 76 1100111111 8
70 07 0101100101 5

02 20 0111001011 6
13 31 0011011111 7
24 42 1111011111 9
35 53 0111111111 9
46 64 1101111111 9
57 75 0111110111 8
60 06 1101111111 9
71 17 0010111101 6

03 30 0101001111 6
14 41 1111011111 9
25 52 0111111010 7
36 63 1101111111 9
47 74 1101111111 9
50 05 0111110011 7
61 16 1110111111 9
72 27 0110101111 7

04 40 1101011111 8 match 0
15 51 0111111011 8
26 62 1110111110 8
37 73 0001101111 6

Matching output
0 34 43 04 40
1 absent
2 absent
3 absent
4 absent
5 absent
6 absent
7 absent

Left
34 45x
43 54x
04 15x
40 51x
Best: OR34: 1

Right
none
Best: none

XOR
01 10 0111011000 5
12 21 0100010011 4
23 32 0111000101 5
34 43 1100010000 3
45 54 1010101101 6
56 65 1011001100 5
67 76 1100011011 6
70 07 0101100100 4

02 20 0011001011 5
13 31 0011010110 5
24 42 1011010101 6
35 53 0110111101 7
46 64 0001100001 3
57 75 0111010111 7
60 06 1001111111 8
71 17 0010111100 5

03 30 0100001110 4
14 41 1111000110 6
25 52 0001111000 4
36 63 1101110001 6
47 74 1101111010 7
50 05 0010110011 5
61 16 1110100111 7
72 27 0110101111 7

04 40 1000011110 5
15 51 0101101011 6
26 62 1010110100 5
37 73 0001101010 4

Matching output
0 absent
1 absent
2 absent
3 absent
4 absent
5 absent
6 absent
7 absent

Left
none
Best: none

Right
none
Best: none

AND-NOT
01 0101000000 2
12 0000010001 2
23 0110000000 2
34 0000000000 a match 4 5
45 1000001101 4
56 0011000000 2
67 1100011010 5
70 0000100100 2

02 0001000001 2
13 0010010000 2
24 0010000000 1
35 0000001101 3
46 0001000001 2
57 0111010010 5
60 1000111110 6
71 0000100100 2

03 0100000000 1 match 6
14 0010000000 1
25 0000001000 1
36 0001000001 2
47 1101011010 6
50 0010110010 4
61 1100100110 5
72 0000100101 3 match 3

04 0000000000 a match 4 5
15 0000001001 2 match 7
26 0010000000 1
37 0001001010 3
40 1000011110 5
51 0101100010 4
62 1000110100 4
73 0000100000 1

05 0000000001 1
16 0010000001 2
27 0110001010 4
30 0000001110 3
41 1101000110 5
52 0001110000 3
63 1100110000 4
74 0000100000 1

06 0001000001 2
17 0010011000 3
20 0010001010 3
31 0001000110 3
42 1001010101 5
53 0110110000 4
64 0000100000 1
75 0000000101 2

07 0101000000 2
10 0010011000 3
21 0100000010 2
32 0001000101 3
43 1100010000 3
54 0010100000 2
65 1000001100 3
76 0000000001 1

Matching output
0 absent
1 absent
2 absent
3 72
4 34 04
5 34 04
6 03
7 15

Left
none
Best: none

Right
15 04y
Best: AND-NOT15: 1

OR-NOT
01 1101100111 7
12 1011111101 8
23 1110111010 7
34 0011101111 7
45 1101011111 8 match 0
56 0111110011 7
67 1111111110 9
70 1010111111 8

02 1101110101 7
13 1110111001 7
24 0110101010 5
35 1001001111 6
46 1111011111 9
57 1111111010 8
60 1110111110 8
71 1101100111 7

03 1111110001 7
14 0010111001 5
25 1110001111 7
36 0011001111 6
47 1111011111 9
50 1111111110 9
61 1101111110 8
72 1001110101 6

04 0111100001 5
15 1010011101 6
26 0111001011 6
37 1111011111 9
40 1111111111 a
51 1111110110 8
62 1101111111 9
73 1110110101 7

05 1101001101 6
16 0011011001 5
27 1111011010 7
30 1011111111 9
41 1101111111 9
52 1111110111 9
63 1110111110 8
74 0010100101 4

06 0111000001 4
17 1111011011 8
20 1110111110 8
31 1101101111 8
42 1101111111 9
53 1111110010 7
64 1110111110 8
75 1000101101 5

07 1111011011 8
10 1010111111 8
21 1111101110 8
32 1001111111 8
43 1111111111 a
54 0111110010 6 match 1
65 1100111111 8
76 0011100101 5

Matching output
0 45
1 54
2 absent
3 absent
4 absent
5 absent
6 absent
7 absent

Left
45 56x
Best: OR-NOT45: 1

Right
none
Best: none

XOR-NOT
01 1000100111 5
12 1011101100 6
23 1000111010 5
34 0011101111 7
45 0101010010 4
56 0100110011 5
67 0011100100 4
70 1010011011 6

02 1100110100 5
13 1100101001 5
24 0100101010 4
35 1001000010 3
46 1110011110 7
57 1000101000 3
60 0110000000 2
71 1101000011 5

03 1011110001 6
14 0000111001 4
25 1110000111 6
36 0010001110 4
47 0010000101 3
50 1101001100 5
61 0001011000 3
72 1001010000 3

04 0111100001 5
15 1010010100 4
26 0101001011 5
37 1110010101 6
40 0111100001 5
51 1010010100 4
62 0101001011 5
73 1110010101 6

05 1101001100 5
16 0001011000 3
27 1001010000 3
30 1011110001 6
41 0000111001 4
52 1110000111 6
63 0010001110 4
74 0010000101 3

06 0110000000 2
17 1101000011 5
20 1100110100 5
31 1100101001 5
42 0100101010 4
53 1001000010 3
64 1110011110 7
75 1000101000 3

07 1010011011 6
10 1000100111 5
21 1011101100 6
32 1000111010 5
43 0011101111 7
54 0101010010 4
65 0100110011 5
76 0011100100 4

Matching output
0 absent
1 absent
2 absent
3 absent
4 absent
5 absent
6 absent
7 absent

Left
none
Best: none

Right
none
Best: none

Selecting

Lefts
Identity I4 5 6 7: 4
NOT none
Constant none
AND none
OR OR34: 1
XOR none
AND-NOT none
OR-NOT OR-NOT45: 1
XOR-NOT none

Rights
Identity none
NOT none
Constant none
AND AND13 02: 2
OR none
XOR none
AND-NOT AND-NOT15: 1
OR-NOT none
XOR-NOT none

Left longest: 4
Right longest: 2

Left winner: Identity yes, NOT no, Constant no, AND no, OR no, XOR no, AND-NOT no, OR-NOT no, XOR-NOT no
Right winner: Identity no, NOT no, Constant no, AND yes, OR no, XOR no, AND-NOT no, OR-NOT no, XOR-NOT no

Best left: I4 5 6 7: 4
Best right: AND13 02: 2

Truncated left: I4 5 6 7: 4
Truncated right: AND13 02: 2

Tentative from right
7 AND13
6 AND02
5 pending
4 pending
3 pending
2 pending
1 pending
0 pending

Tentative
0 I4
1 I5
2 I6
3 I7
4 pending
5 pending
6 AND02
7 AND13

Preferred from left
0 I4
1 I5
2 I6
3 I7
4 ?0?
5 ?1?
6 AND02
7 AND13

Preferred from right
7 AND13
6 AND02
5 ?1?
4 ?0?
3 I7
2 I6
1 I5
0 I4

Preferred
0 I4
1 I5
2 I6
3 I7
4 ?0?
5 ?1?
6 AND02
7 AND13

Matching
0 I4
1 I5
2 I6
3 I7
4 ?0? - Identity absent, NOT absent, Constant C0, AND absent, OR absent, XOR absent, AND-NOT04, OR-NOT absent, XOR-NOT absent
5 ?1? - Identity absent, NOT absent, Constant C0, AND absent, OR absent, XOR absent, AND-NOT absent, OR-NOT absent, XOR-NOT absent
6 AND02
7 AND13

Perfect match
Identity no
NOT no
Constant yes
AND no
OR no
XOR no
AND-NOT no
OR-NOT no
XOR-NOT no

Matched
0 I4
1 I5
2 I6
3 I7
4 C0
5 C0
6 AND02
7 AND13

Selected
0 I4
1 I5
2 I6
3 I7
4 C0
5 C0
6 AND02
7 AND13

Applying to 10110010
Input
0 1
1 0
2 1
3 1
4 0
5 0
6 1
7 0
Output
0 I4 = 0
1 I5 = 0
2 I6 = 1
3 I7 = 0
4 C0 = 0
5 C0 = 0
6 AND02 = AND(1,1) = 1
7 AND13 = AND(0,1) = 0

I will now return the answer in \boxed{}
The answer in \boxed{–} is \boxed{00100010}
[correct]
true
