[category]
bit_manipulation
[prompt]
In Alice's Wonderland, a secret bit manipulation rule transforms 8-bit binary numbers. The transformation involves operations like bit shifts, rotations, XOR, AND, OR, NOT, and possibly majority or choice functions.

Here are some examples of input -> output:
01100000 -> 11100111
10111011 -> 11001101
01001110 -> 00011110
10110101 -> 00111111
10000010 -> 01001111
01111101 -> 01001011
00100011 -> 00101111
00001101 -> 11010100
10101000 -> 10010101

Now, determine the output for: 00010000
[completion]
We need to deduce the transformation by matching the example outputs.
I will put my final answer inside \boxed{}.

Output 0: 11100111
0 1
1 1
2 1
3 0
4 0
5 1
6 1
7 1

Output 1: 11001101
0 1
1 1
2 0
3 0
4 1
5 1
6 0
7 1

Output 2: 00011110
0 0
1 0
2 0
3 1
4 1
5 1
6 1
7 0

Output 3: 00111111
0 0
1 0
2 1
3 1
4 1
5 1
6 1
7 1

Output 4: 01001111
0 0
1 1
2 0
3 0
4 1
5 1
6 1
7 1

Output 5: 01001011
0 0
1 1
2 0
3 0
4 1
5 0
6 1
7 1

Output 6: 00101111
0 0
1 0
2 1
3 0
4 1
5 1
6 1
7 1

Output 7: 11010100
0 1
1 1
2 0
3 1
4 0
5 1
6 0
7 0

Output 8: 10010101
0 1
1 0
2 0
3 1
4 0
5 1
6 0
7 1

Output bit columns (with bitsum as hash)
0 110000011 4
1 110011010 5
2 100100100 3
3 001100011 4
4 011111100 6
5 111110111 8
6 101111100 6
7 110111101 7

Input 0: 01100000
0 0
1 1
2 1
3 0
4 0
5 0
6 0
7 0

Input 1: 10111011
0 1
1 0
2 1
3 1
4 1
5 0
6 1
7 1

Input 2: 01001110
0 0
1 1
2 0
3 0
4 1
5 1
6 1
7 0

Input 3: 10110101
0 1
1 0
2 1
3 1
4 0
5 1
6 0
7 1

Input 4: 10000010
0 1
1 0
2 0
3 0
4 0
5 0
6 1
7 0

Input 5: 01111101
0 0
1 1
2 1
3 1
4 1
5 1
6 0
7 1

Input 6: 00100011
0 0
1 0
2 1
3 0
4 0
5 0
6 1
7 1

Input 7: 00001101
0 0
1 0
2 0
3 0
4 1
5 1
6 0
7 1

Input 8: 10101000
0 1
1 0
2 1
3 0
4 1
5 0
6 0
7 0

When matching output
x: not in operator
y: wrong position

Identity
0 010110001 4
1 101001000 3
2 110101101 6
3 010101000 3
4 011001011 5
5 001101010 4
6 011010100 4
7 010101110 5

Matching output
0 absent
1 absent
2 absent
3 absent
4 absent
5 absent
6 absent
7 absent

Left
none
Best: none

Right
none
Best: none

NOT
0 101001110 5
1 010110111 6
2 001010010 3
3 101010111 6
4 100110100 4
5 110010101 5
6 100101011 5
7 101010001 4

Matching output
0 absent
1 absent
2 absent
3 absent
4 absent
5 absent
6 absent
7 absent

Left
none
Best: none

Right
none
Best: none

Constant
0 000000000 a
1 111111111 a

Matching output
0 absent
1 absent
2 absent
3 absent
4 absent
5 absent
6 absent
7 absent

Left
none
Best: none

Right
none
Best: none

AND
01 10 000000000 a
12 21 100001000 2
23 32 010101000 3
34 43 010001000 2
45 54 001001010 3
56 65 001000000 1
67 76 010000100 2
70 07 010100000 2

02 20 010100001 3
13 31 000001000 1
24 42 010001001 3
35 53 000101000 2
46 64 011000000 2
57 75 000101010 3
60 06 010010000 2
71 17 000001000 1

03 30 010100000 2
14 41 001001000 2
25 52 000101000 2
36 63 010000000 1
47 74 010001010 3
50 05 000100000 1
61 16 001000000 1
72 27 010101100 4

04 40 010000001 2
15 51 001001000 2
26 62 010000100 2
37 73 010101000 3

Matching output
0 absent
1 absent
2 absent
3 absent
4 absent
5 absent
6 absent
7 absent

Left
none
Best: none

Right
none
Best: none

OR
01 10 111111001 7
12 21 111101101 7
23 32 110101101 6
34 43 011101011 6
45 54 011101011 6
56 65 011111110 7
67 76 011111110 7
70 07 010111111 7

02 20 110111101 7 match 7
13 31 111101000 5
24 42 111101111 8
35 53 011101010 5
46 64 011011111 7
57 75 011101110 6
60 06 011110101 6
71 17 111101110 7

03 30 010111001 5
14 41 111001011 6
25 52 111101111 8
36 63 011111100 6 match 4
47 74 011101111 7
50 05 011111011 7
61 16 111011100 6
72 27 110101111 7

04 40 011111011 7
15 51 101101010 5
26 62 111111101 8
37 73 010101110 5

Matching output
0 absent
1 absent
2 absent
3 absent
4 36 63
5 absent
6 absent
7 02 20

Left
none
Best: none

Right
02 71x
20 17x
Best: OR02: 1

XOR
01 10 111111001 7
12 21 011100101 5
23 32 100000101 3
34 43 001100011 4 match 3
45 54 010100001 3
56 65 010111110 6
67 76 001111010 5
70 07 000011111 5

02 20 100011100 4
13 31 111100000 4
24 42 101100110 5
35 53 011000010 3
46 64 000011111 5
57 75 011000100 3
60 06 001100101 4
71 17 111100110 6

03 30 000011001 3
14 41 110000011 4 match 0
25 52 111000111 6
36 63 001111100 5
47 74 001100101 4
50 05 011011011 6
61 16 110011100 5
72 27 100000011 3

04 40 001111010 5
15 51 100100010 3
26 62 101111001 6
37 73 000000110 2

Matching output
0 14 41
1 absent
2 absent
3 34 43
4 absent
5 absent
6 absent
7 absent

Left
14 25x
41 52x
Best: XOR14: 1

Right
none
Best: none

AND-NOT
01 010110001 4
12 001000000 1
23 100000101 3
34 000100000 1
45 010000001 2
56 000101010 3
67 001010000 2
70 000001110 3

02 000010000 1
13 101000000 2
24 100100100 3 match 2
35 010000000 1
46 000001011 3
57 001000000 1
60 001000100 2
71 010100110 4

03 000010001 2
14 100000000 1
25 110000101 4
36 000101000 2
47 001000001 2
50 001001010 3
61 010010100 3
72 000000010 1

04 000110000 2
15 100000000 1
26 100101001 4
37 000000000 a
40 001001010 3
51 000100010 2
62 001010000 2
73 000000110 2

05 010010001 3
16 100001000 2
27 100000001 2
30 000001000 1
41 010000011 3
52 001000010 2
63 001010100 3
74 000100100 2

06 000100001 2
17 101000000 2
20 100001100 3
31 010100000 2
42 001000010 2
53 001000010 2
64 000010100 2
75 010000100 2

07 000010001 2
10 101001000 3
21 010100101 4
32 000000000 a
43 001000011 3
54 000100000 1
65 010010100 3
76 000101010 3

Matching output
0 absent
1 absent
2 24
3 absent
4 absent
5 absent
6 absent
7 absent

Left
none
Best: none

Right
none
Best: none

OR-NOT
01 010110111 6
12 101011010 5
23 111111111 a
34 110111100 6
45 111011111 8
56 101101011 6
67 111010101 6
70 111101110 7

02 011110011 6
13 101011111 7
24 110111101 7 match 7
35 110111101 7 match 7
46 111101011 7
57 101111011 7
60 111011110 7
71 010111111 7

03 111110111 8 match 5
14 101111100 6 match 6
25 110111101 7 match 7
36 110101011 6
47 111011011 7
50 101101110 6
61 011110111 7
72 011111110 7

04 110110101 6
15 111011101 7
26 110101111 7
37 111111001 7
40 111001111 7
51 011111111 8
62 011010110 5
73 111111111 a

05 110110101 6
16 101101011 6
27 111111101 8
30 111101110 7
41 011111111 8
52 001111010 5
63 111010111 7
74 110111110 7

06 110111011 7
17 101011001 5
20 111101111 8
31 010111111 7
42 011011011 6
53 101111111 8
64 111110100 6
75 110111111 8

07 111110001 6
10 101001110 5
21 110111111 8
32 011111010 6
43 111011111 8
54 101111110 7
65 111010101 6
76 110101111 7

Matching output
0 absent
1 absent
2 absent
3 absent
4 absent
5 03
6 14
7 24 35 25

Left
none
Best: none

Right
24 13x
35 24y
25 14 03 72x
Best: OR-NOT25 14 03: 3

XOR-NOT
01 000000110 2
12 100011010 4
23 011111010 6
34 110011100 5
45 101011110 6
56 101000001 3
67 110000101 4
70 111100000 4

02 011100011 5
13 000011111 5
24 010011001 4
35 100111101 6
46 111100000 4
57 100111011 6
60 110011010 5 match 1
71 000011001 3

03 111100110 6
14 001111100 5
25 000111000 3
36 110000011 4 match 0
47 110011010 5 match 1
50 100100100 3 match 2
61 001100011 4 match 3
72 011111100 6 match 4

04 110000101 4
15 011011101 6
26 010000110 3
37 111111001 7
40 110000101 4
51 011011101 6
62 010000110 3
73 111111001 7

05 100100100 3 match 2
16 001100011 4 match 3
27 011111100 6 match 4
30 111100110 6
41 001111100 5
52 000111000 3
63 110000011 4 match 0
74 110011010 5 match 1

06 110011010 5 match 1
17 000011001 3
20 011100011 5
31 000011111 5
42 010011001 4
53 100111101 6
64 111100000 4
75 100111011 6

07 111100000 4
10 000000110 2
21 100011010 4
32 011111010 6
43 110011100 5
54 101011110 6
65 101000001 3
76 110000101 4

Matching output
0 36 63
1 60 47 74 06
2 50 05
3 61 16
4 72 27
5 absent
6 absent
7 absent

Left
36 47 50 61 72 03x
63 74 05 16 27 30x
Best: XOR-NOT36 47 50 61 72: 5

Right
none
Best: none

Selecting

Lefts
Identity none
NOT none
Constant none
AND none
OR none
XOR XOR14: 1
AND-NOT none
OR-NOT none
XOR-NOT XOR-NOT36 47 50 61 72: 5

Rights
Identity none
NOT none
Constant none
AND none
OR OR02: 1
XOR none
AND-NOT none
OR-NOT OR-NOT25 14 03: 3
XOR-NOT none

Left longest: 5
Right longest: 3

Left winner: Identity no, NOT no, Constant no, AND no, OR no, XOR no, AND-NOT no, OR-NOT no, XOR-NOT yes
Right winner: Identity no, NOT no, Constant no, AND no, OR no, XOR no, AND-NOT no, OR-NOT yes, XOR-NOT no

Best left: XOR-NOT36 47 50 61 72: 5
Best right: OR-NOT25 14 03: 3

Truncated left: XOR-NOT36 47 50 61 72: 5
Truncated right: OR-NOT25 14 03: 3

Tentative from right
7 OR-NOT25
6 OR-NOT14
5 OR-NOT03
4 pending
3 pending
2 pending
1 pending
0 pending

Tentative
0 XOR-NOT36
1 XOR-NOT47
2 XOR-NOT50
3 XOR-NOT61
4 XOR-NOT72
5 OR-NOT03
6 OR-NOT14
7 OR-NOT25

Preferred from left
0 XOR-NOT36
1 XOR-NOT47
2 XOR-NOT50
3 XOR-NOT61
4 XOR-NOT72
5 OR-NOT03
6 OR-NOT14
7 OR-NOT25

Preferred from right
7 OR-NOT25
6 OR-NOT14
5 OR-NOT03
4 XOR-NOT72
3 XOR-NOT61
2 XOR-NOT50
1 XOR-NOT47
0 XOR-NOT36

Preferred
0 XOR-NOT36
1 XOR-NOT47
2 XOR-NOT50
3 XOR-NOT61
4 XOR-NOT72
5 OR-NOT03
6 OR-NOT14
7 OR-NOT25

Matching
0 XOR-NOT36
1 XOR-NOT47
2 XOR-NOT50
3 XOR-NOT61
4 XOR-NOT72
5 OR-NOT03
6 OR-NOT14
7 OR-NOT25

Perfect match
Identity no
NOT no
Constant no
AND no
OR no
XOR no
AND-NOT no
OR-NOT no
XOR-NOT no

Matched
0 XOR-NOT36
1 XOR-NOT47
2 XOR-NOT50
3 XOR-NOT61
4 XOR-NOT72
5 OR-NOT03
6 OR-NOT14
7 OR-NOT25

Selected
0 XOR-NOT36
1 XOR-NOT47
2 XOR-NOT50
3 XOR-NOT61
4 XOR-NOT72
5 OR-NOT03
6 OR-NOT14
7 OR-NOT25

Applying to 00010000
Input
0 0
1 0
2 0
3 1
4 0
5 0
6 0
7 0
Output
0 XOR-NOT36 = XOR(1,NOT(0)) = 0
1 XOR-NOT47 = XOR(0,NOT(0)) = 1
2 XOR-NOT50 = XOR(0,NOT(0)) = 1
3 XOR-NOT61 = XOR(0,NOT(0)) = 1
4 XOR-NOT72 = XOR(0,NOT(0)) = 1
5 OR-NOT03 = OR(0,NOT(1)) = 0
6 OR-NOT14 = OR(0,NOT(0)) = 1
7 OR-NOT25 = OR(0,NOT(0)) = 1

I will now return the answer in \boxed{}
The answer in \boxed{–} is \boxed{01111011}
[correct]
true
