[category]
bit_manipulation
[prompt]
In Alice's Wonderland, a secret bit manipulation rule transforms 8-bit binary numbers. The transformation involves operations like bit shifts, rotations, XOR, AND, OR, NOT, and possibly majority or choice functions.

Here are some examples of input -> output:
00111001 -> 11111101
11000011 -> 10101111
11111100 -> 11111110
01111110 -> 11111111
01101111 -> 11110111
00111010 -> 11111101
00111011 -> 11111101
01011100 -> 11101110
10000111 -> 10011111

Now, determine the output for: 00001001
[completion]
We need to deduce the transformation by matching the example outputs.
I will put my final answer inside \boxed{}.

Output 0: 11111101
0 1
1 1
2 1
3 1
4 1
5 1
6 0
7 1

Output 1: 10101111
0 1
1 0
2 1
3 0
4 1
5 1
6 1
7 1

Output 2: 11111110
0 1
1 1
2 1
3 1
4 1
5 1
6 1
7 0

Output 3: 11111111
0 1
1 1
2 1
3 1
4 1
5 1
6 1
7 1

Output 4: 11110111
0 1
1 1
2 1
3 1
4 0
5 1
6 1
7 1

Output 5: 11111101
0 1
1 1
2 1
3 1
4 1
5 1
6 0
7 1

Output 6: 11111101
0 1
1 1
2 1
3 1
4 1
5 1
6 0
7 1

Output 7: 11101110
0 1
1 1
2 1
3 0
4 1
5 1
6 1
7 0

Output 8: 10011111
0 1
1 0
2 0
3 1
4 1
5 1
6 1
7 1

Output bit columns (with bitsum as hash)
0 111111111 a
1 101111110 7
2 111111110 8
3 101111101 7
4 111101111 8
5 111111111 a
6 011110011 6
7 110111101 7

Input 0: 00111001
0 0
1 0
2 1
3 1
4 1
5 0
6 0
7 1

Input 1: 11000011
0 1
1 1
2 0
3 0
4 0
5 0
6 1
7 1

Input 2: 11111100
0 1
1 1
2 1
3 1
4 1
5 1
6 0
7 0

Input 3: 01111110
0 0
1 1
2 1
3 1
4 1
5 1
6 1
7 0

Input 4: 01101111
0 0
1 1
2 1
3 0
4 1
5 1
6 1
7 1

Input 5: 00111010
0 0
1 0
2 1
3 1
4 1
5 0
6 1
7 0

Input 6: 00111011
0 0
1 0
2 1
3 1
4 1
5 0
6 1
7 1

Input 7: 01011100
0 0
1 1
2 0
3 1
4 1
5 1
6 0
7 0

Input 8: 10000111
0 1
1 0
2 0
3 0
4 0
5 1
6 1
7 1

When matching output
x: not in operator
y: wrong position

Identity
0 011000001 3
1 011110010 5
2 101111100 6
3 101101110 6
4 101111110 7 match 1
5 001110011 5
6 010111101 6
7 110010101 5

Matching output
0 absent
1 4
2 absent
3 absent
4 absent
5 absent
6 absent
7 absent

Left
none
Best: none

Right
none
Best: none

NOT
0 100111110 6
1 100001101 4
2 010000011 3
3 010010001 3
4 010000001 2
5 110001100 4
6 101000010 3
7 001101010 4

Matching output
0 absent
1 absent
2 absent
3 absent
4 absent
5 absent
6 absent
7 absent

Left
none
Best: none

Right
none
Best: none

Constant
0 000000000 a
1 111111111 a match 0 5

Matching output
0 C1
1 absent
2 absent
3 absent
4 absent
5 C1
6 absent
7 absent

Left
1
Best: C1: 1

Right
none
Best: none

AND
01 10 011000000 2
12 21 001110000 3
23 32 101101100 5
34 43 101101110 6
45 54 001110010 4
56 65 000110001 3
67 76 010010101 4
70 07 010000001 2

02 20 001000000 1
13 31 001100010 3
24 42 101111100 6
35 53 001100010 3
46 64 000111100 4
57 75 000010001 2
60 06 010000001 2
71 17 010010000 2

03 30 001000000 1
14 41 001110010 4
25 52 001110000 3
36 63 000101100 3
47 74 100010100 3
50 05 001000001 2
61 16 010110000 3
72 27 100010100 3

04 40 001000000 1
15 51 001110010 4
26 62 000111100 4
37 73 100000100 2

Matching output
0 absent
1 absent
2 absent
3 absent
4 absent
5 absent
6 absent
7 absent

Left
none
Best: none

Right
none
Best: none

OR
01 10 011110011 6 match 6
12 21 111111110 8 match 2
23 32 101111110 7 match 1
34 43 101111110 7 match 1
45 54 101111111 8
56 65 011111111 8
67 76 110111101 7 match 7
70 07 111010101 6

02 20 111111101 8
13 31 111111110 8 match 2
24 42 101111110 7 match 1
35 53 101111111 8
46 64 111111111 a match 0 5
57 75 111110111 8
60 06 011111101 7
71 17 111110111 8

03 30 111101111 8 match 4
14 41 111111110 8 match 2
25 52 101111111 8
36 63 111111111 a match 0 5
47 74 111111111 a match 0 5
50 05 011110011 6 match 6
61 16 011111111 8
72 27 111111101 8

04 40 111111111 a match 0 5
15 51 011110011 6 match 6
26 62 111111101 8
37 73 111111111 a match 0 5

Matching output
0 46 64 36 63 47 74 04 40 37 73
1 23 32 34 43 24 42
2 12 21 13 31 14 41
3 absent
4 03 30
5 46 64 36 63 47 74 04 40 37 73
6 01 10 50 05 15 51
7 67 76

Left
46 57x
64 75x
36 47y
63 74y
47 50y
74 05y
04 15y
40 51y
37 40y
73 04y
Best: OR46: 1

Right
67 56x
76 65x
Best: OR67: 1

XOR
01 10 000110011 4
12 21 110001110 5
23 32 000010010 2
34 43 000010000 1
45 54 100001101 4
56 65 011001110 5
67 76 100101000 3
70 07 101010100 4

02 20 110111101 7 match 7
13 31 110011100 5
24 42 000000010 1
35 53 100011101 5
46 64 111000011 5
57 75 111100110 6
60 06 001111100 5
71 17 101100111 6

03 30 110101111 7
14 41 110001100 4
25 52 100001111 5
36 63 111010011 6
47 74 011101011 6
50 05 010110010 4
61 16 001001111 5
72 27 011101001 5

04 40 110111111 8
15 51 010000001 2
26 62 111000001 4
37 73 011111011 7

Matching output
0 absent
1 absent
2 absent
3 absent
4 absent
5 absent
6 absent
7 02 20

Left
none
Best: none

Right
02 71x
20 17x
Best: XOR02: 1

AND-NOT
01 000000001 1
12 010000010 2
23 000010000 1
34 000000000 a
45 100001100 3
56 001000010 2
67 000101000 2
70 100010100 3

02 010000001 2
13 010010000 2
24 000000000 a
35 100001100 3
46 101000010 3
57 001100010 3
60 000111100 4
71 100000101 3

03 010000001 2
14 010000000 1
25 100001100 3
36 101000010 3
47 001101010 4
50 000110010 3
61 000001101 3
72 010000001 2

04 010000001 2
15 010000000 1
26 101000000 2
37 001101010 4
40 100111110 6
51 000000001 1
62 010000001 2
73 010010001 3

05 010000000 1
16 001000010 2
27 001101000 3
30 100101110 5
41 100001100 3
52 000000011 2
63 010010001 3
74 010000001 2

06 001000000 1
17 001100010 3
20 100111100 5
31 100001100 3
42 000000010 1
53 000010001 2
64 010000001 2
75 110000100 3

07 001000000 1
10 000110010 3
21 100001100 3
32 000000010 1
43 000010000 1
54 000000001 1
65 010001100 3
76 100000000 1

Matching output
0 absent
1 absent
2 absent
3 absent
4 absent
5 absent
6 absent
7 absent

Left
none
Best: none

Right
none
Best: none

OR-NOT
01 111001101 6
12 011110011 6 match 6
23 111111101 8
34 111101111 8 match 4
45 111111110 8 match 2
56 101110011 6
67 011111111 8
70 110111111 8

02 011000011 4
13 011110011 6 match 6
24 111111101 8
35 111101110 7
46 101111110 7 match 1
57 001111011 6
60 110111111 8
71 110011101 6

03 011010001 4
14 011110011 6 match 6
25 111111100 7
36 101101110 6
47 101111110 7 match 1
50 101111111 8
61 110111101 7 match 7
72 110010111 6

04 011000001 3
15 111111110 8 match 2
26 101111110 7 match 1
37 101101110 6
40 101111110 7 match 1
51 101111111 8
62 010111111 7
73 110010101 5

05 111001101 6
16 111110010 6
27 101111110 7 match 1
30 101111110 7 match 1
41 101111111 8
52 011110011 6 match 6
63 010111101 6
74 110010101 5

06 111000011 5
17 011111010 6
20 101111110 7 match 1
31 101101111 7
42 111111111 a match 0 5
53 011110011 6 match 6
64 010111101 6
75 110011101 6

07 011101011 6
10 111111110 8 match 2
21 101111101 7 match 3
32 111101111 8 match 4
43 111111111 a match 0 5
54 011110011 6 match 6
65 110111101 7 match 7
76 111010111 7

Matching output
0 42 43
1 46 47 26 40 27 30 20
2 45 15 10
3 21
4 34 32
5 42 43
6 12 13 14 52 53 54
7 61 65

Left
42 53y
43 54y
Best: OR-NOT42: 1

Right
61 50x
65 54 43 32 21 10 07x
Best: OR-NOT65 54 43 32 21 10: 6

XOR-NOT
01 111001100 5
12 001110001 4
23 111101101 7
34 111101111 8 match 4
45 011110010 5
56 100110001 4
67 011010111 6
70 010101011 5

02 001000010 2
13 001100011 4
24 111111101 8
35 011100010 4
46 000111100 4
57 000011001 3
60 110000011 4
71 010011000 3

03 001010000 2
14 001110011 5
25 011110000 4
36 000101100 3
47 100010100 3
50 101001101 5
61 110110000 4
72 100010110 4

04 001000000 1
15 101111110 7 match 1
26 000111110 5
37 100000100 2
40 001000000 1
51 101111110 7 match 1
62 000111110 5
73 100000100 2

05 101001101 5
16 110110000 4
27 100010110 4
30 001010000 2
41 001110011 5
52 011110000 4
63 000101100 3
74 100010100 3

06 110000011 4
17 010011000 3
20 001000010 2
31 001100011 4
42 111111101 8
53 011100010 4
64 000111100 4
75 000011001 3

07 010101011 5
10 111001100 5
21 001110001 4
32 111101101 7
43 111101111 8 match 4
54 011110010 5
65 100110001 4
76 011010111 6

Matching output
0 absent
1 15 51
2 absent
3 absent
4 34 43
5 absent
6 absent
7 absent

Left
none
Best: none

Right
none
Best: none

Selecting

Lefts
Identity none
NOT none
Constant C1: 1
AND none
OR OR46: 1
XOR none
AND-NOT none
OR-NOT OR-NOT42: 1
XOR-NOT none

Rights
Identity none
NOT none
Constant none
AND none
OR OR67: 1
XOR XOR02: 1
AND-NOT none
OR-NOT OR-NOT65 54 43 32 21 10: 6
XOR-NOT none

Left longest: 1
Right longest: 6

Right winner: Identity no, NOT no, Constant no, AND no, OR no, XOR no, AND-NOT no, OR-NOT yes, XOR-NOT no
Left winner: Identity no, NOT no, Constant yes, AND no, OR no, XOR no, AND-NOT no, OR-NOT no, XOR-NOT no

Best right: OR-NOT65 54 43 32 21 10: 6
Best left: C1: 1

Truncated right: OR-NOT65 54 43 32 21 10: 6
Truncated left: C1: 1

Tentative from right
7 OR-NOT65
6 OR-NOT54
5 OR-NOT43
4 OR-NOT32
3 OR-NOT21
2 OR-NOT10
1 pending
0 pending

Tentative
0 C1
1 pending
2 OR-NOT10
3 OR-NOT21
4 OR-NOT32
5 OR-NOT43
6 OR-NOT54
7 OR-NOT65

Preferred from right
7 OR-NOT65
6 OR-NOT54
5 OR-NOT43
4 OR-NOT32
3 OR-NOT21
2 OR-NOT10
1 ?07
0 C1

Preferred from left
0 C1
1 ?07
2 OR-NOT10
3 OR-NOT21
4 OR-NOT32
5 OR-NOT43
6 OR-NOT54
7 OR-NOT65

Preferred
0 C1
1 ?07 ?70
2 OR-NOT10
3 OR-NOT21
4 OR-NOT32
5 OR-NOT43
6 OR-NOT54
7 OR-NOT65

Matching
0 C1
1 ?07 ?70 - Identity absent, NOT absent, Constant absent, AND absent, OR absent, XOR absent, AND-NOT absent, OR-NOT absent, XOR-NOT absent
2 OR-NOT10
3 OR-NOT21
4 OR-NOT32
5 OR-NOT43
6 OR-NOT54
7 OR-NOT65

Perfect match
Identity no
NOT no
Constant no
AND no
OR no
XOR no
AND-NOT no
OR-NOT no
XOR-NOT no

Matched
0 C1
1 none
2 OR-NOT10
3 OR-NOT21
4 OR-NOT32
5 OR-NOT43
6 OR-NOT54
7 OR-NOT65

Selected
0 C1
1 default 1
2 OR-NOT10
3 OR-NOT21
4 OR-NOT32
5 OR-NOT43
6 OR-NOT54
7 OR-NOT65

Applying to 00001001
Input
0 0
1 0
2 0
3 0
4 1
5 0
6 0
7 1
Output
0 C1 = 1
1 default 1 = 1
2 OR-NOT10 = OR(0,NOT(0)) = 1
3 OR-NOT21 = OR(0,NOT(0)) = 1
4 OR-NOT32 = OR(0,NOT(0)) = 1
5 OR-NOT43 = OR(1,NOT(0)) = 1
6 OR-NOT54 = OR(0,NOT(1)) = 0
7 OR-NOT65 = OR(0,NOT(0)) = 1

I will now return the answer in \boxed{}
The answer in \boxed{–} is \boxed{11111101}
[correct]
true
