[category]
bit_manipulation
[prompt]
In Alice's Wonderland, a secret bit manipulation rule transforms 8-bit binary numbers. The transformation involves operations like bit shifts, rotations, XOR, AND, OR, NOT, and possibly majority or choice functions.

Here are some examples of input -> output:
00100100 -> 01001011
11101011 -> 10000100
11010110 -> 01011000
01011011 -> 10100011
00000100 -> 01000001
10110110 -> 01000110
11111111 -> 11000000
11011001 -> 10101011
01100100 -> 01011111

Now, determine the output for: 00110010
[completion]
We need to deduce the transformation by matching the example outputs.
I will put my final answer inside \boxed{}.

Output 0: 01001011
0 0
1 1
2 0
3 0
4 1
5 0
6 1
7 1

Output 1: 10000100
0 1
1 0
2 0
3 0
4 0
5 1
6 0
7 0

Output 2: 01011000
0 0
1 1
2 0
3 1
4 1
5 0
6 0
7 0

Output 3: 10100011
0 1
1 0
2 1
3 0
4 0
5 0
6 1
7 1

Output 4: 01000001
0 0
1 1
2 0
3 0
4 0
5 0
6 0
7 1

Output 5: 01000110
0 0
1 1
2 0
3 0
4 0
5 1
6 1
7 0

Output 6: 11000000
0 1
1 1
2 0
3 0
4 0
5 0
6 0
7 0

Output 7: 10101011
0 1
1 0
2 1
3 0
4 1
5 0
6 1
7 1

Output 8: 01011111
0 0
1 1
2 0
3 1
4 1
5 1
6 1
7 1

Output bit columns (with bitsum as hash)
0 010100110 4
1 101011101 6
2 000100010 2
3 001000001 2
4 101000011 4
5 010001001 3
6 100101011 5
7 100110011 5

Input 0: 00100100
0 0
1 0
2 1
3 0
4 0
5 1
6 0
7 0

Input 1: 11101011
0 1
1 1
2 1
3 0
4 1
5 0
6 1
7 1

Input 2: 11010110
0 1
1 1
2 0
3 1
4 0
5 1
6 1
7 0

Input 3: 01011011
0 0
1 1
2 0
3 1
4 1
5 0
6 1
7 1

Input 4: 00000100
0 0
1 0
2 0
3 0
4 0
5 1
6 0
7 0

Input 5: 10110110
0 1
1 0
2 1
3 1
4 0
5 1
6 1
7 0

Input 6: 11111111
0 1
1 1
2 1
3 1
4 1
5 1
6 1
7 1

Input 7: 11011001
0 1
1 1
2 0
3 1
4 1
5 0
6 0
7 1

Input 8: 01100100
0 0
1 1
2 1
3 0
4 0
5 1
6 0
7 0

When matching output
x: not in operator
y: wrong position

Identity
0 011001110 5
1 011100111 6
2 110001101 5
3 001101110 5
4 010100110 4 match 0
5 101011101 6 match 1
6 011101100 5
7 010100110 4 match 0

Matching output
0 4 7
1 5
2 absent
3 absent
4 absent
5 absent
6 absent
7 absent

Left
4 5 6x
7 0x
Best: I4 5: 2

Right
none
Best: none

NOT
0 100110001 4
1 100011000 3
2 001110010 4
3 110010001 4
4 101011001 5
5 010100010 3
6 100010011 4
7 101011001 5

Matching output
0 absent
1 absent
2 absent
3 absent
4 absent
5 absent
6 absent
7 absent

Left
none
Best: none

Right
none
Best: none

Constant
0 000000000 a
1 111111111 a

Matching output
0 absent
1 absent
2 absent
3 absent
4 absent
5 absent
6 absent
7 absent

Left
none
Best: none

Right
none
Best: none

AND
01 10 011000110 4
12 21 010000101 3
23 32 000001100 2
34 43 000100110 3
45 54 000000100 1
56 65 001001100 3
67 76 010100100 3
70 07 010000110 3

02 20 010001100 3
13 31 001100110 4
24 42 010000100 2
35 53 001001100 3
46 64 010100100 3
57 75 000000100 1
60 06 011001100 4
71 17 010100110 4 match 0

03 30 001001110 4
14 41 010100110 4 match 0
25 52 100001101 4
36 63 001101100 4
47 74 010100110 4 match 0
50 05 001001100 3
61 16 011100100 4
72 27 010000100 2

04 40 010000110 3
15 51 001000101 3
26 62 010001100 3
37 73 000100110 3

Matching output
0 71 17 14 41 47 74
1 absent
2 absent
3 absent
4 absent
5 absent
6 absent
7 absent

Left
71 02x
17 20x
14 25x
41 52x
47 50x
74 05x
Best: AND71: 1

Right
none
Best: none

OR
01 10 011101111 7
12 21 111101111 8
23 32 111101111 8
34 43 011101110 6
45 54 111111111 a
56 65 111111101 8
67 76 011101110 6
70 07 011101110 6

02 20 111001111 7
13 31 011101111 7
24 42 110101111 7
35 53 101111111 8
46 64 011101110 6
57 75 111111111 a
60 06 011101110 6
71 17 011100111 6

03 30 011101110 6
14 41 011100111 6
25 52 111011101 7
36 63 011101110 6
47 74 010100110 4 match 0
50 05 111011111 8
61 16 011101111 7
72 27 110101111 7

04 40 011101110 6
15 51 111111111 a
26 62 111101101 7
37 73 011101110 6

Matching output
0 47 74
1 absent
2 absent
3 absent
4 absent
5 absent
6 absent
7 absent

Left
47 50x
74 05x
Best: OR47: 1

Right
none
Best: none

XOR
01 10 000101001 3
12 21 101101010 5
23 32 111100011 6
34 43 011001000 3
45 54 111111011 8
56 65 110110001 5
67 76 001001010 3
70 07 001101000 3

02 20 101000011 4 match 4
13 31 010001001 3 match 5
24 42 100101011 5 match 6
35 53 100110011 5 match 7
46 64 001001010 3
57 75 111111011 8
60 06 000100010 2 match 2
71 17 001000001 2 match 3

03 30 010100000 2
14 41 001000001 2 match 3
25 52 011010000 3
36 63 010000010 2
47 74 000000000 a
50 05 110010011 5
61 16 000001011 3
72 27 100101011 5 match 6

04 40 001101000 3
15 51 110111010 6
26 62 101100001 4
37 73 011001000 3

Matching output
0 absent
1 absent
2 60 06
3 71 17 14 41
4 02 20
5 13 31
6 24 42 72 27
7 35 53

Left
none
Best: none

Right
35 24 13 02 71 60 57x
53 42 31 20 17 06 75x
Best: XOR35 24 13 02 71 60: 6

AND-NOT
01 000001000 1
12 001100010 3
23 110000001 3
34 001001000 2
45 010100010 3
56 100010001 3
67 001001000 2
70 000100000 1

02 001000010 2
13 010000001 2
24 100001001 3
35 000100010 2 match 2
46 000000010 1
57 101011001 5
60 000100000 1
71 000000000 a

03 010000000 1
14 001000001 2 match 3
25 010000000 1
36 000000010 1
47 000000000 a
50 100010001 3
61 000001000 1
72 000100010 2 match 2

04 001001000 2
15 010100010 3
26 100000001 2
37 001001000 2
40 000100000 1
51 100011000 3
62 001100000 2
73 010000000 1

05 010000010 2
16 000000011 2
27 100001001 3
30 000100000 1
41 000000000 a
52 001010000 2
63 010000000 1
74 000000000 a

06 000000010 1
17 001000001 2 match 3
20 100000001 2
31 000001000 1
42 000100010 2 match 2
53 100010001 3
64 001001000 2
75 010100010 3

07 001001000 2
10 000100001 2
21 100001000 2
32 001100010 3
43 010000000 1
54 101011001 5
65 010100000 2
76 000000010 1

Matching output
0 absent
1 absent
2 35 72 42
3 14 17
4 absent
5 absent
6 absent
7 absent

Left
none
Best: none

Right
none
Best: none

OR-NOT
01 111011110 7
12 011110111 7
23 110011101 6
34 101111111 8
45 010100110 4 match 0
56 101011111 7
67 111111101 8
70 110110111 7

02 011111110 7
13 111110111 8
24 111011101 7
35 011101110 6
46 110110111 7
57 101011101 6 match 1
60 111111101 8
71 110111110 7

03 111011111 8
14 111111111 a
25 110101111 7
36 101111111 8
47 111111111 a
50 101111101 7
61 111111100 7
72 011110110 6

04 111011111 8
15 011100111 6
26 110011111 7
37 101111111 8
40 110110111 7
51 101011101 6 match 1
62 011111110 7
73 110110111 7

05 011101110 6
16 111110111 8
27 111011101 7
30 101111111 8
41 110111110 7
52 101111111 8
63 111111101 8
74 111111111 a

06 111011111 8
17 111111111 a
20 110111101 7
31 101111110 7
42 011110110 6
53 111011101 7
64 111111101 8
75 010100110 4 match 0

07 111011111 8
10 111110111 8
21 110011101 6
32 001111110 6
43 110110111 7
54 101011101 6 match 1
65 011101110 6
76 110110111 7

Matching output
0 45 75
1 57 51 54
2 absent
3 absent
4 absent
5 absent
6 absent
7 absent

Left
45 56x
75 06x
Best: OR-NOT45: 1

Right
none
Best: none

XOR-NOT
01 111010110 6
12 010010101 4
23 000011100 3
34 100110111 6
45 000000100 1
56 001001110 4
67 110110101 6
70 110010111 6

02 010111100 5
13 101110110 6
24 011010100 4
35 011001100 4
46 110110101 6
57 000000100 1
60 111011101 7
71 110111110 7

03 101011111 7
14 110111110 7
25 100101111 6
36 101111101 7
47 111111111 a
50 001101100 4
61 111110100 6
72 011010100 4

04 110010111 6
15 001000101 3
26 010011110 5
37 100110111 6
40 110010111 6
51 001000101 3
62 010011110 5
73 100110111 6

05 001101100 4
16 111110100 6
27 011010100 4
30 101011111 7
41 110111110 7
52 100101111 6
63 101111101 7
74 111111111 a

06 111011101 7
17 110111110 7
20 010111100 5
31 101110110 6
42 011010100 4
53 011001100 4
64 110110101 6
75 000000100 1

07 110010111 6
10 111010110 6
21 010010101 4
32 000011100 3
43 100110111 6
54 000000100 1
65 001001110 4
76 110110101 6

Matching output
0 absent
1 absent
2 absent
3 absent
4 absent
5 absent
6 absent
7 absent

Left
none
Best: none

Right
none
Best: none

Selecting

Lefts
Identity I4 5: 2
NOT none
Constant none
AND AND71: 1
OR OR47: 1
XOR none
AND-NOT none
OR-NOT OR-NOT45: 1
XOR-NOT none

Rights
Identity none
NOT none
Constant none
AND none
OR none
XOR XOR35 24 13 02 71 60: 6
AND-NOT none
OR-NOT none
XOR-NOT none

Left longest: 2
Right longest: 6

Right winner: Identity no, NOT no, Constant no, AND no, OR no, XOR yes, AND-NOT no, OR-NOT no, XOR-NOT no
Left winner: Identity yes, NOT no, Constant no, AND no, OR no, XOR no, AND-NOT no, OR-NOT no, XOR-NOT no

Best right: XOR35 24 13 02 71 60: 6
Best left: I4 5: 2

Truncated right: XOR35 24 13 02 71 60: 6
Truncated left: I4 5: 2

Tentative from right
7 XOR35
6 XOR24
5 XOR13
4 XOR02
3 XOR71
2 XOR60
1 pending
0 pending

Tentative
0 I4
1 I5
2 XOR60
3 XOR71
4 XOR02
5 XOR13
6 XOR24
7 XOR35

Preferred from right
7 XOR35
6 XOR24
5 XOR13
4 XOR02
3 XOR71
2 XOR60
1 I5
0 I4

Preferred from left
0 I4
1 I5
2 XOR60
3 XOR71
4 XOR02
5 XOR13
6 XOR24
7 XOR35

Preferred
0 I4
1 I5
2 XOR60
3 XOR71
4 XOR02
5 XOR13
6 XOR24
7 XOR35

Matching
0 I4
1 I5
2 XOR60
3 XOR71
4 XOR02
5 XOR13
6 XOR24
7 XOR35

Perfect match
Identity no
NOT no
Constant no
AND no
OR no
XOR no
AND-NOT no
OR-NOT no
XOR-NOT no

Matched
0 I4
1 I5
2 XOR60
3 XOR71
4 XOR02
5 XOR13
6 XOR24
7 XOR35

Selected
0 I4
1 I5
2 XOR60
3 XOR71
4 XOR02
5 XOR13
6 XOR24
7 XOR35

Applying to 00110010
Input
0 0
1 0
2 1
3 1
4 0
5 0
6 1
7 0
Output
0 I4 = 0
1 I5 = 0
2 XOR60 = XOR(1,0) = 1
3 XOR71 = XOR(0,0) = 0
4 XOR02 = XOR(0,1) = 1
5 XOR13 = XOR(0,1) = 1
6 XOR24 = XOR(1,0) = 1
7 XOR35 = XOR(1,0) = 1

I will now return the answer in \boxed{}
The answer in \boxed{–} is \boxed{00101111}
[correct]
true
