[category]
bit_manipulation
[prompt]
In Alice's Wonderland, a secret bit manipulation rule transforms 8-bit binary numbers. The transformation involves operations like bit shifts, rotations, XOR, AND, OR, NOT, and possibly majority or choice functions.

Here are some examples of input -> output:
11100111 -> 00000111
00000110 -> 00000000
01100000 -> 00000011
10110111 -> 00000101
10001011 -> 00000100
10100011 -> 00000101
10110101 -> 00000101
11011001 -> 00000110

Now, determine the output for: 11000011
[completion]
We need to deduce the transformation by matching the example outputs.
I will put my final answer inside \boxed{}.

Output 0: 00000111
0 0
1 0
2 0
3 0
4 0
5 1
6 1
7 1

Output 1: 00000000
0 0
1 0
2 0
3 0
4 0
5 0
6 0
7 0

Output 2: 00000011
0 0
1 0
2 0
3 0
4 0
5 0
6 1
7 1

Output 3: 00000101
0 0
1 0
2 0
3 0
4 0
5 1
6 0
7 1

Output 4: 00000100
0 0
1 0
2 0
3 0
4 0
5 1
6 0
7 0

Output 5: 00000101
0 0
1 0
2 0
3 0
4 0
5 1
6 0
7 1

Output 6: 00000101
0 0
1 0
2 0
3 0
4 0
5 1
6 0
7 1

Output 7: 00000110
0 0
1 0
2 0
3 0
4 0
5 1
6 1
7 0

Output bit columns (with bitsum as hash)
0 00000000 a
1 00000000 a
2 00000000 a
3 00000000 a
4 00000000 a
5 10011111 6
6 10100001 3
7 10110110 5

Input 0: 11100111
0 1
1 1
2 1
3 0
4 0
5 1
6 1
7 1

Input 1: 00000110
0 0
1 0
2 0
3 0
4 0
5 1
6 1
7 0

Input 2: 01100000
0 0
1 1
2 1
3 0
4 0
5 0
6 0
7 0

Input 3: 10110111
0 1
1 0
2 1
3 1
4 0
5 1
6 1
7 1

Input 4: 10001011
0 1
1 0
2 0
3 0
4 1
5 0
6 1
7 1

Input 5: 10100011
0 1
1 0
2 1
3 0
4 0
5 0
6 1
7 1

Input 6: 10110101
0 1
1 0
2 1
3 1
4 0
5 1
6 0
7 1

Input 7: 11011001
0 1
1 1
2 0
3 1
4 1
5 0
6 0
7 1

When matching output
x: not in operator
y: wrong position

Identity
0 10011111 6 match 5
1 10100001 3 match 6
2 10110110 5 match 7
3 00010011 3
4 00001001 2
5 11010010 4
6 11011100 5
7 10011111 6 match 5

Matching output
0 absent
1 absent
2 absent
3 absent
4 absent
5 0 7
6 1
7 2

Left
none
Best: none

Right
2 1 0 7y
Best: I2 1 0: 3

NOT
0 01100000 2
1 01011110 5
2 01001001 3
3 11101100 5
4 11110110 6
5 00101101 4
6 00100011 3
7 01100000 2

Matching output
0 absent
1 absent
2 absent
3 absent
4 absent
5 absent
6 absent
7 absent

Left
none
Best: none

Right
none
Best: none

Constant
0 00000000 a match 0 1 2 3 4
1 11111111 a

Matching output
0 C0
1 C0
2 C0
3 C0
4 C0
5 absent
6 absent
7 absent

Left
0 0 0 0 0
Best: C0 0 0 0 0: 5

Right
none
Best: none

AND
01 10 10000001 2
12 21 10100000 2
23 32 00010010 2
34 43 00000001 1
45 54 00000000 a match 0 1 2 3 4
56 65 11010000 3
67 76 10011100 4
70 07 10011111 6 match 5

02 20 10010110 4
13 31 00000001 1
24 42 00000000 a match 0 1 2 3 4
35 53 00010010 2
46 64 00001000 1
57 75 10010010 3
60 06 10011100 4
71 17 10000001 2

03 30 00010011 3
14 41 00000001 1
25 52 10010010 3
36 63 00010000 1
47 74 00001001 2
50 05 10010010 3
61 16 10000000 1
72 27 10010110 4

04 40 00001001 2
15 51 10000000 1
26 62 10010100 3
37 73 00010011 3

Matching output
0 45 54 24 42
1 45 54 24 42
2 45 54 24 42
3 45 54 24 42
4 45 54 24 42
5 70 07
6 absent
7 absent

Left
45 56x
54 65x
24 35x
42 53x
Best: AND45: 1

Right
none
Best: none

OR
01 10 10111111 7
12 21 10110111 6
23 32 10110111 6
34 43 00011011 4
45 54 11011011 6
56 65 11011110 6
67 76 11011111 7
70 07 10011111 6 match 5

02 20 10111111 7
13 31 10110011 5
24 42 10111111 7
35 53 11010011 5
46 64 11011101 6
57 75 11011111 7
60 06 11011111 7
71 17 10111111 7

03 30 10011111 6 match 5
14 41 10101001 4
25 52 11110110 6
36 63 11011111 7
47 74 10011111 6 match 5
50 05 11011111 7
61 16 11111101 7
72 27 10111111 7

04 40 10011111 6 match 5
15 51 11110011 6
26 62 11111110 7
37 73 10011111 6 match 5

Matching output
0 absent
1 absent
2 absent
3 absent
4 absent
5 70 07 03 30 47 74 04 40 37 73
6 absent
7 absent

Left
none
Best: none

Right
none
Best: none

XOR
01 10 00111110 5
12 21 00010111 4
23 32 10100101 4
34 43 00011010 3
45 54 11011011 6
56 65 00001110 3
67 76 01000011 3
70 07 00000000 a match 0 1 2 3 4

02 20 00101001 3
13 31 10110010 4
24 42 10111111 7
35 53 11000001 3
46 64 11010101 5
57 75 01001101 4
60 06 01000011 3
71 17 00111110 5

03 30 10001100 3
14 41 10101000 3
25 52 01100100 3
36 63 11001111 6
47 74 10010110 4
50 05 01001101 4
61 16 01111101 6
72 27 00101001 3

04 40 10010110 4
15 51 01110011 5
26 62 01101010 4
37 73 10001100 3

Matching output
0 70 07
1 70 07
2 70 07
3 70 07
4 70 07
5 absent
6 absent
7 absent

Left
70 01x
07 10x
Best: XOR70: 1

Right
none
Best: none

AND-NOT
01 00011110 4
12 00000001 1
23 10100100 3
34 00010010 2
45 00001001 2
56 00000010 1
67 01000000 1
70 00000000 a match 0 1 2 3 4

02 00001001 2
13 10100000 2
24 10110110 5 match 7
35 00000001 1
46 00000001 1
57 01000000 1
60 01000000 1
71 00011110 4

03 10001100 3
14 10100000 2
25 00100100 2
36 00000011 2
47 00000000 a match 0 1 2 3 4
50 01000000 1
61 01011100 4
72 00001001 2

04 10010110 4
15 00100001 2
26 00100010 2
37 00000000 a match 0 1 2 3 4
40 00000000 a match 0 1 2 3 4
51 01010010 3
62 01001000 2
73 10001100 3

05 00001101 3
16 00100001 2
27 00100000 1
30 00000000 a match 0 1 2 3 4
41 00001000 1
52 01000000 1
63 11001100 4
74 10010110 4

06 00000011 2
17 00100000 1
20 00100000 1
31 00010010 2
42 00001001 2
53 11000000 2
64 11010100 4
75 00001101 3

07 00000000 a match 0 1 2 3 4
10 00100000 1
21 00010110 3
32 00000001 1
43 00001000 1
54 11010010 4
65 00001100 2
76 00000011 2

Matching output
0 70 47 37 40 30 07
1 70 47 37 40 30 07
2 70 47 37 40 30 07
3 70 47 37 40 30 07
4 70 47 37 40 30 07
5 absent
6 absent
7 24

Left
70 01x
47 50x
37 40 51x
40 51x
30 41x
07 10x
Best: AND-NOT37 40: 2

Right
24 13x
Best: AND-NOT24: 1

OR-NOT
01 11011111 7
12 11101001 5
23 11111110 7
34 11110111 7
45 00101101 4
56 11110011 6
67 11111100 6
70 11111111 a

02 11011111 7
13 11101101 6
24 11110110 6
35 00111111 6
46 00101011 4
57 11110010 5
60 11111100 6
71 11011111 7

03 11111111 a
14 11110111 7
25 10111111 7
36 00110011 4
47 01101001 4
50 11110010 5
61 11011110 6
72 11011111 7

04 11111111 a
15 10101101 5
26 10110111 6
37 01110011 5
40 01101001 4
51 11011110 6
62 11011101 6
73 11111111 a

05 10111111 7
16 10100011 4
27 11110110 6
30 01110011 5
41 01011111 6
52 11011011 6
63 11111100 6
74 11111111 a

06 10111111 7
17 11100001 4
20 11110110 6
31 01011111 6
42 01001001 3
53 11111110 7
64 11111110 7
75 10111111 7

07 11111111 a
10 11100001 4
21 11111110 7
32 01011011 5
43 11101101 6
54 11110110 6
65 11111101 7
76 10111111 7

Matching output
0 absent
1 absent
2 absent
3 absent
4 absent
5 absent
6 absent
7 absent

Left
none
Best: none

Right
none
Best: none

XOR-NOT
01 11000001 3
12 11101000 4
23 01011010 4
34 11100101 5
45 00100100 2
56 11110001 5
67 10111100 5
70 11111111 a

02 11010110 5
13 01001101 4
24 01000000 1
35 00111110 5
46 00101010 3
57 10110010 4
60 10111100 5
71 11000001 3

03 01110011 5
14 01010111 5
25 10011011 5
36 00110000 2
47 01101001 4
50 10110010 4
61 10000010 2
72 11010110 5

04 01101001 4
15 10001100 3
26 10010101 4
37 01110011 5
40 01101001 4
51 10001100 3
62 10010101 4
73 01110011 5

05 10110010 4
16 10000010 2
27 11010110 5
30 01110011 5
41 01010111 5
52 10011011 5
63 00110000 2
74 01101001 4

06 10111100 5
17 11000001 3
20 11010110 5
31 01001101 4
42 01000000 1
53 00111110 5
64 00101010 3
75 10110010 4

07 11111111 a
10 11000001 3
21 11101000 4
32 01011010 4
43 11100101 5
54 00100100 2
65 11110001 5
76 10111100 5

Matching output
0 absent
1 absent
2 absent
3 absent
4 absent
5 absent
6 absent
7 absent

Left
none
Best: none

Right
none
Best: none

Selecting

Lefts
Identity none
NOT none
Constant C0 0 0 0 0: 5
AND AND45: 1
OR none
XOR XOR70: 1
AND-NOT AND-NOT37 40: 2
OR-NOT none
XOR-NOT none

Rights
Identity I2 1 0: 3
NOT none
Constant none
AND none
OR none
XOR none
AND-NOT AND-NOT24: 1
OR-NOT none
XOR-NOT none

Left longest: 5
Right longest: 3

Left winner: Identity no, NOT no, Constant yes, AND no, OR no, XOR no, AND-NOT no, OR-NOT no, XOR-NOT no
Right winner: Identity yes, NOT no, Constant no, AND no, OR no, XOR no, AND-NOT no, OR-NOT no, XOR-NOT no

Best left: C0 0 0 0 0: 5
Best right: I2 1 0: 3

Truncated left: C0 0 0 0 0: 5
Truncated right: I2 1 0: 3

Tentative from right
7 I2
6 I1
5 I0
4 pending
3 pending
2 pending
1 pending
0 pending

Tentative
0 C0
1 C0
2 C0
3 C0
4 C0
5 I0
6 I1
7 I2

Preferred from left
0 C0
1 C0
2 C0
3 C0
4 C0
5 I0
6 I1
7 I2

Preferred from right
7 I2
6 I1
5 I0
4 C0
3 C0
2 C0
1 C0
0 C0

Preferred
0 C0
1 C0
2 C0
3 C0
4 C0
5 I0
6 I1
7 I2

Matching
0 C0
1 C0
2 C0
3 C0
4 C0
5 I0
6 I1
7 I2

Perfect match
Identity no
NOT no
Constant no
AND no
OR no
XOR no
AND-NOT no
OR-NOT no
XOR-NOT no

Matched
0 C0
1 C0
2 C0
3 C0
4 C0
5 I0
6 I1
7 I2

Selected
0 C0
1 C0
2 C0
3 C0
4 C0
5 I0
6 I1
7 I2

Applying to 11000011
Input
0 1
1 1
2 0
3 0
4 0
5 0
6 1
7 1
Output
0 C0 = 0
1 C0 = 0
2 C0 = 0
3 C0 = 0
4 C0 = 0
5 I0 = 1
6 I1 = 1
7 I2 = 0

I will now return the answer in \boxed{}
The answer in \boxed{–} is \boxed{00000110}
[correct]
true
