[category]
bit_manipulation
[prompt]
In Alice's Wonderland, a secret bit manipulation rule transforms 8-bit binary numbers. The transformation involves operations like bit shifts, rotations, XOR, AND, OR, NOT, and possibly majority or choice functions.

Here are some examples of input -> output:
11000100 -> 11111010
10100110 -> 10000111
01110000 -> 00110110
01000100 -> 10101010
11101001 -> 01001001
11011001 -> 01010111
01100001 -> 00011100
10001010 -> 00010100
01111010 -> 01110010
11000011 -> 00011001

Now, determine the output for: 10100000
[completion]
We need to deduce the transformation by matching the example outputs.
I will put my final answer inside \boxed{}.

Output 0: 11111010
0 1
1 1
2 1
3 1
4 1
5 0
6 1
7 0

Output 1: 10000111
0 1
1 0
2 0
3 0
4 0
5 1
6 1
7 1

Output 2: 00110110
0 0
1 0
2 1
3 1
4 0
5 1
6 1
7 0

Output 3: 10101010
0 1
1 0
2 1
3 0
4 1
5 0
6 1
7 0

Output 4: 01001001
0 0
1 1
2 0
3 0
4 1
5 0
6 0
7 1

Output 5: 01010111
0 0
1 1
2 0
3 1
4 0
5 1
6 1
7 1

Output 6: 00011100
0 0
1 0
2 0
3 1
4 1
5 1
6 0
7 0

Output 7: 00010100
0 0
1 0
2 0
3 1
4 0
5 1
6 0
7 0

Output 8: 01110010
0 0
1 1
2 1
3 1
4 0
5 0
6 1
7 0

Output 9: 00011001
0 0
1 0
2 0
3 1
4 1
5 0
6 0
7 1

Output bit columns (with bitsum as hash)
0 1101000000 3
1 1000110010 4
2 1011000010 4
3 1010011111 7
4 1001101001 5
5 0110011100 5
6 1111010010 6
7 0100110001 4

Input 0: 11000100
0 1
1 1
2 0
3 0
4 0
5 1
6 0
7 0

Input 1: 10100110
0 1
1 0
2 1
3 0
4 0
5 1
6 1
7 0

Input 2: 01110000
0 0
1 1
2 1
3 1
4 0
5 0
6 0
7 0

Input 3: 01000100
0 0
1 1
2 0
3 0
4 0
5 1
6 0
7 0

Input 4: 11101001
0 1
1 1
2 1
3 0
4 1
5 0
6 0
7 1

Input 5: 11011001
0 1
1 1
2 0
3 1
4 1
5 0
6 0
7 1

Input 6: 01100001
0 0
1 1
2 1
3 0
4 0
5 0
6 0
7 1

Input 7: 10001010
0 1
1 0
2 0
3 0
4 1
5 0
6 1
7 0

Input 8: 01111010
0 0
1 1
2 1
3 1
4 1
5 0
6 1
7 0

Input 9: 11000011
0 1
1 1
2 0
3 0
4 0
5 0
6 1
7 1

When matching output
x: not in operator
y: wrong position

Identity
0 1100110101 6
1 1011111011 8
2 0110101010 5
3 0010010010 3
4 0000110110 4
5 1101000000 3 match 0
6 0100000111 4
7 0000111001 4

Matching output
0 5
1 absent
2 absent
3 absent
4 absent
5 absent
6 absent
7 absent

Left
5 6x
Best: I5: 1

Right
none
Best: none

NOT
0 0011001010 4
1 0100000100 2
2 1001010101 5
3 1101101101 7
4 1111001001 6
5 0010111111 7
6 1011111000 6
7 1111000110 6

Matching output
0 absent
1 absent
2 absent
3 absent
4 absent
5 absent
6 absent
7 absent

Left
none
Best: none

Right
none
Best: none

Constant
0 0000000000 a
1 1111111111 a

Matching output
0 absent
1 absent
2 absent
3 absent
4 absent
5 absent
6 absent
7 absent

Left
none
Best: none

Right
none
Best: none

AND
01 10 1000110001 4
12 21 0010101010 4
23 32 0010000010 2
34 43 0000010010 2
45 54 0000000000 a
56 65 0100000000 1
67 76 0000000001 1
70 07 0000110001 3

02 20 0100100000 2
13 31 0010010010 3
24 42 0000100010 2
35 53 0000000000 a
46 64 0000000110 2
57 75 0000000000 a
60 06 0100000101 3
71 17 0000111001 4

03 30 0000010000 1
14 41 0000110010 3
25 52 0100000000 1
36 63 0000000010 1
47 74 0000110000 2
50 05 1100000000 2
61 16 0000000011 2
72 27 0000101000 2

04 40 0000110100 3
15 51 1001000000 2
26 62 0100000010 2
37 73 0000010000 1

Matching output
0 absent
1 absent
2 absent
3 absent
4 absent
5 absent
6 absent
7 absent

Left
none
Best: none

Right
none
Best: none

OR
01 10 1111111111 a
12 21 1111111011 9
23 32 0110111010 6
34 43 0010110110 5
45 54 1101110110 7
56 65 1101000111 6
67 76 0100111111 7
70 07 1100111101 7

02 20 1110111111 9
13 31 1011111011 8
24 42 0110111110 7
35 53 1111010010 6 match 6
46 64 0100110111 6
57 75 1101111001 7
60 06 1100110111 7
71 17 1011111011 8

03 30 1110110111 8
14 41 1011111111 9
25 52 1111101010 7
36 63 0110010111 6
47 74 0000111111 6
50 05 1101110101 7
61 16 1111111111 a
72 27 0110111011 7

04 40 1100110111 7
15 51 1111111011 9
26 62 0110101111 7
37 73 0010111011 6

Matching output
0 absent
1 absent
2 absent
3 absent
4 absent
5 absent
6 35 53
7 absent

Left
none
Best: none

Right
none
Best: none

XOR
01 10 0111001110 6
12 21 1101010001 5
23 32 0100111000 4
34 43 0010100100 3
45 54 1101110110 7
56 65 1001000111 5
67 76 0100111110 6
70 07 1100001100 4

02 20 1010011111 7 match 3
13 31 1001101001 5 match 4
24 42 0110011100 5 match 5
35 53 1111010010 6 match 6
46 64 0100110001 4 match 7
57 75 1101111001 7
60 06 1000110010 4 match 1
71 17 1011000010 4 match 2

03 30 1110100111 7
14 41 1011001101 6
25 52 1011101010 6
36 63 0110010101 5
47 74 0000001111 4
50 05 0001110101 5
61 16 1111111100 8
72 27 0110010011 5

04 40 1100000011 4
15 51 0110111011 7
26 62 0010101101 5
37 73 0010101011 5

Matching output
0 absent
1 60 06
2 71 17
3 02 20
4 13 31
5 24 42
6 35 53
7 46 64

Left
none
Best: none

Right
46 35 24 13 02 71 60 57x
64 53 42 31 20 17 06 75x
Best: XOR46 35 24 13 02 71 60: 7

AND-NOT
01 0100000100 2
12 1001010001 4
23 0100101000 3
34 0010000000 1
45 0000110110 4
56 1001000000 2
67 0100000110 3
70 0000001000 1

02 1000010101 4
13 1001101001 5 match 4
24 0110001000 3
35 0010010010 3
46 0000110000 2
57 1101000000 3 match 0
60 0000000010 1
71 0000000000 a

03 1100100101 5
14 1011001001 5
25 0010101010 4
36 0010010000 2
47 0000000110 2
50 0001000000 1
61 0100000100 2
72 0000010001 2

04 1100000001 3
15 0010111011 6
26 0010101000 3
37 0010000010 2
40 0000000010 1
51 0100000000 1
62 0000000101 2
73 0000101001 3

05 0000110101 4
16 1011111000 6
27 0110000010 3
30 0010000010 2
41 0000000100 1
52 1001000000 2
63 0100000101 3
74 0000001001 2

06 1000110000 3
17 1011000010 4 match 2
20 0010001010 3
31 0000000000 a
42 0000010100 2
53 1101000000 3 match 0
64 0100000001 2
75 0000111001 4

07 1100000100 3
10 0011001010 4
21 0100000000 1
32 0000010000 1
43 0000100100 2
54 1101000000 3 match 0
65 0000000111 3
76 0000111000 3

Matching output
0 57 53 54
1 absent
2 17
3 absent
4 13
5 absent
6 absent
7 absent

Left
57 60x
53 64x
54 65x
Best: AND-NOT57: 1

Right
none
Best: none

OR-NOT
01 1100110101 6
12 1011111111 9
23 1111101111 9
34 1111011011 8
45 0010111111 7
56 1111111000 7
67 1111000111 7
70 0011111011 7

02 1101110101 7
13 1111111111 a
24 1111101011 8
35 0010111111 7
46 1011111110 8
57 1111000110 6
60 0111001111 7
71 0100111101 6

03 1101111101 8
14 1111111011 9
25 0110111111 8
36 1011111010 7
47 1111110110 8
50 1111001010 6
61 0100000111 4
72 1001111101 7

04 1111111101 9
15 1011111111 9
26 1111111010 8
37 1111010110 7
40 0011111110 7
51 1101000100 4
62 1101010111 7
73 1101111101 8

05 1110111111 9
16 1011111011 8
27 1111101110 8
30 0011011010 5
41 0100110110 5
52 1101010101 6
63 1101101111 8
74 1111111001 8

06 1111111101 9
17 1111111111 a
20 0111101010 6
31 0110010110 5
42 1001110111 7
53 1101101101 7
64 1111001111 8
75 0010111111 7

07 1111110111 9
10 1011111011 8
21 0110101110 6
32 1011010111 7
43 1101111111 9
54 1111001001 6
65 0110111111 8
76 1011111001 7

Matching output
0 absent
1 absent
2 absent
3 absent
4 absent
5 absent
6 absent
7 absent

Left
none
Best: none

Right
none
Best: none

XOR-NOT
01 1000110001 4
12 0010101110 5
23 1011000111 6
34 1101011011 7
45 0010001001 3
56 0110111000 5
67 1011000001 4
70 0011110011 6

02 0101100000 3
13 0110010110 5
24 1001100011 5
35 0000101101 4
46 1011001110 6
57 0010000110 3
60 0111001101 6
71 0100111101 6

03 0001011000 3
14 0100110010 4
25 0100010101 4
36 1001101010 5
47 1111110000 6
50 1110001010 5
61 0000000011 2
72 1001101100 5

04 0011111100 6
15 1001000100 3
26 1101010010 5
37 1101010100 5
40 0011111100 6
51 1001000100 3
62 1101010010 5
73 1101010100 5

05 1110001010 5
16 0000000011 2
27 1001101100 5
30 0001011000 3
41 0100110010 4
52 0100010101 4
63 1001101010 5
74 1111110000 6

06 0111001101 6
17 0100111101 6
20 0101100000 3
31 0110010110 5
42 1001100011 5
53 0000101101 4
64 1011001110 6
75 0010000110 3

07 0011110011 6
10 1000110001 4
21 0010101110 5
32 1011000111 6
43 1101011011 7
54 0010001001 3
65 0110111000 5
76 1011000001 4

Matching output
0 absent
1 absent
2 absent
3 absent
4 absent
5 absent
6 absent
7 absent

Left
none
Best: none

Right
none
Best: none

Selecting

Lefts
Identity I5: 1
NOT none
Constant none
AND none
OR none
XOR none
AND-NOT AND-NOT57: 1
OR-NOT none
XOR-NOT none

Rights
Identity none
NOT none
Constant none
AND none
OR none
XOR XOR46 35 24 13 02 71 60: 7
AND-NOT none
OR-NOT none
XOR-NOT none

Left longest: 1
Right longest: 7

Right winner: Identity no, NOT no, Constant no, AND no, OR no, XOR yes, AND-NOT no, OR-NOT no, XOR-NOT no
Left winner: Identity yes, NOT no, Constant no, AND no, OR no, XOR no, AND-NOT no, OR-NOT no, XOR-NOT no

Best right: XOR46 35 24 13 02 71 60: 7
Best left: I5: 1

Truncated right: XOR46 35 24 13 02 71 60: 7
Truncated left: I5: 1

Tentative from right
7 XOR46
6 XOR35
5 XOR24
4 XOR13
3 XOR02
2 XOR71
1 XOR60
0 pending

Tentative
0 I5
1 XOR60
2 XOR71
3 XOR02
4 XOR13
5 XOR24
6 XOR35
7 XOR46

Preferred from right
7 XOR46
6 XOR35
5 XOR24
4 XOR13
3 XOR02
2 XOR71
1 XOR60
0 I5

Preferred from left
0 I5
1 XOR60
2 XOR71
3 XOR02
4 XOR13
5 XOR24
6 XOR35
7 XOR46

Preferred
0 I5
1 XOR60
2 XOR71
3 XOR02
4 XOR13
5 XOR24
6 XOR35
7 XOR46

Matching
0 I5
1 XOR60
2 XOR71
3 XOR02
4 XOR13
5 XOR24
6 XOR35
7 XOR46

Perfect match
Identity no
NOT no
Constant no
AND no
OR no
XOR no
AND-NOT no
OR-NOT no
XOR-NOT no

Matched
0 I5
1 XOR60
2 XOR71
3 XOR02
4 XOR13
5 XOR24
6 XOR35
7 XOR46

Selected
0 I5
1 XOR60
2 XOR71
3 XOR02
4 XOR13
5 XOR24
6 XOR35
7 XOR46

Applying to 10100000
Input
0 1
1 0
2 1
3 0
4 0
5 0
6 0
7 0
Output
0 I5 = 0
1 XOR60 = XOR(0,1) = 1
2 XOR71 = XOR(0,0) = 0
3 XOR02 = XOR(1,1) = 0
4 XOR13 = XOR(0,0) = 0
5 XOR24 = XOR(1,0) = 1
6 XOR35 = XOR(0,0) = 0
7 XOR46 = XOR(0,0) = 0

I will now return the answer in \boxed{}
The answer in \boxed{–} is \boxed{01000100}
[correct]
true
