[category]
bit_manipulation
[prompt]
In Alice's Wonderland, a secret bit manipulation rule transforms 8-bit binary numbers. The transformation involves operations like bit shifts, rotations, XOR, AND, OR, NOT, and possibly majority or choice functions.

Here are some examples of input -> output:
11011111 -> 11111001
10010000 -> 00000000
11011110 -> 11101001
11011011 -> 10111001
10011111 -> 11110001
01100001 -> 00010100
10100001 -> 00010000
01001001 -> 10010000

Now, determine the output for: 11111011
[completion]
We need to deduce the transformation by matching the example outputs.
I will put my final answer inside \boxed{}.

Output 0: 11111001
0 1
1 1
2 1
3 1
4 1
5 0
6 0
7 1

Output 1: 00000000
0 0
1 0
2 0
3 0
4 0
5 0
6 0
7 0

Output 2: 11101001
0 1
1 1
2 1
3 0
4 1
5 0
6 0
7 1

Output 3: 10111001
0 1
1 0
2 1
3 1
4 1
5 0
6 0
7 1

Output 4: 11110001
0 1
1 1
2 1
3 1
4 0
5 0
6 0
7 1

Output 5: 00010100
0 0
1 0
2 0
3 1
4 0
5 1
6 0
7 0

Output 6: 00010000
0 0
1 0
2 0
3 1
4 0
5 0
6 0
7 0

Output 7: 10010000
0 1
1 0
2 0
3 1
4 0
5 0
6 0
7 0

Output bit columns (with bitsum as hash)
0 10111001 5
1 10101000 3
2 10111000 4
3 10011111 6
4 10110000 3
5 00000100 1
6 00000000 a
7 10111000 4

Input 0: 11011111
0 1
1 1
2 0
3 1
4 1
5 1
6 1
7 1

Input 1: 10010000
0 1
1 0
2 0
3 1
4 0
5 0
6 0
7 0

Input 2: 11011110
0 1
1 1
2 0
3 1
4 1
5 1
6 1
7 0

Input 3: 11011011
0 1
1 1
2 0
3 1
4 1
5 0
6 1
7 1

Input 4: 10011111
0 1
1 0
2 0
3 1
4 1
5 1
6 1
7 1

Input 5: 01100001
0 0
1 1
2 1
3 0
4 0
5 0
6 0
7 1

Input 6: 10100001
0 1
1 0
2 1
3 0
4 0
5 0
6 0
7 1

Input 7: 01001001
0 0
1 1
2 0
3 0
4 1
5 0
6 0
7 1

When matching output
x: not in operator
y: wrong position

Identity
0 11111010 6
1 10110101 5
2 00000110 2
3 11111000 5
4 10111001 5 match 0
5 10101000 3 match 1
6 10111000 4 match 2 7
7 10011111 6 match 3

Matching output
0 4
1 5
2 6
3 7
4 absent
5 absent
6 absent
7 6

Left
4 5 6 7 0x
Best: I4 5 6 7: 4

Right
6 5y
Best: I6: 1

NOT
0 00000101 2
1 01001010 3
2 11111001 6
3 00000111 3
4 01000110 3
5 01010111 5
6 01000111 4
7 01100000 2

Matching output
0 absent
1 absent
2 absent
3 absent
4 absent
5 absent
6 absent
7 absent

Left
none
Best: none

Right
none
Best: none

Constant
0 00000000 a match 6
1 11111111 a

Matching output
0 absent
1 absent
2 absent
3 absent
4 absent
5 absent
6 C0
7 absent

Left
none
Best: none

Right
none
Best: none

AND
01 10 10110000 3 match 4
12 21 00000100 1 match 5
23 32 00000000 a match 6
34 43 10111000 4 match 2 7
45 54 10101000 3 match 1
56 65 10101000 3 match 1
67 76 10011000 3
70 07 10011010 4

02 20 00000010 1
13 31 10110000 3 match 4
24 42 00000000 a match 6
35 53 10101000 3 match 1
46 64 10111000 4 match 2 7
57 75 10001000 2
60 06 10111000 4 match 2 7
71 17 10010101 4

03 30 11111000 5
14 41 10110001 4
25 52 00000000 a match 6
36 63 10111000 4 match 2 7
47 74 10011001 4
50 05 10101000 3 match 1
61 16 10110000 3 match 4
72 27 00000110 2

04 40 10111000 4 match 2 7
15 51 10100000 2
26 62 00000000 a match 6
37 73 10011000 3

Matching output
0 absent
1 45 54 56 65 35 53 50 05
2 34 43 46 64 60 06 36 63 04 40
3 absent
4 01 10 13 31 61 16
5 12 21
6 23 32 24 42 25 52 26 62
7 34 43 46 64 60 06 36 63 04 40

Left
none
Best: none

Right
34 23 12 01 70x
43 32 21 10 07x
46 35y
64 53y
60 57x
06 75x
36 25 14x
63 52 41x
04 73x
40 37x
Best: AND34 23 12 01: 4

OR
01 10 11111111 a
12 21 10110111 6
23 32 11111110 7
34 43 11111001 6
45 54 10111001 5 match 0
56 65 10111000 4 match 2 7
67 76 10111111 7
70 07 11111111 a

02 20 11111110 7
13 31 11111101 7
24 42 10111111 7
35 53 11111000 5
46 64 10111001 5 match 0
57 75 10111111 7
60 06 11111010 6
71 17 10111111 7

03 30 11111010 6
14 41 10111101 6
25 52 10101110 5
36 63 11111000 5
47 74 10111111 7
50 05 11111010 6
61 16 10111101 6
72 27 10011111 6 match 3

04 40 11111011 7
15 51 10111101 6
26 62 10111110 6
37 73 11111111 a

Matching output
0 45 54 46 64
1 absent
2 56 65
3 72 27
4 absent
5 absent
6 absent
7 56 65

Left
45 56y
54 65y
46 57x
64 75x
Best: OR45: 1

Right
56 45y
65 54y
Best: OR56: 1

XOR
01 10 01001111 5
12 21 10110011 5
23 32 11111110 7
34 43 01000001 2
45 54 00010001 2
56 65 00010000 1
67 76 00100111 4
70 07 01100101 4

02 20 11111100 6
13 31 01001101 4
24 42 10111111 7
35 53 01010000 2
46 64 00000001 1
57 75 00110111 5
60 06 01000010 2
71 17 00101010 3

03 30 00000010 1
14 41 00001100 2
25 52 10101110 5
36 63 01000000 1
47 74 00100110 3
50 05 01010010 3
61 16 00001101 3
72 27 10011001 4

04 40 01000011 3
15 51 00011101 4
26 62 10111110 6
37 73 01100111 5

Matching output
0 absent
1 absent
2 absent
3 absent
4 absent
5 absent
6 absent
7 absent

Left
none
Best: none

Right
none
Best: none

AND-NOT
01 01001010 3
12 10110001 4
23 00000110 2
34 01000000 1
45 00010001 2
56 00000000 a match 6
67 00100000 1
70 00000101 2

02 11111000 5
13 00000101 2
24 00000110 2
35 01010000 2
46 00000001 1
57 00100000 1
60 00000000 a match 6
71 00001010 2

03 00000010 1
14 00000100 1 match 5
25 00000110 2
36 01000000 1
47 00100000 1
50 00000000 a match 6
61 00001000 1
72 10011001 4

04 01000010 2
15 00010101 3
26 00000110 2
37 01100000 2
40 00000001 1
51 00001000 1
62 10111000 4 match 2 7
73 00000111 3

05 01010010 3
16 00000101 2
27 00000000 a match 6
30 00000000 a match 6
41 00001000 1
52 10101000 3 match 1
63 00000000 a match 6
74 00000110 2

06 01000010 2
17 00100000 1
20 00000100 1 match 5
31 01001000 2
42 10111001 5 match 0
53 00000000 a match 6
64 00000000 a match 6
75 00010111 4

07 01100000 2
10 00000101 2
21 00000010 1
32 11111000 5
43 00000001 1
54 00000000 a match 6
65 00010000 1
76 00000111 3

Matching output
0 42
1 52
2 62
3 absent
4 absent
5 14 20
6 56 60 50 27 30 63 53 64 54
7 62

Left
42 53y
Best: AND-NOT42: 1

Right
62 51x
Best: AND-NOT62: 1

OR-NOT
01 11111010 6
12 11111101 7
23 00000111 3
34 11111110 7
45 11111111 a
56 11101111 7
67 11111000 5
70 10011111 6 match 3

02 11111011 7
13 10110111 6
24 01000110 3
35 11111111 a
46 11111111 a
57 11101000 4
60 10111101 6
71 11011111 7

03 11111111 a
14 11110111 7
25 01010111 5
36 11111111 a
47 11111001 6
50 10101101 5
61 11111010 6
72 11111111 a

04 11111110 7
15 11110111 7
26 01000111 4
37 11111000 5
40 10111101 6
51 11101010 5
62 11111001 6
73 10011111 6 match 3

05 11111111 a
16 11110111 7
27 01100110 4
30 11111101 7
41 11111011 7
52 11111001 6
63 10111111 7
74 11011111 7

06 11111111 a
17 11110101 6
20 00000111 3
31 11111010 6
42 11111001 6
53 10101111 6
64 11111110 7
75 11011111 7

07 11111010 6
10 10110101 5
21 01001110 4
32 11111001 6
43 10111111 7
54 11101110 6
65 11111111 a
76 11011111 7

Matching output
0 absent
1 absent
2 absent
3 70 73
4 absent
5 absent
6 absent
7 absent

Left
none
Best: none

Right
none
Best: none

XOR-NOT
01 10110000 3 match 4
12 01001100 3
23 00000001 1
34 10111110 6
45 11101110 6
56 11101111 7
67 11011000 4
70 10011010 4

02 00000011 2
13 10110010 4
24 01000000 1
35 10101111 6
46 11111110 7
57 11001000 3
60 10111101 6
71 11010101 5

03 11111101 7
14 11110011 6
25 01010001 3
36 10111111 7
47 11011001 5
50 10101101 5
61 11110010 5
72 01100110 4

04 10111100 5
15 11100010 4
26 01000001 2
37 10011000 3
40 10111100 5
51 11100010 4
62 01000001 2
73 10011000 3

05 10101101 5
16 11110010 5
27 01100110 4
30 11111101 7
41 11110011 6
52 01010001 3
63 10111111 7
74 11011001 5

06 10111101 6
17 11010101 5
20 00000011 2
31 10110010 4
42 01000000 1
53 10101111 6
64 11111110 7
75 11001000 3

07 10011010 4
10 10110000 3 match 4
21 01001100 3
32 00000001 1
43 10111110 6
54 11101110 6
65 11101111 7
76 11011000 4

Matching output
0 absent
1 absent
2 absent
3 absent
4 01 10
5 absent
6 absent
7 absent

Left
none
Best: none

Right
none
Best: none

Selecting

Lefts
Identity I4 5 6 7: 4
NOT none
Constant none
AND none
OR OR45: 1
XOR none
AND-NOT AND-NOT42: 1
OR-NOT none
XOR-NOT none

Rights
Identity I6: 1
NOT none
Constant none
AND AND34 23 12 01: 4
OR OR56: 1
XOR none
AND-NOT AND-NOT62: 1
OR-NOT none
XOR-NOT none

Left longest: 4
Right longest: 4

Left winner: Identity yes, NOT no, Constant no, AND no, OR no, XOR no, AND-NOT no, OR-NOT no, XOR-NOT no
Right winner: Identity no, NOT no, Constant no, AND yes, OR no, XOR no, AND-NOT no, OR-NOT no, XOR-NOT no

Best left: I4 5 6 7: 4
Best right: AND34 23 12 01: 4

Truncated left: I4 5 6 7: 4
Truncated right: AND34 23 12 01: 4

Tentative from right
7 AND34
6 AND23
5 AND12
4 AND01
3 pending
2 pending
1 pending
0 pending

Tentative
0 I4
1 I5
2 I6
3 I7
4 AND01
5 AND12
6 AND23
7 AND34

Preferred from left
0 I4
1 I5
2 I6
3 I7
4 AND01
5 AND12
6 AND23
7 AND34

Preferred from right
7 AND34
6 AND23
5 AND12
4 AND01
3 I7
2 I6
1 I5
0 I4

Preferred
0 I4
1 I5
2 I6
3 I7
4 AND01
5 AND12
6 AND23
7 AND34

Matching
0 I4
1 I5
2 I6
3 I7
4 AND01
5 AND12
6 AND23
7 AND34

Perfect match
Identity no
NOT no
Constant no
AND no
OR no
XOR no
AND-NOT no
OR-NOT no
XOR-NOT no

Matched
0 I4
1 I5
2 I6
3 I7
4 AND01
5 AND12
6 AND23
7 AND34

Selected
0 I4
1 I5
2 I6
3 I7
4 AND01
5 AND12
6 AND23
7 AND34

Applying to 11111011
Input
0 1
1 1
2 1
3 1
4 1
5 0
6 1
7 1
Output
0 I4 = 1
1 I5 = 0
2 I6 = 1
3 I7 = 1
4 AND01 = AND(1,1) = 1
5 AND12 = AND(1,1) = 1
6 AND23 = AND(1,1) = 1
7 AND34 = AND(1,1) = 1

I will now return the answer in \boxed{}
The answer in \boxed{–} is \boxed{10111111}
[correct]
true
