[category]
bit_manipulation
[prompt]
In Alice's Wonderland, a secret bit manipulation rule transforms 8-bit binary numbers. The transformation involves operations like bit shifts, rotations, XOR, AND, OR, NOT, and possibly majority or choice functions.

Here are some examples of input -> output:
11111010 -> 11110100
01010000 -> 10100000
00111100 -> 01111000
00111111 -> 01111110
11011110 -> 10111101
00101000 -> 01010000
01010111 -> 10101110
00110001 -> 01100010
11011010 -> 10110100

Now, determine the output for: 01001100
[completion]
We need to deduce the transformation by matching the example outputs.
I will put my final answer inside \boxed{}.

Output 0: 11110100
0 1
1 1
2 1
3 1
4 0
5 1
6 0
7 0

Output 1: 10100000
0 1
1 0
2 1
3 0
4 0
5 0
6 0
7 0

Output 2: 01111000
0 0
1 1
2 1
3 1
4 1
5 0
6 0
7 0

Output 3: 01111110
0 0
1 1
2 1
3 1
4 1
5 1
6 1
7 0

Output 4: 10111101
0 1
1 0
2 1
3 1
4 1
5 1
6 0
7 1

Output 5: 01010000
0 0
1 1
2 0
3 1
4 0
5 0
6 0
7 0

Output 6: 10101110
0 1
1 0
2 1
3 0
4 1
5 1
6 1
7 0

Output 7: 01100010
0 0
1 1
2 1
3 0
4 0
5 0
6 1
7 0

Output 8: 10110100
0 1
1 0
2 1
3 1
4 0
5 1
6 0
7 0

Output bit columns (with bitsum as hash)
0 110010101 5
1 101101010 5
2 111110111 8
3 101111001 6
4 001110100 4
5 100110101 5
6 000100110 3
7 000010000 1

Input 0: 11111010
0 1
1 1
2 1
3 1
4 1
5 0
6 1
7 0

Input 1: 01010000
0 0
1 1
2 0
3 1
4 0
5 0
6 0
7 0

Input 2: 00111100
0 0
1 0
2 1
3 1
4 1
5 1
6 0
7 0

Input 3: 00111111
0 0
1 0
2 1
3 1
4 1
5 1
6 1
7 1

Input 4: 11011110
0 1
1 1
2 0
3 1
4 1
5 1
6 1
7 0

Input 5: 00101000
0 0
1 0
2 1
3 0
4 1
5 0
6 0
7 0

Input 6: 01010111
0 0
1 1
2 0
3 1
4 0
5 1
6 1
7 1

Input 7: 00110001
0 0
1 0
2 1
3 1
4 0
5 0
6 0
7 1

Input 8: 11011010
0 1
1 1
2 0
3 1
4 1
5 0
6 1
7 0

When matching output
x: not in operator
y: wrong position

Identity
0 100010001 3
1 110010101 5 match 0
2 101101010 5 match 1
3 111110111 8 match 2
4 101111001 6 match 3
5 001110100 4 match 4
6 100110101 5 match 5
7 000100110 3 match 6

Matching output
0 1
1 2
2 3
3 4
4 5
5 6
6 7
7 absent

Left
1 2 3 4 5 6 7 0x
Best: I1 2 3 4 5 6 7: 7

Right
none
Best: none

NOT
0 011101110 6
1 001101010 4
2 010010101 4
3 000001000 1
4 010000110 3
5 110001011 5
6 011001010 4
7 111011001 6

Matching output
0 absent
1 absent
2 absent
3 absent
4 absent
5 absent
6 absent
7 absent

Left
none
Best: none

Right
none
Best: none

Constant
0 000000000 a
1 111111111 a

Matching output
0 absent
1 absent
2 absent
3 absent
4 absent
5 absent
6 absent
7 absent

Left
none
Best: none

Right
none
Best: none

AND
01 10 100010001 3
12 21 100000000 1
23 32 101100010 4
34 43 101110001 5
45 54 001110000 3
56 65 000110100 3
67 76 000100100 2
70 07 000000000 a

02 20 100000000 1
13 31 110010101 5 match 0
24 42 101101000 4
35 53 001110100 4 match 4
46 64 100110001 4
57 75 000100100 2
60 06 100010001 3
71 17 000000100 1

03 30 100010001 3
14 41 100010001 3
25 52 001100000 2
36 63 100110101 5 match 5
47 74 000100000 1
50 05 000010000 1 match 7
61 16 100010101 4
72 27 000100010 2

04 40 100010001 3
15 51 000010100 2
26 62 100100000 2
37 73 000100110 3 match 6

Matching output
0 13 31
1 absent
2 absent
3 absent
4 35 53
5 36 63
6 37 73
7 50 05

Left
13 24x
31 42x
Best: AND13: 1

Right
50 47x
05 74x
Best: AND50: 1

OR
01 10 110010101 5 match 0
12 21 111111111 a
23 32 111111111 a
34 43 111111111 a
45 54 101111101 7
56 65 101110101 6
67 76 100110111 6
70 07 100110111 6

02 20 101111011 7
13 31 111110111 8 match 2
24 42 101111011 7
35 53 111110111 8 match 2
46 64 101111101 7
57 75 001110110 5
60 06 100110101 5 match 5
71 17 110110111 7

03 30 111110111 8 match 2
14 41 111111101 8
25 52 101111110 7
36 63 111110111 8 match 2
47 74 101111111 8
50 05 101110101 6
61 16 110110101 6
72 27 101101110 6

04 40 101111001 6 match 3
15 51 111110101 7
26 62 101111111 8
37 73 111110111 8 match 2

Matching output
0 01 10
1 absent
2 13 31 35 53 03 30 36 63 37 73
3 04 40
4 absent
5 60 06
6 absent
7 absent

Left
01 12x
10 21x
Best: OR01: 1

Right
none
Best: none

XOR
01 10 010000100 2
12 21 011111111 8
23 32 010011101 5
34 43 010001110 4
45 54 100001101 4
56 65 101000001 3
67 76 100010011 4
70 07 100110111 6

02 20 001111011 6
13 31 001100010 3
24 42 000010011 3
35 53 110000011 4
46 64 001001100 3
57 75 001010010 3
60 06 000100100 2
71 17 110110011 6

03 30 011100110 5
14 41 011101100 5
25 52 100011110 5
36 63 011000010 3
47 74 101011111 7
50 05 101100101 5
61 16 010100000 2
72 27 101001100 4

04 40 001101000 3
15 51 111100001 5
26 62 001011111 6
37 73 111010001 5

Matching output
0 absent
1 absent
2 absent
3 absent
4 absent
5 absent
6 absent
7 absent

Left
none
Best: none

Right
none
Best: none

AND-NOT
01 000000000 a
12 010010101 4
23 000001000 1
34 010000110 3
45 100001001 3
56 001000000 1
67 100010001 3
70 000100110 3 match 6

02 000010001 2
13 000000000 a
24 000000010 1
35 110000011 4
46 001001000 2
57 001010000 2
60 000100100 2
71 000100010 2

03 000000000 a
14 010000100 2
25 100001010 3
36 011000010 3
47 101011001 5
50 001100100 3
61 000100000 1
72 000000100 1

04 000000000 a
15 110000001 3
26 001001010 3
37 111010001 5
40 001101000 3
51 001100000 2
62 000010101 3
73 000000000 a

05 100000001 2
16 010000000 1
27 101001000 3
30 011100110 5
41 001101000 3
52 000010100 2
63 000000000 a
74 000000110 2

06 000000000 a
17 110010001 4
20 001101010 4
31 001100010 3
42 000010001 2
53 000000000 a
64 000000100 1
75 000000010 1

07 100010001 3
10 010000100 2
21 001101010 4
32 010010101 4
43 000001000 1
54 000000100 1
65 100000001 2
76 000000010 1

Matching output
0 absent
1 absent
2 absent
3 absent
4 absent
5 absent
6 70
7 absent

Left
none
Best: none

Right
none
Best: none

OR-NOT
01 101111011 7
12 110010101 5 match 0
23 101101010 5 match 1
34 111110111 8 match 2
45 111111011 8
56 011111110 7
67 111111101 8
70 011101110 6

02 110010101 5 match 0
13 110011101 6
24 111101110 7
35 111111111 a
46 111111011 8
57 111111101 8
60 111111111 a
71 001101110 5

03 100011001 4
14 110010111 6
25 111101011 7
36 111111111 a
47 111111001 7
50 011111110 7
61 101111111 8
72 010110111 6

04 110010111 6
15 110011111 7
26 111101010 6
37 111111111 a
40 111111111 a
51 001111110 6
62 110110101 6
73 000101110 4

05 110011011 6
16 111011111 8
27 111111011 8
30 111111111 a
41 101111011 7
52 011110101 6
63 100111101 6
74 010100110 4

06 111011011 7
17 111011101 7
20 111101110 7
31 111111111 a
42 111111101 8
53 001111100 5
64 110110111 7
75 110101111 7

07 111011001 6
10 111111111 a
21 101101010 5 match 1
32 111110111 8 match 2
43 101111001 6 match 3
54 011110110 6
65 110111111 8
76 011101110 6

Matching output
0 12 02
1 23 21
2 34 32
3 43
4 absent
5 absent
6 absent
7 absent

Left
12 23 34 45x
02 13x
Best: OR-NOT12 23 34: 3

Right
none
Best: none

XOR-NOT
01 101111011 7
12 100000000 1
23 101100010 4
34 101110001 5
45 011110010 5
56 010111110 6
67 011101100 5
70 011001000 3

02 110000100 3
13 110011101 6
24 111101100 6
35 001111100 5
46 110110011 6
57 110101101 6
60 111011011 7
71 001001100 3

03 100011001 4
14 100010011 4
25 011100001 4
36 100111101 6
47 010100000 2
50 010011010 4
61 101011111 7
72 010110011 5

04 110010111 6
15 000011110 4
26 110100000 3
37 000101110 4
40 110010111 6
51 000011110 4
62 110100000 3
73 000101110 4

05 010011010 4
16 101011111 7
27 010110011 5
30 100011001 4
41 100010011 4
52 011100001 4
63 100111101 6
74 010100000 2

06 111011011 7
17 001001100 3
20 110000100 3
31 110011101 6
42 111101100 6
53 001111100 5
64 110110011 6
75 110101101 6

07 011001000 3
10 101111011 7
21 100000000 1
32 101100010 4
43 101110001 5
54 011110010 5
65 010111110 6
76 011101100 5

Matching output
0 absent
1 absent
2 absent
3 absent
4 absent
5 absent
6 absent
7 absent

Left
none
Best: none

Right
none
Best: none

Selecting

Lefts
Identity I1 2 3 4 5 6 7: 7
NOT none
Constant none
AND AND13: 1
OR OR01: 1
XOR none
AND-NOT none
OR-NOT OR-NOT12 23 34: 3
XOR-NOT none

Rights
Identity none
NOT none
Constant none
AND AND50: 1
OR none
XOR none
AND-NOT none
OR-NOT none
XOR-NOT none

Left longest: 7
Right longest: 1

Left winner: Identity yes, NOT no, Constant no, AND no, OR no, XOR no, AND-NOT no, OR-NOT no, XOR-NOT no
Right winner: Identity no, NOT no, Constant no, AND yes, OR no, XOR no, AND-NOT no, OR-NOT no, XOR-NOT no

Best left: I1 2 3 4 5 6 7: 7
Best right: AND50: 1

Truncated left: I1 2 3 4 5 6 7: 7
Truncated right: AND50: 1

Tentative from right
7 AND50
6 pending
5 pending
4 pending
3 pending
2 pending
1 pending
0 pending

Tentative
0 I1
1 I2
2 I3
3 I4
4 I5
5 I6
6 I7
7 AND50

Preferred from left
0 I1
1 I2
2 I3
3 I4
4 I5
5 I6
6 I7
7 AND50

Preferred from right
7 AND50
6 I7
5 I6
4 I5
3 I4
2 I3
1 I2
0 I1

Preferred
0 I1
1 I2
2 I3
3 I4
4 I5
5 I6
6 I7
7 AND50

Matching
0 I1
1 I2
2 I3
3 I4
4 I5
5 I6
6 I7
7 AND50

Perfect match
Identity no
NOT no
Constant no
AND no
OR no
XOR no
AND-NOT no
OR-NOT no
XOR-NOT no

Matched
0 I1
1 I2
2 I3
3 I4
4 I5
5 I6
6 I7
7 AND50

Selected
0 I1
1 I2
2 I3
3 I4
4 I5
5 I6
6 I7
7 AND50

Applying to 01001100
Input
0 0
1 1
2 0
3 0
4 1
5 1
6 0
7 0
Output
0 I1 = 1
1 I2 = 0
2 I3 = 0
3 I4 = 1
4 I5 = 1
5 I6 = 0
6 I7 = 0
7 AND50 = AND(1,0) = 0

I will now return the answer in \boxed{}
The answer in \boxed{–} is \boxed{10011000}
[correct]
true
