[category]
bit_manipulation
[prompt]
In Alice's Wonderland, a secret bit manipulation rule transforms 8-bit binary numbers. The transformation involves operations like bit shifts, rotations, XOR, AND, OR, NOT, and possibly majority or choice functions.

Here are some examples of input -> output:
00100011 -> 01011111
00010000 -> 10100000
01101001 -> 10011001
10011011 -> 11101010
11001100 -> 11111110
00011110 -> 11001100
00110110 -> 11011101
11000111 -> 10110000
11011001 -> 01111100
11111100 -> 00011111

Now, determine the output for: 11101001
[completion]
We need to deduce the transformation by matching the example outputs.
I will put my final answer inside \boxed{}.

Output 0: 01011111
0 0
1 1
2 0
3 1
4 1
5 1
6 1
7 1

Output 1: 10100000
0 1
1 0
2 1
3 0
4 0
5 0
6 0
7 0

Output 2: 10011001
0 1
1 0
2 0
3 1
4 1
5 0
6 0
7 1

Output 3: 11101010
0 1
1 1
2 1
3 0
4 1
5 0
6 1
7 0

Output 4: 11111110
0 1
1 1
2 1
3 1
4 1
5 1
6 1
7 0

Output 5: 11001100
0 1
1 1
2 0
3 0
4 1
5 1
6 0
7 0

Output 6: 11011101
0 1
1 1
2 0
3 1
4 1
5 1
6 0
7 1

Output 7: 10110000
0 1
1 0
2 1
3 1
4 0
5 0
6 0
7 0

Output 8: 01111100
0 0
1 1
2 1
3 1
4 1
5 1
6 0
7 0

Output 9: 00011111
0 0
1 0
2 0
3 1
4 1
5 1
6 1
7 1

Output bit columns (with bitsum as hash)
0 0111111100 7
1 1001111010 6
2 0101100110 5
3 1010101111 7
4 1011111011 8
5 1000111011 6
6 1001100001 4
7 1010001001 4

Input 0: 00100011
0 0
1 0
2 1
3 0
4 0
5 0
6 1
7 1

Input 1: 00010000
0 0
1 0
2 0
3 1
4 0
5 0
6 0
7 0

Input 2: 01101001
0 0
1 1
2 1
3 0
4 1
5 0
6 0
7 1

Input 3: 10011011
0 1
1 0
2 0
3 1
4 1
5 0
6 1
7 1

Input 4: 11001100
0 1
1 1
2 0
3 0
4 1
5 1
6 0
7 0

Input 5: 00011110
0 0
1 0
2 0
3 1
4 1
5 1
6 1
7 0

Input 6: 00110110
0 0
1 0
2 1
3 1
4 0
5 1
6 1
7 0

Input 7: 11000111
0 1
1 1
2 0
3 0
4 0
5 1
6 1
7 1

Input 8: 11011001
0 1
1 1
2 0
3 1
4 1
5 0
6 0
7 1

Input 9: 11111100
0 1
1 1
2 1
3 1
4 1
5 1
6 0
7 0

When matching output
x: not in operator
y: wrong position

Identity
0 0001100111 5
1 0010100111 5
2 1010001001 4 match 7
3 0101011011 6
4 0011110011 6
5 0000111101 5
6 1001011100 5
7 1011000110 5

Matching output
0 absent
1 absent
2 absent
3 absent
4 absent
5 absent
6 absent
7 2

Left
none
Best: none

Right
2 1x
Best: I2: 1

NOT
0 1110011000 5
1 1101011000 5
2 0101110110 6
3 1010100100 4
4 1100001100 4
5 1111000010 5
6 0110100011 5
7 0100111001 5

Matching output
0 absent
1 absent
2 absent
3 absent
4 absent
5 absent
6 absent
7 absent

Left
none
Best: none

Right
none
Best: none

Constant
0 0000000000 a
1 1111111111 a

Matching output
0 absent
1 absent
2 absent
3 absent
4 absent
5 absent
6 absent
7 absent

Left
none
Best: none

Right
none
Best: none

AND
01 10 0000100111 4
12 21 0010000001 2
23 32 0000001001 2
34 43 0001010011 4
45 54 0000110001 3
56 65 0000011100 3
67 76 1001000100 3
70 07 0001000110 3

02 20 0000000001 1
13 31 0000000011 2
24 42 0010000001 2
35 53 0000011001 3
46 64 0001010000 2
57 75 0000000100 1
60 06 0001000100 2
71 17 0010000110 3

03 30 0001000011 3
14 41 0010100011 4
25 52 0000001001 2
36 63 0001011000 3
47 74 0011000010 3
50 05 0000100101 3
61 16 0000000100 1
72 27 1010000000 2

04 40 0001100011 4
15 51 0000100101 3
26 62 1000001000 2
37 73 0001000010 2

Matching output
0 absent
1 absent
2 absent
3 absent
4 absent
5 absent
6 absent
7 absent

Left
none
Best: none

Right
none
Best: none

OR
01 10 0011100111 6
12 21 1010101111 7 match 3
23 32 1111011011 8
34 43 0111111011 8
45 54 0011111111 8
56 65 1001111101 7
67 76 1011011110 7
70 07 1011100111 7

02 20 1011101111 8
13 31 0111111111 9
24 42 1011111011 8 match 4
35 53 0101111111 8
46 64 1011111111 9
57 75 1011111111 9
60 06 1001111111 8
71 17 1011100111 7

03 30 0101111111 8
14 41 0011110111 7
25 52 1010111101 7
36 63 1101011111 8
47 74 1011110111 8
50 05 0001111111 7
61 16 1011111111 9
72 27 1011001111 7

04 40 0011110111 7
15 51 0010111111 7
26 62 1011011101 7
37 73 1111011111 9

Matching output
0 absent
1 absent
2 absent
3 12 21
4 24 42
5 absent
6 absent
7 absent

Left
none
Best: none

Right
none
Best: none

XOR
01 10 0011000000 2
12 21 1000101110 5
23 32 1111010010 6
34 43 0110101000 4
45 54 0011001110 5
56 65 1001100001 4 match 6
67 76 0010011010 4
70 07 1010100001 4

02 20 1011101110 7
13 31 0111111100 7 match 0
24 42 1001111010 6 match 1
35 53 0101100110 5 match 2
46 64 1010101111 7 match 3
57 75 1011111011 8 match 4
60 06 1000111011 6 match 5
71 17 1001100001 4 match 6

03 30 0100111100 5
14 41 0001010100 3
25 52 1010110100 5
36 63 1100000111 5
47 74 1000110101 5
50 05 0001011010 4
61 16 1011111011 8 match 4
72 27 0001001111 5

04 40 0010010100 3
15 51 0010011010 4
26 62 0011010101 5
37 73 1110011101 7

Matching output
0 13 31
1 24 42
2 35 53
3 46 64
4 57 75 61 16
5 60 06
6 56 65 71 17
7 absent

Left
13 24 35 46 57 60 71 02x
31 42 53 64 75 06 17 20x
Best: XOR13 24 35 46 57 60 71: 7

Right
none
Best: none

AND-NOT
01 0001000000 1
12 0000100110 3
23 1010000000 2
34 0100001000 2
45 0011000010 3
56 0000100001 2
67 0000011000 2
70 1010000000 2

02 0001100110 4
13 0010100100 3
24 1000001000 2
35 0101000010 3
46 0010100011 4
57 0000111001 4
60 1000011000 3
71 1001000000 2

03 0000100100 2
14 0000000100 1
25 1010000000 2
36 0100000011 3
47 0000110001 3
50 0000011000 2
61 1001011000 4
72 0001000110 3

04 0000000100 1
15 0010000010 2
26 0010000001 2
37 0100011001 4
40 0010010000 2
51 0000011000 2
62 0001010100 3
73 1010000100 3

05 0001000010 2
16 0010100011 4
27 0000001001 2
30 0100011000 3
41 0001010000 2
52 0000110100 3
63 1000000100 2
74 1000000100 2

06 0000100011 3
17 0000100001 2
20 1010001000 3
31 0101011000 4
42 0001110010 4
53 0000100100 2
64 1000001100 3
75 1011000010 4

07 0000100001 2
10 0010000000 1
21 1000001000 2
32 0101010010 4
43 0010100000 2
54 0000001100 2
65 1001000000 2
76 0010000010 2

Matching output
0 absent
1 absent
2 absent
3 absent
4 absent
5 absent
6 absent
7 absent

Left
none
Best: none

Right
none
Best: none

OR-NOT
01 1101111111 9
12 0111110111 8
23 1010101101 6
34 1101011111 8
45 1111110011 8
56 0110111111 8
67 1101111101 8
70 1111011110 8

02 0101110111 7
13 1010100111 6
24 1110001101 6
35 1111011011 8
46 0111110011 7
57 0100111101 6
60 1111011100 7
71 1111011110 8

03 1011100111 7
14 1110101111 8
25 1111001011 7
36 0111111011 8
47 0111111011 8
50 1110111101 8
61 1101011100 6
72 1111110110 8

04 1101101111 8
15 1111100111 8
26 1110101011 7
37 0101111011 7
40 1111111011 9
51 1101111101 8
62 1101111110 8
73 1011100110 6

05 1111100111 8
16 0110100111 6
27 1110111001 7
30 1111011011 8
41 1111111011 9
52 0101111111 8
63 1011111100 7
74 1111001110 7

06 0111100111 7
17 0110111111 8
20 1110011001 6
31 1101011011 7
42 0111110111 8
53 1010111101 7
64 1101011100 6
75 1111000110 6

07 0101111111 8
10 1110111111 9
21 1111011001 7
32 0101111111 8
43 1011110111 8
54 1100111101 7
65 1111011110 8
76 1111100111 8

Matching output
0 absent
1 absent
2 absent
3 absent
4 absent
5 absent
6 absent
7 absent

Left
none
Best: none

Right
none
Best: none

XOR-NOT
01 1100111111 8
12 0111010001 5
23 0000101101 4
34 1001010111 6
45 1100110001 5
56 0110011110 6
67 1101100101 6
70 0101011110 6

02 0100010001 3
13 1000000011 3
24 0110000101 4
35 1010011001 5
46 0101010000 3
57 0100000100 2
60 0111000100 4
71 0110011110 6

03 1011000011 5
14 1110101011 7
25 0101001011 5
36 0011111000 5
47 0111001010 5
50 1110100101 6
61 0100000100 2
72 1110110000 5

04 1101101011 7
15 1101100101 6
26 1100101010 5
37 0001100010 3
40 1101101011 7
51 1101100101 6
62 1100101010 5
73 0001100010 3

05 1110100101 6
16 0100000100 2
27 1110110000 5
30 1011000011 5
41 1110101011 7
52 0101001011 5
63 0011111000 5
74 0111001010 5

06 0111000100 4
17 0110011110 6
20 0100010001 3
31 1000000011 3
42 0110000101 4
53 1010011001 5
64 0101010000 3
75 0100000100 2

07 0101011110 6
10 1100111111 8
21 0111010001 5
32 0000101101 4
43 1001010111 6
54 1100110001 5
65 0110011110 6
76 1101100101 6

Matching output
0 absent
1 absent
2 absent
3 absent
4 absent
5 absent
6 absent
7 absent

Left
none
Best: none

Right
none
Best: none

Selecting

Lefts
Identity none
NOT none
Constant none
AND none
OR none
XOR XOR13 24 35 46 57 60 71: 7
AND-NOT none
OR-NOT none
XOR-NOT none

Rights
Identity I2: 1
NOT none
Constant none
AND none
OR none
XOR none
AND-NOT none
OR-NOT none
XOR-NOT none

Left longest: 7
Right longest: 1

Left winner: Identity no, NOT no, Constant no, AND no, OR no, XOR yes, AND-NOT no, OR-NOT no, XOR-NOT no
Right winner: Identity yes, NOT no, Constant no, AND no, OR no, XOR no, AND-NOT no, OR-NOT no, XOR-NOT no

Best left: XOR13 24 35 46 57 60 71: 7
Best right: I2: 1

Truncated left: XOR13 24 35 46 57 60 71: 7
Truncated right: I2: 1

Tentative from right
7 I2
6 pending
5 pending
4 pending
3 pending
2 pending
1 pending
0 pending

Tentative
0 XOR13
1 XOR24
2 XOR35
3 XOR46
4 XOR57
5 XOR60
6 XOR71
7 I2

Preferred from left
0 XOR13
1 XOR24
2 XOR35
3 XOR46
4 XOR57
5 XOR60
6 XOR71
7 I2

Preferred from right
7 I2
6 XOR71
5 XOR60
4 XOR57
3 XOR46
2 XOR35
1 XOR24
0 XOR13

Preferred
0 XOR13
1 XOR24
2 XOR35
3 XOR46
4 XOR57
5 XOR60
6 XOR71
7 I2

Matching
0 XOR13
1 XOR24
2 XOR35
3 XOR46
4 XOR57
5 XOR60
6 XOR71
7 I2

Perfect match
Identity no
NOT no
Constant no
AND no
OR no
XOR no
AND-NOT no
OR-NOT no
XOR-NOT no

Matched
0 XOR13
1 XOR24
2 XOR35
3 XOR46
4 XOR57
5 XOR60
6 XOR71
7 I2

Selected
0 XOR13
1 XOR24
2 XOR35
3 XOR46
4 XOR57
5 XOR60
6 XOR71
7 I2

Applying to 11101001
Input
0 1
1 1
2 1
3 0
4 1
5 0
6 0
7 1
Output
0 XOR13 = XOR(1,0) = 1
1 XOR24 = XOR(1,1) = 0
2 XOR35 = XOR(0,0) = 0
3 XOR46 = XOR(1,0) = 1
4 XOR57 = XOR(0,1) = 1
5 XOR60 = XOR(0,1) = 1
6 XOR71 = XOR(1,1) = 0
7 I2 = 1

I will now return the answer in \boxed{}
The answer in \boxed{–} is \boxed{10011101}
[correct]
true
