[category]
bit_manipulation
[prompt]
In Alice's Wonderland, a secret bit manipulation rule transforms 8-bit binary numbers. The transformation involves operations like bit shifts, rotations, XOR, AND, OR, NOT, and possibly majority or choice functions.

Here are some examples of input -> output:
11101101 -> 11100000
10101111 -> 01110100
11101001 -> 11101001
10100010 -> 01101101
10001011 -> 00110101
10110100 -> 01000100
11011100 -> 10001110

Now, determine the output for: 00100000
[completion]
We need to deduce the transformation by matching the example outputs.
I will put my final answer inside \boxed{}.

Output 0: 11100000
0 1
1 1
2 1
3 0
4 0
5 0
6 0
7 0

Output 1: 01110100
0 0
1 1
2 1
3 1
4 0
5 1
6 0
7 0

Output 2: 11101001
0 1
1 1
2 1
3 0
4 1
5 0
6 0
7 1

Output 3: 01101101
0 0
1 1
2 1
3 0
4 1
5 1
6 0
7 1

Output 4: 00110101
0 0
1 0
2 1
3 1
4 0
5 1
6 0
7 1

Output 5: 01000100
0 0
1 1
2 0
3 0
4 0
5 1
6 0
7 0

Output 6: 10001110
0 1
1 0
2 0
3 0
4 1
5 1
6 1
7 0

Output bit columns (with bitsum as hash)
0 1010001 3
1 1111010 5
2 1111100 5
3 0100100 2
4 0011001 3
5 0101111 5
6 0000001 1
7 0011100 3

Input 0: 11101101
0 1
1 1
2 1
3 0
4 1
5 1
6 0
7 1

Input 1: 10101111
0 1
1 0
2 1
3 0
4 1
5 1
6 1
7 1

Input 2: 11101001
0 1
1 1
2 1
3 0
4 1
5 0
6 0
7 1

Input 3: 10100010
0 1
1 0
2 1
3 0
4 0
5 0
6 1
7 0

Input 4: 10001011
0 1
1 0
2 0
3 0
4 1
5 0
6 1
7 1

Input 5: 10110100
0 1
1 0
2 1
3 1
4 0
5 1
6 0
7 0

Input 6: 11011100
0 1
1 1
2 0
3 1
4 1
5 1
6 0
7 0

When matching output
x: not in operator
y: wrong position

Identity
0 1111111 a
1 1010001 3 match 0
2 1111010 5 match 1
3 0000011 2
4 1110101 5
5 1100011 4
6 0101100 3
7 1110100 4

Matching output
0 1
1 2
2 absent
3 absent
4 absent
5 absent
6 absent
7 absent

Left
1 2 3x
Best: I1 2: 2

Right
none
Best: none

NOT
0 0000000 a
1 0101110 4
2 0000101 2
3 1111100 5 match 2
4 0001010 2
5 0011100 3 match 7
6 1010011 4
7 0001011 3

Matching output
0 absent
1 absent
2 3
3 absent
4 absent
5 absent
6 absent
7 5

Left
none
Best: none

Right
5 4x
Best: NOT5: 1

Constant
0 0000000 a
1 1111111 a

Matching output
0 absent
1 absent
2 absent
3 absent
4 absent
5 absent
6 absent
7 absent

Left
none
Best: none

Right
none
Best: none

AND
01 10 1010001 3 match 0
12 21 1010000 2
23 32 0000010 1
34 43 0000001 1 match 6
45 54 1100001 3
56 65 0100000 1
67 76 0100100 2 match 3
70 07 1110100 4

02 20 1111010 5 match 1
13 31 0000001 1 match 6
24 42 1110000 3
35 53 0000011 2
46 64 0100100 2 match 3
57 75 1100000 2
60 06 0101100 3
71 17 1010000 2

03 30 0000011 2
14 41 1010001 3 match 0
25 52 1100010 3
36 63 0000000 a
47 74 1110100 4
50 05 1100011 4
61 16 0000000 a
72 27 1110000 3

04 40 1110101 5
15 51 1000001 2
26 62 0101000 2
37 73 0000000 a

Matching output
0 01 10 14 41
1 02 20
2 absent
3 67 76 46 64
4 absent
5 absent
6 34 43 13 31
7 absent

Left
01 12x
10 21x
14 25x
41 52x
Best: AND01: 1

Right
none
Best: none

OR
01 10 1111111 a
12 21 1111011 6
23 32 1111011 6
34 43 1110111 6
45 54 1110111 6
56 65 1101111 6
67 76 1111100 5 match 2
70 07 1111111 a

02 20 1111111 a
13 31 1010011 4
24 42 1111111 a
35 53 1100011 4
46 64 1111101 6
57 75 1110111 6
60 06 1111111 a
71 17 1110101 5

03 30 1111111 a
14 41 1110101 5
25 52 1111011 6
36 63 0101111 5 match 5
47 74 1110101 5
50 05 1111111 a
61 16 1111101 6
72 27 1111110 6

04 40 1111111 a
15 51 1110011 5
26 62 1111110 6
37 73 1110111 6

Matching output
0 absent
1 absent
2 67 76
3 absent
4 absent
5 36 63
6 absent
7 absent

Left
none
Best: none

Right
none
Best: none

XOR
01 10 0101110 4
12 21 0101011 4
23 32 1111001 5
34 43 1110110 5
45 54 0010110 3
56 65 1001111 5
67 76 1011000 3
70 07 0001011 3

02 20 0000101 2
13 31 1010010 3
24 42 0001111 4
35 53 1100000 2
46 64 1011001 4
57 75 0010111 4
60 06 1010011 4
71 17 0100101 3

03 30 1111100 5 match 2
14 41 0100100 2 match 3
25 52 0011001 3 match 4
36 63 0101111 5 match 5
47 74 0000001 1 match 6
50 05 0011100 3 match 7
61 16 1111101 6
72 27 0001110 3

04 40 0001010 2
15 51 0110010 3
26 62 1010110 4
37 73 1110111 6

Matching output
0 absent
1 absent
2 03 30
3 14 41
4 25 52
5 36 63
6 47 74
7 50 05

Left
none
Best: none

Right
50 47 36 25 14 03 72x
05 74 63 52 41 30 27x
Best: XOR50 47 36 25 14 03: 6

AND-NOT
01 0101110 4
12 0000001 1 match 6
23 1111000 4
34 0000010 1
45 0010100 2
56 1000011 3
67 0001000 1
70 0000000 a

02 0000101 2
13 1010000 2
24 0001010 2
35 0000000 a
46 1010001 3 match 0
57 0000011 2
60 0000000 a
71 0100100 2 match 3

03 1111100 5 match 2
14 0000000 a
25 0011000 2
36 0000011 2
47 0000001 1 match 6
50 0000000 a
61 0101100 3
72 0000100 1

04 0001010 2
15 0010000 1
26 1010010 3
37 0000011 2
40 0000000 a
51 0100010 2
62 0000100 1
73 1110100 4

05 0011100 3 match 7
16 1010001 3 match 0
27 0001010 2
30 0000000 a
41 0100100 2 match 3
52 0000001 1 match 6
63 0101100 3
74 0000000 a

06 1010011 4
17 0000001 1 match 6
20 0000000 a
31 0000010 1
42 0000101 2
53 1100000 2
64 0001000 1
75 0010100 2

07 0001011 3
10 0000000 a
21 0101010 3
32 0000001 1 match 6
43 1110100 4
54 0000010 1
65 0001100 2
76 1010000 2

Matching output
0 46 16
1 absent
2 03
3 71 41
4 absent
5 absent
6 12 47 52 17 32
7 05

Left
46 57x
16 27x
Best: AND-NOT46: 1

Right
05 74x
Best: AND-NOT05: 1

OR-NOT
01 1111111 a
12 1010101 4
23 1111110 6
34 0001011 3
45 1111101 6
56 1110011 5
67 0101111 5 match 5
70 1110100 4

02 1111111 a
13 1111101 6
24 1111010 5 match 1
35 0011111 5
46 1110111 6
57 1101011 5
60 0101100 3
71 1111110 6

03 1111111 a
14 1011011 5
25 1111110 6
36 1010011 4
47 1111111 a
50 1100011 4
61 0101110 4
72 1110101 5

04 1111111 a
15 1011101 5
26 1111011 6
37 0001011 3
40 1110101 5
51 1101111 6
62 0101101 4
73 1111100 5 match 2

05 1111111 a
16 1010011 4
27 1111011 6
30 0000011 2
41 1111111 a
52 1100111 5
63 1111100 5 match 2
74 1111110 6

06 1111111 a
17 1011011 5
20 1111010 5 match 1
31 0101111 5 match 5
42 1110101 5
53 1111111 a
64 0101110 4
75 1111100 5 match 2

07 1111111 a
10 1010001 3 match 0
21 1111110 6
32 0000111 3
43 1111101 6
54 1101011 5
65 0111100 4
76 1110111 6

Matching output
0 10
1 24 20
2 73 63 75
3 absent
4 absent
5 67 31
6 absent
7 absent

Left
10 21x
Best: OR-NOT10: 1

Right
none
Best: none

XOR-NOT
01 1010001 3 match 0
12 1010100 3
23 0000110 2
34 0001001 2
45 1101001 4
56 0110000 2
67 0100111 4
70 1110100 4

02 1111010 5 match 1
13 0101101 4
24 1110000 3
35 0011111 5
46 0100110 3
57 1101000 3
60 0101100 3
71 1011010 4

03 0000011 2
14 1011011 5
25 1100110 4
36 1010000 2
47 1111110 6
50 1100011 4
61 0000010 1
72 1110001 4

04 1110101 5
15 1001101 4
26 0101001 3
37 0001000 1
40 1110101 5
51 1001101 4
62 0101001 3
73 0001000 1

05 1100011 4
16 0000010 1
27 1110001 4
30 0000011 2
41 1011011 5
52 1100110 4
63 1010000 2
74 1111110 6

06 0101100 3
17 1011010 4
20 1111010 5 match 1
31 0101101 4
42 1110000 3
53 0011111 5
64 0100110 3
75 1101000 3

07 1110100 4
10 1010001 3 match 0
21 1010100 3
32 0000110 2
43 0001001 2
54 1101001 4
65 0110000 2
76 0100111 4

Matching output
0 01 10
1 02 20
2 absent
3 absent
4 absent
5 absent
6 absent
7 absent

Left
01 12x
10 21x
Best: XOR-NOT01: 1

Right
none
Best: none

Selecting

Lefts
Identity I1 2: 2
NOT none
Constant none
AND AND01: 1
OR none
XOR none
AND-NOT AND-NOT46: 1
OR-NOT OR-NOT10: 1
XOR-NOT XOR-NOT01: 1

Rights
Identity none
NOT NOT5: 1
Constant none
AND none
OR none
XOR XOR50 47 36 25 14 03: 6
AND-NOT AND-NOT05: 1
OR-NOT none
XOR-NOT none

Left longest: 2
Right longest: 6

Right winner: Identity no, NOT no, Constant no, AND no, OR no, XOR yes, AND-NOT no, OR-NOT no, XOR-NOT no
Left winner: Identity yes, NOT no, Constant no, AND no, OR no, XOR no, AND-NOT no, OR-NOT no, XOR-NOT no

Best right: XOR50 47 36 25 14 03: 6
Best left: I1 2: 2

Truncated right: XOR50 47 36 25 14 03: 6
Truncated left: I1 2: 2

Tentative from right
7 XOR50
6 XOR47
5 XOR36
4 XOR25
3 XOR14
2 XOR03
1 pending
0 pending

Tentative
0 I1
1 I2
2 XOR03
3 XOR14
4 XOR25
5 XOR36
6 XOR47
7 XOR50

Preferred from right
7 XOR50
6 XOR47
5 XOR36
4 XOR25
3 XOR14
2 XOR03
1 I2
0 I1

Preferred from left
0 I1
1 I2
2 XOR03
3 XOR14
4 XOR25
5 XOR36
6 XOR47
7 XOR50

Preferred
0 I1
1 I2
2 XOR03
3 XOR14
4 XOR25
5 XOR36
6 XOR47
7 XOR50

Matching
0 I1
1 I2
2 XOR03
3 XOR14
4 XOR25
5 XOR36
6 XOR47
7 XOR50

Perfect match
Identity no
NOT no
Constant no
AND no
OR no
XOR no
AND-NOT no
OR-NOT no
XOR-NOT no

Matched
0 I1
1 I2
2 XOR03
3 XOR14
4 XOR25
5 XOR36
6 XOR47
7 XOR50

Selected
0 I1
1 I2
2 XOR03
3 XOR14
4 XOR25
5 XOR36
6 XOR47
7 XOR50

Applying to 00100000
Input
0 0
1 0
2 1
3 0
4 0
5 0
6 0
7 0
Output
0 I1 = 0
1 I2 = 1
2 XOR03 = XOR(0,0) = 0
3 XOR14 = XOR(0,0) = 0
4 XOR25 = XOR(1,0) = 1
5 XOR36 = XOR(0,0) = 0
6 XOR47 = XOR(0,0) = 0
7 XOR50 = XOR(0,0) = 0

I will now return the answer in \boxed{}
The answer in \boxed{–} is \boxed{01001000}
[correct]
true
