[category]
bit_manipulation
[prompt]
In Alice's Wonderland, a secret bit manipulation rule transforms 8-bit binary numbers. The transformation involves operations like bit shifts, rotations, XOR, AND, OR, NOT, and possibly majority or choice functions.

Here are some examples of input -> output:
00101100 -> 10011110
00101101 -> 00010110
01001001 -> 00110101
10011011 -> 10101011
01000111 -> 01000101
10101011 -> 00101010
11010100 -> 01011101
11110011 -> 11101111
11000000 -> 11111101
01101010 -> 10101110

Now, determine the output for: 00100001
[completion]
We need to deduce the transformation by matching the example outputs.
I will put my final answer inside \boxed{}.

Output 0: 10011110
0 1
1 0
2 0
3 1
4 1
5 1
6 1
7 0

Output 1: 00010110
0 0
1 0
2 0
3 1
4 0
5 1
6 1
7 0

Output 2: 00110101
0 0
1 0
2 1
3 1
4 0
5 1
6 0
7 1

Output 3: 10101011
0 1
1 0
2 1
3 0
4 1
5 0
6 1
7 1

Output 4: 01000101
0 0
1 1
2 0
3 0
4 0
5 1
6 0
7 1

Output 5: 00101010
0 0
1 0
2 1
3 0
4 1
5 0
6 1
7 0

Output 6: 01011101
0 0
1 1
2 0
3 1
4 1
5 1
6 0
7 1

Output 7: 11101111
0 1
1 1
2 1
3 0
4 1
5 1
6 1
7 1

Output 8: 11111101
0 1
1 1
2 1
3 1
4 1
5 1
6 0
7 1

Output 9: 10101110
0 1
1 0
2 1
3 0
4 1
5 1
6 1
7 0

Output bit columns (with bitsum as hash)
0 1001000111 5
1 0000101110 4
2 0011010111 6
3 1110001010 5
4 1001011111 7
5 1110101111 8
6 1101010101 6
7 0011101110 6

Input 0: 00101100
0 0
1 0
2 1
3 0
4 1
5 1
6 0
7 0

Input 1: 00101101
0 0
1 0
2 1
3 0
4 1
5 1
6 0
7 1

Input 2: 01001001
0 0
1 1
2 0
3 0
4 1
5 0
6 0
7 1

Input 3: 10011011
0 1
1 0
2 0
3 1
4 1
5 0
6 1
7 1

Input 4: 01000111
0 0
1 1
2 0
3 0
4 0
5 1
6 1
7 1

Input 5: 10101011
0 1
1 0
2 1
3 0
4 1
5 0
6 1
7 1

Input 6: 11010100
0 1
1 1
2 0
3 1
4 0
5 1
6 0
7 0

Input 7: 11110011
0 1
1 1
2 1
3 1
4 0
5 0
6 1
7 1

Input 8: 11000000
0 1
1 1
2 0
3 0
4 0
5 0
6 0
7 0

Input 9: 01101010
0 0
1 1
2 1
3 0
4 1
5 0
6 1
7 0

When matching output
x: not in operator
y: wrong position

Identity
0 0001011110 5
1 0010101111 6
2 1100010101 5
3 0001001100 3
4 1111010001 6
5 1100101000 4
6 0001110101 5
7 0111110100 6

Matching output
0 absent
1 absent
2 absent
3 absent
4 absent
5 absent
6 absent
7 absent

Left
none
Best: none

Right
none
Best: none

NOT
0 1110100001 5
1 1101010000 4
2 0011101010 5
3 1110110011 7
4 0000101110 4 match 1
5 0011010111 6 match 2
6 1110001010 5 match 3
7 1000001011 4

Matching output
0 absent
1 4
2 5
3 6
4 absent
5 absent
6 absent
7 absent

Left
none
Best: none

Right
none
Best: none

Constant
0 0000000000 a
1 1111111111 a

Matching output
0 absent
1 absent
2 absent
3 absent
4 absent
5 absent
6 absent
7 absent

Left
none
Best: none

Right
none
Best: none

AND
01 10 0000001110 3
12 21 0000000101 2
23 32 0000000100 1
34 43 0001000000 1
45 54 1100000000 2
56 65 0000100000 1
67 76 0001110100 4
70 07 0001010100 3

02 20 0000010100 2
13 31 0000001100 2
24 42 1100010001 4
35 53 0000001000 1
46 64 0001010001 3
57 75 0100100000 2
60 06 0001010100 3
71 17 0010100100 3

03 30 0001001100 3
14 41 0010000001 2
25 52 1100000000 2
36 63 0001000100 2
47 74 0111010000 4
50 05 0000001000 1
61 16 0000100101 3
72 27 0100010100 3

04 40 0001010000 2
15 51 0000101000 2
26 62 0000010101 3
37 73 0001000100 2

Matching output
0 absent
1 absent
2 absent
3 absent
4 absent
5 absent
6 absent
7 absent

Left
none
Best: none

Right
none
Best: none

OR
01 10 0011111111 8
12 21 1110111111 9
23 32 1101011101 7
34 43 1111011101 8
45 54 1111111001 8
56 65 1101111101 8
67 76 0111110101 7
70 07 0111111110 8

02 20 1101011111 8
13 31 0011101111 7
24 42 1111010101 7
35 53 1101101100 6
46 64 1111110101 8
57 75 1111111100 8
60 06 0001111111 7
71 17 0111111111 9

03 30 0001011110 5
14 41 1111111111 a
25 52 1100111101 7
36 63 0001111101 6
47 74 1111110101 8
50 05 1101111110 8
61 16 0011111111 8
72 27 1111110101 8

04 40 1111011111 9
15 51 1110101111 8 match 5
26 62 1101110101 7
37 73 0111111100 7

Matching output
0 absent
1 absent
2 absent
3 absent
4 absent
5 15 51
6 absent
7 absent

Left
none
Best: none

Right
none
Best: none

XOR
01 10 0011110001 5
12 21 1110111010 7
23 32 1101011001 6
34 43 1110011101 7
45 54 0011111001 6
56 65 1101011101 7
67 76 0110000001 3
70 07 0110101010 5

02 20 1101001011 6
13 31 0011100011 5
24 42 0011000100 3
35 53 1101100100 5
46 64 1110100100 5
57 75 1011011100 6
60 06 0000101011 4
71 17 0101011011 6

03 30 0000010010 2
14 41 1101111110 8
25 52 0000111101 5
36 63 0000111001 4
47 74 1000100101 4
50 05 1101110110 7
61 16 0011011010 5
72 27 1011100001 5

04 40 1110001111 7
15 51 1110000111 6
26 62 1101100000 4
37 73 0110111000 5

Matching output
0 absent
1 absent
2 absent
3 absent
4 absent
5 absent
6 absent
7 absent

Left
none
Best: none

Right
none
Best: none

AND-NOT
01 0001010000 2
12 0010101010 4
23 1100010001 4
34 0000001100 2
45 0011010001 4
56 1100001000 3
67 0000000001 1
70 0110100000 3

02 0001001010 3
13 0010100011 4
24 0000000100 1
35 0001000100 2
46 1110000000 3
57 1000001000 2
60 0000100001 2
71 0101010000 3

03 0000010010 2
14 0000101110 4 match 1
25 0000010101 3
36 0000001000 1
47 1000000001 2
50 1100100000 3
61 0001010000 2
72 0011100000 3

04 0000001110 3
15 0010000111 4
26 1100000000 2
37 0000001000 1
40 1110000001 4
51 1100000000 2
62 0001100000 2
73 0110110000 4

05 0001010110 4
16 0010001010 3
27 1000000001 2
30 0000000000 a
41 1101010000 4
52 0000101000 2
63 0000110001 3
74 0000100100 2

06 0000001010 2
17 0000001011 3
20 1100000001 3
31 0001000000 1
42 0011000000 2
53 1100100000 3
64 0000100100 2
75 0011010100 4

07 0000001010 2
10 0010100001 3
21 1100010000 3
32 0001001000 2
43 1110010001 5
54 0000101000 2
65 0001010101 4
76 0110000000 2

Matching output
0 absent
1 14
2 absent
3 absent
4 absent
5 absent
6 absent
7 absent

Left
none
Best: none

Right
none
Best: none

OR-NOT
01 1101011110 7
12 0011101111 7
23 1110110111 8
34 0001101110 5
45 1111010111 8
56 1110101010 6
67 1001111111 8
70 1111110101 8

02 0011111110 7
13 1110111111 9
24 1100111111 8
35 0011011111 7
46 1111011011 8
57 1100101011 6
60 1111110101 8
71 1111110100 7

03 1111111111 a
14 0010101111 6
25 1111010111 8
36 1111001110 7
47 1111011011 8
50 1110101001 6
61 1101110101 7
72 0111111110 8

04 0001111110 6
15 0011111111 8
26 1110011111 8
37 1001001111 6
40 1111110001 7
51 1101111000 6
62 0011111111 8
73 1111110111 9

05 0011011111 7
16 1110101111 8 match 5
27 1100011111 7
30 1111101101 8
41 1111010001 6
52 1111101010 7
63 1111110111 9
74 0111111110 8

06 1111011110 8
17 1010101111 7
20 1110110101 7
31 1101011100 6
42 1111111011 9
53 1110111011 8
64 0001111111 7
75 0111110111 8

07 1001011111 7 match 4
10 1110101111 8 match 5
21 1101010101 6 match 6
32 0011101110 6 match 7
43 1111110011 8
54 1100101110 6
65 0011110111 7
76 1111111110 9

Matching output
0 absent
1 absent
2 absent
3 absent
4 07
5 16 10
6 21
7 32

Left
none
Best: none

Right
32 21 10 07 76x
Best: OR-NOT32 21 10 07: 4

XOR-NOT
01 1100001110 5
12 0001000101 3
23 0010100110 4
34 0001100010 3
45 1100000110 4
56 0010100010 3
67 1001111110 7
70 1001010101 5

02 0010110100 4
13 1100011100 5
24 1100111011 7
35 0010011011 5
46 0001011011 5
57 0100100011 4
60 1111010100 6
71 1010100100 4

03 1111101101 8
14 0010000001 2
25 1111000010 5
36 1111000110 6
47 0111011010 6
50 0010001001 3
61 1100100101 5
72 0100011110 5

04 0001110000 3
15 0001111000 4
26 0010011111 6
37 1001000111 5 match 0
40 0001110000 3
51 0001111000 4
62 0010011111 6
73 1001000111 5 match 0

05 0010001001 3
16 1100100101 5
27 0100011110 5
30 1111101101 8
41 0010000001 2
52 1111000010 5
63 1111000110 6
74 0111011010 6

06 1111010100 6
17 1010100100 4
20 0010110100 4
31 1100011100 5
42 1100111011 7
53 0010011011 5
64 0001011011 5
75 0100100011 4

07 1001010101 5
10 1100001110 5
21 0001000101 3
32 0010100110 4
43 0001100010 3
54 1100000110 4
65 0010100010 3
76 1001111110 7

Matching output
0 37 73
1 absent
2 absent
3 absent
4 absent
5 absent
6 absent
7 absent

Left
37 40x
73 04x
Best: XOR-NOT37: 1

Right
none
Best: none

Selecting

Lefts
Identity none
NOT none
Constant none
AND none
OR none
XOR none
AND-NOT none
OR-NOT none
XOR-NOT XOR-NOT37: 1

Rights
Identity none
NOT none
Constant none
AND none
OR none
XOR none
AND-NOT none
OR-NOT OR-NOT32 21 10 07: 4
XOR-NOT none

Left longest: 1
Right longest: 4

Right winner: Identity no, NOT no, Constant no, AND no, OR no, XOR no, AND-NOT no, OR-NOT yes, XOR-NOT no
Left winner: Identity no, NOT no, Constant no, AND no, OR no, XOR no, AND-NOT no, OR-NOT no, XOR-NOT yes

Best right: OR-NOT32 21 10 07: 4
Best left: XOR-NOT37: 1

Truncated right: OR-NOT32 21 10 07: 4
Truncated left: XOR-NOT37: 1

Tentative from right
7 OR-NOT32
6 OR-NOT21
5 OR-NOT10
4 OR-NOT07
3 pending
2 pending
1 pending
0 pending

Tentative
0 XOR-NOT37
1 pending
2 pending
3 pending
4 OR-NOT07
5 OR-NOT10
6 OR-NOT21
7 OR-NOT32

Preferred from right
7 OR-NOT32
6 OR-NOT21
5 OR-NOT10
4 OR-NOT07
3 ?76
2 ?65
1 ?54
0 XOR-NOT37

Preferred from left
0 XOR-NOT37
1 ?54
2 ?65
3 ?76
4 OR-NOT07
5 OR-NOT10
6 OR-NOT21
7 OR-NOT32

Preferred
0 XOR-NOT37
1 ?54 ?45
2 ?65 ?56
3 ?76 ?67
4 OR-NOT07
5 OR-NOT10
6 OR-NOT21
7 OR-NOT32

Matching
0 XOR-NOT37
1 ?54 ?45 - Identity absent, NOT NOT4, Constant absent, AND absent, OR absent, XOR absent, AND-NOT absent, OR-NOT absent, XOR-NOT absent
2 ?65 ?56 - Identity absent, NOT NOT5, Constant absent, AND absent, OR absent, XOR absent, AND-NOT absent, OR-NOT absent, XOR-NOT absent
3 ?76 ?67 - Identity absent, NOT NOT6, Constant absent, AND absent, OR absent, XOR absent, AND-NOT absent, OR-NOT absent, XOR-NOT absent
4 OR-NOT07
5 OR-NOT10
6 OR-NOT21
7 OR-NOT32

Perfect match
Identity no
NOT yes
Constant no
AND no
OR no
XOR no
AND-NOT no
OR-NOT no
XOR-NOT no

Matched
0 XOR-NOT37
1 NOT4
2 NOT5
3 NOT6
4 OR-NOT07
5 OR-NOT10
6 OR-NOT21
7 OR-NOT32

Selected
0 XOR-NOT37
1 NOT4
2 NOT5
3 NOT6
4 OR-NOT07
5 OR-NOT10
6 OR-NOT21
7 OR-NOT32

Applying to 00100001
Input
0 0
1 0
2 1
3 0
4 0
5 0
6 0
7 1
Output
0 XOR-NOT37 = XOR(0,NOT(1)) = 0
1 NOT4 = NOT(0) = 1
2 NOT5 = NOT(0) = 1
3 NOT6 = NOT(0) = 1
4 OR-NOT07 = OR(0,NOT(1)) = 0
5 OR-NOT10 = OR(0,NOT(0)) = 1
6 OR-NOT21 = OR(1,NOT(0)) = 1
7 OR-NOT32 = OR(0,NOT(1)) = 0

I will now return the answer in \boxed{}
The answer in \boxed{–} is \boxed{01110110}
[correct]
true
